Contour 0:
178.75 304.00
178.75 303.00
178.75 302.00
178.75 301.00
178.75 300.00
178.75 299.00
178.75 298.00
178.00 297.25
177.75 297.00
177.75 296.00
177.75 295.00
177.75 294.00
177.00 293.25
176.75 293.00
176.75 292.00
176.75 291.00
176.00 290.25
175.75 290.00
175.75 289.00
175.00 288.25
174.75 288.00
174.75 287.00
174.00 286.25
173.75 286.00
173.00 285.25
172.75 285.00
172.75 284.00
172.00 283.25
171.75 283.00
171.00 282.25
170.75 282.00
170.00 281.25
169.75 281.00
169.00 280.25
168.75 280.00
168.00 279.25
167.00 279.25
166.75 279.00
166.00 278.25
165.00 278.25
164.75 278.00
164.00 277.25
163.00 277.25
162.75 277.00
162.00 276.25
161.00 276.25
160.00 276.25
159.00 276.25
158.00 276.25
157.00 276.25
156.00 276.25
155.00 276.25
154.00 276.25
153.00 276.25
152.00 276.25
151.25 277.00
151.00 277.25
150.00 277.25
149.00 277.25
148.25 278.00
148.00 278.25
147.00 278.25
146.25 279.00
146.00 279.25
145.00 279.25
144.25 280.00
144.00 280.25
143.25 281.00
143.00 281.25
142.25 282.00
142.25 283.00
142.00 283.25
141.25 284.00
141.00 284.25
140.25 285.00
140.25 286.00
140.00 286.25
139.25 287.00
139.25 288.00
139.00 288.25
138.25 289.00
138.25 290.00
138.25 291.00
138.25 292.00
138.25 293.00
138.25 294.00
138.25 295.00
138.25 296.00
138.25 297.00
138.25 298.00
138.25 299.00
138.25 300.00
138.25 301.00
138.25 302.00
138.00 302.25
137.25 303.00
137.00 303.50
136.00 303.50
135.00 303.50
134.00 303.50
133.50 303.00
133.00 302.50
132.00 302.50
131.50 302.00
131.00 301.50
130.00 301.50
129.00 301.50
128.50 301.00
128.00 300.50
127.00 300.50
126.00 300.50
125.00 300.50
124.00 300.50
123.00 300.50
122.00 300.50
121.00 300.50
120.00 300.50
119.50 301.00
119.00 301.50
118.00 301.50
117.00 301.50
116.00 301.50
115.50 302.00
115.00 302.50
114.00 302.50
113.50 303.00
113.00 303.50
112.00 303.50
111.50 304.00
111.00 304.50
110.00 304.50
109.50 305.00
109.00 305.50
108.50 306.00
108.00 306.50
107.50 307.00
107.00 307.50
106.50 308.00
106.00 308.50
105.50 309.00
105.50 310.00
105.00 310.50
104.50 311.00
104.50 312.00
104.00 312.50
103.50 313.00
103.00 313.50
102.50 314.00
102.50 315.00
102.00 315.50
101.50 316.00
101.50 317.00
101.50 318.00
101.00 318.50
100.50 319.00
100.50 320.00
100.50 321.00
100.50 322.00
100.50 323.00
100.00 323.50
99.50 324.00
99.50 325.00
99.50 326.00
99.50 327.00
99.00 327.50
98.50 328.00
98.50 329.00
98.50 330.00
98.00 330.50
97.50 331.00
97.50 332.00
97.00 332.50
96.50 333.00
96.50 334.00
96.00 334.50
95.50 335.00
95.50 336.00
95.00 336.50
94.50 337.00
94.00 337.50
93.50 338.00
93.50 339.00
93.00 339.50
92.50 340.00
92.00 340.50
91.50 341.00
91.50 342.00
91.00 342.50
90.50 343.00
90.50 344.00
90.50 345.00
90.00 345.50
89.50 346.00
89.50 347.00
89.50 348.00
89.50 349.00
89.50 350.00
89.50 351.00
89.00 351.50
88.50 352.00
88.50 353.00
88.50 354.00
88.50 355.00
88.50 356.00
88.50 357.00
88.50 358.00
88.50 359.00
89.00 359.50
89.50 360.00
89.50 361.00
89.50 362.00
89.50 363.00
89.50 364.00
89.50 365.00
89.50 366.00
89.50 367.00
90.00 367.50
90.50 368.00
90.50 369.00
90.50 370.00
90.50 371.00
90.50 372.00
90.50 373.00
91.00 373.50
91.50 374.00
91.50 375.00
91.50 376.00
92.00 376.50
92.50 377.00
92.50 378.00
92.50 379.00
93.00 379.50
93.50 380.00
93.50 381.00
93.50 382.00
93.50 383.00
94.00 383.50
94.50 384.00
94.50 385.00
94.50 386.00
95.00 386.50
95.50 387.00
95.50 388.00
95.50 389.00
96.00 389.50
96.50 390.00
96.50 391.00
96.50 392.00
97.00 392.50
97.50 393.00
97.50 394.00
98.00 394.50
98.50 395.00
99.00 395.50
99.50 396.00
99.50 397.00
100.00 397.50
100.50 398.00
101.00 398.50
101.50 399.00
102.00 399.50
102.50 400.00
103.00 400.50
103.50 401.00
104.00 401.50
104.50 402.00
105.00 402.50
105.50 403.00
106.00 403.50
106.50 404.00
107.00 404.50
108.00 404.50
108.50 405.00
109.00 405.50
110.00 405.50
110.50 406.00
111.00 406.50
111.50 407.00
112.00 407.50
113.00 407.50
113.50 408.00
114.00 408.50
115.00 408.50
116.00 408.50
116.50 409.00
117.00 409.50
118.00 409.50
119.00 409.50
119.50 410.00
120.00 410.50
121.00 410.50
122.00 410.50
123.00 410.50
124.00 410.50
124.50 411.00
125.00 411.50
126.00 411.50
127.00 411.50
128.00 411.50
129.00 411.50
129.50 412.00
130.00 412.50
131.00 412.50
132.00 412.50
133.00 412.50
134.00 412.50
135.00 412.50
136.00 412.50
137.00 412.50
138.00 412.50
138.50 412.00
139.00 411.50
140.00 411.50
141.00 411.50
142.00 411.50
143.00 411.50
143.50 411.00
144.00 410.50
145.00 410.50
146.00 410.50
147.00 410.50
147.50 410.00
148.00 409.50
149.00 409.50
150.00 409.50
150.50 409.00
151.00 408.50
152.00 408.50
153.00 408.50
153.50 408.00
154.00 407.50
155.00 407.50
155.50 407.00
156.00 406.50
156.50 406.00
157.00 405.50
158.00 405.50
158.50 405.00
159.00 404.50
159.50 404.00
160.00 403.50
160.50 403.00
161.00 402.50
161.50 402.00
162.00 401.50
162.50 401.00
163.00 400.50
163.50 400.00
164.00 399.50
164.50 399.00
165.00 398.50
165.50 398.00
166.00 397.50
166.50 397.00
166.50 396.00
167.00 395.50
167.50 395.00
167.50 394.00
168.00 393.50
168.50 393.00
168.50 392.00
168.50 391.00
169.00 390.50
169.50 390.00
169.50 389.00
170.00 388.50
170.50 388.00
170.50 387.00
170.50 386.00
171.00 385.50
171.50 385.00
171.50 384.00
171.50 383.00
171.50 382.00
172.00 381.50
172.50 381.00
172.50 380.00
172.50 379.00
172.50 378.00
172.50 377.00
173.00 376.50
173.50 376.00
173.50 375.00
173.50 374.00
173.50 373.00
173.50 372.00
173.50 371.00
174.00 370.50
174.50 370.00
174.50 369.00
174.50 368.00
174.50 367.00
174.50 366.00
174.50 365.00
174.50 364.00
174.50 363.00
174.50 362.00
174.50 361.00
174.50 360.00
174.50 359.00
174.50 358.00
174.50 357.00
174.50 356.00
174.50 355.00
174.00 354.50
173.50 354.00
173.50 353.00
173.50 352.00
173.50 351.00
173.50 350.00
173.50 349.00
173.00 348.50
172.50 348.00
172.50 347.00
172.50 346.00
172.50 345.00
172.50 344.00
172.00 343.50
171.50 343.00
171.50 342.00
171.50 341.00
171.00 340.50
170.50 340.00
170.00 339.50
169.50 339.00
169.50 338.00
169.00 337.50
168.50 337.00
168.00 336.50
167.50 336.00
167.00 335.50
166.50 335.00
166.00 334.50
165.50 334.00
165.50 333.00
165.00 332.50
164.50 332.00
164.00 331.50
163.50 331.00
163.00 330.50
162.50 330.00
162.50 329.00
163.00 328.75
163.75 328.00
164.00 327.75
164.75 327.00
165.00 326.75
166.00 326.75
166.75 326.00
167.00 325.75
167.75 325.00
168.00 324.75
168.75 324.00
169.00 323.75
169.75 323.00
170.00 322.75
170.75 322.00
171.00 321.75
171.75 321.00
171.75 320.00
172.00 319.75
172.75 319.00
172.75 318.00
173.00 317.75
173.75 317.00
173.75 316.00
174.00 315.75
174.75 315.00
174.75 314.00
175.00 313.75
175.75 313.00
175.75 312.00
175.75 311.00
176.00 310.75
176.75 310.00
176.75 309.00
177.00 308.75
177.75 308.00
177.75 307.00
177.75 306.00
177.75 305.00
178.00 304.75
178.75 304.00

Contour 1:
276.83 842.00
276.83 841.00
276.83 840.00
276.83 839.00
276.83 838.00
276.83 837.00
276.83 836.00
276.83 835.00
276.83 834.00
276.83 833.00
276.83 832.00
276.83 831.00
276.83 830.00
276.83 829.00
276.00 828.17
275.83 828.00
275.83 827.00
275.83 826.00
275.83 825.00
275.00 824.17
274.83 824.00
274.83 823.00
274.83 822.00
274.00 821.17
273.83 821.00
273.83 820.00
273.83 819.00
273.00 818.17
272.83 818.00
272.83 817.00
272.00 816.17
271.83 816.00
271.83 815.00
271.00 814.17
270.83 814.00
270.83 813.00
270.00 812.17
269.83 812.00
269.83 811.00
269.00 810.17
268.83 810.00
268.00 809.17
267.83 809.00
267.83 808.00
267.00 807.17
266.83 807.00
266.00 806.17
265.83 806.00
265.00 805.17
264.83 805.00
264.00 804.17
263.83 804.00
263.83 803.00
263.00 802.17
262.83 802.00
262.00 801.17
261.83 801.00
261.00 800.17
260.83 800.00
260.83 799.00
260.00 798.17
259.83 798.00
259.00 797.17
258.83 797.00
258.00 796.17
257.00 796.17
256.83 796.00
256.83 795.00
256.00 794.17
255.83 794.00
255.00 793.17
254.83 793.00
254.00 792.17
253.83 792.00
253.00 791.17
252.83 791.00
252.00 790.17
251.83 790.00
251.00 789.17
250.00 789.17
249.83 789.00
249.00 788.17
248.00 788.17
247.83 788.00
247.00 787.17
246.83 787.00
246.00 786.17
245.00 786.17
244.83 786.00
244.00 785.17
243.00 785.17
242.00 785.17
241.83 785.00
241.00 784.17
240.00 784.17
239.00 784.17
238.00 784.17
237.00 784.17
236.83 784.00
236.00 783.17
235.83 783.00
235.00 782.17
234.83 782.00
234.00 781.17
233.00 781.17
232.83 781.00
232.00 780.17
231.00 780.17
230.00 780.17
229.83 780.00
229.00 779.17
228.00 779.17
227.00 779.17
226.00 779.17
225.17 780.00
225.00 780.17
224.17 781.00
224.17 782.00
224.17 783.00
224.00 783.17
223.00 783.17
222.00 783.17
221.83 783.00
222.00 782.83
222.83 782.00
222.00 781.17
221.00 781.17
220.17 782.00
220.17 783.00
220.00 783.17
219.00 783.17
218.00 783.17
217.00 783.17
216.00 783.17
215.83 783.00
215.00 782.17
214.00 782.17
213.83 782.00
213.00 781.17
212.00 781.17
211.17 782.00
211.00 782.17
210.00 782.17
209.00 782.17
208.17 783.00
208.17 784.00
208.17 785.00
208.17 786.00
208.17 787.00
208.00 787.17
207.17 788.00
207.17 789.00
207.00 789.17
206.17 790.00
206.00 790.17
205.00 790.17
204.17 791.00
204.00 791.17
203.17 792.00
203.00 792.17
202.17 793.00
202.17 794.00
202.00 794.17
201.00 794.17
200.17 795.00
200.00 795.17
199.17 796.00
199.00 796.17
198.17 797.00
198.00 797.17
197.17 798.00
197.17 799.00
197.17 800.00
197.00 800.17
196.17 801.00
196.17 802.00
196.00 802.17
195.00 802.17
194.17 803.00
194.00 803.17
193.17 804.00
193.00 804.17
192.00 804.17
191.17 805.00
191.00 805.17
190.17 806.00
190.17 807.00
190.00 807.17
189.17 808.00
189.17 809.00
189.17 810.00
190.00 810.83
190.17 811.00
190.17 812.00
190.17 813.00
190.17 814.00
190.17 815.00
190.17 816.00
191.00 816.83
191.17 817.00
191.17 818.00
191.17 819.00
192.00 819.83
192.17 820.00
192.17 821.00
192.17 822.00
193.00 822.83
193.17 823.00
193.17 824.00
194.00 824.83
194.17 825.00
195.00 825.83
195.17 826.00
196.00 826.83
196.17 827.00
196.17 828.00
197.00 828.83
197.17 829.00
198.00 829.83
198.17 830.00
198.17 831.00
199.00 831.83
199.17 832.00
200.00 832.83
200.17 833.00
200.17 834.00
201.00 834.83
201.17 835.00
202.00 835.83
202.17 836.00
203.00 836.83
203.17 837.00
203.17 838.00
204.00 838.83
204.17 839.00
205.00 839.83
205.17 840.00
205.17 841.00
206.00 841.83
206.17 842.00
207.00 842.83
207.17 843.00
207.17 844.00
208.00 844.83
208.17 845.00
209.00 845.83
209.17 846.00
210.00 846.83
210.17 847.00
211.00 847.83
211.17 848.00
212.00 848.83
212.17 849.00
213.00 849.83
213.17 850.00
214.00 850.83
214.17 851.00
215.00 851.83
215.17 852.00
216.00 852.83
216.17 853.00
217.00 853.83
217.17 854.00
218.00 854.83
218.17 855.00
219.00 855.83
220.00 855.83
220.17 856.00
221.00 856.83
222.00 856.83
222.17 857.00
223.00 857.83
224.00 857.83
224.17 858.00
225.00 858.83
226.00 858.83
226.17 859.00
227.00 859.83
228.00 859.83
228.17 860.00
229.00 860.83
229.17 861.00
230.00 861.83
231.00 861.83
231.17 862.00
232.00 862.83
233.00 862.83
233.17 863.00
234.00 863.83
235.00 863.83
236.00 863.83
237.00 863.83
238.00 863.83
239.00 863.83
240.00 863.83
241.00 863.83
242.00 863.83
243.00 863.83
244.00 863.83
245.00 863.83
246.00 863.83
247.00 863.83
248.00 863.83
249.00 863.83
250.00 863.83
251.00 863.83
252.00 863.83
253.00 863.83
254.00 863.83
255.00 863.83
256.00 863.83
256.83 863.00
257.00 862.83
258.00 862.83
259.00 862.83
260.00 862.83
260.83 862.00
261.00 861.83
262.00 861.83
262.83 861.00
263.00 860.83
263.83 860.00
264.00 859.83
264.83 859.00
265.00 858.83
265.83 858.00
266.00 857.83
266.83 857.00
267.00 856.83
267.83 856.00
268.00 855.83
268.83 855.00
269.00 854.83
269.83 854.00
270.00 853.83
270.83 853.00
271.00 852.83
271.83 852.00
272.00 851.83
272.83 851.00
273.00 850.83
273.83 850.00
273.83 849.00
273.83 848.00
274.00 847.83
274.83 847.00
274.83 846.00
275.00 845.83
275.83 845.00
275.83 844.00
275.83 843.00
276.00 842.83
276.83 842.00

Contour 2:
248.88 548.00
248.88 547.00
248.88 546.00
248.88 545.00
248.88 544.00
248.88 543.00
248.88 542.00
248.88 541.00
248.88 540.00
248.00 539.12
247.88 539.00
247.88 538.00
247.00 537.12
246.88 537.00
246.88 536.00
246.00 535.12
245.88 535.00
245.00 534.12
244.88 534.00
244.00 533.12
243.88 533.00
243.00 532.12
242.88 532.00
242.00 531.12
241.88 531.00
241.00 530.12
240.88 530.00
240.00 529.12
239.88 529.00
239.00 528.12
238.00 528.12
237.88 528.00
237.00 527.12
236.88 527.00
236.00 526.12
235.00 526.12
234.88 526.00
234.00 525.12
233.00 525.12
232.88 525.00
232.00 524.12
231.00 524.12
230.00 524.12
229.88 524.00
229.00 523.12
228.00 523.12
227.88 523.00
227.00 522.12
226.00 522.12
225.00 522.12
224.00 522.12
223.88 522.00
223.00 521.12
222.00 521.12
221.00 521.12
220.00 521.12
219.00 521.12
218.00 521.12
217.00 521.12
216.00 521.12
215.00 521.12
214.12 522.00
214.00 522.12
213.00 522.12
212.00 522.12
211.12 523.00
211.00 523.12
210.00 523.12
209.00 523.12
208.12 524.00
208.00 524.12
207.12 525.00
207.00 525.12
206.00 525.12
205.12 526.00
205.00 526.12
204.12 527.00
204.00 527.12
203.12 528.00
203.00 528.12
202.12 529.00
202.00 529.12
201.12 530.00
201.00 530.12
200.12 531.00
200.12 532.00
200.00 532.12
199.12 533.00
199.12 534.00
199.12 535.00
199.00 535.12
198.12 536.00
198.12 537.00
198.12 538.00
198.12 539.00
198.00 539.12
197.12 540.00
197.12 541.00
197.12 542.00
197.12 543.00
197.12 544.00
197.12 545.00
198.00 545.88
198.12 546.00
198.12 547.00
199.00 547.88
199.12 548.00
199.12 549.00
200.00 549.88
200.12 550.00
200.12 551.00
201.00 551.88
201.12 552.00
202.00 552.88
202.12 553.00
203.00 553.88
203.12 554.00
204.00 554.88
204.12 555.00
205.00 555.88
205.12 556.00
206.00 556.88
206.12 557.00
207.00 557.88
207.12 558.00
208.00 558.88
208.12 559.00
209.00 559.88
210.00 559.88
210.12 560.00
211.00 560.88
212.00 560.88
212.12 561.00
213.00 561.88
214.00 561.88
214.12 562.00
215.00 562.88
216.00 562.88
217.00 562.88
217.12 563.00
218.00 563.88
219.00 563.88
220.00 563.88
221.00 563.88
222.00 563.88
223.00 563.88
224.00 563.88
225.00 563.88
225.12 564.00
226.00 564.88
226.88 564.00
227.00 563.88
228.00 563.88
229.00 563.88
230.00 563.88
231.00 563.88
232.00 563.88
233.00 563.88
234.00 563.88
234.88 563.00
235.00 562.88
236.00 562.88
236.88 562.00
237.00 561.88
238.00 561.88
238.88 561.00
239.00 560.88
239.88 560.00
240.00 559.88
240.88 559.00
241.00 558.88
241.88 558.00
242.00 557.88
242.88 557.00
243.00 556.88
243.88 556.00
244.00 555.88
244.88 555.00
245.00 554.88
245.88 554.00
245.88 553.00
246.00 552.88
246.88 552.00
247.00 551.88
247.88 551.00
247.88 550.00
247.88 549.00
248.00 548.88
248.88 548.00

Contour 3:
264.90 20.00
264.90 19.00
264.90 18.00
264.90 17.00
264.00 16.10
263.90 16.00
263.90 15.00
263.90 14.00
263.90 13.00
263.90 12.00
263.90 11.00
263.00 10.10
262.90 10.00
262.90 9.00
262.90 8.00
262.90 7.00
262.00 6.10
261.90 6.00
261.00 5.10
260.90 5.00
260.00 4.10
259.00 4.10
258.90 4.00
258.00 3.10
257.00 3.10
256.00 3.10
255.90 3.00
255.00 2.10
254.00 2.10
253.00 2.10
252.00 2.10
251.00 2.10
250.00 2.10
249.00 2.10
248.00 2.10
247.00 2.10
246.00 2.10
245.00 2.10
244.00 2.10
243.00 2.10
242.00 2.10
241.00 2.10
240.00 2.10
239.00 2.10
238.00 2.10
237.00 2.10
236.00 2.10
235.00 2.10
234.00 2.10
233.00 2.10
232.00 2.10
231.00 2.10
230.00 2.10
229.00 2.10
228.00 2.10
227.10 3.00
227.00 3.10
226.00 3.10
225.90 3.00
225.00 2.10
224.00 2.10
223.00 2.10
222.10 3.00
222.00 3.10
221.00 3.10
220.00 3.10
219.90 3.00
219.00 2.10
218.00 2.10
217.00 2.10
216.00 2.10
215.00 2.10
214.00 2.10
213.00 2.10
212.00 2.10
211.00 2.10
210.00 2.10
209.00 2.10
208.00 2.10
207.10 3.00
207.00 3.10
206.00 3.10
205.00 3.10
204.10 4.00
204.00 4.10
203.00 4.10
202.10 5.00
202.00 5.10
201.10 6.00
201.00 6.10
200.10 7.00
200.10 8.00
200.00 8.10
199.10 9.00
199.10 10.00
199.10 11.00
199.10 12.00
199.10 13.00
199.10 14.00
199.10 15.00
200.00 15.90
200.10 16.00
200.10 17.00
200.10 18.00
200.10 19.00
200.10 20.00
200.10 21.00
201.00 21.90
201.10 22.00
201.10 23.00
202.00 23.90
202.10 24.00
202.10 25.00
202.10 26.00
203.00 26.90
203.10 27.00
203.10 28.00
204.00 28.90
204.10 29.00
204.10 30.00
205.00 30.90
205.10 31.00
205.10 32.00
206.00 32.90
206.10 33.00
206.10 34.00
207.00 34.90
207.10 35.00
207.10 36.00
208.00 36.90
208.10 37.00
209.00 37.90
209.10 38.00
209.10 39.00
210.00 39.90
210.10 40.00
211.00 40.90
211.10 41.00
212.00 41.90
212.10 42.00
213.00 42.90
214.00 42.90
214.10 43.00
215.00 43.90
215.10 44.00
216.00 44.90
216.10 45.00
217.00 45.90
218.00 45.90
218.10 46.00
219.00 46.90
220.00 46.90
221.00 46.90
221.10 47.00
222.00 47.90
223.00 47.90
224.00 47.90
225.00 47.90
225.10 48.00
226.00 48.90
227.00 48.90
228.00 48.90
229.00 48.90
230.00 48.90
231.00 48.90
232.00 48.90
233.00 48.90
234.00 48.90
235.00 48.90
235.90 48.00
236.00 47.90
237.00 47.90
238.00 47.90
239.00 47.90
239.90 47.00
240.00 46.90
241.00 46.90
242.00 46.90
242.90 46.00
243.00 45.90
243.90 45.00
244.00 44.90
245.00 44.90
245.90 44.00
246.00 43.90
247.00 43.90
247.90 43.00
248.00 42.90
249.00 42.90
249.90 42.00
249.90 41.00
250.00 40.90
251.00 40.90
251.90 40.00
252.00 39.90
252.90 39.00
253.00 38.90
254.00 38.90
254.90 38.00
255.00 37.90
255.90 37.00
256.00 36.90
256.90 36.00
257.00 35.90
257.90 35.00
258.00 34.90
258.90 34.00
259.00 33.90
259.90 33.00
259.90 32.00
260.00 31.90
260.90 31.00
260.90 30.00
261.00 29.90
261.90 29.00
261.90 28.00
262.00 27.90
262.90 27.00
262.90 26.00
263.00 25.90
263.90 25.00
263.90 24.00
263.90 23.00
263.90 22.00
263.90 21.00
264.00 20.90
264.90 20.00

Contour 4:
280.92 256.00
280.92 255.00
280.92 254.00
280.92 253.00
280.92 252.00
280.92 251.00
280.92 250.00
280.92 249.00
280.92 248.00
280.92 247.00
280.92 246.00
280.92 245.00
280.92 244.00
280.92 243.00
280.00 242.08
279.92 242.00
279.92 241.00
279.92 240.00
279.00 239.08
278.92 239.00
278.92 238.00
278.92 237.00
278.00 236.08
277.92 236.00
277.92 235.00
277.92 234.00
277.00 233.08
276.92 233.00
276.92 232.00
276.00 231.08
275.92 231.00
275.92 230.00
275.00 229.08
274.92 229.00
274.92 228.00
274.00 227.08
273.92 227.00
273.00 226.08
272.92 226.00
272.92 225.00
272.00 224.08
271.92 224.00
271.92 223.00
271.00 222.08
270.92 222.00
270.00 221.08
269.92 221.00
269.00 220.08
268.92 220.00
268.92 219.00
268.00 218.08
267.92 218.00
267.00 217.08
266.92 217.00
266.00 216.08
265.00 216.08
264.92 216.00
264.00 215.08
263.92 215.00
263.00 214.08
262.00 214.08
261.92 214.00
261.00 213.08
260.92 213.00
260.00 212.08
259.00 212.08
258.92 212.00
258.00 211.08
257.92 211.00
257.00 210.08
256.00 210.08
255.00 210.08
254.92 210.00
254.00 209.08
253.00 209.08
252.92 209.00
252.00 208.08
251.00 208.08
250.92 208.00
250.00 207.08
249.00 207.08
248.00 207.08
247.00 207.08
246.00 207.08
245.00 207.08
244.92 207.00
244.00 206.08
243.00 206.08
242.00 206.08
241.00 206.08
240.00 206.08
239.00 206.08
238.00 206.08
237.00 206.08
236.08 207.00
236.00 207.08
235.00 207.08
234.00 207.08
233.00 207.08
232.00 207.08
231.08 208.00
231.00 208.08
230.00 208.08
229.00 208.08
228.08 209.00
228.00 209.08
227.00 209.08
226.00 209.08
225.08 210.00
225.00 210.08
224.08 211.00
224.00 211.08
223.00 211.08
222.08 212.00
222.00 212.08
221.08 213.00
221.00 213.08
220.00 213.08
219.08 214.00
219.00 214.08
218.08 215.00
218.08 216.00
218.00 216.08
217.08 217.00
217.00 217.08
216.08 218.00
216.00 218.08
215.08 219.00
215.08 220.00
215.00 220.08
214.08 221.00
214.08 222.00
214.00 222.08
213.08 223.00
213.08 224.00
213.08 225.00
213.00 225.08
212.08 226.00
212.08 227.00
212.08 228.00
212.08 229.00
212.08 230.00
212.00 230.08
211.08 231.00
211.08 232.00
211.08 233.00
211.08 234.00
211.08 235.00
211.08 236.00
211.08 237.00
211.08 238.00
211.08 239.00
211.08 240.00
211.08 241.00
211.08 242.00
211.08 243.00
211.08 244.00
211.08 245.00
211.08 246.00
211.08 247.00
212.00 247.92
212.08 248.00
212.08 249.00
212.08 250.00
212.08 251.00
213.00 251.92
213.08 252.00
213.08 253.00
213.08 254.00
213.08 255.00
214.00 255.92
214.08 256.00
214.08 257.00
214.08 258.00
215.00 258.92
215.08 259.00
215.08 260.00
215.08 261.00
216.00 261.92
216.08 262.00
216.08 263.00
216.08 264.00
217.00 264.92
217.08 265.00
217.08 266.00
218.00 266.92
218.08 267.00
218.08 268.00
218.08 269.00
219.00 269.92
219.08 270.00
220.00 270.92
220.08 271.00
220.08 272.00
221.00 272.92
221.08 273.00
222.00 273.92
222.08 274.00
223.00 274.92
223.08 275.00
223.08 276.00
224.00 276.92
224.08 277.00
225.00 277.92
225.08 278.00
226.00 278.92
226.08 279.00
227.00 279.92
227.08 280.00
228.00 280.92
229.00 280.92
229.08 281.00
230.00 281.92
230.08 282.00
231.00 282.92
231.08 283.00
232.00 283.92
233.00 283.92
233.08 284.00
234.00 284.92
235.00 284.92
236.00 284.92
236.08 285.00
237.00 285.92
238.00 285.92
239.00 285.92
239.08 286.00
240.00 286.92
241.00 286.92
242.00 286.92
243.00 286.92
244.00 286.92
245.00 286.92
246.00 286.92
247.00 286.92
248.00 286.92
249.00 286.92
250.00 286.92
251.00 286.92
252.00 286.92
252.92 286.00
253.00 285.92
254.00 285.92
255.00 285.92
256.00 285.92
257.00 285.92
257.92 285.00
258.00 284.92
259.00 284.92
260.00 284.92
261.00 284.92
261.92 284.00
262.00 283.92
263.00 283.92
263.92 283.00
264.00 282.92
265.00 282.92
265.92 282.00
266.00 281.92
266.92 281.00
267.00 280.92
267.92 280.00
268.00 279.92
268.92 279.00
269.00 278.92
269.92 278.00
270.00 277.92
270.92 277.00
271.00 276.92
271.92 276.00
272.00 275.92
272.92 275.00
272.92 274.00
273.00 273.92
273.92 273.00
274.00 272.92
274.92 272.00
274.92 271.00
275.00 270.92
275.92 270.00
275.92 269.00
276.00 268.92
276.92 268.00
276.92 267.00
277.00 266.92
277.92 266.00
277.92 265.00
278.00 264.92
278.92 264.00
278.92 263.00
278.92 262.00
278.92 261.00
279.00 260.92
279.92 260.00
279.92 259.00
279.92 258.00
279.92 257.00
280.00 256.92
280.92 256.00

Contour 5:
321.93 661.00
321.93 660.00
321.93 659.00
321.93 658.00
321.93 657.00
321.93 656.00
321.93 655.00
321.93 654.00
321.93 653.00
321.93 652.00
321.93 651.00
321.93 650.00
321.93 649.00
321.00 648.07
320.93 648.00
320.93 647.00
320.93 646.00
320.93 645.00
320.00 644.07
319.93 644.00
319.93 643.00
319.93 642.00
319.00 641.07
318.93 641.00
318.00 640.07
317.93 640.00
317.93 639.00
317.00 638.07
316.93 638.00
316.00 637.07
315.93 637.00
315.93 636.00
315.00 635.07
314.93 635.00
314.00 634.07
313.93 634.00
313.93 633.00
313.00 632.07
312.93 632.00
312.00 631.07
311.93 631.00
311.00 630.07
310.93 630.00
310.93 629.00
310.00 628.07
309.93 628.00
309.00 627.07
308.93 627.00
308.00 626.07
307.93 626.00
307.00 625.07
306.00 625.07
305.93 625.00
305.00 624.07
304.93 624.00
304.00 623.07
303.00 623.07
302.93 623.00
302.00 622.07
301.00 622.07
300.93 622.00
300.00 621.07
299.00 621.07
298.93 621.00
298.00 620.07
297.00 620.07
296.93 620.00
296.00 619.07
295.00 619.07
294.00 619.07
293.93 619.00
293.00 618.07
292.00 618.07
291.00 618.07
290.00 618.07
289.00 618.07
288.93 618.00
288.00 617.07
287.00 617.07
286.00 617.07
285.00 617.07
284.00 617.07
283.00 617.07
282.00 617.07
281.93 617.00
281.00 616.07
280.00 616.07
279.00 616.07
278.00 616.07
277.00 616.07
276.00 616.07
275.00 616.07
274.00 616.07
273.07 617.00
273.00 617.07
272.00 617.07
271.00 617.07
270.00 617.07
269.00 617.07
268.07 618.00
268.00 618.07
267.00 618.07
266.00 618.07
265.00 618.07
264.07 619.00
264.00 619.07
263.00 619.07
262.00 619.07
261.07 620.00
261.00 620.07
260.00 620.07
259.07 621.00
259.00 621.07
258.07 622.00
258.00 622.07
257.00 622.07
256.07 623.00
256.00 623.07
255.00 623.07
254.07 624.00
254.00 624.07
253.07 625.00
253.00 625.07
252.07 626.00
252.00 626.07
251.07 627.00
251.00 627.07
250.07 628.00
250.00 628.07
249.07 629.00
249.00 629.07
248.07 630.00
248.00 630.07
247.07 631.00
247.07 632.00
247.00 632.07
246.07 633.00
246.00 633.07
245.07 634.00
245.07 635.00
245.00 635.07
244.07 636.00
244.07 637.00
244.00 637.07
243.07 638.00
243.07 639.00
243.07 640.00
243.07 641.00
243.00 641.07
242.07 642.00
242.07 643.00
242.07 644.00
242.00 644.07
241.07 645.00
241.07 646.00
241.07 647.00
241.07 648.00
241.07 649.00
241.00 649.07
240.07 650.00
240.07 651.00
240.07 652.00
240.07 653.00
240.07 654.00
240.07 655.00
240.07 656.00
240.07 657.00
240.07 658.00
240.07 659.00
240.07 660.00
240.07 661.00
241.00 661.93
241.07 662.00
241.07 663.00
241.07 664.00
242.00 664.93
242.07 665.00
242.07 666.00
243.00 666.93
243.07 667.00
243.07 668.00
244.00 668.93
244.07 669.00
244.07 670.00
245.00 670.93
245.07 671.00
246.00 671.93
246.07 672.00
246.07 673.00
247.00 673.93
247.07 674.00
248.00 674.93
248.07 675.00
249.00 675.93
249.07 676.00
250.00 676.93
250.07 677.00
251.00 677.93
251.07 678.00
252.00 678.93
252.07 679.00
253.00 679.93
253.07 680.00
254.00 680.93
255.00 680.93
255.07 681.00
256.00 681.93
256.07 682.00
257.00 682.93
257.07 683.00
258.00 683.93
259.00 683.93
259.07 684.00
260.00 684.93
261.00 684.93
261.07 685.00
262.00 685.93
263.00 685.93
263.07 686.00
264.00 686.93
264.07 687.00
265.00 687.93
266.00 687.93
266.07 688.00
267.00 688.93
268.00 688.93
269.00 688.93
269.07 689.00
270.00 689.93
271.00 689.93
272.00 689.93
273.00 689.93
274.00 689.93
274.07 690.00
275.00 690.93
276.00 690.93
277.00 690.93
278.00 690.93
279.00 690.93
280.00 690.93
280.07 691.00
281.00 691.93
282.00 691.93
283.00 691.93
284.00 691.93
285.00 691.93
286.00 691.93
287.00 691.93
288.00 691.93
289.00 691.93
289.93 691.00
290.00 690.93
291.00 690.93
292.00 690.93
293.00 690.93
294.00 690.93
295.00 690.93
295.93 690.00
296.00 689.93
297.00 689.93
298.00 689.93
298.93 689.00
299.00 688.93
300.00 688.93
301.00 688.93
301.93 688.00
302.00 687.93
303.00 687.93
303.93 687.00
304.00 686.93
305.00 686.93
305.93 686.00
306.00 685.93
306.93 685.00
307.00 684.93
308.00 684.93
308.93 684.00
309.00 683.93
309.93 683.00
310.00 682.93
310.93 682.00
311.00 681.93
311.93 681.00
312.00 680.93
312.93 680.00
313.00 679.93
313.93 679.00
314.00 678.93
314.93 678.00
315.00 677.93
315.93 677.00
315.93 676.00
316.00 675.93
316.93 675.00
317.00 674.93
317.93 674.00
317.93 673.00
317.93 672.00
318.00 671.93
318.93 671.00
318.93 670.00
319.00 669.93
319.93 669.00
319.93 668.00
319.93 667.00
320.00 666.93
320.93 666.00
320.93 665.00
320.93 664.00
320.93 663.00
320.93 662.00
321.00 661.93
321.93 661.00

Contour 6:
342.94 481.00
342.94 480.00
342.94 479.00
342.94 478.00
342.94 477.00
342.94 476.00
342.94 475.00
342.94 474.00
342.94 473.00
342.94 472.00
342.94 471.00
342.94 470.00
342.94 469.00
342.00 468.06
341.94 468.00
341.94 467.00
341.00 466.06
340.94 466.00
340.94 465.00
340.00 464.06
339.94 464.00
339.94 463.00
339.00 462.06
338.94 462.00
338.00 461.06
337.94 461.00
337.00 460.06
336.94 460.00
336.00 459.06
335.94 459.00
335.00 458.06
334.94 458.00
334.00 457.06
333.94 457.00
333.00 456.06
332.00 456.06
331.94 456.00
331.00 455.06
330.94 455.00
330.00 454.06
329.94 454.00
329.00 453.06
328.00 453.06
327.94 453.00
327.00 452.06
326.94 452.00
326.00 451.06
325.94 451.00
325.00 450.06
324.00 450.06
323.94 450.00
323.00 449.06
322.00 449.06
321.94 449.00
321.00 448.06
320.00 448.06
319.94 448.00
319.00 447.06
318.00 447.06
317.00 447.06
316.00 447.06
315.94 447.00
315.00 446.06
314.00 446.06
313.00 446.06
312.00 446.06
311.94 446.00
311.00 445.06
310.00 445.06
309.00 445.06
308.00 445.06
307.00 445.06
306.00 445.06
305.00 445.06
304.00 445.06
303.00 445.06
302.00 445.06
301.00 445.06
300.00 445.06
299.06 446.00
299.00 446.06
298.00 446.06
297.00 446.06
296.00 446.06
295.06 447.00
295.00 447.06
294.00 447.06
293.06 448.00
293.00 448.06
292.00 448.06
291.06 449.00
291.00 449.06
290.00 449.06
289.06 450.00
289.00 450.06
288.06 451.00
288.00 451.06
287.06 452.00
287.00 452.06
286.06 453.00
286.00 453.06
285.06 454.00
285.00 454.06
284.06 455.00
284.00 455.06
283.06 456.00
283.06 457.00
283.00 457.06
282.06 458.00
282.00 458.06
281.06 459.00
281.06 460.00
281.06 461.00
281.06 462.00
281.00 462.06
280.06 463.00
280.06 464.00
280.06 465.00
280.06 466.00
280.06 467.00
280.06 468.00
280.06 469.00
281.00 469.94
281.06 470.00
281.06 471.00
281.06 472.00
282.00 472.94
282.06 473.00
282.06 474.00
283.00 474.94
283.06 475.00
283.06 476.00
284.00 476.94
284.06 477.00
284.06 478.00
285.00 478.94
285.06 479.00
285.06 480.00
286.00 480.94
286.06 481.00
286.06 482.00
287.00 482.94
287.06 483.00
288.00 483.94
288.06 484.00
289.00 484.94
289.06 485.00
290.00 485.94
290.06 486.00
291.00 486.94
291.06 487.00
292.00 487.94
292.06 488.00
293.00 488.94
294.00 488.94
294.06 489.00
295.00 489.94
295.06 490.00
296.00 490.94
297.00 490.94
297.06 491.00
298.00 491.94
299.00 491.94
299.06 492.00
300.00 492.94
301.00 492.94
301.06 493.00
302.00 493.94
303.00 493.94
303.06 494.00
304.00 494.94
305.00 494.94
306.00 494.94
306.06 495.00
307.00 495.94
308.00 495.94
309.00 495.94
310.00 495.94
311.00 495.94
312.00 495.94
313.00 495.94
314.00 495.94
315.00 495.94
315.06 496.00
316.00 496.94
317.00 496.94
318.00 496.94
319.00 496.94
320.00 496.94
320.94 496.00
321.00 495.94
322.00 495.94
323.00 495.94
324.00 495.94
325.00 495.94
326.00 495.94
327.00 495.94
328.00 495.94
328.94 495.00
329.00 494.94
330.00 494.94
330.94 494.00
331.00 493.94
332.00 493.94
332.94 493.00
333.00 492.94
334.00 492.94
334.94 492.00
335.00 491.94
335.94 491.00
336.00 490.94
337.00 490.94
337.94 490.00
338.00 489.94
338.94 489.00
338.94 488.00
339.00 487.94
339.94 487.00
340.00 486.94
340.94 486.00
340.94 485.00
341.00 484.94
341.94 484.00
341.94 483.00
341.94 482.00
342.00 481.94
342.94 481.00

Contour 7:
364.94 564.00
364.94 563.00
364.94 562.00
364.94 561.00
364.00 560.06
363.94 560.00
363.94 559.00
363.94 558.00
363.94 557.00
363.94 556.00
363.94 555.00
363.94 554.00
363.94 553.00
363.94 552.00
363.00 551.06
362.94 551.00
362.94 550.00
362.94 549.00
362.00 548.06
361.94 548.00
361.94 547.00
361.00 546.06
360.94 546.00
360.94 545.00
360.00 544.06
359.94 544.00
359.94 543.00
359.00 542.06
358.94 542.00
358.00 541.06
357.94 541.00
357.00 540.06
356.94 540.00
356.00 539.06
355.94 539.00
355.00 538.06
354.00 538.06
353.94 538.00
353.00 537.06
352.00 537.06
351.94 537.00
351.00 536.06
350.00 536.06
349.94 536.00
349.00 535.06
348.00 535.06
347.00 535.06
346.94 535.00
346.00 534.06
345.00 534.06
344.00 534.06
343.00 534.06
342.94 534.00
342.00 533.06
341.00 533.06
340.00 533.06
339.00 533.06
338.00 533.06
337.00 533.06
336.00 533.06
335.00 533.06
334.00 533.06
333.00 533.06
332.00 533.06
331.00 533.06
330.00 533.06
329.00 533.06
328.00 533.06
327.00 533.06
326.00 533.06
325.00 533.06
324.00 533.06
323.00 533.06
322.00 533.06
321.00 533.06
320.00 533.06
319.00 533.06
318.00 533.06
317.06 534.00
317.00 534.06
316.00 534.06
315.00 534.06
314.06 535.00
314.00 535.06
313.00 535.06
312.06 536.00
312.00 536.06
311.00 536.06
310.06 537.00
310.00 537.06
309.00 537.06
308.06 538.00
308.00 538.06
307.06 539.00
307.00 539.06
306.00 539.06
305.06 540.00
305.06 541.00
305.00 541.06
304.06 542.00
304.00 542.06
303.06 543.00
303.00 543.06
302.06 544.00
302.00 544.06
301.06 545.00
301.06 546.00
301.00 546.06
300.06 547.00
300.00 547.06
299.06 548.00
299.06 549.00
299.00 549.06
298.06 550.00
298.00 550.06
297.06 551.00
297.06 552.00
297.00 552.06
296.06 553.00
296.06 554.00
296.06 555.00
296.00 555.06
295.06 556.00
295.06 557.00
295.06 558.00
295.06 559.00
295.06 560.00
295.06 561.00
295.00 561.06
294.06 562.00
294.06 563.00
294.06 564.00
294.06 565.00
295.00 565.94
295.06 566.00
295.06 567.00
295.06 568.00
295.06 569.00
295.06 570.00
295.06 571.00
296.00 571.94
296.06 572.00
296.06 573.00
296.06 574.00
296.06 575.00
297.00 575.94
297.06 576.00
297.06 577.00
298.00 577.94
298.06 578.00
298.06 579.00
299.00 579.94
299.06 580.00
300.00 580.94
300.06 581.00
300.06 582.00
301.00 582.94
301.06 583.00
302.00 583.94
302.06 584.00
303.00 584.94
303.06 585.00
304.00 585.94
304.06 586.00
305.00 586.94
305.06 587.00
306.00 587.94
306.06 588.00
307.00 588.94
307.06 589.00
308.00 589.94
308.06 590.00
309.00 590.94
310.00 590.94
310.06 591.00
311.00 591.94
311.06 592.00
312.00 592.94
313.00 592.94
313.06 593.00
314.00 593.94
314.06 594.00
315.00 594.94
316.00 594.94
317.00 594.94
317.06 595.00
318.00 595.94
319.00 595.94
319.06 596.00
320.00 596.94
321.00 596.94
322.00 596.94
323.00 596.94
324.00 596.94
324.06 597.00
325.00 597.94
326.00 597.94
327.00 597.94
328.00 597.94
329.00 597.94
330.00 597.94
331.00 597.94
332.00 597.94
333.00 597.94
333.94 597.00
334.00 596.94
335.00 596.94
336.00 596.94
337.00 596.94
337.94 596.00
338.00 595.94
339.00 595.94
340.00 595.94
341.00 595.94
341.94 595.00
342.00 594.94
343.00 594.94
343.94 594.00
344.00 593.94
345.00 593.94
345.94 593.00
346.00 592.94
347.00 592.94
347.94 592.00
348.00 591.94
349.00 591.94
349.94 591.00
350.00 590.94
351.00 590.94
351.94 590.00
352.00 589.94
352.94 589.00
353.00 588.94
353.94 588.00
354.00 587.94
354.94 587.00
355.00 586.94
355.94 586.00
356.00 585.94
356.94 585.00
357.00 584.94
357.94 584.00
358.00 583.94
358.94 583.00
358.94 582.00
359.00 581.94
359.94 581.00
359.94 580.00
360.00 579.94
360.94 579.00
360.94 578.00
361.00 577.94
361.94 577.00
361.94 576.00
362.00 575.94
362.94 575.00
362.94 574.00
362.94 573.00
363.00 572.94
363.94 572.00
363.94 571.00
363.94 570.00
363.94 569.00
363.94 568.00
363.94 567.00
363.94 566.00
363.94 565.00
364.00 564.94
364.94 564.00

Contour 8:
387.95 404.00
387.95 403.00
387.95 402.00
387.95 401.00
387.95 400.00
387.00 399.05
386.95 399.00
386.95 398.00
386.95 397.00
386.95 396.00
386.95 395.00
386.95 394.00
386.00 393.05
385.95 393.00
385.95 392.00
385.95 391.00
385.00 390.05
384.95 390.00
384.95 389.00
384.00 388.05
383.95 388.00
383.00 387.05
382.95 387.00
382.95 386.00
382.00 385.05
381.95 385.00
381.00 384.05
380.95 384.00
380.95 383.00
380.00 382.05
379.95 382.00
379.00 381.05
378.95 381.00
378.00 380.05
377.95 380.00
377.00 379.05
376.95 379.00
376.95 378.00
376.00 377.05
375.95 377.00
375.00 376.05
374.95 376.00
374.00 375.05
373.95 375.00
373.00 374.05
372.00 374.05
371.95 374.00
371.00 373.05
370.95 373.00
370.00 372.05
369.95 372.00
369.00 371.05
368.00 371.05
367.95 371.00
367.00 370.05
366.00 370.05
365.95 370.00
365.00 369.05
364.00 369.05
363.00 369.05
362.95 369.00
362.00 368.05
361.00 368.05
360.00 368.05
359.00 368.05
358.95 368.00
358.00 367.05
357.00 367.05
356.00 367.05
355.00 367.05
354.00 367.05
353.00 367.05
352.00 367.05
351.00 367.05
350.05 368.00
350.00 368.05
349.00 368.05
348.00 368.05
347.00 368.05
346.00 368.05
345.00 368.05
344.05 369.00
344.00 369.05
343.00 369.05
342.00 369.05
341.05 370.00
341.00 370.05
340.00 370.05
339.05 371.00
339.00 371.05
338.00 371.05
337.00 371.05
336.05 372.00
336.00 372.05
335.00 372.05
334.05 373.00
334.00 373.05
333.00 373.05
332.05 374.00
332.00 374.05
331.05 375.00
331.00 375.05
330.05 376.00
330.00 376.05
329.05 377.00
329.00 377.05
328.05 378.00
328.00 378.05
327.05 379.00
327.00 379.05
326.05 380.00
326.05 381.00
326.00 381.05
325.05 382.00
325.00 382.05
324.05 383.00
324.05 384.00
324.00 384.05
323.05 385.00
323.00 385.05
322.05 386.00
322.05 387.00
322.05 388.00
322.00 388.05
321.05 389.00
321.05 390.00
321.05 391.00
321.00 391.05
320.05 392.00
320.05 393.00
320.05 394.00
320.05 395.00
320.05 396.00
320.05 397.00
320.05 398.00
320.05 399.00
320.05 400.00
320.05 401.00
320.05 402.00
320.05 403.00
321.00 403.95
321.05 404.00
321.05 405.00
321.05 406.00
321.05 407.00
322.00 407.95
322.05 408.00
322.05 409.00
323.00 409.95
323.05 410.00
323.05 411.00
324.00 411.95
324.05 412.00
324.05 413.00
325.00 413.95
325.05 414.00
326.00 414.95
326.05 415.00
326.05 416.00
327.00 416.95
327.05 417.00
327.05 418.00
328.00 418.95
328.05 419.00
329.00 419.95
329.05 420.00
330.00 420.95
330.05 421.00
331.00 421.95
331.05 422.00
332.00 422.95
332.05 423.00
333.00 423.95
333.05 424.00
334.00 424.95
335.00 424.95
335.05 425.00
336.00 425.95
336.05 426.00
337.00 426.95
338.00 426.95
338.05 427.00
339.00 427.95
340.00 427.95
340.05 428.00
341.00 428.95
342.00 428.95
342.05 429.00
343.00 429.95
344.00 429.95
345.00 429.95
345.05 430.00
346.00 430.95
347.00 430.95
348.00 430.95
348.05 431.00
349.00 431.95
350.00 431.95
351.00 431.95
352.00 431.95
353.00 431.95
354.00 431.95
355.00 431.95
355.05 432.00
356.00 432.95
357.00 432.95
358.00 432.95
359.00 432.95
360.00 432.95
360.95 432.00
361.00 431.95
362.00 431.95
363.00 431.95
364.00 431.95
365.00 431.95
365.95 431.00
366.00 430.95
367.00 430.95
368.00 430.95
368.95 430.00
369.00 429.95
370.00 429.95
371.00 429.95
371.95 429.00
372.00 428.95
372.95 428.00
373.00 427.95
374.00 427.95
374.95 427.00
375.00 426.95
375.95 426.00
376.00 425.95
376.95 425.00
377.00 424.95
377.95 424.00
378.00 423.95
378.95 423.00
379.00 422.95
379.95 422.00
380.00 421.95
380.95 421.00
381.00 420.95
381.95 420.00
381.95 419.00
382.00 418.95
382.95 418.00
383.00 417.95
383.95 417.00
383.95 416.00
384.00 415.95
384.95 415.00
385.00 414.95
385.95 414.00
385.95 413.00
385.95 412.00
386.00 411.95
386.95 411.00
386.95 410.00
386.95 409.00
386.95 408.00
386.95 407.00
386.95 406.00
386.95 405.00
387.00 404.95
387.95 404.00

Contour 9:
396.95 934.00
396.95 933.00
396.95 932.00
396.95 931.00
396.95 930.00
396.95 929.00
396.00 928.05
395.95 928.00
395.95 927.00
395.95 926.00
395.95 925.00
395.95 924.00
395.00 923.05
394.95 923.00
394.95 922.00
394.95 921.00
394.95 920.00
394.95 919.00
394.00 918.05
393.95 918.00
393.95 917.00
393.95 916.00
393.95 915.00
393.00 914.05
392.95 914.00
392.95 913.00
392.95 912.00
392.00 911.05
391.95 911.00
391.00 910.05
390.95 910.00
390.95 909.00
390.00 908.05
389.95 908.00
389.00 907.05
388.95 907.00
388.00 906.05
387.95 906.00
387.95 905.00
387.00 904.05
386.95 904.00
386.00 903.05
385.95 903.00
385.00 902.05
384.95 902.00
384.95 901.00
384.00 900.05
383.95 900.00
383.00 899.05
382.95 899.00
382.00 898.05
381.95 898.00
381.95 897.00
381.00 896.05
380.95 896.00
380.00 895.05
379.95 895.00
379.00 894.05
378.95 894.00
378.00 893.05
377.95 893.00
377.00 892.05
376.00 892.05
375.95 892.00
375.00 891.05
374.95 891.00
374.00 890.05
373.95 890.00
373.00 889.05
372.00 889.05
371.95 889.00
371.00 888.05
370.95 888.00
370.00 887.05
369.00 887.05
368.95 887.00
368.00 886.05
367.00 886.05
366.95 886.00
366.00 885.05
365.00 885.05
364.00 885.05
363.95 885.00
363.00 884.05
362.00 884.05
361.00 884.05
360.00 884.05
359.00 884.05
358.00 884.05
357.00 884.05
356.00 884.05
355.00 884.05
354.00 884.05
353.05 885.00
353.00 885.05
352.00 885.05
351.05 886.00
351.00 886.05
350.05 887.00
350.00 887.05
349.00 887.05
348.05 888.00
348.00 888.05
347.00 888.05
346.05 889.00
346.00 889.05
345.05 890.00
345.00 890.05
344.05 891.00
344.00 891.05
343.05 892.00
343.00 892.05
342.05 893.00
342.00 893.05
341.05 894.00
341.00 894.05
340.05 895.00
340.05 896.00
340.00 896.05
339.05 897.00
339.05 898.00
339.00 898.05
338.05 899.00
338.05 900.00
338.00 900.05
337.05 901.00
337.05 902.00
337.05 903.00
337.00 903.05
336.05 904.00
336.05 905.00
336.05 906.00
336.00 906.05
335.05 907.00
335.05 908.00
335.05 909.00
335.05 910.00
335.00 910.05
334.05 911.00
334.05 912.00
334.05 913.00
334.05 914.00
334.00 914.05
333.05 915.00
333.05 916.00
333.05 917.00
333.05 918.00
333.05 919.00
333.05 920.00
333.05 921.00
333.05 922.00
333.05 923.00
333.05 924.00
333.05 925.00
333.05 926.00
333.05 927.00
333.05 928.00
334.00 928.95
334.05 929.00
334.05 930.00
334.05 931.00
334.05 932.00
334.05 933.00
335.00 933.95
335.05 934.00
335.05 935.00
335.05 936.00
336.00 936.95
336.05 937.00
336.05 938.00
336.05 939.00
337.00 939.95
337.05 940.00
337.05 941.00
337.05 942.00
338.00 942.95
338.05 943.00
338.05 944.00
339.00 944.95
339.05 945.00
339.05 946.00
340.00 946.95
340.05 947.00
340.05 948.00
341.00 948.95
341.05 949.00
342.00 949.95
342.05 950.00
343.00 950.95
343.05 951.00
344.00 951.95
344.05 952.00
345.00 952.95
345.05 953.00
346.00 953.95
346.05 954.00
347.00 954.95
347.05 955.00
348.00 955.95
349.00 955.95
349.05 956.00
350.00 956.95
351.00 956.95
352.00 956.95
352.05 957.00
353.00 957.95
354.00 957.95
355.00 957.95
356.00 957.95
356.05 958.00
357.00 958.95
358.00 958.95
359.00 958.95
360.00 958.95
361.00 958.95
362.00 958.95
363.00 958.95
363.05 959.00
364.00 959.95
365.00 959.95
366.00 959.95
367.00 959.95
368.00 959.95
369.00 959.95
369.95 959.00
370.00 958.95
371.00 958.95
372.00 958.95
373.00 958.95
374.00 958.95
375.00 958.95
376.00 958.95
376.95 958.00
377.00 957.95
378.00 957.95
379.00 957.95
379.95 957.00
380.00 956.95
381.00 956.95
381.95 956.00
382.00 955.95
383.00 955.95
383.95 955.00
384.00 954.95
384.95 954.00
385.00 953.95
386.00 953.95
386.95 953.00
387.00 952.95
387.95 952.00
388.00 951.95
388.95 951.00
388.95 950.00
389.00 949.95
389.95 949.00
390.00 948.95
390.95 948.00
391.00 947.95
391.95 947.00
391.95 946.00
392.00 945.95
392.95 945.00
392.95 944.00
393.00 943.95
393.95 943.00
393.95 942.00
394.00 941.95
394.95 941.00
394.95 940.00
395.00 939.95
395.95 939.00
395.95 938.00
395.95 937.00
395.95 936.00
395.95 935.00
396.00 934.95
396.95 934.00

Contour 10:
392.96 233.00
392.96 232.00
392.96 231.00
392.96 230.00
392.96 229.00
392.96 228.00
392.96 227.00
392.96 226.00
392.96 225.00
392.96 224.00
392.96 223.00
392.96 222.00
392.96 221.00
392.96 220.00
392.00 219.04
391.96 219.00
391.96 218.00
391.96 217.00
391.00 216.04
390.96 216.00
390.00 215.04
389.96 215.00
389.96 214.00
389.00 213.04
388.96 213.00
388.00 212.04
387.96 212.00
387.00 211.04
386.96 211.00
386.00 210.04
385.96 210.00
385.00 209.04
384.96 209.00
384.00 208.04
383.96 208.00
383.00 207.04
382.96 207.00
382.00 206.04
381.00 206.04
380.96 206.00
380.00 205.04
379.00 205.04
378.00 205.04
377.96 205.00
377.00 204.04
376.00 204.04
375.00 204.04
374.00 204.04
373.96 204.00
373.00 203.04
372.00 203.04
371.00 203.04
370.00 203.04
369.00 203.04
368.00 203.04
367.04 204.00
367.00 204.04
366.00 204.04
365.00 204.04
364.00 204.04
363.04 205.00
363.00 205.04
362.00 205.04
361.00 205.04
360.04 206.00
360.00 206.04
359.00 206.04
358.04 207.00
358.00 207.04
357.04 208.00
357.00 208.04
356.00 208.04
355.04 209.00
355.00 209.04
354.04 210.00
354.00 210.04
353.04 211.00
353.00 211.04
352.04 212.00
352.00 212.04
351.04 213.00
351.00 213.04
350.04 214.00
350.00 214.04
349.04 215.00
349.00 215.04
348.04 216.00
348.04 217.00
348.00 217.04
347.04 218.00
347.00 218.04
346.04 219.00
346.04 220.00
346.00 220.04
345.04 221.00
345.00 221.04
344.04 222.00
344.04 223.00
344.00 223.04
343.04 224.00
343.04 225.00
343.00 225.04
342.04 226.00
342.00 226.04
341.04 227.00
341.04 228.00
341.00 228.04
340.04 229.00
340.04 230.00
340.04 231.00
340.00 231.04
339.04 232.00
339.04 233.00
339.04 234.00
339.00 234.04
338.04 235.00
338.04 236.00
338.04 237.00
338.00 237.04
337.04 238.00
337.04 239.00
337.04 240.00
337.04 241.00
337.00 241.04
336.04 242.00
336.04 243.00
336.04 244.00
336.04 245.00
336.04 246.00
336.04 247.00
336.04 248.00
336.04 249.00
336.04 250.00
337.00 250.96
337.04 251.00
337.04 252.00
337.04 253.00
337.04 254.00
337.04 255.00
338.00 255.96
338.04 256.00
338.04 257.00
338.04 258.00
339.00 258.96
339.04 259.00
339.04 260.00
339.04 261.00
340.00 261.96
340.04 262.00
340.04 263.00
341.00 263.96
341.04 264.00
342.00 264.96
342.04 265.00
343.00 265.96
343.04 266.00
344.00 266.96
344.04 267.00
345.00 267.96
345.04 268.00
346.00 268.96
346.04 269.00
347.00 269.96
348.00 269.96
348.04 270.00
349.00 270.96
350.00 270.96
351.00 270.96
351.04 271.00
352.00 271.96
353.00 271.96
354.00 271.96
355.00 271.96
356.00 271.96
357.00 271.96
358.00 271.96
359.00 271.96
360.00 271.96
360.96 271.00
361.00 270.96
362.00 270.96
362.96 270.00
363.00 269.96
363.96 269.00
364.00 268.96
365.00 268.96
365.96 268.00
366.00 267.96
366.96 267.00
367.00 266.96
368.00 266.96
368.96 266.00
369.00 265.96
369.96 265.00
370.00 264.96
370.96 264.00
371.00 263.96
371.96 263.00
372.00 262.96
372.96 262.00
373.00 261.96
374.00 261.96
374.96 261.00
375.00 260.96
375.96 260.00
376.00 259.96
376.96 259.00
377.00 258.96
377.96 258.00
378.00 257.96
378.96 257.00
379.00 256.96
379.96 256.00
380.00 255.96
380.96 255.00
381.00 254.96
381.96 254.00
382.00 253.96
382.96 253.00
382.96 252.00
383.00 251.96
383.96 251.00
384.00 250.96
384.96 250.00
385.00 249.96
385.96 249.00
385.96 248.00
386.00 247.96
386.96 247.00
387.00 246.96
387.96 246.00
387.96 245.00
387.96 244.00
388.00 243.96
388.96 243.00
389.00 242.96
389.96 242.00
389.96 241.00
389.96 240.00
390.00 239.96
390.96 239.00
390.96 238.00
391.00 237.96
391.96 237.00
391.96 236.00
391.96 235.00
391.96 234.00
392.00 233.96
392.96 233.00

Contour 11:
429.96 806.00
429.96 805.00
429.96 804.00
429.96 803.00
429.96 802.00
429.96 801.00
429.00 800.04
428.96 800.00
428.96 799.00
428.96 798.00
428.96 797.00
428.96 796.00
428.00 795.04
427.96 795.00
427.96 794.00
427.00 793.04
426.96 793.00
426.96 792.00
426.00 791.04
425.96 791.00
425.96 790.00
425.00 789.04
424.96 789.00
424.00 788.04
423.96 788.00
423.00 787.04
422.96 787.00
422.00 786.04
421.96 786.00
421.00 785.04
420.96 785.00
420.00 784.04
419.00 784.04
418.96 784.00
418.00 783.04
417.00 783.04
416.96 783.00
416.00 782.04
415.96 782.00
415.00 781.04
414.00 781.04
413.96 781.00
413.00 780.04
412.00 780.04
411.96 780.00
411.00 779.04
410.00 779.04
409.00 779.04
408.96 779.00
408.00 778.04
407.00 778.04
406.00 778.04
405.96 778.00
405.00 777.04
404.00 777.04
403.00 777.04
402.00 777.04
401.00 777.04
400.96 777.00
400.00 776.04
399.00 776.04
398.00 776.04
397.00 776.04
396.00 776.04
395.00 776.04
394.00 776.04
393.00 776.04
392.04 777.00
392.00 777.04
391.00 777.04
390.00 777.04
389.00 777.04
388.04 778.00
388.00 778.04
387.00 778.04
386.00 778.04
385.04 779.00
385.00 779.04
384.00 779.04
383.00 779.04
382.04 780.00
382.00 780.04
381.00 780.04
380.04 781.00
380.00 781.04
379.00 781.04
378.04 782.00
378.00 782.04
377.00 782.04
376.04 783.00
376.00 783.04
375.04 784.00
375.00 784.04
374.04 785.00
374.00 785.04
373.00 785.04
372.04 786.00
372.00 786.04
371.04 787.00
371.00 787.04
370.04 788.00
370.04 789.00
370.00 789.04
369.04 790.00
369.00 790.04
368.04 791.00
368.00 791.04
367.04 792.00
367.00 792.04
366.04 793.00
366.00 793.04
365.04 794.00
365.04 795.00
365.00 795.04
364.04 796.00
364.00 796.04
363.04 797.00
363.04 798.00
363.00 798.04
362.04 799.00
362.04 800.00
362.00 800.04
361.04 801.00
361.04 802.00
361.00 802.04
360.04 803.00
360.04 804.00
360.04 805.00
360.00 805.04
359.04 806.00
359.04 807.00
359.04 808.00
359.04 809.00
359.04 810.00
359.04 811.00
359.04 812.00
359.04 813.00
359.04 814.00
359.04 815.00
359.04 816.00
359.04 817.00
359.04 818.00
359.04 819.00
360.00 819.96
360.04 820.00
360.04 821.00
360.04 822.00
361.00 822.96
361.04 823.00
361.04 824.00
362.00 824.96
362.04 825.00
362.04 826.00
362.04 827.00
363.00 827.96
363.04 828.00
363.04 829.00
364.00 829.96
364.04 830.00
365.00 830.96
365.04 831.00
365.04 832.00
366.00 832.96
366.04 833.00
367.00 833.96
367.04 834.00
367.04 835.00
368.00 835.96
368.04 836.00
369.00 836.96
369.04 837.00
370.00 837.96
370.04 838.00
371.00 838.96
372.00 838.96
372.04 839.00
373.00 839.96
373.04 840.00
374.00 840.96
375.00 840.96
375.04 841.00
376.00 841.96
376.04 842.00
377.00 842.96
378.00 842.96
379.00 842.96
379.04 843.00
380.00 843.96
381.00 843.96
381.04 844.00
382.00 844.96
383.00 844.96
384.00 844.96
384.04 845.00
385.00 845.96
386.00 845.96
387.00 845.96
387.04 846.00
388.00 846.96
389.00 846.96
390.00 846.96
391.00 846.96
392.00 846.96
393.00 846.96
394.00 846.96
395.00 846.96
396.00 846.96
397.00 846.96
398.00 846.96
399.00 846.96
400.00 846.96
400.96 846.00
401.00 845.96
402.00 845.96
403.00 845.96
404.00 845.96
405.00 845.96
406.00 845.96
406.96 845.00
407.00 844.96
408.00 844.96
409.00 844.96
409.96 844.00
410.00 843.96
411.00 843.96
411.96 843.00
412.00 842.96
413.00 842.96
413.96 842.00
414.00 841.96
414.96 841.00
415.00 840.96
415.96 840.00
416.00 839.96
416.96 839.00
417.00 838.96
417.96 838.00
418.00 837.96
418.96 837.00
419.00 836.96
419.96 836.00
419.96 835.00
420.00 834.96
420.96 834.00
421.00 833.96
421.96 833.00
421.96 832.00
421.96 831.00
422.00 830.96
422.96 830.00
423.00 829.96
423.96 829.00
423.96 828.00
424.00 827.96
424.96 827.00
424.96 826.00
424.96 825.00
425.00 824.96
425.96 824.00
426.00 823.96
426.96 823.00
426.96 822.00
426.96 821.00
426.96 820.00
427.00 819.96
427.96 819.00
427.96 818.00
427.96 817.00
427.96 816.00
427.96 815.00
427.96 814.00
428.00 813.96
428.96 813.00
428.96 812.00
428.96 811.00
428.96 810.00
428.96 809.00
428.96 808.00
428.96 807.00
429.00 806.96
429.96 806.00

Contour 12:
483.96 626.00
483.96 625.00
483.96 624.00
483.96 623.00
483.96 622.00
483.96 621.00
483.96 620.00
483.96 619.00
483.96 618.00
483.96 617.00
483.00 616.04
482.96 616.00
482.96 615.00
482.96 614.00
482.96 613.00
482.00 612.04
481.96 612.00
481.96 611.00
481.96 610.00
481.00 609.04
480.96 609.00
480.96 608.00
480.00 607.04
479.96 607.00
479.96 606.00
479.96 605.00
479.00 604.04
478.96 604.00
478.96 603.00
478.00 602.04
477.96 602.00
477.00 601.04
476.96 601.00
476.00 600.04
475.96 600.00
475.00 599.04
474.96 599.00
474.00 598.04
473.96 598.00
473.00 597.04
472.96 597.00
472.00 596.04
471.96 596.00
471.00 595.04
470.96 595.00
470.00 594.04
469.96 594.00
469.00 593.04
468.96 593.00
468.00 592.04
467.96 592.00
467.00 591.04
466.96 591.00
466.00 590.04
465.00 590.04
464.96 590.00
464.00 589.04
463.00 589.04
462.96 589.00
462.00 588.04
461.00 588.04
460.96 588.00
460.00 587.04
459.00 587.04
458.00 587.04
457.96 587.00
457.00 586.04
456.00 586.04
455.00 586.04
454.00 586.04
453.00 586.04
452.00 586.04
451.00 586.04
450.00 586.04
449.00 586.04
448.00 586.04
447.00 586.04
446.00 586.04
445.00 586.04
444.00 586.04
443.04 587.00
443.00 587.04
442.00 587.04
441.00 587.04
440.04 588.00
440.00 588.04
439.00 588.04
438.00 588.04
437.04 589.00
437.00 589.04
436.00 589.04
435.04 590.00
435.00 590.04
434.04 591.00
434.00 591.04
433.00 591.04
432.04 592.00
432.00 592.04
431.04 593.00
431.00 593.04
430.00 593.04
429.04 594.00
429.00 594.04
428.04 595.00
428.00 595.04
427.04 596.00
427.04 597.00
427.00 597.04
426.04 598.00
426.00 598.04
425.04 599.00
425.04 600.00
425.00 600.04
424.04 601.00
424.04 602.00
424.00 602.04
423.04 603.00
423.04 604.00
423.04 605.00
423.00 605.04
422.04 606.00
422.04 607.00
422.00 607.04
421.04 608.00
421.04 609.00
421.04 610.00
421.04 611.00
421.04 612.00
421.00 612.04
420.04 613.00
420.04 614.00
420.04 615.00
420.04 616.00
420.04 617.00
420.04 618.00
420.04 619.00
420.04 620.00
420.04 621.00
420.04 622.00
421.00 622.96
421.04 623.00
421.04 624.00
421.04 625.00
421.04 626.00
422.00 626.96
422.04 627.00
422.04 628.00
422.04 629.00
423.00 629.96
423.04 630.00
423.04 631.00
424.00 631.96
424.04 632.00
424.04 633.00
425.00 633.96
425.04 634.00
425.04 635.00
426.00 635.96
426.04 636.00
427.00 636.96
427.04 637.00
427.04 638.00
428.00 638.96
428.04 639.00
429.00 639.96
429.04 640.00
430.00 640.96
430.04 641.00
431.00 641.96
431.04 642.00
432.00 642.96
432.04 643.00
433.00 643.96
433.04 644.00
434.00 644.96
435.00 644.96
435.04 645.00
436.00 645.96
436.04 646.00
437.00 646.96
438.00 646.96
438.04 647.00
439.00 647.96
440.00 647.96
441.00 647.96
441.04 648.00
442.00 648.96
443.00 648.96
444.00 648.96
444.04 649.00
445.00 649.96
446.00 649.96
447.00 649.96
448.00 649.96
448.04 650.00
449.00 650.96
450.00 650.96
451.00 650.96
452.00 650.96
453.00 650.96
454.00 650.96
455.00 650.96
456.00 650.96
457.00 650.96
458.00 650.96
459.00 650.96
460.00 650.96
460.96 650.00
461.00 649.96
462.00 649.96
463.00 649.96
464.00 649.96
464.96 649.00
465.00 648.96
466.00 648.96
466.96 648.00
467.00 647.96
468.00 647.96
468.96 647.00
469.00 646.96
470.00 646.96
470.96 646.00
471.00 645.96
471.96 645.00
472.00 644.96
472.96 644.00
473.00 643.96
474.00 643.96
474.96 643.00
475.00 642.96
475.96 642.00
476.00 641.96
476.96 641.00
477.00 640.96
477.96 640.00
478.00 639.96
478.96 639.00
479.00 638.96
479.96 638.00
479.96 637.00
480.00 636.96
480.96 636.00
480.96 635.00
481.00 634.96
481.96 634.00
481.96 633.00
481.96 632.00
482.00 631.96
482.96 631.00
482.96 630.00
482.96 629.00
482.96 628.00
482.96 627.00
483.00 626.96
483.96 626.00

Contour 13:
512.97 149.00
512.97 148.00
512.97 147.00
512.97 146.00
512.97 145.00
512.97 144.00
512.97 143.00
512.97 142.00
512.97 141.00
512.00 140.03
511.97 140.00
511.97 139.00
511.97 138.00
511.97 137.00
511.00 136.03
510.97 136.00
510.97 135.00
510.97 134.00
510.00 133.03
509.97 133.00
509.97 132.00
509.97 131.00
509.00 130.03
508.97 130.00
508.97 129.00
508.00 128.03
507.97 128.00
507.97 127.00
507.00 126.03
506.97 126.00
506.97 125.00
506.00 124.03
505.97 124.00
505.97 123.00
505.00 122.03
504.97 122.00
504.00 121.03
503.97 121.00
503.97 120.00
503.00 119.03
502.97 119.00
502.00 118.03
501.97 118.00
501.00 117.03
500.97 117.00
500.00 116.03
499.97 116.00
499.00 115.03
498.00 115.03
497.97 115.00
497.00 114.03
496.00 114.03
495.97 114.00
495.00 113.03
494.00 113.03
493.97 113.00
493.00 112.03
492.00 112.03
491.97 112.00
491.00 111.03
490.00 111.03
489.00 111.03
488.00 111.03
487.00 111.03
486.00 111.03
485.00 111.03
484.00 111.03
483.00 111.03
482.03 112.00
482.00 112.03
481.00 112.03
480.00 112.03
479.03 113.00
479.00 113.03
478.00 113.03
477.03 114.00
477.00 114.03
476.03 115.00
476.00 115.03
475.00 115.03
474.03 116.00
474.00 116.03
473.03 117.00
473.00 117.03
472.03 118.00
472.00 118.03
471.03 119.00
471.00 119.03
470.03 120.00
470.00 120.03
469.03 121.00
469.00 121.03
468.03 122.00
468.03 123.00
468.00 123.03
467.03 124.00
467.03 125.00
467.00 125.03
466.03 126.00
466.00 126.03
465.03 127.00
465.03 128.00
465.00 128.03
464.03 129.00
464.03 130.00
464.00 130.03
463.03 131.00
463.03 132.00
463.03 133.00
463.00 133.03
462.03 134.00
462.03 135.00
462.03 136.00
462.03 137.00
462.03 138.00
462.00 138.03
461.03 139.00
461.03 140.00
461.03 141.00
461.03 142.00
461.03 143.00
461.03 144.00
461.03 145.00
461.03 146.00
462.00 146.97
462.03 147.00
462.03 148.00
462.03 149.00
462.03 150.00
462.03 151.00
463.00 151.97
463.03 152.00
463.03 153.00
463.03 154.00
464.00 154.97
464.03 155.00
464.03 156.00
465.00 156.97
465.03 157.00
465.03 158.00
466.00 158.97
466.03 159.00
466.03 160.00
467.00 160.97
467.03 161.00
467.03 162.00
468.00 162.97
468.03 163.00
469.00 163.97
469.03 164.00
470.00 164.97
470.03 165.00
470.03 166.00
471.00 166.97
471.03 167.00
472.00 167.97
473.00 167.97
473.03 168.00
474.00 168.97
474.03 169.00
475.00 169.97
475.03 170.00
476.00 170.97
477.00 170.97
477.03 171.00
478.00 171.97
479.00 171.97
479.03 172.00
480.00 172.97
481.00 172.97
482.00 172.97
483.00 172.97
483.03 173.00
484.00 173.97
485.00 173.97
486.00 173.97
487.00 173.97
487.03 174.00
488.00 174.97
489.00 174.97
490.00 174.97
491.00 174.97
492.00 174.97
492.97 174.00
493.00 173.97
494.00 173.97
495.00 173.97
495.97 173.00
496.00 172.97
497.00 172.97
498.00 172.97
498.97 172.00
499.00 171.97
500.00 171.97
500.97 171.00
501.00 170.97
501.97 170.00
502.00 169.97
502.97 169.00
503.00 168.97
503.97 168.00
504.00 167.97
504.97 167.00
505.00 166.97
505.97 166.00
506.00 165.97
506.97 165.00
507.00 164.97
507.97 164.00
507.97 163.00
508.00 162.97
508.97 162.00
508.97 161.00
509.00 160.97
509.97 160.00
509.97 159.00
510.00 158.97
510.97 158.00
510.97 157.00
510.97 156.00
510.97 155.00
511.00 154.97
511.97 154.00
511.97 153.00
511.97 152.00
511.97 151.00
511.97 150.00
512.00 149.97
512.97 149.00

Contour 14:
568.97 62.00
568.97 61.00
568.97 60.00
568.97 59.00
568.97 58.00
568.97 57.00
568.97 56.00
568.97 55.00
568.97 54.00
568.97 53.00
568.97 52.00
568.97 51.00
568.97 50.00
568.97 49.00
568.00 48.03
567.97 48.00
567.97 47.00
567.97 46.00
567.97 45.00
567.00 44.03
566.97 44.00
566.97 43.00
566.00 42.03
565.97 42.00
565.00 41.03
564.97 41.00
564.00 40.03
563.97 40.00
563.00 39.03
562.97 39.00
562.00 38.03
561.97 38.00
561.00 37.03
560.00 37.03
559.97 37.00
559.00 36.03
558.97 36.00
558.00 35.03
557.97 35.00
557.00 34.03
556.00 34.03
555.97 34.00
555.00 33.03
554.97 33.00
554.00 32.03
553.97 32.00
553.00 31.03
552.00 31.03
551.97 31.00
551.00 30.03
550.97 30.00
550.00 29.03
549.97 29.00
549.00 28.03
548.97 28.00
548.00 27.03
547.97 27.00
547.00 26.03
546.00 26.03
545.97 26.00
545.00 25.03
544.97 25.00
544.00 24.03
543.97 24.00
543.00 23.03
542.97 23.00
542.00 22.03
541.97 22.00
541.00 21.03
540.00 21.03
539.97 21.00
539.00 20.03
538.00 20.03
537.97 20.00
537.00 19.03
536.00 19.03
535.97 19.00
535.00 18.03
534.00 18.03
533.97 18.00
533.00 17.03
532.00 17.03
531.00 17.03
530.00 17.03
529.00 17.03
528.00 17.03
527.97 17.00
527.00 16.03
526.00 16.03
525.00 16.03
524.00 16.03
523.00 16.03
522.00 16.03
521.00 16.03
520.00 16.03
519.00 16.03
518.00 16.03
517.00 16.03
516.00 16.03
515.00 16.03
514.00 16.03
513.00 16.03
512.00 16.03
511.00 16.03
510.00 16.03
509.00 16.03
508.00 16.03
507.03 17.00
507.00 17.03
506.00 17.03
505.03 18.00
505.00 18.03
504.00 18.03
503.03 19.00
503.00 19.03
502.03 20.00
502.00 20.03
501.03 21.00
501.00 21.03
500.03 22.00
500.00 22.03
499.03 23.00
499.00 23.03
498.03 24.00
498.03 25.00
498.00 25.03
497.03 26.00
497.03 27.00
497.03 28.00
497.03 29.00
497.03 30.00
497.00 30.03
496.03 31.00
496.03 32.00
496.03 33.00
496.03 34.00
496.03 35.00
496.03 36.00
496.03 37.00
496.03 38.00
496.00 38.03
495.03 39.00
495.03 40.00
495.03 41.00
495.03 42.00
495.03 43.00
495.03 44.00
495.03 45.00
495.03 46.00
495.03 47.00
495.03 48.00
495.03 49.00
495.03 50.00
495.03 51.00
495.03 52.00
495.03 53.00
495.03 54.00
496.00 54.97
496.03 55.00
496.03 56.00
496.03 57.00
496.03 58.00
497.00 58.97
497.03 59.00
497.03 60.00
497.03 61.00
497.03 62.00
498.00 62.97
498.03 63.00
498.03 64.00
499.00 64.97
499.03 65.00
499.03 66.00
499.03 67.00
500.00 67.97
500.03 68.00
500.03 69.00
501.00 69.97
501.03 70.00
501.03 71.00
502.00 71.97
502.03 72.00
503.00 72.97
503.03 73.00
503.03 74.00
504.00 74.97
504.03 75.00
505.00 75.97
505.03 76.00
506.00 76.97
506.03 77.00
507.00 77.97
507.03 78.00
508.00 78.97
508.03 79.00
509.00 79.97
510.00 79.97
510.03 80.00
511.00 80.97
511.03 81.00
512.00 81.97
513.00 81.97
513.03 82.00
514.00 82.97
515.00 82.97
515.03 83.00
516.00 83.97
517.00 83.97
517.03 84.00
518.00 84.97
519.00 84.97
519.03 85.00
520.00 85.97
521.00 85.97
522.00 85.97
522.03 86.00
523.00 86.97
524.00 86.97
525.00 86.97
526.00 86.97
527.00 86.97
527.03 87.00
528.00 87.97
529.00 87.97
530.00 87.97
531.00 87.97
532.00 87.97
533.00 87.97
534.00 87.97
535.00 87.97
536.00 87.97
537.00 87.97
538.00 87.97
539.00 87.97
540.00 87.97
541.00 87.97
541.97 87.00
542.00 86.97
543.00 86.97
544.00 86.97
544.97 86.00
545.00 85.97
546.00 85.97
547.00 85.97
547.97 85.00
548.00 84.97
549.00 84.97
549.97 84.00
550.00 83.97
551.00 83.97
551.97 83.00
552.00 82.97
552.97 82.00
553.00 81.97
554.00 81.97
554.97 81.00
555.00 80.97
555.97 80.00
556.00 79.97
557.00 79.97
557.97 79.00
558.00 78.97
558.97 78.00
558.97 77.00
559.00 76.97
559.97 76.00
560.00 75.97
560.97 75.00
561.00 74.97
561.97 74.00
562.00 73.97
562.97 73.00
562.97 72.00
563.00 71.97
563.97 71.00
563.97 70.00
564.00 69.97
564.97 69.00
565.00 68.97
565.97 68.00
565.97 67.00
566.00 66.97
566.97 66.00
566.97 65.00
567.00 64.97
567.97 64.00
567.97 63.00
568.00 62.97
568.97 62.00

Contour 15:
608.97 643.00
608.97 642.00
608.97 641.00
608.00 640.03
607.97 640.00
607.97 639.00
607.97 638.00
607.97 637.00
607.97 636.00
607.97 635.00
607.97 634.00
607.97 633.00
607.97 632.00
607.97 631.00
607.97 630.00
607.97 629.00
607.97 628.00
607.97 627.00
607.00 626.03
606.97 626.00
606.97 625.00
606.97 624.00
606.00 623.03
605.97 623.00
605.97 622.00
605.00 621.03
604.97 621.00
604.00 620.03
603.97 620.00
603.97 619.00
603.00 618.03
602.97 618.00
602.00 617.03
601.97 617.00
601.00 616.03
600.97 616.00
600.00 615.03
599.97 615.00
599.00 614.03
598.97 614.00
598.00 613.03
597.97 613.00
597.00 612.03
596.97 612.00
596.00 611.03
595.97 611.00
595.00 610.03
594.00 610.03
593.97 610.00
593.00 609.03
592.97 609.00
592.00 608.03
591.00 608.03
590.97 608.00
590.00 607.03
589.00 607.03
588.97 607.00
588.00 606.03
587.97 606.00
587.00 605.03
586.00 605.03
585.97 605.00
585.00 604.03
584.00 604.03
583.00 604.03
582.97 604.00
582.00 603.03
581.00 603.03
580.00 603.03
579.00 603.03
578.00 603.03
577.00 603.03
576.00 603.03
575.00 603.03
574.03 604.00
574.00 604.03
573.00 604.03
572.00 604.03
571.00 604.03
570.00 604.03
569.03 605.00
569.00 605.03
568.00 605.03
567.00 605.03
566.03 606.00
566.00 606.03
565.00 606.03
564.03 607.00
564.00 607.03
563.00 607.03
562.00 607.03
561.03 608.00
561.00 608.03
560.00 608.03
559.03 609.00
559.00 609.03
558.00 609.03
557.03 610.00
557.00 610.03
556.00 610.03
555.03 611.00
555.00 611.03
554.03 612.00
554.00 612.03
553.00 612.03
552.03 613.00
552.00 613.03
551.03 614.00
551.00 614.03
550.03 615.00
550.00 615.03
549.03 616.00
549.00 616.03
548.03 617.00
548.00 617.03
547.03 618.00
547.00 618.03
546.03 619.00
546.03 620.00
546.00 620.03
545.03 621.00
545.03 622.00
545.00 622.03
544.03 623.00
544.03 624.00
544.00 624.03
543.03 625.00
543.03 626.00
543.03 627.00
543.03 628.00
543.00 628.03
542.03 629.00
542.03 630.00
542.03 631.00
542.03 632.00
542.03 633.00
542.03 634.00
542.03 635.00
542.03 636.00
542.03 637.00
542.03 638.00
543.00 638.97
543.03 639.00
543.03 640.00
543.03 641.00
543.03 642.00
544.00 642.97
544.03 643.00
544.03 644.00
544.03 645.00
545.00 645.97
545.03 646.00
545.03 647.00
546.00 647.97
546.03 648.00
546.03 649.00
546.03 650.00
547.00 650.97
547.03 651.00
547.03 652.00
548.00 652.97
548.03 653.00
549.00 653.97
549.03 654.00
549.03 655.00
550.00 655.97
550.03 656.00
551.00 656.97
551.03 657.00
552.00 657.97
552.03 658.00
553.00 658.97
553.03 659.00
554.00 659.97
554.03 660.00
555.00 660.97
555.03 661.00
556.00 661.97
557.00 661.97
557.03 662.00
558.00 662.97
558.03 663.00
559.00 663.97
559.03 664.00
560.00 664.97
561.00 664.97
561.03 665.00
562.00 665.97
563.00 665.97
563.03 666.00
564.00 666.97
565.00 666.97
565.03 667.00
566.00 667.97
567.00 667.97
567.03 668.00
568.00 668.97
569.00 668.97
570.00 668.97
571.00 668.97
572.00 668.97
572.03 669.00
573.00 669.97
574.00 669.97
575.00 669.97
576.00 669.97
577.00 669.97
578.00 669.97
579.00 669.97
580.00 669.97
581.00 669.97
582.00 669.97
583.00 669.97
583.97 669.00
584.00 668.97
585.00 668.97
586.00 668.97
587.00 668.97
587.97 668.00
588.00 667.97
589.00 667.97
589.97 667.00
590.00 666.97
591.00 666.97
591.97 666.00
592.00 665.97
593.00 665.97
593.97 665.00
594.00 664.97
594.97 664.00
595.00 663.97
596.00 663.97
596.97 663.00
597.00 662.97
597.97 662.00
598.00 661.97
598.97 661.00
599.00 660.97
599.97 660.00
600.00 659.97
600.97 659.00
601.00 658.97
601.97 658.00
602.00 657.97
602.97 657.00
603.00 656.97
603.97 656.00
603.97 655.00
604.00 654.97
604.97 654.00
605.00 653.97
605.97 653.00
605.97 652.00
606.00 651.97
606.97 651.00
606.97 650.00
606.97 649.00
607.00 648.97
607.97 648.00
607.97 647.00
607.97 646.00
607.97 645.00
607.97 644.00
608.00 643.97
608.97 643.00

Contour 16:
658.97 427.00
658.97 426.00
658.97 425.00
658.97 424.00
658.97 423.00
658.97 422.00
658.97 421.00
658.00 420.03
657.97 420.00
657.97 419.00
657.97 418.00
657.97 417.00
657.97 416.00
657.97 415.00
657.00 414.03
656.97 414.00
656.97 413.00
656.97 412.00
656.00 411.03
655.97 411.00
655.97 410.00
655.00 409.03
654.97 409.00
654.00 408.03
653.97 408.00
653.97 407.00
653.00 406.03
652.97 406.00
652.00 405.03
651.97 405.00
651.00 404.03
650.97 404.00
650.00 403.03
649.97 403.00
649.00 402.03
648.97 402.00
648.00 401.03
647.97 401.00
647.00 400.03
646.97 400.00
646.00 399.03
645.97 399.00
645.00 398.03
644.97 398.00
644.00 397.03
643.97 397.00
643.00 396.03
642.97 396.00
642.00 395.03
641.00 395.03
640.97 395.00
640.00 394.03
639.00 394.03
638.97 394.00
638.00 393.03
637.00 393.03
636.97 393.00
636.00 392.03
635.00 392.03
634.00 392.03
633.00 392.03
632.97 392.00
632.00 391.03
631.00 391.03
630.00 391.03
629.00 391.03
628.00 391.03
627.00 391.03
626.00 391.03
625.00 391.03
624.00 391.03
623.00 391.03
622.00 391.03
621.00 391.03
620.00 391.03
619.00 391.03
618.00 391.03
617.03 392.00
617.00 392.03
616.00 392.03
615.00 392.03
614.00 392.03
613.00 392.03
612.03 393.00
612.00 393.03
611.00 393.03
610.00 393.03
609.03 394.00
609.00 394.03
608.00 394.03
607.03 395.00
607.00 395.03
606.03 396.00
606.00 396.03
605.00 396.03
604.03 397.00
604.00 397.03
603.00 397.03
602.03 398.00
602.00 398.03
601.03 399.00
601.00 399.03
600.03 400.00
600.00 400.03
599.03 401.00
599.00 401.03
598.03 402.00
598.00 402.03
597.03 403.00
597.03 404.00
597.00 404.03
596.03 405.00
596.00 405.03
595.03 406.00
595.00 406.03
594.03 407.00
594.00 407.03
593.03 408.00
593.03 409.00
593.00 409.03
592.03 410.00
592.03 411.00
592.00 411.03
591.03 412.00
591.03 413.00
591.03 414.00
591.00 414.03
590.03 415.00
590.03 416.00
590.03 417.00
590.03 418.00
590.00 418.03
589.03 419.00
589.03 420.00
589.03 421.00
589.03 422.00
589.03 423.00
589.00 423.03
588.03 424.00
588.03 425.00
588.03 426.00
588.03 427.00
589.00 427.97
589.03 428.00
589.03 429.00
589.03 430.00
589.03 431.00
589.03 432.00
589.03 433.00
590.00 433.97
590.03 434.00
590.03 435.00
590.03 436.00
591.00 436.97
591.03 437.00
591.03 438.00
591.03 439.00
592.00 439.97
592.03 440.00
592.03 441.00
593.00 441.97
593.03 442.00
593.03 443.00
594.00 443.97
594.03 444.00
594.03 445.00
595.00 445.97
595.03 446.00
596.00 446.97
596.03 447.00
596.03 448.00
597.00 448.97
597.03 449.00
598.00 449.97
598.03 450.00
599.00 450.97
599.03 451.00
600.00 451.97
600.03 452.00
601.00 452.97
602.00 452.97
602.03 453.00
603.00 453.97
604.00 453.97
604.03 454.00
605.00 454.97
606.00 454.97
606.03 455.00
607.00 455.97
608.00 455.97
608.03 456.00
609.00 456.97
610.00 456.97
611.00 456.97
611.03 457.00
612.00 457.97
613.00 457.97
614.00 457.97
615.00 457.97
616.00 457.97
616.03 458.00
617.00 458.97
618.00 458.97
619.00 458.97
620.00 458.97
621.00 458.97
622.00 458.97
623.00 458.97
624.00 458.97
625.00 458.97
626.00 458.97
627.00 458.97
628.00 458.97
628.97 458.00
629.00 457.97
630.00 457.97
631.00 457.97
632.00 457.97
633.00 457.97
634.00 457.97
634.97 457.00
635.00 456.97
636.00 456.97
636.97 456.00
637.00 455.97
638.00 455.97
639.00 455.97
639.97 455.00
640.00 454.97
640.97 454.00
641.00 453.97
642.00 453.97
642.97 453.00
643.00 452.97
643.97 452.00
644.00 451.97
645.00 451.97
645.97 451.00
646.00 450.97
646.97 450.00
647.00 449.97
647.97 449.00
648.00 448.97
648.97 448.00
649.00 447.97
649.97 447.00
650.00 446.97
650.97 446.00
651.00 445.97
651.97 445.00
652.00 444.97
652.97 444.00
653.00 443.97
653.97 443.00
653.97 442.00
654.00 441.97
654.97 441.00
654.97 440.00
655.00 439.97
655.97 439.00
655.97 438.00
655.97 437.00
656.00 436.97
656.97 436.00
656.97 435.00
656.97 434.00
657.00 433.97
657.97 433.00
657.97 432.00
657.97 431.00
657.97 430.00
657.97 429.00
657.97 428.00
658.00 427.97
658.97 427.00

Contour 17:
663.97 95.00
663.97 94.00
663.97 93.00
663.97 92.00
663.97 91.00
663.97 90.00
663.97 89.00
663.97 88.00
663.97 87.00
663.97 86.00
663.00 85.03
662.97 85.00
662.97 84.00
662.97 83.00
662.97 82.00
662.00 81.03
661.97 81.00
661.97 80.00
661.00 79.03
660.97 79.00
660.00 78.03
659.97 78.00
659.97 77.00
659.00 76.03
658.97 76.00
658.00 75.03
657.97 75.00
657.00 74.03
656.97 74.00
656.00 73.03
655.97 73.00
655.00 72.03
654.97 72.00
654.00 71.03
653.97 71.00
653.97 70.00
653.00 69.03
652.97 69.00
652.00 68.03
651.00 68.03
650.97 68.00
650.00 67.03
649.97 67.00
649.00 66.03
648.00 66.03
647.97 66.00
647.00 65.03
646.00 65.03
645.97 65.00
645.00 64.03
644.00 64.03
643.97 64.00
643.00 63.03
642.00 63.03
641.00 63.03
640.97 63.00
640.00 62.03
639.00 62.03
638.00 62.03
637.00 62.03
636.00 62.03
635.97 62.00
635.00 61.03
634.00 61.03
633.00 61.03
632.00 61.03
631.00 61.03
630.00 61.03
629.00 61.03
628.00 61.03
627.00 61.03
626.00 61.03
625.00 61.03
624.00 61.03
623.03 62.00
623.00 62.03
622.00 62.03
621.00 62.03
620.00 62.03
619.03 63.00
619.00 63.03
618.00 63.03
617.00 63.03
616.03 64.00
616.00 64.03
615.00 64.03
614.03 65.00
614.00 65.03
613.00 65.03
612.03 66.00
612.00 66.03
611.00 66.03
610.03 67.00
610.00 67.03
609.03 68.00
609.00 68.03
608.00 68.03
607.03 69.00
607.00 69.03
606.03 70.00
606.00 70.03
605.03 71.00
605.00 71.03
604.03 72.00
604.00 72.03
603.03 73.00
603.00 73.03
602.03 74.00
602.00 74.03
601.03 75.00
601.03 76.00
601.00 76.03
600.03 77.00
600.00 77.03
599.03 78.00
599.03 79.00
599.00 79.03
598.03 80.00
598.03 81.00
598.03 82.00
598.00 82.03
597.03 83.00
597.03 84.00
597.03 85.00
597.03 86.00
597.03 87.00
597.03 88.00
597.03 89.00
597.03 90.00
597.03 91.00
598.00 91.97
598.03 92.00
598.03 93.00
598.03 94.00
598.03 95.00
599.00 95.97
599.03 96.00
599.03 97.00
600.00 97.97
600.03 98.00
600.03 99.00
601.00 99.97
601.03 100.00
601.03 101.00
602.00 101.97
602.03 102.00
602.03 103.00
603.00 103.97
603.03 104.00
604.00 104.97
604.03 105.00
605.00 105.97
605.03 106.00
606.00 106.97
606.03 107.00
606.03 108.00
607.00 108.97
607.03 109.00
608.00 109.97
608.03 110.00
609.00 110.97
610.00 110.97
610.03 111.00
611.00 111.97
611.03 112.00
612.00 112.97
613.00 112.97
613.03 113.00
614.00 113.97
615.00 113.97
615.03 114.00
616.00 114.97
617.00 114.97
617.03 115.00
618.00 115.97
619.00 115.97
620.00 115.97
620.03 116.00
621.00 116.97
622.00 116.97
623.00 116.97
624.00 116.97
625.00 116.97
626.00 116.97
627.00 116.97
628.00 116.97
629.00 116.97
630.00 116.97
631.00 116.97
632.00 116.97
633.00 116.97
633.97 116.00
634.00 115.97
635.00 115.97
636.00 115.97
636.97 115.00
637.00 114.97
638.00 114.97
639.00 114.97
639.97 114.00
640.00 113.97
641.00 113.97
642.00 113.97
643.00 113.97
643.97 113.00
644.00 112.97
645.00 112.97
646.00 112.97
646.97 112.00
647.00 111.97
648.00 111.97
649.00 111.97
649.97 111.00
650.00 110.97
651.00 110.97
651.97 110.00
652.00 109.97
653.00 109.97
653.97 109.00
654.00 108.97
654.97 108.00
655.00 107.97
656.00 107.97
656.97 107.00
657.00 106.97
657.97 106.00
658.00 105.97
658.97 105.00
659.00 104.97
659.97 104.00
659.97 103.00
660.00 102.97
660.97 102.00
661.00 101.97
661.97 101.00
661.97 100.00
662.00 99.97
662.97 99.00
662.97 98.00
662.97 97.00
662.97 96.00
663.00 95.97
663.97 95.00

Contour 18:
702.98 902.00
702.98 901.00
702.98 900.00
702.98 899.00
702.98 898.00
702.98 897.00
702.00 896.02
701.98 896.00
701.98 895.00
701.98 894.00
701.00 893.02
700.98 893.00
700.98 892.00
700.00 891.02
699.98 891.00
699.98 890.00
699.00 889.02
698.98 889.00
698.00 888.02
697.98 888.00
697.98 887.00
697.00 886.02
696.98 886.00
696.00 885.02
695.98 885.00
695.00 884.02
694.98 884.00
694.00 883.02
693.98 883.00
693.00 882.02
692.00 882.02
691.98 882.00
691.00 881.02
690.98 881.00
690.00 880.02
689.98 880.00
689.00 879.02
688.00 879.02
687.98 879.00
687.00 878.02
686.98 878.00
686.00 877.02
685.98 877.00
685.00 876.02
684.00 876.02
683.98 876.00
683.00 875.02
682.98 875.00
682.00 874.02
681.98 874.00
681.00 873.02
680.98 873.00
680.00 872.02
679.00 872.02
678.98 872.00
678.00 871.02
677.98 871.00
677.00 870.02
676.98 870.00
676.00 869.02
675.00 869.02
674.98 869.00
674.00 868.02
673.98 868.00
673.00 867.02
672.00 867.02
671.98 867.00
671.00 866.02
670.98 866.00
670.00 865.02
669.00 865.02
668.98 865.00
668.00 864.02
667.00 864.02
666.98 864.00
666.00 863.02
665.00 863.02
664.00 863.02
663.98 863.00
663.00 862.02
662.00 862.02
661.00 862.02
660.00 862.02
659.00 862.02
658.00 862.02
657.00 862.02
656.00 862.02
655.00 862.02
654.00 862.02
653.02 863.00
653.00 863.02
652.00 863.02
651.00 863.02
650.02 864.00
650.00 864.02
649.00 864.02
648.00 864.02
647.02 865.00
647.00 865.02
646.00 865.02
645.02 866.00
645.00 866.02
644.02 867.00
644.00 867.02
643.00 867.02
642.02 868.00
642.00 868.02
641.00 868.02
640.02 869.00
640.00 869.02
639.02 870.00
639.00 870.02
638.02 871.00
638.00 871.02
637.02 872.00
637.00 872.02
636.00 872.02
635.02 873.00
635.00 873.02
634.02 874.00
634.00 874.02
633.02 875.00
633.00 875.02
632.02 876.00
632.02 877.00
632.00 877.02
631.02 878.00
631.02 879.00
631.00 879.02
630.02 880.00
630.02 881.00
630.00 881.02
629.02 882.00
629.02 883.00
629.02 884.00
629.02 885.00
629.02 886.00
629.02 887.00
629.02 888.00
630.00 888.98
630.02 889.00
630.02 890.00
630.02 891.00
631.00 891.98
631.02 892.00
631.02 893.00
631.02 894.00
632.00 894.98
632.02 895.00
633.00 895.98
633.02 896.00
633.02 897.00
634.00 897.98
634.02 898.00
635.00 898.98
635.02 899.00
636.00 899.98
636.02 900.00
637.00 900.98
637.02 901.00
638.00 901.98
638.02 902.00
639.00 902.98
639.02 903.00
640.00 903.98
640.02 904.00
641.00 904.98
642.00 904.98
642.02 905.00
643.00 905.98
643.02 906.00
644.00 906.98
645.00 906.98
645.02 907.00
646.00 907.98
646.02 908.00
647.00 908.98
648.00 908.98
648.02 909.00
649.00 909.98
650.00 909.98
650.02 910.00
651.00 910.98
652.00 910.98
653.00 910.98
653.02 911.00
654.00 911.98
655.00 911.98
655.02 912.00
656.00 912.98
657.00 912.98
657.02 913.00
658.00 913.98
659.00 913.98
660.00 913.98
660.02 914.00
661.00 914.98
662.00 914.98
663.00 914.98
663.02 915.00
664.00 915.98
665.00 915.98
666.00 915.98
666.02 916.00
667.00 916.98
668.00 916.98
669.00 916.98
669.02 917.00
670.00 917.98
671.00 917.98
671.02 918.00
672.00 918.98
673.00 918.98
674.00 918.98
674.02 919.00
675.00 919.98
676.00 919.98
677.00 919.98
678.00 919.98
678.02 920.00
679.00 920.98
680.00 920.98
681.00 920.98
682.00 920.98
683.00 920.98
684.00 920.98
685.00 920.98
686.00 920.98
687.00 920.98
688.00 920.98
688.98 920.00
689.00 919.98
690.00 919.98
690.98 919.00
691.00 918.98
692.00 918.98
692.98 918.00
693.00 917.98
694.00 917.98
694.98 917.00
695.00 916.98
695.98 916.00
696.00 915.98
696.98 915.00
696.98 914.00
697.00 913.98
697.98 913.00
698.00 912.98
698.98 912.00
698.98 911.00
699.00 910.98
699.98 910.00
700.00 909.98
700.98 909.00
700.98 908.00
700.98 907.00
701.00 906.98
701.98 906.00
701.98 905.00
701.98 904.00
701.98 903.00
702.00 902.98
702.98 902.00

Contour 19:
696.98 242.00
696.98 241.00
696.98 240.00
696.98 239.00
696.98 238.00
696.98 237.00
696.98 236.00
696.98 235.00
696.98 234.00
696.00 233.02
695.98 233.00
695.98 232.00
695.98 231.00
695.98 230.00
695.98 229.00
695.98 228.00
695.00 227.02
694.98 227.00
694.98 226.00
694.98 225.00
694.98 224.00
694.98 223.00
694.98 222.00
694.00 221.02
693.98 221.00
693.98 220.00
693.00 219.02
692.98 219.00
692.98 218.00
692.00 217.02
691.98 217.00
691.98 216.00
691.00 215.02
690.98 215.00
690.00 214.02
689.98 214.00
689.98 213.00
689.00 212.02
688.98 212.00
688.00 211.02
687.98 211.00
687.00 210.02
686.98 210.00
686.00 209.02
685.98 209.00
685.98 208.00
685.00 207.02
684.98 207.00
684.00 206.02
683.98 206.00
683.00 205.02
682.00 205.02
681.98 205.00
681.00 204.02
680.98 204.00
680.00 203.02
679.98 203.00
679.00 202.02
678.00 202.02
677.98 202.00
677.00 201.02
676.00 201.02
675.98 201.00
675.00 200.02
674.00 200.02
673.98 200.00
673.00 199.02
672.00 199.02
671.00 199.02
670.98 199.00
670.00 198.02
669.00 198.02
668.00 198.02
667.00 198.02
666.00 198.02
665.00 198.02
664.00 198.02
663.00 198.02
662.00 198.02
661.00 198.02
660.00 198.02
659.00 198.02
658.00 198.02
657.02 199.00
657.00 199.02
656.00 199.02
655.02 200.00
655.00 200.02
654.00 200.02
653.02 201.00
653.00 201.02
652.00 201.02
651.02 202.00
651.00 202.02
650.02 203.00
650.00 203.02
649.00 203.02
648.02 204.00
648.00 204.02
647.02 205.00
647.00 205.02
646.02 206.00
646.00 206.02
645.02 207.00
645.00 207.02
644.02 208.00
644.00 208.02
643.02 209.00
643.02 210.00
643.00 210.02
642.02 211.00
642.00 211.02
641.02 212.00
641.00 212.02
640.02 213.00
640.02 214.00
640.00 214.02
639.02 215.00
639.00 215.02
638.02 216.00
638.02 217.00
638.00 217.02
637.02 218.00
637.02 219.00
637.02 220.00
637.02 221.00
637.00 221.02
636.02 222.00
636.02 223.00
636.02 224.00
636.02 225.00
636.02 226.00
636.02 227.00
636.02 228.00
636.02 229.00
636.02 230.00
636.02 231.00
636.02 232.00
637.00 232.98
637.02 233.00
637.02 234.00
637.02 235.00
637.02 236.00
638.00 236.98
638.02 237.00
638.02 238.00
638.02 239.00
638.02 240.00
639.00 240.98
639.02 241.00
639.02 242.00
639.02 243.00
639.02 244.00
640.00 244.98
640.02 245.00
640.02 246.00
641.00 246.98
641.02 247.00
641.02 248.00
641.02 249.00
642.00 249.98
642.02 250.00
642.02 251.00
643.00 251.98
643.02 252.00
644.00 252.98
644.02 253.00
644.02 254.00
645.00 254.98
645.02 255.00
646.00 255.98
646.02 256.00
647.00 256.98
647.02 257.00
648.00 257.98
648.02 258.00
649.00 258.98
649.02 259.00
650.00 259.98
650.02 260.00
651.00 260.98
652.00 260.98
652.02 261.00
653.00 261.98
653.02 262.00
654.00 262.98
655.00 262.98
655.02 263.00
656.00 263.98
657.00 263.98
657.02 264.00
658.00 264.98
659.00 264.98
659.02 265.00
660.00 265.98
661.00 265.98
662.00 265.98
663.00 265.98
664.00 265.98
664.02 266.00
665.00 266.98
666.00 266.98
667.00 266.98
668.00 266.98
669.00 266.98
669.98 266.00
670.00 265.98
671.00 265.98
672.00 265.98
673.00 265.98
674.00 265.98
675.00 265.98
675.98 265.00
676.00 264.98
677.00 264.98
678.00 264.98
678.98 264.00
679.00 263.98
680.00 263.98
681.00 263.98
681.98 263.00
682.00 262.98
683.00 262.98
683.98 262.00
684.00 261.98
684.98 261.00
685.00 260.98
686.00 260.98
686.98 260.00
687.00 259.98
687.98 259.00
688.00 258.98
688.98 258.00
689.00 257.98
689.98 257.00
690.00 256.98
690.98 256.00
691.00 255.98
691.98 255.00
691.98 254.00
692.00 253.98
692.98 253.00
693.00 252.98
693.98 252.00
693.98 251.00
693.98 250.00
694.00 249.98
694.98 249.00
694.98 248.00
695.00 247.98
695.98 247.00
695.98 246.00
695.98 245.00
695.98 244.00
695.98 243.00
696.00 242.98
696.98 242.00

Contour 20:
709.98 605.00
709.98 604.00
709.98 603.00
709.00 602.02
708.98 602.00
708.98 601.00
708.98 600.00
708.98 599.00
708.98 598.00
708.98 597.00
708.98 596.00
708.98 595.00
708.98 594.00
708.00 593.02
707.98 593.00
707.98 592.00
707.98 591.00
707.00 590.02
706.98 590.00
706.98 589.00
706.00 588.02
705.98 588.00
705.98 587.00
705.00 586.02
704.98 586.00
704.98 585.00
704.00 584.02
703.98 584.00
703.00 583.02
702.98 583.00
702.00 582.02
701.98 582.00
701.98 581.00
701.00 580.02
700.98 580.00
700.00 579.02
699.98 579.00
699.00 578.02
698.98 578.00
698.00 577.02
697.98 577.00
697.00 576.02
696.00 576.02
695.98 576.00
695.00 575.02
694.98 575.00
694.00 574.02
693.00 574.02
692.98 574.00
692.00 573.02
691.00 573.02
690.98 573.00
690.00 572.02
689.00 572.02
688.00 572.02
687.98 572.00
687.00 571.02
686.00 571.02
685.00 571.02
684.98 571.00
684.00 570.02
683.00 570.02
682.00 570.02
681.00 570.02
680.00 570.02
679.00 570.02
678.00 570.02
677.00 570.02
676.02 571.00
676.00 571.02
675.00 571.02
674.00 571.02
673.00 571.02
672.00 571.02
671.00 571.02
670.02 572.00
670.00 572.02
669.00 572.02
668.00 572.02
667.02 573.00
667.00 573.02
666.00 573.02
665.00 573.02
664.02 574.00
664.00 574.02
663.00 574.02
662.02 575.00
662.00 575.02
661.00 575.02
660.02 576.00
660.00 576.02
659.00 576.02
658.02 577.00
658.00 577.02
657.02 578.00
657.00 578.02
656.02 579.00
656.00 579.02
655.02 580.00
655.00 580.02
654.02 581.00
654.00 581.02
653.02 582.00
653.00 582.02
652.02 583.00
652.00 583.02
651.02 584.00
651.02 585.00
651.00 585.02
650.02 586.00
650.00 586.02
649.02 587.00
649.02 588.00
649.02 589.00
649.00 589.02
648.02 590.00
648.02 591.00
648.02 592.00
648.02 593.00
648.02 594.00
648.02 595.00
648.02 596.00
648.02 597.00
648.02 598.00
648.02 599.00
648.02 600.00
648.02 601.00
649.00 601.98
649.02 602.00
649.02 603.00
650.00 603.98
650.02 604.00
650.02 605.00
651.00 605.98
651.02 606.00
651.02 607.00
652.00 607.98
652.02 608.00
652.02 609.00
653.00 609.98
653.02 610.00
654.00 610.98
654.02 611.00
654.02 612.00
655.00 612.98
655.02 613.00
656.00 613.98
656.02 614.00
656.02 615.00
657.00 615.98
657.02 616.00
658.00 616.98
658.02 617.00
659.00 617.98
659.02 618.00
660.00 618.98
660.02 619.00
661.00 619.98
661.02 620.00
662.00 620.98
662.02 621.00
663.00 621.98
663.02 622.00
664.00 622.98
665.00 622.98
665.02 623.00
666.00 623.98
666.02 624.00
667.00 624.98
668.00 624.98
668.02 625.00
669.00 625.98
670.00 625.98
671.00 625.98
671.02 626.00
672.00 626.98
673.00 626.98
674.00 626.98
674.02 627.00
675.00 627.98
676.00 627.98
677.00 627.98
678.00 627.98
678.02 628.00
679.00 628.98
680.00 628.98
681.00 628.98
682.00 628.98
683.00 628.98
684.00 628.98
684.98 628.00
685.00 627.98
686.00 627.98
687.00 627.98
688.00 627.98
688.98 627.00
689.00 626.98
690.00 626.98
691.00 626.98
691.98 626.00
692.00 625.98
693.00 625.98
694.00 625.98
694.98 625.00
695.00 624.98
696.00 624.98
696.98 624.00
697.00 623.98
697.98 623.00
698.00 622.98
699.00 622.98
699.98 622.00
700.00 621.98
700.98 621.00
701.00 620.98
701.98 620.00
702.00 619.98
702.98 619.00
703.00 618.98
703.98 618.00
704.00 617.98
704.98 617.00
705.00 616.98
705.98 616.00
706.00 615.98
706.98 615.00
706.98 614.00
707.00 613.98
707.98 613.00
707.98 612.00
707.98 611.00
708.00 610.98
708.98 610.00
708.98 609.00
708.98 608.00
708.98 607.00
708.98 606.00
709.00 605.98
709.98 605.00

Contour 21:
766.98 408.00
766.98 407.00
766.98 406.00
766.98 405.00
766.98 404.00
766.98 403.00
766.98 402.00
766.00 401.02
765.98 401.00
765.98 400.00
765.98 399.00
765.98 398.00
765.98 397.00
765.00 396.02
764.98 396.00
764.98 395.00
764.00 394.02
763.98 394.00
763.98 393.00
763.00 392.02
762.98 392.00
762.00 391.02
761.98 391.00
761.00 390.02
760.98 390.00
760.00 389.02
759.98 389.00
759.00 388.02
758.98 388.00
758.00 387.02
757.98 387.00
757.00 386.02
756.98 386.00
756.98 385.00
756.00 384.02
755.98 384.00
755.00 383.02
754.98 383.00
754.00 382.02
753.98 382.00
753.98 381.00
753.00 380.02
752.98 380.00
752.98 379.00
752.00 378.02
751.98 378.00
751.00 377.02
750.98 377.00
750.98 376.00
750.00 375.02
749.98 375.00
749.00 374.02
748.00 374.02
747.98 374.00
747.00 373.02
746.98 373.00
746.00 372.02
745.98 372.00
745.00 371.02
744.00 371.02
743.00 371.02
742.00 371.02
741.98 371.00
741.00 370.02
740.00 370.02
739.02 371.00
739.00 371.02
738.00 371.02
737.00 371.02
736.00 371.02
735.02 372.00
735.00 372.02
734.00 372.02
733.02 373.00
733.00 373.02
732.02 374.00
732.00 374.02
731.02 375.00
731.00 375.02
730.02 376.00
730.00 376.02
729.02 377.00
729.02 378.00
729.00 378.02
728.02 379.00
728.02 380.00
728.00 380.02
727.02 381.00
727.02 382.00
727.02 383.00
727.00 383.02
726.02 384.00
726.02 385.00
726.02 386.00
726.02 387.00
726.02 388.00
726.02 389.00
726.02 390.00
726.02 391.00
726.02 392.00
726.02 393.00
726.02 394.00
726.02 395.00
726.02 396.00
726.02 397.00
726.02 398.00
726.02 399.00
726.02 400.00
726.02 401.00
726.00 401.02
725.02 402.00
725.02 403.00
725.00 403.02
724.02 404.00
724.00 404.02
723.02 405.00
723.02 406.00
723.00 406.02
722.02 407.00
722.00 407.02
721.02 408.00
721.02 409.00
721.00 409.02
720.02 410.00
720.02 411.00
720.02 412.00
720.02 413.00
720.02 414.00
720.00 414.02
719.02 415.00
719.02 416.00
719.02 417.00
720.00 417.98
720.02 418.00
720.02 419.00
720.02 420.00
720.02 421.00
720.02 422.00
721.00 422.98
721.02 423.00
721.02 424.00
721.02 425.00
721.02 426.00
722.00 426.98
722.02 427.00
722.02 428.00
722.02 429.00
723.00 429.98
723.02 430.00
723.02 431.00
724.00 431.98
724.02 432.00
724.02 433.00
725.00 433.98
725.02 434.00
726.00 434.98
726.02 435.00
726.02 436.00
727.00 436.98
728.00 436.98
728.02 437.00
729.00 437.98
729.02 438.00
730.00 438.98
731.00 438.98
731.02 439.00
732.00 439.98
733.00 439.98
734.00 439.98
735.00 439.98
736.00 439.98
737.00 439.98
738.00 439.98
739.00 439.98
740.00 439.98
741.00 439.98
741.98 439.00
742.00 438.98
743.00 438.98
743.98 438.00
744.00 437.98
745.00 437.98
745.98 437.00
746.00 436.98
746.98 436.00
747.00 435.98
747.98 435.00
748.00 434.98
748.98 434.00
749.00 433.98
749.98 433.00
750.00 432.98
750.98 432.00
751.00 431.98
751.98 431.00
752.00 430.98
752.98 430.00
753.00 429.98
753.98 429.00
754.00 428.98
754.98 428.00
755.00 427.98
755.98 427.00
756.00 426.98
756.98 426.00
756.98 425.00
757.00 424.98
757.98 424.00
758.00 423.98
758.98 423.00
758.98 422.00
759.00 421.98
759.98 421.00
760.00 420.98
760.98 420.00
761.00 419.98
761.98 419.00
762.00 418.98
762.98 418.00
763.00 417.98
763.98 417.00
763.98 416.00
764.00 415.98
764.98 415.00
764.98 414.00
764.98 413.00
765.00 412.98
765.98 412.00
765.98 411.00
765.98 410.00
765.98 409.00
766.00 408.98
766.98 408.00

Contour 22:
842.98 810.00
842.98 809.00
842.98 808.00
842.98 807.00
842.98 806.00
842.00 805.02
841.98 805.00
841.98 804.00
841.98 803.00
841.98 802.00
841.98 801.00
841.98 800.00
841.00 799.02
840.98 799.00
840.98 798.00
840.98 797.00
840.98 796.00
840.00 795.02
839.98 795.00
839.98 794.00
839.98 793.00
839.00 792.02
838.98 792.00
838.98 791.00
838.98 790.00
838.00 789.02
837.98 789.00
837.98 788.00
837.00 787.02
836.98 787.00
836.98 786.00
836.98 785.00
836.00 784.02
835.98 784.00
835.00 783.02
834.98 783.00
834.98 782.00
834.00 781.02
833.98 781.00
833.00 780.02
832.98 780.00
832.98 779.00
832.00 778.02
831.98 778.00
831.00 777.02
830.98 777.00
830.98 776.00
830.00 775.02
829.98 775.00
829.00 774.02
828.98 774.00
828.00 773.02
827.98 773.00
827.00 772.02
826.98 772.00
826.00 771.02
825.00 771.02
824.98 771.00
824.00 770.02
823.98 770.00
823.00 769.02
822.98 769.00
822.00 768.02
821.00 768.02
820.98 768.00
820.00 767.02
819.00 767.02
818.98 767.00
818.00 766.02
817.00 766.02
816.98 766.00
816.00 765.02
815.98 765.00
815.00 764.02
814.00 764.02
813.00 764.02
812.98 764.00
812.00 763.02
811.00 763.02
810.00 763.02
809.98 763.00
809.00 762.02
808.00 762.02
807.00 762.02
806.00 762.02
805.00 762.02
804.00 762.02
803.98 762.00
803.00 761.02
802.00 761.02
801.02 762.00
801.00 762.02
800.00 762.02
799.00 762.02
798.00 762.02
797.00 762.02
796.00 762.02
795.00 762.02
794.02 763.00
794.00 763.02
793.00 763.02
792.00 763.02
791.00 763.02
790.02 764.00
790.00 764.02
789.00 764.02
788.02 765.00
788.00 765.02
787.00 765.02
786.00 765.02
785.02 766.00
785.00 766.02
784.02 767.00
784.00 767.02
783.00 767.02
782.02 768.00
782.00 768.02
781.02 769.00
781.00 769.02
780.02 770.00
780.00 770.02
779.00 770.02
778.02 771.00
778.00 771.02
777.02 772.00
777.00 772.02
776.02 773.00
776.00 773.02
775.02 774.00
775.00 774.02
774.02 775.00
774.00 775.02
773.02 776.00
773.00 776.02
772.02 777.00
772.00 777.02
771.02 778.00
771.00 778.02
770.02 779.00
770.00 779.02
769.02 780.00
769.02 781.00
769.00 781.02
768.02 782.00
768.02 783.00
768.00 783.02
767.02 784.00
767.00 784.02
766.02 785.00
766.02 786.00
766.00 786.02
765.02 787.00
765.02 788.00
765.00 788.02
764.02 789.00
764.02 790.00
764.00 790.02
763.02 791.00
763.02 792.00
763.02 793.00
763.00 793.02
762.02 794.00
762.02 795.00
762.00 795.02
761.02 796.00
761.02 797.00
761.02 798.00
761.00 798.02
760.02 799.00
760.02 800.00
760.02 801.00
760.02 802.00
760.02 803.00
760.00 803.02
759.02 804.00
759.02 805.00
759.02 806.00
759.02 807.00
759.02 808.00
759.02 809.00
759.02 810.00
759.02 811.00
759.02 812.00
759.02 813.00
759.02 814.00
760.00 814.98
760.02 815.00
760.02 816.00
760.02 817.00
760.02 818.00
760.02 819.00
761.00 819.98
761.02 820.00
761.02 821.00
761.02 822.00
762.00 822.98
762.02 823.00
762.02 824.00
763.00 824.98
763.02 825.00
763.02 826.00
763.02 827.00
764.00 827.98
764.02 828.00
764.02 829.00
765.00 829.98
765.02 830.00
765.02 831.00
766.00 831.98
766.02 832.00
766.02 833.00
767.00 833.98
767.02 834.00
767.02 835.00
768.00 835.98
768.02 836.00
768.02 837.00
769.00 837.98
769.02 838.00
769.02 839.00
770.00 839.98
770.02 840.00
771.00 840.98
771.02 841.00
772.00 841.98
772.02 842.00
773.00 842.98
773.02 843.00
774.00 843.98
774.02 844.00
775.00 844.98
775.02 845.00
776.00 845.98
776.02 846.00
777.00 846.98
778.00 846.98
778.02 847.00
779.00 847.98
780.00 847.98
780.02 848.00
781.00 848.98
781.02 849.00
782.00 849.98
783.00 849.98
783.02 850.00
784.00 850.98
785.00 850.98
785.02 851.00
786.00 851.98
787.00 851.98
788.00 851.98
788.02 852.00
789.00 852.98
790.00 852.98
791.00 852.98
791.02 853.00
792.00 853.98
793.00 853.98
794.00 853.98
794.02 854.00
795.00 854.98
796.00 854.98
797.00 854.98
798.00 854.98
799.00 854.98
800.00 854.98
801.00 854.98
802.00 854.98
803.00 854.98
804.00 854.98
805.00 854.98
805.98 854.00
806.00 853.98
807.00 853.98
808.00 853.98
809.00 853.98
810.00 853.98
810.98 853.00
811.00 852.98
812.00 852.98
813.00 852.98
813.98 852.00
814.00 851.98
815.00 851.98
816.00 851.98
816.98 851.00
817.00 850.98
817.98 850.00
818.00 849.98
819.00 849.98
819.98 849.00
820.00 848.98
821.00 848.98
821.98 848.00
822.00 847.98
822.98 847.00
823.00 846.98
823.98 846.00
824.00 845.98
825.00 845.98
825.98 845.00
826.00 844.98
826.98 844.00
827.00 843.98
827.98 843.00
828.00 842.98
828.98 842.00
829.00 841.98
829.98 841.00
829.98 840.00
830.00 839.98
830.98 839.00
831.00 838.98
831.98 838.00
832.00 837.98
832.98 837.00
832.98 836.00
833.00 835.98
833.98 835.00
833.98 834.00
834.00 833.98
834.98 833.00
835.00 832.98
835.98 832.00
835.98 831.00
836.00 830.98
836.98 830.00
836.98 829.00
837.00 828.98
837.98 828.00
837.98 827.00
837.98 826.00
838.00 825.98
838.98 825.00
838.98 824.00
839.00 823.98
839.98 823.00
839.98 822.00
839.98 821.00
839.98 820.00
840.00 819.98
840.98 819.00
840.98 818.00
840.98 817.00
840.98 816.00
841.00 815.98
841.98 815.00
841.98 814.00
841.98 813.00
841.98 812.00
841.98 811.00
842.00 810.98
842.98 810.00

