Contour 0:
180.75 307.00
180.75 306.00
180.75 305.00
180.75 304.00
180.75 303.00
180.00 302.25
179.75 302.00
179.75 301.00
179.75 300.00
179.75 299.00
179.00 298.25
178.75 298.00
178.75 297.00
178.75 296.00
178.75 295.00
178.00 294.25
177.75 294.00
177.75 293.00
177.75 292.00
177.00 291.25
176.75 291.00
176.00 290.25
175.75 290.00
175.75 289.00
175.00 288.25
174.75 288.00
174.00 287.25
173.75 287.00
173.00 286.25
172.75 286.00
172.00 285.25
171.75 285.00
171.00 284.25
170.75 284.00
170.00 283.25
169.75 283.00
169.00 282.25
168.00 282.25
167.75 282.00
167.00 281.25
166.00 281.25
165.75 281.00
165.00 280.25
164.00 280.25
163.00 280.25
162.00 280.25
161.75 280.00
161.00 279.25
160.00 279.25
159.00 279.25
158.00 279.25
157.25 280.00
157.00 280.25
156.00 280.25
155.00 280.25
154.00 280.25
153.00 280.25
152.00 280.25
151.25 281.00
151.00 281.25
150.00 281.25
149.00 281.25
148.25 282.00
148.00 282.25
147.25 283.00
147.00 283.25
146.00 283.25
145.25 284.00
145.00 284.25
144.25 285.00
144.00 285.25
143.25 286.00
143.00 286.25
142.25 287.00
142.25 288.00
142.00 288.25
141.25 289.00
141.25 290.00
141.00 290.25
140.25 291.00
140.25 292.00
140.25 293.00
140.00 293.25
139.25 294.00
139.25 295.00
139.25 296.00
139.25 297.00
139.25 298.00
139.00 298.25
138.25 299.00
138.25 300.00
138.25 301.00
138.25 302.00
138.25 303.00
138.25 304.00
138.25 305.00
138.00 305.50
137.00 305.50
136.00 305.50
135.00 305.50
134.50 305.00
134.00 304.50
133.00 304.50
132.00 304.50
131.00 304.50
130.50 304.00
130.00 303.50
129.00 303.50
128.00 303.50
127.00 303.50
126.00 303.50
125.00 303.50
124.00 303.50
123.00 303.50
122.00 303.50
121.50 304.00
121.00 304.50
120.00 304.50
119.00 304.50
118.50 305.00
118.00 305.50
117.00 305.50
116.50 306.00
116.00 306.50
115.00 306.50
114.50 307.00
114.00 307.50
113.50 308.00
113.00 308.50
112.00 308.50
111.50 309.00
111.00 309.50
110.50 310.00
110.00 310.50
109.50 311.00
109.00 311.50
108.50 312.00
108.50 313.00
108.00 313.50
107.50 314.00
107.00 314.50
106.50 315.00
106.50 316.00
106.00 316.50
105.50 317.00
105.50 318.00
105.00 318.50
104.50 319.00
104.50 320.00
104.50 321.00
104.50 322.00
104.00 322.50
103.50 323.00
103.50 324.00
103.50 325.00
103.00 325.50
102.50 326.00
102.50 327.00
102.50 328.00
102.50 329.00
102.50 330.00
102.00 330.50
101.50 331.00
101.50 332.00
101.00 332.50
100.50 333.00
100.50 334.00
100.50 335.00
100.00 335.50
99.50 336.00
99.00 336.50
98.50 337.00
98.00 337.50
97.50 338.00
97.50 339.00
97.00 339.50
96.50 340.00
96.00 340.50
95.50 341.00
95.50 342.00
95.00 342.50
94.50 343.00
94.50 344.00
94.00 344.50
93.50 345.00
93.50 346.00
93.50 347.00
93.50 348.00
93.00 348.50
92.50 349.00
92.50 350.00
92.50 351.00
92.50 352.00
92.50 353.00
92.50 354.00
92.50 355.00
92.50 356.00
92.50 357.00
92.50 358.00
92.50 359.00
92.50 360.00
92.50 361.00
92.50 362.00
92.50 363.00
92.50 364.00
92.50 365.00
93.00 365.50
93.50 366.00
93.50 367.00
93.50 368.00
93.50 369.00
93.50 370.00
94.00 370.50
94.50 371.00
94.50 372.00
94.50 373.00
94.50 374.00
94.50 375.00
95.00 375.50
95.50 376.00
95.50 377.00
95.50 378.00
95.50 379.00
96.00 379.50
96.50 380.00
96.50 381.00
96.50 382.00
96.50 383.00
96.50 384.00
96.50 385.00
97.00 385.50
97.50 386.00
97.50 387.00
97.50 388.00
98.00 388.50
98.50 389.00
98.50 390.00
99.00 390.50
99.50 391.00
99.50 392.00
99.50 393.00
100.00 393.50
100.50 394.00
101.00 394.50
101.50 395.00
101.50 396.00
102.00 396.50
102.50 397.00
103.00 397.50
103.50 398.00
104.00 398.50
104.50 399.00
105.00 399.50
105.50 400.00
106.00 400.50
106.50 401.00
107.00 401.50
107.50 402.00
108.00 402.50
108.50 403.00
109.00 403.50
109.50 404.00
110.00 404.50
110.50 405.00
111.00 405.50
111.50 406.00
112.00 406.50
112.50 407.00
113.00 407.50
114.00 407.50
114.50 408.00
115.00 408.50
116.00 408.50
116.50 409.00
117.00 409.50
118.00 409.50
118.50 410.00
119.00 410.50
120.00 410.50
121.00 410.50
122.00 410.50
122.50 411.00
123.00 411.50
124.00 411.50
125.00 411.50
126.00 411.50
127.00 411.50
127.50 412.00
128.00 412.50
129.00 412.50
130.00 412.50
131.00 412.50
132.00 412.50
133.00 412.50
134.00 412.50
134.50 413.00
135.00 413.50
136.00 413.50
137.00 413.50
138.00 413.50
139.00 413.50
140.00 413.50
141.00 413.50
142.00 413.50
143.00 413.50
143.50 413.00
144.00 412.50
145.00 412.50
146.00 412.50
147.00 412.50
147.50 412.00
148.00 411.50
149.00 411.50
150.00 411.50
150.50 411.00
151.00 410.50
152.00 410.50
153.00 410.50
153.50 410.00
154.00 409.50
155.00 409.50
155.50 409.00
156.00 408.50
157.00 408.50
157.50 408.00
158.00 407.50
159.00 407.50
159.50 407.00
160.00 406.50
161.00 406.50
161.50 406.00
162.00 405.50
162.50 405.00
163.00 404.50
163.50 404.00
164.00 403.50
164.50 403.00
165.00 402.50
165.50 402.00
166.00 401.50
166.50 401.00
167.00 400.50
167.50 400.00
167.50 399.00
168.00 398.50
168.50 398.00
169.00 397.50
169.50 397.00
169.50 396.00
170.00 395.50
170.50 395.00
170.50 394.00
171.00 393.50
171.50 393.00
171.50 392.00
172.00 391.50
172.50 391.00
172.50 390.00
173.00 389.50
173.50 389.00
173.50 388.00
173.50 387.00
173.50 386.00
174.00 385.50
174.50 385.00
174.50 384.00
174.50 383.00
174.50 382.00
174.50 381.00
175.00 380.50
175.50 380.00
175.50 379.00
175.50 378.00
175.50 377.00
175.50 376.00
175.50 375.00
175.50 374.00
176.00 373.50
176.50 373.00
176.50 372.00
176.50 371.00
176.50 370.00
176.50 369.00
176.50 368.00
176.50 367.00
176.50 366.00
176.50 365.00
176.50 364.00
176.00 363.50
175.50 363.00
175.50 362.00
175.50 361.00
175.50 360.00
175.50 359.00
175.50 358.00
175.50 357.00
175.00 356.50
174.50 356.00
174.50 355.00
174.50 354.00
174.50 353.00
174.50 352.00
174.50 351.00
174.50 350.00
174.00 349.50
173.50 349.00
173.50 348.00
173.50 347.00
173.50 346.00
173.00 345.50
172.50 345.00
172.50 344.00
172.00 343.50
171.50 343.00
171.50 342.00
171.50 341.00
171.00 340.50
170.50 340.00
170.00 339.50
169.50 339.00
169.50 338.00
169.00 337.50
168.50 337.00
168.00 336.50
167.50 336.00
167.00 335.50
166.50 335.00
166.00 334.50
165.50 334.00
165.50 333.00
165.50 332.00
165.75 331.00
166.00 330.75
167.00 330.75
167.75 330.00
168.00 329.75
168.75 329.00
169.00 328.75
170.00 328.75
170.75 328.00
171.00 327.75
171.75 327.00
172.00 326.75
172.75 326.00
172.75 325.00
173.00 324.75
173.75 324.00
173.75 323.00
174.00 322.75
174.75 322.00
175.00 321.75
175.75 321.00
175.75 320.00
176.00 319.75
176.75 319.00
176.75 318.00
177.00 317.75
177.75 317.00
177.75 316.00
178.00 315.75
178.75 315.00
178.75 314.00
179.00 313.75
179.75 313.00
179.75 312.00
179.75 311.00
179.75 310.00
179.75 309.00
179.75 308.00
180.00 307.75
180.75 307.00

Contour 1:
280.83 839.00
280.00 838.17
279.83 838.00
279.83 837.00
279.83 836.00
279.83 835.00
279.83 834.00
279.83 833.00
279.83 832.00
279.00 831.17
278.83 831.00
278.83 830.00
278.00 829.17
277.83 829.00
277.83 828.00
277.83 827.00
277.83 826.00
277.00 825.17
276.83 825.00
276.00 824.17
275.83 824.00
275.83 823.00
275.00 822.17
274.83 822.00
274.83 821.00
274.00 820.17
273.83 820.00
273.83 819.00
273.00 818.17
272.83 818.00
272.83 817.00
272.00 816.17
271.83 816.00
271.83 815.00
271.00 814.17
270.83 814.00
270.83 813.00
270.00 812.17
269.83 812.00
269.00 811.17
268.83 811.00
268.83 810.00
268.00 809.17
267.83 809.00
267.00 808.17
266.83 808.00
266.83 807.00
266.00 806.17
265.83 806.00
265.83 805.00
265.00 804.17
264.83 804.00
264.83 803.00
264.00 802.17
263.83 802.00
263.83 801.00
263.00 800.17
262.83 800.00
262.00 799.17
261.83 799.00
261.00 798.17
260.83 798.00
260.00 797.17
259.83 797.00
259.00 796.17
258.83 796.00
258.00 795.17
257.83 795.00
257.00 794.17
256.83 794.00
256.00 793.17
255.83 793.00
255.00 792.17
254.83 792.00
254.00 791.17
253.00 791.17
252.00 791.17
251.83 791.00
251.00 790.17
250.83 790.00
250.00 789.17
249.00 789.17
248.83 789.00
248.00 788.17
247.83 788.00
247.00 787.17
246.83 787.00
246.00 786.17
245.00 786.17
244.83 786.00
244.00 785.17
243.00 785.17
242.83 785.00
242.00 784.17
241.00 784.17
240.00 784.17
239.00 784.17
238.83 784.00
238.00 783.17
237.00 783.17
236.00 783.17
235.00 783.17
234.83 783.00
234.00 782.17
233.00 782.17
232.00 782.17
231.00 782.17
230.00 782.17
229.00 782.17
228.00 782.17
227.83 782.00
227.00 781.17
226.00 781.17
225.00 781.17
224.00 781.17
223.00 781.17
222.00 781.17
221.83 781.00
221.00 780.17
220.00 780.17
219.00 780.17
218.00 780.17
217.17 781.00
217.00 781.17
216.00 781.17
215.00 781.17
214.00 781.17
213.00 781.17
212.00 781.17
211.17 782.00
211.00 782.17
210.00 782.17
209.00 782.17
208.17 783.00
208.00 783.17
207.00 783.17
206.17 784.00
206.00 784.17
205.00 784.17
204.17 785.00
204.00 785.17
203.17 786.00
203.00 786.17
202.00 786.17
201.17 787.00
201.00 787.17
200.17 788.00
200.17 789.00
200.00 789.17
199.17 790.00
199.17 791.00
199.00 791.17
198.17 792.00
198.17 793.00
198.00 793.17
197.17 794.00
197.17 795.00
197.00 795.17
196.17 796.00
196.17 797.00
196.00 797.17
195.17 798.00
195.00 798.17
194.17 799.00
194.17 800.00
194.17 801.00
194.17 802.00
194.00 802.17
193.17 803.00
193.17 804.00
193.00 804.17
192.17 805.00
192.17 806.00
192.17 807.00
192.17 808.00
192.17 809.00
192.17 810.00
192.17 811.00
192.17 812.00
192.17 813.00
193.00 813.83
193.17 814.00
193.17 815.00
193.17 816.00
193.17 817.00
194.00 817.83
194.17 818.00
194.17 819.00
194.17 820.00
195.00 820.83
195.17 821.00
195.17 822.00
195.17 823.00
196.00 823.83
196.17 824.00
197.00 824.83
197.17 825.00
197.17 826.00
198.00 826.83
198.17 827.00
198.17 828.00
199.00 828.83
199.17 829.00
200.00 829.83
200.17 830.00
200.17 831.00
201.00 831.83
201.17 832.00
202.00 832.83
202.17 833.00
203.00 833.83
203.17 834.00
204.00 834.83
204.17 835.00
204.17 836.00
205.00 836.83
205.17 837.00
206.00 837.83
206.17 838.00
207.00 838.83
207.17 839.00
208.00 839.83
208.17 840.00
208.17 841.00
209.00 841.83
209.17 842.00
210.00 842.83
210.17 843.00
211.00 843.83
211.17 844.00
211.17 845.00
212.00 845.83
212.17 846.00
213.00 846.83
213.17 847.00
214.00 847.83
214.17 848.00
215.00 848.83
215.17 849.00
216.00 849.83
216.17 850.00
217.00 850.83
217.17 851.00
218.00 851.83
218.17 852.00
219.00 852.83
219.17 853.00
220.00 853.83
221.00 853.83
221.17 854.00
222.00 854.83
222.17 855.00
223.00 855.83
223.17 856.00
224.00 856.83
225.00 856.83
225.17 857.00
226.00 857.83
227.00 857.83
227.17 858.00
228.00 858.83
229.00 858.83
229.17 859.00
230.00 859.83
231.00 859.83
231.17 860.00
232.00 860.83
233.00 860.83
234.00 860.83
234.17 861.00
235.00 861.83
236.00 861.83
236.17 862.00
237.00 862.83
238.00 862.83
239.00 862.83
239.17 863.00
240.00 863.83
241.00 863.83
242.00 863.83
242.17 864.00
243.00 864.83
244.00 864.83
245.00 864.83
246.00 864.83
246.17 865.00
247.00 865.83
248.00 865.83
249.00 865.83
250.00 865.83
251.00 865.83
252.00 865.83
253.00 865.83
254.00 865.83
254.83 865.00
254.83 864.00
255.00 863.83
255.83 863.00
256.00 862.83
256.83 862.00
257.00 861.83
258.00 861.83
259.00 861.83
260.00 861.83
261.00 861.83
262.00 861.83
263.00 861.83
264.00 861.83
265.00 861.83
265.83 861.00
266.00 860.83
267.00 860.83
267.83 860.00
268.00 859.83
269.00 859.83
269.83 859.00
269.83 858.00
270.00 857.83
270.83 857.00
271.00 856.83
271.83 856.00
272.00 855.83
272.83 855.00
273.00 854.83
273.83 854.00
273.83 853.00
274.00 852.83
274.83 852.00
275.00 851.83
275.83 851.00
276.00 850.83
276.83 850.00
276.83 849.00
277.00 848.83
277.83 848.00
277.83 847.00
278.00 846.83
278.83 846.00
278.83 845.00
278.83 844.00
279.00 843.83
279.83 843.00
279.83 842.00
279.83 841.00
279.83 840.00
280.00 839.83
280.83 839.00

Contour 2:
285.88 255.00
285.88 254.00
285.88 253.00
285.88 252.00
285.88 251.00
285.88 250.00
285.88 249.00
285.88 248.00
285.88 247.00
285.88 246.00
285.88 245.00
285.00 244.12
284.88 244.00
284.88 243.00
284.88 242.00
284.88 241.00
284.88 240.00
284.00 239.12
283.88 239.00
283.88 238.00
283.88 237.00
283.00 236.12
282.88 236.00
282.88 235.00
282.00 234.12
281.88 234.00
281.88 233.00
281.00 232.12
280.88 232.00
280.88 231.00
280.00 230.12
279.88 230.00
279.88 229.00
279.00 228.12
278.88 228.00
278.00 227.12
277.88 227.00
277.88 226.00
277.00 225.12
276.88 225.00
276.00 224.12
275.88 224.00
275.00 223.12
274.88 223.00
274.00 222.12
273.88 222.00
273.00 221.12
272.88 221.00
272.00 220.12
271.88 220.00
271.00 219.12
270.88 219.00
270.00 218.12
269.88 218.00
269.00 217.12
268.88 217.00
268.00 216.12
267.88 216.00
267.00 215.12
266.00 215.12
265.88 215.00
265.00 214.12
264.88 214.00
264.00 213.12
263.00 213.12
262.88 213.00
262.00 212.12
261.00 212.12
260.88 212.00
260.00 211.12
259.88 211.00
259.00 210.12
258.00 210.12
257.88 210.00
257.00 209.12
256.00 209.12
255.88 209.00
255.00 208.12
254.00 208.12
253.00 208.12
252.88 208.00
252.00 207.12
251.00 207.12
250.00 207.12
249.00 207.12
248.88 207.00
248.00 206.12
247.00 206.12
246.00 206.12
245.00 206.12
244.00 206.12
243.00 206.12
242.00 206.12
241.00 206.12
240.12 207.00
240.00 207.12
239.00 207.12
238.00 207.12
237.00 207.12
236.00 207.12
235.12 208.00
235.00 208.12
234.00 208.12
233.12 209.00
233.00 209.12
232.00 209.12
231.12 210.00
231.00 210.12
230.00 210.12
229.12 211.00
229.00 211.12
228.12 212.00
228.00 212.12
227.00 212.12
226.12 213.00
226.00 213.12
225.12 214.00
225.00 214.12
224.12 215.00
224.00 215.12
223.12 216.00
223.00 216.12
222.12 217.00
222.00 217.12
221.12 218.00
221.00 218.12
220.12 219.00
220.12 220.00
220.00 220.12
219.12 221.00
219.00 221.12
218.12 222.00
218.12 223.00
218.12 224.00
218.00 224.12
217.12 225.00
217.12 226.00
217.00 226.12
216.12 227.00
216.12 228.00
216.12 229.00
216.00 229.12
215.12 230.00
215.12 231.00
215.12 232.00
215.12 233.00
215.12 234.00
215.12 235.00
215.12 236.00
215.12 237.00
215.12 238.00
215.00 238.12
214.12 239.00
214.12 240.00
214.12 241.00
214.12 242.00
214.12 243.00
214.12 244.00
214.12 245.00
214.12 246.00
214.12 247.00
214.12 248.00
214.12 249.00
214.12 250.00
214.12 251.00
215.00 251.88
215.12 252.00
215.12 253.00
215.12 254.00
215.12 255.00
216.00 255.88
216.12 256.00
216.12 257.00
216.12 258.00
217.00 258.88
217.12 259.00
217.12 260.00
218.00 260.88
218.12 261.00
218.12 262.00
219.00 262.88
219.12 263.00
219.12 264.00
220.00 264.88
220.12 265.00
220.12 266.00
221.00 266.88
221.12 267.00
222.00 267.88
222.12 268.00
222.12 269.00
223.00 269.88
223.12 270.00
223.12 271.00
224.00 271.88
224.12 272.00
224.12 273.00
225.00 273.88
225.12 274.00
226.00 274.88
226.12 275.00
226.12 276.00
227.00 276.88
227.12 277.00
228.00 277.88
228.12 278.00
229.00 278.88
229.12 279.00
230.00 279.88
230.12 280.00
231.00 280.88
231.12 281.00
232.00 281.88
232.12 282.00
233.00 282.88
233.12 283.00
234.00 283.88
235.00 283.88
235.12 284.00
236.00 284.88
237.00 284.88
237.12 285.00
238.00 285.88
239.00 285.88
239.12 286.00
240.00 286.88
241.00 286.88
242.00 286.88
242.12 287.00
243.00 287.88
244.00 287.88
245.00 287.88
245.12 288.00
246.00 288.88
247.00 288.88
248.00 288.88
249.00 288.88
250.00 288.88
251.00 288.88
252.00 288.88
253.00 288.88
254.00 288.88
255.00 288.88
256.00 288.88
257.00 288.88
258.00 288.88
259.00 288.88
260.00 288.88
260.88 288.00
261.00 287.88
262.00 287.88
263.00 287.88
263.88 287.00
264.00 286.88
265.00 286.88
266.00 286.88
266.88 286.00
267.00 285.88
268.00 285.88
268.88 285.00
269.00 284.88
270.00 284.88
270.88 284.00
271.00 283.88
271.88 283.00
272.00 282.88
272.88 282.00
273.00 281.88
273.88 281.00
274.00 280.88
274.88 280.00
275.00 279.88
275.88 279.00
275.88 278.00
276.00 277.88
276.88 277.00
277.00 276.88
277.88 276.00
277.88 275.00
278.00 274.88
278.88 274.00
278.88 273.00
279.00 272.88
279.88 272.00
279.88 271.00
280.00 270.88
280.88 270.00
280.88 269.00
281.00 268.88
281.88 268.00
281.88 267.00
282.00 266.88
282.88 266.00
282.88 265.00
283.00 264.88
283.88 264.00
283.88 263.00
283.88 262.00
283.88 261.00
284.00 260.88
284.88 260.00
284.88 259.00
284.88 258.00
284.88 257.00
284.88 256.00
285.00 255.88
285.88 255.00

Contour 3:
312.90 658.00
312.90 657.00
312.90 656.00
312.90 655.00
312.90 654.00
312.90 653.00
312.90 652.00
312.90 651.00
312.90 650.00
312.90 649.00
312.90 648.00
312.90 647.00
312.90 646.00
312.90 645.00
312.90 644.00
312.90 643.00
312.90 642.00
312.90 641.00
312.90 640.00
312.90 639.00
312.90 638.00
312.00 637.10
311.90 637.00
311.90 636.00
311.90 635.00
311.90 634.00
311.00 633.10
310.90 633.00
310.90 632.00
310.00 631.10
309.90 631.00
309.90 630.00
309.00 629.10
308.90 629.00
308.00 628.10
307.90 628.00
307.90 627.00
307.00 626.10
306.90 626.00
306.00 625.10
305.90 625.00
305.00 624.10
304.90 624.00
304.00 623.10
303.90 623.00
303.00 622.10
302.90 622.00
302.00 621.10
301.90 621.00
301.00 620.10
300.00 620.10
299.90 620.00
299.00 619.10
298.90 619.00
298.00 618.10
297.00 618.10
296.90 618.00
296.00 617.10
295.00 617.10
294.90 617.00
294.00 616.10
293.00 616.10
292.90 616.00
292.00 615.10
291.00 615.10
290.00 615.10
289.00 615.10
288.90 615.00
288.00 614.10
287.00 614.10
286.00 614.10
285.90 614.00
285.00 613.10
284.00 613.10
283.00 613.10
282.00 613.10
281.90 613.00
281.00 612.10
280.00 612.10
279.00 612.10
278.00 612.10
277.00 612.10
276.00 612.10
275.00 612.10
274.00 612.10
273.00 612.10
272.00 612.10
271.10 613.00
271.00 613.10
270.00 613.10
269.00 613.10
268.00 613.10
267.10 614.00
267.00 614.10
266.00 614.10
265.00 614.10
264.10 615.00
264.00 615.10
263.00 615.10
262.10 616.00
262.00 616.10
261.00 616.10
260.10 617.00
260.00 617.10
259.00 617.10
258.00 617.10
257.10 618.00
257.00 618.10
256.00 618.10
255.10 619.00
255.00 619.10
254.10 620.00
254.00 620.10
253.00 620.10
252.10 621.00
252.00 621.10
251.10 622.00
251.00 622.10
250.10 623.00
250.00 623.10
249.00 623.10
248.10 624.00
248.00 624.10
247.10 625.00
247.00 625.10
246.10 626.00
246.00 626.10
245.00 626.10
244.10 627.00
244.00 627.10
243.10 628.00
243.00 628.10
242.10 629.00
242.00 629.10
241.10 630.00
241.00 630.10
240.10 631.00
240.10 632.00
240.00 632.10
239.10 633.00
239.00 633.10
238.10 634.00
238.00 634.10
237.10 635.00
237.10 636.00
237.00 636.10
236.10 637.00
236.10 638.00
236.10 639.00
236.00 639.10
235.10 640.00
235.10 641.00
235.10 642.00
235.00 642.10
234.10 643.00
234.10 644.00
234.10 645.00
234.10 646.00
234.10 647.00
234.10 648.00
234.10 649.00
234.10 650.00
234.10 651.00
234.10 652.00
234.10 653.00
234.10 654.00
234.10 655.00
234.10 656.00
234.10 657.00
234.10 658.00
234.10 659.00
235.00 659.90
235.10 660.00
235.10 661.00
235.10 662.00
235.10 663.00
235.10 664.00
236.00 664.90
236.10 665.00
236.10 666.00
237.00 666.90
237.10 667.00
237.10 668.00
238.00 668.90
238.10 669.00
238.10 670.00
239.00 670.90
239.10 671.00
240.00 671.90
240.10 672.00
240.10 673.00
241.00 673.90
241.10 674.00
242.00 674.90
242.10 675.00
243.00 675.90
243.10 676.00
244.00 676.90
244.10 677.00
245.00 677.90
245.10 678.00
246.00 678.90
246.10 679.00
247.00 679.90
247.10 680.00
248.00 680.90
249.00 680.90
249.10 681.00
250.00 681.90
250.10 682.00
251.00 682.90
252.00 682.90
252.10 683.00
253.00 683.90
253.10 684.00
254.00 684.90
255.00 684.90
256.00 684.90
256.10 685.00
257.00 685.90
258.00 685.90
258.10 686.00
259.00 686.90
260.00 686.90
261.00 686.90
261.10 687.00
262.00 687.90
263.00 687.90
264.00 687.90
265.00 687.90
266.00 687.90
266.10 688.00
267.00 688.90
268.00 688.90
269.00 688.90
270.00 688.90
271.00 688.90
272.00 688.90
273.00 688.90
274.00 688.90
275.00 688.90
276.00 688.90
277.00 688.90
278.00 688.90
279.00 688.90
279.90 688.00
280.00 687.90
281.00 687.90
282.00 687.90
282.90 687.00
283.00 686.90
284.00 686.90
285.00 686.90
286.00 686.90
286.90 686.00
287.00 685.90
288.00 685.90
288.90 685.00
289.00 684.90
290.00 684.90
290.90 684.00
291.00 683.90
292.00 683.90
292.90 683.00
293.00 682.90
294.00 682.90
294.90 682.00
295.00 681.90
295.90 681.00
296.00 680.90
297.00 680.90
297.90 680.00
298.00 679.90
298.90 679.00
299.00 678.90
300.00 678.90
300.90 678.00
301.00 677.90
301.90 677.00
302.00 676.90
302.90 676.00
303.00 675.90
303.90 675.00
304.00 674.90
304.90 674.00
305.00 673.90
305.90 673.00
306.00 672.90
306.90 672.00
307.00 671.90
307.90 671.00
307.90 670.00
308.00 669.90
308.90 669.00
308.90 668.00
309.00 667.90
309.90 667.00
309.90 666.00
309.90 665.00
310.00 664.90
310.90 664.00
310.90 663.00
310.90 662.00
311.00 661.90
311.90 661.00
311.90 660.00
311.90 659.00
312.00 658.90
312.90 658.00

Contour 4:
342.92 478.00
342.92 477.00
342.92 476.00
342.92 475.00
342.92 474.00
342.92 473.00
342.00 472.08
341.92 472.00
341.92 471.00
341.92 470.00
341.00 469.08
340.92 469.00
340.92 468.00
340.00 467.08
339.92 467.00
339.92 466.00
339.00 465.08
338.92 465.00
338.92 464.00
338.00 463.08
337.92 463.00
337.00 462.08
336.92 462.00
336.92 461.00
336.00 460.08
335.92 460.00
335.00 459.08
334.92 459.00
334.00 458.08
333.92 458.00
333.00 457.08
332.92 457.00
332.00 456.08
331.92 456.00
331.00 455.08
330.92 455.00
330.00 454.08
329.00 454.08
328.92 454.00
328.00 453.08
327.92 453.00
327.00 452.08
326.92 452.00
326.00 451.08
325.92 451.00
325.00 450.08
324.00 450.08
323.92 450.00
323.00 449.08
322.00 449.08
321.92 449.00
321.00 448.08
320.00 448.08
319.92 448.00
319.00 447.08
318.00 447.08
317.00 447.08
316.00 447.08
315.92 447.00
315.00 446.08
314.00 446.08
313.00 446.08
312.00 446.08
311.00 446.08
310.92 446.00
310.00 445.08
309.00 445.08
308.00 445.08
307.00 445.08
306.00 445.08
305.00 445.08
304.00 445.08
303.00 445.08
302.00 445.08
301.00 445.08
300.00 445.08
299.00 445.08
298.00 445.08
297.08 446.00
297.00 446.08
296.00 446.08
295.00 446.08
294.00 446.08
293.08 447.00
293.00 447.08
292.00 447.08
291.00 447.08
290.08 448.00
290.00 448.08
289.08 449.00
289.00 449.08
288.00 449.08
287.08 450.00
287.00 450.08
286.08 451.00
286.00 451.08
285.08 452.00
285.00 452.08
284.08 453.00
284.00 453.08
283.08 454.00
283.00 454.08
282.08 455.00
282.08 456.00
282.00 456.08
281.08 457.00
281.00 457.08
280.08 458.00
280.08 459.00
280.08 460.00
280.00 460.08
279.08 461.00
279.08 462.00
279.08 463.00
279.08 464.00
279.08 465.00
279.08 466.00
279.08 467.00
279.08 468.00
280.00 468.92
280.08 469.00
280.08 470.00
280.08 471.00
280.08 472.00
280.08 473.00
281.00 473.92
281.08 474.00
281.08 475.00
282.00 475.92
282.08 476.00
282.08 477.00
283.00 477.92
283.08 478.00
283.08 479.00
284.00 479.92
284.08 480.00
284.08 481.00
285.00 481.92
285.08 482.00
286.00 482.92
286.08 483.00
286.08 484.00
287.00 484.92
287.08 485.00
288.00 485.92
288.08 486.00
289.00 486.92
289.08 487.00
290.00 487.92
290.08 488.00
291.00 488.92
291.08 489.00
292.00 489.92
293.00 489.92
293.08 490.00
294.00 490.92
294.08 491.00
295.00 491.92
296.00 491.92
296.08 492.00
297.00 492.92
297.08 493.00
298.00 493.92
299.00 493.92
299.08 494.00
300.00 494.92
301.00 494.92
301.08 495.00
302.00 495.92
303.00 495.92
304.00 495.92
304.08 496.00
305.00 496.92
306.00 496.92
307.00 496.92
307.08 497.00
308.00 497.92
309.00 497.92
310.00 497.92
311.00 497.92
311.08 498.00
312.00 498.92
313.00 498.92
314.00 498.92
315.00 498.92
316.00 498.92
317.00 498.92
318.00 498.92
319.00 498.92
320.00 498.92
321.00 498.92
322.00 498.92
322.92 498.00
323.00 497.92
324.00 497.92
325.00 497.92
326.00 497.92
326.92 497.00
327.00 496.92
328.00 496.92
328.92 496.00
329.00 495.92
330.00 495.92
331.00 495.92
331.92 495.00
332.00 494.92
332.92 494.00
333.00 493.92
334.00 493.92
334.92 493.00
335.00 492.92
335.92 492.00
336.00 491.92
336.92 491.00
337.00 490.92
337.92 490.00
338.00 489.92
338.92 489.00
338.92 488.00
339.00 487.92
339.92 487.00
339.92 486.00
340.00 485.92
340.92 485.00
340.92 484.00
340.92 483.00
341.00 482.92
341.92 482.00
341.92 481.00
341.92 480.00
341.92 479.00
342.00 478.92
342.92 478.00

Contour 5:
367.93 565.00
367.93 564.00
367.93 563.00
367.93 562.00
367.93 561.00
367.93 560.00
367.93 559.00
367.93 558.00
367.93 557.00
367.00 556.07
366.93 556.00
366.93 555.00
366.93 554.00
366.93 553.00
366.00 552.07
365.93 552.00
365.93 551.00
365.00 550.07
364.93 550.00
364.93 549.00
364.00 548.07
363.93 548.00
363.00 547.07
362.93 547.00
362.93 546.00
362.00 545.07
361.93 545.00
361.00 544.07
360.93 544.00
360.00 543.07
359.93 543.00
359.00 542.07
358.93 542.00
358.00 541.07
357.00 541.07
356.93 541.00
356.00 540.07
355.93 540.00
355.00 539.07
354.93 539.00
354.00 538.07
353.93 538.00
353.00 537.07
352.93 537.00
352.00 536.07
351.93 536.00
351.00 535.07
350.93 535.00
350.00 534.07
349.00 534.07
348.93 534.00
348.00 533.07
347.93 533.00
347.00 532.07
346.93 532.00
346.00 531.07
345.00 531.07
344.93 531.00
344.00 530.07
343.00 530.07
342.93 530.00
342.00 529.07
341.00 529.07
340.00 529.07
339.00 529.07
338.93 529.00
338.00 528.07
337.00 528.07
336.00 528.07
335.00 528.07
334.00 528.07
333.00 528.07
332.93 528.00
332.00 527.07
331.00 527.07
330.00 527.07
329.00 527.07
328.00 527.07
327.00 527.07
326.00 527.07
325.00 527.07
324.00 527.07
323.07 528.00
323.00 528.07
322.00 528.07
321.00 528.07
320.00 528.07
319.00 528.07
318.07 529.00
318.00 529.07
317.00 529.07
316.00 529.07
315.07 530.00
315.00 530.07
314.00 530.07
313.07 531.00
313.00 531.07
312.00 531.07
311.07 532.00
311.00 532.07
310.07 533.00
310.00 533.07
309.07 534.00
309.00 534.07
308.07 535.00
308.00 535.07
307.07 536.00
307.00 536.07
306.07 537.00
306.00 537.07
305.07 538.00
305.00 538.07
304.07 539.00
304.07 540.00
304.00 540.07
303.07 541.00
303.00 541.07
302.07 542.00
302.07 543.00
302.00 543.07
301.07 544.00
301.07 545.00
301.00 545.07
300.07 546.00
300.07 547.00
300.07 548.00
300.00 548.07
299.07 549.00
299.07 550.00
299.07 551.00
299.00 551.07
298.07 552.00
298.07 553.00
298.07 554.00
298.07 555.00
298.07 556.00
298.07 557.00
298.07 558.00
298.00 558.07
297.07 559.00
297.07 560.00
297.07 561.00
297.07 562.00
297.07 563.00
298.00 563.93
298.07 564.00
298.07 565.00
298.07 566.00
298.07 567.00
298.07 568.00
299.00 568.93
299.07 569.00
299.07 570.00
299.07 571.00
300.00 571.93
300.07 572.00
300.07 573.00
301.00 573.93
301.07 574.00
301.07 575.00
302.00 575.93
302.07 576.00
302.07 577.00
303.00 577.93
303.07 578.00
303.07 579.00
304.00 579.93
304.07 580.00
305.00 580.93
305.07 581.00
306.00 581.93
306.07 582.00
307.00 582.93
307.07 583.00
308.00 583.93
308.07 584.00
309.00 584.93
309.07 585.00
310.00 585.93
311.00 585.93
311.07 586.00
312.00 586.93
312.07 587.00
313.00 587.93
314.00 587.93
314.07 588.00
315.00 588.93
315.07 589.00
316.00 589.93
317.00 589.93
317.07 590.00
318.00 590.93
318.07 591.00
319.00 591.93
320.00 591.93
320.07 592.00
321.00 592.93
322.00 592.93
323.00 592.93
323.07 593.00
324.00 593.93
325.00 593.93
326.00 593.93
326.07 594.00
327.00 594.93
328.00 594.93
329.00 594.93
330.00 594.93
331.00 594.93
332.00 594.93
333.00 594.93
334.00 594.93
335.00 594.93
336.00 594.93
336.93 594.00
337.00 593.93
338.00 593.93
339.00 593.93
339.93 593.00
340.00 592.93
341.00 592.93
342.00 592.93
343.00 592.93
344.00 592.93
344.93 592.00
345.00 591.93
346.00 591.93
347.00 591.93
347.93 591.00
348.00 590.93
349.00 590.93
349.93 590.00
350.00 589.93
351.00 589.93
351.93 589.00
352.00 588.93
352.93 588.00
353.00 587.93
353.93 587.00
354.00 586.93
355.00 586.93
355.93 586.00
356.00 585.93
356.93 585.00
357.00 584.93
357.93 584.00
358.00 583.93
358.93 583.00
359.00 582.93
359.93 582.00
360.00 581.93
360.93 581.00
360.93 580.00
361.00 579.93
361.93 579.00
362.00 578.93
362.93 578.00
362.93 577.00
363.00 576.93
363.93 576.00
363.93 575.00
364.00 574.93
364.93 574.00
364.93 573.00
365.00 572.93
365.93 572.00
365.93 571.00
365.93 570.00
366.00 569.93
366.93 569.00
366.93 568.00
366.93 567.00
366.93 566.00
367.00 565.93
367.93 565.00

Contour 6:
391.94 404.00
391.94 403.00
391.94 402.00
391.94 401.00
391.94 400.00
391.94 399.00
391.94 398.00
391.94 397.00
391.94 396.00
391.94 395.00
391.94 394.00
391.94 393.00
391.94 392.00
391.94 391.00
391.94 390.00
391.94 389.00
391.94 388.00
391.00 387.06
390.94 387.00
390.94 386.00
390.94 385.00
390.94 384.00
390.00 383.06
389.94 383.00
389.94 382.00
389.00 381.06
388.94 381.00
388.94 380.00
388.00 379.06
387.94 379.00
387.94 378.00
387.00 377.06
386.94 377.00
386.00 376.06
385.94 376.00
385.00 375.06
384.94 375.00
384.00 374.06
383.94 374.00
383.00 373.06
382.94 373.00
382.00 372.06
381.94 372.00
381.00 371.06
380.94 371.00
380.00 370.06
379.00 370.06
378.94 370.00
378.00 369.06
377.00 369.06
376.94 369.00
376.00 368.06
375.00 368.06
374.94 368.00
374.00 367.06
373.94 367.00
373.00 366.06
372.00 366.06
371.94 366.00
371.00 365.06
370.00 365.06
369.00 365.06
368.94 365.00
368.00 364.06
367.00 364.06
366.00 364.06
365.94 364.00
365.00 363.06
364.00 363.06
363.00 363.06
362.00 363.06
361.00 363.06
360.94 363.00
360.00 362.06
359.00 362.06
358.00 362.06
357.00 362.06
356.00 362.06
355.00 362.06
354.00 362.06
353.00 362.06
352.06 363.00
352.00 363.06
351.00 363.06
350.00 363.06
349.00 363.06
348.00 363.06
347.06 364.00
347.00 364.06
346.00 364.06
345.00 364.06
344.06 365.00
344.00 365.06
343.00 365.06
342.06 366.00
342.00 366.06
341.00 366.06
340.06 367.00
340.00 367.06
339.00 367.06
338.06 368.00
338.00 368.06
337.06 369.00
337.00 369.06
336.00 369.06
335.06 370.00
335.00 370.06
334.06 371.00
334.00 371.06
333.06 372.00
333.00 372.06
332.06 373.00
332.00 373.06
331.06 374.00
331.00 374.06
330.06 375.00
330.06 376.00
330.00 376.06
329.06 377.00
329.00 377.06
328.06 378.00
328.00 378.06
327.06 379.00
327.06 380.00
327.00 380.06
326.06 381.00
326.06 382.00
326.00 382.06
325.06 383.00
325.06 384.00
325.00 384.06
324.06 385.00
324.06 386.00
324.00 386.06
323.06 387.00
323.06 388.00
323.06 389.00
323.06 390.00
323.06 391.00
323.00 391.06
322.06 392.00
322.06 393.00
322.06 394.00
322.06 395.00
322.06 396.00
322.06 397.00
322.06 398.00
322.06 399.00
322.06 400.00
322.06 401.00
322.06 402.00
322.06 403.00
322.06 404.00
323.00 404.94
323.06 405.00
323.06 406.00
323.06 407.00
324.00 407.94
324.06 408.00
324.06 409.00
325.00 409.94
325.06 410.00
325.06 411.00
326.00 411.94
326.06 412.00
326.06 413.00
327.00 413.94
327.06 414.00
328.00 414.94
328.06 415.00
329.00 415.94
329.06 416.00
330.00 416.94
330.06 417.00
331.00 417.94
331.06 418.00
332.00 418.94
332.06 419.00
333.00 419.94
334.00 419.94
334.06 420.00
335.00 420.94
335.06 421.00
336.00 421.94
337.00 421.94
337.06 422.00
338.00 422.94
338.06 423.00
339.00 423.94
340.00 423.94
340.06 424.00
341.00 424.94
342.00 424.94
342.06 425.00
343.00 425.94
344.00 425.94
344.06 426.00
345.00 426.94
346.00 426.94
347.00 426.94
348.00 426.94
348.06 427.00
349.00 427.94
350.00 427.94
351.00 427.94
351.06 428.00
352.00 428.94
353.00 428.94
354.00 428.94
355.00 428.94
356.00 428.94
357.00 428.94
358.00 428.94
359.00 428.94
360.00 428.94
361.00 428.94
362.00 428.94
363.00 428.94
364.00 428.94
365.00 428.94
365.94 428.00
366.00 427.94
367.00 427.94
368.00 427.94
369.00 427.94
369.94 427.00
370.00 426.94
371.00 426.94
372.00 426.94
372.94 426.00
373.00 425.94
374.00 425.94
374.94 425.00
375.00 424.94
376.00 424.94
376.94 424.00
377.00 423.94
377.94 423.00
378.00 422.94
379.00 422.94
379.94 422.00
380.00 421.94
380.94 421.00
381.00 420.94
381.94 420.00
382.00 419.94
382.94 419.00
383.00 418.94
383.94 418.00
384.00 417.94
384.94 417.00
385.00 416.94
385.94 416.00
385.94 415.00
386.00 414.94
386.94 414.00
387.00 413.94
387.94 413.00
387.94 412.00
388.00 411.94
388.94 411.00
389.00 410.94
389.94 410.00
389.94 409.00
390.00 408.94
390.94 408.00
390.94 407.00
390.94 406.00
390.94 405.00
391.00 404.94
391.94 404.00

Contour 7:
394.94 934.00
394.94 933.00
394.94 932.00
394.94 931.00
394.94 930.00
394.94 929.00
394.94 928.00
394.94 927.00
394.94 926.00
394.94 925.00
394.00 924.06
393.94 924.00
393.94 923.00
393.94 922.00
393.94 921.00
393.00 920.06
392.94 920.00
392.94 919.00
392.94 918.00
392.00 917.06
391.94 917.00
391.94 916.00
391.00 915.06
390.94 915.00
390.94 914.00
390.00 913.06
389.94 913.00
389.94 912.00
389.00 911.06
388.94 911.00
388.94 910.00
388.00 909.06
387.94 909.00
387.00 908.06
386.94 908.00
386.94 907.00
386.00 906.06
385.94 906.00
385.00 905.06
384.94 905.00
384.00 904.06
383.94 904.00
383.00 903.06
382.94 903.00
382.00 902.06
381.94 902.00
381.00 901.06
380.94 901.00
380.00 900.06
379.94 900.00
379.00 899.06
378.94 899.00
378.00 898.06
377.94 898.00
377.00 897.06
376.94 897.00
376.00 896.06
375.94 896.00
375.00 895.06
374.94 895.00
374.94 894.00
374.00 893.06
373.94 893.00
373.00 892.06
372.94 892.00
372.00 891.06
371.94 891.00
371.00 890.06
370.94 890.00
370.00 889.06
369.00 889.06
368.94 889.00
368.00 888.06
367.94 888.00
367.00 887.06
366.00 887.06
365.94 887.00
365.00 886.06
364.00 886.06
363.94 886.00
363.00 885.06
362.00 885.06
361.00 885.06
360.00 885.06
359.00 885.06
358.00 885.06
357.00 885.06
356.00 885.06
355.00 885.06
354.00 885.06
353.00 885.06
352.00 885.06
351.06 886.00
351.00 886.06
350.00 886.06
349.06 887.00
349.00 887.06
348.00 887.06
347.06 888.00
347.00 888.06
346.06 889.00
346.00 889.06
345.06 890.00
345.00 890.06
344.00 890.06
343.06 891.00
343.06 892.00
343.00 892.06
342.06 893.00
342.00 893.06
341.06 894.00
341.00 894.06
340.06 895.00
340.00 895.06
339.06 896.00
339.06 897.00
339.00 897.06
338.06 898.00
338.06 899.00
338.00 899.06
337.06 900.00
337.06 901.00
337.06 902.00
337.00 902.06
336.06 903.00
336.06 904.00
336.00 904.06
335.06 905.00
335.06 906.00
335.06 907.00
335.06 908.00
335.00 908.06
334.06 909.00
334.06 910.00
334.06 911.00
334.06 912.00
334.06 913.00
334.00 913.06
333.06 914.00
333.06 915.00
333.06 916.00
333.06 917.00
333.06 918.00
333.06 919.00
333.06 920.00
333.06 921.00
333.06 922.00
333.06 923.00
333.06 924.00
333.06 925.00
333.06 926.00
333.06 927.00
333.06 928.00
333.06 929.00
333.06 930.00
333.06 931.00
333.06 932.00
334.00 932.94
334.06 933.00
334.06 934.00
334.06 935.00
334.06 936.00
334.06 937.00
335.00 937.94
335.06 938.00
335.06 939.00
335.06 940.00
336.00 940.94
336.06 941.00
336.06 942.00
336.06 943.00
337.00 943.94
337.06 944.00
337.06 945.00
337.06 946.00
338.00 946.94
338.06 947.00
338.06 948.00
338.06 949.00
339.00 949.94
339.06 950.00
340.00 950.94
340.06 951.00
340.06 952.00
341.00 952.94
341.06 953.00
342.00 953.94
342.06 954.00
343.00 954.94
343.06 955.00
344.00 955.94
345.00 955.94
345.06 956.00
346.00 956.94
346.06 957.00
347.00 957.94
348.00 957.94
348.06 958.00
349.00 958.94
350.00 958.94
350.06 959.00
351.00 959.94
352.00 959.94
353.00 959.94
353.06 960.00
354.00 960.94
355.00 960.94
356.00 960.94
357.00 960.94
357.06 961.00
358.00 961.94
359.00 961.94
360.00 961.94
361.00 961.94
362.00 961.94
363.00 961.94
364.00 961.94
365.00 961.94
366.00 961.94
367.00 961.94
367.94 961.00
368.00 960.94
369.00 960.94
370.00 960.94
371.00 960.94
372.00 960.94
373.00 960.94
373.94 960.00
374.00 959.94
375.00 959.94
376.00 959.94
376.94 959.00
377.00 958.94
378.00 958.94
378.94 958.00
379.00 957.94
380.00 957.94
380.94 957.00
381.00 956.94
382.00 956.94
382.94 956.00
383.00 955.94
384.00 955.94
384.94 955.00
385.00 954.94
385.94 954.00
386.00 953.94
386.94 953.00
387.00 952.94
387.94 952.00
388.00 951.94
388.94 951.00
388.94 950.00
389.00 949.94
389.94 949.00
390.00 948.94
390.94 948.00
390.94 947.00
390.94 946.00
391.00 945.94
391.94 945.00
391.94 944.00
392.00 943.94
392.94 943.00
392.94 942.00
393.00 941.94
393.94 941.00
393.94 940.00
393.94 939.00
393.94 938.00
393.94 937.00
393.94 936.00
393.94 935.00
394.00 934.94
394.94 934.00

Contour 8:
395.95 233.00
395.95 232.00
395.95 231.00
395.95 230.00
395.95 229.00
395.95 228.00
395.95 227.00
395.95 226.00
395.95 225.00
395.95 224.00
395.95 223.00
395.95 222.00
395.00 221.05
394.95 221.00
394.95 220.00
394.95 219.00
394.00 218.05
393.95 218.00
393.95 217.00
393.95 216.00
393.00 215.05
392.95 215.00
392.95 214.00
392.00 213.05
391.95 213.00
391.95 212.00
391.00 211.05
390.95 211.00
390.95 210.00
390.00 209.05
389.95 209.00
389.00 208.05
388.95 208.00
388.00 207.05
387.00 207.05
386.95 207.00
386.00 206.05
385.95 206.00
385.00 205.05
384.00 205.05
383.00 205.05
382.95 205.00
382.00 204.05
381.00 204.05
380.00 204.05
379.95 204.00
379.00 203.05
378.00 203.05
377.00 203.05
376.00 203.05
375.95 203.00
375.00 202.05
374.00 202.05
373.00 202.05
372.00 202.05
371.00 202.05
370.00 202.05
369.05 203.00
369.00 203.05
368.00 203.05
367.00 203.05
366.00 203.05
365.05 204.00
365.00 204.05
364.00 204.05
363.00 204.05
362.05 205.00
362.00 205.05
361.00 205.05
360.05 206.00
360.00 206.05
359.05 207.00
359.00 207.05
358.00 207.05
357.05 208.00
357.00 208.05
356.05 209.00
356.00 209.05
355.00 209.05
354.05 210.00
354.00 210.05
353.05 211.00
353.00 211.05
352.05 212.00
352.00 212.05
351.05 213.00
351.00 213.05
350.05 214.00
350.00 214.05
349.05 215.00
349.00 215.05
348.05 216.00
348.05 217.00
348.00 217.05
347.05 218.00
347.00 218.05
346.05 219.00
346.00 219.05
345.05 220.00
345.05 221.00
345.00 221.05
344.05 222.00
344.00 222.05
343.05 223.00
343.05 224.00
343.00 224.05
342.05 225.00
342.05 226.00
342.00 226.05
341.05 227.00
341.05 228.00
341.00 228.05
340.05 229.00
340.05 230.00
340.00 230.05
339.05 231.00
339.05 232.00
339.05 233.00
339.00 233.05
338.05 234.00
338.05 235.00
338.05 236.00
338.00 236.05
337.05 237.00
337.05 238.00
337.05 239.00
337.00 239.05
336.05 240.00
336.05 241.00
336.05 242.00
336.05 243.00
336.05 244.00
336.05 245.00
336.05 246.00
336.05 247.00
336.05 248.00
336.05 249.00
337.00 249.95
337.05 250.00
337.05 251.00
337.05 252.00
337.05 253.00
337.05 254.00
338.00 254.95
338.05 255.00
338.05 256.00
338.05 257.00
339.00 257.95
339.05 258.00
339.05 259.00
340.00 259.95
340.05 260.00
340.05 261.00
341.00 261.95
341.05 262.00
342.00 262.95
342.05 263.00
343.00 263.95
343.05 264.00
344.00 264.95
344.05 265.00
345.00 265.95
346.00 265.95
346.05 266.00
347.00 266.95
347.05 267.00
348.00 267.95
349.00 267.95
349.05 268.00
350.00 268.95
351.00 268.95
352.00 268.95
353.00 268.95
354.00 268.95
355.00 268.95
356.00 268.95
357.00 268.95
358.00 268.95
359.00 268.95
360.00 268.95
361.00 268.95
361.95 268.00
362.00 267.95
363.00 267.95
364.00 267.95
365.00 267.95
365.95 267.00
366.00 266.95
367.00 266.95
368.00 266.95
368.95 266.00
369.00 265.95
370.00 265.95
371.00 265.95
371.95 265.00
372.00 264.95
373.00 264.95
373.95 264.00
374.00 263.95
374.95 263.00
375.00 262.95
376.00 262.95
376.95 262.00
377.00 261.95
377.95 261.00
378.00 260.95
378.95 260.00
379.00 259.95
379.95 259.00
380.00 258.95
381.00 258.95
381.95 258.00
382.00 257.95
382.95 257.00
382.95 256.00
383.00 255.95
383.95 255.00
384.00 254.95
384.95 254.00
385.00 253.95
385.95 253.00
386.00 252.95
386.95 252.00
387.00 251.95
387.95 251.00
387.95 250.00
388.00 249.95
388.95 249.00
388.95 248.00
389.00 247.95
389.95 247.00
390.00 246.95
390.95 246.00
390.95 245.00
391.00 244.95
391.95 244.00
391.95 243.00
392.00 242.95
392.95 242.00
392.95 241.00
392.95 240.00
393.00 239.95
393.95 239.00
393.95 238.00
393.95 237.00
394.00 236.95
394.95 236.00
394.95 235.00
394.95 234.00
395.00 233.95
395.95 233.00

Contour 9:
429.95 811.00
429.95 810.00
429.95 809.00
429.95 808.00
429.95 807.00
429.00 806.05
428.95 806.00
428.95 805.00
428.95 804.00
428.95 803.00
428.95 802.00
428.00 801.05
427.95 801.00
427.95 800.00
427.95 799.00
427.95 798.00
427.95 797.00
427.00 796.05
426.95 796.00
426.95 795.00
426.95 794.00
426.00 793.05
425.95 793.00
425.95 792.00
425.00 791.05
424.95 791.00
424.95 790.00
424.00 789.05
423.95 789.00
423.00 788.05
422.95 788.00
422.95 787.00
422.00 786.05
421.95 786.00
421.00 785.05
420.95 785.00
420.00 784.05
419.95 784.00
419.00 783.05
418.95 783.00
418.00 782.05
417.00 782.05
416.95 782.00
416.00 781.05
415.00 781.05
414.95 781.00
414.00 780.05
413.95 780.00
413.00 779.05
412.00 779.05
411.95 779.00
411.00 778.05
410.00 778.05
409.95 778.00
409.00 777.05
408.00 777.05
407.95 777.00
407.00 776.05
406.00 776.05
405.00 776.05
404.00 776.05
403.95 776.00
403.00 775.05
402.00 775.05
401.00 775.05
400.00 775.05
399.00 775.05
398.00 775.05
397.00 775.05
396.00 775.05
395.00 775.05
394.00 775.05
393.00 775.05
392.00 775.05
391.00 775.05
390.00 775.05
389.00 775.05
388.05 776.00
388.00 776.05
387.00 776.05
386.00 776.05
385.05 777.00
385.00 777.05
384.00 777.05
383.05 778.00
383.00 778.05
382.00 778.05
381.05 779.00
381.00 779.05
380.00 779.05
379.05 780.00
379.00 780.05
378.00 780.05
377.05 781.00
377.00 781.05
376.00 781.05
375.05 782.00
375.00 782.05
374.05 783.00
374.00 783.05
373.05 784.00
373.00 784.05
372.05 785.00
372.00 785.05
371.05 786.00
371.00 786.05
370.05 787.00
370.00 787.05
369.05 788.00
369.00 788.05
368.05 789.00
368.00 789.05
367.05 790.00
367.00 790.05
366.05 791.00
366.00 791.05
365.05 792.00
365.05 793.00
365.00 793.05
364.05 794.00
364.00 794.05
363.05 795.00
363.05 796.00
363.00 796.05
362.05 797.00
362.05 798.00
362.00 798.05
361.05 799.00
361.05 800.00
361.00 800.05
360.05 801.00
360.05 802.00
360.05 803.00
360.05 804.00
360.00 804.05
359.05 805.00
359.05 806.00
359.05 807.00
359.05 808.00
359.05 809.00
359.05 810.00
359.05 811.00
359.05 812.00
359.05 813.00
359.05 814.00
359.05 815.00
359.05 816.00
360.00 816.95
360.05 817.00
360.05 818.00
360.05 819.00
360.05 820.00
360.05 821.00
361.00 821.95
361.05 822.00
361.05 823.00
361.05 824.00
362.00 824.95
362.05 825.00
362.05 826.00
362.05 827.00
363.00 827.95
363.05 828.00
363.05 829.00
364.00 829.95
364.05 830.00
364.05 831.00
365.00 831.95
365.05 832.00
365.05 833.00
366.00 833.95
366.05 834.00
367.00 834.95
367.05 835.00
367.05 836.00
368.00 836.95
368.05 837.00
369.00 837.95
369.05 838.00
370.00 838.95
370.05 839.00
371.00 839.95
371.05 840.00
372.00 840.95
372.05 841.00
373.00 841.95
373.05 842.00
374.00 842.95
374.05 843.00
375.00 843.95
376.00 843.95
376.05 844.00
377.00 844.95
377.05 845.00
378.00 845.95
379.00 845.95
379.05 846.00
380.00 846.95
381.00 846.95
382.00 846.95
382.05 847.00
383.00 847.95
384.00 847.95
385.00 847.95
386.00 847.95
386.05 848.00
387.00 848.95
388.00 848.95
389.00 848.95
390.00 848.95
391.00 848.95
392.00 848.95
393.00 848.95
394.00 848.95
395.00 848.95
396.00 848.95
396.95 848.00
397.00 847.95
398.00 847.95
399.00 847.95
400.00 847.95
400.95 847.00
401.00 846.95
402.00 846.95
402.95 846.00
403.00 845.95
404.00 845.95
404.95 845.00
405.00 844.95
405.95 844.00
406.00 843.95
407.00 843.95
407.95 843.00
408.00 842.95
408.95 842.00
409.00 841.95
409.95 841.00
410.00 840.95
411.00 840.95
411.95 840.00
412.00 839.95
412.95 839.00
413.00 838.95
413.95 838.00
414.00 837.95
414.95 837.00
415.00 836.95
415.95 836.00
416.00 835.95
416.95 835.00
417.00 834.95
417.95 834.00
418.00 833.95
418.95 833.00
419.00 832.95
419.95 832.00
420.00 831.95
420.95 831.00
421.00 830.95
421.95 830.00
421.95 829.00
422.00 828.95
422.95 828.00
423.00 827.95
423.95 827.00
423.95 826.00
424.00 825.95
424.95 825.00
424.95 824.00
425.00 823.95
425.95 823.00
425.95 822.00
426.00 821.95
426.95 821.00
426.95 820.00
427.00 819.95
427.95 819.00
427.95 818.00
427.95 817.00
428.00 816.95
428.95 816.00
428.95 815.00
428.95 814.00
428.95 813.00
428.95 812.00
429.00 811.95
429.95 811.00

Contour 10:
484.96 629.00
484.96 628.00
484.96 627.00
484.96 626.00
484.96 625.00
484.96 624.00
484.96 623.00
484.96 622.00
484.96 621.00
484.96 620.00
484.96 619.00
484.00 618.04
483.96 618.00
483.96 617.00
483.96 616.00
483.96 615.00
483.00 614.04
482.96 614.00
482.96 613.00
482.00 612.04
481.96 612.00
481.96 611.00
481.96 610.00
481.00 609.04
480.96 609.00
480.00 608.04
479.96 608.00
479.96 607.00
479.00 606.04
478.96 606.00
478.00 605.04
477.96 605.00
477.96 604.00
477.00 603.04
476.96 603.00
476.00 602.04
475.96 602.00
475.00 601.04
474.96 601.00
474.00 600.04
473.96 600.00
473.00 599.04
472.96 599.00
472.00 598.04
471.96 598.00
471.00 597.04
470.96 597.00
470.00 596.04
469.96 596.00
469.00 595.04
468.96 595.00
468.00 594.04
467.96 594.00
467.00 593.04
466.00 593.04
465.96 593.00
465.00 592.04
464.00 592.04
463.96 592.00
463.00 591.04
462.00 591.04
461.96 591.00
461.00 590.04
460.00 590.04
459.00 590.04
458.96 590.00
458.00 589.04
457.00 589.04
456.00 589.04
455.00 589.04
454.00 589.04
453.00 589.04
452.00 589.04
451.00 589.04
450.00 589.04
449.00 589.04
448.00 589.04
447.00 589.04
446.00 589.04
445.00 589.04
444.04 590.00
444.00 590.04
443.00 590.04
442.00 590.04
441.00 590.04
440.04 591.00
440.00 591.04
439.00 591.04
438.00 591.04
437.00 591.04
436.04 592.00
436.00 592.04
435.04 593.00
435.00 593.04
434.00 593.04
433.04 594.00
433.00 594.04
432.04 595.00
432.00 595.04
431.04 596.00
431.00 596.04
430.04 597.00
430.00 597.04
429.04 598.00
429.00 598.04
428.04 599.00
428.00 599.04
427.04 600.00
427.04 601.00
427.00 601.04
426.04 602.00
426.00 602.04
425.04 603.00
425.04 604.00
425.00 604.04
424.04 605.00
424.04 606.00
424.00 606.04
423.04 607.00
423.04 608.00
423.04 609.00
423.00 609.04
422.04 610.00
422.04 611.00
422.04 612.00
422.00 612.04
421.04 613.00
421.04 614.00
421.04 615.00
421.04 616.00
421.04 617.00
421.04 618.00
421.04 619.00
421.04 620.00
421.04 621.00
421.04 622.00
421.04 623.00
421.04 624.00
421.04 625.00
421.04 626.00
421.04 627.00
421.04 628.00
422.00 628.96
422.04 629.00
422.04 630.00
422.04 631.00
422.04 632.00
423.00 632.96
423.04 633.00
423.04 634.00
424.00 634.96
424.04 635.00
424.04 636.00
425.00 636.96
425.04 637.00
426.00 637.96
426.04 638.00
426.04 639.00
427.00 639.96
427.04 640.00
428.00 640.96
428.04 641.00
429.00 641.96
429.04 642.00
430.00 642.96
430.04 643.00
431.00 643.96
431.04 644.00
432.00 644.96
432.04 645.00
433.00 645.96
433.04 646.00
434.00 646.96
434.04 647.00
435.00 647.96
436.00 647.96
436.04 648.00
437.00 648.96
437.04 649.00
438.00 649.96
439.00 649.96
439.04 650.00
440.00 650.96
441.00 650.96
442.00 650.96
442.04 651.00
443.00 651.96
444.00 651.96
445.00 651.96
446.00 651.96
446.04 652.00
447.00 652.96
448.00 652.96
449.00 652.96
450.00 652.96
450.04 653.00
451.00 653.96
452.00 653.96
453.00 653.96
454.00 653.96
455.00 653.96
456.00 653.96
457.00 653.96
458.00 653.96
459.00 653.96
460.00 653.96
461.00 653.96
461.96 653.00
462.00 652.96
463.00 652.96
464.00 652.96
465.00 652.96
465.96 652.00
466.00 651.96
467.00 651.96
467.96 651.00
468.00 650.96
469.00 650.96
469.96 650.00
470.00 649.96
470.96 649.00
471.00 648.96
472.00 648.96
472.96 648.00
473.00 647.96
473.96 647.00
474.00 646.96
474.96 646.00
475.00 645.96
475.96 645.00
476.00 644.96
476.96 644.00
477.00 643.96
477.96 643.00
477.96 642.00
478.00 641.96
478.96 641.00
478.96 640.00
479.00 639.96
479.96 639.00
480.00 638.96
480.96 638.00
480.96 637.00
481.00 636.96
481.96 636.00
482.00 635.96
482.96 635.00
482.96 634.00
482.96 633.00
483.00 632.96
483.96 632.00
483.96 631.00
483.96 630.00
484.00 629.96
484.96 629.00

Contour 11:
512.96 149.00
512.96 148.00
512.96 147.00
512.96 146.00
512.96 145.00
512.96 144.00
512.96 143.00
512.96 142.00
512.96 141.00
512.96 140.00
512.96 139.00
512.00 138.04
511.96 138.00
511.96 137.00
511.96 136.00
511.96 135.00
511.96 134.00
511.96 133.00
511.00 132.04
510.96 132.00
510.96 131.00
510.96 130.00
510.00 129.04
509.96 129.00
509.96 128.00
509.96 127.00
509.00 126.04
508.96 126.00
508.96 125.00
508.00 124.04
507.96 124.00
507.96 123.00
507.00 122.04
506.96 122.00
506.00 121.04
505.96 121.00
505.96 120.00
505.00 119.04
504.96 119.00
504.00 118.04
503.96 118.00
503.96 117.00
503.00 116.04
502.96 116.00
502.00 115.04
501.96 115.00
501.00 114.04
500.96 114.00
500.00 113.04
499.96 113.00
499.00 112.04
498.96 112.00
498.00 111.04
497.96 111.00
497.00 110.04
496.00 110.04
495.96 110.00
495.00 109.04
494.96 109.00
494.00 108.04
493.00 108.04
492.96 108.00
492.00 107.04
491.00 107.04
490.00 107.04
489.00 107.04
488.96 107.00
488.00 106.04
487.00 106.04
486.00 106.04
485.00 106.04
484.00 106.04
483.00 106.04
482.04 107.00
482.00 107.04
481.00 107.04
480.00 107.04
479.04 108.00
479.00 108.04
478.00 108.04
477.00 108.04
476.04 109.00
476.00 109.04
475.04 110.00
475.00 110.04
474.00 110.04
473.04 111.00
473.00 111.04
472.04 112.00
472.00 112.04
471.04 113.00
471.00 113.04
470.04 114.00
470.00 114.04
469.04 115.00
469.00 115.04
468.04 116.00
468.04 117.00
468.00 117.04
467.04 118.00
467.00 118.04
466.04 119.00
466.04 120.00
466.00 120.04
465.04 121.00
465.04 122.00
465.00 122.04
464.04 123.00
464.04 124.00
464.00 124.04
463.04 125.00
463.04 126.00
463.04 127.00
463.00 127.04
462.04 128.00
462.04 129.00
462.04 130.00
462.04 131.00
462.04 132.00
462.04 133.00
462.00 133.04
461.04 134.00
461.04 135.00
461.04 136.00
461.04 137.00
461.04 138.00
461.04 139.00
462.00 139.96
462.04 140.00
462.04 141.00
462.04 142.00
462.04 143.00
462.04 144.00
462.04 145.00
462.04 146.00
462.04 147.00
463.00 147.96
463.04 148.00
463.04 149.00
463.04 150.00
463.04 151.00
463.04 152.00
464.00 152.96
464.04 153.00
464.04 154.00
465.00 154.96
465.04 155.00
465.04 156.00
465.04 157.00
466.00 157.96
466.04 158.00
466.04 159.00
467.00 159.96
467.04 160.00
468.00 160.96
468.04 161.00
468.04 162.00
469.00 162.96
469.04 163.00
470.00 163.96
470.04 164.00
471.00 164.96
471.04 165.00
472.00 165.96
473.00 165.96
473.04 166.00
474.00 166.96
474.04 167.00
475.00 167.96
476.00 167.96
476.04 168.00
477.00 168.96
478.00 168.96
478.04 169.00
479.00 169.96
480.00 169.96
481.00 169.96
481.04 170.00
482.00 170.96
483.00 170.96
484.00 170.96
485.00 170.96
485.04 171.00
486.00 171.96
487.00 171.96
488.00 171.96
489.00 171.96
490.00 171.96
491.00 171.96
492.00 171.96
493.00 171.96
493.96 171.00
494.00 170.96
495.00 170.96
496.00 170.96
497.00 170.96
497.96 170.00
498.00 169.96
499.00 169.96
499.96 169.00
500.00 168.96
501.00 168.96
501.96 168.00
502.00 167.96
502.96 167.00
503.00 166.96
503.96 166.00
504.00 165.96
504.96 165.00
505.00 164.96
505.96 164.00
506.00 163.96
506.96 163.00
506.96 162.00
507.00 161.96
507.96 161.00
508.00 160.96
508.96 160.00
508.96 159.00
509.00 158.96
509.96 158.00
509.96 157.00
510.00 156.96
510.96 156.00
510.96 155.00
511.00 154.96
511.96 154.00
511.96 153.00
511.96 152.00
511.96 151.00
511.96 150.00
512.00 149.96
512.96 149.00

Contour 12:
567.96 41.00
567.96 40.00
567.96 39.00
567.96 38.00
567.96 37.00
567.00 36.04
566.96 36.00
566.96 35.00
566.96 34.00
566.96 33.00
566.96 32.00
566.00 31.04
565.96 31.00
565.96 30.00
565.00 29.04
564.96 29.00
564.96 28.00
564.00 27.04
563.96 27.00
563.96 26.00
563.00 25.04
562.96 25.00
562.00 24.04
561.96 24.00
561.96 23.00
561.00 22.04
560.96 22.00
560.00 21.04
559.96 21.00
559.00 20.04
558.96 20.00
558.00 19.04
557.00 19.04
556.96 19.00
556.00 18.04
555.00 18.04
554.96 18.00
554.00 17.04
553.00 17.04
552.96 17.00
552.00 16.04
551.00 16.04
550.96 16.00
550.00 15.04
549.00 15.04
548.00 15.04
547.96 15.00
547.00 14.04
546.00 14.04
545.00 14.04
544.00 14.04
543.96 14.00
543.00 13.04
542.00 13.04
541.00 13.04
540.00 13.04
539.00 13.04
538.00 13.04
537.96 13.00
537.00 12.04
536.00 12.04
535.00 12.04
534.00 12.04
533.00 12.04
532.00 12.04
531.96 12.00
531.00 11.04
530.00 11.04
529.00 11.04
528.00 11.04
527.00 11.04
526.00 11.04
525.00 11.04
524.00 11.04
523.96 11.00
523.00 10.04
522.00 10.04
521.00 10.04
520.00 10.04
519.96 10.00
519.00 9.04
518.00 9.04
517.00 9.04
516.00 9.04
515.00 9.04
514.00 9.04
513.00 9.04
512.00 9.04
511.00 9.04
510.00 9.04
509.00 9.04
508.04 10.00
508.00 10.04
507.00 10.04
506.04 11.00
506.00 11.04
505.00 11.04
504.04 12.00
504.00 12.04
503.04 13.00
503.00 13.04
502.04 14.00
502.04 15.00
502.00 15.04
501.04 16.00
501.04 17.00
501.00 17.04
500.04 18.00
500.04 19.00
500.04 20.00
500.04 21.00
500.00 21.04
499.04 22.00
499.04 23.00
499.04 24.00
499.04 25.00
499.04 26.00
499.00 26.04
498.04 27.00
498.04 28.00
498.04 29.00
498.00 29.04
497.04 30.00
497.04 31.00
497.00 31.04
496.04 32.00
496.04 33.00
496.04 34.00
496.04 35.00
496.00 35.04
495.04 36.00
495.04 37.00
495.04 38.00
495.04 39.00
495.04 40.00
495.04 41.00
495.04 42.00
495.04 43.00
495.04 44.00
495.04 45.00
496.00 45.96
496.04 46.00
496.04 47.00
496.04 48.00
496.04 49.00
496.04 50.00
496.04 51.00
496.04 52.00
497.00 52.96
497.04 53.00
497.04 54.00
497.04 55.00
497.04 56.00
497.04 57.00
498.00 57.96
498.04 58.00
498.04 59.00
499.00 59.96
499.04 60.00
499.04 61.00
500.00 61.96
500.04 62.00
500.04 63.00
501.00 63.96
501.04 64.00
502.00 64.96
502.04 65.00
502.04 66.00
503.00 66.96
503.04 67.00
504.00 67.96
504.04 68.00
505.00 68.96
505.04 69.00
506.00 69.96
507.00 69.96
507.04 70.00
508.00 70.96
508.04 71.00
509.00 71.96
510.00 71.96
510.04 72.00
511.00 72.96
511.04 73.00
512.00 73.96
513.00 73.96
513.04 74.00
514.00 74.96
515.00 74.96
515.04 75.00
516.00 75.96
517.00 75.96
517.04 76.00
518.00 76.96
519.00 76.96
520.00 76.96
520.04 77.00
521.00 77.96
522.00 77.96
523.00 77.96
524.00 77.96
525.00 77.96
526.00 77.96
527.00 77.96
527.04 78.00
528.00 78.96
529.00 78.96
530.00 78.96
530.96 78.00
531.00 77.96
532.00 77.96
533.00 77.96
534.00 77.96
535.00 77.96
536.00 77.96
537.00 77.96
538.00 77.96
539.00 77.96
540.00 77.96
541.00 77.96
541.96 77.00
542.00 76.96
543.00 76.96
544.00 76.96
544.96 76.00
545.00 75.96
546.00 75.96
546.96 75.00
547.00 74.96
548.00 74.96
548.96 74.00
549.00 73.96
550.00 73.96
550.96 73.00
551.00 72.96
551.96 72.00
552.00 71.96
552.96 71.00
553.00 70.96
554.00 70.96
554.96 70.00
554.96 69.00
555.00 68.96
555.96 68.00
556.00 67.96
556.96 67.00
557.00 66.96
557.96 66.00
558.00 65.96
558.96 65.00
559.00 64.96
559.96 64.00
559.96 63.00
560.00 62.96
560.96 62.00
560.96 61.00
561.00 60.96
561.96 60.00
562.00 59.96
562.96 59.00
562.96 58.00
563.00 57.96
563.96 57.00
563.96 56.00
564.00 55.96
564.96 55.00
564.96 54.00
564.96 53.00
565.00 52.96
565.96 52.00
565.96 51.00
565.96 50.00
565.96 49.00
566.00 48.96
566.96 48.00
566.96 47.00
566.96 46.00
566.96 45.00
566.96 44.00
566.96 43.00
566.96 42.00
567.00 41.96
567.96 41.00

Contour 13:
610.97 642.00
610.97 641.00
610.97 640.00
610.97 639.00
610.97 638.00
610.97 637.00
610.97 636.00
610.97 635.00
610.00 634.03
609.97 634.00
609.97 633.00
609.97 632.00
609.97 631.00
609.97 630.00
609.00 629.03
608.97 629.00
608.97 628.00
608.97 627.00
608.00 626.03
607.97 626.00
607.97 625.00
607.00 624.03
606.97 624.00
606.97 623.00
606.97 622.00
606.00 621.03
605.97 621.00
605.97 620.00
605.00 619.03
604.97 619.00
604.00 618.03
603.97 618.00
603.00 617.03
602.97 617.00
602.00 616.03
601.97 616.00
601.00 615.03
600.97 615.00
600.00 614.03
599.97 614.00
599.00 613.03
598.00 613.03
597.97 613.00
597.00 612.03
596.97 612.00
596.00 611.03
595.97 611.00
595.00 610.03
594.00 610.03
593.97 610.00
593.00 609.03
592.00 609.03
591.97 609.00
591.00 608.03
590.00 608.03
589.97 608.00
589.00 607.03
588.00 607.03
587.97 607.00
587.00 606.03
586.00 606.03
585.00 606.03
584.00 606.03
583.97 606.00
583.00 605.03
582.00 605.03
581.00 605.03
580.00 605.03
579.00 605.03
578.00 605.03
577.00 605.03
576.00 605.03
575.00 605.03
574.00 605.03
573.00 605.03
572.00 605.03
571.00 605.03
570.00 605.03
569.00 605.03
568.00 605.03
567.03 606.00
567.00 606.03
566.00 606.03
565.00 606.03
564.03 607.00
564.00 607.03
563.00 607.03
562.03 608.00
562.00 608.03
561.00 608.03
560.00 608.03
559.03 609.00
559.00 609.03
558.03 610.00
558.00 610.03
557.00 610.03
556.03 611.00
556.00 611.03
555.03 612.00
555.00 612.03
554.03 613.00
554.00 613.03
553.03 614.00
553.00 614.03
552.03 615.00
552.00 615.03
551.03 616.00
551.00 616.03
550.03 617.00
550.03 618.00
550.00 618.03
549.03 619.00
549.00 619.03
548.03 620.00
548.03 621.00
548.03 622.00
548.00 622.03
547.03 623.00
547.03 624.00
547.03 625.00
547.03 626.00
547.00 626.03
546.03 627.00
546.03 628.00
546.03 629.00
546.03 630.00
546.03 631.00
546.03 632.00
546.00 632.03
545.03 633.00
545.03 634.00
545.03 635.00
545.03 636.00
545.03 637.00
545.03 638.00
545.03 639.00
545.03 640.00
545.03 641.00
545.03 642.00
545.03 643.00
546.00 643.97
546.03 644.00
546.03 645.00
546.03 646.00
547.00 646.97
547.03 647.00
547.03 648.00
547.03 649.00
548.00 649.97
548.03 650.00
548.03 651.00
549.00 651.97
549.03 652.00
550.00 652.97
550.03 653.00
550.03 654.00
551.00 654.97
551.03 655.00
552.00 655.97
552.03 656.00
552.03 657.00
553.00 657.97
553.03 658.00
554.00 658.97
554.03 659.00
554.03 660.00
555.00 660.97
555.03 661.00
556.00 661.97
556.03 662.00
557.00 662.97
557.03 663.00
558.00 663.97
559.00 663.97
559.03 664.00
560.00 664.97
560.03 665.00
561.00 665.97
562.00 665.97
562.03 666.00
563.00 666.97
564.00 666.97
564.03 667.00
565.00 667.97
566.00 667.97
566.03 668.00
567.00 668.97
568.00 668.97
569.00 668.97
569.03 669.00
570.00 669.97
571.00 669.97
572.00 669.97
573.00 669.97
574.00 669.97
574.03 670.00
575.00 670.97
576.00 670.97
577.00 670.97
578.00 670.97
579.00 670.97
580.00 670.97
581.00 670.97
582.00 670.97
583.00 670.97
584.00 670.97
585.00 670.97
585.97 670.00
586.00 669.97
587.00 669.97
588.00 669.97
588.97 669.00
589.00 668.97
590.00 668.97
591.00 668.97
591.97 668.00
592.00 667.97
593.00 667.97
593.97 667.00
594.00 666.97
594.97 666.00
595.00 665.97
595.97 665.00
596.00 664.97
597.00 664.97
597.97 664.00
598.00 663.97
598.97 663.00
599.00 662.97
599.97 662.00
600.00 661.97
600.97 661.00
601.00 660.97
601.97 660.00
602.00 659.97
602.97 659.00
603.00 658.97
603.97 658.00
603.97 657.00
604.00 656.97
604.97 656.00
605.00 655.97
605.97 655.00
606.00 654.97
606.97 654.00
606.97 653.00
607.00 652.97
607.97 652.00
607.97 651.00
608.00 650.97
608.97 650.00
608.97 649.00
609.00 648.97
609.97 648.00
609.97 647.00
609.97 646.00
609.97 645.00
609.97 644.00
609.97 643.00
610.00 642.97
610.97 642.00

Contour 14:
661.97 424.00
661.97 423.00
661.97 422.00
661.97 421.00
661.00 420.03
660.97 420.00
660.97 419.00
660.97 418.00
660.97 417.00
660.00 416.03
659.97 416.00
659.97 415.00
659.97 414.00
659.00 413.03
658.97 413.00
658.97 412.00
658.00 411.03
657.97 411.00
657.97 410.00
657.00 409.03
656.97 409.00
656.00 408.03
655.97 408.00
655.00 407.03
654.97 407.00
654.00 406.03
653.97 406.00
653.97 405.00
653.00 404.03
652.97 404.00
652.00 403.03
651.97 403.00
651.00 402.03
650.97 402.00
650.00 401.03
649.97 401.00
649.00 400.03
648.00 400.03
647.97 400.00
647.00 399.03
646.97 399.00
646.00 398.03
645.00 398.03
644.97 398.00
644.00 397.03
643.97 397.00
643.00 396.03
642.00 396.03
641.97 396.00
641.00 395.03
640.00 395.03
639.00 395.03
638.00 395.03
637.97 395.00
637.00 394.03
636.00 394.03
635.00 394.03
634.00 394.03
633.97 394.00
633.00 393.03
632.00 393.03
631.00 393.03
630.00 393.03
629.00 393.03
628.00 393.03
627.00 393.03
626.00 393.03
625.00 393.03
624.00 393.03
623.03 394.00
623.00 394.03
622.00 394.03
621.00 394.03
620.00 394.03
619.03 395.00
619.00 395.03
618.00 395.03
617.00 395.03
616.03 396.00
616.00 396.03
615.00 396.03
614.03 397.00
614.00 397.03
613.00 397.03
612.03 398.00
612.00 398.03
611.00 398.03
610.03 399.00
610.00 399.03
609.00 399.03
608.03 400.00
608.00 400.03
607.03 401.00
607.00 401.03
606.03 402.00
606.00 402.03
605.03 403.00
605.00 403.03
604.03 404.00
604.00 404.03
603.03 405.00
603.00 405.03
602.03 406.00
602.00 406.03
601.03 407.00
601.00 407.03
600.03 408.00
600.00 408.03
599.03 409.00
599.00 409.03
598.03 410.00
598.03 411.00
598.00 411.03
597.03 412.00
597.03 413.00
597.00 413.03
596.03 414.00
596.03 415.00
596.00 415.03
595.03 416.00
595.03 417.00
595.03 418.00
595.00 418.03
594.03 419.00
594.03 420.00
594.00 420.03
593.03 421.00
593.03 422.00
593.03 423.00
593.03 424.00
593.03 425.00
593.03 426.00
593.03 427.00
593.03 428.00
593.03 429.00
593.03 430.00
593.03 431.00
594.00 431.97
594.03 432.00
594.03 433.00
594.03 434.00
594.03 435.00
595.00 435.97
595.03 436.00
595.03 437.00
595.03 438.00
595.03 439.00
596.00 439.97
596.03 440.00
596.03 441.00
596.03 442.00
597.00 442.97
597.03 443.00
598.00 443.97
598.03 444.00
598.03 445.00
599.00 445.97
599.03 446.00
600.00 446.97
600.03 447.00
600.03 448.00
601.00 448.97
601.03 449.00
602.00 449.97
602.03 450.00
603.00 450.97
603.03 451.00
603.03 452.00
604.00 452.97
604.03 453.00
605.00 453.97
605.03 454.00
606.00 454.97
606.03 455.00
607.00 455.97
607.03 456.00
608.00 456.97
609.00 456.97
609.03 457.00
610.00 457.97
610.03 458.00
611.00 458.97
612.00 458.97
612.03 459.00
613.00 459.97
614.00 459.97
614.03 460.00
615.00 460.97
616.00 460.97
616.03 461.00
617.00 461.97
617.03 462.00
618.00 462.97
619.00 462.97
620.00 462.97
620.03 463.00
621.00 463.97
622.00 463.97
623.00 463.97
624.00 463.97
625.00 463.97
626.00 463.97
627.00 463.97
628.00 463.97
629.00 463.97
630.00 463.97
631.00 463.97
632.00 463.97
632.97 463.00
633.00 462.97
634.00 462.97
635.00 462.97
636.00 462.97
636.97 462.00
637.00 461.97
638.00 461.97
639.00 461.97
639.97 461.00
640.00 460.97
641.00 460.97
641.97 460.00
642.00 459.97
642.97 459.00
643.00 458.97
644.00 458.97
644.97 458.00
645.00 457.97
645.97 457.00
646.00 456.97
647.00 456.97
647.97 456.00
648.00 455.97
648.97 455.00
649.00 454.97
649.97 454.00
650.00 453.97
650.97 453.00
651.00 452.97
651.97 452.00
652.00 451.97
652.97 451.00
653.00 450.97
653.97 450.00
654.00 449.97
654.97 449.00
654.97 448.00
655.00 447.97
655.97 447.00
656.00 446.97
656.97 446.00
656.97 445.00
657.00 444.97
657.97 444.00
657.97 443.00
657.97 442.00
658.00 441.97
658.97 441.00
658.97 440.00
658.97 439.00
658.97 438.00
659.00 437.97
659.97 437.00
659.97 436.00
659.97 435.00
659.97 434.00
659.97 433.00
659.97 432.00
660.00 431.97
660.97 431.00
660.97 430.00
660.97 429.00
660.97 428.00
660.97 427.00
660.97 426.00
660.97 425.00
661.00 424.97
661.97 424.00

Contour 15:
669.97 97.00
669.97 96.00
669.97 95.00
669.97 94.00
669.97 93.00
669.97 92.00
669.97 91.00
669.97 90.00
669.97 89.00
669.97 88.00
669.97 87.00
669.97 86.00
669.00 85.03
668.97 85.00
668.97 84.00
668.97 83.00
668.97 82.00
668.00 81.03
667.97 81.00
667.97 80.00
667.97 79.00
667.00 78.03
666.97 78.00
666.97 77.00
666.00 76.03
665.97 76.00
665.00 75.03
664.97 75.00
664.97 74.00
664.00 73.03
663.97 73.00
663.00 72.03
662.97 72.00
662.00 71.03
661.97 71.00
661.00 70.03
660.97 70.00
660.00 69.03
659.97 69.00
659.00 68.03
658.00 68.03
657.97 68.00
657.00 67.03
656.00 67.03
655.97 67.00
655.00 66.03
654.97 66.00
654.00 65.03
653.00 65.03
652.00 65.03
651.97 65.00
651.00 64.03
650.00 64.03
649.97 64.00
649.00 63.03
648.00 63.03
647.97 63.00
647.00 62.03
646.00 62.03
645.00 62.03
644.00 62.03
643.97 62.00
643.00 61.03
642.00 61.03
641.00 61.03
640.00 61.03
639.00 61.03
638.00 61.03
637.00 61.03
636.00 61.03
635.00 61.03
634.00 61.03
633.00 61.03
632.00 61.03
631.00 61.03
630.00 61.03
629.03 62.00
629.00 62.03
628.00 62.03
627.00 62.03
626.00 62.03
625.03 63.00
625.00 63.03
624.00 63.03
623.03 64.00
623.00 64.03
622.00 64.03
621.03 65.00
621.00 65.03
620.00 65.03
619.03 66.00
619.00 66.03
618.00 66.03
617.03 67.00
617.00 67.03
616.03 68.00
616.00 68.03
615.03 69.00
615.00 69.03
614.00 69.03
613.03 70.00
613.00 70.03
612.03 71.00
612.00 71.03
611.03 72.00
611.00 72.03
610.00 72.03
609.03 73.00
609.00 73.03
608.03 74.00
608.03 75.00
608.00 75.03
607.03 76.00
607.00 76.03
606.03 77.00
606.03 78.00
606.00 78.03
605.03 79.00
605.03 80.00
605.00 80.03
604.03 81.00
604.03 82.00
604.03 83.00
604.03 84.00
604.00 84.03
603.03 85.00
603.03 86.00
603.03 87.00
603.03 88.00
603.03 89.00
603.03 90.00
603.03 91.00
604.00 91.97
604.03 92.00
604.03 93.00
604.03 94.00
605.00 94.97
605.03 95.00
605.03 96.00
605.03 97.00
606.00 97.97
606.03 98.00
607.00 98.97
607.03 99.00
607.03 100.00
608.00 100.97
608.03 101.00
608.03 102.00
609.00 102.97
609.03 103.00
610.00 103.97
610.03 104.00
611.00 104.97
611.03 105.00
612.00 105.97
612.03 106.00
612.03 107.00
613.00 107.97
613.03 108.00
614.00 108.97
614.03 109.00
615.00 109.97
616.00 109.97
616.03 110.00
617.00 110.97
617.03 111.00
618.00 111.97
618.03 112.00
619.00 112.97
620.00 112.97
620.03 113.00
621.00 113.97
621.03 114.00
622.00 114.97
623.00 114.97
623.03 115.00
624.00 115.97
625.00 115.97
625.03 116.00
626.00 116.97
627.00 116.97
628.00 116.97
628.03 117.00
629.00 117.97
630.00 117.97
631.00 117.97
632.00 117.97
633.00 117.97
634.00 117.97
635.00 117.97
636.00 117.97
636.97 117.00
637.00 116.97
638.00 116.97
639.00 116.97
640.00 116.97
641.00 116.97
642.00 116.97
642.97 116.00
643.00 115.97
644.00 115.97
645.00 115.97
646.00 115.97
646.97 115.00
647.00 114.97
648.00 114.97
649.00 114.97
649.97 114.00
650.00 113.97
651.00 113.97
652.00 113.97
652.97 113.00
653.00 112.97
654.00 112.97
655.00 112.97
655.97 112.00
656.00 111.97
657.00 111.97
657.97 111.00
658.00 110.97
658.97 110.00
659.00 109.97
660.00 109.97
660.97 109.00
661.00 108.97
661.97 108.00
662.00 107.97
663.00 107.97
663.97 107.00
663.97 106.00
664.00 105.97
664.97 105.00
665.00 104.97
665.97 104.00
666.00 103.97
666.97 103.00
667.00 102.97
667.97 102.00
667.97 101.00
668.00 100.97
668.97 100.00
668.97 99.00
668.97 98.00
669.00 97.97
669.97 97.00

Contour 16:
698.97 907.00
698.97 906.00
698.97 905.00
698.97 904.00
698.97 903.00
698.97 902.00
698.97 901.00
698.97 900.00
698.97 899.00
698.97 898.00
698.97 897.00
698.97 896.00
698.97 895.00
698.00 894.03
697.97 894.00
697.97 893.00
697.97 892.00
697.00 891.03
696.97 891.00
696.00 890.03
695.97 890.00
695.97 889.00
695.00 888.03
694.97 888.00
694.00 887.03
693.97 887.00
693.00 886.03
692.97 886.00
692.97 885.00
692.00 884.03
691.97 884.00
691.00 883.03
690.97 883.00
690.00 882.03
689.97 882.00
689.00 881.03
688.00 881.03
687.97 881.00
687.00 880.03
686.97 880.00
686.00 879.03
685.97 879.00
685.00 878.03
684.00 878.03
683.97 878.00
683.00 877.03
682.97 877.00
682.00 876.03
681.00 876.03
680.97 876.00
680.00 875.03
679.00 875.03
678.97 875.00
678.00 874.03
677.97 874.00
677.00 873.03
676.00 873.03
675.97 873.00
675.00 872.03
674.97 872.00
674.00 871.03
673.00 871.03
672.97 871.00
672.00 870.03
671.97 870.00
671.00 869.03
670.97 869.00
670.00 868.03
669.00 868.03
668.97 868.00
668.00 867.03
667.97 867.00
667.00 866.03
666.00 866.03
665.97 866.00
665.00 865.03
664.97 865.00
664.00 864.03
663.00 864.03
662.97 864.00
662.00 863.03
661.00 863.03
660.97 863.00
660.00 862.03
659.00 862.03
658.00 862.03
657.00 862.03
656.00 862.03
655.00 862.03
654.00 862.03
653.00 862.03
652.00 862.03
651.00 862.03
650.03 863.00
650.00 863.03
649.00 863.03
648.00 863.03
647.00 863.03
646.03 864.00
646.00 864.03
645.00 864.03
644.03 865.00
644.00 865.03
643.00 865.03
642.00 865.03
641.03 866.00
641.00 866.03
640.03 867.00
640.00 867.03
639.00 867.03
638.03 868.00
638.00 868.03
637.03 869.00
637.00 869.03
636.00 869.03
635.03 870.00
635.00 870.03
634.03 871.00
634.00 871.03
633.03 872.00
633.00 872.03
632.03 873.00
632.00 873.03
631.03 874.00
631.03 875.00
631.00 875.03
630.03 876.00
630.03 877.00
630.00 877.03
629.03 878.00
629.03 879.00
629.00 879.03
628.03 880.00
628.03 881.00
628.03 882.00
628.03 883.00
628.03 884.00
628.00 884.03
627.03 885.00
627.03 886.00
627.03 887.00
627.03 888.00
628.00 888.97
628.03 889.00
628.03 890.00
628.03 891.00
628.03 892.00
629.00 892.97
629.03 893.00
630.00 893.97
630.03 894.00
630.03 895.00
631.00 895.97
631.03 896.00
631.03 897.00
632.00 897.97
632.03 898.00
633.00 898.97
633.03 899.00
634.00 899.97
634.03 900.00
635.00 900.97
635.03 901.00
636.00 901.97
636.03 902.00
637.00 902.97
638.00 902.97
638.03 903.00
639.00 903.97
639.03 904.00
640.00 904.97
641.00 904.97
641.03 905.00
642.00 905.97
643.00 905.97
643.03 906.00
644.00 906.97
645.00 906.97
645.03 907.00
646.00 907.97
646.03 908.00
647.00 908.97
647.03 909.00
648.00 909.97
649.00 909.97
649.03 910.00
650.00 910.97
650.03 911.00
651.00 911.97
651.03 912.00
652.00 912.97
653.00 912.97
653.03 913.00
654.00 913.97
654.03 914.00
655.00 914.97
656.00 914.97
656.03 915.00
657.00 915.97
658.00 915.97
658.03 916.00
659.00 916.97
660.00 916.97
660.03 917.00
661.00 917.97
662.00 917.97
663.00 917.97
663.03 918.00
664.00 918.97
665.00 918.97
665.03 919.00
666.00 919.97
667.00 919.97
667.03 920.00
668.00 920.97
669.00 920.97
670.00 920.97
671.00 920.97
671.03 921.00
672.00 921.97
673.00 921.97
674.00 921.97
675.00 921.97
676.00 921.97
677.00 921.97
678.00 921.97
679.00 921.97
680.00 921.97
681.00 921.97
682.00 921.97
683.00 921.97
684.00 921.97
685.00 921.97
685.97 921.00
686.00 920.97
687.00 920.97
688.00 920.97
688.97 920.00
689.00 919.97
689.97 919.00
690.00 918.97
691.00 918.97
691.97 918.00
692.00 917.97
692.97 917.00
693.00 916.97
693.97 916.00
694.00 915.97
694.97 915.00
695.00 914.97
695.97 914.00
695.97 913.00
696.00 912.97
696.97 912.00
696.97 911.00
697.00 910.97
697.97 910.00
697.97 909.00
697.97 908.00
698.00 907.97
698.97 907.00

Contour 17:
696.97 240.00
696.97 239.00
696.97 238.00
696.97 237.00
696.97 236.00
696.97 235.00
696.97 234.00
696.97 233.00
696.97 232.00
696.97 231.00
696.97 230.00
696.97 229.00
696.97 228.00
696.97 227.00
696.00 226.03
695.97 226.00
695.97 225.00
695.97 224.00
695.97 223.00
695.97 222.00
695.00 221.03
694.97 221.00
694.97 220.00
694.97 219.00
694.00 218.03
693.97 218.00
693.97 217.00
693.00 216.03
692.97 216.00
692.97 215.00
692.00 214.03
691.97 214.00
691.97 213.00
691.00 212.03
690.97 212.00
690.97 211.00
690.00 210.03
689.97 210.00
689.00 209.03
688.97 209.00
688.97 208.00
688.00 207.03
687.97 207.00
687.00 206.03
686.97 206.00
686.00 205.03
685.97 205.00
685.00 204.03
684.97 204.00
684.97 203.00
684.00 202.03
683.97 202.00
683.00 201.03
682.97 201.00
682.00 200.03
681.00 200.03
680.97 200.00
680.00 199.03
679.97 199.00
679.00 198.03
678.00 198.03
677.97 198.00
677.00 197.03
676.00 197.03
675.97 197.00
675.00 196.03
674.00 196.03
673.97 196.00
673.00 195.03
672.00 195.03
671.00 195.03
670.00 195.03
669.97 195.00
669.00 194.03
668.00 194.03
667.00 194.03
666.97 194.00
666.00 193.03
665.00 193.03
664.00 193.03
663.00 193.03
662.00 193.03
661.00 193.03
660.03 194.00
660.00 194.03
659.00 194.03
658.00 194.03
657.03 195.00
657.00 195.03
656.00 195.03
655.00 195.03
654.03 196.00
654.00 196.03
653.00 196.03
652.03 197.00
652.00 197.03
651.00 197.03
650.03 198.00
650.00 198.03
649.03 199.00
649.00 199.03
648.03 200.00
648.00 200.03
647.00 200.03
646.03 201.00
646.00 201.03
645.03 202.00
645.00 202.03
644.03 203.00
644.00 203.03
643.03 204.00
643.03 205.00
643.00 205.03
642.03 206.00
642.00 206.03
641.03 207.00
641.03 208.00
641.00 208.03
640.03 209.00
640.00 209.03
639.03 210.00
639.03 211.00
639.00 211.03
638.03 212.00
638.03 213.00
638.00 213.03
637.03 214.00
637.03 215.00
637.00 215.03
636.03 216.00
636.03 217.00
636.03 218.00
636.03 219.00
636.03 220.00
636.00 220.03
635.03 221.00
635.03 222.00
635.03 223.00
635.03 224.00
635.03 225.00
635.03 226.00
635.03 227.00
635.03 228.00
636.00 228.97
636.03 229.00
636.03 230.00
636.03 231.00
636.03 232.00
636.03 233.00
637.00 233.97
637.03 234.00
637.03 235.00
637.03 236.00
638.00 236.97
638.03 237.00
638.03 238.00
638.03 239.00
639.00 239.97
639.03 240.00
639.03 241.00
639.03 242.00
640.00 242.97
640.03 243.00
640.03 244.00
641.00 244.97
641.03 245.00
641.03 246.00
642.00 246.97
642.03 247.00
643.00 247.97
643.03 248.00
644.00 248.97
644.03 249.00
644.03 250.00
645.00 250.97
645.03 251.00
646.00 251.97
646.03 252.00
647.00 252.97
647.03 253.00
648.00 253.97
648.03 254.00
649.00 254.97
650.00 254.97
650.03 255.00
651.00 255.97
651.03 256.00
652.00 256.97
652.03 257.00
653.00 257.97
653.03 258.00
654.00 258.97
654.03 259.00
655.00 259.97
656.00 259.97
656.03 260.00
657.00 260.97
657.03 261.00
658.00 261.97
659.00 261.97
659.03 262.00
660.00 262.97
661.00 262.97
662.00 262.97
662.03 263.00
663.00 263.97
664.00 263.97
665.00 263.97
666.00 263.97
667.00 263.97
668.00 263.97
669.00 263.97
670.00 263.97
671.00 263.97
671.97 263.00
672.00 262.97
673.00 262.97
674.00 262.97
675.00 262.97
675.97 262.00
676.00 261.97
677.00 261.97
678.00 261.97
678.97 261.00
679.00 260.97
680.00 260.97
680.97 260.00
681.00 259.97
681.97 259.00
682.00 258.97
683.00 258.97
683.97 258.00
684.00 257.97
685.00 257.97
685.97 257.00
686.00 256.97
686.97 256.00
687.00 255.97
687.97 255.00
688.00 254.97
688.97 254.00
689.00 253.97
689.97 253.00
690.00 252.97
690.97 252.00
691.00 251.97
691.97 251.00
691.97 250.00
692.00 249.97
692.97 249.00
693.00 248.97
693.97 248.00
693.97 247.00
694.00 246.97
694.97 246.00
694.97 245.00
695.00 244.97
695.97 244.00
695.97 243.00
695.97 242.00
695.97 241.00
696.00 240.97
696.97 240.00

Contour 18:
711.98 610.00
711.98 609.00
711.98 608.00
711.98 607.00
711.98 606.00
711.98 605.00
711.98 604.00
711.98 603.00
711.98 602.00
711.98 601.00
711.98 600.00
711.98 599.00
711.98 598.00
711.98 597.00
711.00 596.02
710.98 596.00
710.98 595.00
710.98 594.00
710.98 593.00
710.00 592.02
709.98 592.00
709.98 591.00
709.00 590.02
708.98 590.00
708.98 589.00
708.00 588.02
707.98 588.00
707.00 587.02
706.98 587.00
706.00 586.02
705.98 586.00
705.98 585.00
705.00 584.02
704.98 584.00
704.00 583.02
703.00 583.02
702.98 583.00
702.00 582.02
701.98 582.00
701.00 581.02
700.98 581.00
700.00 580.02
699.00 580.02
698.98 580.00
698.00 579.02
697.98 579.00
697.00 578.02
696.00 578.02
695.98 578.00
695.00 577.02
694.00 577.02
693.00 577.02
692.98 577.00
692.00 576.02
691.00 576.02
690.00 576.02
689.00 576.02
688.98 576.00
688.00 575.02
687.00 575.02
686.00 575.02
685.00 575.02
684.00 575.02
683.00 575.02
682.00 575.02
681.00 575.02
680.00 575.02
679.00 575.02
678.00 575.02
677.00 575.02
676.00 575.02
675.00 575.02
674.02 576.00
674.00 576.02
673.00 576.02
672.00 576.02
671.02 577.00
671.00 577.02
670.00 577.02
669.02 578.00
669.00 578.02
668.00 578.02
667.00 578.02
666.02 579.00
666.00 579.02
665.00 579.02
664.02 580.00
664.00 580.02
663.00 580.02
662.02 581.00
662.00 581.02
661.00 581.02
660.02 582.00
660.00 582.02
659.02 583.00
659.00 583.02
658.02 584.00
658.00 584.02
657.02 585.00
657.00 585.02
656.02 586.00
656.00 586.02
655.00 586.02
654.02 587.00
654.02 588.00
654.00 588.02
653.02 589.00
653.00 589.02
652.02 590.00
652.00 590.02
651.02 591.00
651.00 591.02
650.02 592.00
650.02 593.00
650.00 593.02
649.02 594.00
649.02 595.00
649.00 595.02
648.02 596.00
648.02 597.00
648.02 598.00
648.02 599.00
648.02 600.00
648.02 601.00
648.02 602.00
648.02 603.00
648.02 604.00
648.02 605.00
648.02 606.00
649.00 606.98
649.02 607.00
649.02 608.00
649.02 609.00
650.00 609.98
650.02 610.00
650.02 611.00
651.00 611.98
651.02 612.00
651.02 613.00
652.00 613.98
652.02 614.00
652.02 615.00
653.00 615.98
653.02 616.00
654.00 616.98
654.02 617.00
655.00 617.98
655.02 618.00
655.02 619.00
656.00 619.98
656.02 620.00
657.00 620.98
657.02 621.00
658.00 621.98
658.02 622.00
659.00 622.98
660.00 622.98
660.02 623.00
661.00 623.98
661.02 624.00
662.00 624.98
662.02 625.00
663.00 625.98
663.02 626.00
664.00 626.98
664.02 627.00
665.00 627.98
666.00 627.98
666.02 628.00
667.00 628.98
668.00 628.98
668.02 629.00
669.00 629.98
670.00 629.98
671.00 629.98
671.02 630.00
672.00 630.98
673.00 630.98
674.00 630.98
675.00 630.98
675.02 631.00
676.00 631.98
677.00 631.98
678.00 631.98
679.00 631.98
680.00 631.98
681.00 631.98
682.00 631.98
683.00 631.98
684.00 631.98
685.00 631.98
686.00 631.98
687.00 631.98
688.00 631.98
689.00 631.98
689.98 631.00
690.00 630.98
691.00 630.98
692.00 630.98
692.98 630.00
693.00 629.98
694.00 629.98
694.98 629.00
695.00 628.98
696.00 628.98
696.98 628.00
697.00 627.98
697.98 627.00
698.00 626.98
698.98 626.00
699.00 625.98
699.98 625.00
700.00 624.98
701.00 624.98
701.98 624.00
702.00 623.98
702.98 623.00
703.00 622.98
703.98 622.00
704.00 621.98
704.98 621.00
705.00 620.98
705.98 620.00
706.00 619.98
706.98 619.00
707.00 618.98
707.98 618.00
707.98 617.00
708.00 616.98
708.98 616.00
709.00 615.98
709.98 615.00
709.98 614.00
710.00 613.98
710.98 613.00
710.98 612.00
710.98 611.00
711.00 610.98
711.98 610.00

Contour 19:
763.98 415.00
763.98 414.00
763.98 413.00
763.98 412.00
763.98 411.00
763.98 410.00
763.98 409.00
763.98 408.00
763.98 407.00
763.98 406.00
763.98 405.00
763.98 404.00
763.98 403.00
763.98 402.00
763.98 401.00
763.00 400.02
762.98 400.00
762.98 399.00
762.00 398.02
761.98 398.00
761.00 397.02
760.98 397.00
760.98 396.00
760.00 395.02
759.98 395.00
759.00 394.02
758.98 394.00
758.00 393.02
757.98 393.00
757.98 392.00
757.00 391.02
756.98 391.00
756.98 390.00
756.00 389.02
755.98 389.00
755.98 388.00
755.00 387.02
754.98 387.00
754.98 386.00
754.00 385.02
753.98 385.00
753.98 384.00
753.00 383.02
752.98 383.00
752.98 382.00
752.00 381.02
751.98 381.00
751.98 380.00
751.98 379.00
751.00 378.02
750.98 378.00
750.00 377.02
749.98 377.00
749.98 376.00
749.00 375.02
748.98 375.00
748.00 374.02
747.98 374.00
747.98 373.00
747.00 372.02
746.98 372.00
746.00 371.02
745.98 371.00
745.00 370.02
744.98 370.00
744.00 369.02
743.00 369.02
742.98 369.00
742.00 368.02
741.00 368.02
740.98 368.00
740.00 367.02
739.00 367.02
738.00 367.02
737.00 367.02
736.00 367.02
735.00 367.02
734.00 367.02
733.02 368.00
733.00 368.02
732.00 368.02
731.02 369.00
731.00 369.02
730.00 369.02
729.02 370.00
729.00 370.02
728.02 371.00
728.00 371.02
727.02 372.00
727.00 372.02
726.02 373.00
726.02 374.00
726.00 374.02
725.02 375.00
725.02 376.00
725.00 376.02
724.02 377.00
724.02 378.00
724.02 379.00
724.00 379.02
723.02 380.00
723.02 381.00
723.02 382.00
723.02 383.00
723.02 384.00
723.02 385.00
723.02 386.00
723.02 387.00
723.02 388.00
723.02 389.00
723.02 390.00
723.02 391.00
723.02 392.00
724.00 392.98
724.02 393.00
724.02 394.00
724.02 395.00
725.00 395.98
725.02 396.00
725.02 397.00
725.02 398.00
725.02 399.00
725.02 400.00
725.02 401.00
725.00 401.02
724.02 402.00
724.02 403.00
724.00 403.02
723.02 404.00
723.00 404.02
722.02 405.00
722.00 405.02
721.02 406.00
721.02 407.00
721.00 407.02
720.02 408.00
720.02 409.00
720.00 409.02
719.02 410.00
719.02 411.00
719.02 412.00
719.02 413.00
719.02 414.00
719.00 414.02
718.02 415.00
718.02 416.00
718.02 417.00
718.02 418.00
718.02 419.00
718.02 420.00
718.02 421.00
718.02 422.00
718.02 423.00
718.02 424.00
718.02 425.00
719.00 425.98
719.02 426.00
719.02 427.00
719.02 428.00
719.02 429.00
720.00 429.98
720.02 430.00
720.02 431.00
721.00 431.98
721.02 432.00
721.02 433.00
722.00 433.98
722.02 434.00
722.02 435.00
723.00 435.98
723.02 436.00
724.00 436.98
724.02 437.00
725.00 437.98
725.02 438.00
726.00 438.98
726.02 439.00
727.00 439.98
728.00 439.98
728.02 440.00
729.00 440.98
729.02 441.00
730.00 441.98
731.00 441.98
732.00 441.98
733.00 441.98
734.00 441.98
734.02 442.00
735.00 442.98
735.98 442.00
736.00 441.98
737.00 441.98
738.00 441.98
739.00 441.98
740.00 441.98
740.98 441.00
741.00 440.98
742.00 440.98
742.98 440.00
743.00 439.98
743.98 439.00
744.00 438.98
745.00 438.98
745.98 438.00
746.00 437.98
746.98 437.00
747.00 436.98
747.98 436.00
748.00 435.98
748.98 435.00
749.00 434.98
749.98 434.00
750.00 433.98
750.98 433.00
751.00 432.98
751.98 432.00
752.00 431.98
752.98 431.00
753.00 430.98
753.98 430.00
753.98 429.00
754.00 428.98
754.98 428.00
755.00 427.98
755.98 427.00
756.00 426.98
756.98 426.00
757.00 425.98
757.98 425.00
757.98 424.00
758.00 423.98
758.98 423.00
759.00 422.98
759.98 422.00
760.00 421.98
760.98 421.00
761.00 420.98
761.98 420.00
761.98 419.00
762.00 418.98
762.98 418.00
762.98 417.00
762.98 416.00
763.00 415.98
763.98 415.00

Contour 20:
844.98 816.00
844.98 815.00
844.98 814.00
844.98 813.00
844.98 812.00
844.98 811.00
844.98 810.00
844.98 809.00
844.98 808.00
844.98 807.00
844.98 806.00
844.98 805.00
844.98 804.00
844.98 803.00
844.98 802.00
844.00 801.02
843.98 801.00
843.98 800.00
843.98 799.00
843.98 798.00
843.00 797.02
842.98 797.00
842.98 796.00
842.98 795.00
842.98 794.00
842.00 793.02
841.98 793.00
841.98 792.00
841.98 791.00
841.00 790.02
840.98 790.00
840.98 789.00
840.98 788.00
840.00 787.02
839.98 787.00
839.98 786.00
839.98 785.00
839.00 784.02
838.98 784.00
838.98 783.00
838.00 782.02
837.98 782.00
837.98 781.00
837.00 780.02
836.98 780.00
836.00 779.02
835.98 779.00
835.98 778.00
835.00 777.02
834.98 777.00
834.00 776.02
833.98 776.00
833.00 775.02
832.98 775.00
832.00 774.02
831.98 774.00
831.00 773.02
830.98 773.00
830.00 772.02
829.98 772.00
829.00 771.02
828.98 771.00
828.00 770.02
827.98 770.00
827.00 769.02
826.98 769.00
826.00 768.02
825.00 768.02
824.98 768.00
824.00 767.02
823.00 767.02
822.98 767.00
822.00 766.02
821.00 766.02
820.98 766.00
820.00 765.02
819.00 765.02
818.98 765.00
818.00 764.02
817.00 764.02
816.00 764.02
815.98 764.00
815.00 763.02
814.00 763.02
813.98 763.00
813.00 762.02
812.00 762.02
811.00 762.02
810.00 762.02
809.00 762.02
808.98 762.00
808.00 761.02
807.00 761.02
806.00 761.02
805.00 761.02
804.00 761.02
803.02 762.00
803.00 762.02
802.00 762.02
801.00 762.02
800.00 762.02
799.00 762.02
798.02 763.00
798.00 763.02
797.00 763.02
796.00 763.02
795.02 764.00
795.00 764.02
794.00 764.02
793.00 764.02
792.02 765.00
792.00 765.02
791.00 765.02
790.02 766.00
790.00 766.02
789.00 766.02
788.02 767.00
788.00 767.02
787.00 767.02
786.02 768.00
786.00 768.02
785.00 768.02
784.02 769.00
784.00 769.02
783.02 770.00
783.00 770.02
782.02 771.00
782.00 771.02
781.02 772.00
781.00 772.02
780.00 772.02
779.02 773.00
779.00 773.02
778.02 774.00
778.00 774.02
777.02 775.00
777.00 775.02
776.02 776.00
776.00 776.02
775.02 777.00
775.00 777.02
774.02 778.00
774.02 779.00
774.00 779.02
773.02 780.00
773.00 780.02
772.02 781.00
772.00 781.02
771.02 782.00
771.00 782.02
770.02 783.00
770.00 783.02
769.02 784.00
769.02 785.00
769.00 785.02
768.02 786.00
768.00 786.02
767.02 787.00
767.02 788.00
767.00 788.02
766.02 789.00
766.00 789.02
765.02 790.00
765.02 791.00
765.00 791.02
764.02 792.00
764.02 793.00
764.02 794.00
764.00 794.02
763.02 795.00
763.02 796.00
763.02 797.00
763.00 797.02
762.02 798.00
762.02 799.00
762.02 800.00
762.02 801.00
762.00 801.02
761.02 802.00
761.02 803.00
761.02 804.00
761.02 805.00
761.02 806.00
761.02 807.00
761.02 808.00
761.02 809.00
761.02 810.00
761.02 811.00
761.02 812.00
761.02 813.00
761.02 814.00
761.02 815.00
761.02 816.00
762.00 816.98
762.02 817.00
762.02 818.00
762.02 819.00
762.02 820.00
762.02 821.00
762.02 822.00
763.00 822.98
763.02 823.00
763.02 824.00
763.02 825.00
764.00 825.98
764.02 826.00
764.02 827.00
764.02 828.00
765.00 828.98
765.02 829.00
765.02 830.00
766.00 830.98
766.02 831.00
766.02 832.00
767.00 832.98
767.02 833.00
768.00 833.98
768.02 834.00
768.02 835.00
769.00 835.98
769.02 836.00
769.02 837.00
770.00 837.98
770.02 838.00
771.00 838.98
771.02 839.00
772.00 839.98
772.02 840.00
773.00 840.98
773.02 841.00
774.00 841.98
774.02 842.00
775.00 842.98
775.02 843.00
776.00 843.98
776.02 844.00
777.00 844.98
777.02 845.00
778.00 845.98
779.00 845.98
779.02 846.00
780.00 846.98
780.02 847.00
781.00 847.98
782.00 847.98
782.02 848.00
783.00 848.98
784.00 848.98
784.02 849.00
785.00 849.98
786.00 849.98
786.02 850.00
787.00 850.98
788.00 850.98
789.00 850.98
789.02 851.00
790.00 851.98
791.00 851.98
792.00 851.98
793.00 851.98
793.02 852.00
794.00 852.98
795.00 852.98
796.00 852.98
797.00 852.98
798.00 852.98
799.00 852.98
800.00 852.98
801.00 852.98
802.00 852.98
803.00 852.98
804.00 852.98
804.98 852.00
805.00 851.98
806.00 851.98
807.00 851.98
808.00 851.98
809.00 851.98
809.98 851.00
810.00 850.98
811.00 850.98
812.00 850.98
812.98 850.00
813.00 849.98
814.00 849.98
815.00 849.98
816.00 849.98
816.98 849.00
817.00 848.98
818.00 848.98
819.00 848.98
819.98 848.00
820.00 847.98
821.00 847.98
822.00 847.98
822.98 847.00
823.00 846.98
823.98 846.00
824.00 845.98
825.00 845.98
825.98 845.00
826.00 844.98
826.98 844.00
827.00 843.98
828.00 843.98
828.98 843.00
829.00 842.98
829.98 842.00
830.00 841.98
830.98 841.00
831.00 840.98
831.98 840.00
832.00 839.98
832.98 839.00
833.00 838.98
833.98 838.00
834.00 837.98
834.98 837.00
835.00 836.98
835.98 836.00
836.00 835.98
836.98 835.00
837.00 834.98
837.98 834.00
837.98 833.00
838.00 832.98
838.98 832.00
838.98 831.00
839.00 830.98
839.98 830.00
839.98 829.00
840.00 828.98
840.98 828.00
840.98 827.00
841.00 826.98
841.98 826.00
841.98 825.00
842.00 824.98
842.98 824.00
842.98 823.00
842.98 822.00
842.98 821.00
843.00 820.98
843.98 820.00
843.98 819.00
843.98 818.00
843.98 817.00
844.00 816.98
844.98 816.00

