Contour 0:
133.50 169.00
133.50 168.00
133.50 167.00
133.50 166.00
133.50 165.00
133.50 164.00
133.50 163.00
133.50 162.00
133.50 161.00
133.50 160.00
133.00 159.50
132.50 159.00
132.50 158.00
132.50 157.00
132.50 156.00
132.50 155.00
132.00 154.50
131.50 154.00
131.50 153.00
131.50 152.00
131.00 151.50
130.50 151.00
130.50 150.00
130.00 149.50
129.50 149.00
129.50 148.00
129.50 147.00
129.00 146.50
128.50 146.00
128.50 145.00
128.00 144.50
127.50 144.00
127.00 143.50
126.50 143.00
126.50 142.00
126.00 141.50
125.50 141.00
125.00 140.50
124.00 140.50
123.50 140.00
123.00 139.50
122.50 139.00
122.00 138.50
121.50 138.00
121.00 137.50
120.00 137.50
119.00 137.50
118.50 137.00
118.00 136.50
117.00 136.50
116.00 136.50
115.50 136.00
115.00 135.50
114.00 135.50
113.00 135.50
112.00 135.50
111.50 135.00
111.00 134.50
110.00 134.50
109.00 134.50
108.00 134.50
107.00 134.50
106.00 134.50
105.00 134.50
104.50 135.00
104.00 135.50
103.00 135.50
102.00 135.50
101.00 135.50
100.50 136.00
100.00 136.50
99.00 136.50
98.00 136.50
97.50 137.00
97.00 137.50
96.00 137.50
95.50 138.00
95.00 138.50
94.00 138.50
93.50 139.00
93.00 139.50
92.00 139.50
91.50 140.00
91.00 140.50
90.50 141.00
90.00 141.50
89.50 142.00
89.00 142.50
88.50 143.00
88.00 143.50
87.50 144.00
87.00 144.50
86.50 145.00
86.00 145.50
85.50 146.00
85.50 147.00
85.00 147.50
84.50 148.00
84.00 148.50
83.50 149.00
83.00 149.50
82.50 150.00
82.00 150.50
81.50 151.00
81.00 151.50
80.50 152.00
80.00 152.50
79.50 153.00
79.50 154.00
79.00 154.50
78.50 155.00
78.00 155.50
77.50 156.00
77.00 156.50
76.50 157.00
76.50 158.00
76.00 158.50
75.50 159.00
75.00 159.50
74.50 160.00
74.50 161.00
74.00 161.50
73.50 162.00
73.50 163.00
73.00 163.50
72.50 164.00
72.50 165.00
72.50 166.00
72.00 166.50
71.50 167.00
71.50 168.00
71.50 169.00
71.50 170.00
71.50 171.00
71.00 171.50
70.50 172.00
70.50 173.00
70.50 174.00
70.50 175.00
70.50 176.00
70.50 177.00
70.00 177.50
69.50 178.00
69.50 179.00
69.50 180.00
69.50 181.00
69.50 182.00
69.50 183.00
69.50 184.00
70.00 184.50
70.50 185.00
70.50 186.00
70.50 187.00
70.50 188.00
71.00 188.50
71.50 189.00
71.50 190.00
71.50 191.00
71.50 192.00
72.00 192.50
72.50 193.00
72.50 194.00
72.50 195.00
73.00 195.50
73.50 196.00
73.50 197.00
74.00 197.50
74.50 198.00
74.50 199.00
75.00 199.50
75.50 200.00
75.50 201.00
76.00 201.50
76.50 202.00
76.50 203.00
77.00 203.50
77.50 204.00
78.00 204.50
78.50 205.00
78.50 206.00
79.00 206.50
79.50 207.00
80.00 207.50
81.00 207.50
81.50 208.00
82.00 208.50
82.50 209.00
83.00 209.50
84.00 209.50
84.50 210.00
85.00 210.50
86.00 210.50
86.50 211.00
87.00 211.50
88.00 211.50
88.50 212.00
89.00 212.50
90.00 212.50
90.50 213.00
91.00 213.50
92.00 213.50
92.50 214.00
93.00 214.50
94.00 214.50
95.00 214.50
96.00 214.50
97.00 214.50
97.50 215.00
98.00 215.50
99.00 215.50
100.00 215.50
101.00 215.50
101.50 215.00
102.00 214.50
103.00 214.50
104.00 214.50
105.00 214.50
106.00 214.50
106.50 214.00
107.00 213.50
108.00 213.50
109.00 213.50
110.00 213.50
110.50 213.00
111.00 212.50
112.00 212.50
112.50 212.00
113.00 211.50
113.50 211.00
114.00 210.50
114.50 210.00
115.00 209.50
116.00 209.50
116.50 209.00
117.00 208.50
117.50 208.00
117.50 207.00
118.00 206.50
118.50 206.00
119.00 205.50
119.50 205.00
119.50 204.00
120.00 203.50
120.50 203.00
120.50 202.00
121.00 201.50
121.50 201.00
121.50 200.00
122.00 199.50
122.50 199.00
122.50 198.00
123.00 197.50
123.50 197.00
123.50 196.00
124.00 195.50
124.50 195.00
124.50 194.00
124.50 193.00
125.00 192.50
125.50 192.00
125.50 191.00
126.00 190.50
126.50 190.00
127.00 189.50
127.50 189.00
127.50 188.00
127.50 187.00
128.00 186.50
128.50 186.00
128.50 185.00
129.00 184.50
129.50 184.00
129.50 183.00
129.50 182.00
130.00 181.50
130.50 181.00
130.50 180.00
130.50 179.00
131.00 178.50
131.50 178.00
131.50 177.00
131.50 176.00
131.50 175.00
132.00 174.50
132.50 174.00
132.50 173.00
132.50 172.00
132.50 171.00
132.50 170.00
133.00 169.50
133.50 169.00

Contour 1:
181.83 314.00
181.83 313.00
181.83 312.00
181.83 311.00
181.83 310.00
181.83 309.00
181.83 308.00
181.83 307.00
181.83 306.00
181.83 305.00
181.83 304.00
181.83 303.00
181.83 302.00
181.83 301.00
181.83 300.00
181.83 299.00
181.83 298.00
181.00 297.17
180.83 297.00
180.83 296.00
180.00 295.17
179.83 295.00
179.83 294.00
179.00 293.17
178.83 293.00
178.00 292.17
177.83 292.00
177.00 291.17
176.83 291.00
176.00 290.17
175.83 290.00
175.00 289.17
174.83 289.00
174.83 288.00
174.00 287.17
173.00 287.17
172.83 287.00
172.00 286.17
171.83 286.00
171.00 285.17
170.83 285.00
170.00 284.17
169.00 284.17
168.83 284.00
168.00 283.17
167.83 283.00
167.00 282.17
166.00 282.17
165.83 282.00
165.00 281.17
164.00 281.17
163.83 281.00
163.00 280.17
162.00 280.17
161.00 280.17
160.00 280.17
159.00 280.17
158.00 280.17
157.00 280.17
156.17 281.00
156.00 281.17
155.00 281.17
154.00 281.17
153.17 282.00
153.00 282.17
152.00 282.17
151.17 283.00
151.00 283.17
150.00 283.17
149.17 284.00
149.00 284.17
148.17 285.00
148.00 285.17
147.17 286.00
147.00 286.17
146.17 287.00
146.00 287.17
145.17 288.00
145.00 288.17
144.17 289.00
144.17 290.00
144.00 290.17
143.17 291.00
143.17 292.00
143.00 292.17
142.17 293.00
142.17 294.00
142.00 294.17
141.17 295.00
141.17 296.00
141.17 297.00
141.00 297.17
140.17 298.00
140.17 299.00
140.17 300.00
140.17 301.00
140.17 302.00
140.17 303.00
140.17 304.00
140.17 305.00
141.00 305.83
141.17 306.00
141.17 307.00
141.17 308.00
141.17 309.00
141.00 309.17
140.17 310.00
140.00 310.25
139.00 310.25
138.75 310.00
138.00 309.25
137.00 309.25
136.75 309.00
136.00 308.25
135.00 308.25
134.00 308.25
133.75 308.00
133.00 307.25
132.00 307.25
131.00 307.25
130.75 307.00
130.00 306.25
129.00 306.25
128.00 306.25
127.00 306.25
126.00 306.25
125.00 306.25
124.00 306.25
123.00 306.25
122.25 307.00
122.00 307.25
121.00 307.25
120.00 307.25
119.25 308.00
119.00 308.25
118.00 308.25
117.00 308.25
116.25 309.00
116.00 309.25
115.00 309.25
114.25 310.00
114.00 310.25
113.25 311.00
113.00 311.25
112.25 312.00
112.00 312.25
111.25 313.00
111.00 313.25
110.25 314.00
110.00 314.25
109.25 315.00
109.00 315.25
108.25 316.00
108.25 317.00
108.00 317.25
107.25 318.00
107.25 319.00
107.25 320.00
107.00 320.25
106.25 321.00
106.00 321.25
105.25 322.00
105.25 323.00
105.25 324.00
105.00 324.25
104.25 325.00
104.25 326.00
104.25 327.00
104.25 328.00
104.25 329.00
104.25 330.00
104.25 331.00
104.25 332.00
104.00 332.25
103.25 333.00
103.25 334.00
103.25 335.00
103.25 336.00
103.00 336.25
102.25 337.00
102.25 338.00
102.25 339.00
102.00 339.25
101.25 340.00
101.00 340.25
100.25 341.00
100.25 342.00
100.00 342.25
99.25 343.00
99.25 344.00
99.00 344.25
98.25 345.00
98.00 345.25
97.25 346.00
97.25 347.00
97.00 347.25
96.25 348.00
96.25 349.00
96.25 350.00
96.00 350.25
95.25 351.00
95.25 352.00
95.25 353.00
95.25 354.00
95.25 355.00
95.00 355.25
94.25 356.00
94.25 357.00
94.25 358.00
94.25 359.00
94.25 360.00
94.25 361.00
94.25 362.00
94.25 363.00
94.25 364.00
94.25 365.00
95.00 365.75
95.25 366.00
95.25 367.00
95.25 368.00
95.25 369.00
95.25 370.00
95.25 371.00
96.00 371.75
96.25 372.00
96.25 373.00
96.25 374.00
96.25 375.00
96.25 376.00
96.25 377.00
97.00 377.75
97.25 378.00
97.25 379.00
97.25 380.00
97.25 381.00
98.00 381.75
98.25 382.00
98.25 383.00
98.25 384.00
98.25 385.00
99.00 385.75
99.25 386.00
99.25 387.00
99.25 388.00
99.25 389.00
100.00 389.75
100.25 390.00
100.25 391.00
100.25 392.00
100.25 393.00
101.00 393.75
101.25 394.00
101.25 395.00
101.25 396.00
102.00 396.75
102.25 397.00
102.25 398.00
103.00 398.75
103.25 399.00
103.25 400.00
104.00 400.75
104.25 401.00
105.00 401.75
105.25 402.00
106.00 402.75
106.25 403.00
107.00 403.75
107.25 404.00
108.00 404.75
108.25 405.00
109.00 405.75
109.25 406.00
110.00 406.75
110.25 407.00
111.00 407.75
111.25 408.00
112.00 408.75
112.25 409.00
113.00 409.75
114.00 409.75
114.25 410.00
115.00 410.75
115.25 411.00
116.00 411.75
117.00 411.75
117.25 412.00
118.00 412.75
119.00 412.75
120.00 412.75
120.25 413.00
121.00 413.75
122.00 413.75
123.00 413.75
123.25 414.00
124.00 414.75
125.00 414.75
126.00 414.75
127.00 414.75
128.00 414.75
129.00 414.75
130.00 414.75
131.00 414.75
132.00 414.75
133.00 414.75
133.25 415.00
134.00 415.75
135.00 415.75
136.00 415.75
137.00 415.75
138.00 415.75
139.00 415.75
140.00 415.75
141.00 415.75
142.00 415.75
143.00 415.75
144.00 415.75
145.00 415.75
146.00 415.75
146.75 415.00
147.00 414.75
148.00 414.75
149.00 414.75
150.00 414.75
151.00 414.75
152.00 414.75
153.00 414.75
154.00 414.75
154.75 414.00
155.00 413.75
156.00 413.75
156.75 413.00
157.00 412.75
158.00 412.75
159.00 412.75
159.75 412.00
160.00 411.75
161.00 411.75
161.75 411.00
162.00 410.75
162.75 410.00
163.00 409.75
164.00 409.75
164.75 409.00
165.00 408.75
165.75 408.00
166.00 407.75
166.75 407.00
167.00 406.75
167.75 406.00
168.00 405.75
168.75 405.00
169.00 404.75
169.75 404.00
169.75 403.00
170.00 402.75
170.75 402.00
171.00 401.75
171.75 401.00
171.75 400.00
172.00 399.75
172.75 399.00
172.75 398.00
173.00 397.75
173.75 397.00
173.75 396.00
174.00 395.75
174.75 395.00
174.75 394.00
175.00 393.75
175.75 393.00
175.75 392.00
175.75 391.00
175.75 390.00
175.75 389.00
175.75 388.00
175.75 387.00
175.75 386.00
175.75 385.00
175.75 384.00
175.75 383.00
175.75 382.00
175.75 381.00
175.75 380.00
175.75 379.00
175.75 378.00
175.75 377.00
175.75 376.00
176.00 375.75
176.75 375.00
176.75 374.00
176.75 373.00
176.75 372.00
176.75 371.00
176.75 370.00
176.75 369.00
176.75 368.00
176.75 367.00
176.75 366.00
176.75 365.00
176.75 364.00
177.00 363.75
177.75 363.00
177.75 362.00
177.75 361.00
177.00 360.25
176.75 360.00
176.75 359.00
176.75 358.00
176.75 357.00
176.75 356.00
176.75 355.00
176.00 354.25
175.75 354.00
175.75 353.00
175.75 352.00
175.75 351.00
175.75 350.00
175.75 349.00
175.00 348.25
174.75 348.00
174.75 347.00
174.75 346.00
174.00 345.25
173.75 345.00
173.75 344.00
173.00 343.25
172.75 343.00
172.75 342.00
172.00 341.25
171.75 341.00
171.75 340.00
171.00 339.25
170.75 339.00
170.00 338.25
169.75 338.00
169.00 337.25
168.75 337.00
168.75 336.00
168.00 335.25
167.75 335.00
167.75 334.00
167.83 333.00
168.00 332.83
169.00 332.83
169.83 332.00
170.00 331.83
170.83 331.00
171.00 330.83
171.83 330.00
172.00 329.83
172.83 329.00
173.00 328.83
173.83 328.00
174.00 327.83
174.83 327.00
175.00 326.83
175.83 326.00
176.00 325.83
176.83 325.00
176.83 324.00
177.00 323.83
177.83 323.00
177.83 322.00
178.00 321.83
178.83 321.00
179.00 320.83
179.83 320.00
179.83 319.00
179.83 318.00
180.00 317.83
180.83 317.00
180.83 316.00
180.83 315.00
181.00 314.83
181.83 314.00

Contour 2:
282.88 842.00
282.88 841.00
282.88 840.00
282.88 839.00
282.88 838.00
282.88 837.00
282.88 836.00
282.88 835.00
282.88 834.00
282.88 833.00
282.88 832.00
282.88 831.00
282.88 830.00
282.88 829.00
282.00 828.12
281.88 828.00
281.88 827.00
281.88 826.00
281.88 825.00
281.88 824.00
281.00 823.12
280.88 823.00
280.88 822.00
280.88 821.00
280.88 820.00
280.88 819.00
280.00 818.12
279.88 818.00
279.88 817.00
279.00 816.12
278.88 816.00
278.88 815.00
278.88 814.00
278.00 813.12
277.88 813.00
277.88 812.00
277.00 811.12
276.88 811.00
276.00 810.12
275.88 810.00
275.88 809.00
275.00 808.12
274.88 808.00
274.00 807.12
273.88 807.00
273.00 806.12
272.88 806.00
272.88 805.00
272.00 804.12
271.88 804.00
271.00 803.12
270.88 803.00
270.00 802.12
269.88 802.00
269.88 801.00
269.00 800.12
268.88 800.00
268.00 799.12
267.88 799.00
267.00 798.12
266.88 798.00
266.00 797.12
265.88 797.00
265.00 796.12
264.88 796.00
264.00 795.12
263.88 795.00
263.00 794.12
262.88 794.00
262.00 793.12
261.00 793.12
260.88 793.00
260.00 792.12
259.88 792.00
259.00 791.12
258.00 791.12
257.88 791.00
257.00 790.12
256.88 790.00
256.00 789.12
255.00 789.12
254.88 789.00
254.00 788.12
253.88 788.00
253.00 787.12
252.00 787.12
251.88 787.00
251.00 786.12
250.00 786.12
249.88 786.00
249.00 785.12
248.00 785.12
247.88 785.00
247.00 784.12
246.00 784.12
245.00 784.12
244.88 784.00
244.00 783.12
243.00 783.12
242.00 783.12
241.88 783.00
241.00 782.12
240.00 782.12
239.00 782.12
238.88 782.00
238.00 781.12
237.00 781.12
236.00 781.12
235.88 781.00
235.00 780.12
234.00 780.12
233.00 780.12
232.88 780.00
232.00 779.12
231.00 779.12
230.00 779.12
229.00 779.12
228.00 779.12
227.88 779.00
227.00 778.12
226.00 778.12
225.00 778.12
224.00 778.12
223.00 778.12
222.00 778.12
221.00 778.12
220.00 778.12
219.00 778.12
218.00 778.12
217.12 779.00
217.00 779.12
216.00 779.12
215.00 779.12
214.00 779.12
213.00 779.12
212.12 780.00
212.00 780.12
211.00 780.12
210.12 781.00
210.00 781.12
209.00 781.12
208.12 782.00
208.00 782.12
207.00 782.12
206.12 783.00
206.00 783.12
205.00 783.12
204.12 784.00
204.00 784.12
203.12 785.00
203.00 785.12
202.00 785.12
201.12 786.00
201.00 786.12
200.12 787.00
200.00 787.12
199.12 788.00
199.00 788.12
198.12 789.00
198.00 789.12
197.12 790.00
197.00 790.12
196.12 791.00
196.12 792.00
196.00 792.12
195.12 793.00
195.00 793.12
194.12 794.00
194.12 795.00
194.00 795.12
193.12 796.00
193.12 797.00
193.00 797.12
192.12 798.00
192.12 799.00
192.12 800.00
192.00 800.12
191.12 801.00
191.12 802.00
191.12 803.00
191.00 803.12
190.12 804.00
190.12 805.00
190.12 806.00
190.12 807.00
190.12 808.00
190.12 809.00
190.12 810.00
190.12 811.00
190.12 812.00
190.12 813.00
190.12 814.00
190.12 815.00
190.12 816.00
191.00 816.88
191.12 817.00
191.12 818.00
191.12 819.00
191.12 820.00
192.00 820.88
192.12 821.00
192.12 822.00
192.12 823.00
193.00 823.88
193.12 824.00
193.12 825.00
193.12 826.00
194.00 826.88
194.12 827.00
195.00 827.88
195.12 828.00
195.12 829.00
196.00 829.88
196.12 830.00
196.12 831.00
197.00 831.88
197.12 832.00
197.12 833.00
198.00 833.88
198.12 834.00
199.00 834.88
199.12 835.00
200.00 835.88
200.12 836.00
201.00 836.88
201.12 837.00
202.00 837.88
202.12 838.00
203.00 838.88
203.12 839.00
204.00 839.88
204.12 840.00
204.12 841.00
205.00 841.88
205.12 842.00
206.00 842.88
206.12 843.00
207.00 843.88
207.12 844.00
207.12 845.00
208.00 845.88
208.12 846.00
209.00 846.88
209.12 847.00
210.00 847.88
210.12 848.00
211.00 848.88
211.12 849.00
212.00 849.88
212.12 850.00
213.00 850.88
213.12 851.00
214.00 851.88
214.12 852.00
215.00 852.88
216.00 852.88
216.12 853.00
217.00 853.88
217.12 854.00
218.00 854.88
218.12 855.00
219.00 855.88
219.12 856.00
220.00 856.88
221.00 856.88
221.12 857.00
222.00 857.88
223.00 857.88
223.12 858.00
224.00 858.88
225.00 858.88
225.12 859.00
226.00 859.88
226.12 860.00
227.00 860.88
228.00 860.88
229.00 860.88
229.12 861.00
230.00 861.88
231.00 861.88
231.12 862.00
232.00 862.88
233.00 862.88
234.00 862.88
235.00 862.88
235.12 863.00
236.00 863.88
237.00 863.88
238.00 863.88
239.00 863.88
239.12 864.00
240.00 864.88
241.00 864.88
242.00 864.88
243.00 864.88
244.00 864.88
245.00 864.88
246.00 864.88
247.00 864.88
248.00 864.88
249.00 864.88
250.00 864.88
251.00 864.88
252.00 864.88
253.00 864.88
254.00 864.88
254.88 864.00
255.00 863.88
256.00 863.88
257.00 863.88
257.88 863.00
258.00 862.88
259.00 862.88
260.00 862.88
260.88 862.00
261.00 861.88
262.00 861.88
263.00 861.88
263.88 861.00
264.00 860.88
265.00 860.88
265.88 860.00
266.00 859.88
267.00 859.88
268.00 859.88
268.88 859.00
269.00 858.88
270.00 858.88
270.88 858.00
271.00 857.88
272.00 857.88
272.88 857.00
273.00 856.88
273.88 856.00
274.00 855.88
274.88 855.00
275.00 854.88
275.88 854.00
276.00 853.88
276.88 853.00
277.00 852.88
277.88 852.00
278.00 851.88
278.88 851.00
279.00 850.88
279.88 850.00
279.88 849.00
280.00 848.88
280.88 848.00
280.88 847.00
281.00 846.88
281.88 846.00
281.88 845.00
281.88 844.00
281.88 843.00
282.00 842.88
282.88 842.00

Contour 3:
207.10 0.00
207.00 0.10
206.00 0.10
205.00 0.10
204.10 1.00
204.00 1.10
203.00 1.10
202.10 2.00
202.00 2.10
201.10 3.00
201.00 3.10
200.10 4.00
200.10 5.00
200.00 5.10
199.10 6.00
199.10 7.00
199.10 8.00
199.00 8.10
198.10 9.00
198.10 10.00
198.10 11.00
198.10 12.00
198.10 13.00
198.10 14.00
198.10 15.00
198.00 15.10
197.10 16.00
197.10 17.00
197.10 18.00
197.10 19.00
197.10 20.00
197.10 21.00
198.00 21.90
198.10 22.00
198.10 23.00
198.10 24.00
198.10 25.00
199.00 25.90
199.10 26.00
199.10 27.00
199.10 28.00
200.00 28.90
200.10 29.00
200.10 30.00
201.00 30.90
201.10 31.00
201.10 32.00
201.10 33.00
202.00 33.90
202.10 34.00
203.00 34.90
203.10 35.00
203.10 36.00
204.00 36.90
204.10 37.00
205.00 37.90
205.10 38.00
205.10 39.00
206.00 39.90
206.10 40.00
207.00 40.90
207.10 41.00
208.00 41.90
208.10 42.00
209.00 42.90
209.10 43.00
210.00 43.90
210.10 44.00
211.00 44.90
211.10 45.00
212.00 45.90
213.00 45.90
213.10 46.00
214.00 46.90
214.10 47.00
215.00 47.90
216.00 47.90
216.10 48.00
217.00 48.90
218.00 48.90
218.10 49.00
219.00 49.90
220.00 49.90
220.10 50.00
221.00 50.90
222.00 50.90
223.00 50.90
224.00 50.90
224.10 51.00
225.00 51.90
226.00 51.90
227.00 51.90
228.00 51.90
229.00 51.90
230.00 51.90
231.00 51.90
232.00 51.90
233.00 51.90
234.00 51.90
235.00 51.90
236.00 51.90
237.00 51.90
238.00 51.90
239.00 51.90
240.00 51.90
241.00 51.90
242.00 51.90
242.90 51.00
243.00 50.90
244.00 50.90
245.00 50.90
245.90 50.00
246.00 49.90
247.00 49.90
248.00 49.90
248.90 49.00
249.00 48.90
250.00 48.90
250.90 48.00
251.00 47.90
252.00 47.90
252.90 47.00
253.00 46.90
254.00 46.90
254.90 46.00
255.00 45.90
255.90 45.00
256.00 44.90
256.90 44.00
257.00 43.90
257.90 43.00
258.00 42.90
258.90 42.00
259.00 41.90
259.90 41.00
260.00 40.90
260.90 40.00
261.00 39.90
261.90 39.00
261.90 38.00
262.00 37.90
262.90 37.00
263.00 36.90
263.90 36.00
264.00 35.90
264.90 35.00
265.00 34.90
265.90 34.00
265.90 33.00
266.00 32.90
266.90 32.00
267.00 31.90
267.90 31.00
267.90 30.00
268.00 29.90
268.90 29.00
268.90 28.00
269.00 27.90
269.90 27.00
269.90 26.00
269.90 25.00
270.00 24.90
270.90 24.00
270.90 23.00
270.90 22.00
270.90 21.00
271.00 20.90
271.90 20.00
271.90 19.00
271.90 18.00
271.90 17.00
271.90 16.00
271.90 15.00
271.90 14.00
271.90 13.00
271.90 12.00
271.90 11.00
271.90 10.00
271.00 9.10
270.90 9.00
270.90 8.00
270.00 7.10
269.90 7.00
269.00 6.10
268.90 6.00
268.00 5.10
267.90 5.00
267.00 4.10
266.00 4.10
265.90 4.00
265.00 3.10
264.00 3.10
263.90 3.00
263.00 2.10
262.00 2.10
261.90 2.00
261.00 1.10
260.00 1.10
259.00 1.10
258.00 1.10
257.00 1.10
256.00 1.10
255.90 1.00
255.00 0.10
254.00 0.10
253.00 0.10
252.00 0.10
251.00 0.10
250.00 0.10
249.00 0.10
248.00 0.10
247.00 0.10
246.00 0.10
245.00 0.10
244.00 0.10
243.00 0.10
242.00 0.10
241.00 0.10
240.90 0.00

Contour 4:
284.92 261.00
284.92 260.00
284.92 259.00
284.92 258.00
284.92 257.00
284.92 256.00
284.92 255.00
284.92 254.00
284.92 253.00
284.00 252.08
283.92 252.00
283.92 251.00
283.92 250.00
283.92 249.00
283.92 248.00
283.92 247.00
283.00 246.08
282.92 246.00
282.92 245.00
282.92 244.00
282.92 243.00
282.00 242.08
281.92 242.00
281.92 241.00
281.92 240.00
281.00 239.08
280.92 239.00
280.92 238.00
280.92 237.00
280.00 236.08
279.92 236.00
279.92 235.00
279.92 234.00
279.00 233.08
278.92 233.00
278.92 232.00
278.00 231.08
277.92 231.00
277.00 230.08
276.92 230.00
276.00 229.08
275.92 229.00
275.92 228.00
275.00 227.08
274.92 227.00
274.00 226.08
273.92 226.00
273.00 225.08
272.92 225.00
272.00 224.08
271.92 224.00
271.92 223.00
271.00 222.08
270.92 222.00
270.00 221.08
269.00 221.08
268.92 221.00
268.00 220.08
267.92 220.00
267.00 219.08
266.92 219.00
266.00 218.08
265.92 218.00
265.00 217.08
264.92 217.00
264.00 216.08
263.00 216.08
262.92 216.00
262.00 215.08
261.00 215.08
260.92 215.00
260.00 214.08
259.00 214.08
258.92 214.00
258.00 213.08
257.00 213.08
256.92 213.00
256.00 212.08
255.00 212.08
254.00 212.08
253.92 212.00
253.00 211.08
252.00 211.08
251.00 211.08
250.92 211.00
250.00 210.08
249.00 210.08
248.00 210.08
247.00 210.08
246.00 210.08
245.00 210.08
244.00 210.08
243.00 210.08
242.00 210.08
241.00 210.08
240.00 210.08
239.00 210.08
238.00 210.08
237.00 210.08
236.08 211.00
236.00 211.08
235.00 211.08
234.00 211.08
233.08 212.00
233.00 212.08
232.00 212.08
231.00 212.08
230.08 213.00
230.00 213.08
229.00 213.08
228.08 214.00
228.00 214.08
227.00 214.08
226.08 215.00
226.00 215.08
225.00 215.08
224.08 216.00
224.00 216.08
223.08 217.00
223.00 217.08
222.08 218.00
222.00 218.08
221.00 218.08
220.08 219.00
220.00 219.08
219.08 220.00
219.00 220.08
218.08 221.00
218.00 221.08
217.08 222.00
217.08 223.00
217.00 223.08
216.08 224.00
216.00 224.08
215.08 225.00
215.08 226.00
215.00 226.08
214.08 227.00
214.00 227.08
213.08 228.00
213.08 229.00
213.00 229.08
212.08 230.00
212.08 231.00
212.00 231.08
211.08 232.00
211.08 233.00
211.08 234.00
211.08 235.00
211.00 235.08
210.08 236.00
210.08 237.00
210.08 238.00
210.08 239.00
210.08 240.00
210.08 241.00
210.08 242.00
210.08 243.00
210.08 244.00
210.08 245.00
210.08 246.00
211.00 246.92
211.08 247.00
211.08 248.00
211.08 249.00
211.08 250.00
211.08 251.00
212.00 251.92
212.08 252.00
212.08 253.00
212.08 254.00
213.00 254.92
213.08 255.00
213.08 256.00
214.00 256.92
214.08 257.00
214.08 258.00
215.00 258.92
215.08 259.00
215.08 260.00
216.00 260.92
216.08 261.00
216.08 262.00
217.00 262.92
217.08 263.00
217.08 264.00
218.00 264.92
218.08 265.00
218.08 266.00
218.08 267.00
219.00 267.92
219.08 268.00
219.08 269.00
220.00 269.92
220.08 270.00
220.08 271.00
221.00 271.92
221.08 272.00
222.00 272.92
222.08 273.00
222.08 274.00
223.00 274.92
223.08 275.00
224.00 275.92
224.08 276.00
224.08 277.00
225.00 277.92
225.08 278.00
226.00 278.92
226.08 279.00
227.00 279.92
227.08 280.00
228.00 280.92
228.08 281.00
229.00 281.92
229.08 282.00
230.00 282.92
230.08 283.00
231.00 283.92
231.08 284.00
232.00 284.92
232.08 285.00
233.00 285.92
234.00 285.92
234.08 286.00
235.00 286.92
235.08 287.00
236.00 287.92
237.00 287.92
237.08 288.00
238.00 288.92
239.00 288.92
239.08 289.00
240.00 289.92
241.00 289.92
242.00 289.92
242.08 290.00
243.00 290.92
244.00 290.92
245.00 290.92
246.00 290.92
247.00 290.92
247.08 291.00
248.00 291.92
249.00 291.92
250.00 291.92
251.00 291.92
252.00 291.92
253.00 291.92
254.00 291.92
255.00 291.92
256.00 291.92
256.92 291.00
257.00 290.92
258.00 290.92
259.00 290.92
260.00 290.92
260.92 290.00
261.00 289.92
262.00 289.92
263.00 289.92
263.92 289.00
264.00 288.92
265.00 288.92
266.00 288.92
266.92 288.00
267.00 287.92
268.00 287.92
268.92 287.00
269.00 286.92
269.92 286.00
270.00 285.92
270.92 285.00
271.00 284.92
272.00 284.92
272.92 284.00
273.00 283.92
273.92 283.00
274.00 282.92
274.92 282.00
275.00 281.92
275.92 281.00
276.00 280.92
276.92 280.00
276.92 279.00
277.00 278.92
277.92 278.00
278.00 277.92
278.92 277.00
278.92 276.00
279.00 275.92
279.92 275.00
280.00 274.92
280.92 274.00
280.92 273.00
281.00 272.92
281.92 272.00
281.92 271.00
281.92 270.00
282.00 269.92
282.92 269.00
282.92 268.00
282.92 267.00
283.00 266.92
283.92 266.00
283.92 265.00
283.92 264.00
283.92 263.00
283.92 262.00
284.00 261.92
284.92 261.00

Contour 5:
308.93 653.00
308.93 652.00
308.93 651.00
308.93 650.00
308.93 649.00
308.93 648.00
308.93 647.00
308.93 646.00
308.93 645.00
308.93 644.00
308.93 643.00
308.93 642.00
308.93 641.00
308.93 640.00
308.93 639.00
308.93 638.00
308.93 637.00
308.93 636.00
308.93 635.00
308.00 634.07
307.93 634.00
307.93 633.00
307.93 632.00
307.93 631.00
307.00 630.07
306.93 630.00
306.93 629.00
306.00 628.07
305.93 628.00
305.93 627.00
305.93 626.00
305.00 625.07
304.93 625.00
304.00 624.07
303.93 624.00
303.93 623.00
303.00 622.07
302.93 622.00
302.00 621.07
301.93 621.00
301.00 620.07
300.93 620.00
300.00 619.07
299.93 619.00
299.00 618.07
298.93 618.00
298.00 617.07
297.93 617.00
297.00 616.07
296.93 616.00
296.00 615.07
295.00 615.07
294.93 615.00
294.00 614.07
293.93 614.00
293.00 613.07
292.00 613.07
291.93 613.00
291.00 612.07
290.00 612.07
289.93 612.00
289.00 611.07
288.00 611.07
287.00 611.07
286.93 611.00
286.00 610.07
285.00 610.07
284.93 610.00
284.00 609.07
283.00 609.07
282.00 609.07
281.00 609.07
280.93 609.00
280.00 608.07
279.00 608.07
278.00 608.07
277.00 608.07
276.93 608.00
276.00 607.07
275.00 607.07
274.00 607.07
273.00 607.07
272.00 607.07
271.00 607.07
270.00 607.07
269.00 607.07
268.00 607.07
267.07 608.00
267.00 608.07
266.00 608.07
265.00 608.07
264.07 609.00
264.00 609.07
263.00 609.07
262.00 609.07
261.00 609.07
260.07 610.00
260.00 610.07
259.00 610.07
258.00 610.07
257.07 611.00
257.00 611.07
256.07 612.00
256.00 612.07
255.00 612.07
254.07 613.00
254.00 613.07
253.07 614.00
253.00 614.07
252.00 614.07
251.07 615.00
251.00 615.07
250.07 616.00
250.00 616.07
249.07 617.00
249.00 617.07
248.00 617.07
247.07 618.00
247.00 618.07
246.07 619.00
246.00 619.07
245.07 620.00
245.00 620.07
244.07 621.00
244.00 621.07
243.07 622.00
243.00 622.07
242.07 623.00
242.00 623.07
241.07 624.00
241.00 624.07
240.07 625.00
240.00 625.07
239.07 626.00
239.00 626.07
238.07 627.00
238.07 628.00
238.00 628.07
237.07 629.00
237.00 629.07
236.07 630.00
236.00 630.07
235.07 631.00
235.07 632.00
235.00 632.07
234.07 633.00
234.00 633.07
233.07 634.00
233.07 635.00
233.00 635.07
232.07 636.00
232.07 637.00
232.00 637.07
231.07 638.00
231.07 639.00
231.07 640.00
231.07 641.00
231.07 642.00
231.00 642.07
230.07 643.00
230.07 644.00
230.07 645.00
230.07 646.00
230.07 647.00
230.07 648.00
230.07 649.00
230.07 650.00
230.07 651.00
230.07 652.00
230.07 653.00
231.00 653.93
231.07 654.00
231.07 655.00
231.07 656.00
231.07 657.00
231.07 658.00
231.07 659.00
232.00 659.93
232.07 660.00
232.07 661.00
232.07 662.00
233.00 662.93
233.07 663.00
233.07 664.00
234.00 664.93
234.07 665.00
234.07 666.00
235.00 666.93
235.07 667.00
235.07 668.00
236.00 668.93
236.07 669.00
237.00 669.93
237.07 670.00
238.00 670.93
238.07 671.00
238.07 672.00
239.00 672.93
239.07 673.00
240.00 673.93
240.07 674.00
241.00 674.93
242.00 674.93
242.07 675.00
243.00 675.93
243.07 676.00
244.00 676.93
244.07 677.00
245.00 677.93
245.07 678.00
246.00 678.93
246.07 679.00
247.00 679.93
247.07 680.00
248.00 680.93
249.00 680.93
249.07 681.00
250.00 681.93
251.00 681.93
251.07 682.00
252.00 682.93
253.00 682.93
253.07 683.00
254.00 683.93
255.00 683.93
255.07 684.00
256.00 684.93
257.00 684.93
258.00 684.93
258.07 685.00
259.00 685.93
260.00 685.93
261.00 685.93
262.00 685.93
263.00 685.93
264.00 685.93
264.07 686.00
265.00 686.93
266.00 686.93
267.00 686.93
268.00 686.93
269.00 686.93
270.00 686.93
271.00 686.93
271.93 686.00
272.00 685.93
273.00 685.93
274.00 685.93
275.00 685.93
276.00 685.93
277.00 685.93
277.93 685.00
278.00 684.93
279.00 684.93
280.00 684.93
280.93 684.00
281.00 683.93
282.00 683.93
283.00 683.93
283.93 683.00
284.00 682.93
285.00 682.93
285.93 682.00
286.00 681.93
286.93 681.00
287.00 680.93
288.00 680.93
288.93 680.00
289.00 679.93
289.93 679.00
290.00 678.93
290.93 678.00
291.00 677.93
292.00 677.93
292.93 677.00
293.00 676.93
293.93 676.00
294.00 675.93
294.93 675.00
295.00 674.93
295.93 674.00
296.00 673.93
296.93 673.00
297.00 672.93
297.93 672.00
298.00 671.93
298.93 671.00
299.00 670.93
299.93 670.00
300.00 669.93
300.93 669.00
301.00 668.93
301.93 668.00
301.93 667.00
302.00 666.93
302.93 666.00
303.00 665.93
303.93 665.00
303.93 664.00
304.00 663.93
304.93 663.00
305.00 662.93
305.93 662.00
305.93 661.00
306.00 660.93
306.93 660.00
306.93 659.00
306.93 658.00
307.00 657.93
307.93 657.00
307.93 656.00
307.93 655.00
307.93 654.00
308.00 653.93
308.93 653.00

Contour 6:
343.94 479.00
343.94 478.00
343.94 477.00
343.94 476.00
343.94 475.00
343.94 474.00
343.94 473.00
343.00 472.06
342.94 472.00
342.94 471.00
342.94 470.00
342.94 469.00
342.94 468.00
342.00 467.06
341.94 467.00
341.94 466.00
341.00 465.06
340.94 465.00
340.94 464.00
340.00 463.06
339.94 463.00
339.00 462.06
338.94 462.00
338.00 461.06
337.94 461.00
337.00 460.06
336.94 460.00
336.00 459.06
335.94 459.00
335.00 458.06
334.94 458.00
334.00 457.06
333.94 457.00
333.00 456.06
332.94 456.00
332.00 455.06
331.00 455.06
330.94 455.00
330.00 454.06
329.94 454.00
329.00 453.06
328.00 453.06
327.94 453.00
327.00 452.06
326.94 452.00
326.00 451.06
325.00 451.06
324.94 451.00
324.00 450.06
323.00 450.06
322.00 450.06
321.94 450.00
321.00 449.06
320.00 449.06
319.94 449.00
319.00 448.06
318.00 448.06
317.00 448.06
316.94 448.00
316.00 447.06
315.00 447.06
314.00 447.06
313.00 447.06
312.00 447.06
311.00 447.06
310.00 447.06
309.00 447.06
308.00 447.06
307.00 447.06
306.00 447.06
305.00 447.06
304.00 447.06
303.00 447.06
302.00 447.06
301.00 447.06
300.06 448.00
300.00 448.06
299.00 448.06
298.00 448.06
297.06 449.00
297.00 449.06
296.00 449.06
295.00 449.06
294.00 449.06
293.06 450.00
293.00 450.06
292.00 450.06
291.00 450.06
290.06 451.00
290.00 451.06
289.00 451.06
288.06 452.00
288.00 452.06
287.00 452.06
286.06 453.00
286.00 453.06
285.06 454.00
285.00 454.06
284.00 454.06
283.06 455.00
283.00 455.06
282.06 456.00
282.00 456.06
281.06 457.00
281.06 458.00
281.00 458.06
280.06 459.00
280.00 459.06
279.06 460.00
279.06 461.00
279.00 461.06
278.06 462.00
278.06 463.00
278.06 464.00
278.00 464.06
277.06 465.00
277.06 466.00
277.06 467.00
277.06 468.00
277.06 469.00
277.06 470.00
277.06 471.00
277.06 472.00
277.06 473.00
277.06 474.00
278.00 474.94
278.06 475.00
278.06 476.00
278.06 477.00
279.00 477.94
279.06 478.00
279.06 479.00
280.00 479.94
280.06 480.00
281.00 480.94
281.06 481.00
281.06 482.00
282.00 482.94
282.06 483.00
283.00 483.94
283.06 484.00
283.06 485.00
284.00 485.94
284.06 486.00
285.00 486.94
285.06 487.00
286.00 487.94
286.06 488.00
287.00 488.94
287.06 489.00
288.00 489.94
288.06 490.00
289.00 490.94
289.06 491.00
290.00 491.94
290.06 492.00
291.00 492.94
292.00 492.94
292.06 493.00
293.00 493.94
294.00 493.94
294.06 494.00
295.00 494.94
296.00 494.94
296.06 495.00
297.00 495.94
298.00 495.94
299.00 495.94
299.06 496.00
300.00 496.94
301.00 496.94
302.00 496.94
302.06 497.00
303.00 497.94
304.00 497.94
305.00 497.94
306.00 497.94
306.06 498.00
307.00 498.94
308.00 498.94
309.00 498.94
310.00 498.94
311.00 498.94
312.00 498.94
313.00 498.94
314.00 498.94
315.00 498.94
316.00 498.94
317.00 498.94
318.00 498.94
319.00 498.94
320.00 498.94
321.00 498.94
322.00 498.94
323.00 498.94
323.94 498.00
324.00 497.94
325.00 497.94
326.00 497.94
326.94 497.00
327.00 496.94
328.00 496.94
328.94 496.00
329.00 495.94
330.00 495.94
330.94 495.00
331.00 494.94
332.00 494.94
332.94 494.00
333.00 493.94
333.94 493.00
334.00 492.94
335.00 492.94
335.94 492.00
336.00 491.94
336.94 491.00
337.00 490.94
337.94 490.00
338.00 489.94
338.94 489.00
339.00 488.94
339.94 488.00
339.94 487.00
340.00 486.94
340.94 486.00
341.00 485.94
341.94 485.00
341.94 484.00
342.00 483.94
342.94 483.00
342.94 482.00
342.94 481.00
342.94 480.00
343.00 479.94
343.94 479.00

Contour 7:
364.94 568.00
364.94 567.00
364.94 566.00
364.94 565.00
364.94 564.00
364.94 563.00
364.94 562.00
364.94 561.00
364.94 560.00
364.94 559.00
364.94 558.00
364.94 557.00
364.94 556.00
364.94 555.00
364.00 554.06
363.94 554.00
363.94 553.00
363.00 552.06
362.94 552.00
362.94 551.00
362.00 550.06
361.94 550.00
361.94 549.00
361.00 548.06
360.94 548.00
360.00 547.06
359.94 547.00
359.00 546.06
358.94 546.00
358.00 545.06
357.94 545.00
357.00 544.06
356.94 544.00
356.00 543.06
355.94 543.00
355.00 542.06
354.94 542.00
354.00 541.06
353.00 541.06
352.94 541.00
352.00 540.06
351.94 540.00
351.00 539.06
350.94 539.00
350.00 538.06
349.94 538.00
349.00 537.06
348.00 537.06
347.94 537.00
347.00 536.06
346.94 536.00
346.00 535.06
345.94 535.00
345.00 534.06
344.00 534.06
343.94 534.00
343.00 533.06
342.94 533.00
342.00 532.06
341.00 532.06
340.94 532.00
340.00 531.06
339.00 531.06
338.94 531.00
338.00 530.06
337.00 530.06
336.94 530.00
336.00 529.06
335.00 529.06
334.00 529.06
333.00 529.06
332.00 529.06
331.00 529.06
330.00 529.06
329.00 529.06
328.00 529.06
327.00 529.06
326.00 529.06
325.00 529.06
324.00 529.06
323.00 529.06
322.00 529.06
321.00 529.06
320.00 529.06
319.06 530.00
319.00 530.06
318.00 530.06
317.00 530.06
316.06 531.00
316.00 531.06
315.00 531.06
314.00 531.06
313.06 532.00
313.00 532.06
312.00 532.06
311.06 533.00
311.00 533.06
310.00 533.06
309.06 534.00
309.00 534.06
308.06 535.00
308.00 535.06
307.00 535.06
306.06 536.00
306.00 536.06
305.06 537.00
305.00 537.06
304.06 538.00
304.00 538.06
303.00 538.06
302.06 539.00
302.00 539.06
301.06 540.00
301.06 541.00
301.00 541.06
300.06 542.00
300.00 542.06
299.06 543.00
299.06 544.00
299.00 544.06
298.06 545.00
298.00 545.06
297.06 546.00
297.06 547.00
297.06 548.00
297.00 548.06
296.06 549.00
296.06 550.00
296.06 551.00
296.06 552.00
296.06 553.00
296.06 554.00
296.00 554.06
295.06 555.00
295.06 556.00
295.06 557.00
295.06 558.00
295.06 559.00
295.06 560.00
295.06 561.00
295.06 562.00
295.06 563.00
295.06 564.00
295.06 565.00
295.06 566.00
296.00 566.94
296.06 567.00
296.06 568.00
296.06 569.00
296.06 570.00
296.06 571.00
296.06 572.00
297.00 572.94
297.06 573.00
297.06 574.00
297.06 575.00
297.06 576.00
298.00 576.94
298.06 577.00
298.06 578.00
299.00 578.94
299.06 579.00
299.06 580.00
300.00 580.94
300.06 581.00
301.00 581.94
301.06 582.00
301.06 583.00
302.00 583.94
302.06 584.00
303.00 584.94
303.06 585.00
304.00 585.94
305.00 585.94
305.06 586.00
306.00 586.94
306.06 587.00
307.00 587.94
307.06 588.00
308.00 588.94
309.00 588.94
309.06 589.00
310.00 589.94
310.06 590.00
311.00 590.94
312.00 590.94
312.06 591.00
313.00 591.94
314.00 591.94
315.00 591.94
315.06 592.00
316.00 592.94
317.00 592.94
317.06 593.00
318.00 593.94
319.00 593.94
320.00 593.94
320.06 594.00
321.00 594.94
322.00 594.94
323.00 594.94
324.00 594.94
324.06 595.00
325.00 595.94
326.00 595.94
327.00 595.94
328.00 595.94
329.00 595.94
330.00 595.94
331.00 595.94
332.00 595.94
333.00 595.94
334.00 595.94
334.94 595.00
335.00 594.94
336.00 594.94
337.00 594.94
338.00 594.94
338.94 594.00
339.00 593.94
340.00 593.94
340.94 593.00
341.00 592.94
342.00 592.94
343.00 592.94
344.00 592.94
344.94 592.00
345.00 591.94
346.00 591.94
346.94 591.00
347.00 590.94
348.00 590.94
348.94 590.00
349.00 589.94
350.00 589.94
350.94 589.00
351.00 588.94
351.94 588.00
352.00 587.94
352.94 587.00
353.00 586.94
354.00 586.94
354.94 586.00
355.00 585.94
355.94 585.00
355.94 584.00
356.00 583.94
356.94 583.00
357.00 582.94
357.94 582.00
358.00 581.94
358.94 581.00
358.94 580.00
359.00 579.94
359.94 579.00
360.00 578.94
360.94 578.00
360.94 577.00
361.00 576.94
361.94 576.00
361.94 575.00
362.00 574.94
362.94 574.00
362.94 573.00
362.94 572.00
363.00 571.94
363.94 571.00
363.94 570.00
363.94 569.00
364.00 568.94
364.94 568.00

Contour 8:
360.95 129.00
360.95 128.00
360.95 127.00
360.95 126.00
360.95 125.00
360.95 124.00
360.95 123.00
360.95 122.00
360.95 121.00
360.95 120.00
360.95 119.00
360.95 118.00
360.95 117.00
360.95 116.00
360.00 115.05
359.95 115.00
359.95 114.00
359.95 113.00
359.95 112.00
359.95 111.00
359.00 110.05
358.95 110.00
358.95 109.00
358.95 108.00
358.95 107.00
358.00 106.05
357.95 106.00
357.95 105.00
357.95 104.00
357.00 103.05
356.95 103.00
356.95 102.00
356.00 101.05
355.95 101.00
355.95 100.00
355.95 99.00
355.00 98.05
354.95 98.00
354.00 97.05
353.95 97.00
353.95 96.00
353.00 95.05
352.95 95.00
352.00 94.05
351.00 94.05
350.95 94.00
350.00 93.05
349.95 93.00
349.00 92.05
348.00 92.05
347.95 92.00
347.00 91.05
346.00 91.05
345.95 91.00
345.00 90.05
344.00 90.05
343.95 90.00
343.00 89.05
342.00 89.05
341.95 89.00
341.00 88.05
340.00 88.05
339.95 88.00
339.00 87.05
338.00 87.05
337.00 87.05
336.00 87.05
335.95 87.00
335.00 86.05
334.00 86.05
333.00 86.05
332.00 86.05
331.05 87.00
331.00 87.05
330.00 87.05
329.00 87.05
328.00 87.05
327.00 87.05
326.05 88.00
326.00 88.05
325.00 88.05
324.00 88.05
323.05 89.00
323.00 89.05
322.00 89.05
321.00 89.05
320.05 90.00
320.00 90.05
319.00 90.05
318.05 91.00
318.00 91.05
317.00 91.05
316.05 92.00
316.00 92.05
315.00 92.05
314.05 93.00
314.00 93.05
313.05 94.00
313.00 94.05
312.00 94.05
311.05 95.00
311.00 95.05
310.05 96.00
310.00 96.05
309.05 97.00
309.00 97.05
308.05 98.00
308.00 98.05
307.05 99.00
307.00 99.05
306.05 100.00
306.00 100.05
305.05 101.00
305.00 101.05
304.05 102.00
304.00 102.05
303.05 103.00
303.05 104.00
303.05 105.00
303.00 105.05
302.05 106.00
302.05 107.00
302.05 108.00
302.00 108.05
301.05 109.00
301.05 110.00
301.05 111.00
301.05 112.00
301.05 113.00
301.05 114.00
301.00 114.05
300.05 115.00
300.05 116.00
300.05 117.00
300.05 118.00
300.05 119.00
300.05 120.00
301.00 120.95
301.05 121.00
301.05 122.00
301.05 123.00
301.05 124.00
301.05 125.00
301.05 126.00
301.05 127.00
301.05 128.00
302.00 128.95
302.05 129.00
302.05 130.00
302.05 131.00
302.05 132.00
303.00 132.95
303.05 133.00
303.05 134.00
304.00 134.95
304.05 135.00
304.05 136.00
305.00 136.95
305.05 137.00
305.05 138.00
305.05 139.00
306.00 139.95
306.05 140.00
307.00 140.95
307.05 141.00
308.00 141.95
308.05 142.00
309.00 142.95
309.05 143.00
309.05 144.00
310.00 144.95
310.05 145.00
311.00 145.95
311.05 146.00
312.00 146.95
312.05 147.00
313.00 147.95
313.05 148.00
314.00 148.95
314.05 149.00
314.05 150.00
315.00 150.95
315.05 151.00
316.00 151.95
317.00 151.95
318.00 151.95
318.05 152.00
319.00 152.95
320.00 152.95
320.05 153.00
321.00 153.95
322.00 153.95
323.00 153.95
323.05 154.00
324.00 154.95
325.00 154.95
326.00 154.95
326.05 155.00
327.00 155.95
328.00 155.95
329.00 155.95
330.00 155.95
331.00 155.95
332.00 155.95
333.00 155.95
334.00 155.95
335.00 155.95
336.00 155.95
336.95 155.00
337.00 154.95
338.00 154.95
339.00 154.95
340.00 154.95
340.95 154.00
341.00 153.95
342.00 153.95
342.95 153.00
343.00 152.95
344.00 152.95
344.95 152.00
345.00 151.95
345.95 151.00
346.00 150.95
346.95 150.00
347.00 149.95
347.95 149.00
348.00 148.95
349.00 148.95
349.95 148.00
350.00 147.95
350.95 147.00
351.00 146.95
352.00 146.95
352.95 146.00
353.00 145.95
353.95 145.00
354.00 144.95
354.95 144.00
355.00 143.95
355.95 143.00
356.00 142.95
356.95 142.00
356.95 141.00
357.00 140.95
357.95 140.00
357.95 139.00
358.00 138.95
358.95 138.00
358.95 137.00
359.00 136.95
359.95 136.00
359.95 135.00
359.95 134.00
359.95 133.00
359.95 132.00
359.95 131.00
359.95 130.00
360.00 129.95
360.95 129.00

Contour 9:
396.95 401.00
396.95 400.00
396.95 399.00
396.95 398.00
396.95 397.00
396.95 396.00
396.95 395.00
396.95 394.00
396.95 393.00
396.95 392.00
396.95 391.00
396.95 390.00
396.00 389.05
395.95 389.00
395.95 388.00
395.95 387.00
395.95 386.00
395.00 385.05
394.95 385.00
394.95 384.00
394.95 383.00
394.00 382.05
393.95 382.00
393.95 381.00
393.00 380.05
392.95 380.00
392.95 379.00
392.00 378.05
391.95 378.00
391.00 377.05
390.95 377.00
390.00 376.05
389.95 376.00
389.00 375.05
388.95 375.00
388.00 374.05
387.95 374.00
387.00 373.05
386.00 373.05
385.95 373.00
385.00 372.05
384.95 372.00
384.00 371.05
383.00 371.05
382.95 371.00
382.00 370.05
381.95 370.00
381.00 369.05
380.00 369.05
379.95 369.00
379.00 368.05
378.00 368.05
377.00 368.05
376.95 368.00
376.00 367.05
375.00 367.05
374.95 367.00
374.00 366.05
373.00 366.05
372.95 366.00
372.00 365.05
371.00 365.05
370.00 365.05
369.95 365.00
369.00 364.05
368.00 364.05
367.00 364.05
366.00 364.05
365.00 364.05
364.95 364.00
364.00 363.05
363.00 363.05
362.00 363.05
361.00 363.05
360.00 363.05
359.00 363.05
358.00 363.05
357.05 364.00
357.00 364.05
356.00 364.05
355.00 364.05
354.00 364.05
353.00 364.05
352.05 365.00
352.00 365.05
351.00 365.05
350.00 365.05
349.00 365.05
348.05 366.00
348.00 366.05
347.00 366.05
346.05 367.00
346.00 367.05
345.00 367.05
344.05 368.00
344.00 368.05
343.05 369.00
343.00 369.05
342.05 370.00
342.00 370.05
341.05 371.00
341.00 371.05
340.05 372.00
340.00 372.05
339.05 373.00
339.00 373.05
338.05 374.00
338.00 374.05
337.05 375.00
337.00 375.05
336.05 376.00
336.00 376.05
335.05 377.00
335.00 377.05
334.05 378.00
334.00 378.05
333.05 379.00
333.05 380.00
333.00 380.05
332.05 381.00
332.05 382.00
332.00 382.05
331.05 383.00
331.00 383.05
330.05 384.00
330.05 385.00
330.05 386.00
330.00 386.05
329.05 387.00
329.05 388.00
329.05 389.00
329.00 389.05
328.05 390.00
328.05 391.00
328.05 392.00
328.05 393.00
328.05 394.00
328.05 395.00
328.00 395.05
327.05 396.00
327.05 397.00
327.05 398.00
327.05 399.00
327.05 400.00
327.05 401.00
327.05 402.00
328.00 402.95
328.05 403.00
328.05 404.00
328.05 405.00
328.05 406.00
329.00 406.95
329.05 407.00
329.05 408.00
330.00 408.95
330.05 409.00
330.05 410.00
331.00 410.95
331.05 411.00
331.05 412.00
332.00 412.95
332.05 413.00
332.05 414.00
333.00 414.95
333.05 415.00
334.00 415.95
334.05 416.00
335.00 416.95
335.05 417.00
336.00 417.95
336.05 418.00
337.00 418.95
337.05 419.00
338.00 419.95
338.05 420.00
339.00 420.95
340.00 420.95
340.05 421.00
341.00 421.95
341.05 422.00
342.00 422.95
343.00 422.95
344.00 422.95
344.05 423.00
345.00 423.95
346.00 423.95
346.05 424.00
347.00 424.95
348.00 424.95
348.05 425.00
349.00 425.95
350.00 425.95
351.00 425.95
351.05 426.00
352.00 426.95
353.00 426.95
354.00 426.95
354.05 427.00
355.00 427.95
356.00 427.95
357.00 427.95
358.00 427.95
359.00 427.95
359.05 428.00
360.00 428.95
361.00 428.95
362.00 428.95
363.00 428.95
364.00 428.95
365.00 428.95
366.00 428.95
367.00 428.95
368.00 428.95
369.00 428.95
370.00 428.95
371.00 428.95
372.00 428.95
373.00 428.95
374.00 428.95
374.95 428.00
375.00 427.95
376.00 427.95
376.95 427.00
377.00 426.95
378.00 426.95
378.95 426.00
379.00 425.95
379.95 425.00
380.00 424.95
381.00 424.95
381.95 424.00
382.00 423.95
382.95 423.00
383.00 422.95
384.00 422.95
384.95 422.00
385.00 421.95
385.95 421.00
386.00 420.95
386.95 420.00
387.00 419.95
387.95 419.00
388.00 418.95
388.95 418.00
388.95 417.00
389.00 416.95
389.95 416.00
390.00 415.95
390.95 415.00
391.00 414.95
391.95 414.00
391.95 413.00
392.00 412.95
392.95 412.00
392.95 411.00
393.00 410.95
393.95 410.00
393.95 409.00
394.00 408.95
394.95 408.00
394.95 407.00
394.95 406.00
395.00 405.95
395.95 405.00
395.95 404.00
395.95 403.00
395.95 402.00
396.00 401.95
396.95 401.00

Contour 10:
392.96 938.00
392.96 937.00
392.96 936.00
392.96 935.00
392.96 934.00
392.96 933.00
392.96 932.00
392.96 931.00
392.96 930.00
392.96 929.00
392.96 928.00
392.96 927.00
392.96 926.00
392.96 925.00
392.96 924.00
392.96 923.00
392.96 922.00
392.96 921.00
392.96 920.00
392.96 919.00
392.96 918.00
392.00 917.04
391.96 917.00
391.96 916.00
391.96 915.00
391.00 914.04
390.96 914.00
390.96 913.00
390.00 912.04
389.96 912.00
389.96 911.00
389.00 910.04
388.96 910.00
388.96 909.00
388.00 908.04
387.96 908.00
387.00 907.04
386.96 907.00
386.96 906.00
386.00 905.04
385.96 905.00
385.00 904.04
384.96 904.00
384.00 903.04
383.96 903.00
383.96 902.00
383.00 901.04
382.96 901.00
382.00 900.04
381.96 900.00
381.00 899.04
380.96 899.00
380.00 898.04
379.96 898.00
379.00 897.04
378.96 897.00
378.00 896.04
377.00 896.04
376.96 896.00
376.00 895.04
375.96 895.00
375.00 894.04
374.96 894.00
374.00 893.04
373.96 893.00
373.00 892.04
372.96 892.00
372.00 891.04
371.96 891.00
371.00 890.04
370.00 890.04
369.96 890.00
369.00 889.04
368.00 889.04
367.96 889.00
367.00 888.04
366.00 888.04
365.96 888.00
365.00 887.04
364.00 887.04
363.00 887.04
362.96 887.00
362.00 886.04
361.00 886.04
360.00 886.04
359.96 886.00
359.00 885.04
358.00 885.04
357.00 885.04
356.00 885.04
355.00 885.04
354.00 885.04
353.00 885.04
352.00 885.04
351.04 886.00
351.00 886.04
350.00 886.04
349.00 886.04
348.04 887.00
348.00 887.04
347.00 887.04
346.04 888.00
346.00 888.04
345.04 889.00
345.00 889.04
344.00 889.04
343.04 890.00
343.00 890.04
342.04 891.00
342.00 891.04
341.04 892.00
341.00 892.04
340.04 893.00
340.00 893.04
339.04 894.00
339.00 894.04
338.04 895.00
338.00 895.04
337.04 896.00
337.04 897.00
337.00 897.04
336.04 898.00
336.00 898.04
335.04 899.00
335.04 900.00
335.04 901.00
335.00 901.04
334.04 902.00
334.04 903.00
334.04 904.00
334.00 904.04
333.04 905.00
333.04 906.00
333.04 907.00
333.04 908.00
333.04 909.00
333.04 910.00
333.04 911.00
333.00 911.04
332.04 912.00
332.04 913.00
332.04 914.00
332.04 915.00
332.04 916.00
332.04 917.00
332.04 918.00
332.04 919.00
332.04 920.00
332.04 921.00
332.04 922.00
332.04 923.00
332.04 924.00
332.04 925.00
332.04 926.00
332.04 927.00
332.04 928.00
332.04 929.00
332.04 930.00
332.04 931.00
332.04 932.00
332.04 933.00
333.00 933.96
333.04 934.00
333.04 935.00
333.04 936.00
333.04 937.00
333.04 938.00
333.04 939.00
333.04 940.00
334.00 940.96
334.04 941.00
334.04 942.00
334.04 943.00
334.04 944.00
335.00 944.96
335.04 945.00
335.04 946.00
336.00 946.96
336.04 947.00
336.04 948.00
337.00 948.96
337.04 949.00
337.04 950.00
338.00 950.96
338.04 951.00
339.00 951.96
339.04 952.00
340.00 952.96
340.04 953.00
341.00 953.96
341.04 954.00
342.00 954.96
343.00 954.96
343.04 955.00
344.00 955.96
344.04 956.00
345.00 956.96
346.00 956.96
346.04 957.00
347.00 957.96
348.00 957.96
348.04 958.00
349.00 958.96
350.00 958.96
351.00 958.96
352.00 958.96
352.04 959.00
353.00 959.96
354.00 959.96
355.00 959.96
356.00 959.96
356.04 960.00
357.00 960.96
358.00 960.96
359.00 960.96
360.00 960.96
361.00 960.96
362.00 960.96
363.00 960.96
364.00 960.96
365.00 960.96
366.00 960.96
367.00 960.96
368.00 960.96
369.00 960.96
370.00 960.96
371.00 960.96
372.00 960.96
372.96 960.00
373.00 959.96
374.00 959.96
375.00 959.96
375.96 959.00
376.00 958.96
377.00 958.96
377.96 958.00
378.00 957.96
379.00 957.96
379.96 957.00
380.00 956.96
380.96 956.00
381.00 955.96
382.00 955.96
382.96 955.00
383.00 954.96
383.96 954.00
384.00 953.96
384.96 953.00
385.00 952.96
385.96 952.00
386.00 951.96
386.96 951.00
386.96 950.00
387.00 949.96
387.96 949.00
388.00 948.96
388.96 948.00
388.96 947.00
389.00 946.96
389.96 946.00
389.96 945.00
390.00 944.96
390.96 944.00
390.96 943.00
391.00 942.96
391.96 942.00
391.96 941.00
391.96 940.00
391.96 939.00
392.00 938.96
392.96 938.00

Contour 11:
396.96 226.00
396.96 225.00
396.96 224.00
396.96 223.00
396.96 222.00
396.96 221.00
396.96 220.00
396.96 219.00
396.96 218.00
396.96 217.00
396.96 216.00
396.96 215.00
396.00 214.04
395.96 214.00
395.96 213.00
395.96 212.00
395.96 211.00
395.96 210.00
395.00 209.04
394.96 209.00
394.96 208.00
394.96 207.00
394.00 206.04
393.96 206.00
393.00 205.04
392.96 205.00
392.96 204.00
392.00 203.04
391.96 203.00
391.00 202.04
390.96 202.00
390.96 201.00
390.00 200.04
389.96 200.00
389.00 199.04
388.00 199.04
387.96 199.00
387.00 198.04
386.96 198.00
386.00 197.04
385.00 197.04
384.96 197.00
384.00 196.04
383.96 196.00
383.00 195.04
382.00 195.04
381.00 195.04
380.00 195.04
379.96 195.00
379.00 194.04
378.00 194.04
377.00 194.04
376.00 194.04
375.00 194.04
374.00 194.04
373.00 194.04
372.00 194.04
371.00 194.04
370.04 195.00
370.00 195.04
369.00 195.04
368.00 195.04
367.04 196.00
367.00 196.04
366.00 196.04
365.00 196.04
364.04 197.00
364.00 197.04
363.00 197.04
362.04 198.00
362.00 198.04
361.00 198.04
360.04 199.00
360.00 199.04
359.00 199.04
358.04 200.00
358.00 200.04
357.04 201.00
357.00 201.04
356.04 202.00
356.00 202.04
355.04 203.00
355.00 203.04
354.04 204.00
354.00 204.04
353.04 205.00
353.00 205.04
352.04 206.00
352.00 206.04
351.04 207.00
351.04 208.00
351.00 208.04
350.04 209.00
350.00 209.04
349.04 210.00
349.04 211.00
349.00 211.04
348.04 212.00
348.00 212.04
347.04 213.00
347.04 214.00
347.00 214.04
346.04 215.00
346.04 216.00
346.00 216.04
345.04 217.00
345.00 217.04
344.04 218.00
344.04 219.00
344.00 219.04
343.04 220.00
343.04 221.00
343.00 221.04
342.04 222.00
342.04 223.00
342.00 223.04
341.04 224.00
341.04 225.00
341.04 226.00
341.00 226.04
340.04 227.00
340.04 228.00
340.04 229.00
340.04 230.00
340.00 230.04
339.04 231.00
339.04 232.00
339.04 233.00
339.04 234.00
339.04 235.00
339.04 236.00
339.04 237.00
339.04 238.00
339.04 239.00
339.04 240.00
339.04 241.00
339.04 242.00
339.04 243.00
339.04 244.00
339.04 245.00
340.00 245.96
340.04 246.00
340.04 247.00
340.04 248.00
340.04 249.00
341.00 249.96
341.04 250.00
341.04 251.00
341.04 252.00
342.00 252.96
342.04 253.00
342.04 254.00
343.00 254.96
343.04 255.00
343.04 256.00
344.00 256.96
344.04 257.00
345.00 257.96
345.04 258.00
346.00 258.96
346.04 259.00
347.00 259.96
347.04 260.00
348.00 260.96
348.04 261.00
349.00 261.96
350.00 261.96
350.04 262.00
351.00 262.96
352.00 262.96
353.00 262.96
353.04 263.00
354.00 263.96
355.00 263.96
356.00 263.96
357.00 263.96
358.00 263.96
359.00 263.96
360.00 263.96
361.00 263.96
362.00 263.96
363.00 263.96
364.00 263.96
364.96 263.00
365.00 262.96
366.00 262.96
367.00 262.96
368.00 262.96
369.00 262.96
370.00 262.96
370.96 262.00
371.00 261.96
372.00 261.96
372.96 261.00
373.00 260.96
374.00 260.96
374.96 260.00
375.00 259.96
376.00 259.96
376.96 259.00
377.00 258.96
378.00 258.96
378.96 258.00
379.00 257.96
379.96 257.00
380.00 256.96
380.96 256.00
381.00 255.96
381.96 255.00
382.00 254.96
382.96 254.00
383.00 253.96
383.96 253.00
384.00 252.96
384.96 252.00
385.00 251.96
385.96 251.00
385.96 250.00
386.00 249.96
386.96 249.00
387.00 248.96
387.96 248.00
387.96 247.00
388.00 246.96
388.96 246.00
389.00 245.96
389.96 245.00
389.96 244.00
390.00 243.96
390.96 243.00
390.96 242.00
391.00 241.96
391.96 241.00
391.96 240.00
392.00 239.96
392.96 239.00
392.96 238.00
392.96 237.00
393.00 236.96
393.96 236.00
393.96 235.00
393.96 234.00
394.00 233.96
394.96 233.00
394.96 232.00
394.96 231.00
395.00 230.96
395.96 230.00
395.96 229.00
395.96 228.00
395.96 227.00
396.00 226.96
396.96 226.00

Contour 12:
430.96 812.00
430.96 811.00
430.96 810.00
430.96 809.00
430.96 808.00
430.96 807.00
430.96 806.00
430.96 805.00
430.96 804.00
430.96 803.00
430.96 802.00
430.96 801.00
430.96 800.00
430.96 799.00
430.96 798.00
430.96 797.00
430.00 796.04
429.96 796.00
429.96 795.00
429.96 794.00
429.96 793.00
429.00 792.04
428.96 792.00
428.96 791.00
428.96 790.00
428.00 789.04
427.96 789.00
427.96 788.00
427.00 787.04
426.96 787.00
426.00 786.04
425.96 786.00
425.00 785.04
424.96 785.00
424.00 784.04
423.96 784.00
423.96 783.00
423.00 782.04
422.00 782.04
421.96 782.00
421.00 781.04
420.96 781.00
420.00 780.04
419.00 780.04
418.96 780.00
418.00 779.04
417.96 779.00
417.00 778.04
416.00 778.04
415.96 778.00
415.00 777.04
414.00 777.04
413.96 777.00
413.00 776.04
412.96 776.00
412.00 775.04
411.00 775.04
410.96 775.00
410.00 774.04
409.00 774.04
408.00 774.04
407.96 774.00
407.00 773.04
406.00 773.04
405.00 773.04
404.96 773.00
404.00 772.04
403.00 772.04
402.00 772.04
401.00 772.04
400.00 772.04
399.00 772.04
398.00 772.04
397.00 772.04
396.00 772.04
395.00 772.04
394.00 772.04
393.00 772.04
392.00 772.04
391.00 772.04
390.00 772.04
389.04 773.00
389.00 773.04
388.00 773.04
387.00 773.04
386.04 774.00
386.00 774.04
385.00 774.04
384.04 775.00
384.00 775.04
383.00 775.04
382.04 776.00
382.00 776.04
381.00 776.04
380.00 776.04
379.04 777.00
379.00 777.04
378.04 778.00
378.00 778.04
377.00 778.04
376.04 779.00
376.00 779.04
375.00 779.04
374.04 780.00
374.00 780.04
373.04 781.00
373.00 781.04
372.04 782.00
372.00 782.04
371.04 783.00
371.00 783.04
370.04 784.00
370.00 784.04
369.04 785.00
369.00 785.04
368.04 786.00
368.00 786.04
367.04 787.00
367.04 788.00
367.00 788.04
366.04 789.00
366.00 789.04
365.04 790.00
365.04 791.00
365.00 791.04
364.04 792.00
364.00 792.04
363.04 793.00
363.04 794.00
363.00 794.04
362.04 795.00
362.04 796.00
362.00 796.04
361.04 797.00
361.04 798.00
361.00 798.04
360.04 799.00
360.04 800.00
360.04 801.00
360.00 801.04
359.04 802.00
359.04 803.00
359.00 803.04
358.04 804.00
358.04 805.00
358.04 806.00
358.04 807.00
358.00 807.04
357.04 808.00
357.04 809.00
357.04 810.00
357.04 811.00
357.04 812.00
357.04 813.00
357.04 814.00
358.00 814.96
358.04 815.00
358.04 816.00
358.04 817.00
358.04 818.00
359.00 818.96
359.04 819.00
359.04 820.00
359.04 821.00
360.00 821.96
360.04 822.00
360.04 823.00
361.00 823.96
361.04 824.00
361.04 825.00
362.00 825.96
362.04 826.00
362.04 827.00
363.00 827.96
363.04 828.00
363.04 829.00
364.00 829.96
364.04 830.00
364.04 831.00
365.00 831.96
365.04 832.00
365.04 833.00
366.00 833.96
366.04 834.00
367.00 834.96
367.04 835.00
368.00 835.96
368.04 836.00
369.00 836.96
369.04 837.00
370.00 837.96
370.04 838.00
371.00 838.96
372.00 838.96
372.04 839.00
373.00 839.96
374.00 839.96
374.04 840.00
375.00 840.96
376.00 840.96
376.04 841.00
377.00 841.96
378.00 841.96
378.04 842.00
379.00 842.96
380.00 842.96
381.00 842.96
381.04 843.00
382.00 843.96
383.00 843.96
384.00 843.96
385.00 843.96
385.04 844.00
386.00 844.96
387.00 844.96
388.00 844.96
389.00 844.96
390.00 844.96
391.00 844.96
392.00 844.96
393.00 844.96
394.00 844.96
395.00 844.96
396.00 844.96
397.00 844.96
398.00 844.96
399.00 844.96
400.00 844.96
401.00 844.96
401.96 844.00
402.00 843.96
403.00 843.96
404.00 843.96
405.00 843.96
406.00 843.96
406.96 843.00
407.00 842.96
408.00 842.96
409.00 842.96
409.96 842.00
410.00 841.96
410.96 841.00
411.00 840.96
412.00 840.96
412.96 840.00
413.00 839.96
413.96 839.00
414.00 838.96
414.96 838.00
415.00 837.96
415.96 837.00
416.00 836.96
416.96 836.00
417.00 835.96
417.96 835.00
418.00 834.96
418.96 834.00
419.00 833.96
419.96 833.00
420.00 832.96
420.96 832.00
421.00 831.96
421.96 831.00
421.96 830.00
422.00 829.96
422.96 829.00
423.00 828.96
423.96 828.00
423.96 827.00
424.00 826.96
424.96 826.00
424.96 825.00
425.00 824.96
425.96 824.00
426.00 823.96
426.96 823.00
426.96 822.00
427.00 821.96
427.96 821.00
427.96 820.00
427.96 819.00
428.00 818.96
428.96 818.00
428.96 817.00
428.96 816.00
429.00 815.96
429.96 815.00
429.96 814.00
429.96 813.00
430.00 812.96
430.96 812.00

Contour 13:
480.97 624.00
480.00 623.03
479.97 623.00
479.97 622.00
479.97 621.00
479.97 620.00
479.97 619.00
479.97 618.00
479.00 617.03
478.97 617.00
478.97 616.00
478.97 615.00
478.97 614.00
478.00 613.03
477.97 613.00
477.97 612.00
477.97 611.00
477.00 610.03
476.97 610.00
476.97 609.00
476.00 608.03
475.97 608.00
475.97 607.00
475.00 606.03
474.97 606.00
474.97 605.00
474.00 604.03
473.97 604.00
473.00 603.03
472.97 603.00
472.97 602.00
472.00 601.03
471.97 601.00
471.00 600.03
470.97 600.00
470.00 599.03
469.97 599.00
469.00 598.03
468.97 598.00
468.00 597.03
467.97 597.00
467.00 596.03
466.97 596.00
466.00 595.03
465.97 595.00
465.00 594.03
464.97 594.00
464.00 593.03
463.00 593.03
462.97 593.00
462.00 592.03
461.00 592.03
460.97 592.00
460.00 591.03
459.00 591.03
458.97 591.00
458.00 590.03
457.00 590.03
456.00 590.03
455.00 590.03
454.97 590.00
454.00 589.03
453.00 589.03
452.00 589.03
451.97 589.00
451.00 588.03
450.00 588.03
449.00 588.03
448.00 588.03
447.00 588.03
446.00 588.03
445.00 588.03
444.00 588.03
443.00 588.03
442.03 589.00
442.00 589.03
441.00 589.03
440.00 589.03
439.03 590.00
439.00 590.03
438.00 590.03
437.03 591.00
437.00 591.03
436.00 591.03
435.00 591.03
434.03 592.00
434.00 592.03
433.00 592.03
432.03 593.00
432.00 593.03
431.03 594.00
431.00 594.03
430.00 594.03
429.03 595.00
429.00 595.03
428.03 596.00
428.00 596.03
427.03 597.00
427.00 597.03
426.03 598.00
426.00 598.03
425.03 599.00
425.00 599.03
424.03 600.00
424.00 600.03
423.03 601.00
423.03 602.00
423.00 602.03
422.03 603.00
422.00 603.03
421.03 604.00
421.03 605.00
421.00 605.03
420.03 606.00
420.03 607.00
420.00 607.03
419.03 608.00
419.03 609.00
419.00 609.03
418.03 610.00
418.03 611.00
418.00 611.03
417.03 612.00
417.03 613.00
417.03 614.00
417.00 614.03
416.03 615.00
416.03 616.00
416.03 617.00
416.03 618.00
416.03 619.00
416.03 620.00
416.03 621.00
416.03 622.00
416.03 623.00
417.00 623.97
417.03 624.00
417.03 625.00
417.03 626.00
417.03 627.00
417.03 628.00
418.00 628.97
418.03 629.00
418.03 630.00
418.03 631.00
418.03 632.00
419.00 632.97
419.03 633.00
419.03 634.00
420.00 634.97
420.03 635.00
420.03 636.00
421.00 636.97
421.03 637.00
421.03 638.00
422.00 638.97
422.03 639.00
422.03 640.00
423.00 640.97
423.03 641.00
424.00 641.97
424.03 642.00
425.00 642.97
425.03 643.00
426.00 643.97
426.03 644.00
427.00 644.97
427.03 645.00
428.00 645.97
428.03 646.00
429.00 646.97
429.03 647.00
430.00 647.97
430.03 648.00
431.00 648.97
432.00 648.97
432.03 649.00
433.00 649.97
433.03 650.00
434.00 650.97
435.00 650.97
435.03 651.00
436.00 651.97
437.00 651.97
437.03 652.00
438.00 652.97
439.00 652.97
440.00 652.97
440.03 653.00
441.00 653.97
442.00 653.97
443.00 653.97
444.00 653.97
444.03 654.00
445.00 654.97
446.00 654.97
447.00 654.97
448.00 654.97
449.00 654.97
450.00 654.97
451.00 654.97
452.00 654.97
453.00 654.97
454.00 654.97
455.00 654.97
456.00 654.97
456.97 654.00
457.00 653.97
458.00 653.97
459.00 653.97
460.00 653.97
460.97 653.00
461.00 652.97
462.00 652.97
462.97 652.00
463.00 651.97
464.00 651.97
464.97 651.00
465.00 650.97
465.97 650.00
466.00 649.97
467.00 649.97
467.97 649.00
468.00 648.97
468.97 648.00
469.00 647.97
469.97 647.00
470.00 646.97
471.00 646.97
471.97 646.00
472.00 645.97
472.97 645.00
472.97 644.00
473.00 643.97
473.97 643.00
474.00 642.97
474.97 642.00
475.00 641.97
475.97 641.00
476.00 640.97
476.97 640.00
476.97 639.00
477.00 638.97
477.97 638.00
477.97 637.00
478.00 636.97
478.97 636.00
478.97 635.00
478.97 634.00
479.00 633.97
479.97 633.00
479.97 632.00
479.97 631.00
479.97 630.00
479.97 629.00
479.97 628.00
479.97 627.00
479.97 626.00
479.97 625.00
480.00 624.97
480.97 624.00

Contour 14:
510.97 151.00
510.97 150.00
510.97 149.00
510.97 148.00
510.97 147.00
510.97 146.00
510.97 145.00
510.97 144.00
510.97 143.00
510.97 142.00
510.97 141.00
510.97 140.00
510.97 139.00
510.97 138.00
510.97 137.00
510.00 136.03
509.97 136.00
509.97 135.00
509.97 134.00
509.97 133.00
509.97 132.00
509.97 131.00
509.97 130.00
509.97 129.00
509.97 128.00
509.97 127.00
509.00 126.03
508.97 126.00
508.97 125.00
508.00 124.03
507.97 124.00
507.97 123.00
507.97 122.00
507.00 121.03
506.97 121.00
506.97 120.00
506.00 119.03
505.97 119.00
505.00 118.03
504.97 118.00
504.97 117.00
504.00 116.03
503.97 116.00
503.00 115.03
502.97 115.00
502.97 114.00
502.00 113.03
501.97 113.00
501.00 112.03
500.97 112.00
500.00 111.03
499.97 111.00
499.00 110.03
498.00 110.03
497.97 110.00
497.00 109.03
496.97 109.00
496.00 108.03
495.97 108.00
495.00 107.03
494.00 107.03
493.97 107.00
493.00 106.03
492.00 106.03
491.00 106.03
490.97 106.00
490.00 105.03
489.00 105.03
488.00 105.03
487.00 105.03
486.00 105.03
485.00 105.03
484.00 105.03
483.00 105.03
482.00 105.03
481.03 106.00
481.00 106.03
480.00 106.03
479.00 106.03
478.03 107.00
478.00 107.03
477.00 107.03
476.03 108.00
476.00 108.03
475.03 109.00
475.00 109.03
474.00 109.03
473.03 110.00
473.00 110.03
472.03 111.00
472.00 111.03
471.00 111.03
470.03 112.00
470.00 112.03
469.03 113.00
469.03 114.00
469.00 114.03
468.03 115.00
468.00 115.03
467.03 116.00
467.00 116.03
466.03 117.00
466.03 118.00
466.00 118.03
465.03 119.00
465.03 120.00
465.00 120.03
464.03 121.00
464.03 122.00
464.00 122.03
463.03 123.00
463.03 124.00
463.00 124.03
462.03 125.00
462.03 126.00
462.03 127.00
462.00 127.03
461.03 128.00
461.03 129.00
461.03 130.00
461.00 130.03
460.03 131.00
460.03 132.00
460.03 133.00
460.03 134.00
460.03 135.00
460.00 135.03
459.03 136.00
459.03 137.00
459.03 138.00
459.03 139.00
459.03 140.00
459.03 141.00
459.03 142.00
459.03 143.00
459.03 144.00
459.03 145.00
459.03 146.00
459.03 147.00
459.03 148.00
460.00 148.97
460.03 149.00
460.03 150.00
460.03 151.00
460.03 152.00
461.00 152.97
461.03 153.00
461.03 154.00
461.03 155.00
462.00 155.97
462.03 156.00
462.03 157.00
462.03 158.00
463.00 158.97
463.03 159.00
463.03 160.00
464.00 160.97
464.03 161.00
465.00 161.97
465.03 162.00
465.03 163.00
466.00 163.97
466.03 164.00
467.00 164.97
467.03 165.00
468.00 165.97
468.03 166.00
469.00 166.97
469.03 167.00
470.00 167.97
470.03 168.00
471.00 168.97
472.00 168.97
472.03 169.00
473.00 169.97
474.00 169.97
474.03 170.00
475.00 170.97
476.00 170.97
476.03 171.00
477.00 171.97
478.00 171.97
478.03 172.00
479.00 172.97
480.00 172.97
481.00 172.97
482.00 172.97
483.00 172.97
483.03 173.00
484.00 173.97
485.00 173.97
485.97 173.00
486.00 172.97
487.00 172.97
488.00 172.97
489.00 172.97
490.00 172.97
491.00 172.97
491.97 172.00
492.00 171.97
493.00 171.97
494.00 171.97
494.97 171.00
495.00 170.97
496.00 170.97
496.97 170.00
497.00 169.97
498.00 169.97
498.97 169.00
499.00 168.97
499.97 168.00
500.00 167.97
500.97 167.00
501.00 166.97
501.97 166.00
502.00 165.97
502.97 165.00
503.00 164.97
504.00 164.97
504.97 164.00
504.97 163.00
505.00 162.97
505.97 162.00
506.00 161.97
506.97 161.00
506.97 160.00
507.00 159.97
507.97 159.00
507.97 158.00
508.00 157.97
508.97 157.00
508.97 156.00
509.00 155.97
509.97 155.00
509.97 154.00
509.97 153.00
509.97 152.00
510.00 151.97
510.97 151.00

Contour 15:
567.97 41.00
567.97 40.00
567.97 39.00
567.97 38.00
567.97 37.00
567.97 36.00
567.97 35.00
567.97 34.00
567.97 33.00
567.97 32.00
567.97 31.00
567.97 30.00
567.97 29.00
567.97 28.00
567.97 27.00
567.97 26.00
567.97 25.00
567.97 24.00
567.97 23.00
567.97 22.00
567.97 21.00
567.00 20.03
566.97 20.00
566.97 19.00
566.97 18.00
566.97 17.00
566.00 16.03
565.97 16.00
565.97 15.00
565.00 14.03
564.97 14.00
564.00 13.03
563.97 13.00
563.00 12.03
562.97 12.00
562.00 11.03
561.97 11.00
561.00 10.03
560.00 10.03
559.97 10.00
559.00 9.03
558.00 9.03
557.97 9.00
557.00 8.03
556.00 8.03
555.00 8.03
554.00 8.03
553.00 8.03
552.00 8.03
551.00 8.03
550.00 8.03
549.00 8.03
548.00 8.03
547.00 8.03
546.00 8.03
545.00 8.03
544.00 8.03
543.97 8.00
543.00 7.03
542.00 7.03
541.00 7.03
540.00 7.03
539.00 7.03
538.00 7.03
537.00 7.03
536.97 7.00
536.00 6.03
535.00 6.03
534.00 6.03
533.97 6.00
533.00 5.03
532.00 5.03
531.97 5.00
531.00 4.03
530.00 4.03
529.00 4.03
528.97 4.00
528.00 3.03
527.00 3.03
526.00 3.03
525.00 3.03
524.00 3.03
523.00 3.03
522.00 3.03
521.00 3.03
520.00 3.03
519.00 3.03
518.00 3.03
517.00 3.03
516.00 3.03
515.00 3.03
514.00 3.03
513.03 4.00
513.00 4.03
512.00 4.03
511.00 4.03
510.00 4.03
509.03 5.00
509.00 5.03
508.00 5.03
507.00 5.03
506.00 5.03
505.03 6.00
505.00 6.03
504.00 6.03
503.03 7.00
503.00 7.03
502.00 7.03
501.03 8.00
501.00 8.03
500.03 9.00
500.03 10.00
500.00 10.03
499.03 11.00
499.03 12.00
499.03 13.00
499.00 13.03
498.03 14.00
498.03 15.00
498.03 16.00
498.03 17.00
498.03 18.00
498.03 19.00
498.03 20.00
498.03 21.00
498.00 21.03
497.03 22.00
497.03 23.00
497.03 24.00
497.03 25.00
497.03 26.00
497.03 27.00
497.03 28.00
497.03 29.00
497.00 29.03
496.03 30.00
496.03 31.00
496.03 32.00
496.03 33.00
496.03 34.00
496.03 35.00
496.03 36.00
496.03 37.00
496.03 38.00
496.03 39.00
496.03 40.00
497.00 40.97
497.03 41.00
497.03 42.00
497.03 43.00
498.00 43.97
498.03 44.00
498.03 45.00
498.03 46.00
499.00 46.97
499.03 47.00
499.03 48.00
500.00 48.97
500.03 49.00
500.03 50.00
501.00 50.97
501.03 51.00
501.03 52.00
502.00 52.97
502.03 53.00
503.00 53.97
503.03 54.00
504.00 54.97
504.03 55.00
504.03 56.00
505.00 56.97
505.03 57.00
506.00 57.97
506.03 58.00
507.00 58.97
508.00 58.97
508.03 59.00
509.00 59.97
509.03 60.00
510.00 60.97
510.03 61.00
511.00 61.97
512.00 61.97
512.03 62.00
513.00 62.97
513.03 63.00
514.00 63.97
515.00 63.97
515.03 64.00
516.00 64.97
517.00 64.97
517.03 65.00
518.00 65.97
519.00 65.97
520.00 65.97
520.03 66.00
521.00 66.97
522.00 66.97
522.03 67.00
523.00 67.97
524.00 67.97
525.00 67.97
526.00 67.97
527.00 67.97
527.03 68.00
528.00 68.97
529.00 68.97
530.00 68.97
531.00 68.97
531.03 69.00
532.00 69.97
533.00 69.97
534.00 69.97
535.00 69.97
536.00 69.97
536.97 69.00
537.00 68.97
538.00 68.97
539.00 68.97
540.00 68.97
540.97 68.00
541.00 67.97
542.00 67.97
543.00 67.97
544.00 67.97
544.97 67.00
545.00 66.97
546.00 66.97
546.97 66.00
547.00 65.97
548.00 65.97
548.97 65.00
549.00 64.97
549.97 64.00
550.00 63.97
551.00 63.97
551.97 63.00
552.00 62.97
552.97 62.00
553.00 61.97
553.97 61.00
554.00 60.97
554.97 60.00
555.00 59.97
555.97 59.00
556.00 58.97
556.97 58.00
557.00 57.97
557.97 57.00
558.00 56.97
558.97 56.00
559.00 55.97
559.97 55.00
560.00 54.97
560.97 54.00
561.00 53.97
561.97 53.00
562.00 52.97
562.97 52.00
563.00 51.97
563.97 51.00
563.97 50.00
564.00 49.97
564.97 49.00
564.97 48.00
565.00 47.97
565.97 47.00
565.97 46.00
565.97 45.00
566.00 44.97
566.97 44.00
566.97 43.00
566.97 42.00
567.00 41.97
567.97 41.00

Contour 16:
610.97 643.00
610.97 642.00
610.97 641.00
610.97 640.00
610.97 639.00
610.97 638.00
610.97 637.00
610.97 636.00
610.97 635.00
610.97 634.00
610.97 633.00
610.97 632.00
610.97 631.00
610.97 630.00
610.97 629.00
610.97 628.00
610.97 627.00
610.97 626.00
610.00 625.03
609.97 625.00
609.97 624.00
609.97 623.00
609.97 622.00
609.97 621.00
609.00 620.03
608.97 620.00
608.97 619.00
608.00 618.03
607.97 618.00
607.97 617.00
607.00 616.03
606.97 616.00
606.97 615.00
606.00 614.03
605.97 614.00
605.97 613.00
605.00 612.03
604.97 612.00
604.00 611.03
603.97 611.00
603.00 610.03
602.97 610.00
602.00 609.03
601.00 609.03
600.97 609.00
600.00 608.03
599.97 608.00
599.00 607.03
598.00 607.03
597.97 607.00
597.00 606.03
596.00 606.03
595.97 606.00
595.00 605.03
594.00 605.03
593.00 605.03
592.97 605.00
592.00 604.03
591.00 604.03
590.97 604.00
590.00 603.03
589.00 603.03
588.00 603.03
587.00 603.03
586.97 603.00
586.00 602.03
585.00 602.03
584.00 602.03
583.00 602.03
582.00 602.03
581.97 602.00
581.00 601.03
580.00 601.03
579.00 601.03
578.00 601.03
577.00 601.03
576.00 601.03
575.00 601.03
574.00 601.03
573.00 601.03
572.00 601.03
571.00 601.03
570.03 602.00
570.00 602.03
569.00 602.03
568.00 602.03
567.00 602.03
566.03 603.00
566.00 603.03
565.00 603.03
564.03 604.00
564.00 604.03
563.00 604.03
562.03 605.00
562.00 605.03
561.00 605.03
560.03 606.00
560.00 606.03
559.00 606.03
558.03 607.00
558.00 607.03
557.03 608.00
557.00 608.03
556.00 608.03
555.03 609.00
555.00 609.03
554.03 610.00
554.00 610.03
553.03 611.00
553.03 612.00
553.00 612.03
552.03 613.00
552.00 613.03
551.03 614.00
551.00 614.03
550.03 615.00
550.03 616.00
550.00 616.03
549.03 617.00
549.03 618.00
549.00 618.03
548.03 619.00
548.03 620.00
548.03 621.00
548.00 621.03
547.03 622.00
547.03 623.00
547.03 624.00
547.03 625.00
547.00 625.03
546.03 626.00
546.03 627.00
546.03 628.00
546.03 629.00
546.03 630.00
546.03 631.00
546.03 632.00
546.03 633.00
546.03 634.00
546.03 635.00
546.03 636.00
546.03 637.00
547.00 637.97
547.03 638.00
547.03 639.00
547.03 640.00
547.03 641.00
548.00 641.97
548.03 642.00
548.03 643.00
548.03 644.00
549.00 644.97
549.03 645.00
549.03 646.00
549.03 647.00
550.00 647.97
550.03 648.00
550.03 649.00
550.03 650.00
551.00 650.97
551.03 651.00
551.03 652.00
552.00 652.97
552.03 653.00
553.00 653.97
553.03 654.00
553.03 655.00
554.00 655.97
554.03 656.00
555.00 656.97
555.03 657.00
556.00 657.97
556.03 658.00
557.00 658.97
558.00 658.97
558.03 659.00
559.00 659.97
559.03 660.00
560.00 660.97
560.03 661.00
561.00 661.97
562.00 661.97
562.03 662.00
563.00 662.97
563.03 663.00
564.00 663.97
565.00 663.97
565.03 664.00
566.00 664.97
567.00 664.97
567.03 665.00
568.00 665.97
569.00 665.97
570.00 665.97
570.03 666.00
571.00 666.97
572.00 666.97
573.00 666.97
574.00 666.97
574.03 667.00
575.00 667.97
576.00 667.97
577.00 667.97
578.00 667.97
579.00 667.97
580.00 667.97
581.00 667.97
582.00 667.97
583.00 667.97
584.00 667.97
585.00 667.97
586.00 667.97
587.00 667.97
588.00 667.97
589.00 667.97
589.97 667.00
590.00 666.97
591.00 666.97
591.97 666.00
592.00 665.97
593.00 665.97
594.00 665.97
594.97 665.00
595.00 664.97
595.97 664.00
596.00 663.97
597.00 663.97
597.97 663.00
598.00 662.97
598.97 662.00
599.00 661.97
599.97 661.00
600.00 660.97
600.97 660.00
601.00 659.97
601.97 659.00
602.00 658.97
602.97 658.00
603.00 657.97
603.97 657.00
603.97 656.00
604.00 655.97
604.97 655.00
605.00 654.97
605.97 654.00
606.00 653.97
606.97 653.00
606.97 652.00
607.00 651.97
607.97 651.00
607.97 650.00
608.00 649.97
608.97 649.00
608.97 648.00
609.00 647.97
609.97 647.00
609.97 646.00
609.97 645.00
609.97 644.00
610.00 643.97
610.97 643.00

Contour 17:
663.97 423.00
663.97 422.00
663.00 421.03
662.97 421.00
662.97 420.00
662.97 419.00
662.97 418.00
662.97 417.00
662.97 416.00
662.97 415.00
662.00 414.03
661.97 414.00
661.97 413.00
661.97 412.00
661.00 411.03
660.97 411.00
660.97 410.00
660.97 409.00
660.00 408.03
659.97 408.00
659.97 407.00
659.00 406.03
658.97 406.00
658.97 405.00
658.97 404.00
658.00 403.03
657.97 403.00
657.00 402.03
656.97 402.00
656.97 401.00
656.00 400.03
655.97 400.00
655.00 399.03
654.97 399.00
654.00 398.03
653.97 398.00
653.97 397.00
653.00 396.03
652.97 396.00
652.00 395.03
651.97 395.00
651.00 394.03
650.00 394.03
649.97 394.00
649.00 393.03
648.97 393.00
648.00 392.03
647.97 392.00
647.00 391.03
646.00 391.03
645.97 391.00
645.00 390.03
644.00 390.03
643.97 390.00
643.00 389.03
642.97 389.00
642.00 388.03
641.00 388.03
640.00 388.03
639.97 388.00
639.00 387.03
638.00 387.03
637.97 387.00
637.00 386.03
636.00 386.03
635.00 386.03
634.00 386.03
633.97 386.00
633.00 385.03
632.00 385.03
631.00 385.03
630.00 385.03
629.00 385.03
628.00 385.03
627.00 385.03
626.00 385.03
625.00 385.03
624.00 385.03
623.00 385.03
622.00 385.03
621.00 385.03
620.03 386.00
620.00 386.03
619.00 386.03
618.00 386.03
617.03 387.00
617.00 387.03
616.00 387.03
615.03 388.00
615.00 388.03
614.00 388.03
613.00 388.03
612.03 389.00
612.00 389.03
611.00 389.03
610.03 390.00
610.00 390.03
609.00 390.03
608.03 391.00
608.00 391.03
607.03 392.00
607.00 392.03
606.00 392.03
605.03 393.00
605.00 393.03
604.03 394.00
604.00 394.03
603.03 395.00
603.00 395.03
602.03 396.00
602.00 396.03
601.03 397.00
601.00 397.03
600.03 398.00
600.03 399.00
600.00 399.03
599.03 400.00
599.00 400.03
598.03 401.00
598.03 402.00
598.00 402.03
597.03 403.00
597.00 403.03
596.03 404.00
596.03 405.00
596.00 405.03
595.03 406.00
595.03 407.00
595.03 408.00
595.00 408.03
594.03 409.00
594.03 410.00
594.03 411.00
594.00 411.03
593.03 412.00
593.03 413.00
593.03 414.00
593.03 415.00
593.03 416.00
593.03 417.00
593.03 418.00
593.03 419.00
593.00 419.03
592.03 420.00
592.03 421.00
593.00 421.97
593.03 422.00
593.03 423.00
593.03 424.00
593.03 425.00
593.03 426.00
593.03 427.00
593.03 428.00
593.03 429.00
594.00 429.97
594.03 430.00
594.03 431.00
595.00 431.97
595.03 432.00
595.03 433.00
595.03 434.00
596.00 434.97
596.03 435.00
596.03 436.00
596.03 437.00
597.00 437.97
597.03 438.00
598.00 438.97
598.03 439.00
598.03 440.00
599.00 440.97
599.03 441.00
599.03 442.00
600.00 442.97
600.03 443.00
601.00 443.97
601.03 444.00
601.03 445.00
602.00 445.97
602.03 446.00
603.00 446.97
603.03 447.00
604.00 447.97
604.03 448.00
605.00 448.97
606.00 448.97
606.03 449.00
607.00 449.97
607.03 450.00
608.00 450.97
608.03 451.00
609.00 451.97
610.00 451.97
610.03 452.00
611.00 452.97
612.00 452.97
612.03 453.00
613.00 453.97
614.00 453.97
614.03 454.00
615.00 454.97
616.00 454.97
617.00 454.97
617.03 455.00
618.00 455.97
619.00 455.97
620.00 455.97
621.00 455.97
621.03 456.00
622.00 456.97
623.00 456.97
624.00 456.97
625.00 456.97
626.00 456.97
627.00 456.97
628.00 456.97
629.00 456.97
630.00 456.97
631.00 456.97
632.00 456.97
633.00 456.97
634.00 456.97
635.00 456.97
635.97 456.00
636.00 455.97
637.00 455.97
638.00 455.97
639.00 455.97
640.00 455.97
640.97 455.00
641.00 454.97
642.00 454.97
642.97 454.00
643.00 453.97
644.00 453.97
644.97 453.00
645.00 452.97
646.00 452.97
646.97 452.00
647.00 451.97
648.00 451.97
648.97 451.00
649.00 450.97
649.97 450.00
650.00 449.97
650.97 449.00
651.00 448.97
652.00 448.97
652.97 448.00
653.00 447.97
653.97 447.00
654.00 446.97
654.97 446.00
654.97 445.00
655.00 444.97
655.97 444.00
656.00 443.97
656.97 443.00
657.00 442.97
657.97 442.00
657.97 441.00
658.00 440.97
658.97 440.00
658.97 439.00
659.00 438.97
659.97 438.00
660.00 437.97
660.97 437.00
660.97 436.00
660.97 435.00
661.00 434.97
661.97 434.00
661.97 433.00
661.97 432.00
662.00 431.97
662.97 431.00
662.97 430.00
662.97 429.00
662.97 428.00
662.97 427.00
662.97 426.00
662.97 425.00
662.97 424.00
663.00 423.97
663.97 423.00

Contour 18:
672.98 96.00
672.98 95.00
672.98 94.00
672.98 93.00
672.98 92.00
672.98 91.00
672.98 90.00
672.98 89.00
672.98 88.00
672.98 87.00
672.98 86.00
672.98 85.00
672.00 84.03
671.98 84.00
671.98 83.00
671.98 82.00
671.00 81.03
670.98 81.00
670.98 80.00
670.00 79.03
669.98 79.00
669.00 78.03
668.98 78.00
668.00 77.03
667.98 77.00
667.98 76.00
667.00 75.03
666.98 75.00
666.00 74.03
665.98 74.00
665.00 73.03
664.98 73.00
664.00 72.03
663.98 72.00
663.00 71.03
662.00 71.03
661.98 71.00
661.00 70.03
660.98 70.00
660.00 69.03
659.98 69.00
659.00 68.03
658.00 68.03
657.00 68.03
656.98 68.00
656.00 67.03
655.00 67.03
654.98 67.00
654.00 66.03
653.00 66.03
652.00 66.03
651.98 66.00
651.00 65.03
650.00 65.03
649.00 65.03
648.00 65.03
647.98 65.00
647.00 64.03
646.00 64.03
645.00 64.03
644.00 64.03
643.00 64.03
642.00 64.03
641.98 64.00
641.00 63.02
640.00 63.02
639.00 63.02
638.00 63.02
637.00 63.02
636.00 63.02
635.00 63.02
634.00 63.02
633.02 64.00
633.00 64.03
632.00 64.03
631.00 64.03
630.02 65.00
630.00 65.03
629.00 65.03
628.00 65.03
627.02 66.00
627.00 66.03
626.00 66.03
625.02 67.00
625.00 67.03
624.00 67.03
623.02 68.00
623.00 68.03
622.00 68.03
621.02 69.00
621.00 69.03
620.00 69.03
619.02 70.00
619.00 70.03
618.02 71.00
618.00 71.03
617.00 71.03
616.02 72.00
616.00 72.03
615.02 73.00
615.00 73.03
614.02 74.00
614.00 74.03
613.02 75.00
613.00 75.03
612.02 76.00
612.00 76.03
611.02 77.00
611.00 77.03
610.02 78.00
610.00 78.03
609.02 79.00
609.02 80.00
609.00 80.03
608.02 81.00
608.02 82.00
608.00 82.03
607.02 83.00
607.02 84.00
607.02 85.00
607.02 86.00
607.00 86.03
606.02 87.00
606.02 88.00
606.02 89.00
606.02 90.00
607.00 90.97
607.02 91.00
607.02 92.00
607.02 93.00
607.02 94.00
608.00 94.97
608.02 95.00
608.02 96.00
608.02 97.00
609.00 97.97
609.02 98.00
609.02 99.00
610.00 99.97
610.02 100.00
610.02 101.00
611.00 101.97
611.02 102.00
611.02 103.00
612.00 103.97
612.02 104.00
613.00 104.97
613.02 105.00
614.00 105.97
614.02 106.00
615.00 106.97
615.02 107.00
616.00 107.97
616.02 108.00
617.00 108.97
617.02 109.00
618.00 109.97
618.02 110.00
619.00 110.97
619.02 111.00
620.00 111.97
620.02 112.00
621.00 112.97
621.02 113.00
622.00 113.97
622.02 114.00
623.00 114.97
623.02 115.00
624.00 115.97
625.00 115.97
625.02 116.00
626.00 116.97
626.02 117.00
627.00 117.97
628.00 117.97
629.00 117.97
629.02 118.00
630.00 118.97
631.00 118.97
632.00 118.97
633.00 118.97
633.02 119.00
634.00 119.97
635.00 119.97
636.00 119.97
637.00 119.97
638.00 119.97
639.00 119.97
640.00 119.97
640.98 119.00
641.00 118.97
642.00 118.97
643.00 118.97
644.00 118.97
644.98 118.00
645.00 117.97
646.00 117.97
647.00 117.97
647.98 117.00
648.00 116.97
649.00 116.97
649.98 116.00
650.00 115.97
651.00 115.97
651.98 115.00
652.00 114.97
653.00 114.97
653.98 114.00
654.00 113.97
655.00 113.97
655.98 113.00
656.00 112.97
657.00 112.97
657.98 112.00
658.00 111.97
658.98 111.00
659.00 110.97
659.98 110.00
660.00 109.97
661.00 109.97
661.98 109.00
662.00 108.97
662.98 108.00
663.00 107.97
664.00 107.97
664.98 107.00
665.00 106.97
665.98 106.00
666.00 105.97
666.98 105.00
667.00 104.97
667.98 104.00
668.00 103.97
668.98 103.00
669.00 102.97
669.98 102.00
670.00 101.97
670.98 101.00
670.98 100.00
671.00 99.97
671.98 99.00
671.98 98.00
671.98 97.00
672.00 96.97
672.98 96.00

Contour 19:
698.98 901.00
698.98 900.00
698.98 899.00
698.98 898.00
698.98 897.00
698.98 896.00
698.98 895.00
698.98 894.00
698.98 893.00
698.98 892.00
698.98 891.00
698.98 890.00
698.00 889.02
697.98 889.00
697.98 888.00
697.98 887.00
697.98 886.00
697.00 885.02
696.98 885.00
696.98 884.00
696.98 883.00
696.00 882.02
695.98 882.00
695.00 881.02
694.98 881.00
694.00 880.02
693.98 880.00
693.00 879.02
692.98 879.00
692.00 878.02
691.98 878.00
691.00 877.02
690.98 877.00
690.00 876.02
689.00 876.02
688.98 876.00
688.00 875.02
687.98 875.00
687.00 874.02
686.00 874.02
685.98 874.00
685.00 873.02
684.98 873.00
684.00 872.02
683.00 872.02
682.98 872.00
682.00 871.02
681.00 871.02
680.98 871.00
680.00 870.02
679.00 870.02
678.98 870.00
678.00 869.02
677.00 869.02
676.98 869.00
676.00 868.02
675.00 868.02
674.98 868.00
674.00 867.02
673.98 867.00
673.00 866.02
672.00 866.02
671.98 866.00
671.00 865.02
670.98 865.00
670.00 864.02
669.98 864.00
669.00 863.02
668.98 863.00
668.00 862.02
667.98 862.00
667.00 861.02
666.00 861.02
665.98 861.00
665.00 860.02
664.98 860.00
664.00 859.02
663.00 859.02
662.00 859.02
661.98 859.00
661.00 858.02
660.00 858.02
659.98 858.00
659.00 857.02
658.00 857.02
657.00 857.02
656.00 857.02
655.00 857.02
654.00 857.02
653.00 857.02
652.00 857.02
651.00 857.02
650.00 857.02
649.02 858.00
649.00 858.02
648.00 858.02
647.00 858.02
646.02 859.00
646.00 859.02
645.00 859.02
644.02 860.00
644.00 860.02
643.00 860.02
642.02 861.00
642.00 861.02
641.00 861.02
640.02 862.00
640.00 862.02
639.02 863.00
639.00 863.02
638.00 863.02
637.02 864.00
637.00 864.02
636.02 865.00
636.00 865.02
635.00 865.02
634.02 866.00
634.00 866.02
633.02 867.00
633.00 867.02
632.02 868.00
632.00 868.02
631.02 869.00
631.00 869.02
630.02 870.00
630.00 870.02
629.02 871.00
629.00 871.02
628.02 872.00
628.02 873.00
628.00 873.02
627.02 874.00
627.02 875.00
627.00 875.02
626.02 876.00
626.02 877.00
626.02 878.00
626.02 879.00
626.00 879.02
625.02 880.00
625.02 881.00
625.02 882.00
625.02 883.00
626.00 883.98
626.02 884.00
626.02 885.00
626.02 886.00
627.00 886.98
627.02 887.00
627.02 888.00
628.00 888.98
628.02 889.00
629.00 889.98
629.02 890.00
630.00 890.98
630.02 891.00
630.02 892.00
631.00 892.98
631.02 893.00
632.00 893.98
632.02 894.00
633.00 894.98
633.02 895.00
634.00 895.98
634.02 896.00
635.00 896.98
635.02 897.00
636.00 897.98
636.02 898.00
637.00 898.98
637.02 899.00
638.00 899.98
638.02 900.00
639.00 900.98
639.02 901.00
640.00 901.98
640.02 902.00
641.00 902.98
642.00 902.98
642.02 903.00
643.00 903.98
643.02 904.00
644.00 904.98
645.00 904.98
645.02 905.00
646.00 905.98
647.00 905.98
647.02 906.00
648.00 906.98
648.02 907.00
649.00 907.98
650.00 907.98
650.02 908.00
651.00 908.98
651.02 909.00
652.00 909.98
653.00 909.98
653.02 910.00
654.00 910.98
654.02 911.00
655.00 911.98
656.00 911.98
656.02 912.00
657.00 912.98
657.02 913.00
658.00 913.98
659.00 913.98
659.02 914.00
660.00 914.98
661.00 914.98
661.02 915.00
662.00 915.98
662.02 916.00
663.00 916.98
664.00 916.98
664.02 917.00
665.00 917.98
666.00 917.98
667.00 917.98
667.02 918.00
668.00 918.98
669.00 918.98
670.00 918.98
670.02 919.00
671.00 919.98
672.00 919.98
673.00 919.98
674.00 919.98
675.00 919.98
676.00 919.98
677.00 919.98
678.00 919.98
679.00 919.98
680.00 919.98
681.00 919.98
681.98 919.00
682.00 918.98
683.00 918.98
684.00 918.98
684.98 918.00
685.00 917.98
686.00 917.98
686.98 917.00
687.00 916.98
688.00 916.98
688.98 916.00
689.00 915.98
689.98 915.00
690.00 914.98
690.98 914.00
691.00 913.98
691.98 913.00
692.00 912.98
692.98 912.00
693.00 911.98
693.98 911.00
694.00 910.98
694.98 910.00
694.98 909.00
695.00 908.98
695.98 908.00
696.00 907.98
696.98 907.00
696.98 906.00
697.00 905.98
697.98 905.00
697.98 904.00
697.98 903.00
697.98 902.00
698.00 901.98
698.98 901.00

Contour 20:
696.98 241.00
696.98 240.00
696.98 239.00
696.98 238.00
696.98 237.00
696.98 236.00
696.98 235.00
696.98 234.00
696.98 233.00
696.98 232.00
696.98 231.00
696.98 230.00
696.98 229.00
696.98 228.00
696.98 227.00
696.98 226.00
696.98 225.00
696.98 224.00
696.98 223.00
696.98 222.00
696.98 221.00
696.98 220.00
696.00 219.02
695.98 219.00
695.98 218.00
695.98 217.00
695.98 216.00
695.00 215.02
694.98 215.00
694.98 214.00
694.98 213.00
694.98 212.00
694.00 211.02
693.98 211.00
693.98 210.00
693.00 209.02
692.98 209.00
692.98 208.00
692.00 207.02
691.98 207.00
691.98 206.00
691.00 205.02
690.98 205.00
690.00 204.02
689.98 204.00
689.00 203.02
688.98 203.00
688.98 202.00
688.00 201.02
687.98 201.00
687.00 200.02
686.98 200.00
686.00 199.02
685.98 199.00
685.00 198.02
684.98 198.00
684.00 197.02
683.98 197.00
683.00 196.02
682.98 196.00
682.00 195.02
681.00 195.02
680.98 195.00
680.00 194.02
679.00 194.02
678.98 194.00
678.00 193.02
677.00 193.02
676.98 193.00
676.00 192.02
675.00 192.02
674.98 192.00
674.00 191.02
673.00 191.02
672.00 191.02
671.98 191.00
671.00 190.02
670.00 190.02
669.00 190.02
668.00 190.02
667.00 190.02
666.00 190.02
665.00 190.02
664.00 190.02
663.00 190.02
662.02 191.00
662.00 191.02
661.00 191.02
660.00 191.02
659.02 192.00
659.00 192.02
658.00 192.02
657.00 192.02
656.02 193.00
656.00 193.02
655.00 193.02
654.02 194.00
654.00 194.02
653.00 194.02
652.02 195.00
652.00 195.02
651.02 196.00
651.00 196.02
650.02 197.00
650.00 197.02
649.02 198.00
649.00 198.02
648.02 199.00
648.00 199.02
647.00 199.02
646.02 200.00
646.02 201.00
646.00 201.02
645.02 202.00
645.00 202.02
644.02 203.00
644.00 203.02
643.02 204.00
643.00 204.02
642.02 205.00
642.00 205.02
641.02 206.00
641.02 207.00
641.00 207.02
640.02 208.00
640.02 209.00
640.00 209.02
639.02 210.00
639.02 211.00
639.00 211.02
638.02 212.00
638.02 213.00
638.02 214.00
638.02 215.00
638.00 215.02
637.02 216.00
637.02 217.00
637.02 218.00
637.02 219.00
637.02 220.00
637.02 221.00
637.02 222.00
637.02 223.00
637.02 224.00
637.02 225.00
637.02 226.00
637.02 227.00
637.02 228.00
637.02 229.00
637.02 230.00
638.00 230.98
638.02 231.00
638.02 232.00
638.02 233.00
638.02 234.00
638.02 235.00
638.02 236.00
639.00 236.98
639.02 237.00
639.02 238.00
639.02 239.00
640.00 239.98
640.02 240.00
640.02 241.00
641.00 241.98
641.02 242.00
641.02 243.00
642.00 243.98
642.02 244.00
642.02 245.00
643.00 245.98
643.02 246.00
643.02 247.00
644.00 247.98
644.02 248.00
645.00 248.98
645.02 249.00
646.00 249.98
646.02 250.00
646.02 251.00
647.00 251.98
647.02 252.00
648.00 252.98
648.02 253.00
649.00 253.98
650.00 253.98
650.02 254.00
651.00 254.98
651.02 255.00
652.00 255.98
653.00 255.98
653.02 256.00
654.00 256.98
654.02 257.00
655.00 257.98
656.00 257.98
657.00 257.98
657.02 258.00
658.00 258.98
659.00 258.98
660.00 258.98
660.02 259.00
661.00 259.98
662.00 259.98
663.00 259.98
663.02 260.00
664.00 260.98
665.00 260.98
666.00 260.98
667.00 260.98
668.00 260.98
669.00 260.98
670.00 260.98
671.00 260.98
672.00 260.98
673.00 260.98
674.00 260.98
675.00 260.98
675.98 260.00
676.00 259.98
677.00 259.98
678.00 259.98
678.98 259.00
679.00 258.98
680.00 258.98
681.00 258.98
681.98 258.00
682.00 257.98
683.00 257.98
683.98 257.00
684.00 256.98
684.98 256.00
685.00 255.98
686.00 255.98
686.98 255.00
687.00 254.98
687.98 254.00
688.00 253.98
688.98 253.00
689.00 252.98
690.00 252.98
690.98 252.00
690.98 251.00
691.00 250.98
691.98 250.00
692.00 249.98
692.98 249.00
693.00 248.98
693.98 248.00
693.98 247.00
694.00 246.98
694.98 246.00
694.98 245.00
695.00 244.98
695.98 244.00
695.98 243.00
695.98 242.00
696.00 241.98
696.98 241.00

Contour 21:
710.98 613.00
710.98 612.00
710.98 611.00
710.98 610.00
710.98 609.00
710.98 608.00
710.98 607.00
710.00 606.02
709.98 606.00
709.98 605.00
709.98 604.00
709.98 603.00
709.98 602.00
709.00 601.02
708.98 601.00
708.98 600.00
708.98 599.00
708.98 598.00
708.00 597.02
707.98 597.00
707.98 596.00
707.98 595.00
707.00 594.02
706.98 594.00
706.00 593.02
705.98 593.00
705.98 592.00
705.00 591.02
704.98 591.00
704.98 590.00
704.00 589.02
703.98 589.00
703.00 588.02
702.98 588.00
702.00 587.02
701.98 587.00
701.00 586.02
700.98 586.00
700.00 585.02
699.98 585.00
699.00 584.02
698.98 584.00
698.00 583.02
697.98 583.00
697.00 582.02
696.00 582.02
695.98 582.00
695.00 581.02
694.98 581.00
694.00 580.02
693.00 580.02
692.98 580.00
692.00 579.02
691.00 579.02
690.98 579.00
690.00 578.02
689.98 578.00
689.00 577.02
688.00 577.02
687.98 577.00
687.00 576.02
686.00 576.02
685.00 576.02
684.00 576.02
683.98 576.00
683.00 575.02
682.00 575.02
681.00 575.02
680.00 575.02
679.00 575.02
678.00 575.02
677.00 575.02
676.00 575.02
675.00 575.02
674.00 575.02
673.00 575.02
672.00 575.02
671.00 575.02
670.02 576.00
670.00 576.02
669.00 576.02
668.00 576.02
667.02 577.00
667.00 577.02
666.00 577.02
665.00 577.02
664.02 578.00
664.00 578.02
663.02 579.00
663.00 579.02
662.00 579.02
661.02 580.00
661.00 580.02
660.02 581.00
660.00 581.02
659.02 582.00
659.00 582.02
658.02 583.00
658.00 583.02
657.02 584.00
657.00 584.02
656.02 585.00
656.00 585.02
655.02 586.00
655.00 586.02
654.02 587.00
654.02 588.00
654.00 588.02
653.02 589.00
653.02 590.00
653.00 590.02
652.02 591.00
652.02 592.00
652.02 593.00
652.00 593.02
651.02 594.00
651.02 595.00
651.02 596.00
651.02 597.00
651.00 597.02
650.02 598.00
650.02 599.00
650.02 600.00
650.02 601.00
650.02 602.00
650.02 603.00
650.02 604.00
650.02 605.00
650.02 606.00
651.00 606.98
651.02 607.00
651.02 608.00
651.02 609.00
651.02 610.00
651.02 611.00
651.02 612.00
652.00 612.98
652.02 613.00
652.02 614.00
652.02 615.00
653.00 615.98
653.02 616.00
653.02 617.00
654.00 617.98
654.02 618.00
654.02 619.00
655.00 619.98
655.02 620.00
655.02 621.00
656.00 621.98
656.02 622.00
657.00 622.98
657.02 623.00
658.00 623.98
658.02 624.00
659.00 624.98
659.02 625.00
659.02 626.00
660.00 626.98
661.00 626.98
661.02 627.00
662.00 627.98
662.02 628.00
663.00 628.98
663.02 629.00
664.00 629.98
665.00 629.98
665.02 630.00
666.00 630.98
667.00 630.98
667.02 631.00
668.00 631.98
669.00 631.98
669.02 632.00
670.00 632.98
671.00 632.98
671.02 633.00
672.00 633.98
673.00 633.98
674.00 633.98
674.02 634.00
675.00 634.98
676.00 634.98
677.00 634.98
678.00 634.98
679.00 634.98
680.00 634.98
680.02 635.00
681.00 635.98
682.00 635.98
683.00 635.98
684.00 635.98
685.00 635.98
686.00 635.98
687.00 635.98
688.00 635.98
689.00 635.98
689.98 635.00
690.00 634.98
691.00 634.98
692.00 634.98
693.00 634.98
693.98 634.00
694.00 633.98
695.00 633.98
695.98 633.00
696.00 632.98
697.00 632.98
697.98 632.00
698.00 631.98
699.00 631.98
699.98 631.00
700.00 630.98
700.98 630.00
701.00 629.98
701.98 629.00
702.00 628.98
702.98 628.00
703.00 627.98
703.98 627.00
704.00 626.98
704.98 626.00
705.00 625.98
705.98 625.00
705.98 624.00
706.00 623.98
706.98 623.00
706.98 622.00
707.00 621.98
707.98 621.00
708.00 620.98
708.98 620.00
708.98 619.00
708.98 618.00
709.00 617.98
709.98 617.00
709.98 616.00
709.98 615.00
709.98 614.00
710.00 613.98
710.98 613.00

Contour 22:
764.98 414.00
764.98 413.00
764.98 412.00
764.98 411.00
764.98 410.00
764.98 409.00
764.98 408.00
764.98 407.00
764.98 406.00
764.98 405.00
764.98 404.00
764.98 403.00
764.98 402.00
764.00 401.02
763.98 401.00
763.98 400.00
763.98 399.00
763.00 398.02
762.98 398.00
762.98 397.00
762.00 396.02
761.98 396.00
761.00 395.02
760.98 395.00
760.00 394.02
759.98 394.00
759.00 393.02
758.98 393.00
758.98 392.00
758.00 391.02
757.98 391.00
757.00 390.02
756.98 390.00
756.00 389.02
755.98 389.00
755.98 388.00
755.98 387.00
755.00 386.02
754.98 386.00
754.98 385.00
754.98 384.00
754.00 383.02
753.98 383.00
753.98 382.00
753.00 381.02
752.98 381.00
752.98 380.00
752.98 379.00
752.00 378.02
751.98 378.00
751.98 377.00
751.00 376.02
750.98 376.00
750.98 375.00
750.00 374.02
749.98 374.00
749.00 373.02
748.98 373.00
748.00 372.02
747.98 372.00
747.00 371.02
746.98 371.00
746.00 370.02
745.00 370.02
744.98 370.00
744.00 369.02
743.00 369.02
742.98 369.00
742.00 368.02
741.00 368.02
740.00 368.02
739.00 368.02
738.00 368.02
737.02 369.00
737.00 369.02
736.00 369.02
735.00 369.02
734.02 370.00
734.00 370.02
733.00 370.02
732.02 371.00
732.00 371.02
731.02 372.00
731.00 372.02
730.02 373.00
730.00 373.02
729.02 374.00
729.00 374.02
728.02 375.00
728.02 376.00
728.00 376.02
727.02 377.00
727.00 377.02
726.02 378.00
726.02 379.00
726.00 379.02
725.02 380.00
725.02 381.00
725.02 382.00
725.02 383.00
725.00 383.02
724.02 384.00
724.02 385.00
724.02 386.00
724.02 387.00
724.00 387.02
723.02 388.00
723.02 389.00
723.02 390.00
723.02 391.00
723.02 392.00
723.02 393.00
723.02 394.00
723.02 395.00
723.02 396.00
723.02 397.00
723.02 398.00
723.02 399.00
723.00 399.02
722.02 400.00
722.02 401.00
722.02 402.00
722.00 402.02
721.02 403.00
721.02 404.00
721.00 404.02
720.02 405.00
720.02 406.00
720.00 406.02
719.02 407.00
719.02 408.00
719.00 408.02
718.02 409.00
718.02 410.00
718.00 410.02
717.02 411.00
717.02 412.00
717.02 413.00
717.02 414.00
717.00 414.02
716.02 415.00
716.02 416.00
716.02 417.00
716.02 418.00
716.02 419.00
716.02 420.00
716.02 421.00
716.02 422.00
716.02 423.00
716.02 424.00
716.02 425.00
716.02 426.00
716.02 427.00
717.00 427.98
717.02 428.00
717.02 429.00
717.02 430.00
717.02 431.00
717.02 432.00
718.00 432.98
718.02 433.00
718.02 434.00
718.02 435.00
718.02 436.00
719.00 436.98
719.02 437.00
719.02 438.00
720.00 438.98
720.02 439.00
721.00 439.98
721.02 440.00
722.00 440.98
722.02 441.00
723.00 441.98
723.02 442.00
724.00 442.98
725.00 442.98
725.02 443.00
726.00 443.98
727.00 443.98
728.00 443.98
729.00 443.98
729.02 444.00
730.00 444.98
731.00 444.98
732.00 444.98
733.00 444.98
734.00 444.98
735.00 444.98
736.00 444.98
736.98 444.00
737.00 443.98
738.00 443.98
739.00 443.98
740.00 443.98
740.98 443.00
741.00 442.98
742.00 442.98
742.98 442.00
743.00 441.98
744.00 441.98
744.98 441.00
745.00 440.98
746.00 440.98
746.98 440.00
747.00 439.98
747.98 439.00
748.00 438.98
748.98 438.00
749.00 437.98
750.00 437.98
750.98 437.00
750.98 436.00
751.00 435.98
751.98 435.00
752.00 434.98
752.98 434.00
753.00 433.98
753.98 433.00
754.00 432.98
754.98 432.00
755.00 431.98
755.98 431.00
756.00 430.98
756.98 430.00
756.98 429.00
757.00 428.98
757.98 428.00
757.98 427.00
758.00 426.98
758.98 426.00
759.00 425.98
759.98 425.00
759.98 424.00
760.00 423.98
760.98 423.00
761.00 422.98
761.98 422.00
761.98 421.00
762.00 420.98
762.98 420.00
762.98 419.00
762.98 418.00
763.00 417.98
763.98 417.00
763.98 416.00
763.98 415.00
764.00 414.98
764.98 414.00

Contour 23:
848.98 813.00
848.98 812.00
848.98 811.00
848.98 810.00
848.98 809.00
848.98 808.00
848.98 807.00
848.00 806.02
847.98 806.00
847.98 805.00
847.98 804.00
847.98 803.00
847.98 802.00
847.00 801.02
846.98 801.00
846.98 800.00
846.98 799.00
846.98 798.00
846.00 797.02
845.98 797.00
845.98 796.00
845.98 795.00
845.98 794.00
845.00 793.02
844.98 793.00
844.98 792.00
844.98 791.00
844.00 790.02
843.98 790.00
843.98 789.00
843.00 788.02
842.98 788.00
842.98 787.00
842.00 786.02
841.98 786.00
841.98 785.00
841.00 784.02
840.98 784.00
840.98 783.00
840.00 782.02
839.98 782.00
839.00 781.02
838.98 781.00
838.98 780.00
838.00 779.02
837.98 779.00
837.00 778.02
836.98 778.00
836.00 777.02
835.98 777.00
835.98 776.00
835.00 775.02
834.98 775.00
834.00 774.02
833.98 774.00
833.00 773.02
832.98 773.00
832.00 772.02
831.98 772.00
831.00 771.02
830.98 771.00
830.98 770.00
830.00 769.02
829.00 769.02
828.98 769.00
828.00 768.02
827.98 768.00
827.00 767.02
826.00 767.02
825.98 767.00
825.00 766.02
824.00 766.02
823.98 766.00
823.00 765.02
822.00 765.02
821.98 765.00
821.00 764.02
820.00 764.02
819.98 764.00
819.00 763.02
818.00 763.02
817.98 763.00
817.00 762.02
816.00 762.02
815.00 762.02
814.98 762.00
814.00 761.02
813.00 761.02
812.00 761.02
811.00 761.02
810.00 761.02
809.00 761.02
808.98 761.00
808.00 760.02
807.02 761.00
807.00 761.02
806.00 761.02
805.00 761.02
804.00 761.02
803.00 761.02
802.00 761.02
801.00 761.02
800.02 762.00
800.00 762.02
799.00 762.02
798.00 762.02
797.00 762.02
796.02 763.00
796.00 763.02
795.00 763.02
794.02 764.00
794.00 764.02
793.00 764.02
792.00 764.02
791.02 765.00
791.00 765.02
790.00 765.02
789.02 766.00
789.00 766.02
788.02 767.00
788.00 767.02
787.02 768.00
787.00 768.02
786.00 768.02
785.02 769.00
785.00 769.02
784.02 770.00
784.00 770.02
783.02 771.00
783.00 771.02
782.02 772.00
782.00 772.02
781.02 773.00
781.00 773.02
780.02 774.00
780.00 774.02
779.02 775.00
779.02 776.00
779.00 776.02
778.02 777.00
778.00 777.02
777.02 778.00
777.00 778.02
776.02 779.00
776.00 779.02
775.02 780.00
775.02 781.00
775.00 781.02
774.02 782.00
774.00 782.02
773.02 783.00
773.00 783.02
772.02 784.00
772.02 785.00
772.00 785.02
771.02 786.00
771.02 787.00
771.00 787.02
770.02 788.00
770.02 789.00
770.00 789.02
769.02 790.00
769.02 791.00
769.00 791.02
768.02 792.00
768.02 793.00
768.02 794.00
768.00 794.02
767.02 795.00
767.02 796.00
767.02 797.00
767.02 798.00
767.00 798.02
766.02 799.00
766.02 800.00
766.02 801.00
766.02 802.00
766.02 803.00
766.00 803.02
765.02 804.00
765.02 805.00
765.02 806.00
765.02 807.00
765.02 808.00
765.02 809.00
765.02 810.00
765.02 811.00
765.02 812.00
765.02 813.00
765.02 814.00
765.02 815.00
765.02 816.00
765.02 817.00
765.02 818.00
766.00 818.98
766.02 819.00
766.02 820.00
766.02 821.00
766.02 822.00
767.00 822.98
767.02 823.00
767.02 824.00
767.02 825.00
768.00 825.98
768.02 826.00
768.02 827.00
768.02 828.00
769.00 828.98
769.02 829.00
769.02 830.00
769.02 831.00
770.00 831.98
770.02 832.00
770.02 833.00
771.00 833.98
771.02 834.00
771.02 835.00
772.00 835.98
772.02 836.00
773.00 836.98
773.02 837.00
774.00 837.98
774.02 838.00
774.02 839.00
775.00 839.98
775.02 840.00
776.00 840.98
776.02 841.00
777.00 841.98
777.02 842.00
777.02 843.00
778.00 843.98
778.02 844.00
779.00 844.98
779.02 845.00
780.00 845.98
780.02 846.00
781.00 846.98
781.02 847.00
782.00 847.98
783.00 847.98
783.02 848.00
784.00 848.98
784.02 849.00
785.00 849.98
785.02 850.00
786.00 850.98
787.00 850.98
787.02 851.00
788.00 851.98
789.00 851.98
789.02 852.00
790.00 852.98
791.00 852.98
791.02 853.00
792.00 853.98
793.00 853.98
794.00 853.98
794.02 854.00
795.00 854.98
796.00 854.98
797.00 854.98
797.02 855.00
798.00 855.98
799.00 855.98
800.00 855.98
801.00 855.98
802.00 855.98
803.00 855.98
804.00 855.98
805.00 855.98
806.00 855.98
807.00 855.98
808.00 855.98
809.00 855.98
810.00 855.98
811.00 855.98
812.00 855.98
812.98 855.00
813.00 854.98
814.00 854.98
815.00 854.98
816.00 854.98
817.00 854.98
818.00 854.98
818.98 854.00
819.00 853.98
820.00 853.98
821.00 853.98
822.00 853.98
822.98 853.00
823.00 852.98
824.00 852.98
824.98 852.00
825.00 851.98
826.00 851.98
826.98 851.00
827.00 850.98
827.98 850.00
828.00 849.98
828.98 849.00
829.00 848.98
829.98 848.00
830.00 847.98
830.98 847.00
831.00 846.98
831.98 846.00
832.00 845.98
832.98 845.00
833.00 844.98
833.98 844.00
834.00 843.98
834.98 843.00
835.00 842.98
835.98 842.00
836.00 841.98
836.98 841.00
836.98 840.00
837.00 839.98
837.98 839.00
838.00 838.98
838.98 838.00
839.00 837.98
839.98 837.00
839.98 836.00
840.00 835.98
840.98 835.00
840.98 834.00
841.00 833.98
841.98 833.00
841.98 832.00
842.00 831.98
842.98 831.00
842.98 830.00
843.00 829.98
843.98 829.00
843.98 828.00
844.00 827.98
844.98 827.00
844.98 826.00
844.98 825.00
845.00 824.98
845.98 824.00
845.98 823.00
846.00 822.98
846.98 822.00
846.98 821.00
846.98 820.00
846.98 819.00
847.00 818.98
847.98 818.00
847.98 817.00
847.98 816.00
847.98 815.00
847.98 814.00
848.00 813.98
848.98 813.00

