Contour 0:
181.75 310.00
181.75 309.00
181.75 308.00
181.75 307.00
181.75 306.00
181.75 305.00
181.75 304.00
181.75 303.00
181.75 302.00
181.75 301.00
181.75 300.00
181.00 299.25
180.75 299.00
180.75 298.00
180.75 297.00
180.00 296.25
179.75 296.00
179.75 295.00
179.00 294.25
178.75 294.00
178.75 293.00
178.00 292.25
177.75 292.00
177.00 291.25
176.75 291.00
176.00 290.25
175.75 290.00
175.00 289.25
174.75 289.00
174.00 288.25
173.75 288.00
173.00 287.25
172.00 287.25
171.75 287.00
171.00 286.25
170.75 286.00
170.00 285.25
169.00 285.25
168.75 285.00
168.00 284.25
167.00 284.25
166.75 284.00
166.00 283.25
165.00 283.25
164.75 283.00
164.00 282.25
163.00 282.25
162.00 282.25
161.00 282.25
160.00 282.25
159.00 282.25
158.00 282.25
157.00 282.25
156.00 282.25
155.00 282.25
154.00 282.25
153.25 283.00
153.00 283.25
152.00 283.25
151.00 283.25
150.25 284.00
150.00 284.25
149.00 284.25
148.25 285.00
148.00 285.25
147.00 285.25
146.25 286.00
146.00 286.25
145.25 287.00
145.00 287.25
144.25 288.00
144.00 288.25
143.25 289.00
143.25 290.00
143.00 290.25
142.25 291.00
142.25 292.00
142.00 292.25
141.25 293.00
141.25 294.00
141.00 294.25
140.25 295.00
140.25 296.00
140.25 297.00
140.25 298.00
140.00 298.25
139.25 299.00
139.25 300.00
139.25 301.00
139.25 302.00
139.25 303.00
139.25 304.00
139.25 305.00
139.25 306.00
139.25 307.00
139.25 308.00
139.25 309.00
139.25 310.00
139.25 311.00
139.00 311.25
138.00 311.50
137.00 311.50
136.00 311.50
135.50 311.00
135.00 310.50
134.00 310.50
133.50 310.00
133.00 309.50
132.00 309.50
131.50 309.00
131.00 308.50
130.00 308.50
129.00 308.50
128.00 308.50
127.00 308.50
126.00 308.50
125.00 308.50
124.00 308.50
123.00 308.50
122.00 308.50
121.00 308.50
120.50 309.00
120.00 309.50
119.00 309.50
118.00 309.50
117.50 310.00
117.00 310.50
116.00 310.50
115.50 311.00
115.00 311.50
114.00 311.50
113.50 312.00
113.00 312.50
112.50 313.00
112.00 313.50
111.50 314.00
111.00 314.50
110.50 315.00
110.00 315.50
109.50 316.00
109.00 316.50
108.50 317.00
108.50 318.00
108.00 318.50
107.50 319.00
107.50 320.00
107.00 320.50
106.50 321.00
106.50 322.00
106.00 322.50
105.50 323.00
105.50 324.00
105.00 324.50
104.50 325.00
104.50 326.00
104.50 327.00
104.50 328.00
104.50 329.00
104.50 330.00
104.50 331.00
104.50 332.00
104.00 332.50
103.50 333.00
103.50 334.00
103.50 335.00
103.50 336.00
103.50 337.00
103.00 337.50
102.50 338.00
102.50 339.00
102.50 340.00
102.00 340.50
101.50 341.00
101.50 342.00
101.00 342.50
100.50 343.00
100.00 343.50
99.50 344.00
99.50 345.00
99.00 345.50
98.50 346.00
98.50 347.00
98.00 347.50
97.50 348.00
97.50 349.00
97.00 349.50
96.50 350.00
96.50 351.00
96.50 352.00
96.00 352.50
95.50 353.00
95.50 354.00
95.50 355.00
95.50 356.00
95.00 356.50
94.50 357.00
94.50 358.00
94.50 359.00
94.50 360.00
94.50 361.00
94.50 362.00
94.50 363.00
94.50 364.00
94.50 365.00
94.50 366.00
94.50 367.00
94.50 368.00
94.50 369.00
94.50 370.00
95.00 370.50
95.50 371.00
95.50 372.00
95.50 373.00
95.50 374.00
95.50 375.00
95.50 376.00
96.00 376.50
96.50 377.00
96.50 378.00
96.50 379.00
96.50 380.00
96.50 381.00
96.50 382.00
97.00 382.50
97.50 383.00
97.50 384.00
97.50 385.00
97.50 386.00
98.00 386.50
98.50 387.00
98.50 388.00
98.50 389.00
99.00 389.50
99.50 390.00
99.50 391.00
99.50 392.00
100.00 392.50
100.50 393.00
100.50 394.00
101.00 394.50
101.50 395.00
101.50 396.00
102.00 396.50
102.50 397.00
102.50 398.00
103.00 398.50
103.50 399.00
103.50 400.00
104.00 400.50
104.50 401.00
104.50 402.00
105.00 402.50
105.50 403.00
105.50 404.00
106.00 404.50
106.50 405.00
106.50 406.00
107.00 406.50
107.50 407.00
108.00 407.50
108.50 408.00
109.00 408.50
109.50 409.00
110.00 409.50
110.50 410.00
111.00 410.50
111.50 411.00
112.00 411.50
112.50 412.00
113.00 412.50
114.00 412.50
114.50 413.00
115.00 413.50
116.00 413.50
116.50 414.00
117.00 414.50
117.50 415.00
118.00 415.50
119.00 415.50
119.50 416.00
120.00 416.50
121.00 416.50
122.00 416.50
122.50 417.00
123.00 417.50
124.00 417.50
125.00 417.50
125.50 418.00
126.00 418.50
127.00 418.50
128.00 418.50
129.00 418.50
129.50 419.00
130.00 419.50
131.00 419.50
132.00 419.50
133.00 419.50
134.00 419.50
135.00 419.50
136.00 419.50
137.00 419.50
138.00 419.50
138.50 420.00
139.00 420.50
140.00 420.50
141.00 420.50
142.00 420.50
142.50 420.00
143.00 419.50
144.00 419.50
145.00 419.50
146.00 419.50
147.00 419.50
148.00 419.50
149.00 419.50
150.00 419.50
151.00 419.50
151.50 419.00
152.00 418.50
153.00 418.50
154.00 418.50
154.50 418.00
155.00 417.50
156.00 417.50
156.50 417.00
157.00 416.50
158.00 416.50
158.50 416.00
159.00 415.50
160.00 415.50
160.50 415.00
161.00 414.50
161.50 414.00
162.00 413.50
163.00 413.50
163.50 413.00
164.00 412.50
164.50 412.00
165.00 411.50
165.50 411.00
166.00 410.50
167.00 410.50
167.50 410.00
168.00 409.50
168.50 409.00
169.00 408.50
169.50 408.00
170.00 407.50
170.50 407.00
171.00 406.50
171.50 406.00
171.50 405.00
172.00 404.50
172.50 404.00
173.00 403.50
173.50 403.00
173.50 402.00
174.00 401.50
174.50 401.00
174.50 400.00
175.00 399.50
175.50 399.00
175.50 398.00
176.00 397.50
176.50 397.00
176.50 396.00
176.50 395.00
176.50 394.00
177.00 393.50
177.50 393.00
177.50 392.00
177.50 391.00
178.00 390.50
178.50 390.00
178.50 389.00
178.50 388.00
178.50 387.00
179.00 386.50
179.50 386.00
179.50 385.00
179.50 384.00
179.50 383.00
179.50 382.00
179.50 381.00
180.00 380.50
180.50 380.00
180.50 379.00
180.50 378.00
180.50 377.00
180.50 376.00
180.50 375.00
180.50 374.00
180.50 373.00
180.50 372.00
180.50 371.00
180.00 370.50
179.50 370.00
179.50 369.00
179.50 368.00
179.50 367.00
179.50 366.00
179.00 365.50
178.50 365.00
178.50 364.00
178.50 363.00
178.50 362.00
178.50 361.00
178.50 360.00
178.50 359.00
178.00 358.50
177.50 358.00
177.50 357.00
177.50 356.00
177.50 355.00
177.50 354.00
177.50 353.00
177.00 352.50
176.50 352.00
176.50 351.00
176.50 350.00
176.50 349.00
176.00 348.50
175.50 348.00
175.50 347.00
175.00 346.50
174.50 346.00
174.50 345.00
174.00 344.50
173.50 344.00
173.50 343.00
173.00 342.50
172.50 342.00
172.00 341.50
171.50 341.00
171.00 340.50
170.50 340.00
170.00 339.50
169.50 339.00
169.00 338.50
168.50 338.00
168.00 337.50
167.50 337.00
167.00 336.50
166.50 336.00
166.75 335.00
167.00 334.75
167.75 334.00
168.00 333.75
169.00 333.75
169.75 333.00
170.00 332.75
170.75 332.00
171.00 331.75
172.00 331.75
172.75 331.00
173.00 330.75
173.75 330.00
174.00 329.75
174.75 329.00
174.75 328.00
175.00 327.75
175.75 327.00
176.00 326.75
176.75 326.00
176.75 325.00
177.00 324.75
177.75 324.00
177.75 323.00
178.00 322.75
178.75 322.00
178.75 321.00
179.00 320.75
179.75 320.00
179.75 319.00
179.75 318.00
180.00 317.75
180.75 317.00
180.75 316.00
180.75 315.00
180.75 314.00
180.75 313.00
180.75 312.00
180.75 311.00
181.00 310.75
181.75 310.00

Contour 1:
281.83 847.00
281.83 846.00
281.83 845.00
281.83 844.00
281.83 843.00
281.83 842.00
281.83 841.00
281.83 840.00
281.83 839.00
281.83 838.00
281.83 837.00
281.83 836.00
281.83 835.00
281.83 834.00
281.83 833.00
281.83 832.00
281.83 831.00
281.00 830.17
280.83 830.00
280.83 829.00
280.83 828.00
280.83 827.00
280.00 826.17
279.83 826.00
279.83 825.00
279.83 824.00
279.00 823.17
278.83 823.00
278.83 822.00
278.83 821.00
278.83 820.00
278.00 819.17
277.83 819.00
277.83 818.00
277.83 817.00
277.00 816.17
276.83 816.00
276.83 815.00
276.83 814.00
276.00 813.17
275.83 813.00
275.00 812.17
274.83 812.00
274.83 811.00
274.00 810.17
273.83 810.00
273.83 809.00
273.00 808.17
272.83 808.00
272.00 807.17
271.83 807.00
271.83 806.00
271.00 805.17
270.83 805.00
270.00 804.17
269.83 804.00
269.00 803.17
268.83 803.00
268.00 802.17
267.83 802.00
267.00 801.17
266.83 801.00
266.00 800.17
265.83 800.00
265.00 799.17
264.83 799.00
264.00 798.17
263.83 798.00
263.00 797.17
262.83 797.00
262.00 796.17
261.83 796.00
261.00 795.17
260.83 795.00
260.00 794.17
259.83 794.00
259.00 793.17
258.83 793.00
258.00 792.17
257.00 792.17
256.83 792.00
256.00 791.17
255.83 791.00
255.00 790.17
254.83 790.00
254.00 789.17
253.00 789.17
252.83 789.00
252.00 788.17
251.83 788.00
251.00 787.17
250.00 787.17
249.83 787.00
249.00 786.17
248.83 786.00
248.00 785.17
247.00 785.17
246.83 785.00
246.00 784.17
245.00 784.17
244.83 784.00
244.00 783.17
243.00 783.17
242.83 783.00
242.00 782.17
241.00 782.17
240.83 782.00
240.00 781.17
239.00 781.17
238.00 781.17
237.83 781.00
237.00 780.17
236.00 780.17
235.00 780.17
234.83 780.00
234.00 779.17
233.00 779.17
232.00 779.17
231.00 779.17
230.83 779.00
230.00 778.17
229.00 778.17
228.00 778.17
227.00 778.17
226.00 778.17
225.00 778.17
224.00 778.17
223.00 778.17
222.17 779.00
222.00 779.17
221.00 779.17
220.00 779.17
219.00 779.17
218.00 779.17
217.17 780.00
217.00 780.17
216.00 780.17
215.00 780.17
214.17 781.00
214.00 781.17
213.00 781.17
212.17 782.00
212.00 782.17
211.00 782.17
210.00 782.17
209.17 783.00
209.00 783.17
208.17 784.00
208.00 784.17
207.00 784.17
206.17 785.00
206.00 785.17
205.17 786.00
205.00 786.17
204.17 787.00
204.00 787.17
203.00 787.17
202.17 788.00
202.00 788.17
201.17 789.00
201.00 789.17
200.17 790.00
200.00 790.17
199.17 791.00
199.00 791.17
198.17 792.00
198.00 792.17
197.17 793.00
197.17 794.00
197.00 794.17
196.17 795.00
196.17 796.00
196.00 796.17
195.17 797.00
195.17 798.00
195.00 798.17
194.17 799.00
194.17 800.00
194.00 800.17
193.17 801.00
193.17 802.00
193.17 803.00
193.00 803.17
192.17 804.00
192.17 805.00
192.17 806.00
192.00 806.17
191.17 807.00
191.17 808.00
191.17 809.00
191.17 810.00
191.17 811.00
191.17 812.00
191.17 813.00
191.17 814.00
191.17 815.00
191.17 816.00
192.00 816.83
192.17 817.00
192.17 818.00
192.17 819.00
192.17 820.00
193.00 820.83
193.17 821.00
193.17 822.00
193.17 823.00
194.00 823.83
194.17 824.00
194.17 825.00
195.00 825.83
195.17 826.00
195.17 827.00
196.00 827.83
196.17 828.00
197.00 828.83
197.17 829.00
197.17 830.00
198.00 830.83
198.17 831.00
199.00 831.83
199.17 832.00
200.00 832.83
200.17 833.00
200.17 834.00
201.00 834.83
201.17 835.00
202.00 835.83
202.17 836.00
203.00 836.83
203.17 837.00
203.17 838.00
204.00 838.83
204.17 839.00
205.00 839.83
205.17 840.00
205.17 841.00
206.00 841.83
206.17 842.00
207.00 842.83
207.17 843.00
207.17 844.00
208.00 844.83
208.17 845.00
209.00 845.83
209.17 846.00
210.00 846.83
210.17 847.00
211.00 847.83
211.17 848.00
212.00 848.83
212.17 849.00
212.17 850.00
213.00 850.83
214.00 850.83
214.17 851.00
215.00 851.83
215.17 852.00
216.00 852.83
216.17 853.00
217.00 853.83
217.17 854.00
218.00 854.83
218.17 855.00
219.00 855.83
219.17 856.00
220.00 856.83
220.17 857.00
221.00 857.83
222.00 857.83
222.17 858.00
223.00 858.83
223.17 859.00
224.00 859.83
225.00 859.83
225.17 860.00
226.00 860.83
227.00 860.83
227.17 861.00
228.00 861.83
229.00 861.83
229.17 862.00
230.00 862.83
231.00 862.83
232.00 862.83
232.17 863.00
233.00 863.83
234.00 863.83
234.17 864.00
235.00 864.83
235.17 865.00
236.00 865.83
237.00 865.83
237.17 866.00
238.00 866.83
239.00 866.83
240.00 866.83
241.00 866.83
241.17 867.00
242.00 867.83
243.00 867.83
244.00 867.83
245.00 867.83
245.17 868.00
246.00 868.83
247.00 868.83
248.00 868.83
249.00 868.83
249.17 869.00
250.00 869.83
251.00 869.83
252.00 869.83
253.00 869.83
254.00 869.83
255.00 869.83
256.00 869.83
257.00 869.83
258.00 869.83
258.83 869.00
259.00 868.83
260.00 868.83
261.00 868.83
262.00 868.83
262.83 868.00
263.00 867.83
264.00 867.83
265.00 867.83
266.00 867.83
266.83 867.00
267.00 866.83
268.00 866.83
268.83 866.00
269.00 865.83
269.83 865.00
270.00 864.83
270.83 864.00
271.00 863.83
271.83 863.00
272.00 862.83
272.83 862.00
273.00 861.83
273.83 861.00
274.00 860.83
274.83 860.00
275.00 859.83
275.83 859.00
276.00 858.83
276.83 858.00
277.00 857.83
277.83 857.00
278.00 856.83
278.83 856.00
278.83 855.00
279.00 854.83
279.83 854.00
279.83 853.00
279.83 852.00
280.00 851.83
280.83 851.00
280.83 850.00
280.83 849.00
280.83 848.00
281.00 847.83
281.83 847.00

Contour 2:
266.88 19.00
266.88 18.00
266.88 17.00
266.88 16.00
266.88 15.00
266.00 14.12
265.88 14.00
265.88 13.00
265.00 12.12
264.88 12.00
264.88 11.00
264.00 10.12
263.88 10.00
263.00 9.12
262.88 9.00
262.00 8.12
261.88 8.00
261.00 7.12
260.00 7.12
259.88 7.00
259.00 6.12
258.00 6.12
257.88 6.00
257.00 5.12
256.00 5.12
255.88 5.00
255.00 4.12
254.00 4.12
253.00 4.12
252.88 4.00
252.00 3.12
251.00 3.12
250.00 3.12
249.00 3.12
248.00 3.12
247.00 3.12
246.00 3.12
245.00 3.12
244.00 3.12
243.00 3.12
242.00 3.12
241.00 3.12
240.00 3.12
239.00 3.12
238.00 3.12
237.00 3.12
236.00 3.12
235.00 3.12
234.00 3.12
233.88 3.00
233.00 2.12
232.00 2.12
231.00 2.12
230.00 2.12
229.00 2.12
228.00 2.12
227.00 2.12
226.88 2.00
226.00 1.12
225.00 1.12
224.00 1.12
223.00 1.12
222.00 1.12
221.00 1.12
220.00 1.12
219.00 1.12
218.00 1.12
217.12 2.00
217.00 2.12
216.00 2.12
215.00 2.12
214.00 2.12
213.00 2.12
212.00 2.12
211.00 2.12
210.00 2.12
209.00 2.12
208.12 3.00
208.00 3.12
207.00 3.12
206.00 3.12
205.00 3.12
204.12 4.00
204.00 4.12
203.12 5.00
203.00 5.12
202.00 5.12
201.12 6.00
201.00 6.12
200.12 7.00
200.12 8.00
200.00 8.12
199.12 9.00
199.00 9.12
198.12 10.00
198.12 11.00
198.12 12.00
198.00 12.12
197.12 13.00
197.12 14.00
197.12 15.00
197.12 16.00
197.12 17.00
197.12 18.00
197.12 19.00
198.00 19.88
198.12 20.00
198.12 21.00
198.12 22.00
198.12 23.00
198.12 24.00
198.12 25.00
199.00 25.88
199.12 26.00
199.12 27.00
199.12 28.00
200.00 28.88
200.12 29.00
200.12 30.00
200.12 31.00
201.00 31.88
201.12 32.00
202.00 32.88
202.12 33.00
202.12 34.00
203.00 34.88
203.12 35.00
203.12 36.00
204.00 36.88
204.12 37.00
205.00 37.88
205.12 38.00
206.00 38.88
206.12 39.00
207.00 39.88
207.12 40.00
208.00 40.88
208.12 41.00
208.12 42.00
209.00 42.88
209.12 43.00
210.00 43.88
210.12 44.00
211.00 44.88
212.00 44.88
213.00 44.88
213.12 45.00
214.00 45.88
215.00 45.88
215.12 46.00
216.00 46.88
217.00 46.88
217.12 47.00
218.00 47.88
218.12 48.00
219.00 48.88
219.12 49.00
220.00 49.88
221.00 49.88
222.00 49.88
222.12 50.00
223.00 50.88
224.00 50.88
225.00 50.88
226.00 50.88
227.00 50.88
228.00 50.88
229.00 50.88
230.00 50.88
231.00 50.88
231.88 50.00
232.00 49.88
233.00 49.88
234.00 49.88
234.88 49.00
235.00 48.88
236.00 48.88
237.00 48.88
238.00 48.88
239.00 48.88
240.00 48.88
240.88 48.00
241.00 47.88
242.00 47.88
243.00 47.88
244.00 47.88
245.00 47.88
245.88 47.00
246.00 46.88
247.00 46.88
247.88 46.00
248.00 45.88
249.00 45.88
249.88 45.00
250.00 44.88
250.88 44.00
251.00 43.88
251.88 43.00
252.00 42.88
252.88 42.00
253.00 41.88
254.00 41.88
254.88 41.00
255.00 40.88
255.88 40.00
256.00 39.88
256.88 39.00
257.00 38.88
257.88 38.00
258.00 37.88
258.88 37.00
259.00 36.88
259.88 36.00
260.00 35.88
260.88 35.00
260.88 34.00
261.00 33.88
261.88 33.00
262.00 32.88
262.88 32.00
262.88 31.00
263.00 30.88
263.88 30.00
263.88 29.00
263.88 28.00
263.88 27.00
263.88 26.00
264.00 25.88
264.88 25.00
264.88 24.00
264.88 23.00
265.00 22.88
265.88 22.00
265.88 21.00
265.88 20.00
266.00 19.88
266.88 19.00

Contour 3:
282.90 261.00
282.90 260.00
282.90 259.00
282.90 258.00
282.90 257.00
282.90 256.00
282.90 255.00
282.00 254.10
281.90 254.00
281.90 253.00
281.90 252.00
281.90 251.00
281.90 250.00
281.00 249.10
280.90 249.00
280.90 248.00
280.90 247.00
280.90 246.00
280.00 245.10
279.90 245.00
279.90 244.00
279.90 243.00
279.00 242.10
278.90 242.00
278.90 241.00
278.90 240.00
278.00 239.10
277.90 239.00
277.90 238.00
277.00 237.10
276.90 237.00
276.90 236.00
276.00 235.10
275.90 235.00
275.00 234.10
274.90 234.00
274.90 233.00
274.00 232.10
273.90 232.00
273.00 231.10
272.90 231.00
272.90 230.00
272.00 229.10
271.90 229.00
271.00 228.10
270.90 228.00
270.00 227.10
269.90 227.00
269.00 226.10
268.90 226.00
268.00 225.10
267.90 225.00
267.00 224.10
266.90 224.00
266.00 223.10
265.90 223.00
265.00 222.10
264.90 222.00
264.00 221.10
263.90 221.00
263.00 220.10
262.90 220.00
262.00 219.10
261.90 219.00
261.00 218.10
260.00 218.10
259.90 218.00
259.00 217.10
258.00 217.10
257.90 217.00
257.00 216.10
256.00 216.10
255.00 216.10
254.90 216.00
254.00 215.10
253.00 215.10
252.00 215.10
251.90 215.00
251.00 214.10
250.00 214.10
249.00 214.10
248.00 214.10
247.00 214.10
246.00 214.10
245.00 214.10
244.00 214.10
243.00 214.10
242.00 214.10
241.00 214.10
240.00 214.10
239.00 214.10
238.00 214.10
237.00 214.10
236.00 214.10
235.00 214.10
234.00 214.10
233.00 214.10
232.10 215.00
232.00 215.10
231.00 215.10
230.00 215.10
229.00 215.10
228.10 216.00
228.00 216.10
227.00 216.10
226.00 216.10
225.10 217.00
225.00 217.10
224.10 218.00
224.00 218.10
223.00 218.10
222.10 219.00
222.00 219.10
221.10 220.00
221.00 220.10
220.10 221.00
220.00 221.10
219.10 222.00
219.00 222.10
218.10 223.00
218.00 223.10
217.10 224.00
217.00 224.10
216.10 225.00
216.10 226.00
216.00 226.10
215.10 227.00
215.00 227.10
214.10 228.00
214.10 229.00
214.00 229.10
213.10 230.00
213.10 231.00
213.00 231.10
212.10 232.00
212.10 233.00
212.10 234.00
212.00 234.10
211.10 235.00
211.10 236.00
211.10 237.00
211.00 237.10
210.10 238.00
210.10 239.00
210.10 240.00
210.10 241.00
210.10 242.00
210.10 243.00
210.00 243.10
209.10 244.00
209.10 245.00
209.10 246.00
209.10 247.00
209.10 248.00
209.10 249.00
210.00 249.90
210.10 250.00
210.10 251.00
210.10 252.00
210.10 253.00
211.00 253.90
211.10 254.00
211.10 255.00
211.10 256.00
212.00 256.90
212.10 257.00
212.10 258.00
212.10 259.00
213.00 259.90
213.10 260.00
213.10 261.00
214.00 261.90
214.10 262.00
214.10 263.00
214.10 264.00
215.00 264.90
215.10 265.00
215.10 266.00
215.10 267.00
216.00 267.90
216.10 268.00
216.10 269.00
217.00 269.90
217.10 270.00
217.10 271.00
218.00 271.90
218.10 272.00
218.10 273.00
219.00 273.90
219.10 274.00
219.10 275.00
220.00 275.90
220.10 276.00
220.10 277.00
221.00 277.90
221.10 278.00
222.00 278.90
222.10 279.00
222.10 280.00
223.00 280.90
223.10 281.00
224.00 281.90
224.10 282.00
224.10 283.00
225.00 283.90
225.10 284.00
226.00 284.90
226.10 285.00
227.00 285.90
227.10 286.00
228.00 286.90
228.10 287.00
229.00 287.90
229.10 288.00
230.00 288.90
231.00 288.90
231.10 289.00
232.00 289.90
233.00 289.90
233.10 290.00
234.00 290.90
235.00 290.90
235.10 291.00
236.00 291.90
237.00 291.90
237.10 292.00
238.00 292.90
239.00 292.90
240.00 292.90
240.10 293.00
241.00 293.90
242.00 293.90
243.00 293.90
244.00 293.90
245.00 293.90
245.10 294.00
246.00 294.90
247.00 294.90
248.00 294.90
249.00 294.90
250.00 294.90
251.00 294.90
252.00 294.90
253.00 294.90
254.00 294.90
255.00 294.90
255.90 294.00
256.00 293.90
257.00 293.90
258.00 293.90
259.00 293.90
259.90 293.00
260.00 292.90
261.00 292.90
262.00 292.90
263.00 292.90
263.90 292.00
264.00 291.90
265.00 291.90
265.90 291.00
266.00 290.90
266.90 290.00
267.00 289.90
268.00 289.90
268.90 289.00
269.00 288.90
269.90 288.00
270.00 287.90
270.90 287.00
271.00 286.90
271.90 286.00
272.00 285.90
272.90 285.00
273.00 284.90
273.90 284.00
274.00 283.90
274.90 283.00
274.90 282.00
275.00 281.90
275.90 281.00
276.00 280.90
276.90 280.00
276.90 279.00
277.00 278.90
277.90 278.00
277.90 277.00
278.00 276.90
278.90 276.00
278.90 275.00
279.00 274.90
279.90 274.00
279.90 273.00
279.90 272.00
280.00 271.90
280.90 271.00
280.90 270.00
280.90 269.00
280.90 268.00
281.00 267.90
281.90 267.00
281.90 266.00
281.90 265.00
281.90 264.00
281.90 263.00
281.90 262.00
282.00 261.90
282.90 261.00

Contour 4:
308.92 645.00
308.92 644.00
308.92 643.00
308.92 642.00
308.92 641.00
308.00 640.08
307.92 640.00
307.92 639.00
307.92 638.00
307.92 637.00
307.92 636.00
307.92 635.00
307.92 634.00
307.92 633.00
307.92 632.00
307.00 631.08
306.92 631.00
306.92 630.00
306.92 629.00
306.00 628.08
305.92 628.00
305.92 627.00
305.92 626.00
305.00 625.08
304.92 625.00
304.92 624.00
304.92 623.00
304.00 622.08
303.92 622.00
303.00 621.08
302.92 621.00
302.92 620.00
302.00 619.08
301.92 619.00
301.92 618.00
301.00 617.08
300.92 617.00
300.00 616.08
299.92 616.00
299.00 615.08
298.92 615.00
298.00 614.08
297.92 614.00
297.00 613.08
296.00 613.08
295.92 613.00
295.00 612.08
294.92 612.00
294.00 611.08
293.92 611.00
293.00 610.08
292.00 610.08
291.92 610.00
291.00 609.08
290.00 609.08
289.92 609.00
289.00 608.08
288.00 608.08
287.00 608.08
286.92 608.00
286.00 607.08
285.00 607.08
284.92 607.00
284.00 606.08
283.00 606.08
282.00 606.08
281.00 606.08
280.92 606.00
280.00 605.08
279.00 605.08
278.00 605.08
277.00 605.08
276.00 605.08
275.00 605.08
274.00 605.08
273.00 605.08
272.00 605.08
271.00 605.08
270.00 605.08
269.00 605.08
268.00 605.08
267.00 605.08
266.00 605.08
265.08 606.00
265.00 606.08
264.00 606.08
263.00 606.08
262.00 606.08
261.08 607.00
261.00 607.08
260.00 607.08
259.00 607.08
258.00 607.08
257.08 608.00
257.00 608.08
256.08 609.00
256.00 609.08
255.00 609.08
254.08 610.00
254.00 610.08
253.08 611.00
253.00 611.08
252.00 611.08
251.08 612.00
251.00 612.08
250.08 613.00
250.00 613.08
249.08 614.00
249.00 614.08
248.08 615.00
248.00 615.08
247.00 615.08
246.08 616.00
246.08 617.00
246.00 617.08
245.08 618.00
245.00 618.08
244.08 619.00
244.00 619.08
243.08 620.00
243.00 620.08
242.08 621.00
242.00 621.08
241.08 622.00
241.00 622.08
240.08 623.00
240.00 623.08
239.08 624.00
239.00 624.08
238.08 625.00
238.00 625.08
237.08 626.00
237.00 626.08
236.08 627.00
236.00 627.08
235.08 628.00
235.08 629.00
235.00 629.08
234.08 630.00
234.00 630.08
233.08 631.00
233.08 632.00
233.00 632.08
232.08 633.00
232.08 634.00
232.00 634.08
231.08 635.00
231.08 636.00
231.08 637.00
231.00 637.08
230.08 638.00
230.08 639.00
230.08 640.00
230.08 641.00
230.08 642.00
230.08 643.00
230.08 644.00
230.08 645.00
230.08 646.00
230.08 647.00
230.08 648.00
230.08 649.00
230.08 650.00
230.08 651.00
230.08 652.00
230.08 653.00
230.08 654.00
231.00 654.92
231.08 655.00
231.08 656.00
231.08 657.00
231.08 658.00
232.00 658.92
232.08 659.00
232.08 660.00
232.08 661.00
233.00 661.92
233.08 662.00
233.08 663.00
234.00 663.92
234.08 664.00
234.08 665.00
235.00 665.92
235.08 666.00
235.08 667.00
236.00 667.92
236.08 668.00
237.00 668.92
237.08 669.00
237.08 670.00
238.00 670.92
238.08 671.00
239.00 671.92
239.08 672.00
240.00 672.92
240.08 673.00
241.00 673.92
241.08 674.00
242.00 674.92
242.08 675.00
243.00 675.92
243.08 676.00
244.00 676.92
244.08 677.00
245.00 677.92
246.00 677.92
246.08 678.00
247.00 678.92
248.00 678.92
248.08 679.00
249.00 679.92
249.08 680.00
250.00 680.92
251.00 680.92
251.08 681.00
252.00 681.92
253.00 681.92
254.00 681.92
254.08 682.00
255.00 682.92
256.00 682.92
256.08 683.00
257.00 683.92
258.00 683.92
259.00 683.92
260.00 683.92
261.00 683.92
262.00 683.92
263.00 683.92
264.00 683.92
265.00 683.92
266.00 683.92
267.00 683.92
268.00 683.92
269.00 683.92
270.00 683.92
271.00 683.92
271.92 683.00
272.00 682.92
273.00 682.92
274.00 682.92
275.00 682.92
275.92 682.00
276.00 681.92
277.00 681.92
278.00 681.92
278.92 681.00
279.00 680.92
280.00 680.92
281.00 680.92
281.92 680.00
282.00 679.92
283.00 679.92
283.92 679.00
284.00 678.92
285.00 678.92
285.92 678.00
286.00 677.92
287.00 677.92
287.92 677.00
288.00 676.92
289.00 676.92
289.92 676.00
290.00 675.92
290.92 675.00
291.00 674.92
292.00 674.92
292.92 674.00
293.00 673.92
293.92 673.00
294.00 672.92
294.92 672.00
295.00 671.92
295.92 671.00
296.00 670.92
296.92 670.00
297.00 669.92
297.92 669.00
298.00 668.92
298.92 668.00
299.00 667.92
299.92 667.00
300.00 666.92
300.92 666.00
300.92 665.00
301.00 664.92
301.92 664.00
302.00 663.92
302.92 663.00
302.92 662.00
303.00 661.92
303.92 661.00
303.92 660.00
304.00 659.92
304.92 659.00
304.92 658.00
305.00 657.92
305.92 657.00
305.92 656.00
305.92 655.00
306.00 654.92
306.92 654.00
306.92 653.00
306.92 652.00
306.92 651.00
307.00 650.92
307.92 650.00
307.92 649.00
307.92 648.00
307.92 647.00
307.92 646.00
308.00 645.92
308.92 645.00

Contour 5:
342.93 483.00
342.93 482.00
342.93 481.00
342.93 480.00
342.93 479.00
342.93 478.00
342.93 477.00
342.93 476.00
342.93 475.00
342.93 474.00
342.93 473.00
342.93 472.00
342.93 471.00
342.93 470.00
342.00 469.07
341.93 469.00
341.93 468.00
341.00 467.07
340.93 467.00
340.93 466.00
340.00 465.07
339.93 465.00
339.93 464.00
339.93 463.00
339.00 462.07
338.93 462.00
338.00 461.07
337.93 461.00
337.93 460.00
337.00 459.07
336.93 459.00
336.00 458.07
335.93 458.00
335.00 457.07
334.00 457.07
333.93 457.00
333.00 456.07
332.93 456.00
332.00 455.07
331.93 455.00
331.00 454.07
330.00 454.07
329.93 454.00
329.00 453.07
328.00 453.07
327.93 453.00
327.00 452.07
326.93 452.00
326.00 451.07
325.93 451.00
325.00 450.07
324.93 450.00
324.00 449.07
323.00 449.07
322.93 449.00
322.00 448.07
321.00 448.07
320.93 448.00
320.00 447.07
319.00 447.07
318.00 447.07
317.00 447.07
316.93 447.00
316.00 446.07
315.00 446.07
314.00 446.07
313.00 446.07
312.00 446.07
311.00 446.07
310.00 446.07
309.00 446.07
308.93 446.00
308.00 445.07
307.00 445.07
306.00 445.07
305.00 445.07
304.00 445.07
303.00 445.07
302.00 445.07
301.00 445.07
300.00 445.07
299.00 445.07
298.07 446.00
298.00 446.07
297.00 446.07
296.00 446.07
295.00 446.07
294.00 446.07
293.07 447.00
293.00 447.07
292.00 447.07
291.00 447.07
290.07 448.00
290.00 448.07
289.00 448.07
288.07 449.00
288.00 449.07
287.07 450.00
287.00 450.07
286.07 451.00
286.00 451.07
285.00 451.07
284.07 452.00
284.00 452.07
283.07 453.00
283.07 454.00
283.00 454.07
282.07 455.00
282.00 455.07
281.07 456.00
281.00 456.07
280.07 457.00
280.07 458.00
280.07 459.00
280.00 459.07
279.07 460.00
279.07 461.00
279.07 462.00
279.07 463.00
279.07 464.00
279.07 465.00
279.07 466.00
279.07 467.00
279.07 468.00
279.07 469.00
279.07 470.00
279.07 471.00
280.00 471.93
280.07 472.00
280.07 473.00
280.07 474.00
280.07 475.00
281.00 475.93
281.07 476.00
281.07 477.00
281.07 478.00
282.00 478.93
282.07 479.00
282.07 480.00
283.00 480.93
283.07 481.00
284.00 481.93
284.07 482.00
284.07 483.00
285.00 483.93
285.07 484.00
286.00 484.93
286.07 485.00
286.07 486.00
287.00 486.93
287.07 487.00
288.00 487.93
288.07 488.00
289.00 488.93
289.07 489.00
290.00 489.93
290.07 490.00
291.00 490.93
291.07 491.00
292.00 491.93
293.00 491.93
293.07 492.00
294.00 492.93
294.07 493.00
295.00 493.93
295.07 494.00
296.00 494.93
297.00 494.93
297.07 495.00
298.00 495.93
299.00 495.93
299.07 496.00
300.00 496.93
301.00 496.93
301.07 497.00
302.00 497.93
303.00 497.93
304.00 497.93
304.07 498.00
305.00 498.93
306.00 498.93
307.00 498.93
307.07 499.00
308.00 499.93
309.00 499.93
310.00 499.93
311.00 499.93
312.00 499.93
313.00 499.93
313.07 500.00
314.00 500.93
315.00 500.93
316.00 500.93
317.00 500.93
318.00 500.93
319.00 500.93
320.00 500.93
320.93 500.00
321.00 499.93
322.00 499.93
323.00 499.93
324.00 499.93
324.93 499.00
325.00 498.93
326.00 498.93
327.00 498.93
327.93 498.00
328.00 497.93
329.00 497.93
330.00 497.93
330.93 497.00
331.00 496.93
331.93 496.00
332.00 495.93
333.00 495.93
333.93 495.00
334.00 494.93
335.00 494.93
335.93 494.00
336.00 493.93
336.93 493.00
337.00 492.93
337.93 492.00
338.00 491.93
338.93 491.00
339.00 490.93
339.93 490.00
339.93 489.00
340.00 488.93
340.93 488.00
340.93 487.00
341.00 486.93
341.93 486.00
341.93 485.00
341.93 484.00
342.00 483.93
342.93 483.00

Contour 6:
363.94 562.00
363.94 561.00
363.94 560.00
363.94 559.00
363.94 558.00
363.94 557.00
363.94 556.00
363.94 555.00
363.94 554.00
363.94 553.00
363.00 552.06
362.94 552.00
362.94 551.00
362.94 550.00
362.94 549.00
362.94 548.00
362.94 547.00
362.00 546.06
361.94 546.00
361.94 545.00
361.94 544.00
361.00 543.06
360.94 543.00
360.94 542.00
360.00 541.06
359.94 541.00
359.00 540.06
358.94 540.00
358.94 539.00
358.00 538.06
357.94 538.00
357.00 537.06
356.94 537.00
356.00 536.06
355.94 536.00
355.00 535.06
354.94 535.00
354.00 534.06
353.00 534.06
352.94 534.00
352.00 533.06
351.94 533.00
351.00 532.06
350.00 532.06
349.94 532.00
349.00 531.06
348.00 531.06
347.94 531.00
347.00 530.06
346.00 530.06
345.94 530.00
345.00 529.06
344.00 529.06
343.00 529.06
342.94 529.00
342.00 528.06
341.00 528.06
340.00 528.06
339.00 528.06
338.00 528.06
337.00 528.06
336.94 528.00
336.00 527.06
335.00 527.06
334.00 527.06
333.00 527.06
332.00 527.06
331.00 527.06
330.00 527.06
329.00 527.06
328.00 527.06
327.00 527.06
326.00 527.06
325.00 527.06
324.00 527.06
323.00 527.06
322.00 527.06
321.06 528.00
321.00 528.06
320.00 528.06
319.00 528.06
318.00 528.06
317.00 528.06
316.06 529.00
316.00 529.06
315.00 529.06
314.00 529.06
313.06 530.00
313.00 530.06
312.00 530.06
311.06 531.00
311.00 531.06
310.00 531.06
309.06 532.00
309.00 532.06
308.06 533.00
308.00 533.06
307.06 534.00
307.00 534.06
306.00 534.06
305.06 535.00
305.00 535.06
304.06 536.00
304.06 537.00
304.00 537.06
303.06 538.00
303.00 538.06
302.06 539.00
302.00 539.06
301.06 540.00
301.00 540.06
300.06 541.00
300.00 541.06
299.06 542.00
299.06 543.00
299.00 543.06
298.06 544.00
298.00 544.06
297.06 545.00
297.06 546.00
297.00 546.06
296.06 547.00
296.06 548.00
296.06 549.00
296.00 549.06
295.06 550.00
295.06 551.00
295.06 552.00
295.06 553.00
295.06 554.00
295.06 555.00
295.06 556.00
295.06 557.00
295.06 558.00
295.06 559.00
295.00 559.06
294.06 560.00
294.06 561.00
294.06 562.00
295.00 562.94
295.06 563.00
295.06 564.00
295.06 565.00
295.06 566.00
295.06 567.00
295.06 568.00
296.00 568.94
296.06 569.00
296.06 570.00
296.06 571.00
297.00 571.94
297.06 572.00
297.06 573.00
297.06 574.00
298.00 574.94
298.06 575.00
298.06 576.00
299.00 576.94
299.06 577.00
300.00 577.94
300.06 578.00
300.06 579.00
301.00 579.94
301.06 580.00
301.06 581.00
302.00 581.94
302.06 582.00
303.00 582.94
303.06 583.00
304.00 583.94
304.06 584.00
305.00 584.94
305.06 585.00
306.00 585.94
306.06 586.00
307.00 586.94
307.06 587.00
308.00 587.94
308.06 588.00
309.00 588.94
310.00 588.94
310.06 589.00
311.00 589.94
312.00 589.94
312.06 590.00
313.00 590.94
314.00 590.94
314.06 591.00
315.00 591.94
316.00 591.94
316.06 592.00
317.00 592.94
318.00 592.94
319.00 592.94
319.06 593.00
320.00 593.94
321.00 593.94
322.00 593.94
323.00 593.94
324.00 593.94
325.00 593.94
326.00 593.94
327.00 593.94
328.00 593.94
329.00 593.94
330.00 593.94
331.00 593.94
332.00 593.94
333.00 593.94
334.00 593.94
335.00 593.94
335.94 593.00
336.00 592.94
337.00 592.94
338.00 592.94
339.00 592.94
340.00 592.94
340.94 592.00
341.00 591.94
342.00 591.94
342.94 591.00
343.00 590.94
344.00 590.94
344.94 590.00
345.00 589.94
346.00 589.94
346.94 589.00
347.00 588.94
348.00 588.94
348.94 588.00
349.00 587.94
349.94 587.00
350.00 586.94
351.00 586.94
351.94 586.00
352.00 585.94
352.94 585.00
353.00 584.94
353.94 584.00
354.00 583.94
354.94 583.00
355.00 582.94
355.94 582.00
355.94 581.00
356.00 580.94
356.94 580.00
357.00 579.94
357.94 579.00
357.94 578.00
358.00 577.94
358.94 577.00
358.94 576.00
359.00 575.94
359.94 575.00
359.94 574.00
360.00 573.94
360.94 573.00
360.94 572.00
360.94 571.00
361.00 570.94
361.94 570.00
361.94 569.00
361.94 568.00
362.00 567.94
362.94 567.00
362.94 566.00
362.94 565.00
362.94 564.00
362.94 563.00
363.00 562.94
363.94 562.00

Contour 7:
365.94 121.00
365.94 120.00
365.94 119.00
365.94 118.00
365.94 117.00
365.94 116.00
365.94 115.00
365.00 114.06
364.94 114.00
364.94 113.00
364.94 112.00
364.00 111.06
363.94 111.00
363.94 110.00
363.94 109.00
363.94 108.00
363.00 107.06
362.94 107.00
362.94 106.00
362.94 105.00
362.00 104.06
361.94 104.00
361.94 103.00
361.94 102.00
361.94 101.00
361.00 100.06
360.94 100.00
360.94 99.00
360.00 98.06
359.94 98.00
359.94 97.00
359.94 96.00
359.00 95.06
358.94 95.00
358.00 94.06
357.94 94.00
357.94 93.00
357.00 92.06
356.94 92.00
356.00 91.06
355.94 91.00
355.00 90.06
354.00 90.06
353.94 90.00
353.00 89.06
352.94 89.00
352.00 88.06
351.00 88.06
350.00 88.06
349.94 88.00
349.00 87.06
348.00 87.06
347.00 87.06
346.94 87.00
346.00 86.06
345.00 86.06
344.00 86.06
343.00 86.06
342.00 86.06
341.00 86.06
340.00 86.06
339.94 86.00
339.00 85.06
338.00 85.06
337.00 85.06
336.00 85.06
335.00 85.06
334.00 85.06
333.00 85.06
332.00 85.06
331.00 85.06
330.00 85.06
329.00 85.06
328.00 85.06
327.06 86.00
327.00 86.06
326.00 86.06
325.00 86.06
324.06 87.00
324.00 87.06
323.00 87.06
322.06 88.00
322.00 88.06
321.00 88.06
320.06 89.00
320.00 89.06
319.06 90.00
319.00 90.06
318.00 90.06
317.06 91.00
317.00 91.06
316.00 91.06
315.06 92.00
315.00 92.06
314.06 93.00
314.06 94.00
314.00 94.06
313.06 95.00
313.00 95.06
312.06 96.00
312.00 96.06
311.06 97.00
311.00 97.06
310.06 98.00
310.00 98.06
309.06 99.00
309.00 99.06
308.06 100.00
308.06 101.00
308.00 101.06
307.06 102.00
307.06 103.00
307.00 103.06
306.06 104.00
306.00 104.06
305.06 105.00
305.06 106.00
305.00 106.06
304.06 107.00
304.06 108.00
304.00 108.06
303.06 109.00
303.06 110.00
303.06 111.00
303.06 112.00
303.00 112.06
302.06 113.00
302.06 114.00
302.06 115.00
302.06 116.00
302.06 117.00
302.06 118.00
302.06 119.00
302.06 120.00
302.06 121.00
302.06 122.00
302.06 123.00
302.06 124.00
302.06 125.00
302.06 126.00
302.06 127.00
302.06 128.00
302.06 129.00
303.00 129.94
303.06 130.00
303.06 131.00
303.06 132.00
303.06 133.00
304.00 133.94
304.06 134.00
304.06 135.00
304.06 136.00
305.00 136.94
305.06 137.00
305.06 138.00
305.06 139.00
306.00 139.94
306.06 140.00
306.06 141.00
307.00 141.94
307.06 142.00
308.00 142.94
308.06 143.00
308.06 144.00
309.00 144.94
309.06 145.00
310.00 145.94
310.06 146.00
311.00 146.94
311.06 147.00
312.00 147.94
312.06 148.00
313.00 148.94
313.06 149.00
314.00 149.94
314.06 150.00
315.00 150.94
315.06 151.00
316.00 151.94
316.06 152.00
317.00 152.94
318.00 152.94
318.06 153.00
319.00 153.94
320.00 153.94
320.06 154.00
321.00 154.94
322.00 154.94
322.06 155.00
323.00 155.94
324.00 155.94
324.06 156.00
325.00 156.94
326.00 156.94
327.00 156.94
328.00 156.94
329.00 156.94
330.00 156.94
331.00 156.94
332.00 156.94
333.00 156.94
334.00 156.94
335.00 156.94
336.00 156.94
337.00 156.94
338.00 156.94
338.94 156.00
339.00 155.94
340.00 155.94
341.00 155.94
341.94 155.00
342.00 154.94
343.00 154.94
343.94 154.00
344.00 153.94
345.00 153.94
345.94 153.00
346.00 152.94
346.94 152.00
347.00 151.94
348.00 151.94
348.94 151.00
349.00 150.94
349.94 150.00
350.00 149.94
350.94 149.00
351.00 148.94
351.94 148.00
352.00 147.94
352.94 147.00
353.00 146.94
353.94 146.00
354.00 145.94
354.94 145.00
355.00 144.94
355.94 144.00
356.00 143.94
356.94 143.00
356.94 142.00
357.00 141.94
357.94 141.00
358.00 140.94
358.94 140.00
359.00 139.94
359.94 139.00
359.94 138.00
360.00 137.94
360.94 137.00
361.00 136.94
361.94 136.00
361.94 135.00
361.94 134.00
362.00 133.94
362.94 133.00
362.94 132.00
362.94 131.00
363.00 130.94
363.94 130.00
363.94 129.00
363.94 128.00
364.00 127.94
364.94 127.00
364.94 126.00
364.94 125.00
364.94 124.00
364.94 123.00
364.94 122.00
365.00 121.94
365.94 121.00

Contour 8:
400.95 398.00
400.95 397.00
400.00 396.05
399.95 396.00
399.95 395.00
399.95 394.00
399.95 393.00
399.95 392.00
399.95 391.00
399.00 390.05
398.95 390.00
398.95 389.00
398.95 388.00
398.00 387.05
397.95 387.00
397.95 386.00
397.95 385.00
397.00 384.05
396.95 384.00
396.00 383.05
395.95 383.00
395.95 382.00
395.00 381.05
394.95 381.00
394.00 380.05
393.95 380.00
393.95 379.00
393.00 378.05
392.95 378.00
392.00 377.05
391.95 377.00
391.00 376.05
390.95 376.00
390.00 375.05
389.95 375.00
389.00 374.05
388.95 374.00
388.00 373.05
387.95 373.00
387.00 372.05
386.95 372.00
386.00 371.05
385.95 371.00
385.00 370.05
384.00 370.05
383.95 370.00
383.00 369.05
382.95 369.00
382.00 368.05
381.00 368.05
380.95 368.00
380.00 367.05
379.00 367.05
378.95 367.00
378.00 366.05
377.00 366.05
376.00 366.05
375.95 366.00
375.00 365.05
374.00 365.05
373.00 365.05
372.00 365.05
371.95 365.00
371.00 364.05
370.00 364.05
369.00 364.05
368.00 364.05
367.00 364.05
366.00 364.05
365.00 364.05
364.00 364.05
363.00 364.05
362.00 364.05
361.05 365.00
361.00 365.05
360.00 365.05
359.00 365.05
358.00 365.05
357.00 365.05
356.00 365.05
355.05 366.00
355.00 366.05
354.00 366.05
353.05 367.00
353.00 367.05
352.00 367.05
351.05 368.00
351.00 368.05
350.00 368.05
349.00 368.05
348.05 369.00
348.00 369.05
347.05 370.00
347.00 370.05
346.00 370.05
345.05 371.00
345.00 371.05
344.05 372.00
344.00 372.05
343.05 373.00
343.00 373.05
342.05 374.00
342.00 374.05
341.05 375.00
341.00 375.05
340.05 376.00
340.00 376.05
339.05 377.00
339.00 377.05
338.05 378.00
338.05 379.00
338.00 379.05
337.05 380.00
337.00 380.05
336.05 381.00
336.00 381.05
335.05 382.00
335.05 383.00
335.00 383.05
334.05 384.00
334.05 385.00
334.00 385.05
333.05 386.00
333.05 387.00
333.00 387.05
332.05 388.00
332.05 389.00
332.00 389.05
331.05 390.00
331.05 391.00
331.05 392.00
331.00 392.05
330.05 393.00
330.05 394.00
330.05 395.00
330.05 396.00
330.05 397.00
330.05 398.00
330.05 399.00
330.05 400.00
330.05 401.00
330.05 402.00
330.05 403.00
331.00 403.95
331.05 404.00
331.05 405.00
331.05 406.00
332.00 406.95
332.05 407.00
332.05 408.00
332.05 409.00
333.00 409.95
333.05 410.00
333.05 411.00
334.00 411.95
334.05 412.00
334.05 413.00
335.00 413.95
335.05 414.00
336.00 414.95
336.05 415.00
337.00 415.95
337.05 416.00
338.00 416.95
338.05 417.00
338.05 418.00
339.00 418.95
339.05 419.00
340.00 419.95
340.05 420.00
341.00 420.95
342.00 420.95
342.05 421.00
343.00 421.95
343.05 422.00
344.00 422.95
344.05 423.00
345.00 423.95
345.05 424.00
346.00 424.95
347.00 424.95
347.05 425.00
348.00 425.95
349.00 425.95
349.05 426.00
350.00 426.95
351.00 426.95
351.05 427.00
352.00 427.95
353.00 427.95
353.05 428.00
354.00 428.95
355.00 428.95
355.05 429.00
356.00 429.95
357.00 429.95
358.00 429.95
358.05 430.00
359.00 430.95
360.00 430.95
361.00 430.95
362.00 430.95
363.00 430.95
363.05 431.00
364.00 431.95
365.00 431.95
366.00 431.95
367.00 431.95
368.00 431.95
369.00 431.95
370.00 431.95
371.00 431.95
372.00 431.95
373.00 431.95
374.00 431.95
375.00 431.95
375.95 431.00
376.00 430.95
377.00 430.95
378.00 430.95
379.00 430.95
379.95 430.00
380.00 429.95
381.00 429.95
382.00 429.95
382.95 429.00
383.00 428.95
384.00 428.95
384.95 428.00
385.00 427.95
385.95 427.00
386.00 426.95
387.00 426.95
387.95 426.00
388.00 425.95
388.95 425.00
389.00 424.95
389.95 424.00
390.00 423.95
390.95 423.00
391.00 422.95
391.95 422.00
392.00 421.95
392.95 421.00
392.95 420.00
393.00 419.95
393.95 419.00
394.00 418.95
394.95 418.00
394.95 417.00
395.00 416.95
395.95 416.00
395.95 415.00
396.00 414.95
396.95 414.00
396.95 413.00
397.00 412.95
397.95 412.00
397.95 411.00
397.95 410.00
398.00 409.95
398.95 409.00
398.95 408.00
398.95 407.00
399.00 406.95
399.95 406.00
399.95 405.00
399.95 404.00
399.95 403.00
399.95 402.00
399.95 401.00
399.95 400.00
399.95 399.00
400.00 398.95
400.95 398.00

Contour 9:
394.95 934.00
394.95 933.00
394.95 932.00
394.95 931.00
394.95 930.00
394.95 929.00
394.95 928.00
394.95 927.00
394.00 926.05
393.95 926.00
393.95 925.00
393.95 924.00
393.95 923.00
393.00 922.05
392.95 922.00
392.95 921.00
392.95 920.00
392.95 919.00
392.00 918.05
391.95 918.00
391.95 917.00
391.95 916.00
391.00 915.05
390.95 915.00
390.95 914.00
390.00 913.05
389.95 913.00
389.95 912.00
389.00 911.05
388.95 911.00
388.95 910.00
388.00 909.05
387.95 909.00
387.95 908.00
387.00 907.05
386.95 907.00
386.00 906.05
385.95 906.00
385.95 905.00
385.00 904.05
384.95 904.00
384.95 903.00
384.00 902.05
383.95 902.00
383.00 901.05
382.95 901.00
382.00 900.05
381.95 900.00
381.95 899.00
381.00 898.05
380.95 898.00
380.00 897.05
379.95 897.00
379.00 896.05
378.00 896.05
377.95 896.00
377.95 895.00
377.00 894.05
376.95 894.00
376.00 893.05
375.00 893.05
374.95 893.00
374.00 892.05
373.95 892.00
373.00 891.05
372.95 891.00
372.00 890.05
371.95 890.00
371.00 889.05
370.00 889.05
369.95 889.00
369.00 888.05
368.95 888.00
368.00 887.05
367.00 887.05
366.95 887.00
366.00 886.05
365.00 886.05
364.95 886.00
364.00 885.05
363.00 885.05
362.00 885.05
361.00 885.05
360.00 885.05
359.00 885.05
358.00 885.05
357.00 885.05
356.00 885.05
355.00 885.05
354.05 886.00
354.00 886.05
353.00 886.05
352.00 886.05
351.05 887.00
351.00 887.05
350.00 887.05
349.05 888.00
349.00 888.05
348.05 889.00
348.00 889.05
347.00 889.05
346.05 890.00
346.00 890.05
345.05 891.00
345.00 891.05
344.05 892.00
344.00 892.05
343.00 892.05
342.05 893.00
342.00 893.05
341.05 894.00
341.05 895.00
341.00 895.05
340.05 896.00
340.00 896.05
339.05 897.00
339.05 898.00
339.00 898.05
338.05 899.00
338.05 900.00
338.00 900.05
337.05 901.00
337.05 902.00
337.05 903.00
337.00 903.05
336.05 904.00
336.05 905.00
336.05 906.00
336.00 906.05
335.05 907.00
335.05 908.00
335.05 909.00
335.05 910.00
335.00 910.05
334.05 911.00
334.05 912.00
334.05 913.00
334.05 914.00
334.00 914.05
333.05 915.00
333.05 916.00
333.05 917.00
333.05 918.00
333.05 919.00
333.05 920.00
333.05 921.00
333.05 922.00
333.05 923.00
333.05 924.00
333.05 925.00
333.05 926.00
333.05 927.00
333.05 928.00
333.05 929.00
333.05 930.00
333.05 931.00
333.05 932.00
333.05 933.00
333.05 934.00
333.05 935.00
334.00 935.95
334.05 936.00
334.05 937.00
334.05 938.00
334.05 939.00
334.05 940.00
335.00 940.95
335.05 941.00
335.05 942.00
335.05 943.00
336.00 943.95
336.05 944.00
336.05 945.00
337.00 945.95
337.05 946.00
337.05 947.00
338.00 947.95
338.05 948.00
338.05 949.00
339.00 949.95
339.05 950.00
340.00 950.95
340.05 951.00
341.00 951.95
341.05 952.00
342.00 952.95
342.05 953.00
343.00 953.95
343.05 954.00
344.00 954.95
344.05 955.00
345.00 955.95
346.00 955.95
346.05 956.00
347.00 956.95
348.00 956.95
348.05 957.00
349.00 957.95
350.00 957.95
350.05 958.00
351.00 958.95
352.00 958.95
353.00 958.95
353.05 959.00
354.00 959.95
355.00 959.95
356.00 959.95
357.00 959.95
358.00 959.95
359.00 959.95
359.05 960.00
360.00 960.95
361.00 960.95
362.00 960.95
363.00 960.95
364.00 960.95
365.00 960.95
366.00 960.95
367.00 960.95
368.00 960.95
369.00 960.95
370.00 960.95
371.00 960.95
372.00 960.95
373.00 960.95
374.00 960.95
375.00 960.95
375.95 960.00
376.00 959.95
377.00 959.95
377.95 959.00
378.00 958.95
379.00 958.95
379.95 958.00
380.00 957.95
380.95 957.00
381.00 956.95
382.00 956.95
382.95 956.00
383.00 955.95
383.95 955.00
384.00 954.95
384.95 954.00
385.00 953.95
385.95 953.00
385.95 952.00
386.00 951.95
386.95 951.00
387.00 950.95
387.95 950.00
388.00 949.95
388.95 949.00
388.95 948.00
389.00 947.95
389.95 947.00
389.95 946.00
390.00 945.95
390.95 945.00
390.95 944.00
391.00 943.95
391.95 943.00
391.95 942.00
392.00 941.95
392.95 941.00
392.95 940.00
392.95 939.00
393.00 938.95
393.95 938.00
393.95 937.00
393.95 936.00
393.95 935.00
394.00 934.95
394.95 934.00

Contour 10:
396.96 226.00
396.96 225.00
396.96 224.00
396.96 223.00
396.96 222.00
396.96 221.00
396.96 220.00
396.96 219.00
396.00 218.04
395.96 218.00
395.96 217.00
395.96 216.00
395.96 215.00
395.00 214.04
394.96 214.00
394.96 213.00
394.96 212.00
394.00 211.04
393.96 211.00
393.96 210.00
393.00 209.04
392.96 209.00
392.96 208.00
392.00 207.04
391.96 207.00
391.00 206.04
390.96 206.00
390.96 205.00
390.00 204.04
389.96 204.00
389.00 203.04
388.96 203.00
388.00 202.04
387.96 202.00
387.00 201.04
386.00 201.04
385.96 201.00
385.00 200.04
384.96 200.00
384.00 199.04
383.00 199.04
382.00 199.04
381.96 199.00
381.00 198.04
380.00 198.04
379.00 198.04
378.00 198.04
377.96 198.00
377.00 197.04
376.00 197.04
375.00 197.04
374.00 197.04
373.00 197.04
372.00 197.04
371.00 197.04
370.04 198.00
370.00 198.04
369.00 198.04
368.00 198.04
367.00 198.04
366.00 198.04
365.04 199.00
365.00 199.04
364.00 199.04
363.00 199.04
362.04 200.00
362.00 200.04
361.00 200.04
360.04 201.00
360.00 201.04
359.00 201.04
358.04 202.00
358.00 202.04
357.04 203.00
357.00 203.04
356.04 204.00
356.00 204.04
355.00 204.04
354.04 205.00
354.00 205.04
353.04 206.00
353.04 207.00
353.00 207.04
352.04 208.00
352.00 208.04
351.04 209.00
351.00 209.04
350.04 210.00
350.00 210.04
349.04 211.00
349.00 211.04
348.04 212.00
348.00 212.04
347.04 213.00
347.04 214.00
347.00 214.04
346.04 215.00
346.00 215.04
345.04 216.00
345.04 217.00
345.00 217.04
344.04 218.00
344.00 218.04
343.04 219.00
343.04 220.00
343.00 220.04
342.04 221.00
342.04 222.00
342.00 222.04
341.04 223.00
341.04 224.00
341.00 224.04
340.04 225.00
340.04 226.00
340.04 227.00
340.00 227.04
339.04 228.00
339.04 229.00
339.04 230.00
339.00 230.04
338.04 231.00
338.04 232.00
338.04 233.00
338.00 233.04
337.04 234.00
337.04 235.00
337.04 236.00
337.04 237.00
337.04 238.00
337.04 239.00
337.04 240.00
337.04 241.00
337.04 242.00
337.04 243.00
337.04 244.00
338.00 244.96
338.04 245.00
338.04 246.00
338.04 247.00
338.04 248.00
339.00 248.96
339.04 249.00
339.04 250.00
340.00 250.96
340.04 251.00
340.04 252.00
340.04 253.00
341.00 253.96
341.04 254.00
341.04 255.00
342.00 255.96
342.04 256.00
343.00 256.96
343.04 257.00
343.04 258.00
344.00 258.96
344.04 259.00
345.00 259.96
345.04 260.00
346.00 260.96
346.04 261.00
347.00 261.96
348.00 261.96
348.04 262.00
349.00 262.96
350.00 262.96
350.04 263.00
351.00 263.96
352.00 263.96
353.00 263.96
353.04 264.00
354.00 264.96
355.00 264.96
356.00 264.96
357.00 264.96
358.00 264.96
359.00 264.96
360.00 264.96
361.00 264.96
362.00 264.96
363.00 264.96
363.96 264.00
364.00 263.96
365.00 263.96
366.00 263.96
367.00 263.96
367.96 263.00
368.00 262.96
369.00 262.96
370.00 262.96
370.96 262.00
371.00 261.96
372.00 261.96
373.00 261.96
373.96 261.00
374.00 260.96
374.96 260.00
375.00 259.96
376.00 259.96
376.96 259.00
377.00 258.96
377.96 258.00
378.00 257.96
378.96 257.00
379.00 256.96
379.96 256.00
380.00 255.96
380.96 255.00
381.00 254.96
382.00 254.96
382.96 254.00
382.96 253.00
383.00 252.96
383.96 252.00
384.00 251.96
384.96 251.00
385.00 250.96
385.96 250.00
386.00 249.96
386.96 249.00
387.00 248.96
387.96 248.00
387.96 247.00
388.00 246.96
388.96 246.00
389.00 245.96
389.96 245.00
389.96 244.00
390.00 243.96
390.96 243.00
390.96 242.00
391.00 241.96
391.96 241.00
391.96 240.00
392.00 239.96
392.96 239.00
392.96 238.00
392.96 237.00
393.00 236.96
393.96 236.00
393.96 235.00
393.96 234.00
394.00 233.96
394.96 233.00
394.96 232.00
394.96 231.00
395.00 230.96
395.96 230.00
395.96 229.00
395.96 228.00
395.96 227.00
396.00 226.96
396.96 226.00

Contour 11:
429.96 810.00
429.96 809.00
429.96 808.00
429.96 807.00
429.96 806.00
429.96 805.00
429.00 804.04
428.96 804.00
428.96 803.00
428.96 802.00
428.96 801.00
428.96 800.00
428.96 799.00
428.96 798.00
428.96 797.00
428.96 796.00
428.00 795.04
427.96 795.00
427.96 794.00
427.00 793.04
426.96 793.00
426.96 792.00
426.00 791.04
425.96 791.00
425.96 790.00
425.00 789.04
424.96 789.00
424.96 788.00
424.00 787.04
423.96 787.00
423.00 786.04
422.96 786.00
422.96 785.00
422.00 784.04
421.96 784.00
421.00 783.04
420.96 783.00
420.00 782.04
419.96 782.00
419.00 781.04
418.00 781.04
417.96 781.00
417.00 780.04
416.96 780.00
416.00 779.04
415.00 779.04
414.96 779.00
414.00 778.04
413.00 778.04
412.96 778.00
412.00 777.04
411.00 777.04
410.96 777.00
410.00 776.04
409.00 776.04
408.96 776.00
408.00 775.04
407.00 775.04
406.00 775.04
405.96 775.00
405.00 774.04
404.00 774.04
403.00 774.04
402.96 774.00
402.00 773.04
401.00 773.04
400.00 773.04
399.00 773.04
398.00 773.04
397.00 773.04
396.00 773.04
395.00 773.04
394.00 773.04
393.00 773.04
392.00 773.04
391.00 773.04
390.00 773.04
389.00 773.04
388.00 773.04
387.04 774.00
387.00 774.04
386.00 774.04
385.00 774.04
384.04 775.00
384.00 775.04
383.00 775.04
382.00 775.04
381.04 776.00
381.00 776.04
380.00 776.04
379.04 777.00
379.00 777.04
378.00 777.04
377.04 778.00
377.00 778.04
376.04 779.00
376.00 779.04
375.00 779.04
374.04 780.00
374.00 780.04
373.04 781.00
373.00 781.04
372.04 782.00
372.00 782.04
371.04 783.00
371.00 783.04
370.04 784.00
370.00 784.04
369.04 785.00
369.00 785.04
368.04 786.00
368.00 786.04
367.04 787.00
367.04 788.00
367.00 788.04
366.04 789.00
366.00 789.04
365.04 790.00
365.04 791.00
365.00 791.04
364.04 792.00
364.00 792.04
363.04 793.00
363.04 794.00
363.00 794.04
362.04 795.00
362.04 796.00
362.00 796.04
361.04 797.00
361.04 798.00
361.00 798.04
360.04 799.00
360.04 800.00
360.00 800.04
359.04 801.00
359.04 802.00
359.04 803.00
359.00 803.04
358.04 804.00
358.04 805.00
358.04 806.00
358.04 807.00
358.04 808.00
358.04 809.00
358.04 810.00
358.00 810.04
357.04 811.00
357.04 812.00
357.04 813.00
357.04 814.00
357.04 815.00
357.04 816.00
358.00 816.96
358.04 817.00
358.04 818.00
358.04 819.00
358.04 820.00
358.04 821.00
358.04 822.00
359.00 822.96
359.04 823.00
359.04 824.00
359.04 825.00
360.00 825.96
360.04 826.00
360.04 827.00
360.04 828.00
361.00 828.96
361.04 829.00
361.04 830.00
362.00 830.96
362.04 831.00
362.04 832.00
363.00 832.96
363.04 833.00
364.00 833.96
364.04 834.00
364.04 835.00
365.00 835.96
365.04 836.00
366.00 836.96
366.04 837.00
367.00 837.96
367.04 838.00
368.00 838.96
369.00 838.96
369.04 839.00
370.00 839.96
370.04 840.00
371.00 840.96
372.00 840.96
372.04 841.00
373.00 841.96
374.00 841.96
375.00 841.96
375.04 842.00
376.00 842.96
377.00 842.96
377.04 843.00
378.00 843.96
379.00 843.96
380.00 843.96
380.04 844.00
381.00 844.96
382.00 844.96
383.00 844.96
384.00 844.96
384.04 845.00
385.00 845.96
386.00 845.96
387.00 845.96
388.00 845.96
389.00 845.96
390.00 845.96
391.00 845.96
392.00 845.96
393.00 845.96
394.00 845.96
395.00 845.96
396.00 845.96
396.96 845.00
397.00 844.96
398.00 844.96
399.00 844.96
400.00 844.96
400.96 844.00
401.00 843.96
402.00 843.96
402.96 843.00
403.00 842.96
404.00 842.96
405.00 842.96
405.96 842.00
406.00 841.96
407.00 841.96
407.96 841.00
408.00 840.96
409.00 840.96
409.96 840.00
410.00 839.96
411.00 839.96
411.96 839.00
412.00 838.96
413.00 838.96
413.96 838.00
414.00 837.96
414.96 837.00
415.00 836.96
415.96 836.00
416.00 835.96
416.96 835.00
417.00 834.96
417.96 834.00
418.00 833.96
418.96 833.00
419.00 832.96
419.96 832.00
420.00 831.96
420.96 831.00
421.00 830.96
421.96 830.00
421.96 829.00
422.00 828.96
422.96 828.00
422.96 827.00
423.00 826.96
423.96 826.00
423.96 825.00
424.00 824.96
424.96 824.00
425.00 823.96
425.96 823.00
425.96 822.00
425.96 821.00
426.00 820.96
426.96 820.00
426.96 819.00
426.96 818.00
427.00 817.96
427.96 817.00
427.96 816.00
427.96 815.00
428.00 814.96
428.96 814.00
428.96 813.00
428.96 812.00
428.96 811.00
429.00 810.96
429.96 810.00

Contour 12:
478.96 623.00
478.96 622.00
478.96 621.00
478.96 620.00
478.96 619.00
478.96 618.00
478.96 617.00
478.96 616.00
478.00 615.04
477.96 615.00
477.96 614.00
477.96 613.00
477.96 612.00
477.00 611.04
476.96 611.00
476.96 610.00
476.96 609.00
476.00 608.04
475.96 608.00
475.96 607.00
475.00 606.04
474.96 606.00
474.96 605.00
474.00 604.04
473.96 604.00
473.96 603.00
473.00 602.04
472.96 602.00
472.00 601.04
471.96 601.00
471.00 600.04
470.96 600.00
470.96 599.00
470.00 598.04
469.96 598.00
469.00 597.04
468.96 597.00
468.00 596.04
467.00 596.04
466.96 596.00
466.00 595.04
465.96 595.00
465.00 594.04
464.96 594.00
464.00 593.04
463.96 593.00
463.00 592.04
462.00 592.04
461.96 592.00
461.00 591.04
460.96 591.00
460.00 590.04
459.00 590.04
458.96 590.00
458.00 589.04
457.00 589.04
456.00 589.04
455.96 589.00
455.00 588.04
454.00 588.04
453.00 588.04
452.96 588.00
452.00 587.04
451.00 587.04
450.00 587.04
449.00 587.04
448.00 587.04
447.00 587.04
446.00 587.04
445.00 587.04
444.00 587.04
443.04 588.00
443.00 588.04
442.00 588.04
441.00 588.04
440.04 589.00
440.00 589.04
439.00 589.04
438.00 589.04
437.00 589.04
436.04 590.00
436.00 590.04
435.00 590.04
434.04 591.00
434.00 591.04
433.00 591.04
432.04 592.00
432.00 592.04
431.00 592.04
430.04 593.00
430.00 593.04
429.00 593.04
428.04 594.00
428.00 594.04
427.04 595.00
427.00 595.04
426.00 595.04
425.04 596.00
425.00 596.04
424.04 597.00
424.00 597.04
423.04 598.00
423.00 598.04
422.04 599.00
422.00 599.04
421.04 600.00
421.00 600.04
420.04 601.00
420.00 601.04
419.04 602.00
419.04 603.00
419.00 603.04
418.04 604.00
418.04 605.00
418.00 605.04
417.04 606.00
417.04 607.00
417.00 607.04
416.04 608.00
416.04 609.00
416.04 610.00
416.00 610.04
415.04 611.00
415.04 612.00
415.04 613.00
415.04 614.00
415.00 614.04
414.04 615.00
414.04 616.00
414.04 617.00
414.04 618.00
414.04 619.00
415.00 619.96
415.04 620.00
415.04 621.00
415.04 622.00
415.04 623.00
415.04 624.00
416.00 624.96
416.04 625.00
416.04 626.00
416.04 627.00
416.04 628.00
416.04 629.00
416.04 630.00
417.00 630.96
417.04 631.00
417.04 632.00
417.04 633.00
418.00 633.96
418.04 634.00
418.04 635.00
419.00 635.96
419.04 636.00
419.04 637.00
420.00 637.96
420.04 638.00
420.04 639.00
421.00 639.96
421.04 640.00
422.00 640.96
422.04 641.00
422.04 642.00
423.00 642.96
423.04 643.00
424.00 643.96
424.04 644.00
425.00 644.96
425.04 645.00
426.00 645.96
426.04 646.00
427.00 646.96
427.04 647.00
428.00 647.96
428.04 648.00
429.00 648.96
429.04 649.00
430.00 649.96
430.04 650.00
431.00 650.96
432.00 650.96
432.04 651.00
433.00 651.96
434.00 651.96
434.04 652.00
435.00 652.96
436.00 652.96
437.00 652.96
437.04 653.00
438.00 653.96
439.00 653.96
440.00 653.96
440.04 654.00
441.00 654.96
442.00 654.96
443.00 654.96
444.00 654.96
445.00 654.96
446.00 654.96
447.00 654.96
448.00 654.96
449.00 654.96
450.00 654.96
451.00 654.96
452.00 654.96
453.00 654.96
453.96 654.00
454.00 653.96
455.00 653.96
456.00 653.96
456.96 653.00
457.00 652.96
458.00 652.96
459.00 652.96
460.00 652.96
460.96 652.00
461.00 651.96
462.00 651.96
462.96 651.00
463.00 650.96
464.00 650.96
464.96 650.00
465.00 649.96
465.96 649.00
466.00 648.96
467.00 648.96
467.96 648.00
468.00 647.96
468.96 647.00
469.00 646.96
469.96 646.00
470.00 645.96
470.96 645.00
471.00 644.96
471.96 644.00
472.00 643.96
472.96 643.00
472.96 642.00
473.00 641.96
473.96 641.00
473.96 640.00
474.00 639.96
474.96 639.00
474.96 638.00
475.00 637.96
475.96 637.00
475.96 636.00
475.96 635.00
476.00 634.96
476.96 634.00
476.96 633.00
476.96 632.00
476.96 631.00
477.00 630.96
477.96 630.00
477.96 629.00
477.96 628.00
477.96 627.00
477.96 626.00
477.96 625.00
477.96 624.00
478.00 623.96
478.96 623.00

Contour 13:
510.97 147.00
510.97 146.00
510.97 145.00
510.97 144.00
510.97 143.00
510.97 142.00
510.97 141.00
510.97 140.00
510.97 139.00
510.97 138.00
510.97 137.00
510.97 136.00
510.00 135.03
509.97 135.00
509.97 134.00
509.97 133.00
509.97 132.00
509.97 131.00
509.97 130.00
509.00 129.03
508.97 129.00
508.97 128.00
508.97 127.00
508.00 126.03
507.97 126.00
507.97 125.00
507.00 124.03
506.97 124.00
506.97 123.00
506.97 122.00
506.00 121.03
505.97 121.00
505.00 120.03
504.97 120.00
504.97 119.00
504.00 118.03
503.97 118.00
503.97 117.00
503.00 116.03
502.97 116.00
502.97 115.00
502.00 114.03
501.97 114.00
501.00 113.03
500.97 113.00
500.00 112.03
499.97 112.00
499.00 111.03
498.97 111.00
498.97 110.00
498.00 109.03
497.00 109.03
496.97 109.00
496.00 108.03
495.97 108.00
495.00 107.03
494.97 107.00
494.00 106.03
493.00 106.03
492.97 106.00
492.00 105.03
491.00 105.03
490.97 105.00
490.00 104.03
489.00 104.03
488.00 104.03
487.00 104.03
486.00 104.03
485.97 104.00
485.00 103.03
484.00 103.03
483.00 103.03
482.03 104.00
482.00 104.03
481.00 104.03
480.00 104.03
479.00 104.03
478.00 104.03
477.03 105.00
477.00 105.03
476.00 105.03
475.03 106.00
475.00 106.03
474.00 106.03
473.03 107.00
473.00 107.03
472.03 108.00
472.00 108.03
471.00 108.03
470.03 109.00
470.00 109.03
469.03 110.00
469.00 110.03
468.03 111.00
468.00 111.03
467.03 112.00
467.03 113.00
467.00 113.03
466.03 114.00
466.00 114.03
465.03 115.00
465.03 116.00
465.00 116.03
464.03 117.00
464.03 118.00
464.00 118.03
463.03 119.00
463.03 120.00
463.00 120.03
462.03 121.00
462.03 122.00
462.00 122.03
461.03 123.00
461.03 124.00
461.03 125.00
461.00 125.03
460.03 126.00
460.03 127.00
460.00 127.03
459.03 128.00
459.03 129.00
459.03 130.00
459.00 130.03
458.03 131.00
458.03 132.00
458.03 133.00
458.03 134.00
458.03 135.00
458.00 135.03
457.03 136.00
457.03 137.00
457.03 138.00
457.03 139.00
457.03 140.00
457.03 141.00
457.03 142.00
457.03 143.00
458.00 143.97
458.03 144.00
458.03 145.00
458.03 146.00
458.03 147.00
458.03 148.00
459.00 148.97
459.03 149.00
459.03 150.00
459.03 151.00
460.00 151.97
460.03 152.00
460.03 153.00
461.00 153.97
461.03 154.00
461.03 155.00
461.03 156.00
462.00 156.97
462.03 157.00
463.00 157.97
463.03 158.00
463.03 159.00
464.00 159.97
464.03 160.00
465.00 160.97
465.03 161.00
465.03 162.00
466.00 162.97
466.03 163.00
467.00 163.97
467.03 164.00
468.00 164.97
468.03 165.00
469.00 165.97
469.03 166.00
470.00 166.97
470.03 167.00
471.00 167.97
472.00 167.97
472.03 168.00
473.00 168.97
474.00 168.97
474.03 169.00
475.00 169.97
476.00 169.97
476.03 170.00
477.00 170.97
478.00 170.97
478.03 171.00
479.00 171.97
480.00 171.97
481.00 171.97
482.00 171.97
482.03 172.00
483.00 172.97
484.00 172.97
485.00 172.97
486.00 172.97
487.00 172.97
488.00 172.97
488.97 172.00
489.00 171.97
490.00 171.97
491.00 171.97
492.00 171.97
493.00 171.97
493.97 171.00
494.00 170.97
495.00 170.97
496.00 170.97
496.97 170.00
497.00 169.97
497.97 169.00
498.00 168.97
499.00 168.97
499.97 168.00
500.00 167.97
500.97 167.00
501.00 166.97
501.97 166.00
502.00 165.97
502.97 165.00
503.00 164.97
503.97 164.00
503.97 163.00
504.00 162.97
504.97 162.00
505.00 161.97
505.97 161.00
506.00 160.97
506.97 160.00
506.97 159.00
507.00 158.97
507.97 158.00
507.97 157.00
507.97 156.00
508.00 155.97
508.97 155.00
508.97 154.00
508.97 153.00
509.00 152.97
509.97 152.00
509.97 151.00
509.97 150.00
509.97 149.00
509.97 148.00
510.00 147.97
510.97 147.00

Contour 14:
566.97 33.00
566.97 32.00
566.97 31.00
566.97 30.00
566.97 29.00
566.97 28.00
566.97 27.00
566.97 26.00
566.97 25.00
566.97 24.00
566.97 23.00
566.97 22.00
566.97 21.00
566.97 20.00
566.97 19.00
566.00 18.03
565.97 18.00
565.97 17.00
565.00 16.03
564.97 16.00
564.97 15.00
564.00 14.03
563.97 14.00
563.00 13.03
562.97 13.00
562.00 12.03
561.97 12.00
561.00 11.03
560.97 11.00
560.00 10.03
559.97 10.00
559.00 9.03
558.97 9.00
558.00 8.03
557.97 8.00
557.00 7.03
556.00 7.03
555.97 7.00
555.00 6.03
554.00 6.03
553.97 6.00
553.00 5.03
552.00 5.03
551.00 5.03
550.97 5.00
550.00 4.03
549.00 4.03
548.00 4.03
547.97 4.00
547.00 3.03
546.00 3.03
545.00 3.03
544.97 3.00
544.00 2.03
543.00 2.03
542.00 2.03
541.00 2.03
540.00 2.03
539.00 2.03
538.00 2.03
537.00 2.03
536.00 2.03
535.97 2.00
535.00 1.03
534.00 1.03
533.00 1.03
532.00 1.03
531.00 1.03
530.00 1.03
529.97 1.00
529.00 0.03
528.00 0.03
527.00 0.03
526.00 0.03
525.00 0.03
524.03 1.00
524.00 1.03
523.00 1.03
522.00 1.03
521.00 1.03
520.00 1.03
519.00 1.03
518.00 1.03
517.00 1.03
516.00 1.03
515.00 1.03
514.00 1.03
513.00 1.03
512.00 1.03
511.00 1.03
510.00 1.03
509.00 1.03
508.03 2.00
508.00 2.03
507.00 2.03
506.00 2.03
505.00 2.03
504.03 3.00
504.00 3.03
503.03 4.00
503.00 4.03
502.03 5.00
502.00 5.03
501.03 6.00
501.00 6.03
500.03 7.00
500.00 7.03
499.03 8.00
499.00 8.03
498.03 9.00
498.03 10.00
498.03 11.00
498.00 11.03
497.03 12.00
497.03 13.00
497.03 14.00
497.03 15.00
497.03 16.00
497.03 17.00
497.00 17.03
496.03 18.00
496.03 19.00
496.03 20.00
496.03 21.00
496.03 22.00
496.03 23.00
496.03 24.00
496.00 24.03
495.03 25.00
495.03 26.00
495.03 27.00
495.03 28.00
495.03 29.00
495.03 30.00
495.03 31.00
495.03 32.00
495.03 33.00
495.03 34.00
495.03 35.00
495.03 36.00
495.03 37.00
496.00 37.97
496.03 38.00
496.03 39.00
496.03 40.00
497.00 40.97
497.03 41.00
497.03 42.00
498.00 42.97
498.03 43.00
498.03 44.00
499.00 44.97
499.03 45.00
500.00 45.97
500.03 46.00
500.03 47.00
501.00 47.97
501.03 48.00
502.00 48.97
502.03 49.00
503.00 49.97
503.03 50.00
504.00 50.97
504.03 51.00
505.00 51.97
505.03 52.00
506.00 52.97
506.03 53.00
507.00 53.97
507.03 54.00
508.00 54.97
508.03 55.00
509.00 55.97
510.00 55.97
510.03 56.00
511.00 56.97
511.03 57.00
512.00 57.97
513.00 57.97
513.03 58.00
514.00 58.97
514.03 59.00
515.00 59.97
516.00 59.97
516.03 60.00
517.00 60.97
518.00 60.97
518.03 61.00
519.00 61.97
520.00 61.97
521.00 61.97
521.03 62.00
522.00 62.97
523.00 62.97
524.00 62.97
524.03 63.00
525.00 63.97
526.00 63.97
527.00 63.97
528.00 63.97
528.03 64.00
529.00 64.97
530.00 64.97
531.00 64.97
532.00 64.97
533.00 64.97
534.00 64.97
534.97 64.00
535.00 63.97
536.00 63.97
537.00 63.97
538.00 63.97
539.00 63.97
539.97 63.00
540.00 62.97
541.00 62.97
542.00 62.97
542.97 62.00
543.00 61.97
544.00 61.97
544.97 61.00
545.00 60.97
546.00 60.97
546.97 60.00
547.00 59.97
547.97 59.00
548.00 58.97
548.97 58.00
549.00 57.97
550.00 57.97
550.97 57.00
551.00 56.97
551.97 56.00
552.00 55.97
552.97 55.00
553.00 54.97
553.97 54.00
554.00 53.97
554.97 53.00
555.00 52.97
555.97 52.00
556.00 51.97
556.97 51.00
557.00 50.97
557.97 50.00
558.00 49.97
558.97 49.00
558.97 48.00
559.00 47.97
559.97 47.00
560.00 46.97
560.97 46.00
560.97 45.00
561.00 44.97
561.97 44.00
562.00 43.97
562.97 43.00
562.97 42.00
563.00 41.97
563.97 41.00
563.97 40.00
564.00 39.97
564.97 39.00
564.97 38.00
565.00 37.97
565.97 37.00
565.97 36.00
565.97 35.00
565.97 34.00
566.00 33.97
566.97 33.00

Contour 15:
614.97 640.00
614.97 639.00
614.97 638.00
614.97 637.00
614.97 636.00
614.97 635.00
614.97 634.00
614.00 633.03
613.97 633.00
613.97 632.00
613.97 631.00
613.97 630.00
613.00 629.03
612.97 629.00
612.97 628.00
612.00 627.03
611.97 627.00
611.97 626.00
611.97 625.00
611.00 624.03
610.97 624.00
610.97 623.00
610.00 622.03
609.97 622.00
609.97 621.00
609.97 620.00
609.00 619.03
608.97 619.00
608.00 618.03
607.97 618.00
607.97 617.00
607.00 616.03
606.97 616.00
606.00 615.03
605.97 615.00
605.00 614.03
604.97 614.00
604.97 613.00
604.00 612.03
603.97 612.00
603.00 611.03
602.97 611.00
602.00 610.03
601.00 610.03
600.97 610.00
600.97 609.00
600.00 608.03
599.00 608.03
598.97 608.00
598.00 607.03
597.97 607.00
597.00 606.03
596.97 606.00
596.00 605.03
595.97 605.00
595.00 604.03
594.00 604.03
593.97 604.00
593.00 603.03
592.00 603.03
591.97 603.00
591.00 602.03
590.00 602.03
589.00 602.03
588.00 602.03
587.97 602.00
587.00 601.03
586.00 601.03
585.00 601.03
584.00 601.03
583.00 601.03
582.00 601.03
581.00 601.03
580.00 601.03
579.00 601.03
578.00 601.03
577.00 601.03
576.03 602.00
576.00 602.03
575.00 602.03
574.00 602.03
573.00 602.03
572.03 603.00
572.00 603.03
571.00 603.03
570.00 603.03
569.03 604.00
569.00 604.03
568.00 604.03
567.00 604.03
566.03 605.00
566.00 605.03
565.00 605.03
564.03 606.00
564.00 606.03
563.00 606.03
562.03 607.00
562.00 607.03
561.03 608.00
561.00 608.03
560.03 609.00
560.00 609.03
559.03 610.00
559.00 610.03
558.03 611.00
558.00 611.03
557.03 612.00
557.00 612.03
556.03 613.00
556.00 613.03
555.03 614.00
555.00 614.03
554.03 615.00
554.03 616.00
554.00 616.03
553.03 617.00
553.00 617.03
552.03 618.00
552.03 619.00
552.00 619.03
551.03 620.00
551.03 621.00
551.03 622.00
551.00 622.03
550.03 623.00
550.03 624.00
550.03 625.00
550.03 626.00
550.00 626.03
549.03 627.00
549.03 628.00
549.03 629.00
549.03 630.00
549.03 631.00
549.03 632.00
549.03 633.00
549.00 633.03
548.03 634.00
548.03 635.00
548.03 636.00
548.03 637.00
548.03 638.00
548.03 639.00
548.03 640.00
548.03 641.00
549.00 641.97
549.03 642.00
549.03 643.00
549.03 644.00
549.03 645.00
550.00 645.97
550.03 646.00
550.03 647.00
550.03 648.00
551.00 648.97
551.03 649.00
551.03 650.00
552.00 650.97
552.03 651.00
552.03 652.00
553.00 652.97
553.03 653.00
553.03 654.00
554.00 654.97
554.03 655.00
555.00 655.97
555.03 656.00
555.03 657.00
556.00 657.97
556.03 658.00
557.00 658.97
557.03 659.00
558.00 659.97
558.03 660.00
559.00 660.97
559.03 661.00
560.00 661.97
560.03 662.00
561.00 662.97
562.00 662.97
562.03 663.00
563.00 663.97
563.03 664.00
564.00 664.97
565.00 664.97
565.03 665.00
566.00 665.97
567.00 665.97
567.03 666.00
568.00 666.97
569.00 666.97
570.00 666.97
570.03 667.00
571.00 667.97
572.00 667.97
573.00 667.97
574.00 667.97
574.03 668.00
575.00 668.97
576.00 668.97
577.00 668.97
578.00 668.97
579.00 668.97
580.00 668.97
581.00 668.97
582.00 668.97
583.00 668.97
584.00 668.97
585.00 668.97
586.00 668.97
587.00 668.97
588.00 668.97
589.00 668.97
590.00 668.97
590.97 668.00
591.00 667.97
592.00 667.97
593.00 667.97
593.97 667.00
594.00 666.97
595.00 666.97
595.97 666.00
596.00 665.97
597.00 665.97
597.97 665.00
598.00 664.97
599.00 664.97
599.97 664.00
600.00 663.97
600.97 663.00
601.00 662.97
601.97 662.00
602.00 661.97
603.00 661.97
603.97 661.00
603.97 660.00
604.00 659.97
604.97 659.00
605.00 658.97
605.97 658.00
606.00 657.97
606.97 657.00
607.00 656.97
607.97 656.00
607.97 655.00
608.00 654.97
608.97 654.00
609.00 653.97
609.97 653.00
609.97 652.00
610.00 651.97
610.97 651.00
610.97 650.00
611.00 649.97
611.97 649.00
611.97 648.00
611.97 647.00
612.00 646.97
612.97 646.00
612.97 645.00
612.97 644.00
613.00 643.97
613.97 643.00
613.97 642.00
613.97 641.00
614.00 640.97
614.97 640.00

Contour 16:
664.97 426.00
664.97 425.00
664.97 424.00
664.97 423.00
664.97 422.00
664.97 421.00
664.00 420.03
663.97 420.00
663.97 419.00
663.97 418.00
663.97 417.00
663.97 416.00
663.97 415.00
663.97 414.00
663.00 413.03
662.97 413.00
662.97 412.00
662.97 411.00
662.97 410.00
662.97 409.00
662.00 408.03
661.97 408.00
661.97 407.00
661.00 406.03
660.97 406.00
660.97 405.00
660.97 404.00
660.00 403.03
659.97 403.00
659.00 402.03
658.97 402.00
658.97 401.00
658.00 400.03
657.97 400.00
657.00 399.03
656.97 399.00
656.00 398.03
655.97 398.00
655.00 397.03
654.97 397.00
654.00 396.03
653.97 396.00
653.00 395.03
652.97 395.00
652.00 394.03
651.97 394.00
651.00 393.03
650.97 393.00
650.00 392.03
649.97 392.00
649.00 391.03
648.97 391.00
648.00 390.03
647.00 390.03
646.97 390.00
646.00 389.03
645.97 389.00
645.00 388.03
644.00 388.03
643.97 388.00
643.00 387.03
642.00 387.03
641.97 387.00
641.00 386.03
640.00 386.03
639.97 386.00
639.00 385.03
638.00 385.03
637.97 385.00
637.00 384.03
636.00 384.03
635.00 384.03
634.00 384.03
633.97 384.00
633.00 383.03
632.00 383.03
631.00 383.03
630.00 383.03
629.00 383.03
628.00 383.03
627.00 383.03
626.00 383.03
625.00 383.03
624.00 383.03
623.00 383.03
622.03 384.00
622.00 384.03
621.00 384.03
620.00 384.03
619.00 384.03
618.03 385.00
618.00 385.03
617.00 385.03
616.00 385.03
615.03 386.00
615.00 386.03
614.00 386.03
613.03 387.00
613.00 387.03
612.00 387.03
611.03 388.00
611.00 388.03
610.00 388.03
609.03 389.00
609.00 389.03
608.03 390.00
608.00 390.03
607.03 391.00
607.00 391.03
606.00 391.03
605.03 392.00
605.00 392.03
604.03 393.00
604.03 394.00
604.00 394.03
603.03 395.00
603.00 395.03
602.03 396.00
602.00 396.03
601.03 397.00
601.03 398.00
601.00 398.03
600.03 399.00
600.00 399.03
599.03 400.00
599.03 401.00
599.00 401.03
598.03 402.00
598.03 403.00
598.00 403.03
597.03 404.00
597.03 405.00
597.03 406.00
597.00 406.03
596.03 407.00
596.03 408.00
596.03 409.00
596.00 409.03
595.03 410.00
595.03 411.00
595.03 412.00
595.03 413.00
595.03 414.00
595.03 415.00
595.03 416.00
595.00 416.03
594.03 417.00
594.03 418.00
594.03 419.00
594.03 420.00
594.03 421.00
594.03 422.00
595.00 422.97
595.03 423.00
595.03 424.00
595.03 425.00
595.03 426.00
595.03 427.00
596.00 427.97
596.03 428.00
596.03 429.00
596.03 430.00
597.00 430.97
597.03 431.00
597.03 432.00
598.00 432.97
598.03 433.00
598.03 434.00
598.03 435.00
599.00 435.97
599.03 436.00
599.03 437.00
600.00 437.97
600.03 438.00
601.00 438.97
601.03 439.00
601.03 440.00
602.00 440.97
602.03 441.00
603.00 441.97
603.03 442.00
604.00 442.97
604.03 443.00
605.00 443.97
605.03 444.00
606.00 444.97
606.03 445.00
607.00 445.97
607.03 446.00
608.00 446.97
608.03 447.00
609.00 447.97
610.00 447.97
610.03 448.00
611.00 448.97
611.03 449.00
612.00 449.97
613.00 449.97
614.00 449.97
614.03 450.00
615.00 450.97
616.00 450.97
616.03 451.00
617.00 451.97
618.00 451.97
618.03 452.00
619.00 452.97
620.00 452.97
621.00 452.97
621.03 453.00
622.00 453.97
623.00 453.97
624.00 453.97
625.00 453.97
625.03 454.00
626.00 454.97
627.00 454.97
628.00 454.97
629.00 454.97
630.00 454.97
631.00 454.97
632.00 454.97
633.00 454.97
634.00 454.97
635.00 454.97
636.00 454.97
637.00 454.97
638.00 454.97
639.00 454.97
640.00 454.97
640.97 454.00
641.00 453.97
642.00 453.97
643.00 453.97
644.00 453.97
644.97 453.00
645.00 452.97
646.00 452.97
646.97 452.00
647.00 451.97
648.00 451.97
648.97 451.00
649.00 450.97
650.00 450.97
650.97 450.00
651.00 449.97
651.97 449.00
652.00 448.97
652.97 448.00
653.00 447.97
654.00 447.97
654.97 447.00
655.00 446.97
655.97 446.00
656.00 445.97
656.97 445.00
657.00 444.97
657.97 444.00
657.97 443.00
658.00 442.97
658.97 442.00
659.00 441.97
659.97 441.00
659.97 440.00
660.00 439.97
660.97 439.00
660.97 438.00
661.00 437.97
661.97 437.00
661.97 436.00
662.00 435.97
662.97 435.00
662.97 434.00
662.97 433.00
663.00 432.97
663.97 432.00
663.97 431.00
663.97 430.00
663.97 429.00
663.97 428.00
663.97 427.00
664.00 426.97
664.97 426.00

Contour 17:
674.97 95.00
674.97 94.00
674.97 93.00
674.97 92.00
674.97 91.00
674.97 90.00
674.97 89.00
674.97 88.00
674.97 87.00
674.97 86.00
674.97 85.00
674.00 84.03
673.97 84.00
673.97 83.00
673.00 82.03
672.97 82.00
672.00 81.03
671.97 81.00
671.97 80.00
671.00 79.03
670.97 79.00
670.00 78.03
669.97 78.00
669.00 77.03
668.97 77.00
668.00 76.03
667.97 76.00
667.00 75.03
666.97 75.00
666.00 74.03
665.97 74.00
665.00 73.03
664.97 73.00
664.00 72.03
663.97 72.00
663.00 71.03
662.97 71.00
662.00 70.03
661.97 70.00
661.00 69.03
660.00 69.03
659.97 69.00
659.00 68.03
658.00 68.03
657.97 68.00
657.00 67.03
656.00 67.03
655.97 67.00
655.00 66.03
654.00 66.03
653.97 66.00
653.00 65.03
652.00 65.03
651.97 65.00
651.00 64.03
650.00 64.03
649.00 64.03
648.97 64.00
648.00 63.03
647.00 63.03
646.00 63.03
645.00 63.03
644.00 63.03
643.00 63.03
642.00 63.03
641.00 63.03
640.00 63.03
639.00 63.03
638.00 63.03
637.00 63.03
636.00 63.03
635.00 63.03
634.03 64.00
634.00 64.03
633.00 64.03
632.00 64.03
631.03 65.00
631.00 65.03
630.00 65.03
629.00 65.03
628.03 66.00
628.00 66.03
627.00 66.03
626.03 67.00
626.00 67.03
625.00 67.03
624.03 68.00
624.00 68.03
623.03 69.00
623.00 69.03
622.03 70.00
622.00 70.03
621.03 71.00
621.00 71.03
620.00 71.03
619.03 72.00
619.00 72.03
618.03 73.00
618.03 74.00
618.00 74.03
617.03 75.00
617.00 75.03
616.03 76.00
616.00 76.03
615.03 77.00
615.00 77.03
614.03 78.00
614.03 79.00
614.00 79.03
613.03 80.00
613.00 80.03
612.03 81.00
612.03 82.00
612.00 82.03
611.03 83.00
611.03 84.00
611.00 84.03
610.03 85.00
610.03 86.00
610.03 87.00
610.00 87.03
609.03 88.00
609.03 89.00
609.03 90.00
609.03 91.00
609.03 92.00
609.03 93.00
609.03 94.00
610.00 94.97
610.03 95.00
610.03 96.00
610.03 97.00
611.00 97.97
611.03 98.00
611.03 99.00
612.00 99.97
612.03 100.00
613.00 100.97
613.03 101.00
613.03 102.00
614.00 102.97
614.03 103.00
614.03 104.00
615.00 104.97
615.03 105.00
616.00 105.97
616.03 106.00
616.03 107.00
617.00 107.97
617.03 108.00
618.00 108.97
618.03 109.00
619.00 109.97
619.03 110.00
620.00 110.97
620.03 111.00
621.00 111.97
621.03 112.00
622.00 112.97
623.00 112.97
623.03 113.00
624.00 113.97
624.03 114.00
625.00 114.97
626.00 114.97
626.03 115.00
627.00 115.97
628.00 115.97
628.03 116.00
629.00 116.97
630.00 116.97
630.03 117.00
631.00 117.97
632.00 117.97
632.03 118.00
633.00 118.97
634.00 118.97
635.00 118.97
635.03 119.00
636.00 119.97
637.00 119.97
638.00 119.97
639.00 119.97
640.00 119.97
641.00 119.97
642.00 119.97
643.00 119.97
644.00 119.97
645.00 119.97
646.00 119.97
647.00 119.97
647.97 119.00
648.00 118.97
649.00 118.97
650.00 118.97
650.97 118.00
651.00 117.97
652.00 117.97
652.97 117.00
653.00 116.97
654.00 116.97
654.97 116.00
655.00 115.97
656.00 115.97
656.97 115.00
657.00 114.97
657.97 114.00
658.00 113.97
659.00 113.97
659.97 113.00
660.00 112.97
660.97 112.00
661.00 111.97
662.00 111.97
662.97 111.00
663.00 110.97
664.00 110.97
664.97 110.00
665.00 109.97
665.97 109.00
666.00 108.97
666.97 108.00
667.00 107.97
667.97 107.00
668.00 106.97
668.97 106.00
669.00 105.97
669.97 105.00
669.97 104.00
670.00 103.97
670.97 103.00
671.00 102.97
671.97 102.00
671.97 101.00
672.00 100.97
672.97 100.00
672.97 99.00
673.00 98.97
673.97 98.00
673.97 97.00
673.97 96.00
674.00 95.97
674.97 95.00

Contour 18:
700.98 895.00
700.98 894.00
700.98 893.00
700.98 892.00
700.98 891.00
700.98 890.00
700.98 889.00
700.98 888.00
700.98 887.00
700.00 886.02
699.98 886.00
699.98 885.00
699.00 884.02
698.98 884.00
698.98 883.00
698.00 882.02
697.98 882.00
697.00 881.02
696.98 881.00
696.00 880.02
695.98 880.00
695.00 879.02
694.98 879.00
694.00 878.02
693.98 878.00
693.00 877.02
692.98 877.00
692.00 876.02
691.00 876.02
690.98 876.00
690.00 875.02
689.98 875.00
689.00 874.02
688.98 874.00
688.00 873.02
687.00 873.02
686.98 873.00
686.00 872.02
685.00 872.02
684.98 872.00
684.00 871.02
683.98 871.00
683.00 870.02
682.00 870.02
681.98 870.00
681.00 869.02
680.98 869.00
680.00 868.02
679.98 868.00
679.00 867.02
678.98 867.00
678.00 866.02
677.00 866.02
676.98 866.00
676.00 865.02
675.98 865.00
675.00 864.02
674.98 864.00
674.00 863.02
673.98 863.00
673.00 862.02
672.00 862.02
671.98 862.00
671.00 861.02
670.98 861.00
670.00 860.02
669.00 860.02
668.98 860.00
668.00 859.02
667.00 859.02
666.98 859.00
666.00 858.02
665.98 858.00
665.00 857.02
664.98 857.00
664.00 856.02
663.00 856.02
662.00 856.02
661.98 856.00
661.00 855.02
660.00 855.02
659.00 855.02
658.98 855.00
658.00 854.02
657.00 854.02
656.00 854.02
655.00 854.02
654.00 854.02
653.00 854.02
652.00 854.02
651.00 854.02
650.00 854.02
649.00 854.02
648.02 855.00
648.00 855.02
647.00 855.02
646.00 855.02
645.02 856.00
645.00 856.02
644.00 856.02
643.00 856.02
642.02 857.00
642.00 857.02
641.00 857.02
640.02 858.00
640.00 858.02
639.00 858.02
638.02 859.00
638.00 859.02
637.02 860.00
637.00 860.02
636.00 860.02
635.02 861.00
635.00 861.02
634.02 862.00
634.00 862.02
633.02 863.00
633.00 863.02
632.02 864.00
632.02 865.00
632.00 865.02
631.02 866.00
631.00 866.02
630.02 867.00
630.00 867.02
629.02 868.00
629.02 869.00
629.00 869.02
628.02 870.00
628.02 871.00
628.02 872.00
628.00 872.02
627.02 873.00
627.02 874.00
627.02 875.00
627.02 876.00
627.02 877.00
627.02 878.00
627.02 879.00
627.02 880.00
627.02 881.00
628.00 881.98
628.02 882.00
628.02 883.00
629.00 883.98
629.02 884.00
629.02 885.00
630.00 885.98
630.02 886.00
631.00 886.98
631.02 887.00
631.02 888.00
632.00 888.98
632.02 889.00
633.00 889.98
633.02 890.00
634.00 890.98
634.02 891.00
635.00 891.98
635.02 892.00
636.00 892.98
637.00 892.98
637.02 893.00
638.00 893.98
638.02 894.00
639.00 894.98
639.02 895.00
640.00 895.98
640.02 896.00
641.00 896.98
642.00 896.98
642.02 897.00
643.00 897.98
643.02 898.00
644.00 898.98
645.00 898.98
645.02 899.00
646.00 899.98
646.02 900.00
647.00 900.98
647.02 901.00
648.00 901.98
649.00 901.98
649.02 902.00
650.00 902.98
650.02 903.00
651.00 903.98
652.00 903.98
652.02 904.00
653.00 904.98
653.02 905.00
654.00 905.98
655.00 905.98
655.02 906.00
656.00 906.98
656.02 907.00
657.00 907.98
658.00 907.98
658.02 908.00
659.00 908.98
659.02 909.00
660.00 909.98
661.00 909.98
661.02 910.00
662.00 910.98
663.00 910.98
663.02 911.00
664.00 911.98
665.00 911.98
665.02 912.00
666.00 912.98
667.00 912.98
667.02 913.00
668.00 913.98
669.00 913.98
670.00 913.98
671.00 913.98
671.02 914.00
672.00 914.98
673.00 914.98
674.00 914.98
675.00 914.98
676.00 914.98
676.02 915.00
677.00 915.98
678.00 915.98
679.00 915.98
680.00 915.98
681.00 915.98
681.98 915.00
682.00 914.98
683.00 914.98
684.00 914.98
685.00 914.98
685.98 914.00
686.00 913.98
687.00 913.98
688.00 913.98
688.98 913.00
689.00 912.98
689.98 912.00
690.00 911.98
691.00 911.98
691.98 911.00
692.00 910.98
692.98 910.00
693.00 909.98
693.98 909.00
694.00 908.98
694.98 908.00
695.00 907.98
695.98 907.00
695.98 906.00
696.00 905.98
696.98 905.00
696.98 904.00
697.00 903.98
697.98 903.00
697.98 902.00
698.00 901.98
698.98 901.00
698.98 900.00
698.98 899.00
699.00 898.98
699.98 898.00
699.98 897.00
699.98 896.00
700.00 895.98
700.98 895.00

Contour 19:
697.98 235.00
697.98 234.00
697.98 233.00
697.98 232.00
697.98 231.00
697.98 230.00
697.98 229.00
697.98 228.00
697.98 227.00
697.98 226.00
697.98 225.00
697.98 224.00
697.98 223.00
697.98 222.00
697.98 221.00
697.00 220.02
696.98 220.00
696.98 219.00
696.98 218.00
696.00 217.02
695.98 217.00
695.98 216.00
695.98 215.00
695.00 214.02
694.98 214.00
694.98 213.00
694.00 212.02
693.98 212.00
693.98 211.00
693.00 210.02
692.98 210.00
692.98 209.00
692.00 208.02
691.98 208.00
691.00 207.02
690.98 207.00
690.98 206.00
690.00 205.02
689.98 205.00
689.00 204.02
688.98 204.00
688.00 203.02
687.98 203.00
687.98 202.00
687.00 201.02
686.98 201.00
686.00 200.02
685.98 200.00
685.00 199.02
684.98 199.00
684.00 198.02
683.00 198.02
682.98 198.00
682.98 197.00
682.00 196.02
681.00 196.02
680.98 196.00
680.00 195.02
679.98 195.00
679.00 194.02
678.98 194.00
678.00 193.02
677.98 193.00
677.00 192.02
676.00 192.02
675.98 192.00
675.00 191.02
674.00 191.02
673.98 191.00
673.00 190.02
672.00 190.02
671.98 190.00
671.00 189.02
670.00 189.02
669.00 189.02
668.00 189.02
667.00 189.02
666.00 189.02
665.00 189.02
664.00 189.02
663.00 189.02
662.00 189.02
661.00 189.02
660.00 189.02
659.00 189.02
658.00 189.02
657.02 190.00
657.00 190.02
656.00 190.02
655.00 190.02
654.00 190.02
653.02 191.00
653.00 191.02
652.00 191.02
651.02 192.00
651.00 192.02
650.00 192.02
649.02 193.00
649.00 193.02
648.00 193.02
647.02 194.00
647.00 194.02
646.02 195.00
646.00 195.02
645.02 196.00
645.00 196.02
644.02 197.00
644.00 197.02
643.02 198.00
643.02 199.00
643.00 199.02
642.02 200.00
642.00 200.02
641.02 201.00
641.02 202.00
641.00 202.02
640.02 203.00
640.02 204.00
640.00 204.02
639.02 205.00
639.02 206.00
639.00 206.02
638.02 207.00
638.02 208.00
638.02 209.00
638.00 209.02
637.02 210.00
637.02 211.00
637.02 212.00
637.02 213.00
637.00 213.02
636.02 214.00
636.02 215.00
636.02 216.00
636.02 217.00
636.02 218.00
636.02 219.00
636.02 220.00
636.00 220.02
635.02 221.00
635.02 222.00
636.00 222.98
636.02 223.00
636.02 224.00
636.02 225.00
636.02 226.00
636.02 227.00
636.02 228.00
637.00 228.98
637.02 229.00
637.02 230.00
637.02 231.00
638.00 231.98
638.02 232.00
638.02 233.00
638.02 234.00
639.00 234.98
639.02 235.00
639.02 236.00
640.00 236.98
640.02 237.00
640.02 238.00
641.00 238.98
641.02 239.00
641.02 240.00
641.02 241.00
642.00 241.98
642.02 242.00
643.00 242.98
643.02 243.00
643.02 244.00
644.00 244.98
644.02 245.00
645.00 245.98
645.02 246.00
646.00 246.98
646.02 247.00
647.00 247.98
647.02 248.00
647.02 249.00
648.00 249.98
649.00 249.98
649.02 250.00
650.00 250.98
650.02 251.00
651.00 251.98
651.02 252.00
652.00 252.98
652.02 253.00
653.00 253.98
654.00 253.98
654.02 254.00
655.00 254.98
656.00 254.98
656.02 255.00
657.00 255.98
658.00 255.98
658.02 256.00
659.00 256.98
660.00 256.98
661.00 256.98
662.00 256.98
662.02 257.00
663.00 257.98
664.00 257.98
665.00 257.98
666.00 257.98
667.00 257.98
668.00 257.98
669.00 257.98
670.00 257.98
671.00 257.98
672.00 257.98
673.00 257.98
673.98 257.00
674.00 256.98
675.00 256.98
676.00 256.98
677.00 256.98
678.00 256.98
678.98 256.00
679.00 255.98
680.00 255.98
680.98 255.00
681.00 254.98
682.00 254.98
683.00 254.98
683.98 254.00
684.00 253.98
684.98 253.00
685.00 252.98
686.00 252.98
686.98 252.00
687.00 251.98
687.98 251.00
688.00 250.98
688.98 250.00
689.00 249.98
689.98 249.00
690.00 248.98
690.98 248.00
691.00 247.98
691.98 247.00
692.00 246.98
692.98 246.00
693.00 245.98
693.98 245.00
693.98 244.00
694.00 243.98
694.98 243.00
694.98 242.00
695.00 241.98
695.98 241.00
695.98 240.00
696.00 239.98
696.98 239.00
696.98 238.00
696.98 237.00
696.98 236.00
697.00 235.98
697.98 235.00

Contour 20:
709.98 618.00
709.98 617.00
709.98 616.00
709.98 615.00
709.98 614.00
709.98 613.00
709.98 612.00
709.98 611.00
709.98 610.00
709.98 609.00
709.98 608.00
709.98 607.00
709.98 606.00
709.98 605.00
709.98 604.00
709.98 603.00
709.98 602.00
709.98 601.00
709.98 600.00
709.98 599.00
709.00 598.02
708.98 598.00
708.98 597.00
708.98 596.00
708.98 595.00
708.00 594.02
707.98 594.00
707.98 593.00
707.00 592.02
706.98 592.00
706.00 591.02
705.98 591.00
705.98 590.00
705.00 589.02
704.98 589.00
704.98 588.00
704.00 587.02
703.98 587.00
703.00 586.02
702.98 586.00
702.00 585.02
701.98 585.00
701.00 584.02
700.98 584.00
700.00 583.02
699.98 583.00
699.00 582.02
698.98 582.00
698.00 581.02
697.00 581.02
696.98 581.00
696.00 580.02
695.98 580.00
695.00 579.02
694.98 579.00
694.00 578.02
693.00 578.02
692.98 578.00
692.00 577.02
691.00 577.02
690.98 577.00
690.00 576.02
689.00 576.02
688.00 576.02
687.98 576.00
687.00 575.02
686.00 575.02
685.00 575.02
684.00 575.02
683.98 575.00
683.00 574.02
682.00 574.02
681.00 574.02
680.00 574.02
679.00 574.02
678.00 574.02
677.00 574.02
676.00 574.02
675.00 574.02
674.00 574.02
673.00 574.02
672.00 574.02
671.02 575.00
671.00 575.02
670.00 575.02
669.00 575.02
668.02 576.00
668.00 576.02
667.00 576.02
666.02 577.00
666.00 577.02
665.00 577.02
664.02 578.00
664.00 578.02
663.02 579.00
663.00 579.02
662.00 579.02
661.02 580.00
661.00 580.02
660.02 581.00
660.00 581.02
659.02 582.00
659.00 582.02
658.02 583.00
658.00 583.02
657.02 584.00
657.02 585.00
657.00 585.02
656.02 586.00
656.00 586.02
655.02 587.00
655.02 588.00
655.00 588.02
654.02 589.00
654.02 590.00
654.00 590.02
653.02 591.00
653.02 592.00
653.00 592.02
652.02 593.00
652.02 594.00
652.00 594.02
651.02 595.00
651.02 596.00
651.02 597.00
651.02 598.00
651.02 599.00
651.02 600.00
651.00 600.02
650.02 601.00
650.02 602.00
650.02 603.00
650.02 604.00
651.00 604.98
651.02 605.00
651.02 606.00
651.02 607.00
651.02 608.00
651.02 609.00
651.02 610.00
652.00 610.98
652.02 611.00
652.02 612.00
652.02 613.00
653.00 613.98
653.02 614.00
653.02 615.00
654.00 615.98
654.02 616.00
654.02 617.00
655.00 617.98
655.02 618.00
655.02 619.00
656.00 619.98
656.02 620.00
656.02 621.00
657.00 621.98
657.02 622.00
658.00 622.98
658.02 623.00
658.02 624.00
659.00 624.98
659.02 625.00
660.00 625.98
660.02 626.00
661.00 626.98
661.02 627.00
662.00 627.98
662.02 628.00
663.00 628.98
663.02 629.00
664.00 629.98
665.00 629.98
665.02 630.00
666.00 630.98
667.00 630.98
667.02 631.00
668.00 631.98
668.02 632.00
669.00 632.98
670.00 632.98
670.02 633.00
671.00 633.98
672.00 633.98
673.00 633.98
673.02 634.00
674.00 634.98
675.00 634.98
675.02 635.00
676.00 635.98
677.00 635.98
678.00 635.98
678.02 636.00
679.00 636.98
680.00 636.98
681.00 636.98
682.00 636.98
683.00 636.98
683.02 637.00
684.00 637.98
685.00 637.98
685.98 637.00
686.00 636.98
687.00 636.98
688.00 636.98
689.00 636.98
690.00 636.98
691.00 636.98
692.00 636.98
692.98 636.00
693.00 635.98
694.00 635.98
695.00 635.98
695.98 635.00
696.00 634.98
697.00 634.98
697.98 634.00
698.00 633.98
699.00 633.98
699.98 633.00
700.00 632.98
700.98 632.00
701.00 631.98
701.98 631.00
702.00 630.98
702.98 630.00
703.00 629.98
703.98 629.00
704.00 628.98
704.98 628.00
705.00 627.98
705.98 627.00
705.98 626.00
706.00 625.98
706.98 625.00
707.00 624.98
707.98 624.00
707.98 623.00
707.98 622.00
708.00 621.98
708.98 621.00
708.98 620.00
708.98 619.00
709.00 618.98
709.98 618.00

Contour 21:
763.98 411.00
763.98 410.00
763.98 409.00
763.98 408.00
763.00 407.02
762.98 407.00
762.98 406.00
762.98 405.00
762.98 404.00
762.00 403.02
761.98 403.00
761.98 402.00
761.00 401.02
760.98 401.00
760.98 400.00
760.00 399.02
759.98 399.00
759.98 398.00
759.00 397.02
758.98 397.00
758.00 396.02
757.98 396.00
757.98 395.00
757.00 394.02
756.98 394.00
756.98 393.00
756.98 392.00
756.00 391.02
755.98 391.00
755.98 390.00
755.00 389.02
754.98 389.00
754.98 388.00
754.00 387.02
753.98 387.00
753.98 386.00
753.98 385.00
753.98 384.00
753.00 383.02
752.98 383.00
752.98 382.00
752.98 381.00
752.00 380.02
751.98 380.00
751.98 379.00
751.98 378.00
751.00 377.02
750.98 377.00
750.98 376.00
750.00 375.02
749.98 375.00
749.00 374.02
748.98 374.00
748.00 373.02
747.98 373.00
747.00 372.02
746.98 372.00
746.00 371.02
745.98 371.00
745.00 370.02
744.98 370.00
744.00 369.02
743.00 369.02
742.98 369.00
742.00 368.02
741.00 368.02
740.98 368.00
740.00 367.02
739.00 367.02
738.00 367.02
737.00 367.02
736.00 367.02
735.02 368.00
735.00 368.02
734.00 368.02
733.00 368.02
732.02 369.00
732.00 369.02
731.00 369.02
730.02 370.00
730.00 370.02
729.02 371.00
729.00 371.02
728.02 372.00
728.00 372.02
727.02 373.00
727.00 373.02
726.02 374.00
726.02 375.00
726.00 375.02
725.02 376.00
725.00 376.02
724.02 377.00
724.02 378.00
724.00 378.02
723.02 379.00
723.02 380.00
723.02 381.00
723.00 381.02
722.02 382.00
722.02 383.00
722.02 384.00
722.02 385.00
722.00 385.02
721.02 386.00
721.02 387.00
721.02 388.00
721.02 389.00
721.02 390.00
721.02 391.00
721.02 392.00
721.02 393.00
721.00 393.02
720.02 394.00
720.02 395.00
720.02 396.00
720.02 397.00
720.02 398.00
720.02 399.00
720.02 400.00
720.02 401.00
720.02 402.00
720.00 402.02
719.02 403.00
719.02 404.00
719.02 405.00
719.00 405.02
718.02 406.00
718.00 406.02
717.02 407.00
717.02 408.00
717.02 409.00
717.00 409.02
716.02 410.00
716.02 411.00
716.02 412.00
716.00 412.02
715.02 413.00
715.02 414.00
715.02 415.00
715.02 416.00
715.02 417.00
715.02 418.00
715.02 419.00
715.02 420.00
715.02 421.00
715.02 422.00
715.02 423.00
715.02 424.00
715.02 425.00
716.00 425.98
716.02 426.00
716.02 427.00
716.02 428.00
716.02 429.00
716.02 430.00
717.00 430.98
717.02 431.00
717.02 432.00
717.02 433.00
718.00 433.98
718.02 434.00
718.02 435.00
718.02 436.00
719.00 436.98
719.02 437.00
719.02 438.00
720.00 438.98
720.02 439.00
721.00 439.98
721.02 440.00
722.00 440.98
722.02 441.00
723.00 441.98
723.02 442.00
724.00 442.98
725.00 442.98
725.02 443.00
726.00 443.98
727.00 443.98
727.02 444.00
728.00 444.98
729.00 444.98
730.00 444.98
730.02 445.00
731.00 445.98
732.00 445.98
733.00 445.98
734.00 445.98
735.00 445.98
735.98 445.00
736.00 444.98
737.00 444.98
738.00 444.98
739.00 444.98
739.98 444.00
740.00 443.98
741.00 443.98
742.00 443.98
742.98 443.00
743.00 442.98
743.98 442.00
744.00 441.98
745.00 441.98
745.98 441.00
746.00 440.98
746.98 440.00
747.00 439.98
747.98 439.00
748.00 438.98
748.98 438.00
749.00 437.98
749.98 437.00
750.00 436.98
750.98 436.00
751.00 435.98
751.98 435.00
752.00 434.98
752.98 434.00
752.98 433.00
753.00 432.98
753.98 432.00
754.00 431.98
754.98 431.00
754.98 430.00
755.00 429.98
755.98 429.00
755.98 428.00
756.00 427.98
756.98 427.00
757.00 426.98
757.98 426.00
757.98 425.00
758.00 424.98
758.98 424.00
758.98 423.00
759.00 422.98
759.98 422.00
759.98 421.00
760.00 420.98
760.98 420.00
760.98 419.00
761.00 418.98
761.98 418.00
761.98 417.00
762.00 416.98
762.98 416.00
762.98 415.00
762.98 414.00
762.98 413.00
762.98 412.00
763.00 411.98
763.98 411.00

Contour 22:
850.98 820.00
850.98 819.00
850.98 818.00
850.98 817.00
850.98 816.00
850.98 815.00
850.98 814.00
850.98 813.00
850.98 812.00
850.98 811.00
850.98 810.00
850.98 809.00
850.98 808.00
850.98 807.00
850.00 806.02
849.98 806.00
849.98 805.00
849.98 804.00
849.98 803.00
849.98 802.00
849.00 801.02
848.98 801.00
848.98 800.00
848.98 799.00
848.98 798.00
848.00 797.02
847.98 797.00
847.98 796.00
847.98 795.00
847.00 794.02
846.98 794.00
846.98 793.00
846.00 792.02
845.98 792.00
845.98 791.00
845.00 790.02
844.98 790.00
844.00 789.02
843.98 789.00
843.98 788.00
843.00 787.02
842.98 787.00
842.98 786.00
842.00 785.02
841.98 785.00
841.00 784.02
840.98 784.00
840.00 783.02
839.98 783.00
839.98 782.00
839.00 781.02
838.98 781.00
838.00 780.02
837.98 780.00
837.98 779.00
837.00 778.02
836.98 778.00
836.00 777.02
835.98 777.00
835.00 776.02
834.98 776.00
834.00 775.02
833.98 775.00
833.00 774.02
832.98 774.00
832.00 773.02
831.00 773.02
830.98 773.00
830.00 772.02
829.98 772.00
829.00 771.02
828.00 771.02
827.98 771.00
827.00 770.02
826.00 770.02
825.98 770.00
825.00 769.02
824.00 769.02
823.98 769.00
823.00 768.02
822.00 768.02
821.00 768.02
820.98 768.00
820.00 767.02
819.00 767.02
818.00 767.02
817.00 767.02
816.98 767.00
816.00 766.02
815.00 766.02
814.00 766.02
813.00 766.02
812.98 766.00
812.00 765.02
811.00 765.02
810.00 765.02
809.00 765.02
808.00 765.02
807.00 765.02
806.00 765.02
805.00 765.02
804.00 765.02
803.00 765.02
802.00 765.02
801.00 765.02
800.00 765.02
799.02 766.00
799.00 766.02
798.00 766.02
797.00 766.02
796.00 766.02
795.00 766.02
794.02 767.00
794.00 767.02
793.00 767.02
792.02 768.00
792.00 768.02
791.00 768.02
790.00 768.02
789.02 769.00
789.00 769.02
788.02 770.00
788.00 770.02
787.00 770.02
786.02 771.00
786.00 771.02
785.02 772.00
785.00 772.02
784.02 773.00
784.00 773.02
783.00 773.02
782.02 774.00
782.00 774.02
781.02 775.00
781.00 775.02
780.02 776.00
780.02 777.00
780.00 777.02
779.02 778.00
779.00 778.02
778.02 779.00
778.00 779.02
777.02 780.00
777.00 780.02
776.02 781.00
776.02 782.00
776.00 782.02
775.02 783.00
775.02 784.00
775.00 784.02
774.02 785.00
774.00 785.02
773.02 786.00
773.02 787.00
773.00 787.02
772.02 788.00
772.02 789.00
772.02 790.00
772.00 790.02
771.02 791.00
771.02 792.00
771.00 792.02
770.02 793.00
770.02 794.00
770.02 795.00
770.02 796.00
770.00 796.02
769.02 797.00
769.02 798.00
769.02 799.00
769.02 800.00
769.02 801.00
769.02 802.00
769.02 803.00
769.02 804.00
769.02 805.00
769.02 806.00
769.02 807.00
769.02 808.00
769.02 809.00
769.02 810.00
769.02 811.00
769.02 812.00
769.02 813.00
769.02 814.00
769.02 815.00
770.00 815.98
770.02 816.00
770.02 817.00
770.02 818.00
770.02 819.00
770.02 820.00
771.00 820.98
771.02 821.00
771.02 822.00
771.02 823.00
772.00 823.98
772.02 824.00
772.02 825.00
772.02 826.00
773.00 826.98
773.02 827.00
773.02 828.00
774.00 828.98
774.02 829.00
774.02 830.00
774.02 831.00
775.00 831.98
775.02 832.00
775.02 833.00
776.00 833.98
776.02 834.00
776.02 835.00
777.00 835.98
777.02 836.00
778.00 836.98
778.02 837.00
778.02 838.00
779.00 838.98
779.02 839.00
780.00 839.98
780.02 840.00
781.00 840.98
781.02 841.00
781.02 842.00
782.00 842.98
782.02 843.00
783.00 843.98
783.02 844.00
784.00 844.98
784.02 845.00
785.00 845.98
785.02 846.00
786.00 846.98
786.02 847.00
787.00 847.98
788.00 847.98
788.02 848.00
789.00 848.98
789.02 849.00
790.00 849.98
791.00 849.98
791.02 850.00
792.00 850.98
793.00 850.98
793.02 851.00
794.00 851.98
795.00 851.98
795.02 852.00
796.00 852.98
797.00 852.98
797.02 853.00
798.00 853.98
799.00 853.98
799.02 854.00
800.00 854.98
801.00 854.98
802.00 854.98
803.00 854.98
803.02 855.00
804.00 855.98
805.00 855.98
806.00 855.98
807.00 855.98
808.00 855.98
809.00 855.98
810.00 855.98
811.00 855.98
812.00 855.98
813.00 855.98
814.00 855.98
815.00 855.98
816.00 855.98
816.98 855.00
817.00 854.98
818.00 854.98
819.00 854.98
820.00 854.98
821.00 854.98
822.00 854.98
823.00 854.98
823.98 854.00
824.00 853.98
825.00 853.98
826.00 853.98
826.98 853.00
827.00 852.98
828.00 852.98
829.00 852.98
829.98 852.00
830.00 851.98
830.98 851.00
831.00 850.98
832.00 850.98
832.98 850.00
833.00 849.98
833.98 849.00
834.00 848.98
835.00 848.98
835.98 848.00
836.00 847.98
836.98 847.00
837.00 846.98
837.98 846.00
837.98 845.00
838.00 844.98
838.98 844.00
839.00 843.98
839.98 843.00
840.00 842.98
840.98 842.00
840.98 841.00
841.00 840.98
841.98 840.00
842.00 839.98
842.98 839.00
842.98 838.00
843.00 837.98
843.98 837.00
844.00 836.98
844.98 836.00
844.98 835.00
845.00 834.98
845.98 834.00
845.98 833.00
846.00 832.98
846.98 832.00
846.98 831.00
847.00 830.98
847.98 830.00
847.98 829.00
847.98 828.00
848.00 827.98
848.98 827.00
848.98 826.00
848.98 825.00
849.00 824.98
849.98 824.00
849.98 823.00
849.98 822.00
849.98 821.00
850.00 820.98
850.98 820.00

