Contour 0:
179.75 319.00
179.75 318.00
179.75 317.00
179.75 316.00
179.75 315.00
179.75 314.00
179.75 313.00
179.75 312.00
179.75 311.00
179.75 310.00
179.75 309.00
179.75 308.00
179.75 307.00
179.75 306.00
179.00 305.25
178.75 305.00
178.75 304.00
178.75 303.00
178.00 302.25
177.75 302.00
177.75 301.00
177.00 300.25
176.75 300.00
176.00 299.25
175.75 299.00
175.00 298.25
174.75 298.00
174.75 297.00
174.00 296.25
173.75 296.00
173.00 295.25
172.00 295.25
171.75 295.00
171.00 294.25
170.75 294.00
170.00 293.25
169.75 293.00
169.00 292.25
168.00 292.25
167.75 292.00
167.00 291.25
166.00 291.25
165.00 291.25
164.75 291.00
164.00 290.25
163.00 290.25
162.00 290.25
161.75 290.00
161.00 289.25
160.00 289.25
159.00 289.25
158.00 289.25
157.00 289.25
156.00 289.25
155.25 290.00
155.00 290.25
154.00 290.25
153.00 290.25
152.25 291.00
152.00 291.25
151.00 291.25
150.00 291.25
149.25 292.00
149.00 292.25
148.25 293.00
148.00 293.25
147.00 293.25
146.25 294.00
146.00 294.25
145.25 295.00
145.00 295.25
144.25 296.00
144.25 297.00
144.00 297.25
143.25 298.00
143.00 298.25
142.25 299.00
142.00 299.25
141.25 300.00
141.25 301.00
141.00 301.25
140.25 302.00
140.25 303.00
140.00 303.25
139.25 304.00
139.25 305.00
139.25 306.00
139.25 307.00
139.25 308.00
139.00 308.25
138.25 309.00
138.25 310.00
138.25 311.00
139.00 311.75
139.25 312.00
139.25 313.00
139.25 314.00
139.25 315.00
139.25 316.00
139.25 317.00
139.00 317.25
138.25 318.00
138.00 318.25
137.00 318.50
136.00 318.50
135.00 318.50
134.50 318.00
134.00 317.50
133.00 317.50
132.50 317.00
132.00 316.50
131.00 316.50
130.00 316.50
129.50 316.00
129.00 315.50
128.00 315.50
127.00 315.50
126.00 315.50
125.00 315.50
124.00 315.50
123.00 315.50
122.00 315.50
121.00 315.50
120.00 315.50
119.50 316.00
119.00 316.50
118.00 316.50
117.00 316.50
116.50 317.00
116.00 317.50
115.00 317.50
114.50 318.00
114.00 318.50
113.50 319.00
113.00 319.50
112.00 319.50
111.50 320.00
111.00 320.50
110.50 321.00
110.00 321.50
109.50 322.00
109.50 323.00
109.00 323.50
108.50 324.00
108.00 324.50
107.50 325.00
107.50 326.00
107.00 326.50
106.50 327.00
106.50 328.00
106.50 329.00
106.00 329.50
105.50 330.00
105.50 331.00
105.00 331.50
104.50 332.00
104.50 333.00
104.00 333.50
103.50 334.00
103.50 335.00
103.50 336.00
103.00 336.50
102.50 337.00
102.50 338.00
102.50 339.00
102.50 340.00
102.00 340.50
101.50 341.00
101.50 342.00
101.50 343.00
101.50 344.00
101.00 344.50
100.50 345.00
100.50 346.00
100.00 346.50
99.50 347.00
99.50 348.00
99.00 348.50
98.50 349.00
98.50 350.00
98.00 350.50
97.50 351.00
97.50 352.00
97.00 352.50
96.50 353.00
96.00 353.50
95.50 354.00
95.50 355.00
95.50 356.00
95.00 356.50
94.50 357.00
94.50 358.00
94.00 358.50
93.50 359.00
93.50 360.00
93.50 361.00
93.00 361.50
92.50 362.00
92.50 363.00
92.50 364.00
92.50 365.00
92.50 366.00
92.50 367.00
92.50 368.00
92.00 368.50
91.50 369.00
91.50 370.00
91.50 371.00
91.50 372.00
92.00 372.50
92.50 373.00
92.50 374.00
92.50 375.00
92.50 376.00
92.50 377.00
92.50 378.00
92.50 379.00
92.50 380.00
93.00 380.50
93.50 381.00
93.50 382.00
93.50 383.00
93.50 384.00
93.50 385.00
94.00 385.50
94.50 386.00
94.50 387.00
94.50 388.00
94.50 389.00
95.00 389.50
95.50 390.00
95.50 391.00
95.50 392.00
95.50 393.00
95.50 394.00
95.50 395.00
96.00 395.50
96.50 396.00
96.50 397.00
96.50 398.00
96.50 399.00
97.00 399.50
97.50 400.00
97.50 401.00
97.50 402.00
98.00 402.50
98.50 403.00
99.00 403.50
99.50 404.00
99.50 405.00
100.00 405.50
100.50 406.00
100.50 407.00
101.00 407.50
101.50 408.00
102.00 408.50
102.50 409.00
103.00 409.50
103.50 410.00
103.50 411.00
104.00 411.50
104.50 412.00
105.00 412.50
105.50 413.00
106.00 413.50
106.50 414.00
107.00 414.50
107.50 415.00
107.50 416.00
108.00 416.50
109.00 416.50
109.50 417.00
110.00 417.50
110.50 418.00
111.00 418.50
111.50 419.00
112.00 419.50
113.00 419.50
113.50 420.00
114.00 420.50
114.50 421.00
115.00 421.50
116.00 421.50
116.50 422.00
117.00 422.50
118.00 422.50
119.00 422.50
119.50 423.00
120.00 423.50
121.00 423.50
122.00 423.50
122.50 424.00
123.00 424.50
124.00 424.50
125.00 424.50
126.00 424.50
126.50 425.00
127.00 425.50
128.00 425.50
129.00 425.50
130.00 425.50
131.00 425.50
132.00 425.50
133.00 425.50
134.00 425.50
134.50 426.00
135.00 426.50
136.00 426.50
137.00 426.50
138.00 426.50
139.00 426.50
140.00 426.50
141.00 426.50
142.00 426.50
143.00 426.50
144.00 426.50
145.00 426.50
145.50 426.00
146.00 425.50
147.00 425.50
148.00 425.50
149.00 425.50
150.00 425.50
151.00 425.50
151.50 425.00
152.00 424.50
153.00 424.50
154.00 424.50
154.50 424.00
155.00 423.50
156.00 423.50
156.50 423.00
157.00 422.50
158.00 422.50
158.50 422.00
159.00 421.50
160.00 421.50
160.50 421.00
161.00 420.50
161.50 420.00
162.00 419.50
163.00 419.50
163.50 419.00
164.00 418.50
164.50 418.00
165.00 417.50
165.50 417.00
166.00 416.50
166.50 416.00
166.50 415.00
167.00 414.50
167.50 414.00
168.00 413.50
168.50 413.00
169.00 412.50
169.50 412.00
169.50 411.00
170.00 410.50
170.50 410.00
170.50 409.00
171.00 408.50
171.50 408.00
172.00 407.50
172.50 407.00
172.50 406.00
173.00 405.50
173.50 405.00
173.50 404.00
174.00 403.50
174.50 403.00
174.50 402.00
174.50 401.00
175.00 400.50
175.50 400.00
175.50 399.00
175.50 398.00
176.00 397.50
176.50 397.00
176.50 396.00
176.50 395.00
176.50 394.00
176.50 393.00
177.00 392.50
177.50 392.00
177.50 391.00
177.50 390.00
177.50 389.00
177.50 388.00
177.50 387.00
177.50 386.00
177.50 385.00
177.50 384.00
177.50 383.00
177.50 382.00
177.50 381.00
177.50 380.00
177.50 379.00
177.50 378.00
177.50 377.00
177.50 376.00
177.50 375.00
177.50 374.00
177.50 373.00
177.50 372.00
177.00 371.50
176.50 371.00
176.50 370.00
176.50 369.00
176.50 368.00
176.50 367.00
176.00 366.50
175.50 366.00
175.50 365.00
175.50 364.00
175.50 363.00
175.50 362.00
175.50 361.00
175.00 360.50
174.50 360.00
174.50 359.00
174.50 358.00
174.00 357.50
173.50 357.00
173.50 356.00
173.50 355.00
173.00 354.50
172.50 354.00
172.50 353.00
172.00 352.50
171.50 352.00
171.50 351.00
171.00 350.50
170.50 350.00
170.00 349.50
169.50 349.00
169.00 348.50
168.50 348.00
168.50 347.00
168.00 346.50
167.50 346.00
167.00 345.50
166.50 345.00
166.00 344.50
165.50 344.00
165.50 343.00
165.75 342.00
166.00 341.75
166.75 341.00
167.00 340.75
167.75 340.00
168.00 339.75
168.75 339.00
169.00 338.75
169.75 338.00
170.00 337.75
170.75 337.00
171.00 336.75
171.75 336.00
171.75 335.00
172.00 334.75
172.75 334.00
173.00 333.75
173.75 333.00
173.75 332.00
173.75 331.00
174.00 330.75
174.75 330.00
174.75 329.00
175.00 328.75
175.75 328.00
175.75 327.00
176.00 326.75
176.75 326.00
176.75 325.00
177.00 324.75
177.75 324.00
177.75 323.00
178.00 322.75
178.75 322.00
178.75 321.00
178.75 320.00
179.00 319.75
179.75 319.00

Contour 1:
281.83 837.00
281.83 836.00
281.83 835.00
281.83 834.00
281.83 833.00
281.83 832.00
281.83 831.00
281.83 830.00
281.83 829.00
281.83 828.00
281.83 827.00
281.83 826.00
281.83 825.00
281.83 824.00
281.00 823.17
280.83 823.00
280.83 822.00
280.83 821.00
280.00 820.17
279.83 820.00
279.83 819.00
279.00 818.17
278.83 818.00
278.83 817.00
278.00 816.17
277.83 816.00
277.83 815.00
277.00 814.17
276.83 814.00
276.00 813.17
275.83 813.00
275.83 812.00
275.00 811.17
274.83 811.00
274.83 810.00
274.00 809.17
273.83 809.00
273.83 808.00
273.00 807.17
272.83 807.00
272.83 806.00
272.00 805.17
271.83 805.00
271.00 804.17
270.83 804.00
270.00 803.17
269.83 803.00
269.00 802.17
268.83 802.00
268.83 801.00
268.00 800.17
267.83 800.00
267.00 799.17
266.83 799.00
266.00 798.17
265.83 798.00
265.00 797.17
264.83 797.00
264.00 796.17
263.83 796.00
263.00 795.17
262.83 795.00
262.00 794.17
261.83 794.00
261.00 793.17
260.00 793.17
259.83 793.00
259.00 792.17
258.83 792.00
258.00 791.17
257.83 791.00
257.00 790.17
256.83 790.00
256.00 789.17
255.00 789.17
254.83 789.00
254.00 788.17
253.83 788.00
253.00 787.17
252.00 787.17
251.83 787.00
251.00 786.17
250.00 786.17
249.83 786.00
249.00 785.17
248.00 785.17
247.83 785.00
247.00 784.17
246.00 784.17
245.00 784.17
244.83 784.00
244.00 783.17
243.00 783.17
242.83 783.00
242.00 782.17
241.00 782.17
240.83 782.00
240.00 781.17
239.00 781.17
238.83 781.00
238.00 780.17
237.00 780.17
236.83 780.00
236.00 779.17
235.00 779.17
234.00 779.17
233.00 779.17
232.00 779.17
231.83 779.00
231.00 778.17
230.00 778.17
229.00 778.17
228.00 778.17
227.00 778.17
226.00 778.17
225.00 778.17
224.00 778.17
223.00 778.17
222.00 778.17
221.00 778.17
220.00 778.17
219.00 778.17
218.17 779.00
218.00 779.17
217.00 779.17
216.00 779.17
215.00 779.17
214.00 779.17
213.00 779.17
212.17 780.00
212.00 780.17
211.00 780.17
210.00 780.17
209.17 781.00
209.00 781.17
208.00 781.17
207.17 782.00
207.00 782.17
206.00 782.17
205.17 783.00
205.00 783.17
204.17 784.00
204.00 784.17
203.17 785.00
203.00 785.17
202.00 785.17
201.17 786.00
201.00 786.17
200.17 787.00
200.17 788.00
200.00 788.17
199.17 789.00
199.00 789.17
198.17 790.00
198.17 791.00
198.00 791.17
197.17 792.00
197.17 793.00
197.00 793.17
196.17 794.00
196.17 795.00
196.17 796.00
196.00 796.17
195.17 797.00
195.17 798.00
195.17 799.00
195.00 799.17
194.17 800.00
194.17 801.00
194.17 802.00
194.00 802.17
193.17 803.00
193.17 804.00
193.00 804.17
192.17 805.00
192.17 806.00
192.17 807.00
192.17 808.00
192.17 809.00
192.17 810.00
192.17 811.00
192.17 812.00
192.17 813.00
192.17 814.00
192.17 815.00
193.00 815.83
193.17 816.00
193.17 817.00
193.17 818.00
193.17 819.00
194.00 819.83
194.17 820.00
194.17 821.00
194.17 822.00
195.00 822.83
195.17 823.00
195.17 824.00
196.00 824.83
196.17 825.00
196.17 826.00
197.00 826.83
197.17 827.00
198.00 827.83
198.17 828.00
198.17 829.00
199.00 829.83
199.17 830.00
199.17 831.00
200.00 831.83
200.17 832.00
201.00 832.83
201.17 833.00
201.17 834.00
202.00 834.83
202.17 835.00
203.00 835.83
203.17 836.00
204.00 836.83
204.17 837.00
204.17 838.00
205.00 838.83
205.17 839.00
206.00 839.83
206.17 840.00
207.00 840.83
207.17 841.00
207.17 842.00
208.00 842.83
208.17 843.00
209.00 843.83
209.17 844.00
210.00 844.83
210.17 845.00
210.17 846.00
211.00 846.83
211.17 847.00
212.00 847.83
212.17 848.00
213.00 848.83
213.17 849.00
214.00 849.83
214.17 850.00
214.17 851.00
215.00 851.83
215.17 852.00
216.00 852.83
217.00 852.83
217.17 853.00
218.00 853.83
218.17 854.00
219.00 854.83
219.17 855.00
220.00 855.83
220.17 856.00
221.00 856.83
221.17 857.00
222.00 857.83
223.00 857.83
223.17 858.00
224.00 858.83
225.00 858.83
225.17 859.00
226.00 859.83
226.17 860.00
227.00 860.83
228.00 860.83
228.17 861.00
229.00 861.83
230.00 861.83
230.17 862.00
231.00 862.83
232.00 862.83
232.17 863.00
233.00 863.83
234.00 863.83
234.17 864.00
235.00 864.83
236.00 864.83
236.17 865.00
237.00 865.83
238.00 865.83
239.00 865.83
239.17 866.00
240.00 866.83
241.00 866.83
242.00 866.83
243.00 866.83
244.00 866.83
245.00 866.83
246.00 866.83
247.00 866.83
247.17 867.00
248.00 867.83
249.00 867.83
250.00 867.83
251.00 867.83
251.83 867.00
252.00 866.83
253.00 866.83
254.00 866.83
255.00 866.83
256.00 866.83
257.00 866.83
258.00 866.83
259.00 866.83
260.00 866.83
260.83 866.00
261.00 865.83
262.00 865.83
262.83 865.00
263.00 864.83
264.00 864.83
264.83 864.00
265.00 863.83
266.00 863.83
266.83 863.00
267.00 862.83
268.00 862.83
268.83 862.00
269.00 861.83
269.83 861.00
270.00 860.83
270.83 860.00
271.00 859.83
271.83 859.00
272.00 858.83
272.83 858.00
273.00 857.83
273.83 857.00
273.83 856.00
274.00 855.83
274.83 855.00
274.83 854.00
275.00 853.83
275.83 853.00
275.83 852.00
276.00 851.83
276.83 851.00
276.83 850.00
276.83 849.00
277.00 848.83
277.83 848.00
278.00 847.83
278.83 847.00
278.83 846.00
278.83 845.00
278.83 844.00
279.00 843.83
279.83 843.00
279.83 842.00
279.83 841.00
280.00 840.83
280.83 840.00
280.83 839.00
280.83 838.00
281.00 837.83
281.83 837.00

Contour 2:
268.88 22.00
268.88 21.00
268.88 20.00
268.88 19.00
268.88 18.00
268.88 17.00
268.88 16.00
268.88 15.00
268.88 14.00
268.88 13.00
268.88 12.00
268.88 11.00
268.00 10.12
267.88 10.00
267.88 9.00
267.00 8.12
266.88 8.00
266.88 7.00
266.00 6.12
265.88 6.00
265.00 5.12
264.00 5.12
263.88 5.00
263.00 4.12
262.00 4.12
261.88 4.00
261.00 3.12
260.00 3.12
259.88 3.00
259.00 2.12
258.00 2.12
257.00 2.12
256.00 2.12
255.88 2.00
255.00 1.12
254.00 1.12
253.00 1.12
252.00 1.12
251.00 1.12
250.00 1.12
249.00 1.12
248.00 1.12
247.00 1.12
246.12 2.00
246.00 2.12
245.00 2.12
244.00 2.12
243.00 2.12
242.00 2.12
241.00 2.12
240.00 2.12
239.00 2.12
238.00 2.12
237.00 2.12
236.00 2.12
235.88 2.00
235.00 1.12
234.00 1.12
233.00 1.12
232.00 1.12
231.00 1.12
230.00 1.12
229.00 1.12
228.00 1.12
227.00 1.12
226.00 1.12
225.00 1.12
224.00 1.12
223.00 1.12
222.00 1.12
221.00 1.12
220.00 1.12
219.00 1.12
218.00 1.12
217.00 1.12
216.00 1.12
215.00 1.12
214.12 2.00
214.00 2.12
213.00 2.12
212.00 2.12
211.00 2.12
210.12 3.00
210.00 3.12
209.00 3.12
208.00 3.12
207.12 4.00
207.00 4.12
206.00 4.12
205.12 5.00
205.00 5.12
204.12 6.00
204.00 6.12
203.12 7.00
203.00 7.12
202.12 8.00
202.00 8.12
201.12 9.00
201.00 9.12
200.12 10.00
200.12 11.00
200.12 12.00
200.00 12.12
199.12 13.00
199.12 14.00
199.12 15.00
199.12 16.00
199.12 17.00
199.12 18.00
199.00 18.12
198.12 19.00
198.12 20.00
198.12 21.00
198.12 22.00
198.12 23.00
198.12 24.00
198.12 25.00
198.12 26.00
199.00 26.88
199.12 27.00
199.12 28.00
199.12 29.00
199.12 30.00
199.12 31.00
199.12 32.00
199.12 33.00
199.12 34.00
199.12 35.00
200.00 35.88
200.12 36.00
200.12 37.00
201.00 37.88
201.12 38.00
201.12 39.00
202.00 39.88
202.12 40.00
202.12 41.00
203.00 41.88
203.12 42.00
204.00 42.88
204.12 43.00
205.00 43.88
205.12 44.00
206.00 44.88
206.12 45.00
207.00 45.88
207.12 46.00
208.00 46.88
208.12 47.00
209.00 47.88
209.12 48.00
210.00 48.88
210.12 49.00
211.00 49.88
211.12 50.00
212.00 50.88
213.00 50.88
213.12 51.00
214.00 51.88
215.00 51.88
216.00 51.88
216.12 52.00
217.00 52.88
218.00 52.88
219.00 52.88
219.12 53.00
220.00 53.88
221.00 53.88
222.00 53.88
223.00 53.88
224.00 53.88
224.12 54.00
225.00 54.88
226.00 54.88
227.00 54.88
228.00 54.88
229.00 54.88
230.00 54.88
230.12 55.00
231.00 55.88
232.00 55.88
233.00 55.88
234.00 55.88
234.88 55.00
235.00 54.88
236.00 54.88
237.00 54.88
238.00 54.88
239.00 54.88
240.00 54.88
240.88 54.00
241.00 53.88
242.00 53.88
243.00 53.88
243.88 53.00
244.00 52.88
245.00 52.88
245.88 52.00
246.00 51.88
246.88 51.00
247.00 50.88
248.00 50.88
248.88 50.00
249.00 49.88
249.88 49.00
250.00 48.88
250.88 48.00
251.00 47.88
251.88 47.00
252.00 46.88
252.88 46.00
253.00 45.88
254.00 45.88
254.88 45.00
255.00 44.88
255.88 44.00
255.88 43.00
256.00 42.88
256.88 42.00
257.00 41.88
257.88 41.00
258.00 40.88
258.88 40.00
259.00 39.88
260.00 39.88
260.88 39.00
260.88 38.00
261.00 37.88
261.88 37.00
262.00 36.88
262.88 36.00
263.00 35.88
263.88 35.00
263.88 34.00
264.00 33.88
264.88 33.00
264.88 32.00
265.00 31.88
265.88 31.00
265.88 30.00
266.00 29.88
266.88 29.00
266.88 28.00
266.88 27.00
267.00 26.88
267.88 26.00
267.88 25.00
267.88 24.00
267.88 23.00
268.00 22.88
268.88 22.00

Contour 3:
278.90 259.00
278.90 258.00
278.90 257.00
278.90 256.00
278.90 255.00
278.90 254.00
278.90 253.00
278.90 252.00
278.00 251.10
277.90 251.00
277.90 250.00
277.90 249.00
277.90 248.00
277.90 247.00
277.90 246.00
277.90 245.00
277.90 244.00
277.90 243.00
277.00 242.10
276.90 242.00
276.90 241.00
276.90 240.00
276.90 239.00
276.00 238.10
275.90 238.00
275.90 237.00
275.90 236.00
275.00 235.10
274.90 235.00
274.90 234.00
274.90 233.00
274.00 232.10
273.90 232.00
273.90 231.00
273.00 230.10
272.90 230.00
272.90 229.00
272.00 228.10
271.90 228.00
271.00 227.10
270.90 227.00
270.90 226.00
270.00 225.10
269.00 225.10
268.90 225.00
268.90 224.00
268.00 223.10
267.90 223.00
267.00 222.10
266.00 222.10
265.90 222.00
265.00 221.10
264.90 221.00
264.00 220.10
263.90 220.00
263.00 219.10
262.00 219.10
261.90 219.00
261.00 218.10
260.90 218.00
260.00 217.10
259.00 217.10
258.90 217.00
258.00 216.10
257.00 216.10
256.90 216.00
256.00 215.10
255.00 215.10
254.90 215.00
254.00 214.10
253.00 214.10
252.90 214.00
252.00 213.10
251.90 213.00
251.00 212.10
250.00 212.10
249.00 212.10
248.90 212.00
248.00 211.10
247.00 211.10
246.90 211.00
246.00 210.10
245.00 210.10
244.00 210.10
243.90 210.00
243.00 209.10
242.00 209.10
241.00 209.10
240.00 209.10
239.00 209.10
238.00 209.10
237.00 209.10
236.00 209.10
235.00 209.10
234.00 209.10
233.00 209.10
232.00 209.10
231.00 209.10
230.00 209.10
229.00 209.10
228.10 210.00
228.00 210.10
227.00 210.10
226.00 210.10
225.10 211.00
225.00 211.10
224.00 211.10
223.00 211.10
222.10 212.00
222.00 212.10
221.00 212.10
220.10 213.00
220.00 213.10
219.00 213.10
218.10 214.00
218.00 214.10
217.10 215.00
217.00 215.10
216.10 216.00
216.00 216.10
215.10 217.00
215.00 217.10
214.10 218.00
214.10 219.00
214.00 219.10
213.10 220.00
213.10 221.00
213.00 221.10
212.10 222.00
212.00 222.10
211.10 223.00
211.10 224.00
211.00 224.10
210.10 225.00
210.00 225.10
209.10 226.00
209.10 227.00
209.00 227.10
208.10 228.00
208.00 228.10
207.10 229.00
207.10 230.00
207.00 230.10
206.10 231.00
206.10 232.00
206.00 232.10
205.10 233.00
205.10 234.00
205.10 235.00
205.10 236.00
205.00 236.10
204.10 237.00
204.10 238.00
204.10 239.00
204.10 240.00
204.10 241.00
204.10 242.00
204.10 243.00
205.00 243.90
205.10 244.00
205.10 245.00
205.10 246.00
205.10 247.00
205.10 248.00
206.00 248.90
206.10 249.00
206.10 250.00
206.10 251.00
207.00 251.90
207.10 252.00
207.10 253.00
207.10 254.00
208.00 254.90
208.10 255.00
208.10 256.00
209.00 256.90
209.10 257.00
209.10 258.00
210.00 258.90
210.10 259.00
210.10 260.00
211.00 260.90
211.10 261.00
211.10 262.00
211.10 263.00
212.00 263.90
212.10 264.00
212.10 265.00
213.00 265.90
213.10 266.00
213.10 267.00
214.00 267.90
214.10 268.00
214.10 269.00
215.00 269.90
215.10 270.00
215.10 271.00
216.00 271.90
216.10 272.00
216.10 273.00
217.00 273.90
217.10 274.00
217.10 275.00
218.00 275.90
218.10 276.00
219.00 276.90
219.10 277.00
220.00 277.90
220.10 278.00
221.00 278.90
221.10 279.00
222.00 279.90
222.10 280.00
223.00 280.90
224.00 280.90
224.10 281.00
225.00 281.90
226.00 281.90
226.10 282.00
227.00 282.90
228.00 282.90
228.10 283.00
229.00 283.90
229.10 284.00
230.00 284.90
231.00 284.90
232.00 284.90
232.10 285.00
233.00 285.90
234.00 285.90
234.10 286.00
235.00 286.90
236.00 286.90
236.10 287.00
237.00 287.90
238.00 287.90
239.00 287.90
239.10 288.00
240.00 288.90
241.00 288.90
242.00 288.90
243.00 288.90
243.10 289.00
244.00 289.90
245.00 289.90
246.00 289.90
247.00 289.90
248.00 289.90
249.00 289.90
250.00 289.90
251.00 289.90
251.90 289.00
252.00 288.90
253.00 288.90
254.00 288.90
255.00 288.90
255.90 288.00
256.00 287.90
257.00 287.90
258.00 287.90
258.90 287.00
259.00 286.90
260.00 286.90
260.90 286.00
261.00 285.90
262.00 285.90
262.90 285.00
263.00 284.90
264.00 284.90
264.90 284.00
265.00 283.90
265.90 283.00
266.00 282.90
267.00 282.90
267.90 282.00
268.00 281.90
268.90 281.00
269.00 280.90
269.90 280.00
270.00 279.90
270.90 279.00
271.00 278.90
271.90 278.00
272.00 277.90
272.90 277.00
272.90 276.00
273.00 275.90
273.90 275.00
273.90 274.00
274.00 273.90
274.90 273.00
274.90 272.00
275.00 271.90
275.90 271.00
275.90 270.00
275.90 269.00
276.00 268.90
276.90 268.00
276.90 267.00
276.90 266.00
276.90 265.00
277.00 264.90
277.90 264.00
277.90 263.00
277.90 262.00
277.90 261.00
277.90 260.00
278.00 259.90
278.90 259.00

Contour 4:
303.92 643.00
303.92 642.00
303.92 641.00
303.92 640.00
303.92 639.00
303.92 638.00
303.92 637.00
303.92 636.00
303.92 635.00
303.92 634.00
303.92 633.00
303.92 632.00
303.92 631.00
303.92 630.00
303.92 629.00
303.92 628.00
303.00 627.08
302.92 627.00
302.92 626.00
302.92 625.00
302.92 624.00
302.00 623.08
301.92 623.00
301.92 622.00
301.92 621.00
301.92 620.00
301.92 619.00
301.00 618.08
300.92 618.00
300.92 617.00
300.92 616.00
300.00 615.08
299.92 615.00
299.92 614.00
299.00 613.08
298.92 613.00
298.92 612.00
298.00 611.08
297.92 611.00
297.00 610.08
296.92 610.00
296.00 609.08
295.92 609.00
295.00 608.08
294.92 608.00
294.00 607.08
293.92 607.00
293.00 606.08
292.92 606.00
292.00 605.08
291.92 605.00
291.00 604.08
290.92 604.00
290.00 603.08
289.92 603.00
289.00 602.08
288.00 602.08
287.92 602.00
287.00 601.08
286.00 601.08
285.92 601.00
285.00 600.08
284.00 600.08
283.00 600.08
282.92 600.00
282.00 599.08
281.00 599.08
280.00 599.08
279.00 599.08
278.92 599.00
278.00 598.08
277.00 598.08
276.00 598.08
275.00 598.08
274.92 598.00
274.00 597.08
273.00 597.08
272.00 597.08
271.00 597.08
270.00 597.08
269.00 597.08
268.00 597.08
267.00 597.08
266.00 597.08
265.08 598.00
265.00 598.08
264.00 598.08
263.00 598.08
262.00 598.08
261.00 598.08
260.00 598.08
259.08 599.00
259.00 599.08
258.00 599.08
257.08 600.00
257.00 600.08
256.00 600.08
255.00 600.08
254.08 601.00
254.00 601.08
253.00 601.08
252.08 602.00
252.00 602.08
251.08 603.00
251.00 603.08
250.08 604.00
250.00 604.08
249.08 605.00
249.00 605.08
248.00 605.08
247.08 606.00
247.00 606.08
246.08 607.00
246.00 607.08
245.08 608.00
245.00 608.08
244.08 609.00
244.00 609.08
243.08 610.00
243.00 610.08
242.08 611.00
242.00 611.08
241.08 612.00
241.00 612.08
240.08 613.00
240.00 613.08
239.08 614.00
239.00 614.08
238.08 615.00
238.00 615.08
237.08 616.00
237.08 617.00
237.00 617.08
236.08 618.00
236.00 618.08
235.08 619.00
235.00 619.08
234.08 620.00
234.00 620.08
233.08 621.00
233.00 621.08
232.08 622.00
232.08 623.00
232.00 623.08
231.08 624.00
231.00 624.08
230.08 625.00
230.08 626.00
230.00 626.08
229.08 627.00
229.08 628.00
229.00 628.08
228.08 629.00
228.00 629.08
227.08 630.00
227.08 631.00
227.08 632.00
227.00 632.08
226.08 633.00
226.08 634.00
226.08 635.00
226.08 636.00
226.00 636.08
225.08 637.00
225.08 638.00
225.08 639.00
225.08 640.00
225.08 641.00
225.08 642.00
226.00 642.92
226.08 643.00
226.08 644.00
226.08 645.00
226.08 646.00
226.08 647.00
227.00 647.92
227.08 648.00
227.08 649.00
227.08 650.00
228.00 650.92
228.08 651.00
228.08 652.00
228.08 653.00
229.00 653.92
229.08 654.00
229.08 655.00
230.00 655.92
230.08 656.00
230.08 657.00
231.00 657.92
231.08 658.00
232.00 658.92
232.08 659.00
232.08 660.00
233.00 660.92
233.08 661.00
234.00 661.92
234.08 662.00
234.08 663.00
235.00 663.92
235.08 664.00
236.00 664.92
236.08 665.00
237.00 665.92
237.08 666.00
238.00 666.92
238.08 667.00
239.00 667.92
239.08 668.00
240.00 668.92
240.08 669.00
241.00 669.92
242.00 669.92
242.08 670.00
243.00 670.92
243.08 671.00
244.00 671.92
245.00 671.92
245.08 672.00
246.00 672.92
246.08 673.00
247.00 673.92
248.00 673.92
249.00 673.92
249.08 674.00
250.00 674.92
251.00 674.92
251.08 675.00
252.00 675.92
253.00 675.92
254.00 675.92
254.08 676.00
255.00 676.92
256.00 676.92
257.00 676.92
258.00 676.92
259.00 676.92
260.00 676.92
261.00 676.92
262.00 676.92
263.00 676.92
264.00 676.92
265.00 676.92
266.00 676.92
267.00 676.92
268.00 676.92
269.00 676.92
269.92 676.00
270.00 675.92
271.00 675.92
272.00 675.92
272.92 675.00
273.00 674.92
274.00 674.92
274.92 674.00
275.00 673.92
276.00 673.92
276.92 673.00
277.00 672.92
278.00 672.92
278.92 672.00
279.00 671.92
280.00 671.92
280.92 671.00
281.00 670.92
281.92 670.00
282.00 669.92
283.00 669.92
283.92 669.00
284.00 668.92
284.92 668.00
285.00 667.92
286.00 667.92
286.92 667.00
287.00 666.92
287.92 666.00
288.00 665.92
288.92 665.00
289.00 664.92
289.92 664.00
290.00 663.92
290.92 663.00
291.00 662.92
292.00 662.92
292.92 662.00
293.00 661.92
293.92 661.00
293.92 660.00
294.00 659.92
295.00 659.92
295.92 659.00
295.92 658.00
296.00 657.92
296.92 657.00
297.00 656.92
297.92 656.00
298.00 655.92
298.92 655.00
298.92 654.00
299.00 653.92
299.92 653.00
299.92 652.00
300.00 651.92
300.92 651.00
300.92 650.00
301.00 649.92
301.92 649.00
301.92 648.00
301.92 647.00
302.00 646.92
302.92 646.00
302.92 645.00
302.92 644.00
303.00 643.92
303.92 643.00

Contour 5:
343.93 477.00
343.93 476.00
343.00 475.07
342.93 475.00
342.93 474.00
342.93 473.00
342.93 472.00
342.93 471.00
342.93 470.00
342.00 469.07
341.93 469.00
341.93 468.00
341.00 467.07
340.93 467.00
340.93 466.00
340.00 465.07
339.93 465.00
339.93 464.00
339.00 463.07
338.93 463.00
338.00 462.07
337.93 462.00
337.00 461.07
336.93 461.00
336.00 460.07
335.93 460.00
335.00 459.07
334.93 459.00
334.00 458.07
333.93 458.00
333.00 457.07
332.93 457.00
332.00 456.07
331.00 456.07
330.93 456.00
330.00 455.07
329.00 455.07
328.93 455.00
328.00 454.07
327.00 454.07
326.93 454.00
326.00 453.07
325.00 453.07
324.93 453.00
324.00 452.07
323.00 452.07
322.93 452.00
322.00 451.07
321.00 451.07
320.93 451.00
320.00 450.07
319.00 450.07
318.93 450.00
318.00 449.07
317.00 449.07
316.00 449.07
315.93 449.00
315.00 448.07
314.00 448.07
313.00 448.07
312.93 448.00
312.00 447.07
311.00 447.07
310.00 447.07
309.00 447.07
308.00 447.07
307.00 447.07
306.00 447.07
305.00 447.07
304.00 447.07
303.00 447.07
302.00 447.07
301.00 447.07
300.00 447.07
299.07 448.00
299.00 448.07
298.00 448.07
297.00 448.07
296.00 448.07
295.00 448.07
294.00 448.07
293.07 449.00
293.00 449.07
292.00 449.07
291.07 450.00
291.00 450.07
290.00 450.07
289.07 451.00
289.00 451.07
288.07 452.00
288.00 452.07
287.00 452.07
286.07 453.00
286.00 453.07
285.07 454.00
285.00 454.07
284.07 455.00
284.00 455.07
283.07 456.00
283.07 457.00
283.00 457.07
282.07 458.00
282.00 458.07
281.07 459.00
281.00 459.07
280.07 460.00
280.07 461.00
280.00 461.07
279.07 462.00
279.07 463.00
279.07 464.00
279.00 464.07
278.07 465.00
278.07 466.00
278.07 467.00
278.07 468.00
278.07 469.00
278.07 470.00
278.07 471.00
278.07 472.00
278.07 473.00
278.07 474.00
279.00 474.93
279.07 475.00
279.07 476.00
279.07 477.00
279.07 478.00
280.00 478.93
280.07 479.00
280.07 480.00
281.00 480.93
281.07 481.00
282.00 481.93
282.07 482.00
282.07 483.00
283.00 483.93
283.07 484.00
284.00 484.93
284.07 485.00
285.00 485.93
285.07 486.00
286.00 486.93
286.07 487.00
287.00 487.93
287.07 488.00
288.00 488.93
288.07 489.00
289.00 489.93
289.07 490.00
290.00 490.93
290.07 491.00
291.00 491.93
291.07 492.00
292.00 492.93
293.00 492.93
293.07 493.00
294.00 493.93
294.07 494.00
295.00 494.93
296.00 494.93
296.07 495.00
297.00 495.93
298.00 495.93
298.07 496.00
299.00 496.93
300.00 496.93
301.00 496.93
301.07 497.00
302.00 497.93
303.00 497.93
303.07 498.00
304.00 498.93
305.00 498.93
306.00 498.93
306.07 499.00
307.00 499.93
308.00 499.93
309.00 499.93
310.00 499.93
311.00 499.93
312.00 499.93
313.00 499.93
313.07 500.00
314.00 500.93
315.00 500.93
316.00 500.93
317.00 500.93
318.00 500.93
319.00 500.93
320.00 500.93
320.93 500.00
321.00 499.93
322.00 499.93
323.00 499.93
324.00 499.93
325.00 499.93
326.00 499.93
326.93 499.00
327.00 498.93
328.00 498.93
328.93 498.00
329.00 497.93
330.00 497.93
330.93 497.00
331.00 496.93
332.00 496.93
332.93 496.00
333.00 495.93
333.93 495.00
334.00 494.93
335.00 494.93
335.93 494.00
336.00 493.93
336.93 493.00
337.00 492.93
337.93 492.00
338.00 491.93
338.93 491.00
338.93 490.00
339.00 489.93
339.93 489.00
340.00 488.93
340.93 488.00
340.93 487.00
341.00 486.93
341.93 486.00
341.93 485.00
341.93 484.00
342.00 483.93
342.93 483.00
342.93 482.00
342.93 481.00
342.93 480.00
342.93 479.00
342.93 478.00
343.00 477.93
343.93 477.00

Contour 6:
360.94 560.00
360.94 559.00
360.94 558.00
360.94 557.00
360.94 556.00
360.94 555.00
360.94 554.00
360.94 553.00
360.94 552.00
360.00 551.06
359.94 551.00
359.94 550.00
359.94 549.00
359.94 548.00
359.94 547.00
359.94 546.00
359.94 545.00
359.00 544.06
358.94 544.00
358.94 543.00
358.94 542.00
358.00 541.06
357.94 541.00
357.94 540.00
357.94 539.00
357.00 538.06
356.94 538.00
356.94 537.00
356.00 536.06
355.94 536.00
355.94 535.00
355.00 534.06
354.94 534.00
354.00 533.06
353.94 533.00
353.00 532.06
352.94 532.00
352.00 531.06
351.94 531.00
351.00 530.06
350.94 530.00
350.00 529.06
349.94 529.00
349.00 528.06
348.94 528.00
348.00 527.06
347.94 527.00
347.00 526.06
346.94 526.00
346.00 525.06
345.00 525.06
344.94 525.00
344.00 524.06
343.00 524.06
342.94 524.00
342.00 523.06
341.00 523.06
340.94 523.00
340.00 522.06
339.00 522.06
338.00 522.06
337.94 522.00
337.00 521.06
336.00 521.06
335.00 521.06
334.00 521.06
333.00 521.06
332.00 521.06
331.00 521.06
330.00 521.06
329.00 521.06
328.00 521.06
327.00 521.06
326.00 521.06
325.00 521.06
324.06 522.00
324.00 522.06
323.00 522.06
322.00 522.06
321.06 523.00
321.00 523.06
320.06 524.00
320.00 524.06
319.00 524.06
318.06 525.00
318.00 525.06
317.00 525.06
316.06 526.00
316.00 526.06
315.00 526.06
314.06 527.00
314.00 527.06
313.00 527.06
312.06 528.00
312.00 528.06
311.00 528.06
310.06 529.00
310.00 529.06
309.06 530.00
309.00 530.06
308.06 531.00
308.00 531.06
307.00 531.06
306.06 532.00
306.00 532.06
305.06 533.00
305.00 533.06
304.06 534.00
304.00 534.06
303.06 535.00
303.00 535.06
302.06 536.00
302.00 536.06
301.06 537.00
301.00 537.06
300.06 538.00
300.06 539.00
300.00 539.06
299.06 540.00
299.00 540.06
298.06 541.00
298.06 542.00
298.00 542.06
297.06 543.00
297.06 544.00
297.06 545.00
297.00 545.06
296.06 546.00
296.06 547.00
296.06 548.00
296.00 548.06
295.06 549.00
295.06 550.00
295.06 551.00
295.06 552.00
295.06 553.00
295.06 554.00
295.06 555.00
295.06 556.00
295.06 557.00
295.06 558.00
295.06 559.00
295.06 560.00
295.06 561.00
295.06 562.00
295.06 563.00
295.06 564.00
296.00 564.94
296.06 565.00
296.06 566.00
296.06 567.00
297.00 567.94
297.06 568.00
297.06 569.00
297.06 570.00
298.00 570.94
298.06 571.00
298.06 572.00
299.00 572.94
299.06 573.00
300.00 573.94
300.06 574.00
300.06 575.00
301.00 575.94
301.06 576.00
302.00 576.94
302.06 577.00
303.00 577.94
303.06 578.00
304.00 578.94
304.06 579.00
305.00 579.94
305.06 580.00
306.00 580.94
306.06 581.00
307.00 581.94
307.06 582.00
308.00 582.94
308.06 583.00
309.00 583.94
310.00 583.94
310.06 584.00
311.00 584.94
312.00 584.94
312.06 585.00
313.00 585.94
314.00 585.94
314.06 586.00
315.00 586.94
316.00 586.94
317.00 586.94
317.06 587.00
318.00 587.94
319.00 587.94
320.00 587.94
321.00 587.94
321.06 588.00
322.00 588.94
323.00 588.94
324.00 588.94
325.00 588.94
325.06 589.00
326.00 589.94
327.00 589.94
328.00 589.94
329.00 589.94
330.00 589.94
331.00 589.94
332.00 589.94
333.00 589.94
334.00 589.94
335.00 589.94
336.00 589.94
336.94 589.00
337.00 588.94
338.00 588.94
339.00 588.94
340.00 588.94
340.94 588.00
341.00 587.94
342.00 587.94
342.94 587.00
343.00 586.94
344.00 586.94
344.94 586.00
345.00 585.94
345.94 585.00
346.00 584.94
346.94 584.00
347.00 583.94
347.94 583.00
348.00 582.94
348.94 582.00
349.00 581.94
349.94 581.00
350.00 580.94
350.94 580.00
351.00 579.94
351.94 579.00
352.00 578.94
352.94 578.00
353.00 577.94
353.94 577.00
354.00 576.94
354.94 576.00
354.94 575.00
355.00 574.94
355.94 574.00
356.00 573.94
356.94 573.00
356.94 572.00
357.00 571.94
357.94 571.00
357.94 570.00
357.94 569.00
358.00 568.94
358.94 568.00
358.94 567.00
358.94 566.00
358.94 565.00
359.00 564.94
359.94 564.00
359.94 563.00
359.94 562.00
359.94 561.00
360.00 560.94
360.94 560.00

Contour 7:
361.94 118.00
361.94 117.00
361.00 116.06
360.94 116.00
360.94 115.00
360.94 114.00
360.94 113.00
360.94 112.00
360.94 111.00
360.94 110.00
360.94 109.00
360.94 108.00
360.94 107.00
360.00 106.06
359.94 106.00
359.00 105.06
358.94 105.00
358.00 104.06
357.94 104.00
357.00 103.06
356.00 103.06
355.00 103.06
354.94 103.00
354.00 102.06
353.94 102.00
353.00 101.06
352.94 101.00
352.00 100.06
351.00 100.06
350.94 100.00
350.00 99.06
349.94 99.00
349.00 98.06
348.94 98.00
348.00 97.06
347.00 97.06
346.94 97.00
346.00 96.06
345.94 96.00
345.00 95.06
344.94 95.00
344.00 94.06
343.94 94.00
343.00 93.06
342.94 93.00
342.94 92.00
342.00 91.06
341.94 91.00
341.00 90.06
340.94 90.00
340.00 89.06
339.00 89.06
338.00 89.06
337.94 89.00
337.00 88.06
336.00 88.06
335.00 88.06
334.00 88.06
333.00 88.06
332.00 88.06
331.00 88.06
330.06 89.00
330.00 89.06
329.00 89.06
328.00 89.06
327.06 90.00
327.00 90.06
326.00 90.06
325.06 91.00
325.00 91.06
324.00 91.06
323.06 92.00
323.00 92.06
322.00 92.06
321.06 93.00
321.00 93.06
320.00 93.06
319.06 94.00
319.00 94.06
318.00 94.06
317.06 95.00
317.00 95.06
316.06 96.00
316.00 96.06
315.00 96.06
314.06 97.00
314.00 97.06
313.06 98.00
313.00 98.06
312.06 99.00
312.06 100.00
312.00 100.06
311.06 101.00
311.06 102.00
311.00 102.06
310.06 103.00
310.06 104.00
310.00 104.06
309.06 105.00
309.06 106.00
309.06 107.00
309.06 108.00
309.06 109.00
309.00 109.06
308.06 110.00
308.06 111.00
308.06 112.00
308.06 113.00
308.06 114.00
308.06 115.00
308.06 116.00
308.00 116.06
307.06 117.00
307.06 118.00
307.06 119.00
307.06 120.00
307.06 121.00
307.06 122.00
307.06 123.00
307.06 124.00
307.06 125.00
307.06 126.00
307.06 127.00
307.06 128.00
307.06 129.00
307.06 130.00
307.06 131.00
308.00 131.94
308.06 132.00
308.06 133.00
308.06 134.00
308.06 135.00
309.00 135.94
309.06 136.00
310.00 136.94
310.06 137.00
311.00 137.94
311.06 138.00
312.00 138.94
312.06 139.00
313.00 139.94
314.00 139.94
314.06 140.00
314.06 141.00
315.00 141.94
315.06 142.00
316.00 142.94
316.06 143.00
317.00 143.94
318.00 143.94
318.06 144.00
319.00 144.94
320.00 144.94
320.06 145.00
321.00 145.94
321.06 146.00
322.00 146.94
322.06 147.00
323.00 147.94
324.00 147.94
325.00 147.94
326.00 147.94
327.00 147.94
328.00 147.94
329.00 147.94
329.06 148.00
330.00 148.94
331.00 148.94
332.00 148.94
333.00 148.94
333.94 148.00
334.00 147.94
335.00 147.94
336.00 147.94
337.00 147.94
337.94 147.00
338.00 146.94
339.00 146.94
339.94 146.00
340.00 145.94
341.00 145.94
342.00 145.94
342.94 145.00
343.00 144.94
344.00 144.94
345.00 144.94
345.94 144.00
346.00 143.94
347.00 143.94
347.94 143.00
348.00 142.94
349.00 142.94
349.94 142.00
350.00 141.94
350.94 141.00
351.00 140.94
351.94 140.00
352.00 139.94
352.94 139.00
352.94 138.00
353.00 137.94
353.94 137.00
354.00 136.94
354.94 136.00
355.00 135.94
355.94 135.00
356.00 134.94
356.94 134.00
356.94 133.00
357.00 132.94
357.94 132.00
357.94 131.00
358.00 130.94
358.94 130.00
358.94 129.00
358.94 128.00
358.94 127.00
359.00 126.94
359.94 126.00
359.94 125.00
360.00 124.94
360.94 124.00
360.94 123.00
360.94 122.00
360.94 121.00
360.94 120.00
360.94 119.00
361.00 118.94
361.94 118.00

Contour 8:
400.95 403.00
400.95 402.00
400.95 401.00
400.95 400.00
400.95 399.00
400.95 398.00
400.00 397.05
399.95 397.00
399.95 396.00
399.95 395.00
399.95 394.00
399.95 393.00
399.95 392.00
399.95 391.00
399.00 390.05
398.95 390.00
398.95 389.00
398.95 388.00
398.00 387.05
397.95 387.00
397.95 386.00
397.95 385.00
397.00 384.05
396.95 384.00
396.00 383.05
395.95 383.00
395.95 382.00
395.00 381.05
394.95 381.00
394.95 380.00
394.00 379.05
393.95 379.00
393.00 378.05
392.95 378.00
392.00 377.05
391.95 377.00
391.00 376.05
390.95 376.00
390.00 375.05
389.95 375.00
389.00 374.05
388.95 374.00
388.00 373.05
387.95 373.00
387.00 372.05
386.95 372.00
386.00 371.05
385.95 371.00
385.00 370.05
384.95 370.00
384.00 369.05
383.00 369.05
382.95 369.00
382.00 368.05
381.00 368.05
380.95 368.00
380.00 367.05
379.00 367.05
378.00 367.05
377.95 367.00
377.00 366.05
376.00 366.05
375.95 366.00
375.00 365.05
374.00 365.05
373.00 365.05
372.00 365.05
371.95 365.00
371.00 364.05
370.00 364.05
369.00 364.05
368.00 364.05
367.00 364.05
366.00 364.05
365.00 364.05
364.00 364.05
363.00 364.05
362.00 364.05
361.00 364.05
360.00 364.05
359.00 364.05
358.05 365.00
358.00 365.05
357.00 365.05
356.00 365.05
355.05 366.00
355.00 366.05
354.00 366.05
353.00 366.05
352.05 367.00
352.00 367.05
351.00 367.05
350.00 367.05
349.05 368.00
349.00 368.05
348.00 368.05
347.05 369.00
347.00 369.05
346.00 369.05
345.05 370.00
345.00 370.05
344.05 371.00
344.00 371.05
343.00 371.05
342.05 372.00
342.00 372.05
341.05 373.00
341.00 373.05
340.05 374.00
340.00 374.05
339.05 375.00
339.00 375.05
338.05 376.00
338.00 376.05
337.05 377.00
337.00 377.05
336.05 378.00
336.00 378.05
335.05 379.00
335.00 379.05
334.05 380.00
334.05 381.00
334.00 381.05
333.05 382.00
333.05 383.00
333.00 383.05
332.05 384.00
332.05 385.00
332.00 385.05
331.05 386.00
331.05 387.00
331.00 387.05
330.05 388.00
330.05 389.00
330.05 390.00
330.00 390.05
329.05 391.00
329.05 392.00
329.05 393.00
329.05 394.00
329.05 395.00
329.05 396.00
329.05 397.00
329.05 398.00
329.05 399.00
329.05 400.00
329.05 401.00
329.05 402.00
329.05 403.00
329.05 404.00
329.05 405.00
330.00 405.95
330.05 406.00
330.05 407.00
330.05 408.00
331.00 408.95
331.05 409.00
331.05 410.00
332.00 410.95
332.05 411.00
333.00 411.95
333.05 412.00
333.05 413.00
334.00 413.95
334.05 414.00
335.00 414.95
335.05 415.00
336.00 415.95
336.05 416.00
337.00 416.95
337.05 417.00
338.00 417.95
338.05 418.00
339.00 418.95
339.05 419.00
340.00 419.95
340.05 420.00
341.00 420.95
341.05 421.00
342.00 421.95
342.05 422.00
343.00 422.95
344.00 422.95
344.05 423.00
345.00 423.95
345.05 424.00
346.00 424.95
347.00 424.95
347.05 425.00
348.00 425.95
349.00 425.95
349.05 426.00
350.00 426.95
350.05 427.00
351.00 427.95
352.00 427.95
353.00 427.95
353.05 428.00
354.00 428.95
355.00 428.95
355.05 429.00
356.00 429.95
357.00 429.95
358.00 429.95
359.00 429.95
359.05 430.00
360.00 430.95
361.00 430.95
362.00 430.95
363.00 430.95
364.00 430.95
365.00 430.95
366.00 430.95
367.00 430.95
368.00 430.95
369.00 430.95
370.00 430.95
371.00 430.95
371.95 430.00
372.00 429.95
373.00 429.95
374.00 429.95
375.00 429.95
376.00 429.95
376.95 429.00
377.00 428.95
378.00 428.95
379.00 428.95
379.95 428.00
380.00 427.95
381.00 427.95
381.95 427.00
382.00 426.95
383.00 426.95
383.95 426.00
384.00 425.95
385.00 425.95
385.95 425.00
386.00 424.95
387.00 424.95
387.95 424.00
388.00 423.95
388.95 423.00
389.00 422.95
390.00 422.95
390.95 422.00
391.00 421.95
391.95 421.00
392.00 420.95
392.95 420.00
393.00 419.95
393.95 419.00
394.00 418.95
394.95 418.00
395.00 417.95
395.95 417.00
395.95 416.00
396.00 415.95
396.95 415.00
397.00 414.95
397.95 414.00
397.95 413.00
398.00 412.95
398.95 412.00
398.95 411.00
398.95 410.00
399.00 409.95
399.95 409.00
399.95 408.00
399.95 407.00
399.95 406.00
399.95 405.00
399.95 404.00
400.00 403.95
400.95 403.00

Contour 9:
392.95 936.00
392.95 935.00
392.95 934.00
392.95 933.00
392.95 932.00
392.95 931.00
392.95 930.00
392.95 929.00
392.95 928.00
392.95 927.00
392.95 926.00
392.95 925.00
392.95 924.00
392.95 923.00
392.95 922.00
392.95 921.00
392.95 920.00
392.00 919.05
391.95 919.00
391.95 918.00
391.95 917.00
391.95 916.00
391.00 915.05
390.95 915.00
390.95 914.00
390.95 913.00
390.00 912.05
389.95 912.00
389.95 911.00
389.00 910.05
388.95 910.00
388.95 909.00
388.95 908.00
388.00 907.05
387.95 907.00
387.00 906.05
386.95 906.00
386.95 905.00
386.00 904.05
385.95 904.00
385.00 903.05
384.95 903.00
384.00 902.05
383.95 902.00
383.00 901.05
382.95 901.00
382.95 900.00
382.00 899.05
381.95 899.00
381.00 898.05
380.95 898.00
380.00 897.05
379.95 897.00
379.00 896.05
378.95 896.00
378.00 895.05
377.95 895.00
377.00 894.05
376.95 894.00
376.00 893.05
375.00 893.05
374.95 893.00
374.00 892.05
373.95 892.00
373.00 891.05
372.95 891.00
372.00 890.05
371.00 890.05
370.95 890.00
370.00 889.05
369.95 889.00
369.00 888.05
368.95 888.00
368.00 887.05
367.00 887.05
366.95 887.00
366.00 886.05
365.00 886.05
364.95 886.00
364.00 885.05
363.00 885.05
362.00 885.05
361.00 885.05
360.95 885.00
360.00 884.05
359.00 884.05
358.00 884.05
357.00 884.05
356.00 884.05
355.00 884.05
354.05 885.00
354.00 885.05
353.00 885.05
352.00 885.05
351.05 886.00
351.00 886.05
350.00 886.05
349.05 887.00
349.00 887.05
348.00 887.05
347.05 888.00
347.00 888.05
346.00 888.05
345.05 889.00
345.00 889.05
344.05 890.00
344.00 890.05
343.00 890.05
342.05 891.00
342.00 891.05
341.05 892.00
341.00 892.05
340.05 893.00
340.00 893.05
339.05 894.00
339.05 895.00
339.00 895.05
338.05 896.00
338.00 896.05
337.05 897.00
337.05 898.00
337.00 898.05
336.05 899.00
336.05 900.00
336.00 900.05
335.05 901.00
335.05 902.00
335.05 903.00
335.00 903.05
334.05 904.00
334.05 905.00
334.05 906.00
334.00 906.05
333.05 907.00
333.05 908.00
333.05 909.00
333.05 910.00
333.05 911.00
333.05 912.00
333.05 913.00
333.00 913.05
332.05 914.00
332.05 915.00
332.05 916.00
332.05 917.00
332.05 918.00
332.05 919.00
332.05 920.00
332.00 920.05
331.05 921.00
331.05 922.00
331.05 923.00
331.05 924.00
331.05 925.00
331.05 926.00
331.05 927.00
332.00 927.95
332.05 928.00
332.05 929.00
332.05 930.00
332.05 931.00
332.05 932.00
332.05 933.00
332.05 934.00
332.05 935.00
333.00 935.95
333.05 936.00
333.05 937.00
333.05 938.00
333.05 939.00
333.05 940.00
334.00 940.95
334.05 941.00
334.05 942.00
334.05 943.00
335.00 943.95
335.05 944.00
335.05 945.00
336.00 945.95
336.05 946.00
336.05 947.00
337.00 947.95
337.05 948.00
337.05 949.00
338.00 949.95
338.05 950.00
338.05 951.00
339.00 951.95
339.05 952.00
340.00 952.95
340.05 953.00
341.00 953.95
341.05 954.00
342.00 954.95
342.05 955.00
343.00 955.95
343.05 956.00
344.00 956.95
345.00 956.95
345.05 957.00
346.00 957.95
347.00 957.95
347.05 958.00
348.00 958.95
349.00 958.95
350.00 958.95
351.00 958.95
351.05 959.00
352.00 959.95
353.00 959.95
354.00 959.95
354.05 960.00
355.00 960.95
356.00 960.95
357.00 960.95
358.00 960.95
359.00 960.95
360.00 960.95
360.05 961.00
361.00 961.95
362.00 961.95
363.00 961.95
363.95 961.00
364.00 960.95
365.00 960.95
366.00 960.95
367.00 960.95
368.00 960.95
369.00 960.95
370.00 960.95
370.95 960.00
371.00 959.95
372.00 959.95
373.00 959.95
374.00 959.95
374.95 959.00
375.00 958.95
376.00 958.95
377.00 958.95
377.95 958.00
378.00 957.95
378.95 957.00
379.00 956.95
380.00 956.95
380.95 956.00
381.00 955.95
381.95 955.00
382.00 954.95
382.95 954.00
383.00 953.95
383.95 953.00
384.00 952.95
384.95 952.00
385.00 951.95
385.95 951.00
386.00 950.95
386.95 950.00
386.95 949.00
387.00 948.95
387.95 948.00
388.00 947.95
388.95 947.00
388.95 946.00
389.00 945.95
389.95 945.00
389.95 944.00
390.00 943.95
390.95 943.00
390.95 942.00
390.95 941.00
391.00 940.95
391.95 940.00
391.95 939.00
391.95 938.00
391.95 937.00
392.00 936.95
392.95 936.00

Contour 10:
394.96 225.00
394.96 224.00
394.96 223.00
394.96 222.00
394.96 221.00
394.96 220.00
394.96 219.00
394.96 218.00
394.96 217.00
394.96 216.00
394.96 215.00
394.00 214.04
393.96 214.00
393.96 213.00
393.96 212.00
393.96 211.00
393.00 210.04
392.96 210.00
392.96 209.00
392.00 208.04
391.96 208.00
391.96 207.00
391.00 206.04
390.96 206.00
390.00 205.04
389.96 205.00
389.00 204.04
388.96 204.00
388.00 203.04
387.96 203.00
387.00 202.04
386.96 202.00
386.00 201.04
385.96 201.00
385.00 200.04
384.96 200.00
384.00 199.04
383.00 199.04
382.96 199.00
382.00 198.04
381.00 198.04
380.96 198.00
380.00 197.04
379.00 197.04
378.00 197.04
377.96 197.00
377.00 196.04
376.00 196.04
375.00 196.04
374.00 196.04
373.00 196.04
372.00 196.04
371.00 196.04
370.00 196.04
369.00 196.04
368.04 197.00
368.00 197.04
367.00 197.04
366.00 197.04
365.00 197.04
364.04 198.00
364.00 198.04
363.00 198.04
362.04 199.00
362.00 199.04
361.00 199.04
360.04 200.00
360.00 200.04
359.00 200.04
358.04 201.00
358.00 201.04
357.04 202.00
357.00 202.04
356.00 202.04
355.04 203.00
355.00 203.04
354.04 204.00
354.00 204.04
353.04 205.00
353.00 205.04
352.04 206.00
352.00 206.04
351.04 207.00
351.00 207.04
350.04 208.00
350.00 208.04
349.04 209.00
349.00 209.04
348.04 210.00
348.04 211.00
348.00 211.04
347.04 212.00
347.00 212.04
346.04 213.00
346.00 213.04
345.04 214.00
345.04 215.00
345.00 215.04
344.04 216.00
344.00 216.04
343.04 217.00
343.04 218.00
343.00 218.04
342.04 219.00
342.04 220.00
342.00 220.04
341.04 221.00
341.04 222.00
341.00 222.04
340.04 223.00
340.04 224.00
340.04 225.00
340.00 225.04
339.04 226.00
339.04 227.00
339.04 228.00
339.00 228.04
338.04 229.00
338.04 230.00
338.04 231.00
338.04 232.00
338.04 233.00
338.00 233.04
337.04 234.00
337.04 235.00
337.04 236.00
337.04 237.00
337.04 238.00
337.04 239.00
337.04 240.00
337.04 241.00
337.04 242.00
337.04 243.00
337.04 244.00
338.00 244.96
338.04 245.00
338.04 246.00
338.04 247.00
338.04 248.00
339.00 248.96
339.04 249.00
339.04 250.00
339.04 251.00
340.00 251.96
340.04 252.00
340.04 253.00
341.00 253.96
341.04 254.00
342.00 254.96
342.04 255.00
343.00 255.96
343.04 256.00
344.00 256.96
344.04 257.00
345.00 257.96
345.04 258.00
346.00 258.96
347.00 258.96
347.04 259.00
348.00 259.96
348.04 260.00
349.00 260.96
350.00 260.96
350.04 261.00
351.00 261.96
352.00 261.96
352.04 262.00
353.00 262.96
354.00 262.96
355.00 262.96
356.00 262.96
357.00 262.96
358.00 262.96
359.00 262.96
360.00 262.96
360.96 262.00
361.00 261.96
362.00 261.96
363.00 261.96
364.00 261.96
364.96 261.00
365.00 260.96
366.00 260.96
367.00 260.96
368.00 260.96
368.96 260.00
369.00 259.96
370.00 259.96
370.96 259.00
371.00 258.96
372.00 258.96
372.96 258.00
373.00 257.96
374.00 257.96
374.96 257.00
375.00 256.96
375.96 256.00
376.00 255.96
377.00 255.96
377.96 255.00
378.00 254.96
378.96 254.00
379.00 253.96
379.96 253.00
380.00 252.96
380.96 252.00
381.00 251.96
381.96 251.00
382.00 250.96
382.96 250.00
383.00 249.96
383.96 249.00
384.00 248.96
384.96 248.00
385.00 247.96
385.96 247.00
385.96 246.00
386.00 245.96
386.96 245.00
387.00 244.96
387.96 244.00
387.96 243.00
388.00 242.96
388.96 242.00
388.96 241.00
389.00 240.96
389.96 240.00
389.96 239.00
390.00 238.96
390.96 238.00
390.96 237.00
391.00 236.96
391.96 236.00
391.96 235.00
391.96 234.00
392.00 233.96
392.96 233.00
392.96 232.00
392.96 231.00
393.00 230.96
393.96 230.00
393.96 229.00
393.96 228.00
393.96 227.00
393.96 226.00
394.00 225.96
394.96 225.00

Contour 11:
435.96 805.00
435.96 804.00
435.96 803.00
435.96 802.00
435.96 801.00
435.96 800.00
435.96 799.00
435.96 798.00
435.96 797.00
435.96 796.00
435.96 795.00
435.96 794.00
435.96 793.00
435.96 792.00
435.96 791.00
435.00 790.04
434.96 790.00
434.96 789.00
434.96 788.00
434.96 787.00
434.00 786.04
433.96 786.00
433.96 785.00
433.96 784.00
433.00 783.04
432.96 783.00
432.96 782.00
432.00 781.04
431.96 781.00
431.00 780.04
430.96 780.00
430.96 779.00
430.00 778.04
429.96 778.00
429.00 777.04
428.96 777.00
428.00 776.04
427.96 776.00
427.00 775.04
426.96 775.00
426.00 774.04
425.96 774.00
425.00 773.04
424.96 773.00
424.00 772.04
423.00 772.04
422.96 772.00
422.00 771.04
421.96 771.00
421.00 770.04
420.00 770.04
419.96 770.00
419.00 769.04
418.00 769.04
417.96 769.00
417.00 768.04
416.00 768.04
415.96 768.00
415.00 767.04
414.00 767.04
413.00 767.04
412.96 767.00
412.00 766.04
411.00 766.04
410.00 766.04
409.00 766.04
408.00 766.04
407.00 766.04
406.00 766.04
405.00 766.04
404.96 766.00
404.00 765.04
403.00 765.04
402.00 765.04
401.00 765.04
400.04 766.00
400.00 766.04
399.00 766.04
398.00 766.04
397.00 766.04
396.00 766.04
395.00 766.04
394.04 767.00
394.00 767.04
393.00 767.04
392.00 767.04
391.00 767.04
390.04 768.00
390.00 768.04
389.00 768.04
388.00 768.04
387.04 769.00
387.00 769.04
386.00 769.04
385.04 770.00
385.00 770.04
384.00 770.04
383.04 771.00
383.00 771.04
382.00 771.04
381.04 772.00
381.00 772.04
380.00 772.04
379.04 773.00
379.00 773.04
378.04 774.00
378.00 774.04
377.00 774.04
376.04 775.00
376.00 775.04
375.04 776.00
375.00 776.04
374.04 777.00
374.00 777.04
373.04 778.00
373.00 778.04
372.00 778.04
371.04 779.00
371.00 779.04
370.04 780.00
370.04 781.00
370.00 781.04
369.04 782.00
369.00 782.04
368.04 783.00
368.00 783.04
367.04 784.00
367.04 785.00
367.00 785.04
366.04 786.00
366.04 787.00
366.04 788.00
366.00 788.04
365.04 789.00
365.04 790.00
365.04 791.00
365.04 792.00
365.04 793.00
365.00 793.04
364.04 794.00
364.04 795.00
364.04 796.00
364.04 797.00
364.04 798.00
364.04 799.00
364.04 800.00
364.04 801.00
364.04 802.00
364.04 803.00
364.04 804.00
364.04 805.00
365.00 805.96
365.04 806.00
365.04 807.00
365.04 808.00
366.00 808.96
366.04 809.00
366.04 810.00
366.04 811.00
367.00 811.96
367.04 812.00
367.04 813.00
368.00 813.96
368.04 814.00
368.04 815.00
369.00 815.96
369.04 816.00
369.04 817.00
370.00 817.96
370.04 818.00
371.00 818.96
371.04 819.00
371.04 820.00
372.00 820.96
372.04 821.00
373.00 821.96
373.04 822.00
374.00 822.96
374.04 823.00
375.00 823.96
375.04 824.00
376.00 824.96
376.04 825.00
377.00 825.96
377.04 826.00
378.00 826.96
378.04 827.00
379.00 827.96
379.04 828.00
380.00 828.96
380.04 829.00
381.00 829.96
381.04 830.00
382.00 830.96
382.04 831.00
383.00 831.96
384.00 831.96
384.04 832.00
385.00 832.96
386.00 832.96
387.00 832.96
387.04 833.00
388.00 833.96
389.00 833.96
389.04 834.00
390.00 834.96
391.00 834.96
392.00 834.96
393.00 834.96
393.04 835.00
394.00 835.96
395.00 835.96
396.00 835.96
397.00 835.96
398.00 835.96
399.00 835.96
400.00 835.96
401.00 835.96
402.00 835.96
403.00 835.96
404.00 835.96
405.00 835.96
406.00 835.96
407.00 835.96
408.00 835.96
409.00 835.96
410.00 835.96
411.00 835.96
412.00 835.96
412.96 835.00
413.00 834.96
414.00 834.96
414.96 834.00
415.00 833.96
416.00 833.96
416.96 833.00
417.00 832.96
417.96 832.00
418.00 831.96
419.00 831.96
419.96 831.00
420.00 830.96
420.96 830.00
421.00 829.96
421.96 829.00
422.00 828.96
423.00 828.96
423.96 828.00
424.00 827.96
424.96 827.00
425.00 826.96
425.96 826.00
426.00 825.96
426.96 825.00
427.00 824.96
427.96 824.00
428.00 823.96
428.96 823.00
429.00 822.96
429.96 822.00
430.00 821.96
430.96 821.00
430.96 820.00
431.00 819.96
431.96 819.00
431.96 818.00
432.00 817.96
432.96 817.00
432.96 816.00
432.96 815.00
433.00 814.96
433.96 814.00
433.96 813.00
433.96 812.00
433.96 811.00
434.00 810.96
434.96 810.00
434.96 809.00
434.96 808.00
434.96 807.00
434.96 806.00
435.00 805.96
435.96 805.00

Contour 12:
479.96 620.00
479.96 619.00
479.96 618.00
479.96 617.00
479.96 616.00
479.96 615.00
479.00 614.04
478.96 614.00
478.96 613.00
478.96 612.00
478.96 611.00
478.96 610.00
478.96 609.00
478.96 608.00
478.96 607.00
478.00 606.04
477.96 606.00
477.96 605.00
477.96 604.00
477.00 603.04
476.96 603.00
476.96 602.00
476.96 601.00
476.00 600.04
475.96 600.00
475.00 599.04
474.96 599.00
474.00 598.04
473.96 598.00
473.00 597.04
472.96 597.00
472.00 596.04
471.96 596.00
471.00 595.04
470.96 595.00
470.00 594.04
469.96 594.00
469.96 593.00
469.00 592.04
468.96 592.00
468.00 591.04
467.96 591.00
467.00 590.04
466.96 590.00
466.00 589.04
465.00 589.04
464.96 589.00
464.00 588.04
463.96 588.00
463.00 587.04
462.00 587.04
461.96 587.00
461.00 586.04
460.00 586.04
459.00 586.04
458.96 586.00
458.00 585.04
457.00 585.04
456.00 585.04
455.00 585.04
454.96 585.00
454.00 584.04
453.00 584.04
452.00 584.04
451.00 584.04
450.00 584.04
449.00 584.04
448.00 584.04
447.00 584.04
446.00 584.04
445.00 584.04
444.00 584.04
443.04 585.00
443.00 585.04
442.00 585.04
441.00 585.04
440.00 585.04
439.04 586.00
439.00 586.04
438.00 586.04
437.04 587.00
437.00 587.04
436.00 587.04
435.04 588.00
435.00 588.04
434.00 588.04
433.04 589.00
433.00 589.04
432.04 590.00
432.00 590.04
431.00 590.04
430.04 591.00
430.00 591.04
429.04 592.00
429.00 592.04
428.00 592.04
427.04 593.00
427.00 593.04
426.04 594.00
426.00 594.04
425.04 595.00
425.00 595.04
424.04 596.00
424.00 596.04
423.04 597.00
423.04 598.00
423.00 598.04
422.04 599.00
422.00 599.04
421.04 600.00
421.00 600.04
420.04 601.00
420.04 602.00
420.00 602.04
419.04 603.00
419.04 604.00
419.00 604.04
418.04 605.00
418.04 606.00
418.00 606.04
417.04 607.00
417.04 608.00
417.00 608.04
416.04 609.00
416.04 610.00
416.04 611.00
416.04 612.00
416.04 613.00
416.04 614.00
416.04 615.00
416.04 616.00
416.04 617.00
416.04 618.00
416.04 619.00
416.04 620.00
416.04 621.00
416.04 622.00
416.04 623.00
416.04 624.00
416.04 625.00
417.00 625.96
417.04 626.00
417.04 627.00
417.04 628.00
418.00 628.96
418.04 629.00
418.04 630.00
418.04 631.00
419.00 631.96
419.04 632.00
419.04 633.00
420.00 633.96
420.04 634.00
420.04 635.00
421.00 635.96
421.04 636.00
422.00 636.96
422.04 637.00
422.04 638.00
423.00 638.96
423.04 639.00
424.00 639.96
424.04 640.00
425.00 640.96
425.04 641.00
426.00 641.96
426.04 642.00
427.00 642.96
427.04 643.00
428.00 643.96
428.04 644.00
429.00 644.96
429.04 645.00
430.00 645.96
430.04 646.00
431.00 646.96
432.00 646.96
432.04 647.00
433.00 647.96
434.00 647.96
435.00 647.96
435.04 648.00
436.00 648.96
437.00 648.96
438.00 648.96
439.00 648.96
439.04 649.00
440.00 649.96
441.00 649.96
442.00 649.96
443.00 649.96
444.00 649.96
445.00 649.96
446.00 649.96
447.00 649.96
448.00 649.96
449.00 649.96
450.00 649.96
451.00 649.96
452.00 649.96
452.96 649.00
453.00 648.96
454.00 648.96
455.00 648.96
456.00 648.96
456.96 648.00
457.00 647.96
458.00 647.96
459.00 647.96
459.96 647.00
460.00 646.96
461.00 646.96
462.00 646.96
462.96 646.00
463.00 645.96
463.96 645.00
464.00 644.96
464.96 644.00
465.00 643.96
465.96 643.00
466.00 642.96
466.96 642.00
467.00 641.96
467.96 641.00
468.00 640.96
468.96 640.00
469.00 639.96
469.96 639.00
470.00 638.96
470.96 638.00
471.00 637.96
471.96 637.00
471.96 636.00
472.00 635.96
472.96 635.00
473.00 634.96
473.96 634.00
473.96 633.00
474.00 632.96
474.96 632.00
474.96 631.00
475.00 630.96
475.96 630.00
475.96 629.00
476.00 628.96
476.96 628.00
476.96 627.00
477.00 626.96
477.96 626.00
477.96 625.00
478.00 624.96
478.96 624.00
478.96 623.00
478.96 622.00
478.96 621.00
479.00 620.96
479.96 620.00

Contour 13:
512.97 146.00
512.97 145.00
512.97 144.00
512.97 143.00
512.97 142.00
512.97 141.00
512.97 140.00
512.97 139.00
512.97 138.00
512.97 137.00
512.97 136.00
512.97 135.00
512.00 134.03
511.97 134.00
511.97 133.00
511.97 132.00
511.97 131.00
511.97 130.00
511.97 129.00
511.97 128.00
511.97 127.00
511.97 126.00
511.97 125.00
511.00 124.03
510.97 124.00
510.97 123.00
510.97 122.00
510.00 121.03
509.97 121.00
509.97 120.00
509.00 119.03
508.97 119.00
508.00 118.03
507.97 118.00
507.97 117.00
507.00 116.03
506.97 116.00
506.00 115.03
505.97 115.00
505.00 114.03
504.97 114.00
504.00 113.03
503.97 113.00
503.97 112.00
503.00 111.03
502.97 111.00
502.00 110.03
501.97 110.00
501.00 109.03
500.00 109.03
499.97 109.00
499.00 108.03
498.97 108.00
498.00 107.03
497.00 107.03
496.97 107.00
496.00 106.03
495.00 106.03
494.97 106.00
494.00 105.03
493.00 105.03
492.00 105.03
491.97 105.00
491.00 104.03
490.00 104.03
489.00 104.03
488.00 104.03
487.00 104.03
486.00 104.03
485.03 105.00
485.00 105.03
484.00 105.03
483.00 105.03
482.00 105.03
481.03 106.00
481.00 106.03
480.00 106.03
479.00 106.03
478.03 107.00
478.00 107.03
477.00 107.03
476.03 108.00
476.00 108.03
475.00 108.03
474.03 109.00
474.00 109.03
473.03 110.00
473.00 110.03
472.03 111.00
472.00 111.03
471.03 112.00
471.00 112.03
470.03 113.00
470.00 113.03
469.03 114.00
469.00 114.03
468.03 115.00
468.00 115.03
467.03 116.00
467.03 117.00
467.00 117.03
466.03 118.00
466.03 119.00
466.00 119.03
465.03 120.00
465.00 120.03
464.03 121.00
464.03 122.00
464.03 123.00
464.00 123.03
463.03 124.00
463.03 125.00
463.03 126.00
463.00 126.03
462.03 127.00
462.03 128.00
462.03 129.00
462.03 130.00
462.00 130.03
461.03 131.00
461.03 132.00
461.03 133.00
461.03 134.00
461.03 135.00
461.03 136.00
461.03 137.00
461.03 138.00
461.03 139.00
461.03 140.00
461.03 141.00
461.03 142.00
461.03 143.00
461.03 144.00
461.03 145.00
461.03 146.00
461.03 147.00
461.03 148.00
461.03 149.00
462.00 149.97
462.03 150.00
462.03 151.00
462.03 152.00
463.00 152.97
463.03 153.00
463.03 154.00
464.00 154.97
464.03 155.00
464.03 156.00
465.00 156.97
465.03 157.00
465.03 158.00
466.00 158.97
466.03 159.00
466.03 160.00
467.00 160.97
467.03 161.00
468.00 161.97
468.03 162.00
469.00 162.97
469.03 163.00
470.00 163.97
470.03 164.00
471.00 164.97
472.00 164.97
472.03 165.00
473.00 165.97
474.00 165.97
474.03 166.00
475.00 166.97
476.00 166.97
476.03 167.00
477.00 167.97
477.03 168.00
478.00 168.97
479.00 168.97
480.00 168.97
480.03 169.00
481.00 169.97
482.00 169.97
483.00 169.97
483.03 170.00
484.00 170.97
485.00 170.97
486.00 170.97
487.00 170.97
488.00 170.97
489.00 170.97
490.00 170.97
491.00 170.97
491.03 171.00
492.00 171.97
493.00 171.97
493.97 171.00
494.00 170.97
495.00 170.97
496.00 170.97
496.97 170.00
497.00 169.97
498.00 169.97
499.00 169.97
499.97 169.00
500.00 168.97
500.97 168.00
501.00 167.97
501.97 167.00
502.00 166.97
502.97 166.00
503.00 165.97
503.97 165.00
504.00 164.97
504.97 164.00
504.97 163.00
505.00 162.97
505.97 162.00
506.00 161.97
506.97 161.00
507.00 160.97
507.97 160.00
507.97 159.00
508.00 158.97
508.97 158.00
508.97 157.00
509.00 156.97
509.97 156.00
509.97 155.00
510.00 154.97
510.97 154.00
510.97 153.00
510.97 152.00
511.00 151.97
511.97 151.00
511.97 150.00
511.97 149.00
511.97 148.00
511.97 147.00
512.00 146.97
512.97 146.00

Contour 14:
498.03 0.00
498.00 0.03
497.00 0.03
496.03 1.00
496.00 1.03
495.03 2.00
495.00 2.03
494.03 3.00
494.03 4.00
494.00 4.03
493.03 5.00
493.03 6.00
493.03 7.00
493.00 7.03
492.03 8.00
492.03 9.00
492.03 10.00
492.03 11.00
492.03 12.00
492.03 13.00
492.03 14.00
492.03 15.00
492.03 16.00
493.00 16.97
493.03 17.00
493.03 18.00
493.03 19.00
494.00 19.97
494.03 20.00
494.03 21.00
494.03 22.00
495.00 22.97
495.03 23.00
496.00 23.97
496.03 24.00
496.03 25.00
497.00 25.97
497.03 26.00
497.03 27.00
498.00 27.97
498.03 28.00
499.00 28.97
499.03 29.00
499.03 30.00
500.00 30.97
500.03 31.00
501.00 31.97
501.03 32.00
502.00 32.97
502.03 33.00
503.00 33.97
503.03 34.00
504.00 34.97
504.03 35.00
505.00 35.97
505.03 36.00
506.00 36.97
507.00 36.97
507.03 37.00
508.00 37.97
509.00 37.97
509.03 38.00
510.00 38.97
511.00 38.97
511.03 39.00
512.00 39.97
513.00 39.97
514.00 39.97
514.03 40.00
515.00 40.97
516.00 40.97
517.00 40.97
518.00 40.97
518.03 41.00
519.00 41.97
520.00 41.97
521.00 41.97
522.00 41.97
523.00 41.97
524.00 41.97
525.00 41.97
526.00 41.97
527.00 41.97
528.00 41.97
529.00 41.97
530.00 41.97
531.00 41.97
532.00 41.97
533.00 41.97
533.97 41.00
534.00 40.97
535.00 40.97
536.00 40.97
537.00 40.97
537.97 40.00
538.00 39.97
539.00 39.97
540.00 39.97
540.97 39.00
541.00 38.97
542.00 38.97
542.97 38.00
543.00 37.97
544.00 37.97
544.97 37.00
545.00 36.97
546.00 36.97
546.97 36.00
547.00 35.97
547.97 35.00
548.00 34.97
549.00 34.97
549.97 34.00
550.00 33.97
550.97 33.00
551.00 32.97
551.97 32.00
552.00 31.97
553.00 31.97
553.97 31.00
554.00 30.97
554.97 30.00
555.00 29.97
555.97 29.00
556.00 28.97
556.97 28.00
557.00 27.97
557.97 27.00
557.97 26.00
558.00 25.97
558.97 25.00
559.00 24.97
559.97 24.00
559.97 23.00
560.00 22.97
560.97 22.00
560.97 21.00
561.00 20.97
561.97 20.00
561.97 19.00
561.97 18.00
562.00 17.97
562.97 17.00
562.97 16.00
563.00 15.97
563.97 15.00
563.97 14.00
563.97 13.00
563.97 12.00
563.97 11.00
563.97 10.00
563.00 9.03
562.97 9.00
562.97 8.00
562.00 7.03
561.97 7.00
561.00 6.03
560.97 6.00
560.00 5.03
559.97 5.00
559.00 4.03
558.97 4.00
558.00 3.03
557.97 3.00
557.00 2.03
556.00 2.03
555.97 2.00
555.00 1.03
554.00 1.03
553.97 1.00
553.00 0.03
552.00 0.03
551.00 0.03
550.97 0.00

Contour 15:
503.03 0.00
503.00 0.03
502.00 0.03
501.97 0.00

Contour 16:
510.03 0.00
510.00 0.03
509.00 0.03
508.00 0.03
507.00 0.03
506.97 0.00

Contour 17:
518.03 0.00
518.00 0.03
517.00 0.03
516.00 0.03
515.00 0.03
514.00 0.03
513.97 0.00

Contour 18:
610.97 637.00
610.97 636.00
610.97 635.00
610.97 634.00
610.00 633.03
609.97 633.00
609.97 632.00
609.97 631.00
609.97 630.00
609.00 629.03
608.97 629.00
608.97 628.00
608.97 627.00
608.00 626.03
607.97 626.00
607.97 625.00
607.97 624.00
607.00 623.03
606.97 623.00
606.97 622.00
606.00 621.03
605.97 621.00
605.00 620.03
604.97 620.00
604.00 619.03
603.97 619.00
603.97 618.00
603.00 617.03
602.97 617.00
602.00 616.03
601.97 616.00
601.00 615.03
600.97 615.00
600.00 614.03
599.97 614.00
599.00 613.03
598.97 613.00
598.00 612.03
597.97 612.00
597.00 611.03
596.97 611.00
596.00 610.03
595.97 610.00
595.00 609.03
594.00 609.03
593.97 609.00
593.00 608.03
592.97 608.00
592.00 607.03
591.00 607.03
590.97 607.00
590.00 606.03
589.00 606.03
588.00 606.03
587.97 606.00
587.00 605.03
586.00 605.03
585.97 605.00
585.00 604.03
584.00 604.03
583.00 604.03
582.00 604.03
581.00 604.03
580.00 604.03
579.00 604.03
578.97 604.00
578.00 603.03
577.03 604.00
577.00 604.03
576.00 604.03
575.00 604.03
574.00 604.03
573.00 604.03
572.00 604.03
571.00 604.03
570.03 605.00
570.00 605.03
569.00 605.03
568.00 605.03
567.00 605.03
566.03 606.00
566.00 606.03
565.00 606.03
564.03 607.00
564.00 607.03
563.00 607.03
562.03 608.00
562.00 608.03
561.00 608.03
560.03 609.00
560.00 609.03
559.00 609.03
558.03 610.00
558.00 610.03
557.03 611.00
557.00 611.03
556.00 611.03
555.03 612.00
555.00 612.03
554.03 613.00
554.00 613.03
553.03 614.00
553.00 614.03
552.00 614.03
551.03 615.00
551.00 615.03
550.03 616.00
550.03 617.00
550.00 617.03
549.03 618.00
549.00 618.03
548.03 619.00
548.00 619.03
547.03 620.00
547.03 621.00
547.00 621.03
546.03 622.00
546.00 622.03
545.03 623.00
545.03 624.00
545.03 625.00
545.00 625.03
544.03 626.00
544.03 627.00
544.03 628.00
544.03 629.00
544.00 629.03
543.03 630.00
543.03 631.00
543.03 632.00
543.03 633.00
543.03 634.00
543.03 635.00
543.03 636.00
543.03 637.00
543.03 638.00
543.03 639.00
543.03 640.00
543.03 641.00
543.03 642.00
544.00 642.97
544.03 643.00
544.03 644.00
544.03 645.00
544.03 646.00
545.00 646.97
545.03 647.00
545.03 648.00
545.03 649.00
546.00 649.97
546.03 650.00
547.00 650.97
547.03 651.00
547.03 652.00
548.00 652.97
548.03 653.00
548.03 654.00
549.00 654.97
549.03 655.00
550.00 655.97
550.03 656.00
550.03 657.00
551.00 657.97
551.03 658.00
552.00 658.97
552.03 659.00
553.00 659.97
553.03 660.00
554.00 660.97
554.03 661.00
555.00 661.97
555.03 662.00
556.00 662.97
556.03 663.00
557.00 663.97
558.00 663.97
558.03 664.00
559.00 664.97
559.03 665.00
560.00 665.97
561.00 665.97
561.03 666.00
562.00 666.97
563.00 666.97
563.03 667.00
564.00 667.97
565.00 667.97
565.03 668.00
566.00 668.97
567.00 668.97
567.03 669.00
568.00 669.97
569.00 669.97
570.00 669.97
570.03 670.00
571.00 670.97
572.00 670.97
573.00 670.97
574.00 670.97
575.00 670.97
575.03 671.00
576.00 671.97
577.00 671.97
578.00 671.97
579.00 671.97
580.00 671.97
580.97 671.00
581.00 670.97
582.00 670.97
583.00 670.97
584.00 670.97
585.00 670.97
586.00 670.97
587.00 670.97
587.97 670.00
588.00 669.97
589.00 669.97
590.00 669.97
591.00 669.97
591.97 669.00
592.00 668.97
593.00 668.97
594.00 668.97
594.97 668.00
595.00 667.97
595.97 667.00
596.00 666.97
597.00 666.97
597.97 666.00
598.00 665.97
598.97 665.00
599.00 664.97
599.97 664.00
600.00 663.97
600.97 663.00
601.00 662.97
601.97 662.00
602.00 661.97
602.97 661.00
602.97 660.00
603.00 659.97
603.97 659.00
603.97 658.00
604.00 657.97
604.97 657.00
605.00 656.97
605.97 656.00
605.97 655.00
606.00 654.97
606.97 654.00
606.97 653.00
606.97 652.00
607.00 651.97
607.97 651.00
607.97 650.00
607.97 649.00
608.00 648.97
608.97 648.00
608.97 647.00
608.97 646.00
608.97 645.00
609.00 644.97
609.97 644.00
609.97 643.00
609.97 642.00
609.97 641.00
609.97 640.00
609.97 639.00
609.97 638.00
610.00 637.97
610.97 637.00

Contour 19:
670.97 422.00
670.97 421.00
670.97 420.00
670.97 419.00
670.97 418.00
670.97 417.00
670.00 416.03
669.97 416.00
669.97 415.00
669.97 414.00
669.97 413.00
669.97 412.00
669.00 411.03
668.97 411.00
668.97 410.00
668.97 409.00
668.00 408.03
667.97 408.00
667.97 407.00
667.00 406.03
666.97 406.00
666.97 405.00
666.00 404.03
665.97 404.00
665.97 403.00
665.00 402.03
664.97 402.00
664.97 401.00
664.00 400.03
663.97 400.00
663.97 399.00
663.00 398.03
662.97 398.00
662.00 397.03
661.97 397.00
661.00 396.03
660.97 396.00
660.00 395.03
659.97 395.00
659.00 394.03
658.97 394.00
658.00 393.03
657.97 393.00
657.00 392.03
656.97 392.00
656.00 391.03
655.97 391.00
655.00 390.03
654.97 390.00
654.00 389.03
653.97 389.00
653.00 388.03
652.00 388.03
651.97 388.00
651.00 387.03
650.97 387.00
650.00 386.03
649.97 386.00
649.00 385.03
648.00 385.03
647.97 385.00
647.00 384.03
646.97 384.00
646.00 383.03
645.00 383.03
644.97 383.00
644.00 382.03
643.00 382.03
642.00 382.03
641.97 382.00
641.00 381.03
640.00 381.03
639.00 381.03
638.00 381.03
637.97 381.00
637.00 380.03
636.00 380.03
635.00 380.03
634.00 380.03
633.00 380.03
632.03 381.00
632.00 381.03
631.00 381.03
630.00 381.03
629.00 381.03
628.00 381.03
627.00 381.03
626.00 381.03
625.03 382.00
625.00 382.03
624.00 382.03
623.00 382.03
622.00 382.03
621.03 383.00
621.00 383.03
620.00 383.03
619.03 384.00
619.00 384.03
618.00 384.03
617.03 385.00
617.00 385.03
616.00 385.03
615.03 386.00
615.00 386.03
614.03 387.00
614.00 387.03
613.03 388.00
613.00 388.03
612.00 388.03
611.03 389.00
611.00 389.03
610.03 390.00
610.00 390.03
609.03 391.00
609.00 391.03
608.03 392.00
608.03 393.00
608.00 393.03
607.03 394.00
607.00 394.03
606.03 395.00
606.03 396.00
606.00 396.03
605.03 397.00
605.00 397.03
604.03 398.00
604.03 399.00
604.00 399.03
603.03 400.00
603.03 401.00
603.03 402.00
603.00 402.03
602.03 403.00
602.03 404.00
602.00 404.03
601.03 405.00
601.03 406.00
601.03 407.00
601.03 408.00
601.00 408.03
600.03 409.00
600.03 410.00
600.03 411.00
600.03 412.00
600.03 413.00
600.03 414.00
600.03 415.00
600.03 416.00
600.03 417.00
600.03 418.00
600.03 419.00
600.03 420.00
600.03 421.00
600.03 422.00
600.03 423.00
601.00 423.97
601.03 424.00
601.03 425.00
601.03 426.00
601.03 427.00
602.00 427.97
602.03 428.00
602.03 429.00
603.00 429.97
603.03 430.00
603.03 431.00
604.00 431.97
604.03 432.00
605.00 432.97
605.03 433.00
605.03 434.00
606.00 434.97
606.03 435.00
607.00 435.97
607.03 436.00
607.03 437.00
608.00 437.97
608.03 438.00
609.00 438.97
609.03 439.00
610.00 439.97
610.03 440.00
611.00 440.97
611.03 441.00
612.00 441.97
612.03 442.00
613.00 442.97
613.03 443.00
614.00 443.97
615.00 443.97
615.03 444.00
616.00 444.97
617.00 444.97
617.03 445.00
618.00 445.97
618.03 446.00
619.00 446.97
620.00 446.97
621.00 446.97
621.03 447.00
622.00 447.97
623.00 447.97
624.00 447.97
624.03 448.00
625.00 448.97
626.00 448.97
626.03 449.00
627.00 449.97
628.00 449.97
629.00 449.97
630.00 449.97
631.00 449.97
631.03 450.00
632.00 450.97
633.00 450.97
634.00 450.97
635.00 450.97
636.00 450.97
637.00 450.97
638.00 450.97
639.00 450.97
640.00 450.97
641.00 450.97
642.00 450.97
643.00 450.97
643.97 450.00
644.00 449.97
645.00 449.97
646.00 449.97
647.00 449.97
647.97 449.00
648.00 448.97
649.00 448.97
649.97 448.00
650.00 447.97
651.00 447.97
651.97 447.00
652.00 446.97
653.00 446.97
653.97 446.00
654.00 445.97
654.97 445.00
655.00 444.97
656.00 444.97
656.97 444.00
657.00 443.97
657.97 443.00
658.00 442.97
659.00 442.97
659.97 442.00
660.00 441.97
660.97 441.00
661.00 440.97
661.97 440.00
662.00 439.97
662.97 439.00
663.00 438.97
663.97 438.00
663.97 437.00
664.00 436.97
664.97 436.00
665.00 435.97
665.97 435.00
665.97 434.00
666.00 433.97
666.97 433.00
666.97 432.00
667.00 431.97
667.97 431.00
667.97 430.00
668.00 429.97
668.97 429.00
668.97 428.00
668.97 427.00
669.00 426.97
669.97 426.00
669.97 425.00
669.97 424.00
669.97 423.00
670.00 422.97
670.97 422.00

Contour 20:
683.97 96.00
683.97 95.00
683.97 94.00
683.97 93.00
683.97 92.00
683.97 91.00
683.97 90.00
683.97 89.00
683.97 88.00
683.97 87.00
683.97 86.00
683.97 85.00
683.00 84.03
682.97 84.00
682.97 83.00
682.00 82.03
681.97 82.00
681.97 81.00
681.00 80.03
680.97 80.00
680.97 79.00
680.00 78.03
679.97 78.00
679.97 77.00
679.00 76.03
678.97 76.00
678.00 75.03
677.97 75.00
677.97 74.00
677.00 73.03
676.97 73.00
676.00 72.03
675.97 72.00
675.00 71.03
674.97 71.00
674.00 70.03
673.97 70.00
673.00 69.03
672.97 69.00
672.00 68.03
671.97 68.00
671.00 67.03
670.97 67.00
670.00 66.03
669.00 66.03
668.97 66.00
668.00 65.03
667.00 65.03
666.97 65.00
666.00 64.03
665.00 64.03
664.97 64.00
664.00 63.03
663.00 63.03
662.00 63.03
661.97 63.00
661.00 62.03
660.00 62.03
659.00 62.03
658.97 62.00
658.00 61.03
657.00 61.03
656.00 61.03
655.00 61.03
654.97 61.00
654.00 60.03
653.00 60.03
652.00 60.03
651.00 60.03
650.00 60.03
649.00 60.03
648.00 60.03
647.00 60.03
646.00 60.03
645.00 60.03
644.00 60.03
643.00 60.03
642.03 61.00
642.00 61.03
641.00 61.03
640.00 61.03
639.03 62.00
639.00 62.03
638.00 62.03
637.00 62.03
636.00 62.03
635.03 63.00
635.00 63.03
634.00 63.03
633.03 64.00
633.00 64.03
632.03 65.00
632.00 65.03
631.00 65.03
630.03 66.00
630.00 66.03
629.03 67.00
629.00 67.03
628.03 68.00
628.00 68.03
627.00 68.03
626.03 69.00
626.00 69.03
625.03 70.00
625.00 70.03
624.03 71.00
624.00 71.03
623.03 72.00
623.00 72.03
622.03 73.00
622.00 73.03
621.03 74.00
621.03 75.00
621.00 75.03
620.03 76.00
620.00 76.03
619.03 77.00
619.03 78.00
619.00 78.03
618.03 79.00
618.03 80.00
618.03 81.00
618.00 81.03
617.03 82.00
617.03 83.00
617.03 84.00
617.03 85.00
617.03 86.00
617.03 87.00
617.03 88.00
617.03 89.00
617.03 90.00
617.03 91.00
617.03 92.00
617.03 93.00
618.00 93.97
618.03 94.00
618.03 95.00
618.03 96.00
619.00 96.97
619.03 97.00
619.03 98.00
620.00 98.97
620.03 99.00
620.03 100.00
621.00 100.97
621.03 101.00
621.03 102.00
622.00 102.97
622.03 103.00
623.00 103.97
623.03 104.00
624.00 104.97
624.03 105.00
624.03 106.00
625.00 106.97
625.03 107.00
626.00 107.97
626.03 108.00
627.00 108.97
627.03 109.00
628.00 109.97
628.03 110.00
629.00 110.97
630.00 110.97
630.03 111.00
631.00 111.97
631.03 112.00
632.00 112.97
633.00 112.97
633.03 113.00
634.00 113.97
635.00 113.97
635.03 114.00
636.00 114.97
637.00 114.97
638.00 114.97
638.03 115.00
639.00 115.97
640.00 115.97
641.00 115.97
642.00 115.97
642.03 116.00
643.00 116.97
644.00 116.97
645.00 116.97
646.00 116.97
647.00 116.97
648.00 116.97
649.00 116.97
650.00 116.97
651.00 116.97
652.00 116.97
653.00 116.97
654.00 116.97
655.00 116.97
655.97 116.00
656.00 115.97
657.00 115.97
658.00 115.97
659.00 115.97
659.97 115.00
660.00 114.97
661.00 114.97
662.00 114.97
663.00 114.97
663.97 114.00
664.00 113.97
665.00 113.97
666.00 113.97
666.97 113.00
667.00 112.97
668.00 112.97
668.97 112.00
669.00 111.97
670.00 111.97
670.97 111.00
671.00 110.97
672.00 110.97
672.97 110.00
673.00 109.97
673.97 109.00
674.00 108.97
674.97 108.00
675.00 107.97
676.00 107.97
676.97 107.00
677.00 106.97
677.97 106.00
677.97 105.00
678.00 104.97
678.97 104.00
679.00 103.97
679.97 103.00
680.00 102.97
680.97 102.00
681.00 101.97
681.97 101.00
681.97 100.00
682.00 99.97
682.97 99.00
682.97 98.00
682.97 97.00
683.00 96.97
683.97 96.00

Contour 21:
700.98 887.00
700.98 886.00
700.98 885.00
700.00 884.02
699.98 884.00
699.98 883.00
699.98 882.00
699.98 881.00
699.00 880.02
698.98 880.00
698.98 879.00
698.00 878.02
697.98 878.00
697.98 877.00
697.00 876.02
696.98 876.00
696.00 875.02
695.98 875.00
695.00 874.02
694.98 874.00
694.00 873.02
693.98 873.00
693.00 872.02
692.98 872.00
692.00 871.02
691.98 871.00
691.00 870.02
690.98 870.00
690.00 869.02
689.98 869.00
689.00 868.02
688.98 868.00
688.00 867.02
687.98 867.00
687.00 866.02
686.00 866.02
685.98 866.00
685.00 865.02
684.98 865.00
684.00 864.02
683.98 864.00
683.00 863.02
682.98 863.00
682.00 862.02
681.98 862.00
681.00 861.02
680.98 861.00
680.00 860.02
679.98 860.00
679.00 859.02
678.98 859.00
678.00 858.02
677.98 858.00
677.00 857.02
676.98 857.00
676.00 856.02
675.00 856.02
674.98 856.00
674.00 855.02
673.98 855.00
673.00 854.02
672.98 854.00
672.00 853.02
671.00 853.02
670.98 853.00
670.00 852.02
669.00 852.02
668.98 852.00
668.00 851.02
667.00 851.02
666.98 851.00
666.00 850.02
665.00 850.02
664.98 850.00
664.00 849.02
663.00 849.02
662.00 849.02
661.00 849.02
660.00 849.02
659.00 849.02
658.98 849.00
658.00 848.02
657.00 848.02
656.02 849.00
656.00 849.02
655.00 849.02
654.00 849.02
653.00 849.02
652.00 849.02
651.02 850.00
651.00 850.02
650.00 850.02
649.00 850.02
648.02 851.00
648.00 851.02
647.00 851.02
646.02 852.00
646.00 852.02
645.00 852.02
644.02 853.00
644.00 853.02
643.00 853.02
642.02 854.00
642.00 854.02
641.00 854.02
640.02 855.00
640.00 855.02
639.02 856.00
639.00 856.02
638.00 856.02
637.02 857.00
637.00 857.02
636.02 858.00
636.00 858.02
635.02 859.00
635.00 859.02
634.02 860.00
634.00 860.02
633.02 861.00
633.00 861.02
632.02 862.00
632.00 862.02
631.02 863.00
631.02 864.00
631.00 864.02
630.02 865.00
630.02 866.00
630.00 866.02
629.02 867.00
629.02 868.00
629.02 869.00
629.02 870.00
629.02 871.00
629.00 871.02
628.02 872.00
628.02 873.00
629.00 873.98
629.02 874.00
629.02 875.00
629.02 876.00
629.02 877.00
629.02 878.00
630.00 878.98
630.02 879.00
630.02 880.00
630.02 881.00
631.00 881.98
631.02 882.00
632.00 882.98
632.02 883.00
632.02 884.00
633.00 884.98
633.02 885.00
634.00 885.98
634.02 886.00
634.02 887.00
635.00 887.98
635.02 888.00
636.00 888.98
636.02 889.00
637.00 889.98
637.02 890.00
638.00 890.98
638.02 891.00
639.00 891.98
639.02 892.00
640.00 892.98
641.00 892.98
641.02 893.00
642.00 893.98
642.02 894.00
643.00 894.98
643.02 895.00
644.00 895.98
645.00 895.98
645.02 896.00
646.00 896.98
646.02 897.00
647.00 897.98
647.02 898.00
648.00 898.98
649.00 898.98
649.02 899.00
650.00 899.98
650.02 900.00
651.00 900.98
652.00 900.98
652.02 901.00
653.00 901.98
653.02 902.00
654.00 902.98
655.00 902.98
655.02 903.00
656.00 903.98
656.02 904.00
657.00 904.98
658.00 904.98
658.02 905.00
659.00 905.98
659.02 906.00
660.00 906.98
661.00 906.98
661.02 907.00
662.00 907.98
663.00 907.98
663.02 908.00
664.00 908.98
665.00 908.98
665.02 909.00
666.00 909.98
667.00 909.98
667.02 910.00
668.00 910.98
669.00 910.98
670.00 910.98
671.00 910.98
672.00 910.98
673.00 910.98
674.00 910.98
674.02 911.00
675.00 911.98
676.00 911.98
677.00 911.98
678.00 911.98
679.00 911.98
680.00 911.98
681.00 911.98
682.00 911.98
682.98 911.00
683.00 910.98
684.00 910.98
685.00 910.98
685.98 910.00
686.00 909.98
687.00 909.98
687.98 909.00
688.00 908.98
688.98 908.00
689.00 907.98
690.00 907.98
690.98 907.00
691.00 906.98
691.98 906.00
692.00 905.98
692.98 905.00
693.00 904.98
693.98 904.00
694.00 903.98
694.98 903.00
695.00 902.98
695.98 902.00
695.98 901.00
696.00 900.98
696.98 900.00
696.98 899.00
697.00 898.98
697.98 898.00
697.98 897.00
698.00 896.98
698.98 896.00
698.98 895.00
698.98 894.00
698.98 893.00
699.00 892.98
699.98 892.00
699.98 891.00
699.98 890.00
699.98 889.00
699.98 888.00
700.00 887.98
700.98 887.00

Contour 22:
697.98 231.00
697.98 230.00
697.98 229.00
697.98 228.00
697.98 227.00
697.98 226.00
697.98 225.00
697.98 224.00
697.98 223.00
697.98 222.00
697.98 221.00
697.00 220.02
696.98 220.00
696.98 219.00
696.98 218.00
696.98 217.00
696.00 216.02
695.98 216.00
695.98 215.00
695.98 214.00
695.00 213.02
694.98 213.00
694.98 212.00
694.00 211.02
693.98 211.00
693.98 210.00
693.00 209.02
692.98 209.00
692.98 208.00
692.98 207.00
692.00 206.02
691.98 206.00
691.00 205.02
690.98 205.00
690.98 204.00
690.00 203.02
689.98 203.00
689.00 202.02
688.98 202.00
688.00 201.02
687.98 201.00
687.98 200.00
687.00 199.02
686.00 199.02
685.98 199.00
685.00 198.02
684.98 198.00
684.00 197.02
683.98 197.00
683.00 196.02
682.98 196.00
682.00 195.02
681.98 195.00
681.00 194.02
680.98 194.00
680.00 193.02
679.98 193.00
679.00 192.02
678.00 192.02
677.98 192.00
677.00 191.02
676.00 191.02
675.98 191.00
675.00 190.02
674.00 190.02
673.98 190.00
673.00 189.02
672.00 189.02
671.98 189.00
671.00 188.02
670.00 188.02
669.00 188.02
668.00 188.02
667.98 188.00
667.00 187.02
666.00 187.02
665.00 187.02
664.00 187.02
663.00 187.02
662.00 187.02
661.00 187.02
660.00 187.02
659.00 187.02
658.00 187.02
657.00 187.02
656.02 188.00
656.00 188.02
655.00 188.02
654.00 188.02
653.02 189.00
653.00 189.02
652.00 189.02
651.00 189.02
650.02 190.00
650.00 190.02
649.00 190.02
648.02 191.00
648.00 191.02
647.00 191.02
646.02 192.00
646.00 192.02
645.00 192.02
644.02 193.00
644.00 193.02
643.02 194.00
643.00 194.02
642.02 195.00
642.00 195.02
641.02 196.00
641.00 196.02
640.02 197.00
640.02 198.00
640.00 198.02
639.02 199.00
639.00 199.02
638.02 200.00
638.02 201.00
638.00 201.02
637.02 202.00
637.02 203.00
637.02 204.00
637.02 205.00
637.00 205.02
636.02 206.00
636.02 207.00
636.02 208.00
636.02 209.00
636.02 210.00
636.00 210.02
635.02 211.00
635.02 212.00
635.02 213.00
635.02 214.00
635.02 215.00
635.00 215.02
634.02 216.00
634.02 217.00
634.02 218.00
634.02 219.00
634.02 220.00
634.02 221.00
634.02 222.00
635.00 222.98
635.02 223.00
635.02 224.00
635.02 225.00
635.02 226.00
635.02 227.00
636.00 227.98
636.02 228.00
636.02 229.00
636.02 230.00
637.00 230.98
637.02 231.00
637.02 232.00
637.02 233.00
638.00 233.98
638.02 234.00
638.02 235.00
639.00 235.98
639.02 236.00
639.02 237.00
640.00 237.98
640.02 238.00
641.00 238.98
641.02 239.00
641.02 240.00
642.00 240.98
642.02 241.00
643.00 241.98
643.02 242.00
644.00 242.98
644.02 243.00
645.00 243.98
645.02 244.00
646.00 244.98
646.02 245.00
647.00 245.98
647.02 246.00
648.00 246.98
648.02 247.00
649.00 247.98
650.00 247.98
650.02 248.00
651.00 248.98
652.00 248.98
652.02 249.00
653.00 249.98
653.02 250.00
654.00 250.98
655.00 250.98
655.02 251.00
656.00 251.98
657.00 251.98
657.02 252.00
658.00 252.98
659.00 252.98
659.02 253.00
660.00 253.98
661.00 253.98
662.00 253.98
662.02 254.00
663.00 254.98
664.00 254.98
665.00 254.98
666.00 254.98
667.00 254.98
668.00 254.98
669.00 254.98
670.00 254.98
671.00 254.98
672.00 254.98
673.00 254.98
674.00 254.98
674.98 254.00
675.00 253.98
676.00 253.98
677.00 253.98
677.98 253.00
678.00 252.98
679.00 252.98
680.00 252.98
680.98 252.00
681.00 251.98
682.00 251.98
682.98 251.00
683.00 250.98
684.00 250.98
684.98 250.00
685.00 249.98
685.98 249.00
686.00 248.98
687.00 248.98
687.98 248.00
688.00 247.98
688.98 247.00
689.00 246.98
689.98 246.00
690.00 245.98
690.98 245.00
690.98 244.00
691.00 243.98
691.98 243.00
692.00 242.98
692.98 242.00
693.00 241.98
693.98 241.00
693.98 240.00
694.00 239.98
694.98 239.00
694.98 238.00
695.00 237.98
695.98 237.00
695.98 236.00
696.00 235.98
696.98 235.00
696.98 234.00
696.98 233.00
696.98 232.00
697.00 231.98
697.98 231.00

Contour 23:
712.98 619.00
712.98 618.00
712.98 617.00
712.98 616.00
712.98 615.00
712.98 614.00
712.98 613.00
712.98 612.00
712.98 611.00
712.98 610.00
712.98 609.00
712.98 608.00
712.98 607.00
712.98 606.00
712.98 605.00
712.98 604.00
712.00 603.02
711.98 603.00
711.98 602.00
711.98 601.00
711.98 600.00
711.00 599.02
710.98 599.00
710.00 598.02
709.98 598.00
709.98 597.00
709.00 596.02
708.98 596.00
708.00 595.02
707.98 595.00
707.00 594.02
706.98 594.00
706.00 593.02
705.98 593.00
705.98 592.00
705.00 591.02
704.98 591.00
704.00 590.02
703.98 590.00
703.00 589.02
702.98 589.00
702.00 588.02
701.98 588.00
701.00 587.02
700.98 587.00
700.00 586.02
699.98 586.00
699.00 585.02
698.00 585.02
697.98 585.00
697.00 584.02
696.00 584.02
695.98 584.00
695.00 583.02
694.00 583.02
693.00 583.02
692.00 583.02
691.98 583.00
691.00 582.02
690.00 582.02
689.00 582.02
688.00 582.02
687.00 582.02
686.02 583.00
686.00 583.02
685.00 583.02
684.00 583.02
683.00 583.02
682.00 583.02
681.00 583.02
680.02 584.00
680.00 584.02
679.00 584.02
678.00 584.02
677.02 585.00
677.00 585.02
676.00 585.02
675.02 586.00
675.00 586.02
674.00 586.02
673.02 587.00
673.00 587.02
672.00 587.02
671.02 588.00
671.00 588.02
670.00 588.02
669.02 589.00
669.00 589.02
668.02 590.00
668.00 590.02
667.02 591.00
667.00 591.02
666.00 591.02
665.02 592.00
665.00 592.02
664.02 593.00
664.00 593.02
663.02 594.00
663.00 594.02
662.02 595.00
662.00 595.02
661.02 596.00
661.00 596.02
660.02 597.00
660.00 597.02
659.02 598.00
659.00 598.02
658.02 599.00
658.02 600.00
658.00 600.02
657.02 601.00
657.00 601.02
656.02 602.00
656.02 603.00
656.00 603.02
655.02 604.00
655.02 605.00
655.00 605.02
654.02 606.00
654.02 607.00
654.00 607.02
653.02 608.00
653.02 609.00
653.02 610.00
653.02 611.00
653.00 611.02
652.02 612.00
652.02 613.00
652.02 614.00
652.02 615.00
652.02 616.00
652.02 617.00
652.02 618.00
652.02 619.00
652.02 620.00
652.02 621.00
652.02 622.00
652.02 623.00
653.00 623.98
653.02 624.00
653.02 625.00
654.00 625.98
654.02 626.00
654.02 627.00
655.00 627.98
655.02 628.00
655.02 629.00
656.00 629.98
656.02 630.00
656.02 631.00
657.00 631.98
657.02 632.00
658.00 632.98
658.02 633.00
658.02 634.00
659.00 634.98
659.02 635.00
660.00 635.98
660.02 636.00
661.00 636.98
661.02 637.00
662.00 637.98
663.00 637.98
663.02 638.00
664.00 638.98
664.02 639.00
665.00 639.98
666.00 639.98
666.02 640.00
667.00 640.98
668.00 640.98
668.02 641.00
669.00 641.98
670.00 641.98
671.00 641.98
671.02 642.00
672.00 642.98
673.00 642.98
674.00 642.98
675.00 642.98
675.02 643.00
676.00 643.98
677.00 643.98
678.00 643.98
679.00 643.98
680.00 643.98
681.00 643.98
681.02 644.00
682.00 644.98
683.00 644.98
684.00 644.98
685.00 644.98
686.00 644.98
686.98 644.00
687.00 643.98
688.00 643.98
689.00 643.98
690.00 643.98
691.00 643.98
691.98 643.00
692.00 642.98
693.00 642.98
693.98 642.00
694.00 641.98
695.00 641.98
695.98 641.00
696.00 640.98
697.00 640.98
697.98 640.00
698.00 639.98
699.00 639.98
699.98 639.00
700.00 638.98
700.98 638.00
701.00 637.98
701.98 637.00
702.00 636.98
702.98 636.00
703.00 635.98
703.98 635.00
704.00 634.98
704.98 634.00
705.00 633.98
705.98 633.00
705.98 632.00
706.00 631.98
706.98 631.00
707.00 630.98
707.98 630.00
707.98 629.00
708.00 628.98
708.98 628.00
708.98 627.00
709.00 626.98
709.98 626.00
710.00 625.98
710.98 625.00
710.98 624.00
710.98 623.00
711.00 622.98
711.98 622.00
711.98 621.00
711.98 620.00
712.00 619.98
712.98 619.00

Contour 24:
760.98 415.00
760.98 414.00
760.98 413.00
760.98 412.00
760.98 411.00
760.00 410.02
759.98 410.00
759.98 409.00
759.98 408.00
759.98 407.00
759.98 406.00
759.00 405.02
758.98 405.00
758.98 404.00
758.00 403.02
757.98 403.00
757.00 402.02
756.98 402.00
756.98 401.00
756.98 400.00
756.00 399.02
755.98 399.00
755.98 398.00
755.00 397.02
754.98 397.00
754.98 396.00
754.00 395.02
753.98 395.00
753.00 394.02
752.98 394.00
752.98 393.00
752.00 392.02
751.98 392.00
751.98 391.00
751.00 390.02
750.98 390.00
750.98 389.00
750.00 388.02
749.98 388.00
749.98 387.00
749.00 386.02
748.98 386.00
748.98 385.00
748.98 384.00
748.00 383.02
747.98 383.00
747.98 382.00
747.00 381.02
746.98 381.00
746.98 380.00
746.00 379.02
745.98 379.00
745.00 378.02
744.98 378.00
744.00 377.02
743.98 377.00
743.00 376.02
742.98 376.00
742.00 375.02
741.98 375.00
741.00 374.02
740.00 374.02
739.98 374.00
739.00 373.02
738.00 373.02
737.00 373.02
736.98 373.00
736.00 372.02
735.00 372.02
734.00 372.02
733.02 373.00
733.00 373.02
732.00 373.02
731.00 373.02
730.02 374.00
730.00 374.02
729.00 374.02
728.02 375.00
728.00 375.02
727.02 376.00
727.00 376.02
726.02 377.00
726.00 377.02
725.02 378.00
725.00 378.02
724.02 379.00
724.00 379.02
723.02 380.00
723.02 381.00
723.00 381.02
722.02 382.00
722.02 383.00
722.00 383.02
721.02 384.00
721.02 385.00
721.02 386.00
721.00 386.02
720.02 387.00
720.02 388.00
720.02 389.00
720.00 389.02
719.02 390.00
719.02 391.00
719.02 392.00
719.02 393.00
719.02 394.00
719.02 395.00
719.02 396.00
719.02 397.00
719.02 398.00
719.02 399.00
719.02 400.00
719.02 401.00
719.02 402.00
719.02 403.00
719.02 404.00
719.02 405.00
719.02 406.00
719.00 406.02
718.02 407.00
718.02 408.00
718.02 409.00
718.00 409.02
717.02 410.00
717.02 411.00
717.02 412.00
717.00 412.02
716.02 413.00
716.02 414.00
716.02 415.00
716.00 415.02
715.02 416.00
715.02 417.00
715.02 418.00
715.02 419.00
715.00 419.02
714.02 420.00
714.02 421.00
714.02 422.00
714.02 423.00
714.02 424.00
714.02 425.00
714.02 426.00
714.02 427.00
714.02 428.00
714.02 429.00
714.02 430.00
714.02 431.00
714.02 432.00
714.02 433.00
714.02 434.00
714.02 435.00
714.02 436.00
714.02 437.00
715.00 437.98
715.02 438.00
715.02 439.00
715.02 440.00
716.00 440.98
716.02 441.00
716.02 442.00
717.00 442.98
717.02 443.00
718.00 443.98
718.02 444.00
718.02 445.00
719.00 445.98
720.00 445.98
720.02 446.00
721.00 446.98
721.02 447.00
722.00 447.98
723.00 447.98
723.02 448.00
724.00 448.98
725.00 448.98
726.00 448.98
726.02 449.00
727.00 449.98
728.00 449.98
729.00 449.98
730.00 449.98
731.00 449.98
732.00 449.98
733.00 449.98
734.00 449.98
734.98 449.00
735.00 448.98
736.00 448.98
737.00 448.98
737.98 448.00
738.00 447.98
739.00 447.98
739.98 447.00
740.00 446.98
740.98 446.00
741.00 445.98
742.00 445.98
742.98 445.00
743.00 444.98
743.98 444.00
744.00 443.98
744.98 443.00
745.00 442.98
745.98 442.00
746.00 441.98
746.98 441.00
747.00 440.98
747.98 440.00
748.00 439.98
748.98 439.00
748.98 438.00
749.00 437.98
749.98 437.00
750.00 436.98
750.98 436.00
751.00 435.98
751.98 435.00
751.98 434.00
752.00 433.98
752.98 433.00
753.00 432.98
753.98 432.00
754.00 431.98
754.98 431.00
755.00 430.98
755.98 430.00
755.98 429.00
756.00 428.98
756.98 428.00
756.98 427.00
757.00 426.98
757.98 426.00
757.98 425.00
757.98 424.00
758.00 423.98
758.98 423.00
758.98 422.00
759.00 421.98
759.98 421.00
759.98 420.00
759.98 419.00
759.98 418.00
759.98 417.00
759.98 416.00
760.00 415.98
760.98 415.00

Contour 25:
854.98 818.00
854.98 817.00
854.98 816.00
854.98 815.00
854.98 814.00
854.98 813.00
854.98 812.00
854.98 811.00
854.98 810.00
854.98 809.00
854.98 808.00
854.00 807.02
853.98 807.00
853.98 806.00
853.98 805.00
853.98 804.00
853.00 803.02
852.98 803.00
852.98 802.00
852.98 801.00
852.00 800.02
851.98 800.00
851.98 799.00
851.98 798.00
851.00 797.02
850.98 797.00
850.98 796.00
850.98 795.00
850.00 794.02
849.98 794.00
849.98 793.00
849.00 792.02
848.98 792.00
848.98 791.00
848.00 790.02
847.98 790.00
847.98 789.00
847.00 788.02
846.98 788.00
846.98 787.00
846.00 786.02
845.98 786.00
845.00 785.02
844.98 785.00
844.98 784.00
844.00 783.02
843.98 783.00
843.00 782.02
842.98 782.00
842.00 781.02
841.98 781.00
841.00 780.02
840.98 780.00
840.00 779.02
839.98 779.00
839.00 778.02
838.98 778.00
838.00 777.02
837.00 777.02
836.98 777.00
836.00 776.02
835.98 776.00
835.00 775.02
834.98 775.00
834.00 774.02
833.00 774.02
832.98 774.00
832.00 773.02
831.98 773.00
831.00 772.02
830.00 772.02
829.98 772.00
829.00 771.02
828.00 771.02
827.98 771.00
827.00 770.02
826.00 770.02
825.98 770.00
825.00 769.02
824.00 769.02
823.00 769.02
822.98 769.00
822.00 768.02
821.00 768.02
820.00 768.02
819.98 768.00
819.00 767.02
818.00 767.02
817.00 767.02
816.00 767.02
815.98 767.00
815.00 766.02
814.00 766.02
813.00 766.02
812.00 766.02
811.00 766.02
810.00 766.02
809.00 766.02
808.00 766.02
807.00 766.02
806.00 766.02
805.00 766.02
804.00 766.02
803.00 766.02
802.00 766.02
801.02 767.00
801.00 767.02
800.00 767.02
799.00 767.02
798.00 767.02
797.00 767.02
796.02 768.00
796.00 768.02
795.00 768.02
794.00 768.02
793.00 768.02
792.02 769.00
792.00 769.02
791.00 769.02
790.00 769.02
789.02 770.00
789.00 770.02
788.00 770.02
787.02 771.00
787.00 771.02
786.00 771.02
785.02 772.00
785.00 772.02
784.00 772.02
783.02 773.00
783.00 773.02
782.02 774.00
782.00 774.02
781.00 774.02
780.02 775.00
780.00 775.02
779.02 776.00
779.00 776.02
778.02 777.00
778.02 778.00
778.00 778.02
777.02 779.00
777.00 779.02
776.02 780.00
776.00 780.02
775.02 781.00
775.02 782.00
775.00 782.02
774.02 783.00
774.02 784.00
774.00 784.02
773.02 785.00
773.02 786.00
773.00 786.02
772.02 787.00
772.02 788.00
772.02 789.00
772.02 790.00
772.00 790.02
771.02 791.00
771.02 792.00
771.02 793.00
771.02 794.00
771.02 795.00
771.00 795.02
770.02 796.00
770.02 797.00
770.02 798.00
770.02 799.00
770.02 800.00
770.02 801.00
770.02 802.00
770.02 803.00
770.00 803.02
769.02 804.00
769.02 805.00
769.02 806.00
769.02 807.00
769.02 808.00
769.02 809.00
769.02 810.00
769.02 811.00
770.00 811.98
770.02 812.00
770.02 813.00
770.02 814.00
770.02 815.00
770.02 816.00
771.00 816.98
771.02 817.00
771.02 818.00
771.02 819.00
772.00 819.98
772.02 820.00
772.02 821.00
772.02 822.00
773.00 822.98
773.02 823.00
773.02 824.00
773.02 825.00
774.00 825.98
774.02 826.00
774.02 827.00
775.00 827.98
775.02 828.00
775.02 829.00
776.00 829.98
776.02 830.00
776.02 831.00
777.00 831.98
777.02 832.00
777.02 833.00
778.00 833.98
778.02 834.00
779.00 834.98
779.02 835.00
779.02 836.00
780.00 836.98
780.02 837.00
781.00 837.98
781.02 838.00
782.00 838.98
782.02 839.00
783.00 839.98
783.02 840.00
784.00 840.98
784.02 841.00
785.00 841.98
785.02 842.00
786.00 842.98
786.02 843.00
787.00 843.98
787.02 844.00
788.00 844.98
789.00 844.98
789.02 845.00
790.00 845.98
790.02 846.00
791.00 846.98
792.00 846.98
792.02 847.00
793.00 847.98
793.02 848.00
794.00 848.98
795.00 848.98
795.02 849.00
796.00 849.98
797.00 849.98
797.02 850.00
798.00 850.98
799.00 850.98
800.00 850.98
800.02 851.00
801.00 851.98
802.00 851.98
802.02 852.00
803.00 852.98
804.00 852.98
805.00 852.98
805.02 853.00
806.00 853.98
807.00 853.98
808.00 853.98
808.02 854.00
809.00 854.98
810.00 854.98
811.00 854.98
812.00 854.98
813.00 854.98
814.00 854.98
815.00 854.98
816.00 854.98
817.00 854.98
818.00 854.98
819.00 854.98
820.00 854.98
821.00 854.98
822.00 854.98
823.00 854.98
823.98 854.00
824.00 853.98
825.00 853.98
826.00 853.98
827.00 853.98
827.98 853.00
828.00 852.98
829.00 852.98
830.00 852.98
830.98 852.00
831.00 851.98
831.98 851.00
832.00 850.98
833.00 850.98
833.98 850.00
834.00 849.98
835.00 849.98
835.98 849.00
836.00 848.98
836.98 848.00
837.00 847.98
837.98 847.00
838.00 846.98
839.00 846.98
839.98 846.00
840.00 845.98
840.98 845.00
841.00 844.98
841.98 844.00
842.00 843.98
842.98 843.00
843.00 842.98
843.98 842.00
844.00 841.98
844.98 841.00
845.00 840.98
845.98 840.00
846.00 839.98
846.98 839.00
846.98 838.00
847.00 837.98
847.98 837.00
848.00 836.98
848.98 836.00
848.98 835.00
849.00 834.98
849.98 834.00
849.98 833.00
849.98 832.00
850.00 831.98
850.98 831.00
850.98 830.00
850.98 829.00
851.00 828.98
851.98 828.00
851.98 827.00
852.00 826.98
852.98 826.00
852.98 825.00
852.98 824.00
852.98 823.00
853.00 822.98
853.98 822.00
853.98 821.00
853.98 820.00
853.98 819.00
854.00 818.98
854.98 818.00

