Contour 0:
179.75 319.00
179.75 318.00
179.75 317.00
179.75 316.00
179.75 315.00
179.75 314.00
179.75 313.00
179.75 312.00
179.75 311.00
179.75 310.00
179.75 309.00
179.75 308.00
179.00 307.25
178.75 307.00
178.75 306.00
178.75 305.00
178.75 304.00
178.00 303.25
177.75 303.00
177.00 302.25
176.75 302.00
176.75 301.00
176.00 300.25
175.75 300.00
175.00 299.25
174.75 299.00
174.00 298.25
173.75 298.00
173.00 297.25
172.75 297.00
172.00 296.25
171.75 296.00
171.00 295.25
170.00 295.25
169.75 295.00
169.00 294.25
168.75 294.00
168.00 293.25
167.00 293.25
166.75 293.00
166.00 292.25
165.00 292.25
164.00 292.25
163.75 292.00
163.00 291.25
162.00 291.25
161.00 291.25
160.00 291.25
159.00 291.25
158.00 291.25
157.00 291.25
156.00 291.25
155.00 291.25
154.00 291.25
153.00 291.25
152.25 292.00
152.00 292.25
151.00 292.25
150.00 292.25
149.25 293.00
149.00 293.25
148.25 294.00
148.00 294.25
147.25 295.00
147.00 295.25
146.00 295.25
145.25 296.00
145.00 296.25
144.25 297.00
144.25 298.00
144.00 298.25
143.25 299.00
143.00 299.25
142.25 300.00
142.25 301.00
142.00 301.25
141.25 302.00
141.25 303.00
141.00 303.25
140.25 304.00
140.25 305.00
140.25 306.00
140.25 307.00
140.25 308.00
140.00 308.25
139.25 309.00
139.25 310.00
139.25 311.00
139.25 312.00
139.25 313.00
139.25 314.00
139.25 315.00
139.25 316.00
139.25 317.00
139.25 318.00
139.00 318.50
138.00 318.50
137.00 318.50
136.00 318.50
135.50 318.00
135.00 317.50
134.00 317.50
133.50 317.00
133.00 316.50
132.00 316.50
131.00 316.50
130.50 316.00
130.00 315.50
129.00 315.50
128.00 315.50
127.00 315.50
126.00 315.50
125.00 315.50
124.00 315.50
123.00 315.50
122.00 315.50
121.00 315.50
120.50 316.00
120.00 316.50
119.00 316.50
118.00 316.50
117.50 317.00
117.00 317.50
116.00 317.50
115.50 318.00
115.00 318.50
114.00 318.50
113.50 319.00
113.00 319.50
112.50 320.00
112.00 320.50
111.50 321.00
111.00 321.50
110.50 322.00
110.00 322.50
109.50 323.00
109.00 323.50
108.50 324.00
108.00 324.50
107.50 325.00
107.50 326.00
107.50 327.00
107.00 327.50
106.50 328.00
106.00 328.50
105.50 329.00
105.50 330.00
105.50 331.00
105.00 331.50
104.50 332.00
104.50 333.00
104.00 333.50
103.50 334.00
103.50 335.00
103.50 336.00
103.00 336.50
102.50 337.00
102.50 338.00
102.00 338.50
101.50 339.00
101.50 340.00
101.50 341.00
101.00 341.50
100.50 342.00
100.50 343.00
100.50 344.00
100.00 344.50
99.50 345.00
99.50 346.00
99.00 346.50
98.50 347.00
98.50 348.00
98.50 349.00
98.00 349.50
97.50 350.00
97.50 351.00
97.00 351.50
96.50 352.00
96.50 353.00
96.00 353.50
95.50 354.00
95.50 355.00
95.00 355.50
94.50 356.00
94.50 357.00
94.50 358.00
94.00 358.50
93.50 359.00
93.50 360.00
93.50 361.00
93.00 361.50
92.50 362.00
92.50 363.00
92.50 364.00
92.50 365.00
92.50 366.00
92.50 367.00
92.50 368.00
92.50 369.00
92.50 370.00
92.50 371.00
92.50 372.00
92.50 373.00
93.00 373.50
93.50 374.00
93.50 375.00
93.50 376.00
93.50 377.00
93.50 378.00
93.50 379.00
93.50 380.00
93.50 381.00
93.50 382.00
94.00 382.50
94.50 383.00
94.50 384.00
94.50 385.00
94.50 386.00
94.50 387.00
95.00 387.50
95.50 388.00
95.50 389.00
95.50 390.00
95.50 391.00
95.50 392.00
95.50 393.00
95.50 394.00
95.50 395.00
96.00 395.50
96.50 396.00
96.50 397.00
96.50 398.00
96.50 399.00
97.00 399.50
97.50 400.00
97.50 401.00
97.50 402.00
98.00 402.50
98.50 403.00
98.50 404.00
99.00 404.50
99.50 405.00
100.00 405.50
100.50 406.00
100.50 407.00
101.00 407.50
101.50 408.00
101.50 409.00
102.00 409.50
102.50 410.00
103.00 410.50
103.50 411.00
103.50 412.00
104.00 412.50
104.50 413.00
105.00 413.50
105.50 414.00
106.00 414.50
106.50 415.00
107.00 415.50
107.50 416.00
108.00 416.50
108.50 417.00
109.00 417.50
109.50 418.00
110.00 418.50
111.00 418.50
111.50 419.00
112.00 419.50
112.50 420.00
113.00 420.50
114.00 420.50
114.50 421.00
115.00 421.50
116.00 421.50
116.50 422.00
117.00 422.50
118.00 422.50
118.50 423.00
119.00 423.50
120.00 423.50
120.50 424.00
121.00 424.50
122.00 424.50
123.00 424.50
123.50 425.00
124.00 425.50
125.00 425.50
126.00 425.50
127.00 425.50
128.00 425.50
128.50 426.00
129.00 426.50
130.00 426.50
131.00 426.50
132.00 426.50
133.00 426.50
134.00 426.50
135.00 426.50
136.00 426.50
137.00 426.50
137.50 427.00
138.00 427.50
139.00 427.50
140.00 427.50
141.00 427.50
142.00 427.50
143.00 427.50
144.00 427.50
145.00 427.50
145.50 427.00
146.00 426.50
147.00 426.50
148.00 426.50
149.00 426.50
149.50 426.00
150.00 425.50
151.00 425.50
152.00 425.50
153.00 425.50
153.50 425.00
154.00 424.50
155.00 424.50
155.50 424.00
156.00 423.50
157.00 423.50
157.50 423.00
158.00 422.50
159.00 422.50
159.50 422.00
160.00 421.50
160.50 421.00
161.00 420.50
161.50 420.00
162.00 419.50
162.50 419.00
163.00 418.50
164.00 418.50
164.50 418.00
165.00 417.50
165.50 417.00
166.00 416.50
166.50 416.00
167.00 415.50
167.50 415.00
168.00 414.50
168.50 414.00
168.50 413.00
169.00 412.50
169.50 412.00
170.00 411.50
170.50 411.00
170.50 410.00
171.00 409.50
171.50 409.00
171.50 408.00
172.00 407.50
172.50 407.00
172.50 406.00
173.00 405.50
173.50 405.00
173.50 404.00
173.50 403.00
174.00 402.50
174.50 402.00
174.50 401.00
174.50 400.00
175.00 399.50
175.50 399.00
175.50 398.00
175.50 397.00
175.50 396.00
175.50 395.00
176.00 394.50
176.50 394.00
176.50 393.00
176.50 392.00
176.50 391.00
177.00 390.50
177.50 390.00
177.50 389.00
177.50 388.00
177.50 387.00
177.50 386.00
177.50 385.00
177.50 384.00
178.00 383.50
178.50 383.00
178.50 382.00
178.50 381.00
178.00 380.50
177.50 380.00
177.50 379.00
177.50 378.00
177.50 377.00
177.50 376.00
177.50 375.00
177.50 374.00
177.50 373.00
177.50 372.00
177.50 371.00
177.50 370.00
177.00 369.50
176.50 369.00
176.50 368.00
176.50 367.00
176.50 366.00
176.00 365.50
175.50 365.00
175.50 364.00
175.50 363.00
175.50 362.00
175.50 361.00
175.00 360.50
174.50 360.00
174.50 359.00
174.50 358.00
174.00 357.50
173.50 357.00
173.50 356.00
173.00 355.50
172.50 355.00
172.50 354.00
172.00 353.50
171.50 353.00
171.00 352.50
170.50 352.00
170.50 351.00
170.00 350.50
169.50 350.00
169.00 349.50
168.50 349.00
168.00 348.50
167.50 348.00
167.00 347.50
166.50 347.00
166.00 346.50
165.50 346.00
165.50 345.00
165.00 344.50
164.50 344.00
165.00 343.75
165.75 343.00
166.00 342.75
166.75 342.00
167.00 341.75
167.75 341.00
168.00 340.75
169.00 340.75
169.75 340.00
170.00 339.75
170.75 339.00
171.00 338.75
171.75 338.00
172.00 337.75
172.75 337.00
172.75 336.00
173.00 335.75
173.75 335.00
173.75 334.00
174.00 333.75
174.75 333.00
175.00 332.75
175.75 332.00
175.75 331.00
176.00 330.75
176.75 330.00
176.75 329.00
176.75 328.00
177.00 327.75
177.75 327.00
177.75 326.00
177.75 325.00
178.00 324.75
178.75 324.00
178.75 323.00
178.75 322.00
178.75 321.00
178.75 320.00
179.00 319.75
179.75 319.00

Contour 1:
283.83 837.00
283.83 836.00
283.83 835.00
283.83 834.00
283.83 833.00
283.83 832.00
283.83 831.00
283.83 830.00
283.83 829.00
283.00 828.17
282.83 828.00
282.83 827.00
282.83 826.00
282.83 825.00
282.00 824.17
281.83 824.00
281.83 823.00
281.83 822.00
281.00 821.17
280.83 821.00
280.83 820.00
280.83 819.00
280.83 818.00
280.83 817.00
280.00 816.17
279.83 816.00
279.83 815.00
279.83 814.00
279.00 813.17
278.83 813.00
278.83 812.00
278.00 811.17
277.83 811.00
277.00 810.17
276.83 810.00
276.83 809.00
276.00 808.17
275.83 808.00
275.83 807.00
275.00 806.17
274.83 806.00
274.00 805.17
273.83 805.00
273.00 804.17
272.83 804.00
272.00 803.17
271.00 803.17
270.83 803.00
270.83 802.00
270.00 801.17
269.83 801.00
269.00 800.17
268.83 800.00
268.83 799.00
268.00 798.17
267.83 798.00
267.00 797.17
266.83 797.00
266.00 796.17
265.83 796.00
265.00 795.17
264.83 795.00
264.00 794.17
263.83 794.00
263.00 793.17
262.83 793.00
262.00 792.17
261.83 792.00
261.00 791.17
260.83 791.00
260.00 790.17
259.83 790.00
259.00 789.17
258.83 789.00
258.00 788.17
257.83 788.00
257.00 787.17
256.00 787.17
255.83 787.00
255.00 786.17
254.83 786.00
254.00 785.17
253.00 785.17
252.83 785.00
252.00 784.17
251.00 784.17
250.83 784.00
250.00 783.17
249.00 783.17
248.83 783.00
248.00 782.17
247.00 782.17
246.83 782.00
246.00 781.17
245.00 781.17
244.00 781.17
243.83 781.00
243.00 780.17
242.00 780.17
241.00 780.17
240.83 780.00
240.00 779.17
239.00 779.17
238.00 779.17
237.00 779.17
236.00 779.17
235.83 779.00
235.00 778.17
234.00 778.17
233.00 778.17
232.00 778.17
231.00 778.17
230.00 778.17
229.00 778.17
228.00 778.17
227.00 778.17
226.00 778.17
225.00 778.17
224.00 778.17
223.00 778.17
222.00 778.17
221.00 778.17
220.17 779.00
220.00 779.17
219.00 779.17
218.00 779.17
217.17 780.00
217.00 780.17
216.00 780.17
215.00 780.17
214.17 781.00
214.00 781.17
213.00 781.17
212.17 782.00
212.00 782.17
211.00 782.17
210.17 783.00
210.00 783.17
209.00 783.17
208.17 784.00
208.00 784.17
207.17 785.00
207.00 785.17
206.00 785.17
205.17 786.00
205.00 786.17
204.17 787.00
204.00 787.17
203.17 788.00
203.00 788.17
202.17 789.00
202.00 789.17
201.17 790.00
201.00 790.17
200.17 791.00
200.00 791.17
199.17 792.00
199.17 793.00
199.00 793.17
198.17 794.00
198.00 794.17
197.17 795.00
197.17 796.00
197.00 796.17
196.17 797.00
196.17 798.00
196.17 799.00
196.00 799.17
195.17 800.00
195.17 801.00
195.17 802.00
195.17 803.00
195.17 804.00
195.17 805.00
195.17 806.00
195.17 807.00
195.17 808.00
195.17 809.00
195.17 810.00
195.17 811.00
195.17 812.00
195.17 813.00
195.17 814.00
195.17 815.00
196.00 815.83
196.17 816.00
196.17 817.00
196.17 818.00
196.17 819.00
196.17 820.00
197.00 820.83
197.17 821.00
197.17 822.00
198.00 822.83
198.17 823.00
198.17 824.00
198.17 825.00
199.00 825.83
199.17 826.00
200.00 826.83
200.17 827.00
200.17 828.00
201.00 828.83
201.17 829.00
201.17 830.00
202.00 830.83
202.17 831.00
202.17 832.00
203.00 832.83
203.17 833.00
204.00 833.83
204.17 834.00
205.00 834.83
205.17 835.00
205.17 836.00
206.00 836.83
206.17 837.00
206.17 838.00
207.00 838.83
207.17 839.00
208.00 839.83
208.17 840.00
208.17 841.00
209.00 841.83
209.17 842.00
210.00 842.83
210.17 843.00
210.17 844.00
211.00 844.83
211.17 845.00
211.17 846.00
212.00 846.83
212.17 847.00
212.17 848.00
213.00 848.83
213.17 849.00
214.00 849.83
214.17 850.00
214.17 851.00
215.00 851.83
215.17 852.00
216.00 852.83
216.17 853.00
216.17 854.00
217.00 854.83
217.17 855.00
218.00 855.83
218.17 856.00
219.00 856.83
219.17 857.00
220.00 857.83
220.17 858.00
221.00 858.83
221.17 859.00
222.00 859.83
222.17 860.00
223.00 860.83
224.00 860.83
224.17 861.00
225.00 861.83
225.17 862.00
226.00 862.83
226.17 863.00
227.00 863.83
228.00 863.83
228.17 864.00
229.00 864.83
230.00 864.83
230.17 865.00
231.00 865.83
232.00 865.83
232.17 866.00
233.00 866.83
234.00 866.83
234.17 867.00
235.00 867.83
236.00 867.83
236.17 868.00
237.00 868.83
238.00 868.83
238.17 869.00
239.00 869.83
240.00 869.83
240.17 870.00
241.00 870.83
242.00 870.83
242.17 871.00
243.00 871.83
244.00 871.83
245.00 871.83
246.00 871.83
247.00 871.83
248.00 871.83
249.00 871.83
250.00 871.83
251.00 871.83
252.00 871.83
252.83 871.00
253.00 870.83
254.00 870.83
255.00 870.83
256.00 870.83
256.83 870.00
257.00 869.83
258.00 869.83
259.00 869.83
259.83 869.00
260.00 868.83
261.00 868.83
261.83 868.00
262.00 867.83
262.83 867.00
263.00 866.83
263.83 866.00
264.00 865.83
265.00 865.83
265.83 865.00
266.00 864.83
266.83 864.00
267.00 863.83
267.83 863.00
268.00 862.83
268.83 862.00
269.00 861.83
269.83 861.00
270.00 860.83
270.83 860.00
271.00 859.83
271.83 859.00
272.00 858.83
272.83 858.00
273.00 857.83
273.83 857.00
274.00 856.83
274.83 856.00
275.00 855.83
275.83 855.00
275.83 854.00
276.00 853.83
276.83 853.00
277.00 852.83
277.83 852.00
278.00 851.83
278.83 851.00
278.83 850.00
279.00 849.83
279.83 849.00
279.83 848.00
279.83 847.00
280.00 846.83
280.83 846.00
280.83 845.00
281.00 844.83
281.83 844.00
281.83 843.00
282.00 842.83
282.83 842.00
282.83 841.00
282.83 840.00
282.83 839.00
282.83 838.00
283.00 837.83
283.83 837.00

Contour 2:
270.88 20.00
270.88 19.00
270.88 18.00
270.88 17.00
270.88 16.00
270.88 15.00
270.88 14.00
270.88 13.00
270.88 12.00
270.88 11.00
270.00 10.12
269.88 10.00
269.00 9.12
268.88 9.00
268.00 8.12
267.00 8.12
266.88 8.00
266.88 7.00
266.00 6.12
265.88 6.00
265.88 5.00
265.00 4.12
264.00 4.12
263.00 4.12
262.00 4.12
261.00 4.12
260.00 4.12
259.00 4.12
258.88 4.00
258.00 3.12
257.00 3.12
256.00 3.12
255.00 3.12
254.88 3.00
254.00 2.12
253.00 2.12
252.00 2.12
251.00 2.12
250.00 2.12
249.00 2.12
248.00 2.12
247.00 2.12
246.00 2.12
245.00 2.12
244.00 2.12
243.00 2.12
242.00 2.12
241.00 2.12
240.00 2.12
239.00 2.12
238.00 2.12
237.00 2.12
236.00 2.12
235.00 2.12
234.00 2.12
233.00 2.12
232.00 2.12
231.00 2.12
230.00 2.12
229.00 2.12
228.00 2.12
227.00 2.12
226.00 2.12
225.00 2.12
224.00 2.12
223.00 2.12
222.00 2.12
221.00 2.12
220.00 2.12
219.00 2.12
218.00 2.12
217.00 2.12
216.00 2.12
215.00 2.12
214.00 2.12
213.12 3.00
213.00 3.12
212.00 3.12
211.00 3.12
210.00 3.12
209.00 3.12
208.00 3.12
207.12 4.00
207.00 4.12
206.00 4.12
205.12 5.00
205.00 5.12
204.00 5.12
203.12 6.00
203.00 6.12
202.00 6.12
201.12 7.00
201.00 7.12
200.12 8.00
200.00 8.12
199.12 9.00
199.12 10.00
199.00 10.12
198.12 11.00
198.12 12.00
198.00 12.12
197.12 13.00
197.12 14.00
197.12 15.00
197.12 16.00
197.12 17.00
197.12 18.00
197.12 19.00
197.12 20.00
197.12 21.00
197.12 22.00
197.12 23.00
197.12 24.00
197.12 25.00
197.12 26.00
197.12 27.00
197.12 28.00
197.12 29.00
197.12 30.00
197.12 31.00
197.12 32.00
198.00 32.88
198.12 33.00
198.12 34.00
198.12 35.00
198.12 36.00
199.00 36.88
199.12 37.00
199.12 38.00
200.00 38.88
200.12 39.00
201.00 39.88
201.12 40.00
202.00 40.88
202.12 41.00
202.12 42.00
203.00 42.88
203.12 43.00
204.00 43.88
204.12 44.00
205.00 44.88
205.12 45.00
206.00 45.88
206.12 46.00
207.00 46.88
208.00 46.88
208.12 47.00
209.00 47.88
210.00 47.88
211.00 47.88
211.12 48.00
212.00 48.88
213.00 48.88
214.00 48.88
214.12 49.00
215.00 49.88
216.00 49.88
216.12 50.00
217.00 50.88
218.00 50.88
219.00 50.88
219.12 51.00
220.00 51.88
220.12 52.00
221.00 52.88
222.00 52.88
223.00 52.88
224.00 52.88
225.00 52.88
226.00 52.88
227.00 52.88
228.00 52.88
228.12 53.00
229.00 53.88
229.88 53.00
230.00 52.88
231.00 52.88
232.00 52.88
233.00 52.88
234.00 52.88
235.00 52.88
236.00 52.88
237.00 52.88
237.88 52.00
238.00 51.88
239.00 51.88
240.00 51.88
241.00 51.88
242.00 51.88
243.00 51.88
244.00 51.88
244.88 51.00
245.00 50.88
246.00 50.88
247.00 50.88
247.88 50.00
248.00 49.88
249.00 49.88
249.88 49.00
250.00 48.88
250.88 48.00
251.00 47.88
252.00 47.88
252.88 47.00
253.00 46.88
253.88 46.00
254.00 45.88
255.00 45.88
255.88 45.00
256.00 44.88
256.88 44.00
257.00 43.88
257.88 43.00
258.00 42.88
258.88 42.00
259.00 41.88
259.88 41.00
260.00 40.88
260.88 40.00
261.00 39.88
261.88 39.00
261.88 38.00
262.00 37.88
262.88 37.00
263.00 36.88
263.88 36.00
263.88 35.00
264.00 34.88
264.88 34.00
265.00 33.88
265.88 33.00
265.88 32.00
266.00 31.88
266.88 31.00
266.88 30.00
267.00 29.88
267.88 29.00
267.88 28.00
267.88 27.00
268.00 26.88
268.88 26.00
268.88 25.00
269.00 24.88
269.88 24.00
269.88 23.00
269.88 22.00
269.88 21.00
270.00 20.88
270.88 20.00

Contour 3:
276.90 259.00
276.90 258.00
276.90 257.00
276.90 256.00
276.90 255.00
276.90 254.00
276.90 253.00
276.90 252.00
276.90 251.00
276.90 250.00
276.90 249.00
276.90 248.00
276.90 247.00
276.90 246.00
276.90 245.00
276.00 244.10
275.90 244.00
275.90 243.00
275.90 242.00
275.90 241.00
275.90 240.00
275.00 239.10
274.90 239.00
274.90 238.00
274.90 237.00
274.00 236.10
273.90 236.00
273.90 235.00
273.90 234.00
273.00 233.10
272.90 233.00
272.90 232.00
272.00 231.10
271.90 231.00
271.90 230.00
271.90 229.00
271.00 228.10
270.90 228.00
270.90 227.00
270.90 226.00
270.00 225.10
269.90 225.00
269.00 224.10
268.90 224.00
268.00 223.10
267.90 223.00
267.90 222.00
267.00 221.10
266.90 221.00
266.00 220.10
265.90 220.00
265.00 219.10
264.90 219.00
264.00 218.10
263.90 218.00
263.00 217.10
262.90 217.00
262.00 216.10
261.90 216.00
261.00 215.10
260.00 215.10
259.90 215.00
259.00 214.10
258.90 214.00
258.00 213.10
257.00 213.10
256.90 213.00
256.00 212.10
255.00 212.10
254.90 212.00
254.00 211.10
253.00 211.10
252.90 211.00
252.00 210.10
251.00 210.10
250.90 210.00
250.00 209.10
249.00 209.10
248.00 209.10
247.90 209.00
247.00 208.10
246.00 208.10
245.90 208.00
245.00 207.10
244.00 207.10
243.00 207.10
242.00 207.10
241.00 207.10
240.00 207.10
239.00 207.10
238.00 207.10
237.00 207.10
236.00 207.10
235.00 207.10
234.00 207.10
233.00 207.10
232.00 207.10
231.00 207.10
230.10 208.00
230.00 208.10
229.00 208.10
228.00 208.10
227.00 208.10
226.00 208.10
225.00 208.10
224.10 209.00
224.00 209.10
223.00 209.10
222.00 209.10
221.00 209.10
220.10 210.00
220.00 210.10
219.00 210.10
218.10 211.00
218.00 211.10
217.10 212.00
217.00 212.10
216.10 213.00
216.00 213.10
215.00 213.10
214.10 214.00
214.00 214.10
213.10 215.00
213.00 215.10
212.10 216.00
212.00 216.10
211.10 217.00
211.10 218.00
211.00 218.10
210.10 219.00
210.00 219.10
209.10 220.00
209.00 220.10
208.10 221.00
208.10 222.00
208.00 222.10
207.10 223.00
207.00 223.10
206.10 224.00
206.10 225.00
206.00 225.10
205.10 226.00
205.10 227.00
205.00 227.10
204.10 228.00
204.10 229.00
204.00 229.10
203.10 230.00
203.10 231.00
203.00 231.10
202.10 232.00
202.10 233.00
202.10 234.00
202.10 235.00
202.10 236.00
202.00 236.10
201.10 237.00
201.10 238.00
201.10 239.00
201.10 240.00
201.10 241.00
201.10 242.00
201.10 243.00
201.10 244.00
202.00 244.90
202.10 245.00
202.10 246.00
202.10 247.00
202.10 248.00
202.10 249.00
203.00 249.90
203.10 250.00
203.10 251.00
203.10 252.00
204.00 252.90
204.10 253.00
204.10 254.00
205.00 254.90
205.10 255.00
205.10 256.00
206.00 256.90
206.10 257.00
206.10 258.00
207.00 258.90
207.10 259.00
207.10 260.00
208.00 260.90
208.10 261.00
208.10 262.00
209.00 262.90
209.10 263.00
209.10 264.00
210.00 264.90
210.10 265.00
210.10 266.00
211.00 266.90
211.10 267.00
211.10 268.00
212.00 268.90
212.10 269.00
212.10 270.00
213.00 270.90
213.10 271.00
213.10 272.00
214.00 272.90
214.10 273.00
215.00 273.90
215.10 274.00
215.10 275.00
216.00 275.90
216.10 276.00
217.00 276.90
217.10 277.00
218.00 277.90
218.10 278.00
219.00 278.90
219.10 279.00
220.00 279.90
221.00 279.90
221.10 280.00
222.00 280.90
222.10 281.00
223.00 281.90
223.10 282.00
224.00 282.90
224.10 283.00
225.00 283.90
226.00 283.90
226.10 284.00
227.00 284.90
228.00 284.90
228.10 285.00
229.00 285.90
230.00 285.90
230.10 286.00
231.00 286.90
232.00 286.90
232.10 287.00
233.00 287.90
234.00 287.90
235.00 287.90
236.00 287.90
236.10 288.00
237.00 288.90
238.00 288.90
239.00 288.90
240.00 288.90
241.00 288.90
242.00 288.90
243.00 288.90
244.00 288.90
245.00 288.90
246.00 288.90
246.90 288.00
247.00 287.90
248.00 287.90
249.00 287.90
250.00 287.90
251.00 287.90
252.00 287.90
253.00 287.90
253.90 287.00
254.00 286.90
255.00 286.90
256.00 286.90
257.00 286.90
257.90 286.00
258.00 285.90
259.00 285.90
259.90 285.00
260.00 284.90
261.00 284.90
261.90 284.00
262.00 283.90
262.90 283.00
263.00 282.90
263.90 282.00
264.00 281.90
264.90 281.00
265.00 280.90
266.00 280.90
266.90 280.00
267.00 279.90
267.90 279.00
267.90 278.00
268.00 277.90
268.90 277.00
269.00 276.90
269.90 276.00
270.00 275.90
270.90 275.00
270.90 274.00
271.00 273.90
271.90 273.00
272.00 272.90
272.90 272.00
272.90 271.00
272.90 270.00
273.00 269.90
273.90 269.00
273.90 268.00
274.00 267.90
274.90 267.00
274.90 266.00
274.90 265.00
274.90 264.00
275.00 263.90
275.90 263.00
275.90 262.00
275.90 261.00
275.90 260.00
276.00 259.90
276.90 259.00

Contour 4:
303.92 639.00
303.92 638.00
303.92 637.00
303.92 636.00
303.92 635.00
303.92 634.00
303.92 633.00
303.92 632.00
303.92 631.00
303.92 630.00
303.92 629.00
303.92 628.00
303.92 627.00
303.92 626.00
303.00 625.08
302.92 625.00
302.92 624.00
302.92 623.00
302.92 622.00
302.00 621.08
301.92 621.00
301.92 620.00
301.92 619.00
301.00 618.08
300.92 618.00
300.92 617.00
300.00 616.08
299.92 616.00
299.92 615.00
299.00 614.08
298.92 614.00
298.00 613.08
297.92 613.00
297.00 612.08
296.92 612.00
296.92 611.00
296.00 610.08
295.92 610.00
295.00 609.08
294.00 609.08
293.92 609.00
293.00 608.08
292.92 608.00
292.00 607.08
291.92 607.00
291.00 606.08
290.92 606.00
290.00 605.08
289.00 605.08
288.92 605.00
288.00 604.08
287.00 604.08
286.92 604.00
286.00 603.08
285.00 603.08
284.92 603.00
284.00 602.08
283.00 602.08
282.92 602.00
282.00 601.08
281.00 601.08
280.92 601.00
280.00 600.08
279.00 600.08
278.00 600.08
277.00 600.08
276.92 600.00
276.00 599.08
275.00 599.08
274.00 599.08
273.00 599.08
272.00 599.08
271.00 599.08
270.00 599.08
269.00 599.08
268.00 599.08
267.00 599.08
266.00 599.08
265.00 599.08
264.00 599.08
263.00 599.08
262.00 599.08
261.00 599.08
260.00 599.08
259.00 599.08
258.00 599.08
257.08 600.00
257.00 600.08
256.00 600.08
255.08 601.00
255.00 601.08
254.00 601.08
253.08 602.00
253.00 602.08
252.00 602.08
251.00 602.08
250.08 603.00
250.00 603.08
249.00 603.08
248.08 604.00
248.00 604.08
247.08 605.00
247.00 605.08
246.00 605.08
245.08 606.00
245.00 606.08
244.08 607.00
244.00 607.08
243.00 607.08
242.08 608.00
242.00 608.08
241.08 609.00
241.00 609.08
240.00 609.08
239.08 610.00
239.00 610.08
238.08 611.00
238.00 611.08
237.08 612.00
237.00 612.08
236.08 613.00
236.00 613.08
235.08 614.00
235.00 614.08
234.08 615.00
234.00 615.08
233.08 616.00
233.00 616.08
232.08 617.00
232.00 617.08
231.08 618.00
231.08 619.00
231.00 619.08
230.08 620.00
230.00 620.08
229.08 621.00
229.08 622.00
229.00 622.08
228.08 623.00
228.00 623.08
227.08 624.00
227.08 625.00
227.00 625.08
226.08 626.00
226.08 627.00
226.08 628.00
226.00 628.08
225.08 629.00
225.08 630.00
225.08 631.00
225.08 632.00
225.08 633.00
225.00 633.08
224.08 634.00
224.08 635.00
224.08 636.00
224.08 637.00
224.08 638.00
224.08 639.00
224.08 640.00
224.08 641.00
224.08 642.00
224.08 643.00
224.08 644.00
224.08 645.00
224.08 646.00
225.00 646.92
225.08 647.00
225.08 648.00
225.08 649.00
225.08 650.00
226.00 650.92
226.08 651.00
226.08 652.00
226.08 653.00
226.08 654.00
227.00 654.92
227.08 655.00
227.08 656.00
227.08 657.00
228.00 657.92
228.08 658.00
228.08 659.00
229.00 659.92
229.08 660.00
230.00 660.92
230.08 661.00
230.08 662.00
231.00 662.92
231.08 663.00
232.00 663.92
232.08 664.00
233.00 664.92
233.08 665.00
234.00 665.92
234.08 666.00
235.00 666.92
235.08 667.00
236.00 667.92
236.08 668.00
237.00 668.92
237.08 669.00
238.00 669.92
238.08 670.00
239.00 670.92
240.00 670.92
240.08 671.00
241.00 671.92
241.08 672.00
242.00 672.92
243.00 672.92
243.08 673.00
244.00 673.92
245.00 673.92
246.00 673.92
246.08 674.00
247.00 674.92
248.00 674.92
249.00 674.92
249.08 675.00
250.00 675.92
251.00 675.92
252.00 675.92
252.08 676.00
253.00 676.92
254.00 676.92
255.00 676.92
256.00 676.92
257.00 676.92
257.08 677.00
258.00 677.92
259.00 677.92
260.00 677.92
261.00 677.92
262.00 677.92
263.00 677.92
264.00 677.92
264.92 677.00
265.00 676.92
266.00 676.92
267.00 676.92
268.00 676.92
269.00 676.92
270.00 676.92
270.92 676.00
271.00 675.92
272.00 675.92
273.00 675.92
273.92 675.00
274.00 674.92
275.00 674.92
276.00 674.92
276.92 674.00
277.00 673.92
278.00 673.92
278.92 673.00
279.00 672.92
280.00 672.92
280.92 672.00
281.00 671.92
282.00 671.92
282.92 671.00
283.00 670.92
283.92 670.00
284.00 669.92
285.00 669.92
285.92 669.00
286.00 668.92
286.92 668.00
287.00 667.92
288.00 667.92
288.92 667.00
289.00 666.92
289.92 666.00
290.00 665.92
290.92 665.00
291.00 664.92
291.92 664.00
292.00 663.92
293.00 663.92
293.92 663.00
294.00 662.92
294.92 662.00
294.92 661.00
295.00 660.92
295.92 660.00
296.00 659.92
296.92 659.00
296.92 658.00
297.00 657.92
297.92 657.00
298.00 656.92
298.92 656.00
298.92 655.00
299.00 654.92
299.92 654.00
299.92 653.00
300.00 652.92
300.92 652.00
300.92 651.00
300.92 650.00
301.00 649.92
301.92 649.00
301.92 648.00
301.92 647.00
302.00 646.92
302.92 646.00
302.92 645.00
302.92 644.00
302.92 643.00
302.92 642.00
302.92 641.00
302.92 640.00
303.00 639.92
303.92 639.00

Contour 5:
343.93 485.00
343.93 484.00
343.93 483.00
343.93 482.00
343.93 481.00
343.93 480.00
343.93 479.00
343.93 478.00
343.93 477.00
343.93 476.00
343.93 475.00
343.93 474.00
343.93 473.00
343.93 472.00
343.93 471.00
343.00 470.07
342.93 470.00
342.93 469.00
342.93 468.00
342.00 467.07
341.93 467.00
341.00 466.07
340.93 466.00
340.93 465.00
340.00 464.07
339.93 464.00
339.00 463.07
338.93 463.00
338.00 462.07
337.93 462.00
337.00 461.07
336.93 461.00
336.00 460.07
335.93 460.00
335.00 459.07
334.00 459.07
333.93 459.00
333.00 458.07
332.93 458.00
332.00 457.07
331.00 457.07
330.93 457.00
330.00 456.07
329.00 456.07
328.93 456.00
328.00 455.07
327.93 455.00
327.00 454.07
326.00 454.07
325.93 454.00
325.00 453.07
324.00 453.07
323.93 453.00
323.00 452.07
322.00 452.07
321.93 452.00
321.00 451.07
320.00 451.07
319.93 451.00
319.00 450.07
318.00 450.07
317.00 450.07
316.93 450.00
316.00 449.07
315.00 449.07
314.00 449.07
313.00 449.07
312.93 449.00
312.00 448.07
311.00 448.07
310.00 448.07
309.93 448.00
309.00 447.07
308.00 447.07
307.00 447.07
306.00 447.07
305.00 447.07
304.00 447.07
303.00 447.07
302.00 447.07
301.00 447.07
300.00 447.07
299.07 448.00
299.00 448.07
298.00 448.07
297.00 448.07
296.00 448.07
295.00 448.07
294.07 449.00
294.00 449.07
293.00 449.07
292.00 449.07
291.07 450.00
291.00 450.07
290.00 450.07
289.07 451.00
289.00 451.07
288.07 452.00
288.00 452.07
287.00 452.07
286.07 453.00
286.00 453.07
285.07 454.00
285.00 454.07
284.07 455.00
284.00 455.07
283.07 456.00
283.00 456.07
282.07 457.00
282.00 457.07
281.07 458.00
281.07 459.00
281.00 459.07
280.07 460.00
280.07 461.00
280.00 461.07
279.07 462.00
279.07 463.00
279.07 464.00
279.07 465.00
279.07 466.00
279.07 467.00
279.07 468.00
279.07 469.00
279.07 470.00
279.07 471.00
279.07 472.00
279.07 473.00
279.07 474.00
280.00 474.93
280.07 475.00
280.07 476.00
280.07 477.00
280.07 478.00
281.00 478.93
281.07 479.00
281.07 480.00
281.07 481.00
282.00 481.93
282.07 482.00
283.00 482.93
283.07 483.00
283.07 484.00
284.00 484.93
284.07 485.00
285.00 485.93
285.07 486.00
286.00 486.93
286.07 487.00
286.07 488.00
287.00 488.93
287.07 489.00
288.00 489.93
288.07 490.00
289.00 490.93
289.07 491.00
290.00 491.93
290.07 492.00
291.00 492.93
291.07 493.00
292.00 493.93
293.00 493.93
293.07 494.00
294.00 494.93
294.07 495.00
295.00 495.93
296.00 495.93
297.00 495.93
297.07 496.00
298.00 496.93
299.00 496.93
299.07 497.00
300.00 497.93
301.00 497.93
302.00 497.93
302.07 498.00
303.00 498.93
304.00 498.93
305.00 498.93
305.07 499.00
306.00 499.93
307.00 499.93
308.00 499.93
308.07 500.00
309.00 500.93
310.00 500.93
311.00 500.93
312.00 500.93
313.00 500.93
313.07 501.00
314.00 501.93
315.00 501.93
316.00 501.93
317.00 501.93
318.00 501.93
319.00 501.93
320.00 501.93
321.00 501.93
322.00 501.93
322.93 501.00
323.00 500.93
324.00 500.93
325.00 500.93
326.00 500.93
326.93 500.00
327.00 499.93
328.00 499.93
328.93 499.00
329.00 498.93
330.00 498.93
331.00 498.93
331.93 498.00
332.00 497.93
333.00 497.93
333.93 497.00
334.00 496.93
335.00 496.93
335.93 496.00
336.00 495.93
336.93 495.00
337.00 494.93
337.93 494.00
338.00 493.93
338.93 493.00
339.00 492.93
339.93 492.00
340.00 491.93
340.93 491.00
341.00 490.93
341.93 490.00
341.93 489.00
342.00 488.93
342.93 488.00
342.93 487.00
342.93 486.00
343.00 485.93
343.93 485.00

Contour 6:
356.94 562.00
356.94 561.00
356.94 560.00
356.94 559.00
356.94 558.00
356.94 557.00
356.94 556.00
356.94 555.00
356.94 554.00
356.94 553.00
356.94 552.00
356.00 551.06
355.94 551.00
355.94 550.00
355.94 549.00
355.94 548.00
355.00 547.06
354.94 547.00
354.94 546.00
354.94 545.00
354.94 544.00
354.94 543.00
354.94 542.00
354.00 541.06
353.94 541.00
353.94 540.00
353.94 539.00
353.00 538.06
352.94 538.00
352.94 537.00
352.00 536.06
351.94 536.00
351.94 535.00
351.00 534.06
350.94 534.00
350.94 533.00
350.00 532.06
349.94 532.00
349.00 531.06
348.94 531.00
348.94 530.00
348.00 529.06
347.00 529.06
346.94 529.00
346.00 528.06
345.94 528.00
345.00 527.06
344.00 527.06
343.94 527.00
343.00 526.06
342.94 526.00
342.00 525.06
341.00 525.06
340.94 525.00
340.00 524.06
339.94 524.00
339.00 523.06
338.00 523.06
337.00 523.06
336.94 523.00
336.00 522.06
335.00 522.06
334.94 522.00
334.00 521.06
333.00 521.06
332.00 521.06
331.00 521.06
330.00 521.06
329.00 521.06
328.00 521.06
327.00 521.06
326.00 521.06
325.00 521.06
324.00 521.06
323.06 522.00
323.00 522.06
322.00 522.06
321.00 522.06
320.00 522.06
319.00 522.06
318.06 523.00
318.00 523.06
317.00 523.06
316.06 524.00
316.00 524.06
315.00 524.06
314.00 524.06
313.06 525.00
313.00 525.06
312.00 525.06
311.06 526.00
311.00 526.06
310.00 526.06
309.06 527.00
309.00 527.06
308.00 527.06
307.06 528.00
307.00 528.06
306.00 528.06
305.06 529.00
305.00 529.06
304.06 530.00
304.00 530.06
303.00 530.06
302.06 531.00
302.00 531.06
301.06 532.00
301.00 532.06
300.06 533.00
300.00 533.06
299.06 534.00
299.00 534.06
298.06 535.00
298.00 535.06
297.06 536.00
297.00 536.06
296.06 537.00
296.00 537.06
295.06 538.00
295.06 539.00
295.00 539.06
294.06 540.00
294.06 541.00
294.00 541.06
293.06 542.00
293.06 543.00
293.00 543.06
292.06 544.00
292.06 545.00
292.06 546.00
292.00 546.06
291.06 547.00
291.06 548.00
291.06 549.00
291.00 549.06
290.06 550.00
290.06 551.00
290.06 552.00
290.06 553.00
290.06 554.00
290.06 555.00
290.06 556.00
290.06 557.00
290.06 558.00
290.06 559.00
290.06 560.00
290.06 561.00
290.06 562.00
290.06 563.00
290.06 564.00
291.00 564.94
291.06 565.00
291.06 566.00
291.06 567.00
291.06 568.00
292.00 568.94
292.06 569.00
292.06 570.00
292.06 571.00
293.00 571.94
293.06 572.00
293.06 573.00
294.00 573.94
294.06 574.00
294.06 575.00
295.00 575.94
295.06 576.00
296.00 576.94
296.06 577.00
296.06 578.00
297.00 578.94
297.06 579.00
298.00 579.94
298.06 580.00
299.00 580.94
299.06 581.00
300.00 581.94
301.00 581.94
301.06 582.00
302.00 582.94
302.06 583.00
303.00 583.94
303.06 584.00
304.00 584.94
305.00 584.94
305.06 585.00
306.00 585.94
307.00 585.94
307.06 586.00
308.00 586.94
309.00 586.94
309.06 587.00
310.00 587.94
311.00 587.94
312.00 587.94
312.06 588.00
313.00 588.94
314.00 588.94
314.06 589.00
315.00 589.94
316.00 589.94
317.00 589.94
317.06 590.00
318.00 590.94
319.00 590.94
320.00 590.94
321.00 590.94
322.00 590.94
323.00 590.94
324.00 590.94
325.00 590.94
326.00 590.94
327.00 590.94
328.00 590.94
329.00 590.94
330.00 590.94
330.94 590.00
331.00 589.94
332.00 589.94
333.00 589.94
334.00 589.94
334.94 589.00
335.00 588.94
336.00 588.94
336.94 588.00
337.00 587.94
338.00 587.94
338.94 587.00
339.00 586.94
340.00 586.94
340.94 586.00
341.00 585.94
341.94 585.00
342.00 584.94
343.00 584.94
343.94 584.00
344.00 583.94
344.94 583.00
345.00 582.94
345.94 582.00
346.00 581.94
346.94 581.00
347.00 580.94
347.94 580.00
348.00 579.94
348.94 579.00
349.00 578.94
349.94 578.00
349.94 577.00
350.00 576.94
350.94 576.00
351.00 575.94
351.94 575.00
351.94 574.00
352.00 573.94
352.94 573.00
353.00 572.94
353.94 572.00
353.94 571.00
354.00 570.94
354.94 570.00
354.94 569.00
354.94 568.00
355.00 567.94
355.94 567.00
355.94 566.00
355.94 565.00
355.94 564.00
355.94 563.00
356.00 562.94
356.94 562.00

Contour 7:
363.94 131.00
363.94 130.00
363.94 129.00
363.94 128.00
363.94 127.00
363.94 126.00
363.94 125.00
363.00 124.06
362.94 124.00
362.94 123.00
362.94 122.00
362.94 121.00
362.94 120.00
362.94 119.00
362.94 118.00
362.00 117.06
361.94 117.00
361.94 116.00
361.00 115.06
360.94 115.00
360.94 114.00
360.00 113.06
359.94 113.00
359.94 112.00
359.00 111.06
358.94 111.00
358.00 110.06
357.94 110.00
357.94 109.00
357.00 108.06
356.94 108.00
356.00 107.06
355.94 107.00
355.00 106.06
354.94 106.00
354.00 105.06
353.94 105.00
353.00 104.06
352.94 104.00
352.00 103.06
351.94 103.00
351.00 102.06
350.94 102.00
350.00 101.06
349.94 101.00
349.00 100.06
348.00 100.06
347.94 100.00
347.00 99.06
346.94 99.00
346.00 98.06
345.00 98.06
344.94 98.00
344.00 97.06
343.00 97.06
342.94 97.00
342.00 96.06
341.00 96.06
340.94 96.00
340.00 95.06
339.00 95.06
338.00 95.06
337.94 95.00
337.00 94.06
336.00 94.06
335.00 94.06
334.00 94.06
333.00 94.06
332.00 94.06
331.00 94.06
330.00 94.06
329.00 94.06
328.00 94.06
327.06 95.00
327.00 95.06
326.00 95.06
325.00 95.06
324.06 96.00
324.00 96.06
323.00 96.06
322.00 96.06
321.06 97.00
321.00 97.06
320.00 97.06
319.06 98.00
319.00 98.06
318.06 99.00
318.00 99.06
317.00 99.06
316.06 100.00
316.00 100.06
315.06 101.00
315.00 101.06
314.06 102.00
314.00 102.06
313.00 102.06
312.06 103.00
312.00 103.06
311.06 104.00
311.00 104.06
310.06 105.00
310.06 106.00
310.00 106.06
309.06 107.00
309.00 107.06
308.06 108.00
308.00 108.06
307.06 109.00
307.00 109.06
306.06 110.00
306.06 111.00
306.00 111.06
305.06 112.00
305.06 113.00
305.00 113.06
304.06 114.00
304.06 115.00
304.00 115.06
303.06 116.00
303.06 117.00
303.06 118.00
303.06 119.00
303.00 119.06
302.06 120.00
302.06 121.00
302.06 122.00
302.06 123.00
303.00 123.94
303.06 124.00
303.06 125.00
303.06 126.00
303.06 127.00
303.06 128.00
304.00 128.94
304.06 129.00
304.06 130.00
304.06 131.00
304.06 132.00
305.00 132.94
305.06 133.00
305.06 134.00
306.00 134.94
306.06 135.00
306.06 136.00
306.06 137.00
306.06 138.00
307.00 138.94
307.06 139.00
308.00 139.94
308.06 140.00
308.06 141.00
309.00 141.94
309.06 142.00
310.00 142.94
310.06 143.00
310.06 144.00
311.00 144.94
311.06 145.00
311.06 146.00
312.00 146.94
312.06 147.00
313.00 147.94
314.00 147.94
314.06 148.00
315.00 148.94
315.06 149.00
316.00 149.94
316.06 150.00
317.00 150.94
317.06 151.00
318.00 151.94
318.06 152.00
319.00 152.94
320.00 152.94
320.06 153.00
321.00 153.94
322.00 153.94
322.06 154.00
323.00 154.94
324.00 154.94
325.00 154.94
325.06 155.00
326.00 155.94
326.06 156.00
327.00 156.94
327.06 157.00
328.00 157.94
329.00 157.94
330.00 157.94
330.06 158.00
331.00 158.94
332.00 158.94
333.00 158.94
334.00 158.94
335.00 158.94
336.00 158.94
337.00 158.94
338.00 158.94
339.00 158.94
340.00 158.94
341.00 158.94
342.00 158.94
343.00 158.94
344.00 158.94
345.00 158.94
345.94 158.00
346.00 157.94
347.00 157.94
348.00 157.94
348.94 157.00
349.00 156.94
350.00 156.94
350.94 156.00
351.00 155.94
351.94 155.00
352.00 154.94
352.94 154.00
352.94 153.00
353.00 152.94
354.00 152.94
354.94 152.00
354.94 151.00
355.00 150.94
355.94 150.00
355.94 149.00
356.00 148.94
356.94 148.00
357.00 147.94
357.94 147.00
357.94 146.00
358.00 145.94
358.94 145.00
358.94 144.00
359.00 143.94
359.94 143.00
359.94 142.00
360.00 141.94
360.94 141.00
360.94 140.00
361.00 139.94
361.94 139.00
361.94 138.00
361.94 137.00
362.00 136.94
362.94 136.00
362.94 135.00
362.94 134.00
362.94 133.00
362.94 132.00
363.00 131.94
363.94 131.00

Contour 8:
399.95 400.00
399.95 399.00
399.95 398.00
399.95 397.00
399.95 396.00
399.95 395.00
399.95 394.00
399.95 393.00
399.00 392.05
398.95 392.00
398.95 391.00
398.95 390.00
398.95 389.00
398.95 388.00
398.00 387.05
397.95 387.00
397.95 386.00
397.95 385.00
397.00 384.05
396.95 384.00
396.95 383.00
396.00 382.05
395.95 382.00
395.00 381.05
394.95 381.00
394.95 380.00
394.00 379.05
393.95 379.00
393.00 378.05
392.95 378.00
392.00 377.05
391.95 377.00
391.00 376.05
390.95 376.00
390.00 375.05
389.95 375.00
389.00 374.05
388.95 374.00
388.00 373.05
387.95 373.00
387.00 372.05
386.95 372.00
386.00 371.05
385.00 371.05
384.95 371.00
384.00 370.05
383.95 370.00
383.00 369.05
382.00 369.05
381.00 369.05
380.95 369.00
380.00 368.05
379.00 368.05
378.00 368.05
377.95 368.00
377.00 367.05
376.00 367.05
375.00 367.05
374.95 367.00
374.00 366.05
373.00 366.05
372.00 366.05
371.95 366.00
371.00 365.05
370.00 365.05
369.00 365.05
368.00 365.05
367.00 365.05
366.00 365.05
365.00 365.05
364.00 365.05
363.00 365.05
362.00 365.05
361.00 365.05
360.00 365.05
359.05 366.00
359.00 366.05
358.00 366.05
357.00 366.05
356.00 366.05
355.00 366.05
354.00 366.05
353.05 367.00
353.00 367.05
352.00 367.05
351.00 367.05
350.00 367.05
349.05 368.00
349.00 368.05
348.00 368.05
347.05 369.00
347.00 369.05
346.00 369.05
345.05 370.00
345.00 370.05
344.05 371.00
344.00 371.05
343.05 372.00
343.00 372.05
342.00 372.05
341.05 373.00
341.00 373.05
340.05 374.00
340.00 374.05
339.05 375.00
339.00 375.05
338.05 376.00
338.00 376.05
337.05 377.00
337.05 378.00
337.00 378.05
336.05 379.00
336.00 379.05
335.05 380.00
335.00 380.05
334.05 381.00
334.05 382.00
334.00 382.05
333.05 383.00
333.00 383.05
332.05 384.00
332.05 385.00
332.00 385.05
331.05 386.00
331.05 387.00
331.05 388.00
331.00 388.05
330.05 389.00
330.05 390.00
330.05 391.00
330.00 391.05
329.05 392.00
329.05 393.00
329.05 394.00
329.05 395.00
329.00 395.05
328.05 396.00
328.05 397.00
328.05 398.00
328.05 399.00
328.05 400.00
328.05 401.00
328.05 402.00
329.00 402.95
329.05 403.00
329.05 404.00
329.05 405.00
330.00 405.95
330.05 406.00
330.05 407.00
330.05 408.00
331.00 408.95
331.05 409.00
331.05 410.00
332.00 410.95
332.05 411.00
332.05 412.00
333.00 412.95
333.05 413.00
333.05 414.00
334.00 414.95
334.05 415.00
335.00 415.95
335.05 416.00
335.05 417.00
336.00 417.95
336.05 418.00
337.00 418.95
337.05 419.00
338.00 419.95
338.05 420.00
339.00 420.95
339.05 421.00
340.00 421.95
341.00 421.95
341.05 422.00
342.00 422.95
342.05 423.00
343.00 423.95
344.00 423.95
344.05 424.00
345.00 424.95
346.00 424.95
347.00 424.95
347.05 425.00
348.00 425.95
349.00 425.95
349.05 426.00
350.00 426.95
351.00 426.95
351.05 427.00
352.00 427.95
353.00 427.95
353.05 428.00
354.00 428.95
355.00 428.95
356.00 428.95
356.05 429.00
357.00 429.95
358.00 429.95
359.00 429.95
360.00 429.95
361.00 429.95
362.00 429.95
362.05 430.00
363.00 430.95
364.00 430.95
365.00 430.95
366.00 430.95
366.95 430.00
367.00 429.95
368.00 429.95
369.00 429.95
370.00 429.95
371.00 429.95
372.00 429.95
373.00 429.95
373.95 429.00
374.00 428.95
375.00 428.95
376.00 428.95
377.00 428.95
377.95 428.00
378.00 427.95
379.00 427.95
380.00 427.95
380.95 427.00
381.00 426.95
382.00 426.95
382.95 426.00
383.00 425.95
384.00 425.95
384.95 425.00
385.00 424.95
385.95 424.00
386.00 423.95
387.00 423.95
387.95 423.00
388.00 422.95
388.95 422.00
389.00 421.95
389.95 421.00
390.00 420.95
390.95 420.00
391.00 419.95
391.95 419.00
392.00 418.95
392.95 418.00
393.00 417.95
393.95 417.00
394.00 416.95
394.95 416.00
394.95 415.00
395.00 414.95
395.95 414.00
395.95 413.00
396.00 412.95
396.95 412.00
396.95 411.00
396.95 410.00
397.00 409.95
397.95 409.00
397.95 408.00
397.95 407.00
397.95 406.00
398.00 405.95
398.95 405.00
398.95 404.00
398.95 403.00
398.95 402.00
398.95 401.00
399.00 400.95
399.95 400.00

Contour 9:
393.95 939.00
393.95 938.00
393.95 937.00
393.95 936.00
393.95 935.00
393.95 934.00
393.95 933.00
393.95 932.00
393.95 931.00
393.95 930.00
393.95 929.00
393.95 928.00
393.95 927.00
393.95 926.00
393.00 925.05
392.95 925.00
392.95 924.00
392.95 923.00
392.95 922.00
392.95 921.00
392.00 920.05
391.95 920.00
391.95 919.00
391.00 918.05
390.95 918.00
390.95 917.00
390.95 916.00
390.00 915.05
389.95 915.00
389.95 914.00
389.00 913.05
388.95 913.00
388.95 912.00
388.00 911.05
387.95 911.00
387.95 910.00
387.00 909.05
386.95 909.00
386.95 908.00
386.00 907.05
385.95 907.00
385.95 906.00
385.00 905.05
384.95 905.00
384.00 904.05
383.95 904.00
383.95 903.00
383.00 902.05
382.95 902.00
382.00 901.05
381.95 901.00
381.00 900.05
380.95 900.00
380.95 899.00
380.00 898.05
379.95 898.00
379.00 897.05
378.95 897.00
378.00 896.05
377.95 896.00
377.00 895.05
376.95 895.00
376.00 894.05
375.95 894.00
375.00 893.05
374.00 893.05
373.95 893.00
373.00 892.05
372.95 892.00
372.00 891.05
371.95 891.00
371.00 890.05
370.00 890.05
369.95 890.00
369.00 889.05
368.00 889.05
367.95 889.00
367.00 888.05
366.00 888.05
365.95 888.00
365.00 887.05
364.00 887.05
363.00 887.05
362.95 887.00
362.00 886.05
361.00 886.05
360.00 886.05
359.00 886.05
358.00 886.05
357.95 886.00
357.00 885.05
356.00 885.05
355.00 885.05
354.00 885.05
353.00 885.05
352.05 886.00
352.00 886.05
351.00 886.05
350.00 886.05
349.00 886.05
348.05 887.00
348.00 887.05
347.00 887.05
346.05 888.00
346.00 888.05
345.00 888.05
344.05 889.00
344.00 889.05
343.05 890.00
343.00 890.05
342.00 890.05
341.05 891.00
341.00 891.05
340.05 892.00
340.00 892.05
339.05 893.00
339.05 894.00
339.00 894.05
338.05 895.00
338.00 895.05
337.05 896.00
337.00 896.05
336.05 897.00
336.05 898.00
336.00 898.05
335.05 899.00
335.05 900.00
335.00 900.05
334.05 901.00
334.05 902.00
334.00 902.05
333.05 903.00
333.05 904.00
333.00 904.05
332.05 905.00
332.05 906.00
332.05 907.00
332.05 908.00
332.05 909.00
332.00 909.05
331.05 910.00
331.05 911.00
331.05 912.00
331.05 913.00
331.05 914.00
331.05 915.00
331.05 916.00
331.05 917.00
331.05 918.00
331.05 919.00
331.05 920.00
331.05 921.00
331.05 922.00
331.05 923.00
331.05 924.00
331.05 925.00
331.05 926.00
331.05 927.00
331.05 928.00
331.05 929.00
331.05 930.00
331.05 931.00
331.05 932.00
331.05 933.00
331.05 934.00
332.00 934.95
332.05 935.00
332.05 936.00
332.05 937.00
332.05 938.00
332.05 939.00
333.00 939.95
333.05 940.00
333.05 941.00
333.05 942.00
334.00 942.95
334.05 943.00
334.05 944.00
334.05 945.00
335.00 945.95
335.05 946.00
335.05 947.00
336.00 947.95
336.05 948.00
337.00 948.95
337.05 949.00
337.05 950.00
338.00 950.95
338.05 951.00
339.00 951.95
339.05 952.00
339.05 953.00
340.00 953.95
340.05 954.00
341.00 954.95
341.05 955.00
342.00 955.95
342.05 956.00
343.00 956.95
344.00 956.95
344.05 957.00
345.00 957.95
345.05 958.00
346.00 958.95
347.00 958.95
347.05 959.00
348.00 959.95
349.00 959.95
349.05 960.00
350.00 960.95
351.00 960.95
351.05 961.00
352.00 961.95
353.00 961.95
354.00 961.95
354.05 962.00
355.00 962.95
356.00 962.95
357.00 962.95
358.00 962.95
359.00 962.95
360.00 962.95
361.00 962.95
362.00 962.95
363.00 962.95
364.00 962.95
365.00 962.95
366.00 962.95
367.00 962.95
368.00 962.95
369.00 962.95
369.95 962.00
370.00 961.95
371.00 961.95
372.00 961.95
373.00 961.95
373.95 961.00
374.00 960.95
375.00 960.95
376.00 960.95
376.95 960.00
377.00 959.95
377.95 959.00
378.00 958.95
379.00 958.95
379.95 958.00
380.00 957.95
381.00 957.95
381.95 957.00
382.00 956.95
382.95 956.00
383.00 955.95
384.00 955.95
384.95 955.00
384.95 954.00
385.00 953.95
385.95 953.00
386.00 952.95
386.95 952.00
387.00 951.95
387.95 951.00
388.00 950.95
388.95 950.00
388.95 949.00
389.00 948.95
389.95 948.00
389.95 947.00
390.00 946.95
390.95 946.00
390.95 945.00
391.00 944.95
391.95 944.00
391.95 943.00
392.00 942.95
392.95 942.00
392.95 941.00
392.95 940.00
393.00 939.95
393.95 939.00

Contour 10:
393.96 230.00
393.96 229.00
393.96 228.00
393.96 227.00
393.96 226.00
393.96 225.00
393.96 224.00
393.96 223.00
393.96 222.00
393.96 221.00
393.96 220.00
393.96 219.00
393.96 218.00
393.96 217.00
393.96 216.00
393.96 215.00
393.00 214.04
392.96 214.00
392.96 213.00
392.96 212.00
392.00 211.04
391.96 211.00
391.96 210.00
391.96 209.00
391.00 208.04
390.96 208.00
390.96 207.00
390.00 206.04
389.96 206.00
389.00 205.04
388.96 205.00
388.00 204.04
387.96 204.00
387.00 203.04
386.96 203.00
386.00 202.04
385.96 202.00
385.00 201.04
384.96 201.00
384.00 200.04
383.00 200.04
382.96 200.00
382.00 199.04
381.00 199.04
380.96 199.00
380.00 198.04
379.00 198.04
378.00 198.04
377.96 198.00
377.00 197.04
376.00 197.04
375.00 197.04
374.00 197.04
373.00 197.04
372.00 197.04
371.00 197.04
370.00 197.04
369.00 197.04
368.00 197.04
367.00 197.04
366.04 198.00
366.00 198.04
365.00 198.04
364.00 198.04
363.00 198.04
362.04 199.00
362.00 199.04
361.00 199.04
360.04 200.00
360.00 200.04
359.00 200.04
358.04 201.00
358.00 201.04
357.00 201.04
356.04 202.00
356.00 202.04
355.00 202.04
354.04 203.00
354.00 203.04
353.04 204.00
353.00 204.04
352.04 205.00
352.00 205.04
351.00 205.04
350.04 206.00
350.00 206.04
349.04 207.00
349.00 207.04
348.04 208.00
348.04 209.00
348.00 209.04
347.04 210.00
347.00 210.04
346.04 211.00
346.00 211.04
345.04 212.00
345.04 213.00
345.00 213.04
344.04 214.00
344.00 214.04
343.04 215.00
343.04 216.00
343.00 216.04
342.04 217.00
342.04 218.00
342.00 218.04
341.04 219.00
341.04 220.00
341.04 221.00
341.00 221.04
340.04 222.00
340.04 223.00
340.00 223.04
339.04 224.00
339.04 225.00
339.04 226.00
339.00 226.04
338.04 227.00
338.04 228.00
338.04 229.00
338.00 229.04
337.04 230.00
337.04 231.00
337.04 232.00
337.04 233.00
337.04 234.00
337.04 235.00
337.00 235.04
336.04 236.00
336.04 237.00
336.04 238.00
336.04 239.00
336.04 240.00
336.04 241.00
336.04 242.00
336.04 243.00
337.00 243.96
337.04 244.00
337.04 245.00
337.04 246.00
337.04 247.00
337.04 248.00
337.04 249.00
338.00 249.96
338.04 250.00
338.04 251.00
338.04 252.00
339.00 252.96
339.04 253.00
339.04 254.00
340.00 254.96
340.04 255.00
340.04 256.00
341.00 256.96
341.04 257.00
342.00 257.96
342.04 258.00
343.00 258.96
343.04 259.00
343.04 260.00
344.00 260.96
345.00 260.96
345.04 261.00
346.00 261.96
346.04 262.00
347.00 262.96
348.00 262.96
348.04 263.00
349.00 263.96
350.00 263.96
350.04 264.00
351.00 264.96
352.00 264.96
353.00 264.96
354.00 264.96
355.00 264.96
356.00 264.96
357.00 264.96
358.00 264.96
359.00 264.96
360.00 264.96
360.96 264.00
361.00 263.96
362.00 263.96
363.00 263.96
363.96 263.00
364.00 262.96
365.00 262.96
366.00 262.96
366.96 262.00
367.00 261.96
368.00 261.96
368.96 261.00
369.00 260.96
369.96 260.00
370.00 259.96
371.00 259.96
371.96 259.00
372.00 258.96
373.00 258.96
373.96 258.00
374.00 257.96
374.96 257.00
375.00 256.96
376.00 256.96
376.96 256.00
377.00 255.96
377.96 255.00
378.00 254.96
378.96 254.00
379.00 253.96
379.96 253.00
380.00 252.96
380.96 252.00
381.00 251.96
381.96 251.00
382.00 250.96
382.96 250.00
383.00 249.96
383.96 249.00
384.00 248.96
384.96 248.00
385.00 247.96
385.96 247.00
385.96 246.00
386.00 245.96
386.96 245.00
386.96 244.00
387.00 243.96
387.96 243.00
388.00 242.96
388.96 242.00
388.96 241.00
389.00 240.96
389.96 240.00
389.96 239.00
390.00 238.96
390.96 238.00
390.96 237.00
391.00 236.96
391.96 236.00
391.96 235.00
391.96 234.00
392.00 233.96
392.96 233.00
392.96 232.00
392.96 231.00
393.00 230.96
393.96 230.00

Contour 11:
434.96 796.00
434.96 795.00
434.96 794.00
434.96 793.00
434.96 792.00
434.96 791.00
434.96 790.00
434.96 789.00
434.96 788.00
434.96 787.00
434.96 786.00
434.96 785.00
434.00 784.04
433.96 784.00
433.96 783.00
433.96 782.00
433.96 781.00
433.00 780.04
432.96 780.00
432.96 779.00
432.00 778.04
431.96 778.00
431.96 777.00
431.00 776.04
430.96 776.00
430.00 775.04
429.96 775.00
429.00 774.04
428.96 774.00
428.00 773.04
427.96 773.00
427.00 772.04
426.96 772.00
426.00 771.04
425.96 771.00
425.00 770.04
424.00 770.04
423.96 770.00
423.00 769.04
422.96 769.00
422.00 768.04
421.00 768.04
420.96 768.00
420.00 767.04
419.00 767.04
418.96 767.00
418.00 766.04
417.00 766.04
416.00 766.04
415.96 766.00
415.00 765.04
414.00 765.04
413.96 765.00
413.00 764.04
412.00 764.04
411.00 764.04
410.00 764.04
409.96 764.00
409.00 763.04
408.00 763.04
407.00 763.04
406.00 763.04
405.00 763.04
404.96 763.00
404.00 762.04
403.00 762.04
402.00 762.04
401.00 762.04
400.00 762.04
399.00 762.04
398.96 762.00
398.00 761.04
397.00 761.04
396.00 761.04
395.00 761.04
394.00 761.04
393.04 762.00
393.00 762.04
392.00 762.04
391.00 762.04
390.00 762.04
389.00 762.04
388.04 763.00
388.00 763.04
387.00 763.04
386.00 763.04
385.04 764.00
385.00 764.04
384.00 764.04
383.04 765.00
383.00 765.04
382.00 765.04
381.04 766.00
381.00 766.04
380.00 766.04
379.04 767.00
379.00 767.04
378.00 767.04
377.04 768.00
377.00 768.04
376.00 768.04
375.04 769.00
375.00 769.04
374.04 770.00
374.00 770.04
373.00 770.04
372.04 771.00
372.00 771.04
371.04 772.00
371.04 773.00
371.00 773.04
370.04 774.00
370.00 774.04
369.04 775.00
369.00 775.04
368.04 776.00
368.00 776.04
367.04 777.00
367.00 777.04
366.04 778.00
366.04 779.00
366.00 779.04
365.04 780.00
365.00 780.04
364.04 781.00
364.04 782.00
364.00 782.04
363.04 783.00
363.04 784.00
363.04 785.00
363.00 785.04
362.04 786.00
362.04 787.00
362.04 788.00
362.04 789.00
362.04 790.00
362.00 790.04
361.04 791.00
361.04 792.00
361.04 793.00
361.04 794.00
361.04 795.00
361.04 796.00
361.04 797.00
362.00 797.96
362.04 798.00
362.04 799.00
362.04 800.00
362.04 801.00
363.00 801.96
363.04 802.00
363.04 803.00
363.04 804.00
363.04 805.00
364.00 805.96
364.04 806.00
364.04 807.00
365.00 807.96
365.04 808.00
366.00 808.96
366.04 809.00
366.04 810.00
367.00 810.96
367.04 811.00
367.04 812.00
368.00 812.96
368.04 813.00
368.04 814.00
369.00 814.96
369.04 815.00
370.00 815.96
370.04 816.00
370.04 817.00
371.00 817.96
371.04 818.00
372.00 818.96
372.04 819.00
373.00 819.96
373.04 820.00
374.00 820.96
374.04 821.00
375.00 821.96
375.04 822.00
376.00 822.96
376.04 823.00
377.00 823.96
377.04 824.00
378.00 824.96
379.00 824.96
379.04 825.00
380.00 825.96
380.04 826.00
381.00 826.96
382.00 826.96
382.04 827.00
383.00 827.96
383.04 828.00
384.00 828.96
385.00 828.96
385.04 829.00
386.00 829.96
387.00 829.96
387.04 830.00
388.00 830.96
389.00 830.96
390.00 830.96
390.04 831.00
391.00 831.96
392.00 831.96
393.00 831.96
393.04 832.00
394.00 832.96
395.00 832.96
396.00 832.96
397.00 832.96
398.00 832.96
399.00 832.96
400.00 832.96
401.00 832.96
402.00 832.96
403.00 832.96
404.00 832.96
405.00 832.96
406.00 832.96
407.00 832.96
407.96 832.00
408.00 831.96
409.00 831.96
410.00 831.96
411.00 831.96
411.96 831.00
412.00 830.96
413.00 830.96
414.00 830.96
414.96 830.00
415.00 829.96
416.00 829.96
416.96 829.00
417.00 828.96
418.00 828.96
418.96 828.00
419.00 827.96
419.96 827.00
420.00 826.96
420.96 826.00
421.00 825.96
421.96 825.00
422.00 824.96
423.00 824.96
423.96 824.00
424.00 823.96
424.96 823.00
425.00 822.96
425.96 822.00
425.96 821.00
426.00 820.96
426.96 820.00
427.00 819.96
427.96 819.00
427.96 818.00
428.00 817.96
428.96 817.00
429.00 816.96
429.96 816.00
429.96 815.00
429.96 814.00
430.00 813.96
430.96 813.00
430.96 812.00
430.96 811.00
431.00 810.96
431.96 810.00
431.96 809.00
431.96 808.00
432.00 807.96
432.96 807.00
432.96 806.00
432.96 805.00
432.96 804.00
432.96 803.00
433.00 802.96
433.96 802.00
433.96 801.00
433.96 800.00
433.96 799.00
433.96 798.00
433.96 797.00
434.00 796.96
434.96 796.00

Contour 12:
477.96 617.00
477.96 616.00
477.96 615.00
477.96 614.00
477.96 613.00
477.96 612.00
477.96 611.00
477.96 610.00
477.96 609.00
477.96 608.00
477.96 607.00
477.00 606.04
476.96 606.00
476.96 605.00
476.96 604.00
476.96 603.00
476.00 602.04
475.96 602.00
475.96 601.00
475.96 600.00
475.00 599.04
474.96 599.00
474.96 598.00
474.00 597.04
473.96 597.00
473.00 596.04
472.96 596.00
472.96 595.00
472.00 594.04
471.96 594.00
471.00 593.04
470.96 593.00
470.00 592.04
469.96 592.00
469.00 591.04
468.96 591.00
468.00 590.04
467.96 590.00
467.00 589.04
466.96 589.00
466.00 588.04
465.96 588.00
465.00 587.04
464.96 587.00
464.00 586.04
463.96 586.00
463.00 585.04
462.00 585.04
461.96 585.00
461.00 584.04
460.00 584.04
459.96 584.00
459.00 583.04
458.00 583.04
457.00 583.04
456.96 583.00
456.00 582.04
455.00 582.04
454.00 582.04
453.00 582.04
452.00 582.04
451.96 582.00
451.00 581.04
450.00 581.04
449.00 581.04
448.00 581.04
447.00 581.04
446.00 581.04
445.04 582.00
445.00 582.04
444.00 582.04
443.00 582.04
442.00 582.04
441.00 582.04
440.04 583.00
440.00 583.04
439.00 583.04
438.00 583.04
437.04 584.00
437.00 584.04
436.00 584.04
435.00 584.04
434.04 585.00
434.00 585.04
433.00 585.04
432.04 586.00
432.00 586.04
431.00 586.04
430.04 587.00
430.00 587.04
429.04 588.00
429.00 588.04
428.00 588.04
427.04 589.00
427.00 589.04
426.04 590.00
426.00 590.04
425.04 591.00
425.00 591.04
424.00 591.04
423.04 592.00
423.00 592.04
422.04 593.00
422.00 593.04
421.04 594.00
421.04 595.00
421.00 595.04
420.04 596.00
420.00 596.04
419.04 597.00
419.00 597.04
418.04 598.00
418.04 599.00
418.00 599.04
417.04 600.00
417.04 601.00
417.00 601.04
416.04 602.00
416.04 603.00
416.00 603.04
415.04 604.00
415.04 605.00
415.04 606.00
415.04 607.00
415.04 608.00
415.04 609.00
415.00 609.04
414.04 610.00
414.04 611.00
414.04 612.00
414.04 613.00
414.04 614.00
414.04 615.00
414.04 616.00
414.04 617.00
414.04 618.00
414.04 619.00
414.04 620.00
414.04 621.00
414.04 622.00
415.00 622.96
415.04 623.00
415.04 624.00
415.04 625.00
415.04 626.00
416.00 626.96
416.04 627.00
416.04 628.00
417.00 628.96
417.04 629.00
417.04 630.00
418.00 630.96
418.04 631.00
418.04 632.00
419.00 632.96
419.04 633.00
419.04 634.00
420.00 634.96
420.04 635.00
421.00 635.96
421.04 636.00
422.00 636.96
422.04 637.00
423.00 637.96
423.04 638.00
424.00 638.96
424.04 639.00
424.04 640.00
425.00 640.96
425.04 641.00
426.00 641.96
426.04 642.00
427.00 642.96
428.00 642.96
428.04 643.00
429.00 643.96
429.04 644.00
430.00 644.96
431.00 644.96
431.04 645.00
432.00 645.96
432.04 646.00
433.00 646.96
434.00 646.96
435.00 646.96
435.04 647.00
436.00 647.96
437.00 647.96
438.00 647.96
438.04 648.00
439.00 648.96
440.00 648.96
441.00 648.96
442.00 648.96
443.00 648.96
444.00 648.96
445.00 648.96
446.00 648.96
447.00 648.96
448.00 648.96
449.00 648.96
450.00 648.96
451.00 648.96
452.00 648.96
452.96 648.00
453.00 647.96
454.00 647.96
455.00 647.96
456.00 647.96
456.96 647.00
457.00 646.96
458.00 646.96
458.96 646.00
459.00 645.96
460.00 645.96
460.96 645.00
461.00 644.96
462.00 644.96
462.96 644.00
463.00 643.96
463.96 643.00
464.00 642.96
464.96 642.00
465.00 641.96
465.96 641.00
466.00 640.96
466.96 640.00
467.00 639.96
467.96 639.00
468.00 638.96
468.96 638.00
469.00 637.96
469.96 637.00
470.00 636.96
470.96 636.00
470.96 635.00
471.00 634.96
471.96 634.00
472.00 633.96
472.96 633.00
472.96 632.00
473.00 631.96
473.96 631.00
473.96 630.00
474.00 629.96
474.96 629.00
474.96 628.00
475.00 627.96
475.96 627.00
475.96 626.00
475.96 625.00
475.96 624.00
476.00 623.96
476.96 623.00
476.96 622.00
476.96 621.00
476.96 620.00
476.96 619.00
476.96 618.00
477.00 617.96
477.96 617.00

Contour 13:
511.97 147.00
511.97 146.00
511.97 145.00
511.97 144.00
511.97 143.00
511.97 142.00
511.97 141.00
511.97 140.00
511.97 139.00
511.97 138.00
511.97 137.00
511.97 136.00
511.97 135.00
511.97 134.00
511.97 133.00
511.97 132.00
511.97 131.00
511.97 130.00
511.97 129.00
511.97 128.00
511.97 127.00
511.00 126.03
510.97 126.00
510.97 125.00
510.97 124.00
510.97 123.00
510.97 122.00
510.00 121.03
509.97 121.00
509.97 120.00
509.00 119.03
508.97 119.00
508.97 118.00
508.00 117.03
507.97 117.00
507.97 116.00
507.00 115.03
506.97 115.00
506.97 114.00
506.00 113.03
505.97 113.00
505.00 112.03
504.97 112.00
504.97 111.00
504.00 110.03
503.97 110.00
503.00 109.03
502.97 109.00
502.00 108.03
501.97 108.00
501.00 107.03
500.97 107.00
500.00 106.03
499.97 106.00
499.00 105.03
498.00 105.03
497.97 105.00
497.00 104.03
496.00 104.03
495.00 104.03
494.97 104.00
494.00 103.03
493.00 103.03
492.00 103.03
491.00 103.03
490.00 103.03
489.00 103.03
488.00 103.03
487.00 103.03
486.00 103.03
485.00 103.03
484.03 104.00
484.00 104.03
483.00 104.03
482.00 104.03
481.03 105.00
481.00 105.03
480.00 105.03
479.03 106.00
479.00 106.03
478.00 106.03
477.03 107.00
477.00 107.03
476.00 107.03
475.03 108.00
475.00 108.03
474.03 109.00
474.00 109.03
473.00 109.03
472.03 110.00
472.00 110.03
471.03 111.00
471.00 111.03
470.03 112.00
470.00 112.03
469.03 113.00
469.00 113.03
468.03 114.00
468.03 115.00
468.00 115.03
467.03 116.00
467.00 116.03
466.03 117.00
466.00 117.03
465.03 118.00
465.00 118.03
464.03 119.00
464.03 120.00
464.00 120.03
463.03 121.00
463.03 122.00
463.00 122.03
462.03 123.00
462.03 124.00
462.00 124.03
461.03 125.00
461.03 126.00
461.03 127.00
461.03 128.00
461.00 128.03
460.03 129.00
460.03 130.00
460.03 131.00
460.03 132.00
460.03 133.00
460.03 134.00
460.00 134.03
459.03 135.00
459.03 136.00
459.03 137.00
459.03 138.00
459.03 139.00
459.03 140.00
459.03 141.00
459.03 142.00
459.03 143.00
459.03 144.00
459.03 145.00
459.03 146.00
460.00 146.97
460.03 147.00
460.03 148.00
460.03 149.00
461.00 149.97
461.03 150.00
461.03 151.00
461.03 152.00
462.00 152.97
462.03 153.00
462.03 154.00
463.00 154.97
463.03 155.00
463.03 156.00
464.00 156.97
464.03 157.00
464.03 158.00
465.00 158.97
465.03 159.00
466.00 159.97
466.03 160.00
466.03 161.00
467.00 161.97
467.03 162.00
468.00 162.97
468.03 163.00
469.00 163.97
469.03 164.00
470.00 164.97
470.03 165.00
471.00 165.97
472.00 165.97
472.03 166.00
473.00 166.97
473.03 167.00
474.00 167.97
475.00 167.97
475.03 168.00
476.00 168.97
477.00 168.97
478.00 168.97
478.03 169.00
479.00 169.97
480.00 169.97
481.00 169.97
481.03 170.00
482.00 170.97
483.00 170.97
484.00 170.97
485.00 170.97
486.00 170.97
487.00 170.97
488.00 170.97
489.00 170.97
490.00 170.97
491.00 170.97
492.00 170.97
493.00 170.97
493.97 170.00
494.00 169.97
495.00 169.97
496.00 169.97
496.97 169.00
497.00 168.97
498.00 168.97
498.97 168.00
499.00 167.97
499.97 167.00
500.00 166.97
500.97 166.00
501.00 165.97
501.97 165.00
502.00 164.97
502.97 164.00
503.00 163.97
503.97 163.00
504.00 162.97
504.97 162.00
505.00 161.97
505.97 161.00
506.00 160.97
506.97 160.00
506.97 159.00
507.00 158.97
507.97 158.00
507.97 157.00
508.00 156.97
508.97 156.00
508.97 155.00
509.00 154.97
509.97 154.00
509.97 153.00
509.97 152.00
510.00 151.97
510.97 151.00
510.97 150.00
510.97 149.00
510.97 148.00
511.00 147.97
511.97 147.00

Contour 14:
502.03 0.00
502.00 0.03
501.00 0.03
500.00 0.03
499.00 0.03
498.00 0.03
497.00 0.03
496.03 1.00
496.00 1.03
495.03 2.00
495.03 3.00
495.00 3.03
494.03 4.00
494.03 5.00
494.03 6.00
494.03 7.00
494.03 8.00
494.03 9.00
494.03 10.00
494.03 11.00
494.03 12.00
494.03 13.00
494.03 14.00
495.00 14.97
495.03 15.00
495.03 16.00
496.00 16.97
496.03 17.00
496.03 18.00
497.00 18.97
497.03 19.00
498.00 19.97
498.03 20.00
499.00 20.97
499.03 21.00
500.00 21.97
500.03 22.00
501.00 22.97
501.03 23.00
502.00 23.97
502.03 24.00
503.00 24.97
503.03 25.00
504.00 25.97
504.03 26.00
505.00 26.97
506.00 26.97
506.03 27.00
507.00 27.97
507.03 28.00
508.00 28.97
509.00 28.97
509.03 29.00
510.00 29.97
510.03 30.00
511.00 30.97
512.00 30.97
512.03 31.00
513.00 31.97
514.00 31.97
515.00 31.97
515.03 32.00
516.00 32.97
517.00 32.97
518.00 32.97
518.03 33.00
519.00 33.97
520.00 33.97
521.00 33.97
522.00 33.97
523.00 33.97
523.03 34.00
524.00 34.97
525.00 34.97
526.00 34.97
527.00 34.97
528.00 34.97
529.00 34.97
530.00 34.97
531.00 34.97
532.00 34.97
533.00 34.97
533.97 34.00
534.00 33.97
535.00 33.97
536.00 33.97
537.00 33.97
538.00 33.97
539.00 33.97
539.97 33.00
540.00 32.97
541.00 32.97
542.00 32.97
542.97 32.00
543.00 31.97
544.00 31.97
544.97 31.00
545.00 30.97
546.00 30.97
546.97 30.00
547.00 29.97
548.00 29.97
548.97 29.00
549.00 28.97
549.97 28.00
550.00 27.97
551.00 27.97
551.97 27.00
552.00 26.97
552.97 26.00
553.00 25.97
553.97 25.00
554.00 24.97
554.97 24.00
555.00 23.97
555.97 23.00
555.97 22.00
556.00 21.97
556.97 21.00
557.00 20.97
557.97 20.00
557.97 19.00
558.00 18.97
558.97 18.00
558.97 17.00
558.97 16.00
558.97 15.00
558.97 14.00
558.97 13.00
558.97 12.00
558.97 11.00
558.97 10.00
558.97 9.00
558.00 8.03
557.97 8.00
557.97 7.00
557.00 6.03
556.97 6.00
556.00 5.03
555.97 5.00
555.00 4.03
554.97 4.00
554.00 3.03
553.97 3.00
553.00 2.03
552.00 2.03
551.97 2.00
551.00 1.03
550.00 1.03
549.97 1.00
549.00 0.03
548.00 0.03
547.00 0.03
546.00 0.03
545.00 0.03
544.00 0.03
543.00 0.03
542.00 0.03
541.00 0.03
540.00 0.03
539.00 0.03
538.00 0.03
537.00 0.03
536.00 0.03
535.00 0.03
534.97 0.00

Contour 15:
525.03 0.00
525.00 0.03
524.00 0.03
523.00 0.03
522.00 0.03
521.00 0.03
520.00 0.03
519.03 1.00
519.00 1.03
518.00 1.03
517.00 1.03
516.97 1.00
516.00 0.03
515.00 0.03
514.00 0.03
513.00 0.03
512.97 0.00

Contour 16:
607.97 646.00
607.97 645.00
607.97 644.00
607.97 643.00
607.97 642.00
607.97 641.00
607.97 640.00
607.97 639.00
607.97 638.00
607.97 637.00
607.97 636.00
607.97 635.00
607.97 634.00
607.97 633.00
607.97 632.00
607.00 631.03
606.97 631.00
606.97 630.00
606.97 629.00
606.00 628.03
605.97 628.00
605.97 627.00
605.97 626.00
605.00 625.03
604.97 625.00
604.97 624.00
604.00 623.03
603.97 623.00
603.00 622.03
602.97 622.00
602.97 621.00
602.00 620.03
601.97 620.00
601.00 619.03
600.97 619.00
600.97 618.00
600.00 617.03
599.97 617.00
599.00 616.03
598.97 616.00
598.00 615.03
597.97 615.00
597.00 614.03
596.97 614.00
596.00 613.03
595.97 613.00
595.00 612.03
594.97 612.00
594.00 611.03
593.97 611.00
593.00 610.03
592.97 610.00
592.00 609.03
591.97 609.00
591.00 608.03
590.00 608.03
589.97 608.00
589.00 607.03
588.97 607.00
588.00 606.03
587.00 606.03
586.97 606.00
586.00 605.03
585.00 605.03
584.00 605.03
583.00 605.03
582.97 605.00
582.00 604.03
581.00 604.03
580.00 604.03
579.00 604.03
578.00 604.03
577.00 604.03
576.00 604.03
575.00 604.03
574.03 605.00
574.00 605.03
573.00 605.03
572.00 605.03
571.00 605.03
570.00 605.03
569.00 605.03
568.00 605.03
567.00 605.03
566.03 606.00
566.00 606.03
565.00 606.03
564.00 606.03
563.03 607.00
563.00 607.03
562.00 607.03
561.03 608.00
561.00 608.03
560.00 608.03
559.03 609.00
559.00 609.03
558.00 609.03
557.03 610.00
557.00 610.03
556.00 610.03
555.03 611.00
555.00 611.03
554.03 612.00
554.00 612.03
553.00 612.03
552.03 613.00
552.00 613.03
551.03 614.00
551.00 614.03
550.03 615.00
550.00 615.03
549.03 616.00
549.00 616.03
548.03 617.00
548.00 617.03
547.03 618.00
547.00 618.03
546.03 619.00
546.00 619.03
545.03 620.00
545.00 620.03
544.03 621.00
544.03 622.00
544.00 622.03
543.03 623.00
543.03 624.00
543.00 624.03
542.03 625.00
542.03 626.00
542.00 626.03
541.03 627.00
541.03 628.00
541.03 629.00
541.03 630.00
541.03 631.00
541.00 631.03
540.03 632.00
540.03 633.00
540.03 634.00
540.03 635.00
540.03 636.00
540.03 637.00
540.03 638.00
541.00 638.97
541.03 639.00
541.03 640.00
541.03 641.00
541.03 642.00
541.03 643.00
542.00 643.97
542.03 644.00
542.03 645.00
542.03 646.00
543.00 646.97
543.03 647.00
543.03 648.00
544.00 648.97
544.03 649.00
544.03 650.00
545.00 650.97
545.03 651.00
545.03 652.00
546.00 652.97
546.03 653.00
546.03 654.00
547.00 654.97
547.03 655.00
548.00 655.97
548.03 656.00
548.03 657.00
549.00 657.97
549.03 658.00
550.00 658.97
550.03 659.00
551.00 659.97
551.03 660.00
552.00 660.97
552.03 661.00
553.00 661.97
553.03 662.00
554.00 662.97
554.03 663.00
555.00 663.97
556.00 663.97
556.03 664.00
557.00 664.97
558.00 664.97
558.03 665.00
559.00 665.97
559.03 666.00
560.00 666.97
561.00 666.97
561.03 667.00
562.00 667.97
563.00 667.97
564.00 667.97
564.03 668.00
565.00 668.97
566.00 668.97
566.03 669.00
567.00 669.97
568.00 669.97
569.00 669.97
570.00 669.97
571.00 669.97
571.03 670.00
572.00 670.97
573.00 670.97
574.00 670.97
575.00 670.97
576.00 670.97
577.00 670.97
578.00 670.97
579.00 670.97
580.00 670.97
581.00 670.97
581.97 670.00
582.00 669.97
583.00 669.97
584.00 669.97
585.00 669.97
586.00 669.97
586.97 669.00
587.00 668.97
588.00 668.97
589.00 668.97
589.97 668.00
590.00 667.97
591.00 667.97
592.00 667.97
592.97 667.00
593.00 666.97
593.97 666.00
594.00 665.97
595.00 665.97
595.97 665.00
596.00 664.97
596.97 664.00
597.00 663.97
597.97 663.00
598.00 662.97
598.97 662.00
599.00 661.97
599.97 661.00
600.00 660.97
600.97 660.00
601.00 659.97
601.97 659.00
602.00 658.97
602.97 658.00
602.97 657.00
603.00 656.97
603.97 656.00
603.97 655.00
604.00 654.97
604.97 654.00
604.97 653.00
605.00 652.97
605.97 652.00
605.97 651.00
606.00 650.97
606.97 650.00
606.97 649.00
606.97 648.00
606.97 647.00
607.00 646.97
607.97 646.00

Contour 17:
665.97 415.00
665.97 414.00
665.97 413.00
665.00 412.03
664.97 412.00
664.97 411.00
664.97 410.00
664.97 409.00
664.97 408.00
664.97 407.00
664.97 406.00
664.97 405.00
664.00 404.03
663.97 404.00
663.97 403.00
663.97 402.00
663.00 401.03
662.97 401.00
662.97 400.00
662.00 399.03
661.97 399.00
661.97 398.00
661.00 397.03
660.97 397.00
660.00 396.03
659.97 396.00
659.97 395.00
659.00 394.03
658.97 394.00
658.97 393.00
658.00 392.03
657.97 392.00
657.00 391.03
656.97 391.00
656.00 390.03
655.97 390.00
655.00 389.03
654.97 389.00
654.00 388.03
653.00 388.03
652.97 388.00
652.00 387.03
651.97 387.00
651.00 386.03
650.97 386.00
650.00 385.03
649.97 385.00
649.00 384.03
648.00 384.03
647.97 384.00
647.00 383.03
646.00 383.03
645.97 383.00
645.00 382.03
644.00 382.03
643.00 382.03
642.97 382.00
642.00 381.03
641.00 381.03
640.00 381.03
639.97 381.00
639.00 380.03
638.00 380.03
637.00 380.03
636.00 380.03
635.00 380.03
634.00 380.03
633.00 380.03
632.00 380.03
631.00 380.03
630.00 380.03
629.00 380.03
628.00 380.03
627.00 380.03
626.00 380.03
625.03 381.00
625.00 381.03
624.00 381.03
623.00 381.03
622.00 381.03
621.00 381.03
620.03 382.00
620.00 382.03
619.00 382.03
618.00 382.03
617.03 383.00
617.00 383.03
616.00 383.03
615.03 384.00
615.00 384.03
614.00 384.03
613.03 385.00
613.00 385.03
612.00 385.03
611.03 386.00
611.00 386.03
610.00 386.03
609.03 387.00
609.00 387.03
608.03 388.00
608.00 388.03
607.03 389.00
607.00 389.03
606.03 390.00
606.00 390.03
605.03 391.00
605.00 391.03
604.03 392.00
604.00 392.03
603.03 393.00
603.00 393.03
602.03 394.00
602.03 395.00
602.00 395.03
601.03 396.00
601.00 396.03
600.03 397.00
600.03 398.00
600.00 398.03
599.03 399.00
599.00 399.03
598.03 400.00
598.03 401.00
598.00 401.03
597.03 402.00
597.03 403.00
597.03 404.00
597.00 404.03
596.03 405.00
596.03 406.00
596.03 407.00
596.03 408.00
596.03 409.00
596.03 410.00
596.03 411.00
596.03 412.00
596.03 413.00
596.03 414.00
596.03 415.00
596.03 416.00
596.03 417.00
596.03 418.00
596.03 419.00
597.00 419.97
597.03 420.00
597.03 421.00
598.00 421.97
598.03 422.00
598.03 423.00
598.03 424.00
598.03 425.00
599.00 425.97
599.03 426.00
599.03 427.00
599.03 428.00
600.00 428.97
600.03 429.00
600.03 430.00
601.00 430.97
601.03 431.00
601.03 432.00
602.00 432.97
602.03 433.00
602.03 434.00
603.00 434.97
603.03 435.00
604.00 435.97
604.03 436.00
604.03 437.00
605.00 437.97
605.03 438.00
606.00 438.97
606.03 439.00
607.00 439.97
607.03 440.00
608.00 440.97
608.03 441.00
609.00 441.97
609.03 442.00
610.00 442.97
611.00 442.97
611.03 443.00
612.00 443.97
612.03 444.00
613.00 444.97
614.00 444.97
614.03 445.00
615.00 445.97
615.03 446.00
616.00 446.97
617.00 446.97
617.03 447.00
618.00 447.97
619.00 447.97
619.03 448.00
620.00 448.97
621.00 448.97
622.00 448.97
622.03 449.00
623.00 449.97
624.00 449.97
625.00 449.97
626.00 449.97
627.00 449.97
628.00 449.97
628.03 450.00
629.00 450.97
630.00 450.97
631.00 450.97
632.00 450.97
633.00 450.97
634.00 450.97
635.00 450.97
636.00 450.97
637.00 450.97
638.00 450.97
639.00 450.97
639.97 450.00
640.00 449.97
641.00 449.97
642.00 449.97
642.97 449.00
643.00 448.97
644.00 448.97
644.97 448.00
645.00 447.97
646.00 447.97
646.97 447.00
647.00 446.97
647.97 446.00
648.00 445.97
648.97 445.00
649.00 444.97
650.00 444.97
650.97 444.00
651.00 443.97
651.97 443.00
652.00 442.97
652.97 442.00
653.00 441.97
653.97 441.00
654.00 440.97
654.97 440.00
655.00 439.97
655.97 439.00
656.00 438.97
656.97 438.00
657.00 437.97
657.97 437.00
657.97 436.00
658.00 435.97
658.97 435.00
659.00 434.97
659.97 434.00
659.97 433.00
660.00 432.97
660.97 432.00
660.97 431.00
661.00 430.97
661.97 430.00
661.97 429.00
662.00 428.97
662.97 428.00
662.97 427.00
663.00 426.97
663.97 426.00
663.97 425.00
663.97 424.00
663.97 423.00
664.00 422.97
664.97 422.00
664.97 421.00
664.97 420.00
664.97 419.00
664.97 418.00
664.97 417.00
664.97 416.00
665.00 415.97
665.97 415.00

Contour 18:
682.97 97.00
682.97 96.00
682.97 95.00
682.97 94.00
682.97 93.00
682.97 92.00
682.97 91.00
682.97 90.00
682.00 89.03
681.97 89.00
681.97 88.00
681.97 87.00
681.97 86.00
681.00 85.03
680.97 85.00
680.97 84.00
680.00 83.03
679.97 83.00
679.97 82.00
679.00 81.03
678.97 81.00
678.97 80.00
678.00 79.03
677.97 79.00
677.97 78.00
677.00 77.03
676.97 77.00
676.00 76.03
675.97 76.00
675.00 75.03
674.97 75.00
674.00 74.03
673.97 74.00
673.97 73.00
673.00 72.03
672.97 72.00
672.00 71.03
671.00 71.03
670.97 71.00
670.00 70.03
669.97 70.00
669.00 69.03
668.97 69.00
668.00 68.03
667.00 68.03
666.97 68.00
666.00 67.03
665.97 67.00
665.00 66.03
664.00 66.03
663.97 66.00
663.00 65.03
662.97 65.00
662.00 64.03
661.00 64.03
660.97 64.00
660.00 63.03
659.00 63.03
658.97 63.00
658.00 62.03
657.00 62.03
656.00 62.03
655.97 62.00
655.00 61.03
654.00 61.03
653.00 61.03
652.97 61.00
652.00 60.03
651.00 60.03
650.00 60.03
649.00 60.03
648.00 60.03
647.00 60.03
646.00 60.03
645.00 60.03
644.00 60.03
643.00 60.03
642.03 61.00
642.00 61.03
641.00 61.03
640.00 61.03
639.03 62.00
639.00 62.03
638.00 62.03
637.00 62.03
636.03 63.00
636.00 63.03
635.00 63.03
634.03 64.00
634.00 64.03
633.00 64.03
632.03 65.00
632.00 65.03
631.00 65.03
630.03 66.00
630.00 66.03
629.03 67.00
629.00 67.03
628.03 68.00
628.00 68.03
627.00 68.03
626.03 69.00
626.00 69.03
625.03 70.00
625.00 70.03
624.03 71.00
624.00 71.03
623.03 72.00
623.00 72.03
622.03 73.00
622.00 73.03
621.03 74.00
621.00 74.03
620.03 75.00
620.00 75.03
619.03 76.00
619.00 76.03
618.03 77.00
618.03 78.00
618.00 78.03
617.03 79.00
617.03 80.00
617.03 81.00
617.00 81.03
616.03 82.00
616.03 83.00
616.03 84.00
616.03 85.00
616.03 86.00
616.03 87.00
617.00 87.97
617.03 88.00
617.03 89.00
617.03 90.00
617.03 91.00
618.00 91.97
618.03 92.00
618.03 93.00
618.03 94.00
619.00 94.97
619.03 95.00
619.03 96.00
619.03 97.00
620.00 97.97
620.03 98.00
620.03 99.00
621.00 99.97
621.03 100.00
621.03 101.00
622.00 101.97
622.03 102.00
623.00 102.97
623.03 103.00
623.03 104.00
624.00 104.97
624.03 105.00
625.00 105.97
625.03 106.00
626.00 106.97
626.03 107.00
626.03 108.00
627.00 108.97
627.03 109.00
628.00 109.97
628.03 110.00
629.00 110.97
629.03 111.00
630.00 111.97
631.00 111.97
631.03 112.00
632.00 112.97
632.03 113.00
633.00 113.97
634.00 113.97
634.03 114.00
635.00 114.97
636.00 114.97
636.03 115.00
637.00 115.97
638.00 115.97
639.00 115.97
639.03 116.00
640.00 116.97
641.00 116.97
642.00 116.97
643.00 116.97
643.03 117.00
644.00 117.97
645.00 117.97
646.00 117.97
647.00 117.97
648.00 117.97
649.00 117.97
650.00 117.97
651.00 117.97
652.00 117.97
653.00 117.97
654.00 117.97
655.00 117.97
656.00 117.97
656.97 117.00
657.00 116.97
658.00 116.97
659.00 116.97
660.00 116.97
661.00 116.97
661.97 116.00
662.00 115.97
663.00 115.97
664.00 115.97
664.97 115.00
665.00 114.97
666.00 114.97
666.97 114.00
667.00 113.97
668.00 113.97
668.97 113.00
669.00 112.97
670.00 112.97
670.97 112.00
671.00 111.97
671.97 111.00
672.00 110.97
672.97 110.00
673.00 109.97
674.00 109.97
674.97 109.00
675.00 108.97
675.97 108.00
676.00 107.97
676.97 107.00
677.00 106.97
677.97 106.00
677.97 105.00
678.00 104.97
678.97 104.00
679.00 103.97
679.97 103.00
679.97 102.00
680.00 101.97
680.97 101.00
680.97 100.00
681.00 99.97
681.97 99.00
681.97 98.00
682.00 97.97
682.97 97.00

Contour 19:
702.98 889.00
702.98 888.00
702.98 887.00
702.98 886.00
702.98 885.00
702.00 884.02
701.98 884.00
701.98 883.00
701.98 882.00
701.98 881.00
701.00 880.02
700.98 880.00
700.98 879.00
700.00 878.02
699.98 878.00
699.98 877.00
699.00 876.02
698.98 876.00
698.98 875.00
698.00 874.02
697.98 874.00
697.00 873.02
696.98 873.00
696.98 872.00
696.00 871.02
695.98 871.00
695.00 870.02
694.98 870.00
694.00 869.02
693.98 869.00
693.00 868.02
692.98 868.00
692.00 867.02
691.98 867.00
691.00 866.02
690.98 866.00
690.00 865.02
689.98 865.00
689.00 864.02
688.98 864.00
688.00 863.02
687.98 863.00
687.00 862.02
686.98 862.00
686.00 861.02
685.98 861.00
685.00 860.02
684.98 860.00
684.00 859.02
683.00 859.02
682.98 859.00
682.00 858.02
681.98 858.00
681.00 857.02
680.00 857.02
679.98 857.00
679.00 856.02
678.98 856.00
678.00 855.02
677.00 855.02
676.98 855.00
676.00 854.02
675.98 854.00
675.00 853.02
674.00 853.02
673.00 853.02
672.98 853.00
672.00 852.02
671.00 852.02
670.98 852.00
670.00 851.02
669.00 851.02
668.98 851.00
668.00 850.02
667.00 850.02
666.00 850.02
665.00 850.02
664.00 850.02
663.98 850.00
663.00 849.02
662.00 849.02
661.00 849.02
660.00 849.02
659.00 849.02
658.00 849.02
657.00 849.02
656.00 849.02
655.00 849.02
654.02 850.00
654.00 850.02
653.00 850.02
652.00 850.02
651.02 851.00
651.00 851.02
650.00 851.02
649.00 851.02
648.02 852.00
648.00 852.02
647.00 852.02
646.02 853.00
646.00 853.02
645.02 854.00
645.00 854.02
644.00 854.02
643.02 855.00
643.00 855.02
642.02 856.00
642.00 856.02
641.00 856.02
640.02 857.00
640.00 857.02
639.02 858.00
639.00 858.02
638.02 859.00
638.00 859.02
637.02 860.00
637.00 860.02
636.02 861.00
636.00 861.02
635.02 862.00
635.00 862.02
634.02 863.00
634.00 863.02
633.02 864.00
633.00 864.02
632.02 865.00
632.02 866.00
632.00 866.02
631.02 867.00
631.02 868.00
631.02 869.00
631.02 870.00
631.00 870.02
630.02 871.00
630.02 872.00
630.02 873.00
630.02 874.00
630.02 875.00
630.02 876.00
630.02 877.00
631.00 877.98
631.02 878.00
631.02 879.00
631.02 880.00
631.02 881.00
632.00 881.98
632.02 882.00
632.02 883.00
633.00 883.98
633.02 884.00
633.02 885.00
634.00 885.98
634.02 886.00
635.00 886.98
635.02 887.00
636.00 887.98
636.02 888.00
637.00 888.98
637.02 889.00
638.00 889.98
638.02 890.00
639.00 890.98
639.02 891.00
640.00 891.98
640.02 892.00
641.00 892.98
641.02 893.00
642.00 893.98
642.02 894.00
643.00 894.98
643.02 895.00
644.00 895.98
645.00 895.98
645.02 896.00
646.00 896.98
646.02 897.00
647.00 897.98
647.02 898.00
648.00 898.98
648.02 899.00
649.00 899.98
650.00 899.98
650.02 900.00
651.00 900.98
651.02 901.00
652.00 901.98
652.02 902.00
653.00 902.98
654.00 902.98
654.02 903.00
655.00 903.98
655.02 904.00
656.00 904.98
657.00 904.98
657.02 905.00
658.00 905.98
658.02 906.00
659.00 906.98
660.00 906.98
660.02 907.00
661.00 907.98
661.02 908.00
662.00 908.98
663.00 908.98
663.02 909.00
664.00 909.98
665.00 909.98
665.02 910.00
666.00 910.98
667.00 910.98
668.00 910.98
668.02 911.00
669.00 911.98
670.00 911.98
671.00 911.98
672.00 911.98
672.02 912.00
673.00 912.98
674.00 912.98
675.00 912.98
676.00 912.98
677.00 912.98
678.00 912.98
679.00 912.98
680.00 912.98
680.98 912.00
681.00 911.98
682.00 911.98
683.00 911.98
684.00 911.98
684.98 911.00
685.00 910.98
686.00 910.98
687.00 910.98
687.98 910.00
688.00 909.98
688.98 909.00
689.00 908.98
690.00 908.98
690.98 908.00
691.00 907.98
691.98 907.00
692.00 906.98
692.98 906.00
693.00 905.98
693.98 905.00
694.00 904.98
694.98 904.00
695.00 903.98
695.98 903.00
696.00 902.98
696.98 902.00
696.98 901.00
697.00 900.98
697.98 900.00
698.00 899.98
698.98 899.00
698.98 898.00
699.00 897.98
699.98 897.00
700.00 896.98
700.98 896.00
700.98 895.00
700.98 894.00
701.00 893.98
701.98 893.00
701.98 892.00
701.98 891.00
701.98 890.00
702.00 889.98
702.98 889.00

Contour 20:
697.98 232.00
697.98 231.00
697.98 230.00
697.98 229.00
697.98 228.00
697.98 227.00
697.98 226.00
697.98 225.00
697.98 224.00
697.98 223.00
697.98 222.00
697.98 221.00
697.98 220.00
697.98 219.00
697.00 218.02
696.98 218.00
696.98 217.00
696.98 216.00
696.98 215.00
696.98 214.00
696.98 213.00
696.00 212.02
695.98 212.00
695.98 211.00
695.98 210.00
695.00 209.02
694.98 209.00
694.98 208.00
694.00 207.02
693.98 207.00
693.98 206.00
693.00 205.02
692.98 205.00
692.00 204.02
691.98 204.00
691.98 203.00
691.00 202.02
690.98 202.00
690.00 201.02
689.98 201.00
689.98 200.00
689.00 199.02
688.98 199.00
688.00 198.02
687.98 198.00
687.00 197.02
686.98 197.00
686.98 196.00
686.00 195.02
685.98 195.00
685.00 194.02
684.98 194.00
684.00 193.02
683.98 193.00
683.00 192.02
682.00 192.02
681.98 192.00
681.00 191.02
680.98 191.00
680.00 190.02
679.00 190.02
678.98 190.00
678.00 189.02
677.00 189.02
676.98 189.00
676.00 188.02
675.00 188.02
674.98 188.00
674.00 187.02
673.98 187.00
673.00 186.02
672.00 186.02
671.00 186.02
670.98 186.00
670.00 185.02
669.00 185.02
668.00 185.02
667.00 185.02
666.00 185.02
665.00 185.02
664.00 185.02
663.00 185.02
662.00 185.02
661.00 185.02
660.00 185.02
659.00 185.02
658.00 185.02
657.02 186.00
657.00 186.02
656.00 186.02
655.00 186.02
654.00 186.02
653.02 187.00
653.00 187.02
652.00 187.02
651.02 188.00
651.00 188.02
650.00 188.02
649.02 189.00
649.00 189.02
648.02 190.00
648.00 190.02
647.00 190.02
646.02 191.00
646.00 191.02
645.02 192.00
645.00 192.02
644.02 193.00
644.00 193.02
643.02 194.00
643.02 195.00
643.00 195.02
642.02 196.00
642.00 196.02
641.02 197.00
641.00 197.02
640.02 198.00
640.02 199.00
640.00 199.02
639.02 200.00
639.00 200.02
638.02 201.00
638.02 202.00
638.00 202.02
637.02 203.00
637.02 204.00
637.02 205.00
637.00 205.02
636.02 206.00
636.02 207.00
636.00 207.02
635.02 208.00
635.02 209.00
635.02 210.00
635.02 211.00
635.00 211.02
634.02 212.00
634.02 213.00
634.02 214.00
634.02 215.00
634.02 216.00
634.02 217.00
634.02 218.00
634.02 219.00
634.02 220.00
634.02 221.00
634.02 222.00
634.02 223.00
635.00 223.98
635.02 224.00
635.02 225.00
635.02 226.00
636.00 226.98
636.02 227.00
636.02 228.00
636.02 229.00
637.00 229.98
637.02 230.00
637.02 231.00
638.00 231.98
638.02 232.00
638.02 233.00
639.00 233.98
639.02 234.00
639.02 235.00
640.00 235.98
640.02 236.00
640.02 237.00
641.00 237.98
641.02 238.00
641.02 239.00
642.00 239.98
642.02 240.00
643.00 240.98
643.02 241.00
644.00 241.98
644.02 242.00
645.00 242.98
645.02 243.00
646.00 243.98
646.02 244.00
647.00 244.98
647.02 245.00
648.00 245.98
649.00 245.98
649.02 246.00
650.00 246.98
650.02 247.00
651.00 247.98
652.00 247.98
652.02 248.00
653.00 248.98
654.00 248.98
654.02 249.00
655.00 249.98
656.00 249.98
656.02 250.00
657.00 250.98
658.00 250.98
658.02 251.00
659.00 251.98
660.00 251.98
660.02 252.00
661.00 252.98
662.00 252.98
663.00 252.98
663.02 253.00
664.00 253.98
665.00 253.98
666.00 253.98
666.02 254.00
667.00 254.98
668.00 254.98
669.00 254.98
670.00 254.98
671.00 254.98
672.00 254.98
673.00 254.98
674.00 254.98
674.98 254.00
675.00 253.98
676.00 253.98
677.00 253.98
677.98 253.00
678.00 252.98
679.00 252.98
679.98 252.00
680.00 251.98
681.00 251.98
681.98 251.00
682.00 250.98
682.98 250.00
683.00 249.98
684.00 249.98
684.98 249.00
685.00 248.98
685.98 248.00
686.00 247.98
686.98 247.00
687.00 246.98
688.00 246.98
688.98 246.00
689.00 245.98
689.98 245.00
689.98 244.00
690.00 243.98
690.98 243.00
691.00 242.98
691.98 242.00
692.00 241.98
692.98 241.00
693.00 240.98
693.98 240.00
693.98 239.00
694.00 238.98
694.98 238.00
695.00 237.98
695.98 237.00
695.98 236.00
696.00 235.98
696.98 235.00
696.98 234.00
696.98 233.00
697.00 232.98
697.98 232.00

Contour 21:
713.98 616.00
713.98 615.00
713.98 614.00
713.98 613.00
713.98 612.00
713.98 611.00
713.98 610.00
713.00 609.02
712.98 609.00
712.98 608.00
712.98 607.00
712.98 606.00
712.98 605.00
712.00 604.02
711.98 604.00
711.98 603.00
711.98 602.00
711.98 601.00
711.98 600.00
711.00 599.02
710.98 599.00
710.98 598.00
710.98 597.00
710.00 596.02
709.98 596.00
709.98 595.00
709.00 594.02
708.98 594.00
708.00 593.02
707.98 593.00
707.98 592.00
707.00 591.02
706.98 591.00
706.00 590.02
705.98 590.00
705.00 589.02
704.98 589.00
704.00 588.02
703.00 588.02
702.98 588.00
702.00 587.02
701.98 587.00
701.00 586.02
700.00 586.02
699.98 586.00
699.00 585.02
698.00 585.02
697.98 585.00
697.00 584.02
696.00 584.02
695.00 584.02
694.98 584.00
694.00 583.02
693.00 583.02
692.00 583.02
691.00 583.02
690.00 583.02
689.98 583.00
689.00 582.02
688.00 582.02
687.00 582.02
686.00 582.02
685.00 582.02
684.00 582.02
683.02 583.00
683.00 583.02
682.00 583.02
681.00 583.02
680.00 583.02
679.02 584.00
679.00 584.02
678.00 584.02
677.02 585.00
677.00 585.02
676.00 585.02
675.02 586.00
675.00 586.02
674.00 586.02
673.02 587.00
673.00 587.02
672.00 587.02
671.02 588.00
671.00 588.02
670.00 588.02
669.02 589.00
669.00 589.02
668.02 590.00
668.00 590.02
667.02 591.00
667.00 591.02
666.02 592.00
666.00 592.02
665.00 592.02
664.02 593.00
664.02 594.00
664.00 594.02
663.02 595.00
663.00 595.02
662.02 596.00
662.00 596.02
661.02 597.00
661.02 598.00
661.00 598.02
660.02 599.00
660.00 599.02
659.02 600.00
659.02 601.00
659.00 601.02
658.02 602.00
658.02 603.00
658.00 603.02
657.02 604.00
657.02 605.00
657.00 605.02
656.02 606.00
656.02 607.00
656.02 608.00
656.02 609.00
656.00 609.02
655.02 610.00
655.02 611.00
655.02 612.00
655.02 613.00
655.02 614.00
655.02 615.00
655.02 616.00
655.02 617.00
655.02 618.00
655.02 619.00
655.02 620.00
655.02 621.00
655.02 622.00
655.02 623.00
655.02 624.00
656.00 624.98
656.02 625.00
656.02 626.00
656.02 627.00
657.00 627.98
657.02 628.00
657.02 629.00
657.02 630.00
658.00 630.98
658.02 631.00
658.02 632.00
659.00 632.98
659.02 633.00
659.02 634.00
660.00 634.98
660.02 635.00
661.00 635.98
661.02 636.00
662.00 636.98
662.02 637.00
663.00 637.98
663.02 638.00
664.00 638.98
664.02 639.00
665.00 639.98
666.00 639.98
666.02 640.00
667.00 640.98
667.02 641.00
668.00 641.98
669.00 641.98
669.02 642.00
670.00 642.98
671.00 642.98
671.02 643.00
672.00 643.98
673.00 643.98
674.00 643.98
675.00 643.98
676.00 643.98
676.02 644.00
677.00 644.98
678.00 644.98
679.00 644.98
680.00 644.98
681.00 644.98
682.00 644.98
683.00 644.98
684.00 644.98
685.00 644.98
685.98 644.00
686.00 643.98
687.00 643.98
688.00 643.98
689.00 643.98
690.00 643.98
691.00 643.98
691.98 643.00
692.00 642.98
693.00 642.98
694.00 642.98
694.98 642.00
695.00 641.98
696.00 641.98
696.98 641.00
697.00 640.98
698.00 640.98
698.98 640.00
699.00 639.98
699.98 639.00
700.00 638.98
701.00 638.98
701.98 638.00
702.00 637.98
702.98 637.00
703.00 636.98
704.00 636.98
704.98 636.00
705.00 635.98
705.98 635.00
705.98 634.00
706.00 633.98
706.98 633.00
707.00 632.98
707.98 632.00
708.00 631.98
708.98 631.00
709.00 630.98
709.98 630.00
709.98 629.00
710.00 628.98
710.98 628.00
710.98 627.00
711.00 626.98
711.98 626.00
711.98 625.00
711.98 624.00
711.98 623.00
712.00 622.98
712.98 622.00
712.98 621.00
712.98 620.00
712.98 619.00
712.98 618.00
712.98 617.00
713.00 616.98
713.98 616.00

Contour 22:
760.98 419.00
760.98 418.00
760.98 417.00
760.98 416.00
760.98 415.00
760.00 414.02
759.98 414.00
759.98 413.00
759.98 412.00
759.98 411.00
759.98 410.00
759.98 409.00
759.00 408.02
758.98 408.00
758.98 407.00
758.00 406.02
757.98 406.00
757.98 405.00
757.00 404.02
756.98 404.00
756.00 403.02
755.98 403.00
755.98 402.00
755.00 401.02
754.98 401.00
754.98 400.00
754.00 399.02
753.98 399.00
753.00 398.02
752.98 398.00
752.98 397.00
752.00 396.02
751.98 396.00
751.00 395.02
750.98 395.00
750.98 394.00
750.00 393.02
749.98 393.00
749.98 392.00
749.00 391.02
748.98 391.00
748.98 390.00
748.00 389.02
747.98 389.00
747.00 388.02
746.98 388.00
746.98 387.00
746.00 386.02
745.98 386.00
745.98 385.00
745.00 384.02
744.98 384.00
744.98 383.00
744.00 382.02
743.98 382.00
743.00 381.02
742.98 381.00
742.00 380.02
741.98 380.00
741.00 379.02
740.00 379.02
739.98 379.00
739.00 378.02
738.00 378.02
737.98 378.00
737.00 377.02
736.00 377.02
735.00 377.02
734.00 377.02
733.00 377.02
732.00 377.02
731.00 377.02
730.00 377.02
729.00 377.02
728.02 378.00
728.00 378.02
727.02 379.00
727.00 379.02
726.02 380.00
726.00 380.02
725.02 381.00
725.00 381.02
724.02 382.00
724.02 383.00
724.00 383.02
723.02 384.00
723.02 385.00
723.00 385.02
722.02 386.00
722.02 387.00
722.02 388.00
722.00 388.02
721.02 389.00
721.02 390.00
721.02 391.00
721.00 391.02
720.02 392.00
720.02 393.00
720.02 394.00
720.02 395.00
720.02 396.00
720.02 397.00
720.02 398.00
720.00 398.02
719.02 399.00
719.02 400.00
719.02 401.00
719.02 402.00
719.02 403.00
719.02 404.00
719.02 405.00
719.02 406.00
719.02 407.00
719.00 407.02
718.02 408.00
718.02 409.00
718.02 410.00
718.02 411.00
718.00 411.02
717.02 412.00
717.02 413.00
717.02 414.00
717.02 415.00
717.00 415.02
716.02 416.00
716.02 417.00
716.00 417.02
715.02 418.00
715.02 419.00
715.02 420.00
715.02 421.00
715.02 422.00
715.00 422.02
714.02 423.00
714.02 424.00
715.00 424.98
715.02 425.00
715.02 426.00
715.02 427.00
715.02 428.00
715.02 429.00
715.02 430.00
715.02 431.00
715.02 432.00
715.02 433.00
715.02 434.00
715.02 435.00
715.02 436.00
715.02 437.00
716.00 437.98
716.02 438.00
716.02 439.00
716.02 440.00
716.02 441.00
717.00 441.98
717.02 442.00
717.02 443.00
718.00 443.98
718.02 444.00
718.02 445.00
719.00 445.98
719.02 446.00
719.02 447.00
720.00 447.98
720.02 448.00
721.00 448.98
721.02 449.00
722.00 449.98
722.02 450.00
723.00 450.98
724.00 450.98
724.02 451.00
725.00 451.98
725.02 452.00
726.00 452.98
727.00 452.98
728.00 452.98
728.02 453.00
729.00 453.98
730.00 453.98
731.00 453.98
732.00 453.98
733.00 453.98
734.00 453.98
734.98 453.00
735.00 452.98
736.00 452.98
737.00 452.98
737.98 452.00
738.00 451.98
739.00 451.98
739.98 451.00
740.00 450.98
741.00 450.98
741.98 450.00
742.00 449.98
742.98 449.00
743.00 448.98
744.00 448.98
744.98 448.00
745.00 447.98
745.98 447.00
746.00 446.98
746.98 446.00
747.00 445.98
747.98 445.00
748.00 444.98
748.98 444.00
749.00 443.98
749.98 443.00
750.00 442.98
750.98 442.00
751.00 441.98
751.98 441.00
751.98 440.00
752.00 439.98
752.98 439.00
753.00 438.98
753.98 438.00
753.98 437.00
754.00 436.98
754.98 436.00
755.00 435.98
755.98 435.00
755.98 434.00
756.00 433.98
756.98 433.00
756.98 432.00
757.00 431.98
757.98 431.00
757.98 430.00
758.00 429.98
758.98 429.00
758.98 428.00
758.98 427.00
759.00 426.98
759.98 426.00
759.98 425.00
759.98 424.00
759.98 423.00
759.98 422.00
759.98 421.00
759.98 420.00
760.00 419.98
760.98 419.00

Contour 23:
854.98 819.00
854.98 818.00
854.98 817.00
854.98 816.00
854.98 815.00
854.98 814.00
854.98 813.00
854.98 812.00
854.98 811.00
854.98 810.00
854.98 809.00
854.98 808.00
854.98 807.00
854.98 806.00
854.98 805.00
854.00 804.02
853.98 804.00
853.98 803.00
853.98 802.00
853.00 801.02
852.98 801.00
852.98 800.00
852.98 799.00
852.98 798.00
852.00 797.02
851.98 797.00
851.98 796.00
851.98 795.00
851.00 794.02
850.98 794.00
850.98 793.00
850.00 792.02
849.98 792.00
849.98 791.00
849.98 790.00
849.00 789.02
848.98 789.00
848.98 788.00
848.00 787.02
847.98 787.00
847.00 786.02
846.98 786.00
846.98 785.00
846.00 784.02
845.98 784.00
845.00 783.02
844.98 783.00
844.00 782.02
843.98 782.00
843.00 781.02
842.98 781.00
842.00 780.02
841.98 780.00
841.00 779.02
840.98 779.00
840.00 778.02
839.98 778.00
839.00 777.02
838.98 777.00
838.00 776.02
837.00 776.02
836.98 776.00
836.00 775.02
835.98 775.00
835.00 774.02
834.00 774.02
833.98 774.00
833.00 773.02
832.00 773.02
831.98 773.00
831.00 772.02
830.00 772.02
829.98 772.00
829.00 771.02
828.98 771.00
828.00 770.02
827.00 770.02
826.98 770.00
826.00 769.02
825.00 769.02
824.98 769.00
824.00 768.02
823.00 768.02
822.00 768.02
821.98 768.00
821.00 767.02
820.00 767.02
819.00 767.02
818.98 767.00
818.00 766.02
817.00 766.02
816.00 766.02
815.00 766.02
814.00 766.02
813.98 766.00
813.00 765.02
812.00 765.02
811.00 765.02
810.00 765.02
809.00 765.02
808.00 765.02
807.00 765.02
806.00 765.02
805.00 765.02
804.00 765.02
803.00 765.02
802.00 765.02
801.00 765.02
800.00 765.02
799.00 765.02
798.02 766.00
798.00 766.02
797.00 766.02
796.00 766.02
795.00 766.02
794.02 767.00
794.00 767.02
793.00 767.02
792.00 767.02
791.02 768.00
791.00 768.02
790.00 768.02
789.02 769.00
789.00 769.02
788.00 769.02
787.02 770.00
787.00 770.02
786.00 770.02
785.02 771.00
785.00 771.02
784.02 772.00
784.00 772.02
783.00 772.02
782.02 773.00
782.00 773.02
781.02 774.00
781.00 774.02
780.02 775.00
780.00 775.02
779.02 776.00
779.00 776.02
778.02 777.00
778.00 777.02
777.02 778.00
777.00 778.02
776.02 779.00
776.00 779.02
775.02 780.00
775.02 781.00
775.00 781.02
774.02 782.00
774.02 783.00
774.00 783.02
773.02 784.00
773.02 785.00
773.00 785.02
772.02 786.00
772.02 787.00
772.00 787.02
771.02 788.00
771.02 789.00
771.02 790.00
771.02 791.00
771.00 791.02
770.02 792.00
770.02 793.00
770.02 794.00
770.02 795.00
770.02 796.00
770.02 797.00
770.02 798.00
770.02 799.00
770.02 800.00
770.02 801.00
770.02 802.00
770.02 803.00
770.02 804.00
770.00 804.02
769.02 805.00
769.02 806.00
770.00 806.98
770.02 807.00
770.02 808.00
770.02 809.00
770.02 810.00
770.02 811.00
770.02 812.00
771.00 812.98
771.02 813.00
771.02 814.00
771.02 815.00
771.02 816.00
772.00 816.98
772.02 817.00
772.02 818.00
772.02 819.00
773.00 819.98
773.02 820.00
773.02 821.00
774.00 821.98
774.02 822.00
774.02 823.00
774.02 824.00
775.00 824.98
775.02 825.00
775.02 826.00
775.02 827.00
776.00 827.98
776.02 828.00
776.02 829.00
777.00 829.98
777.02 830.00
777.02 831.00
778.00 831.98
778.02 832.00
779.00 832.98
779.02 833.00
779.02 834.00
780.00 834.98
780.02 835.00
781.00 835.98
781.02 836.00
782.00 836.98
782.02 837.00
783.00 837.98
783.02 838.00
784.00 838.98
784.02 839.00
785.00 839.98
785.02 840.00
786.00 840.98
786.02 841.00
787.00 841.98
787.02 842.00
788.00 842.98
788.02 843.00
789.00 843.98
789.02 844.00
790.00 844.98
791.00 844.98
791.02 845.00
792.00 845.98
792.02 846.00
793.00 846.98
794.00 846.98
794.02 847.00
795.00 847.98
795.02 848.00
796.00 848.98
797.00 848.98
797.02 849.00
798.00 849.98
799.00 849.98
799.02 850.00
800.00 850.98
801.00 850.98
802.00 850.98
802.02 851.00
803.00 851.98
804.00 851.98
805.00 851.98
806.00 851.98
806.02 852.00
807.00 852.98
808.00 852.98
809.00 852.98
810.00 852.98
810.02 853.00
811.00 853.98
812.00 853.98
813.00 853.98
814.00 853.98
815.00 853.98
815.02 854.00
816.00 854.98
817.00 854.98
818.00 854.98
819.00 854.98
820.00 854.98
821.00 854.98
822.00 854.98
823.00 854.98
824.00 854.98
824.98 854.00
825.00 853.98
826.00 853.98
827.00 853.98
828.00 853.98
829.00 853.98
830.00 853.98
830.98 853.00
831.00 852.98
832.00 852.98
832.98 852.00
833.00 851.98
834.00 851.98
834.98 851.00
835.00 850.98
835.98 850.00
836.00 849.98
837.00 849.98
837.98 849.00
838.00 848.98
838.98 848.00
839.00 847.98
839.98 847.00
840.00 846.98
840.98 846.00
841.00 845.98
841.98 845.00
842.00 844.98
842.98 844.00
843.00 843.98
843.98 843.00
844.00 842.98
844.98 842.00
845.00 841.98
845.98 841.00
845.98 840.00
846.00 839.98
846.98 839.00
847.00 838.98
847.98 838.00
847.98 837.00
848.00 836.98
848.98 836.00
848.98 835.00
849.00 834.98
849.98 834.00
849.98 833.00
850.00 832.98
850.98 832.00
850.98 831.00
851.00 830.98
851.98 830.00
851.98 829.00
851.98 828.00
852.00 827.98
852.98 827.00
852.98 826.00
852.98 825.00
853.00 824.98
853.98 824.00
853.98 823.00
853.98 822.00
853.98 821.00
853.98 820.00
854.00 819.98
854.98 819.00

