Contour 0:
176.50 395.00
176.50 394.00
176.00 393.50
175.50 393.00
175.50 392.00
175.50 391.00
175.50 390.00
176.00 389.50
176.50 389.00
176.50 388.00
176.00 387.50
175.50 387.00
175.50 386.00
175.50 385.00
175.50 384.00
175.50 383.00
175.50 382.00
175.50 381.00
175.50 380.00
175.50 379.00
175.50 378.00
175.50 377.00
175.50 376.00
175.00 375.50
174.50 375.00
174.50 374.00
174.50 373.00
174.50 372.00
174.50 371.00
174.50 370.00
174.50 369.00
174.50 368.00
174.00 367.50
173.50 367.00
173.50 366.00
173.50 365.00
173.50 364.00
173.00 363.50
172.50 363.00
172.50 362.00
172.50 361.00
172.00 360.50
171.50 360.00
171.50 359.00
171.50 358.00
171.00 357.50
170.50 357.00
170.00 356.50
169.50 356.00
169.50 355.00
169.00 354.50
168.50 354.00
168.00 353.50
167.50 353.00
167.00 352.50
166.50 352.00
166.00 351.50
165.50 351.00
165.00 350.50
164.50 350.00
164.00 349.50
163.50 349.00
163.00 348.50
162.50 348.00
163.00 347.50
163.50 347.00
163.75 346.00
164.00 345.75
164.75 345.00
165.00 344.75
165.75 344.00
166.00 343.75
166.75 343.00
167.00 342.75
167.75 342.00
168.00 341.75
168.75 341.00
168.75 340.00
169.00 339.75
169.75 339.00
170.00 338.75
170.75 338.00
170.75 337.00
171.00 336.75
171.75 336.00
172.00 335.75
172.75 335.00
172.75 334.00
173.00 333.75
173.75 333.00
174.00 332.75
174.75 332.00
174.75 331.00
174.75 330.00
175.00 329.75
175.75 329.00
175.75 328.00
175.75 327.00
175.75 326.00
175.75 325.00
175.75 324.00
176.00 323.75
176.75 323.00
176.75 322.00
176.75 321.00
176.75 320.00
176.75 319.00
176.75 318.00
176.75 317.00
176.75 316.00
176.75 315.00
176.75 314.00
176.75 313.00
176.75 312.00
176.75 311.00
176.00 310.25
175.75 310.00
175.75 309.00
175.75 308.00
175.00 307.25
174.75 307.00
174.75 306.00
174.00 305.25
173.75 305.00
173.75 304.00
173.00 303.25
172.75 303.00
172.00 302.25
171.75 302.00
171.00 301.25
170.75 301.00
170.00 300.25
169.75 300.00
169.00 299.25
168.00 299.25
167.75 299.00
167.00 298.25
166.75 298.00
166.00 297.25
165.00 297.25
164.75 297.00
164.00 296.25
163.00 296.25
162.75 296.00
162.00 295.25
161.00 295.25
160.00 295.25
159.75 295.00
159.00 294.25
158.00 294.25
157.00 294.25
156.00 294.25
155.00 294.25
154.00 294.25
153.00 294.25
152.00 294.25
151.00 294.25
150.00 294.25
149.25 295.00
149.00 295.25
148.00 295.25
147.00 295.25
146.25 296.00
146.00 296.25
145.00 296.25
144.25 297.00
144.00 297.25
143.00 297.25
142.25 298.00
142.00 298.25
141.25 299.00
141.00 299.25
140.25 300.00
140.00 300.25
139.25 301.00
139.25 302.00
139.00 302.25
138.25 303.00
138.25 304.00
138.00 304.25
137.25 305.00
137.25 306.00
137.00 306.25
136.25 307.00
136.25 308.00
136.25 309.00
136.00 309.25
135.25 310.00
135.25 311.00
135.25 312.00
135.25 313.00
135.25 314.00
135.25 315.00
135.25 316.00
135.25 317.00
135.25 318.00
135.25 319.00
135.25 320.00
135.25 321.00
135.25 322.00
135.25 323.00
135.25 324.00
135.00 324.50
134.00 324.50
133.50 325.00
133.00 325.50
132.50 325.00
132.00 324.50
131.00 324.50
130.50 325.00
130.00 325.50
129.50 325.00
129.00 324.50
128.50 324.00
128.50 323.00
128.00 322.50
127.00 322.50
126.00 322.50
125.00 322.50
124.50 322.00
124.00 321.50
123.50 322.00
123.00 322.50
122.00 322.50
121.00 322.50
120.00 322.50
119.00 322.50
118.00 322.50
117.00 322.50
116.00 322.50
115.50 323.00
115.00 323.50
114.50 324.00
114.00 324.50
113.00 324.50
112.50 325.00
112.00 325.50
111.50 326.00
111.50 327.00
111.50 328.00
111.00 328.50
110.50 329.00
110.00 329.50
109.50 330.00
109.00 330.50
108.50 331.00
108.50 332.00
108.50 333.00
108.50 334.00
108.50 335.00
108.00 335.50
107.50 336.00
107.00 336.50
106.00 336.50
105.50 337.00
105.50 338.00
105.00 338.50
104.50 339.00
104.50 340.00
104.00 340.50
103.50 341.00
103.50 342.00
103.00 342.50
102.50 343.00
102.50 344.00
102.50 345.00
103.00 345.50
104.00 345.50
104.50 346.00
104.00 346.50
103.00 346.50
102.50 347.00
102.50 348.00
102.50 349.00
102.50 350.00
102.00 350.50
101.50 351.00
101.50 352.00
101.50 353.00
101.00 353.50
100.50 354.00
100.50 355.00
100.00 355.50
99.50 356.00
99.50 357.00
99.00 357.50
98.50 358.00
98.00 358.50
97.50 359.00
97.00 359.50
96.50 360.00
96.00 360.50
95.50 361.00
95.50 362.00
95.00 362.50
94.50 363.00
94.50 364.00
94.00 364.50
93.50 365.00
93.50 366.00
93.00 366.50
92.50 367.00
92.50 368.00
92.50 369.00
92.00 369.50
91.50 370.00
91.50 371.00
91.50 372.00
91.50 373.00
91.50 374.00
91.50 375.00
91.50 376.00
91.50 377.00
91.50 378.00
91.50 379.00
91.50 380.00
91.50 381.00
91.50 382.00
91.50 383.00
91.50 384.00
91.50 385.00
91.50 386.00
92.00 386.50
92.50 387.00
92.50 388.00
92.50 389.00
93.00 389.50
93.50 390.00
93.50 391.00
93.50 392.00
93.50 393.00
93.50 394.00
94.00 394.50
94.50 395.00
94.50 396.00
94.50 397.00
95.00 397.50
95.50 398.00
95.50 399.00
95.50 400.00
96.00 400.50
96.50 401.00
96.50 402.00
96.50 403.00
97.00 403.50
97.50 404.00
97.50 405.00
98.00 405.50
98.50 406.00
98.50 407.00
98.50 408.00
99.00 408.50
99.50 409.00
99.50 410.00
100.00 410.50
100.50 411.00
101.00 411.50
101.50 412.00
101.50 413.00
102.00 413.50
102.50 414.00
103.00 414.50
103.50 415.00
104.00 415.50
104.50 416.00
105.00 416.50
105.50 417.00
105.50 418.00
106.00 418.50
106.50 419.00
107.00 419.50
107.50 420.00
108.00 420.50
108.50 421.00
109.00 421.50
110.00 421.50
110.50 422.00
111.00 422.50
112.00 422.50
112.50 423.00
113.00 423.50
114.00 423.50
114.50 424.00
115.00 424.50
116.00 424.50
116.50 425.00
117.00 425.50
118.00 425.50
119.00 425.50
119.50 426.00
120.00 426.50
121.00 426.50
121.50 427.00
122.00 427.50
123.00 427.50
124.00 427.50
125.00 427.50
126.00 427.50
127.00 427.50
127.50 428.00
128.00 428.50
129.00 428.50
130.00 428.50
131.00 428.50
132.00 428.50
133.00 428.50
134.00 428.50
135.00 428.50
136.00 428.50
137.00 428.50
138.00 428.50
139.00 428.50
140.00 428.50
141.00 428.50
142.00 428.50
143.00 428.50
144.00 428.50
145.00 428.50
146.00 428.50
147.00 428.50
148.00 428.50
149.00 428.50
150.00 428.50
151.00 428.50
152.00 428.50
152.50 428.00
153.00 427.50
154.00 427.50
154.50 427.00
155.00 426.50
156.00 426.50
157.00 426.50
157.50 426.00
158.00 425.50
159.00 425.50
159.50 425.00
160.00 424.50
161.00 424.50
161.50 424.00
162.00 423.50
162.50 423.00
163.00 422.50
163.50 422.00
164.00 421.50
164.50 421.00
165.00 420.50
165.50 420.00
166.00 419.50
166.50 419.00
167.00 418.50
167.50 418.00
167.50 417.00
168.00 416.50
168.50 416.00
169.00 415.50
169.50 415.00
170.00 414.50
170.50 414.00
170.50 413.00
171.00 412.50
171.50 412.00
171.50 411.00
172.00 410.50
172.50 410.00
172.50 409.00
173.00 408.50
173.50 408.00
173.50 407.00
174.00 406.50
174.50 406.00
174.50 405.00
174.50 404.00
174.50 403.00
174.50 402.00
175.00 401.50
175.50 401.00
175.50 400.00
175.50 399.00
175.50 398.00
175.50 397.00
175.50 396.00
176.00 395.50
176.50 395.00

Contour 1:
286.83 844.00
286.83 843.00
286.83 842.00
286.83 841.00
286.83 840.00
286.83 839.00
286.00 838.17
285.83 838.00
285.83 837.00
285.83 836.00
285.00 835.17
284.83 835.00
284.83 834.00
284.83 833.00
284.83 832.00
284.00 831.17
283.83 831.00
283.83 830.00
283.83 829.00
283.83 828.00
283.00 827.17
282.83 827.00
282.83 826.00
282.83 825.00
282.00 824.17
281.83 824.00
281.83 823.00
281.83 822.00
281.00 821.17
280.83 821.00
280.83 820.00
280.83 819.00
280.00 818.17
279.83 818.00
279.83 817.00
279.00 816.17
278.83 816.00
278.83 815.00
278.00 814.17
277.83 814.00
277.83 813.00
277.00 812.17
276.83 812.00
276.83 811.00
276.00 810.17
275.83 810.00
275.00 809.17
274.83 809.00
274.83 808.00
274.83 807.00
274.00 806.17
273.83 806.00
273.00 805.17
272.83 805.00
272.00 804.17
271.83 804.00
271.00 803.17
270.83 803.00
270.83 802.00
270.00 801.17
269.83 801.00
269.00 800.17
268.83 800.00
268.83 799.00
268.00 798.17
267.83 798.00
267.00 797.17
266.83 797.00
266.00 796.17
265.83 796.00
265.00 795.17
264.83 795.00
264.00 794.17
263.00 794.17
262.83 794.00
262.00 793.17
261.83 793.00
261.00 792.17
260.83 792.00
260.00 791.17
259.00 791.17
258.83 791.00
258.00 790.17
257.83 790.00
257.00 789.17
256.00 789.17
255.83 789.00
255.00 788.17
254.83 788.00
254.00 787.17
253.00 787.17
252.83 787.00
252.00 786.17
251.00 786.17
250.83 786.00
250.00 785.17
249.00 785.17
248.83 785.00
248.00 784.17
247.00 784.17
246.83 784.00
246.00 783.17
245.00 783.17
244.00 783.17
243.83 783.00
243.00 782.17
242.00 782.17
241.00 782.17
240.00 782.17
239.00 782.17
238.83 782.00
238.00 781.17
237.00 781.17
236.00 781.17
235.00 781.17
234.00 781.17
233.00 781.17
232.00 781.17
231.00 781.17
230.00 781.17
229.00 781.17
228.00 781.17
227.00 781.17
226.00 781.17
225.00 781.17
224.00 781.17
223.00 781.17
222.00 781.17
221.00 781.17
220.00 781.17
219.00 781.17
218.17 782.00
218.00 782.17
217.00 782.17
216.00 782.17
215.00 782.17
214.17 783.00
214.00 783.17
213.00 783.17
212.17 784.00
212.00 784.17
211.00 784.17
210.17 785.00
210.00 785.17
209.17 786.00
209.00 786.17
208.00 786.17
207.17 787.00
207.00 787.17
206.17 788.00
206.00 788.17
205.17 789.00
205.00 789.17
204.17 790.00
204.00 790.17
203.17 791.00
203.00 791.17
202.17 792.00
202.17 793.00
202.00 793.17
201.17 794.00
201.17 795.00
201.00 795.17
200.17 796.00
200.17 797.00
200.00 797.17
199.17 798.00
199.17 799.00
199.17 800.00
199.00 800.17
198.17 801.00
198.17 802.00
198.17 803.00
198.17 804.00
198.00 804.17
197.17 805.00
197.17 806.00
197.17 807.00
197.17 808.00
197.17 809.00
197.17 810.00
197.17 811.00
197.17 812.00
197.17 813.00
197.17 814.00
197.17 815.00
197.17 816.00
197.17 817.00
197.17 818.00
198.00 818.83
198.17 819.00
198.17 820.00
198.17 821.00
198.17 822.00
198.17 823.00
199.00 823.83
199.17 824.00
199.17 825.00
199.17 826.00
200.00 826.83
200.17 827.00
200.17 828.00
200.17 829.00
201.00 829.83
201.17 830.00
201.17 831.00
201.17 832.00
202.00 832.83
202.17 833.00
202.17 834.00
203.00 834.83
203.17 835.00
203.17 836.00
204.00 836.83
204.17 837.00
204.17 838.00
205.00 838.83
205.17 839.00
205.17 840.00
206.00 840.83
206.17 841.00
207.00 841.83
207.17 842.00
207.17 843.00
208.00 843.83
208.17 844.00
208.17 845.00
209.00 845.83
209.17 846.00
210.00 846.83
210.17 847.00
210.17 848.00
211.00 848.83
211.17 849.00
212.00 849.83
212.17 850.00
212.17 851.00
213.00 851.83
213.17 852.00
214.00 852.83
214.17 853.00
215.00 853.83
215.17 854.00
215.17 855.00
216.00 855.83
216.17 856.00
217.00 856.83
217.17 857.00
218.00 857.83
218.17 858.00
219.00 858.83
219.17 859.00
220.00 859.83
220.17 860.00
221.00 860.83
222.00 860.83
222.17 861.00
223.00 861.83
223.17 862.00
224.00 862.83
225.00 862.83
225.17 863.00
226.00 863.83
227.00 863.83
227.17 864.00
228.00 864.83
229.00 864.83
229.17 865.00
230.00 865.83
231.00 865.83
231.17 866.00
232.00 866.83
233.00 866.83
234.00 866.83
234.17 867.00
235.00 867.83
236.00 867.83
236.17 868.00
237.00 868.83
238.00 868.83
238.17 869.00
239.00 869.83
240.00 869.83
241.00 869.83
241.17 870.00
242.00 870.83
243.00 870.83
243.17 871.00
244.00 871.83
245.00 871.83
246.00 871.83
246.17 872.00
247.00 872.83
248.00 872.83
249.00 872.83
249.17 873.00
250.00 873.83
251.00 873.83
252.00 873.83
253.00 873.83
254.00 873.83
255.00 873.83
256.00 873.83
257.00 873.83
257.83 873.00
258.00 872.83
259.00 872.83
260.00 872.83
261.00 872.83
261.83 872.00
262.00 871.83
263.00 871.83
264.00 871.83
264.83 871.00
265.00 870.83
265.83 870.00
266.00 869.83
267.00 869.83
267.83 869.00
268.00 868.83
268.83 868.00
269.00 867.83
270.00 867.83
270.83 867.00
271.00 866.83
271.83 866.00
272.00 865.83
272.83 865.00
273.00 864.83
273.83 864.00
273.83 863.00
274.00 862.83
274.83 862.00
275.00 861.83
275.83 861.00
276.00 860.83
276.83 860.00
277.00 859.83
277.83 859.00
278.00 858.83
278.83 858.00
279.00 857.83
279.83 857.00
279.83 856.00
280.00 855.83
280.83 855.00
280.83 854.00
281.00 853.83
281.83 853.00
282.00 852.83
282.83 852.00
282.83 851.00
283.00 850.83
283.83 850.00
283.83 849.00
284.00 848.83
284.83 848.00
284.83 847.00
285.00 846.83
285.83 846.00
285.83 845.00
286.00 844.83
286.83 844.00

Contour 2:
277.88 259.00
277.88 258.00
277.88 257.00
277.88 256.00
277.88 255.00
277.88 254.00
277.88 253.00
277.88 252.00
277.88 251.00
277.88 250.00
277.88 249.00
277.88 248.00
277.00 247.12
276.88 247.00
276.88 246.00
276.88 245.00
276.88 244.00
276.88 243.00
276.88 242.00
276.00 241.12
275.88 241.00
275.88 240.00
275.88 239.00
275.88 238.00
275.00 237.12
274.88 237.00
274.88 236.00
274.88 235.00
274.00 234.12
273.88 234.00
273.88 233.00
273.88 232.00
273.00 231.12
272.88 231.00
272.88 230.00
272.00 229.12
271.88 229.00
271.88 228.00
271.00 227.12
270.88 227.00
270.00 226.12
269.88 226.00
269.88 225.00
269.00 224.12
268.88 224.00
268.00 223.12
267.88 223.00
267.00 222.12
266.88 222.00
266.00 221.12
265.88 221.00
265.00 220.12
264.88 220.00
264.00 219.12
263.88 219.00
263.00 218.12
262.88 218.00
262.00 217.12
261.00 217.12
260.88 217.00
260.00 216.12
259.88 216.00
259.00 215.12
258.88 215.00
258.00 214.12
257.00 214.12
256.88 214.00
256.00 213.12
255.00 213.12
254.88 213.00
254.00 212.12
253.00 212.12
252.88 212.00
252.00 211.12
251.00 211.12
250.88 211.00
250.00 210.12
249.00 210.12
248.00 210.12
247.88 210.00
247.00 209.12
246.00 209.12
245.00 209.12
244.00 209.12
243.88 209.00
243.00 208.12
242.00 208.12
241.00 208.12
240.00 208.12
239.00 208.12
238.00 208.12
237.00 208.12
236.00 208.12
235.00 208.12
234.00 208.12
233.00 208.12
232.00 208.12
231.00 208.12
230.00 208.12
229.00 208.12
228.00 208.12
227.00 208.12
226.00 208.12
225.00 208.12
224.00 208.12
223.12 209.00
223.00 209.12
222.00 209.12
221.00 209.12
220.12 210.00
220.00 210.12
219.00 210.12
218.00 210.12
217.12 211.00
217.00 211.12
216.00 211.12
215.12 212.00
215.00 212.12
214.12 213.00
214.00 213.12
213.12 214.00
213.00 214.12
212.12 215.00
212.00 215.12
211.12 216.00
211.00 216.12
210.12 217.00
210.00 217.12
209.12 218.00
209.12 219.00
209.00 219.12
208.12 220.00
208.00 220.12
207.12 221.00
207.00 221.12
206.12 222.00
206.12 223.00
206.00 223.12
205.12 224.00
205.00 224.12
204.12 225.00
204.12 226.00
204.00 226.12
203.12 227.00
203.00 227.12
202.12 228.00
202.12 229.00
202.12 230.00
202.00 230.12
201.12 231.00
201.12 232.00
201.12 233.00
201.12 234.00
201.12 235.00
201.00 235.12
200.12 236.00
200.12 237.00
200.12 238.00
200.12 239.00
200.12 240.00
200.12 241.00
201.00 241.88
201.12 242.00
201.12 243.00
201.12 244.00
201.12 245.00
201.12 246.00
201.12 247.00
202.00 247.88
202.12 248.00
202.12 249.00
202.12 250.00
202.12 251.00
203.00 251.88
203.12 252.00
203.12 253.00
204.00 253.88
204.12 254.00
204.12 255.00
205.00 255.88
205.12 256.00
205.12 257.00
206.00 257.88
206.12 258.00
207.00 258.88
207.12 259.00
207.12 260.00
208.00 260.88
208.12 261.00
209.00 261.88
209.12 262.00
209.12 263.00
210.00 263.88
210.12 264.00
211.00 264.88
211.12 265.00
211.12 266.00
212.00 266.88
212.12 267.00
213.00 267.88
213.12 268.00
213.12 269.00
214.00 269.88
214.12 270.00
215.00 270.88
215.12 271.00
215.12 272.00
216.00 272.88
216.12 273.00
217.00 273.88
217.12 274.00
217.12 275.00
218.00 275.88
218.12 276.00
219.00 276.88
219.12 277.00
220.00 277.88
220.12 278.00
221.00 278.88
221.12 279.00
222.00 279.88
222.12 280.00
223.00 280.88
224.00 280.88
224.12 281.00
225.00 281.88
225.12 282.00
226.00 282.88
227.00 282.88
227.12 283.00
228.00 283.88
229.00 283.88
229.12 284.00
230.00 284.88
231.00 284.88
232.00 284.88
232.12 285.00
233.00 285.88
234.00 285.88
235.00 285.88
236.00 285.88
237.00 285.88
238.00 285.88
238.12 286.00
239.00 286.88
240.00 286.88
241.00 286.88
242.00 286.88
242.88 286.00
243.00 285.88
244.00 285.88
245.00 285.88
246.00 285.88
247.00 285.88
248.00 285.88
249.00 285.88
250.00 285.88
250.88 285.00
251.00 284.88
252.00 284.88
253.00 284.88
254.00 284.88
254.88 284.00
255.00 283.88
256.00 283.88
257.00 283.88
258.00 283.88
258.88 283.00
259.00 282.88
260.00 282.88
260.88 282.00
261.00 281.88
262.00 281.88
262.88 281.00
263.00 280.88
264.00 280.88
264.88 280.00
265.00 279.88
265.88 279.00
266.00 278.88
266.88 278.00
267.00 277.88
267.88 277.00
268.00 276.88
268.88 276.00
269.00 275.88
269.88 275.00
270.00 274.88
270.88 274.00
270.88 273.00
271.00 272.88
271.88 272.00
272.00 271.88
272.88 271.00
272.88 270.00
273.00 269.88
273.88 269.00
273.88 268.00
274.00 267.88
274.88 267.00
274.88 266.00
275.00 265.88
275.88 265.00
275.88 264.00
275.88 263.00
276.00 262.88
276.88 262.00
276.88 261.00
276.88 260.00
277.00 259.88
277.88 259.00

Contour 3:
300.90 639.00
300.90 638.00
300.90 637.00
300.90 636.00
300.90 635.00
300.90 634.00
300.90 633.00
300.90 632.00
300.90 631.00
300.90 630.00
300.90 629.00
300.90 628.00
300.90 627.00
300.90 626.00
300.90 625.00
300.90 624.00
300.90 623.00
300.90 622.00
300.00 621.10
299.90 621.00
299.90 620.00
299.90 619.00
299.00 618.10
298.90 618.00
298.90 617.00
298.90 616.00
298.00 615.10
297.90 615.00
297.90 614.00
297.00 613.10
296.90 613.00
296.90 612.00
296.00 611.10
295.90 611.00
295.00 610.10
294.90 610.00
294.00 609.10
293.90 609.00
293.00 608.10
292.90 608.00
292.00 607.10
291.90 607.00
291.00 606.10
290.90 606.00
290.90 605.00
290.00 604.10
289.00 604.10
288.90 604.00
288.00 603.10
287.90 603.00
287.00 602.10
286.90 602.00
286.00 601.10
285.00 601.10
284.00 601.10
283.90 601.00
283.00 600.10
282.00 600.10
281.90 600.00
281.00 599.10
280.00 599.10
279.90 599.00
279.00 598.10
278.00 598.10
277.90 598.00
277.00 597.10
276.00 597.10
275.00 597.10
274.90 597.00
274.00 596.10
273.00 596.10
272.00 596.10
271.00 596.10
270.00 596.10
269.90 596.00
269.00 595.10
268.00 595.10
267.00 595.10
266.00 595.10
265.00 595.10
264.00 595.10
263.10 596.00
263.00 596.10
262.00 596.10
261.00 596.10
260.00 596.10
259.00 596.10
258.00 596.10
257.10 597.00
257.00 597.10
256.00 597.10
255.00 597.10
254.10 598.00
254.00 598.10
253.00 598.10
252.00 598.10
251.10 599.00
251.00 599.10
250.10 600.00
250.00 600.10
249.00 600.10
248.10 601.00
248.00 601.10
247.00 601.10
246.10 602.00
246.00 602.10
245.00 602.10
244.10 603.00
244.00 603.10
243.10 604.00
243.00 604.10
242.10 605.00
242.00 605.10
241.00 605.10
240.10 606.00
240.00 606.10
239.10 607.00
239.00 607.10
238.10 608.00
238.00 608.10
237.00 608.10
236.10 609.00
236.00 609.10
235.10 610.00
235.00 610.10
234.00 610.10
233.10 611.00
233.00 611.10
232.10 612.00
232.00 612.10
231.10 613.00
231.00 613.10
230.10 614.00
230.00 614.10
229.10 615.00
229.00 615.10
228.10 616.00
228.00 616.10
227.10 617.00
227.00 617.10
226.10 618.00
226.10 619.00
226.00 619.10
225.10 620.00
225.10 621.00
225.00 621.10
224.10 622.00
224.10 623.00
224.00 623.10
223.10 624.00
223.10 625.00
223.10 626.00
223.00 626.10
222.10 627.00
222.10 628.00
222.10 629.00
222.10 630.00
222.10 631.00
222.10 632.00
222.10 633.00
222.10 634.00
222.10 635.00
222.10 636.00
222.10 637.00
222.10 638.00
222.10 639.00
222.10 640.00
222.10 641.00
222.10 642.00
223.00 642.90
223.10 643.00
223.10 644.00
223.10 645.00
223.10 646.00
223.10 647.00
224.00 647.90
224.10 648.00
224.10 649.00
224.10 650.00
224.10 651.00
224.10 652.00
225.00 652.90
225.10 653.00
225.10 654.00
226.00 654.90
226.10 655.00
226.10 656.00
227.00 656.90
227.10 657.00
228.00 657.90
228.10 658.00
228.10 659.00
229.00 659.90
229.10 660.00
230.00 660.90
230.10 661.00
230.10 662.00
231.00 662.90
231.10 663.00
232.00 663.90
232.10 664.00
233.00 664.90
234.00 664.90
234.10 665.00
235.00 665.90
235.10 666.00
236.00 666.90
236.10 667.00
237.00 667.90
238.00 667.90
238.10 668.00
239.00 668.90
240.00 668.90
240.10 669.00
241.00 669.90
242.00 669.90
242.10 670.00
243.00 670.90
244.00 670.90
244.10 671.00
245.00 671.90
246.00 671.90
247.00 671.90
248.00 671.90
249.00 671.90
249.10 672.00
250.00 672.90
251.00 672.90
252.00 672.90
253.00 672.90
254.00 672.90
255.00 672.90
256.00 672.90
257.00 672.90
258.00 672.90
259.00 672.90
260.00 672.90
261.00 672.90
262.00 672.90
263.00 672.90
263.90 672.00
264.00 671.90
265.00 671.90
266.00 671.90
267.00 671.90
268.00 671.90
269.00 671.90
269.90 671.00
270.00 670.90
271.00 670.90
272.00 670.90
272.90 670.00
273.00 669.90
274.00 669.90
275.00 669.90
275.90 669.00
276.00 668.90
277.00 668.90
277.90 668.00
278.00 667.90
279.00 667.90
279.90 667.00
280.00 666.90
281.00 666.90
281.90 666.00
282.00 665.90
283.00 665.90
283.90 665.00
284.00 664.90
284.90 664.00
285.00 663.90
286.00 663.90
286.90 663.00
287.00 662.90
287.90 662.00
288.00 661.90
288.90 661.00
289.00 660.90
290.00 660.90
290.90 660.00
291.00 659.90
291.90 659.00
292.00 658.90
292.90 658.00
292.90 657.00
293.00 656.90
293.90 656.00
294.00 655.90
294.90 655.00
294.90 654.00
295.00 653.90
295.90 653.00
295.90 652.00
296.00 651.90
296.90 651.00
296.90 650.00
297.00 649.90
297.90 649.00
297.90 648.00
298.00 647.90
298.90 647.00
298.90 646.00
298.90 645.00
299.00 644.90
299.90 644.00
299.90 643.00
299.90 642.00
299.90 641.00
299.90 640.00
300.00 639.90
300.90 639.00

Contour 4:
345.92 479.00
345.92 478.00
345.92 477.00
345.92 476.00
345.92 475.00
345.92 474.00
345.00 473.08
344.92 473.00
344.92 472.00
344.92 471.00
344.92 470.00
344.00 469.08
343.92 469.00
343.92 468.00
343.00 467.08
342.92 467.00
342.92 466.00
342.00 465.08
341.92 465.00
341.92 464.00
341.00 463.08
340.92 463.00
340.00 462.08
339.92 462.00
339.00 461.08
338.92 461.00
338.00 460.08
337.92 460.00
337.00 459.08
336.92 459.00
336.00 458.08
335.00 458.08
334.92 458.00
334.00 457.08
333.00 457.08
332.92 457.00
332.00 456.08
331.92 456.00
331.00 455.08
330.00 455.08
329.00 455.08
328.92 455.00
328.00 454.08
327.00 454.08
326.92 454.00
326.00 453.08
325.92 453.00
325.00 452.08
324.00 452.08
323.92 452.00
323.00 451.08
322.00 451.08
321.92 451.00
321.00 450.08
320.00 450.08
319.00 450.08
318.92 450.00
318.00 449.08
317.00 449.08
316.00 449.08
315.00 449.08
314.00 449.08
313.00 449.08
312.92 449.00
312.00 448.08
311.00 448.08
310.00 448.08
309.00 448.08
308.00 448.08
307.00 448.08
306.00 448.08
305.00 448.08
304.00 448.08
303.08 449.00
303.00 449.08
302.00 449.08
301.00 449.08
300.00 449.08
299.00 449.08
298.08 450.00
298.00 450.08
297.00 450.08
296.08 451.00
296.00 451.08
295.00 451.08
294.08 452.00
294.00 452.08
293.00 452.08
292.00 452.08
291.08 453.00
291.00 453.08
290.08 454.00
290.00 454.08
289.00 454.08
288.08 455.00
288.00 455.08
287.08 456.00
287.00 456.08
286.00 456.08
285.08 457.00
285.00 457.08
284.08 458.00
284.08 459.00
284.00 459.08
283.08 460.00
283.00 460.08
282.08 461.00
282.08 462.00
282.00 462.08
281.08 463.00
281.08 464.00
281.00 464.08
280.08 465.00
280.08 466.00
280.08 467.00
280.08 468.00
280.08 469.00
280.08 470.00
280.08 471.00
280.08 472.00
280.08 473.00
280.08 474.00
280.08 475.00
280.08 476.00
280.08 477.00
280.08 478.00
281.00 478.92
281.08 479.00
281.08 480.00
281.08 481.00
282.00 481.92
282.08 482.00
282.08 483.00
283.00 483.92
283.08 484.00
284.00 484.92
284.08 485.00
284.08 486.00
285.00 486.92
285.08 487.00
286.00 487.92
286.08 488.00
287.00 488.92
287.08 489.00
288.00 489.92
288.08 490.00
289.00 490.92
289.08 491.00
290.00 491.92
290.08 492.00
291.00 492.92
291.08 493.00
292.00 493.92
292.08 494.00
293.00 494.92
294.00 494.92
294.08 495.00
295.00 495.92
295.08 496.00
296.00 496.92
297.00 496.92
297.08 497.00
298.00 497.92
299.00 497.92
299.08 498.00
300.00 498.92
301.00 498.92
301.08 499.00
302.00 499.92
303.00 499.92
304.00 499.92
305.00 499.92
305.08 500.00
306.00 500.92
307.00 500.92
308.00 500.92
309.00 500.92
309.08 501.00
310.00 501.92
311.00 501.92
312.00 501.92
313.00 501.92
314.00 501.92
315.00 501.92
316.00 501.92
317.00 501.92
318.00 501.92
319.00 501.92
320.00 501.92
321.00 501.92
322.00 501.92
322.92 501.00
323.00 500.92
324.00 500.92
325.00 500.92
326.00 500.92
327.00 500.92
327.92 500.00
328.00 499.92
329.00 499.92
329.92 499.00
330.00 498.92
331.00 498.92
331.92 498.00
332.00 497.92
333.00 497.92
333.92 497.00
334.00 496.92
334.92 496.00
335.00 495.92
336.00 495.92
336.92 495.00
337.00 494.92
337.92 494.00
338.00 493.92
338.92 493.00
339.00 492.92
339.92 492.00
340.00 491.92
340.92 491.00
341.00 490.92
341.92 490.00
341.92 489.00
342.00 488.92
342.92 488.00
342.92 487.00
343.00 486.92
343.92 486.00
343.92 485.00
344.00 484.92
344.92 484.00
344.92 483.00
344.92 482.00
344.92 481.00
344.92 480.00
345.00 479.92
345.92 479.00

Contour 5:
357.93 556.00
357.93 555.00
357.93 554.00
357.93 553.00
357.93 552.00
357.93 551.00
357.93 550.00
357.93 549.00
357.93 548.00
357.93 547.00
357.93 546.00
357.93 545.00
357.00 544.07
356.93 544.00
356.93 543.00
356.93 542.00
356.93 541.00
356.00 540.07
355.93 540.00
355.93 539.00
355.00 538.07
354.93 538.00
354.93 537.00
354.93 536.00
354.00 535.07
353.93 535.00
353.00 534.07
352.93 534.00
352.93 533.00
352.00 532.07
351.93 532.00
351.93 531.00
351.00 530.07
350.93 530.00
350.00 529.07
349.93 529.00
349.00 528.07
348.93 528.00
348.00 527.07
347.00 527.07
346.93 527.00
346.00 526.07
345.93 526.00
345.00 525.07
344.00 525.07
343.93 525.00
343.00 524.07
342.93 524.00
342.00 523.07
341.00 523.07
340.00 523.07
339.93 523.00
339.00 522.07
338.00 522.07
337.93 522.00
337.00 521.07
336.00 521.07
335.00 521.07
334.93 521.00
334.00 520.07
333.00 520.07
332.00 520.07
331.00 520.07
330.00 520.07
329.93 520.00
329.00 519.07
328.00 519.07
327.00 519.07
326.00 519.07
325.00 519.07
324.00 519.07
323.07 520.00
323.00 520.07
322.00 520.07
321.00 520.07
320.00 520.07
319.00 520.07
318.07 521.00
318.00 521.07
317.00 521.07
316.00 521.07
315.07 522.00
315.00 522.07
314.00 522.07
313.07 523.00
313.00 523.07
312.00 523.07
311.07 524.00
311.00 524.07
310.00 524.07
309.07 525.00
309.00 525.07
308.07 526.00
308.00 526.07
307.00 526.07
306.07 527.00
306.00 527.07
305.00 527.07
304.07 528.00
304.00 528.07
303.07 529.00
303.00 529.07
302.00 529.07
301.07 530.00
301.00 530.07
300.07 531.00
300.00 531.07
299.07 532.00
299.00 532.07
298.07 533.00
298.07 534.00
298.00 534.07
297.07 535.00
297.00 535.07
296.07 536.00
296.00 536.07
295.07 537.00
295.00 537.07
294.07 538.00
294.07 539.00
294.00 539.07
293.07 540.00
293.07 541.00
293.00 541.07
292.07 542.00
292.07 543.00
292.07 544.00
292.07 545.00
292.00 545.07
291.07 546.00
291.07 547.00
291.07 548.00
291.07 549.00
291.07 550.00
291.00 550.07
290.07 551.00
290.07 552.00
290.07 553.00
290.07 554.00
290.07 555.00
290.07 556.00
290.07 557.00
290.00 557.07
289.07 558.00
289.07 559.00
290.00 559.93
290.07 560.00
290.07 561.00
290.07 562.00
290.07 563.00
290.07 564.00
291.00 564.93
291.07 565.00
291.07 566.00
291.07 567.00
291.07 568.00
292.00 568.93
292.07 569.00
292.07 570.00
293.00 570.93
293.07 571.00
293.07 572.00
294.00 572.93
294.07 573.00
294.07 574.00
295.00 574.93
295.07 575.00
296.00 575.93
296.07 576.00
296.07 577.00
297.00 577.93
297.07 578.00
298.00 578.93
298.07 579.00
299.00 579.93
299.07 580.00
300.00 580.93
300.07 581.00
301.00 581.93
301.07 582.00
302.00 582.93
302.07 583.00
303.00 583.93
304.00 583.93
304.07 584.00
305.00 584.93
306.00 584.93
306.07 585.00
307.00 585.93
307.07 586.00
308.00 586.93
309.00 586.93
309.07 587.00
310.00 587.93
311.00 587.93
312.00 587.93
312.07 588.00
313.00 588.93
314.00 588.93
315.00 588.93
315.07 589.00
316.00 589.93
317.00 589.93
318.00 589.93
319.00 589.93
320.00 589.93
321.00 589.93
322.00 589.93
323.00 589.93
324.00 589.93
325.00 589.93
326.00 589.93
327.00 589.93
328.00 589.93
329.00 589.93
330.00 589.93
331.00 589.93
331.93 589.00
332.00 588.93
333.00 588.93
334.00 588.93
334.93 588.00
335.00 587.93
336.00 587.93
336.93 587.00
337.00 586.93
338.00 586.93
338.93 586.00
339.00 585.93
340.00 585.93
340.93 585.00
341.00 584.93
341.93 584.00
342.00 583.93
342.93 583.00
343.00 582.93
344.00 582.93
344.93 582.00
345.00 581.93
345.93 581.00
346.00 580.93
346.93 580.00
347.00 579.93
347.93 579.00
348.00 578.93
348.93 578.00
349.00 577.93
349.93 577.00
350.00 576.93
350.93 576.00
350.93 575.00
351.00 574.93
351.93 574.00
351.93 573.00
352.00 572.93
352.93 572.00
353.00 571.93
353.93 571.00
353.93 570.00
354.00 569.93
354.93 569.00
354.93 568.00
354.93 567.00
355.00 566.93
355.93 566.00
355.93 565.00
355.93 564.00
356.00 563.93
356.93 563.00
356.93 562.00
356.93 561.00
356.93 560.00
356.93 559.00
356.93 558.00
356.93 557.00
357.00 556.93
357.93 556.00

Contour 6:
352.94 112.00
352.94 111.00
352.94 110.00
352.94 109.00
352.94 108.00
352.94 107.00
352.00 106.06
351.00 106.06
350.94 106.00
350.00 105.06
349.94 105.00
349.00 104.06
348.94 104.00
348.00 103.06
347.00 103.06
346.94 103.00
346.00 102.06
345.94 102.00
345.00 101.06
344.94 101.00
344.94 100.00
344.94 99.00
344.94 98.00
344.00 97.06
343.94 97.00
343.94 96.00
343.00 95.06
342.94 95.00
342.00 94.06
341.94 94.00
341.00 93.06
340.94 93.00
340.00 92.06
339.00 92.06
338.00 92.06
337.00 92.06
336.06 93.00
336.00 93.06
335.00 93.06
334.00 93.06
333.00 93.06
332.00 93.06
331.06 94.00
331.00 94.06
330.00 94.06
329.06 95.00
329.00 95.06
328.00 95.06
327.06 96.00
327.00 96.06
326.06 97.00
326.00 97.06
325.00 97.06
324.00 97.06
323.06 98.00
323.00 98.06
322.06 99.00
322.00 99.06
321.00 99.06
320.00 99.06
319.06 100.00
319.00 100.06
318.00 100.06
317.00 100.06
316.06 101.00
316.00 101.06
315.06 102.00
315.00 102.06
314.00 102.06
313.06 103.00
313.00 103.06
312.06 104.00
312.00 104.06
311.06 105.00
311.00 105.06
310.06 106.00
310.00 106.06
309.06 107.00
309.00 107.06
308.06 108.00
308.06 109.00
308.00 109.06
307.06 110.00
307.00 110.06
306.06 111.00
306.06 112.00
306.00 112.06
305.06 113.00
305.06 114.00
305.06 115.00
305.06 116.00
305.06 117.00
305.00 117.06
304.06 118.00
304.06 119.00
304.06 120.00
304.00 120.06
303.06 121.00
303.06 122.00
303.06 123.00
303.06 124.00
303.06 125.00
303.00 125.06
302.06 126.00
302.06 127.00
302.06 128.00
302.06 129.00
302.06 130.00
302.06 131.00
302.06 132.00
302.06 133.00
302.06 134.00
303.00 134.94
303.06 135.00
303.06 136.00
303.06 137.00
304.00 137.94
304.06 138.00
304.06 139.00
305.00 139.94
305.06 140.00
306.00 140.94
307.00 140.94
307.06 141.00
308.00 141.94
309.00 141.94
309.06 142.00
310.00 142.94
311.00 142.94
311.06 143.00
312.00 143.94
312.06 144.00
313.00 144.94
313.06 145.00
314.00 145.94
314.06 146.00
315.00 146.94
315.06 147.00
316.00 147.94
316.06 148.00
316.06 149.00
317.00 149.94
317.06 150.00
318.00 150.94
318.06 151.00
319.00 151.94
320.00 151.94
320.06 152.00
321.00 152.94
322.00 152.94
323.00 152.94
323.06 153.00
324.00 153.94
325.00 153.94
326.00 153.94
326.94 153.00
326.94 152.00
326.94 151.00
327.00 150.94
327.94 150.00
327.94 149.00
327.94 148.00
327.94 147.00
328.00 146.94
328.94 146.00
329.00 145.94
329.94 145.00
329.94 144.00
330.00 143.94
330.94 143.00
330.94 142.00
331.00 141.94
332.00 141.94
333.00 141.94
334.00 141.94
335.00 141.94
335.06 142.00
336.00 142.94
337.00 142.94
338.00 142.94
338.94 142.00
339.00 141.94
340.00 141.94
341.00 141.94
342.00 141.94
342.94 141.00
343.00 140.94
344.00 140.94
344.94 140.00
345.00 139.94
345.94 139.00
345.94 138.00
345.94 137.00
345.94 136.00
346.00 135.94
346.94 135.00
347.00 134.94
347.94 134.00
347.94 133.00
348.00 132.94
348.94 132.00
348.94 131.00
349.00 130.94
349.94 130.00
349.94 129.00
349.94 128.00
349.00 127.06
348.94 127.00
348.94 126.00
348.94 125.00
348.94 124.00
348.94 123.00
348.94 122.00
348.94 121.00
348.94 120.00
348.94 119.00
349.00 118.94
349.94 118.00
349.94 117.00
349.94 116.00
350.00 115.94
350.94 115.00
351.00 114.94
351.94 114.00
351.94 113.00
352.00 112.94
352.94 112.00

Contour 7:
399.94 402.00
399.94 401.00
399.94 400.00
399.94 399.00
399.94 398.00
399.94 397.00
399.94 396.00
399.94 395.00
399.94 394.00
399.94 393.00
399.94 392.00
399.94 391.00
399.94 390.00
399.00 389.06
398.94 389.00
398.94 388.00
398.94 387.00
398.94 386.00
398.00 385.06
397.94 385.00
397.94 384.00
397.00 383.06
396.94 383.00
396.94 382.00
396.00 381.06
395.94 381.00
395.00 380.06
394.94 380.00
394.94 379.00
394.00 378.06
393.94 378.00
393.00 377.06
392.94 377.00
392.00 376.06
391.94 376.00
391.00 375.06
390.94 375.00
390.00 374.06
389.94 374.00
389.00 373.06
388.94 373.00
388.00 372.06
387.94 372.00
387.00 371.06
386.00 371.06
385.94 371.00
385.00 370.06
384.94 370.00
384.00 369.06
383.00 369.06
382.00 369.06
381.94 369.00
381.00 368.06
380.00 368.06
379.94 368.00
379.00 367.06
378.00 367.06
377.00 367.06
376.00 367.06
375.94 367.00
375.00 366.06
374.00 366.06
373.00 366.06
372.00 366.06
371.94 366.00
371.00 365.06
370.00 365.06
369.00 365.06
368.00 365.06
367.00 365.06
366.00 365.06
365.00 365.06
364.00 365.06
363.00 365.06
362.00 365.06
361.00 365.06
360.00 365.06
359.00 365.06
358.06 366.00
358.00 366.06
357.00 366.06
356.00 366.06
355.00 366.06
354.06 367.00
354.00 367.06
353.00 367.06
352.00 367.06
351.06 368.00
351.00 368.06
350.00 368.06
349.00 368.06
348.06 369.00
348.00 369.06
347.00 369.06
346.06 370.00
346.00 370.06
345.00 370.06
344.06 371.00
344.00 371.06
343.06 372.00
343.00 372.06
342.00 372.06
341.06 373.00
341.00 373.06
340.06 374.00
340.00 374.06
339.06 375.00
339.06 376.00
339.00 376.06
338.06 377.00
338.00 377.06
337.06 378.00
337.00 378.06
336.06 379.00
336.00 379.06
335.06 380.00
335.06 381.00
335.00 381.06
334.06 382.00
334.00 382.06
333.06 383.00
333.06 384.00
333.00 384.06
332.06 385.00
332.06 386.00
332.06 387.00
332.00 387.06
331.06 388.00
331.06 389.00
331.06 390.00
331.00 390.06
330.06 391.00
330.06 392.00
330.06 393.00
330.06 394.00
330.06 395.00
330.06 396.00
330.06 397.00
330.06 398.00
330.00 398.06
329.06 399.00
329.06 400.00
330.00 400.94
330.06 401.00
330.06 402.00
330.06 403.00
330.06 404.00
330.06 405.00
330.06 406.00
331.00 406.94
331.06 407.00
331.06 408.00
331.06 409.00
332.00 409.94
332.06 410.00
332.06 411.00
333.00 411.94
333.06 412.00
333.06 413.00
334.00 413.94
334.06 414.00
334.06 415.00
335.00 415.94
335.06 416.00
335.06 417.00
336.00 417.94
336.06 418.00
337.00 418.94
337.06 419.00
338.00 419.94
338.06 420.00
339.00 420.94
339.06 421.00
340.00 421.94
340.06 422.00
341.00 422.94
341.06 423.00
342.00 423.94
342.06 424.00
343.00 424.94
344.00 424.94
344.06 425.00
345.00 425.94
346.00 425.94
346.06 426.00
347.00 426.94
348.00 426.94
348.06 427.00
349.00 427.94
350.00 427.94
351.00 427.94
351.06 428.00
352.00 428.94
353.00 428.94
354.00 428.94
355.00 428.94
356.00 428.94
356.06 429.00
357.00 429.94
358.00 429.94
359.00 429.94
360.00 429.94
361.00 429.94
362.00 429.94
363.00 429.94
364.00 429.94
365.00 429.94
366.00 429.94
367.00 429.94
368.00 429.94
369.00 429.94
370.00 429.94
371.00 429.94
372.00 429.94
373.00 429.94
373.94 429.00
374.00 428.94
375.00 428.94
376.00 428.94
377.00 428.94
378.00 428.94
378.94 428.00
379.00 427.94
380.00 427.94
381.00 427.94
381.94 427.00
382.00 426.94
383.00 426.94
383.94 426.00
384.00 425.94
384.94 425.00
385.00 424.94
386.00 424.94
386.94 424.00
387.00 423.94
387.94 423.00
388.00 422.94
388.94 422.00
389.00 421.94
389.94 421.00
390.00 420.94
390.94 420.00
391.00 419.94
391.94 419.00
392.00 418.94
392.94 418.00
393.00 417.94
393.94 417.00
393.94 416.00
394.00 415.94
394.94 415.00
394.94 414.00
395.00 413.94
395.94 413.00
395.94 412.00
396.00 411.94
396.94 411.00
396.94 410.00
397.00 409.94
397.94 409.00
397.94 408.00
397.94 407.00
398.00 406.94
398.94 406.00
398.94 405.00
398.94 404.00
398.94 403.00
399.00 402.94
399.94 402.00

Contour 8:
391.95 940.00
391.95 939.00
391.95 938.00
391.95 937.00
391.95 936.00
391.95 935.00
391.95 934.00
391.95 933.00
391.95 932.00
391.95 931.00
391.95 930.00
391.95 929.00
391.95 928.00
391.95 927.00
391.95 926.00
391.00 925.05
390.95 925.00
390.95 924.00
390.95 923.00
390.95 922.00
390.00 921.05
389.95 921.00
389.95 920.00
389.95 919.00
389.00 918.05
388.95 918.00
388.95 917.00
388.00 916.05
387.95 916.00
387.95 915.00
387.00 914.05
386.95 914.00
386.95 913.00
386.00 912.05
385.95 912.00
385.95 911.00
385.00 910.05
384.95 910.00
384.95 909.00
384.00 908.05
383.95 908.00
383.00 907.05
382.95 907.00
382.95 906.00
382.00 905.05
381.95 905.00
381.00 904.05
380.95 904.00
380.00 903.05
379.95 903.00
379.00 902.05
378.95 902.00
378.00 901.05
377.95 901.00
377.00 900.05
376.95 900.00
376.00 899.05
375.95 899.00
375.00 898.05
374.95 898.00
374.00 897.05
373.95 897.00
373.00 896.05
372.00 896.05
371.95 896.00
371.00 895.05
370.95 895.00
370.00 894.05
369.00 894.05
368.95 894.00
368.00 893.05
367.00 893.05
366.95 893.00
366.00 892.05
365.00 892.05
364.95 892.00
364.00 891.05
363.00 891.05
362.95 891.00
362.00 890.05
361.00 890.05
360.00 890.05
359.95 890.00
359.00 889.05
358.00 889.05
357.00 889.05
356.00 889.05
355.95 889.00
355.00 888.05
354.00 888.05
353.00 888.05
352.05 889.00
352.00 889.05
351.00 889.05
350.00 889.05
349.00 889.05
348.00 889.05
347.00 889.05
346.05 890.00
346.00 890.05
345.00 890.05
344.00 890.05
343.05 891.00
343.00 891.05
342.00 891.05
341.05 892.00
341.00 892.05
340.00 892.05
339.05 893.00
339.00 893.05
338.05 894.00
338.00 894.05
337.05 895.00
337.00 895.05
336.05 896.00
336.00 896.05
335.05 897.00
335.05 898.00
335.00 898.05
334.05 899.00
334.05 900.00
334.05 901.00
334.00 901.05
333.05 902.00
333.05 903.00
333.05 904.00
333.00 904.05
332.05 905.00
332.05 906.00
332.05 907.00
332.05 908.00
332.00 908.05
331.05 909.00
331.05 910.00
331.05 911.00
331.05 912.00
331.05 913.00
331.00 913.05
330.05 914.00
330.05 915.00
330.05 916.00
330.05 917.00
330.05 918.00
330.05 919.00
330.05 920.00
330.00 920.05
329.05 921.00
329.05 922.00
329.05 923.00
329.05 924.00
329.05 925.00
330.00 925.95
330.05 926.00
330.05 927.00
330.05 928.00
330.05 929.00
330.05 930.00
330.05 931.00
330.05 932.00
330.05 933.00
330.05 934.00
331.00 934.95
331.05 935.00
331.05 936.00
331.05 937.00
331.05 938.00
332.00 938.95
332.05 939.00
332.05 940.00
332.05 941.00
332.05 942.00
333.00 942.95
333.05 943.00
333.05 944.00
334.00 944.95
334.05 945.00
334.05 946.00
335.00 946.95
335.05 947.00
335.05 948.00
336.00 948.95
336.05 949.00
336.05 950.00
337.00 950.95
337.05 951.00
338.00 951.95
338.05 952.00
339.00 952.95
339.05 953.00
339.05 954.00
340.00 954.95
340.05 955.00
341.00 955.95
341.05 956.00
342.00 956.95
342.05 957.00
343.00 957.95
344.00 957.95
344.05 958.00
345.00 958.95
345.05 959.00
346.00 959.95
347.00 959.95
347.05 960.00
348.00 960.95
349.00 960.95
350.00 960.95
350.05 961.00
351.00 961.95
352.00 961.95
352.05 962.00
353.00 962.95
354.00 962.95
355.00 962.95
356.00 962.95
357.00 962.95
358.00 962.95
359.00 962.95
360.00 962.95
361.00 962.95
362.00 962.95
363.00 962.95
364.00 962.95
365.00 962.95
366.00 962.95
367.00 962.95
368.00 962.95
368.95 962.00
369.00 961.95
370.00 961.95
371.00 961.95
372.00 961.95
372.95 961.00
373.00 960.95
374.00 960.95
375.00 960.95
375.95 960.00
376.00 959.95
376.95 959.00
377.00 958.95
378.00 958.95
378.95 958.00
379.00 957.95
379.95 957.00
380.00 956.95
381.00 956.95
381.95 956.00
382.00 955.95
382.95 955.00
383.00 954.95
383.95 954.00
384.00 953.95
384.95 953.00
384.95 952.00
385.00 951.95
385.95 951.00
386.00 950.95
386.95 950.00
387.00 949.95
387.95 949.00
387.95 948.00
388.00 947.95
388.95 947.00
388.95 946.00
389.00 945.95
389.95 945.00
389.95 944.00
390.00 943.95
390.95 943.00
390.95 942.00
390.95 941.00
391.00 940.95
391.95 940.00

Contour 9:
396.95 226.00
396.95 225.00
396.95 224.00
396.95 223.00
396.95 222.00
396.95 221.00
396.95 220.00
396.95 219.00
396.95 218.00
396.95 217.00
396.00 216.05
395.95 216.00
395.95 215.00
395.95 214.00
395.95 213.00
395.95 212.00
395.95 211.00
395.00 210.05
394.95 210.00
394.95 209.00
394.00 208.05
393.95 208.00
393.95 207.00
393.00 206.05
392.95 206.00
392.00 205.05
391.95 205.00
391.00 204.05
390.95 204.00
390.00 203.05
389.95 203.00
389.00 202.05
388.95 202.00
388.00 201.05
387.00 201.05
386.00 201.05
385.95 201.00
385.00 200.05
384.00 200.05
383.95 200.00
383.00 199.05
382.00 199.05
381.00 199.05
380.00 199.05
379.95 199.00
379.00 198.05
378.00 198.05
377.00 198.05
376.00 198.05
375.00 198.05
374.00 198.05
373.00 198.05
372.00 198.05
371.00 198.05
370.00 198.05
369.00 198.05
368.00 198.05
367.00 198.05
366.05 199.00
366.00 199.05
365.00 199.05
364.00 199.05
363.05 200.00
363.00 200.05
362.00 200.05
361.05 201.00
361.00 201.05
360.00 201.05
359.05 202.00
359.00 202.05
358.00 202.05
357.05 203.00
357.00 203.05
356.05 204.00
356.00 204.05
355.05 205.00
355.00 205.05
354.00 205.05
353.05 206.00
353.00 206.05
352.05 207.00
352.05 208.00
352.00 208.05
351.05 209.00
351.00 209.05
350.05 210.00
350.00 210.05
349.05 211.00
349.05 212.00
349.00 212.05
348.05 213.00
348.00 213.05
347.05 214.00
347.05 215.00
347.00 215.05
346.05 216.00
346.05 217.00
346.00 217.05
345.05 218.00
345.05 219.00
345.00 219.05
344.05 220.00
344.05 221.00
344.00 221.05
343.05 222.00
343.05 223.00
343.00 223.05
342.05 224.00
342.05 225.00
342.00 225.05
341.05 226.00
341.05 227.00
341.05 228.00
341.00 228.05
340.05 229.00
340.05 230.00
340.05 231.00
340.05 232.00
340.00 232.05
339.05 233.00
339.05 234.00
339.05 235.00
339.05 236.00
339.05 237.00
339.05 238.00
339.05 239.00
339.05 240.00
339.05 241.00
339.00 241.05
338.05 242.00
338.05 243.00
338.05 244.00
338.05 245.00
338.05 246.00
338.05 247.00
338.05 248.00
339.00 248.95
339.05 249.00
339.05 250.00
339.05 251.00
339.05 252.00
340.00 252.95
340.05 253.00
340.05 254.00
340.05 255.00
341.00 255.95
341.05 256.00
342.00 256.95
342.05 257.00
342.05 258.00
343.00 258.95
343.05 259.00
344.00 259.95
344.05 260.00
345.00 260.95
345.05 261.00
346.00 261.95
346.05 262.00
347.00 262.95
347.05 263.00
348.00 263.95
348.05 264.00
349.00 264.95
350.00 264.95
350.05 265.00
351.00 265.95
352.00 265.95
352.05 266.00
353.00 266.95
354.00 266.95
355.00 266.95
355.05 267.00
356.00 267.95
357.00 267.95
358.00 267.95
359.00 267.95
360.00 267.95
361.00 267.95
361.95 267.00
362.00 266.95
363.00 266.95
364.00 266.95
365.00 266.95
365.95 266.00
366.00 265.95
367.00 265.95
367.95 265.00
368.00 264.95
369.00 264.95
369.95 264.00
370.00 263.95
371.00 263.95
371.95 263.00
372.00 262.95
373.00 262.95
373.95 262.00
374.00 261.95
374.95 261.00
375.00 260.95
376.00 260.95
376.95 260.00
377.00 259.95
377.95 259.00
378.00 258.95
378.95 258.00
379.00 257.95
379.95 257.00
380.00 256.95
380.95 256.00
381.00 255.95
381.95 255.00
382.00 254.95
382.95 254.00
383.00 253.95
383.95 253.00
384.00 252.95
384.95 252.00
385.00 251.95
385.95 251.00
385.95 250.00
386.00 249.95
386.95 249.00
387.00 248.95
387.95 248.00
387.95 247.00
388.00 246.95
388.95 246.00
388.95 245.00
389.00 244.95
389.95 244.00
390.00 243.95
390.95 243.00
390.95 242.00
391.00 241.95
391.95 241.00
391.95 240.00
392.00 239.95
392.95 239.00
392.95 238.00
392.95 237.00
393.00 236.95
393.95 236.00
393.95 235.00
393.95 234.00
394.00 233.95
394.95 233.00
394.95 232.00
394.95 231.00
395.00 230.95
395.95 230.00
395.95 229.00
395.95 228.00
395.95 227.00
396.00 226.95
396.95 226.00

Contour 10:
434.96 796.00
434.96 795.00
434.96 794.00
434.96 793.00
434.96 792.00
434.96 791.00
434.96 790.00
434.96 789.00
434.96 788.00
434.96 787.00
434.00 786.04
433.96 786.00
433.96 785.00
433.96 784.00
433.00 783.04
432.96 783.00
432.96 782.00
432.96 781.00
432.00 780.04
431.96 780.00
431.96 779.00
431.00 778.04
430.96 778.00
430.96 777.00
430.00 776.04
429.96 776.00
429.00 775.04
428.96 775.00
428.00 774.04
427.96 774.00
427.00 773.04
426.96 773.00
426.00 772.04
425.96 772.00
425.00 771.04
424.96 771.00
424.00 770.04
423.96 770.00
423.00 769.04
422.00 769.04
421.96 769.00
421.00 768.04
420.00 768.04
419.96 768.00
419.00 767.04
418.00 767.04
417.96 767.00
417.00 766.04
416.96 766.00
416.00 765.04
415.00 765.04
414.96 765.00
414.00 764.04
413.00 764.04
412.96 764.00
412.00 763.04
411.00 763.04
410.00 763.04
409.96 763.00
409.00 762.04
408.00 762.04
407.96 762.00
407.00 761.04
406.00 761.04
405.00 761.04
404.00 761.04
403.96 761.00
403.00 760.04
402.00 760.04
401.00 760.04
400.00 760.04
399.00 760.04
398.00 760.04
397.00 760.04
396.00 760.04
395.00 760.04
394.00 760.04
393.00 760.04
392.00 760.04
391.04 761.00
391.00 761.04
390.00 761.04
389.00 761.04
388.00 761.04
387.04 762.00
387.00 762.04
386.00 762.04
385.00 762.04
384.04 763.00
384.00 763.04
383.00 763.04
382.04 764.00
382.00 764.04
381.00 764.04
380.04 765.00
380.00 765.04
379.00 765.04
378.04 766.00
378.00 766.04
377.00 766.04
376.04 767.00
376.00 767.04
375.04 768.00
375.00 768.04
374.04 769.00
374.00 769.04
373.04 770.00
373.00 770.04
372.04 771.00
372.00 771.04
371.04 772.00
371.00 772.04
370.04 773.00
370.04 774.00
370.00 774.04
369.04 775.00
369.00 775.04
368.04 776.00
368.00 776.04
367.04 777.00
367.04 778.00
367.00 778.04
366.04 779.00
366.00 779.04
365.04 780.00
365.04 781.00
365.00 781.04
364.04 782.00
364.04 783.00
364.04 784.00
364.00 784.04
363.04 785.00
363.04 786.00
363.04 787.00
363.04 788.00
363.04 789.00
363.04 790.00
363.04 791.00
363.04 792.00
363.04 793.00
363.04 794.00
363.04 795.00
363.04 796.00
364.00 796.96
364.04 797.00
364.04 798.00
364.04 799.00
364.04 800.00
365.00 800.96
365.04 801.00
365.04 802.00
366.00 802.96
366.04 803.00
366.04 804.00
366.04 805.00
366.04 806.00
367.00 806.96
367.04 807.00
367.04 808.00
368.00 808.96
368.04 809.00
368.04 810.00
368.04 811.00
369.00 811.96
369.04 812.00
369.04 813.00
370.00 813.96
370.04 814.00
370.04 815.00
371.00 815.96
371.04 816.00
371.04 817.00
372.00 817.96
372.04 818.00
373.00 818.96
373.04 819.00
374.00 819.96
374.04 820.00
375.00 820.96
375.04 821.00
376.00 821.96
376.04 822.00
377.00 822.96
378.00 822.96
378.04 823.00
379.00 823.96
379.04 824.00
380.00 824.96
381.00 824.96
381.04 825.00
382.00 825.96
383.00 825.96
383.04 826.00
384.00 826.96
385.00 826.96
385.04 827.00
386.00 827.96
387.00 827.96
387.04 828.00
388.00 828.96
389.00 828.96
390.00 828.96
390.04 829.00
391.00 829.96
392.00 829.96
392.04 830.00
393.00 830.96
394.00 830.96
395.00 830.96
396.00 830.96
396.04 831.00
397.00 831.96
398.00 831.96
399.00 831.96
400.00 831.96
401.00 831.96
402.00 831.96
403.00 831.96
404.00 831.96
405.00 831.96
406.00 831.96
406.96 831.00
407.00 830.96
408.00 830.96
409.00 830.96
410.00 830.96
410.96 830.00
411.00 829.96
412.00 829.96
413.00 829.96
413.96 829.00
414.00 828.96
414.96 828.00
415.00 827.96
416.00 827.96
416.96 827.00
417.00 826.96
417.96 826.00
418.00 825.96
418.96 825.00
419.00 824.96
419.96 824.00
420.00 823.96
420.96 823.00
421.00 822.96
421.96 822.00
422.00 821.96
422.96 821.00
423.00 820.96
423.96 820.00
424.00 819.96
424.96 819.00
424.96 818.00
425.00 817.96
425.96 817.00
426.00 816.96
426.96 816.00
426.96 815.00
427.00 814.96
427.96 814.00
427.96 813.00
428.00 812.96
428.96 812.00
428.96 811.00
429.00 810.96
429.96 810.00
429.96 809.00
430.00 808.96
430.96 808.00
430.96 807.00
431.00 806.96
431.96 806.00
431.96 805.00
432.00 804.96
432.96 804.00
432.96 803.00
432.96 802.00
432.96 801.00
433.00 800.96
433.96 800.00
433.96 799.00
433.96 798.00
433.96 797.00
434.00 796.96
434.96 796.00

Contour 11:
475.96 613.00
475.96 612.00
475.96 611.00
475.96 610.00
475.96 609.00
475.96 608.00
475.96 607.00
475.96 606.00
475.00 605.04
474.96 605.00
474.96 604.00
474.96 603.00
474.96 602.00
474.96 601.00
474.00 600.04
473.96 600.00
473.96 599.00
473.00 598.04
472.96 598.00
472.96 597.00
472.00 596.04
471.96 596.00
471.96 595.00
471.00 594.04
470.96 594.00
470.00 593.04
469.96 593.00
469.96 592.00
469.00 591.04
468.96 591.00
468.00 590.04
467.96 590.00
467.00 589.04
466.96 589.00
466.00 588.04
465.96 588.00
465.00 587.04
464.00 587.04
463.96 587.00
463.00 586.04
462.96 586.00
462.00 585.04
461.96 585.00
461.00 584.04
460.00 584.04
459.96 584.00
459.00 583.04
458.00 583.04
457.96 583.00
457.00 582.04
456.00 582.04
455.96 582.00
455.00 581.04
454.00 581.04
453.00 581.04
452.00 581.04
451.96 581.00
451.00 580.04
450.00 580.04
449.00 580.04
448.00 580.04
447.00 580.04
446.00 580.04
445.00 580.04
444.00 580.04
443.00 580.04
442.00 580.04
441.00 580.04
440.00 580.04
439.00 580.04
438.00 580.04
437.04 581.00
437.00 581.04
436.00 581.04
435.00 581.04
434.04 582.00
434.00 582.04
433.00 582.04
432.00 582.04
431.04 583.00
431.00 583.04
430.00 583.04
429.04 584.00
429.00 584.04
428.00 584.04
427.04 585.00
427.00 585.04
426.00 585.04
425.04 586.00
425.00 586.04
424.04 587.00
424.00 587.04
423.04 588.00
423.00 588.04
422.04 589.00
422.00 589.04
421.04 590.00
421.00 590.04
420.04 591.00
420.00 591.04
419.04 592.00
419.00 592.04
418.04 593.00
418.00 593.04
417.04 594.00
417.04 595.00
417.00 595.04
416.04 596.00
416.00 596.04
415.04 597.00
415.04 598.00
415.00 598.04
414.04 599.00
414.04 600.00
414.00 600.04
413.04 601.00
413.04 602.00
413.04 603.00
413.00 603.04
412.04 604.00
412.04 605.00
412.04 606.00
412.00 606.04
411.04 607.00
411.04 608.00
411.04 609.00
411.04 610.00
411.04 611.00
411.04 612.00
411.04 613.00
411.04 614.00
411.04 615.00
411.04 616.00
411.04 617.00
411.04 618.00
411.04 619.00
411.04 620.00
412.00 620.96
412.04 621.00
412.04 622.00
412.04 623.00
412.04 624.00
413.00 624.96
413.04 625.00
413.04 626.00
414.00 626.96
414.04 627.00
414.04 628.00
414.04 629.00
415.00 629.96
415.04 630.00
415.04 631.00
416.00 631.96
416.04 632.00
417.00 632.96
417.04 633.00
417.04 634.00
418.00 634.96
418.04 635.00
419.00 635.96
419.04 636.00
420.00 636.96
420.04 637.00
420.04 638.00
421.00 638.96
421.04 639.00
422.00 639.96
423.00 639.96
423.04 640.00
424.00 640.96
424.04 641.00
425.00 641.96
425.04 642.00
426.00 642.96
427.00 642.96
427.04 643.00
428.00 643.96
429.00 643.96
429.04 644.00
430.00 644.96
430.04 645.00
431.00 645.96
432.00 645.96
433.00 645.96
433.04 646.00
434.00 646.96
435.00 646.96
436.00 646.96
437.00 646.96
438.00 646.96
439.00 646.96
440.00 646.96
441.00 646.96
442.00 646.96
443.00 646.96
444.00 646.96
445.00 646.96
446.00 646.96
447.00 646.96
448.00 646.96
449.00 646.96
449.96 646.00
450.00 645.96
451.00 645.96
452.00 645.96
453.00 645.96
454.00 645.96
454.96 645.00
455.00 644.96
456.00 644.96
456.96 644.00
457.00 643.96
457.96 643.00
458.00 642.96
459.00 642.96
459.96 642.00
460.00 641.96
460.96 641.00
461.00 640.96
461.96 640.00
462.00 639.96
463.00 639.96
463.96 639.00
464.00 638.96
464.96 638.00
464.96 637.00
465.00 636.96
465.96 636.00
466.00 635.96
466.96 635.00
467.00 634.96
467.96 634.00
468.00 633.96
468.96 633.00
468.96 632.00
469.00 631.96
469.96 631.00
470.00 630.96
470.96 630.00
470.96 629.00
471.00 628.96
471.96 628.00
471.96 627.00
471.96 626.00
472.00 625.96
472.96 625.00
472.96 624.00
472.96 623.00
473.00 622.96
473.96 622.00
473.96 621.00
473.96 620.00
474.00 619.96
474.96 619.00
474.96 618.00
474.96 617.00
474.96 616.00
474.96 615.00
474.96 614.00
475.00 613.96
475.96 613.00

Contour 12:
510.96 146.00
510.96 145.00
510.96 144.00
510.96 143.00
510.96 142.00
510.96 141.00
510.96 140.00
510.96 139.00
510.96 138.00
510.96 137.00
510.96 136.00
510.96 135.00
510.96 134.00
510.96 133.00
510.96 132.00
510.96 131.00
510.96 130.00
510.96 129.00
510.96 128.00
510.96 127.00
510.00 126.04
509.96 126.00
509.96 125.00
509.96 124.00
509.96 123.00
509.00 122.04
508.96 122.00
508.96 121.00
508.96 120.00
508.00 119.04
507.96 119.00
507.96 118.00
507.96 117.00
507.00 116.04
506.96 116.00
506.96 115.00
506.00 114.04
505.96 114.00
505.00 113.04
504.96 113.00
504.00 112.04
503.96 112.00
503.00 111.04
502.96 111.00
502.00 110.04
501.96 110.00
501.00 109.04
500.96 109.00
500.00 108.04
499.96 108.00
499.00 107.04
498.00 107.04
497.96 107.00
497.00 106.04
496.96 106.00
496.00 105.04
495.00 105.04
494.00 105.04
493.96 105.00
493.00 104.04
492.00 104.04
491.00 104.04
490.00 104.04
489.00 104.04
488.00 104.04
487.00 104.04
486.00 104.04
485.00 104.04
484.00 104.04
483.00 104.04
482.04 105.00
482.00 105.04
481.00 105.04
480.00 105.04
479.04 106.00
479.00 106.04
478.00 106.04
477.04 107.00
477.00 107.04
476.00 107.04
475.04 108.00
475.00 108.04
474.04 109.00
474.00 109.04
473.00 109.04
472.04 110.00
472.00 110.04
471.04 111.00
471.00 111.04
470.04 112.00
470.00 112.04
469.04 113.00
469.00 113.04
468.04 114.00
468.00 114.04
467.04 115.00
467.00 115.04
466.04 116.00
466.04 117.00
466.00 117.04
465.04 118.00
465.00 118.04
464.04 119.00
464.04 120.00
464.00 120.04
463.04 121.00
463.00 121.04
462.04 122.00
462.04 123.00
462.00 123.04
461.04 124.00
461.04 125.00
461.00 125.04
460.04 126.00
460.04 127.00
460.00 127.04
459.04 128.00
459.04 129.00
459.00 129.04
458.04 130.00
458.04 131.00
458.04 132.00
458.00 132.04
457.04 133.00
457.04 134.00
457.04 135.00
457.04 136.00
457.04 137.00
457.00 137.04
456.04 138.00
456.04 139.00
456.04 140.00
456.04 141.00
456.04 142.00
456.04 143.00
456.04 144.00
456.04 145.00
456.04 146.00
456.04 147.00
456.04 148.00
456.04 149.00
457.00 149.96
457.04 150.00
457.04 151.00
457.04 152.00
458.00 152.96
458.04 153.00
458.04 154.00
459.00 154.96
459.04 155.00
459.04 156.00
460.00 156.96
460.04 157.00
460.04 158.00
461.00 158.96
461.04 159.00
462.00 159.96
462.04 160.00
462.04 161.00
463.00 161.96
463.04 162.00
464.00 162.96
464.04 163.00
465.00 163.96
465.04 164.00
466.00 164.96
466.04 165.00
467.00 165.96
467.04 166.00
468.00 166.96
468.04 167.00
469.00 167.96
469.04 168.00
470.00 168.96
471.00 168.96
471.04 169.00
472.00 169.96
473.00 169.96
473.04 170.00
474.00 170.96
475.00 170.96
475.04 171.00
476.00 171.96
477.00 171.96
477.04 172.00
478.00 172.96
479.00 172.96
480.00 172.96
481.00 172.96
482.00 172.96
483.00 172.96
484.00 172.96
485.00 172.96
486.00 172.96
487.00 172.96
488.00 172.96
489.00 172.96
490.00 172.96
490.96 172.00
491.00 171.96
492.00 171.96
493.00 171.96
493.96 171.00
494.00 170.96
495.00 170.96
495.96 170.00
496.00 169.96
496.96 169.00
497.00 168.96
498.00 168.96
498.96 168.00
499.00 167.96
499.96 167.00
500.00 166.96
500.96 166.00
501.00 165.96
501.96 165.00
501.96 164.00
502.00 163.96
502.96 163.00
503.00 162.96
503.96 162.00
503.96 161.00
504.00 160.96
504.96 160.00
505.00 159.96
505.96 159.00
505.96 158.00
506.00 157.96
506.96 157.00
506.96 156.00
507.00 155.96
507.96 155.00
507.96 154.00
508.00 153.96
508.96 153.00
508.96 152.00
508.96 151.00
509.00 150.96
509.96 150.00
509.96 149.00
509.96 148.00
509.96 147.00
510.00 146.96
510.96 146.00

Contour 13:
497.03 0.00
497.00 0.03
496.00 0.03
495.03 1.00
495.03 2.00
495.00 2.03
494.03 3.00
494.03 4.00
494.03 5.00
494.03 6.00
494.03 7.00
494.03 8.00
494.03 9.00
494.03 10.00
495.00 10.97
495.03 11.00
495.03 12.00
496.00 12.97
496.03 13.00
496.03 14.00
497.00 14.97
497.03 15.00
498.00 15.97
498.03 16.00
498.03 17.00
499.00 17.97
499.03 18.00
500.00 18.97
500.03 19.00
501.00 19.97
501.03 20.00
502.00 20.97
502.03 21.00
503.00 21.97
503.03 22.00
504.00 22.97
504.03 23.00
505.00 23.97
505.03 24.00
506.00 24.97
506.03 25.00
507.00 25.97
508.00 25.97
508.03 26.00
509.00 26.97
510.00 26.97
510.03 27.00
511.00 27.97
512.00 27.97
513.00 27.97
513.03 28.00
514.00 28.97
515.00 28.97
516.00 28.97
517.00 28.97
518.00 28.97
519.00 28.97
520.00 28.97
521.00 28.97
522.00 28.97
523.00 28.97
524.00 28.97
525.00 28.97
526.00 28.97
526.97 28.00
527.00 27.97
528.00 27.97
529.00 27.97
530.00 27.97
530.97 27.00
531.00 26.97
532.00 26.97
532.97 26.00
533.00 25.97
534.00 25.97
534.97 25.00
535.00 24.97
535.97 24.00
536.00 23.97
537.00 23.97
537.97 23.00
538.00 22.97
538.97 22.00
539.00 21.97
540.00 21.97
540.97 21.00
541.00 20.97
541.97 20.00
542.00 19.97
543.00 19.97
543.97 19.00
544.00 18.97
544.97 18.00
545.00 17.97
546.00 17.97
546.97 17.00
547.00 16.97
547.97 16.00
548.00 15.97
548.97 15.00
549.00 14.97
549.97 14.00
550.00 13.97
550.97 13.00
551.00 12.97
551.97 12.00
552.00 11.97
552.97 11.00
552.97 10.00
553.00 9.97
553.97 9.00
553.97 8.00
553.97 7.00
553.97 6.00
553.97 5.00
553.97 4.00
553.00 3.03
552.97 3.00
552.00 2.03
551.00 2.03
550.97 2.00
550.00 1.03
549.97 1.00
549.00 0.03
548.00 0.03
547.97 0.00

Contour 14:
605.97 637.00
605.97 636.00
605.97 635.00
605.97 634.00
605.97 633.00
605.97 632.00
605.97 631.00
605.97 630.00
605.97 629.00
605.00 628.03
604.97 628.00
604.97 627.00
604.97 626.00
604.97 625.00
604.97 624.00
604.00 623.03
603.97 623.00
603.97 622.00
603.00 621.03
602.97 621.00
602.97 620.00
602.00 619.03
601.97 619.00
601.00 618.03
600.97 618.00
600.97 617.00
600.00 616.03
599.97 616.00
599.00 615.03
598.97 615.00
598.00 614.03
597.97 614.00
597.00 613.03
596.97 613.00
596.00 612.03
595.97 612.00
595.97 611.00
595.00 610.03
594.97 610.00
594.00 609.03
593.97 609.00
593.00 608.03
592.00 608.03
591.97 608.00
591.00 607.03
590.97 607.00
590.00 606.03
589.00 606.03
588.97 606.00
588.00 605.03
587.00 605.03
586.97 605.00
586.00 604.03
585.00 604.03
584.00 604.03
583.97 604.00
583.00 603.03
582.00 603.03
581.00 603.03
580.97 603.00
580.00 602.03
579.00 602.03
578.00 602.03
577.00 602.03
576.00 602.03
575.00 602.03
574.00 602.03
573.00 602.03
572.00 602.03
571.97 602.00
571.00 601.03
570.00 601.03
569.00 601.03
568.00 601.03
567.00 601.03
566.03 602.00
566.00 602.03
565.00 602.03
564.00 602.03
563.00 602.03
562.00 602.03
561.00 602.03
560.03 603.00
560.00 603.03
559.00 603.03
558.03 604.00
558.00 604.03
557.00 604.03
556.03 605.00
556.00 605.03
555.00 605.03
554.03 606.00
554.00 606.03
553.00 606.03
552.03 607.00
552.00 607.03
551.03 608.00
551.00 608.03
550.03 609.00
550.00 609.03
549.00 609.03
548.03 610.00
548.03 611.00
548.00 611.03
547.03 612.00
547.00 612.03
546.03 613.00
546.00 613.03
545.03 614.00
545.00 614.03
544.03 615.00
544.00 615.03
543.03 616.00
543.03 617.00
543.00 617.03
542.03 618.00
542.00 618.03
541.03 619.00
541.03 620.00
541.00 620.03
540.03 621.00
540.03 622.00
540.00 622.03
539.03 623.00
539.03 624.00
539.03 625.00
539.03 626.00
539.00 626.03
538.03 627.00
538.03 628.00
538.03 629.00
538.03 630.00
538.00 630.03
537.03 631.00
537.03 632.00
537.03 633.00
537.03 634.00
537.03 635.00
537.03 636.00
537.03 637.00
537.03 638.00
537.03 639.00
537.03 640.00
538.00 640.97
538.03 641.00
538.03 642.00
538.03 643.00
538.03 644.00
539.00 644.97
539.03 645.00
539.03 646.00
539.03 647.00
540.00 647.97
540.03 648.00
540.03 649.00
541.00 649.97
541.03 650.00
541.03 651.00
542.00 651.97
542.03 652.00
542.03 653.00
543.00 653.97
543.03 654.00
544.00 654.97
544.03 655.00
545.00 655.97
545.03 656.00
545.03 657.00
546.00 657.97
546.03 658.00
547.00 658.97
548.00 658.97
548.03 659.00
549.00 659.97
549.03 660.00
550.00 660.97
550.03 661.00
551.00 661.97
552.00 661.97
552.03 662.00
553.00 662.97
553.03 663.00
554.00 663.97
555.00 663.97
556.00 663.97
556.03 664.00
557.00 664.97
558.00 664.97
558.03 665.00
559.00 665.97
560.00 665.97
561.00 665.97
561.03 666.00
562.00 666.97
563.00 666.97
564.00 666.97
565.00 666.97
565.03 667.00
566.00 667.97
567.00 667.97
568.00 667.97
569.00 667.97
570.00 667.97
571.00 667.97
572.00 667.97
573.00 667.97
574.00 667.97
575.00 667.97
576.00 667.97
577.00 667.97
577.97 667.00
578.00 666.97
579.00 666.97
580.00 666.97
581.00 666.97
581.97 666.00
582.00 665.97
583.00 665.97
583.97 665.00
584.00 664.97
585.00 664.97
585.97 664.00
586.00 663.97
587.00 663.97
587.97 663.00
588.00 662.97
589.00 662.97
589.97 662.00
590.00 661.97
590.97 661.00
591.00 660.97
591.97 660.00
592.00 659.97
593.00 659.97
593.97 659.00
594.00 658.97
594.97 658.00
595.00 657.97
595.97 657.00
596.00 656.97
596.97 656.00
597.00 655.97
597.97 655.00
597.97 654.00
598.00 653.97
598.97 653.00
599.00 652.97
599.97 652.00
600.00 651.97
600.97 651.00
600.97 650.00
601.00 649.97
601.97 649.00
602.00 648.97
602.97 648.00
602.97 647.00
603.00 646.97
603.97 646.00
603.97 645.00
603.97 644.00
603.97 643.00
604.00 642.97
604.97 642.00
604.97 641.00
604.97 640.00
604.97 639.00
604.97 638.00
605.00 637.97
605.97 637.00

Contour 15:
669.97 416.00
669.97 415.00
669.97 414.00
669.97 413.00
669.97 412.00
669.97 411.00
669.97 410.00
669.97 409.00
669.00 408.03
668.97 408.00
668.97 407.00
668.97 406.00
668.97 405.00
668.97 404.00
668.00 403.03
667.97 403.00
667.97 402.00
667.97 401.00
667.97 400.00
667.00 399.03
666.97 399.00
666.97 398.00
666.00 397.03
665.97 397.00
665.97 396.00
665.00 395.03
664.97 395.00
664.97 394.00
664.00 393.03
663.97 393.00
663.97 392.00
663.00 391.03
662.97 391.00
662.00 390.03
661.97 390.00
661.97 389.00
661.00 388.03
660.97 388.00
660.00 387.03
659.97 387.00
659.00 386.03
658.97 386.00
658.00 385.03
657.97 385.00
657.00 384.03
656.97 384.00
656.00 383.03
655.00 383.03
654.97 383.00
654.00 382.03
653.00 382.03
652.97 382.00
652.00 381.03
651.00 381.03
650.97 381.00
650.00 380.03
649.00 380.03
648.97 380.00
648.00 379.03
647.00 379.03
646.00 379.03
645.97 379.00
645.00 378.03
644.00 378.03
643.00 378.03
642.00 378.03
641.97 378.00
641.00 377.03
640.00 377.03
639.00 377.03
638.00 377.03
637.00 377.03
636.00 377.03
635.00 377.03
634.00 377.03
633.00 377.03
632.00 377.03
631.00 377.03
630.00 377.03
629.00 377.03
628.00 377.03
627.00 377.03
626.03 378.00
626.00 378.03
625.00 378.03
624.00 378.03
623.00 378.03
622.03 379.00
622.00 379.03
621.00 379.03
620.03 380.00
620.00 380.03
619.00 380.03
618.03 381.00
618.00 381.03
617.00 381.03
616.03 382.00
616.00 382.03
615.00 382.03
614.03 383.00
614.00 383.03
613.03 384.00
613.00 384.03
612.03 385.00
612.00 385.03
611.03 386.00
611.00 386.03
610.00 386.03
609.03 387.00
609.00 387.03
608.03 388.00
608.00 388.03
607.03 389.00
607.00 389.03
606.03 390.00
606.03 391.00
606.00 391.03
605.03 392.00
605.00 392.03
604.03 393.00
604.00 393.03
603.03 394.00
603.03 395.00
603.00 395.03
602.03 396.00
602.03 397.00
602.00 397.03
601.03 398.00
601.03 399.00
601.03 400.00
601.00 400.03
600.03 401.00
600.03 402.00
600.00 402.03
599.03 403.00
599.03 404.00
599.03 405.00
599.03 406.00
599.03 407.00
599.00 407.03
598.03 408.00
598.03 409.00
598.03 410.00
598.03 411.00
598.03 412.00
598.03 413.00
598.03 414.00
598.03 415.00
598.03 416.00
598.03 417.00
599.00 417.97
599.03 418.00
599.03 419.00
599.03 420.00
599.03 421.00
599.03 422.00
599.03 423.00
600.00 423.97
600.03 424.00
600.03 425.00
600.03 426.00
601.00 426.97
601.03 427.00
601.03 428.00
602.00 428.97
602.03 429.00
602.03 430.00
603.00 430.97
603.03 431.00
603.03 432.00
604.00 432.97
604.03 433.00
605.00 433.97
605.03 434.00
605.03 435.00
606.00 435.97
606.03 436.00
607.00 436.97
607.03 437.00
608.00 437.97
608.03 438.00
609.00 438.97
609.03 439.00
610.00 439.97
610.03 440.00
611.00 440.97
612.00 440.97
612.03 441.00
613.00 441.97
613.03 442.00
614.00 442.97
615.00 442.97
615.03 443.00
616.00 443.97
616.03 444.00
617.00 444.97
618.00 444.97
618.03 445.00
619.00 445.97
620.00 445.97
621.00 445.97
621.03 446.00
622.00 446.97
623.00 446.97
624.00 446.97
625.00 446.97
626.00 446.97
626.03 447.00
627.00 447.97
628.00 447.97
629.00 447.97
630.00 447.97
631.00 447.97
631.97 447.00
632.00 446.97
633.00 446.97
634.00 446.97
635.00 446.97
636.00 446.97
637.00 446.97
638.00 446.97
638.97 446.00
639.00 445.97
640.00 445.97
641.00 445.97
642.00 445.97
642.97 445.00
643.00 444.97
644.00 444.97
645.00 444.97
645.97 444.00
646.00 443.97
647.00 443.97
648.00 443.97
648.97 443.00
649.00 442.97
650.00 442.97
650.97 442.00
651.00 441.97
652.00 441.97
652.97 441.00
653.00 440.97
653.97 440.00
654.00 439.97
654.97 439.00
655.00 438.97
656.00 438.97
656.97 438.00
657.00 437.97
657.97 437.00
658.00 436.97
658.97 436.00
659.00 435.97
659.97 435.00
660.00 434.97
660.97 434.00
661.00 433.97
661.97 433.00
662.00 432.97
662.97 432.00
662.97 431.00
663.00 430.97
663.97 430.00
663.97 429.00
664.00 428.97
664.97 428.00
665.00 427.97
665.97 427.00
665.97 426.00
666.00 425.97
666.97 425.00
666.97 424.00
667.00 423.97
667.97 423.00
667.97 422.00
667.97 421.00
668.00 420.97
668.97 420.00
668.97 419.00
668.97 418.00
668.97 417.00
669.00 416.97
669.97 416.00

Contour 16:
683.97 101.00
683.97 100.00
683.97 99.00
683.97 98.00
683.97 97.00
683.97 96.00
683.00 95.03
682.97 95.00
682.97 94.00
682.97 93.00
682.97 92.00
682.97 91.00
682.97 90.00
682.00 89.03
681.97 89.00
681.97 88.00
681.97 87.00
681.97 86.00
681.00 85.03
680.97 85.00
680.97 84.00
680.97 83.00
680.00 82.03
679.97 82.00
679.97 81.00
679.00 80.03
678.97 80.00
678.00 79.03
677.97 79.00
677.97 78.00
677.00 77.03
676.97 77.00
676.00 76.03
675.97 76.00
675.00 75.03
674.97 75.00
674.00 74.03
673.97 74.00
673.00 73.03
672.97 73.00
672.00 72.03
671.97 72.00
671.00 71.03
670.97 71.00
670.00 70.03
669.97 70.00
669.00 69.03
668.00 69.03
667.97 69.00
667.00 68.03
666.97 68.00
666.00 67.03
665.00 67.03
664.97 67.00
664.00 66.03
663.97 66.00
663.00 65.03
662.00 65.03
661.97 65.00
661.00 64.03
660.00 64.03
659.97 64.00
659.00 63.03
658.00 63.03
657.00 63.03
656.97 63.00
656.00 62.03
655.00 62.03
654.00 62.03
653.00 62.03
652.00 62.03
651.97 62.00
651.00 61.03
650.00 61.03
649.00 61.03
648.00 61.03
647.00 61.03
646.00 61.03
645.00 61.03
644.00 61.03
643.03 62.00
643.00 62.03
642.00 62.03
641.00 62.03
640.00 62.03
639.03 63.00
639.00 63.03
638.00 63.03
637.00 63.03
636.03 64.00
636.00 64.03
635.00 64.03
634.03 65.00
634.00 65.03
633.00 65.03
632.03 66.00
632.00 66.03
631.00 66.03
630.03 67.00
630.00 67.03
629.00 67.03
628.03 68.00
628.00 68.03
627.03 69.00
627.00 69.03
626.03 70.00
626.00 70.03
625.03 71.00
625.00 71.03
624.03 72.00
624.00 72.03
623.03 73.00
623.00 73.03
622.03 74.00
622.00 74.03
621.03 75.00
621.03 76.00
621.00 76.03
620.03 77.00
620.03 78.00
620.00 78.03
619.03 79.00
619.03 80.00
619.03 81.00
619.00 81.03
618.03 82.00
618.03 83.00
618.03 84.00
618.03 85.00
618.03 86.00
618.03 87.00
618.03 88.00
618.03 89.00
618.03 90.00
618.03 91.00
619.00 91.97
619.03 92.00
619.03 93.00
619.03 94.00
619.03 95.00
619.03 96.00
620.00 96.97
620.03 97.00
620.03 98.00
620.03 99.00
620.03 100.00
621.00 100.97
621.03 101.00
621.03 102.00
622.00 102.97
622.03 103.00
622.03 104.00
623.00 104.97
623.03 105.00
623.03 106.00
624.00 106.97
624.03 107.00
624.03 108.00
625.00 108.97
625.03 109.00
626.00 109.97
626.03 110.00
627.00 110.97
627.03 111.00
628.00 111.97
628.03 112.00
629.00 112.97
629.03 113.00
630.00 113.97
631.00 113.97
631.03 114.00
632.00 114.97
632.03 115.00
633.00 115.97
633.03 116.00
634.00 116.97
635.00 116.97
635.03 117.00
636.00 117.97
637.00 117.97
637.03 118.00
638.00 118.97
639.00 118.97
639.03 119.00
640.00 119.97
641.00 119.97
642.00 119.97
642.03 120.00
643.00 120.97
644.00 120.97
645.00 120.97
646.00 120.97
647.00 120.97
647.03 121.00
648.00 121.97
649.00 121.97
650.00 121.97
651.00 121.97
652.00 121.97
653.00 121.97
654.00 121.97
655.00 121.97
656.00 121.97
657.00 121.97
657.97 121.00
658.00 120.97
659.00 120.97
660.00 120.97
661.00 120.97
662.00 120.97
663.00 120.97
663.97 120.00
664.00 119.97
665.00 119.97
666.00 119.97
667.00 119.97
667.97 119.00
668.00 118.97
669.00 118.97
669.97 118.00
670.00 117.97
671.00 117.97
671.97 117.00
672.00 116.97
672.97 116.00
673.00 115.97
674.00 115.97
674.97 115.00
675.00 114.97
675.97 114.00
676.00 113.97
676.97 113.00
677.00 112.97
677.97 112.00
677.97 111.00
678.00 110.97
678.97 110.00
679.00 109.97
679.97 109.00
680.00 108.97
680.97 108.00
680.97 107.00
681.00 106.97
681.97 106.00
681.97 105.00
682.00 104.97
682.97 104.00
682.97 103.00
682.97 102.00
683.00 101.97
683.97 101.00

Contour 17:
702.97 892.00
702.97 891.00
702.97 890.00
702.97 889.00
702.97 888.00
702.97 887.00
702.97 886.00
702.97 885.00
702.97 884.00
702.97 883.00
702.00 882.03
701.97 882.00
701.97 881.00
701.97 880.00
701.00 879.03
700.97 879.00
700.00 878.03
699.97 878.00
699.97 877.00
699.00 876.03
698.97 876.00
698.97 875.00
698.00 874.03
697.97 874.00
697.00 873.03
696.97 873.00
696.97 872.00
696.00 871.03
695.97 871.00
695.00 870.03
694.97 870.00
694.00 869.03
693.97 869.00
693.00 868.03
692.97 868.00
692.00 867.03
691.97 867.00
691.00 866.03
690.97 866.00
690.00 865.03
689.97 865.00
689.97 864.00
689.00 863.03
688.97 863.00
688.00 862.03
687.97 862.00
687.00 861.03
686.00 861.03
685.97 861.00
685.00 860.03
684.97 860.00
684.00 859.03
683.97 859.00
683.00 858.03
682.97 858.00
682.00 857.03
681.97 857.00
681.00 856.03
680.97 856.00
680.00 855.03
679.00 855.03
678.97 855.00
678.00 854.03
677.97 854.00
677.00 853.03
676.00 853.03
675.97 853.00
675.00 852.03
674.97 852.00
674.00 851.03
673.00 851.03
672.97 851.00
672.00 850.03
671.00 850.03
670.97 850.00
670.00 849.03
669.00 849.03
668.97 849.00
668.00 848.03
667.00 848.03
666.00 848.03
665.00 848.03
664.97 848.00
664.00 847.03
663.00 847.03
662.00 847.03
661.00 847.03
660.00 847.03
659.00 847.03
658.00 847.03
657.00 847.03
656.03 848.00
656.00 848.03
655.00 848.03
654.00 848.03
653.03 849.00
653.00 849.03
652.00 849.03
651.00 849.03
650.03 850.00
650.00 850.03
649.00 850.03
648.03 851.00
648.00 851.03
647.03 852.00
647.00 852.03
646.00 852.03
645.03 853.00
645.00 853.03
644.03 854.00
644.00 854.03
643.00 854.03
642.03 855.00
642.00 855.03
641.03 856.00
641.00 856.03
640.03 857.00
640.00 857.03
639.03 858.00
639.00 858.03
638.03 859.00
638.00 859.03
637.03 860.00
637.03 861.00
637.00 861.03
636.03 862.00
636.00 862.03
635.03 863.00
635.03 864.00
635.03 865.00
635.00 865.03
634.03 866.00
634.03 867.00
634.03 868.00
634.03 869.00
634.03 870.00
634.03 871.00
634.03 872.00
635.00 872.97
635.03 873.00
635.03 874.00
635.03 875.00
636.00 875.97
636.03 876.00
636.03 877.00
636.03 878.00
637.00 878.97
637.03 879.00
638.00 879.97
638.03 880.00
638.03 881.00
639.00 881.97
639.03 882.00
639.03 883.00
640.00 883.97
640.03 884.00
641.00 884.97
641.03 885.00
642.00 885.97
642.03 886.00
643.00 886.97
643.03 887.00
644.00 887.97
644.03 888.00
645.00 888.97
645.03 889.00
646.00 889.97
646.03 890.00
647.00 890.97
648.00 890.97
648.03 891.00
649.00 891.97
649.03 892.00
650.00 892.97
651.00 892.97
651.03 893.00
652.00 893.97
653.00 893.97
653.03 894.00
654.00 894.97
654.03 895.00
655.00 895.97
656.00 895.97
656.03 896.00
657.00 896.97
657.03 897.00
658.00 897.97
659.00 897.97
659.03 898.00
660.00 898.97
660.03 899.00
661.00 899.97
661.03 900.00
662.00 900.97
663.00 900.97
663.03 901.00
664.00 901.97
664.03 902.00
665.00 902.97
665.03 903.00
666.00 903.97
667.00 903.97
667.03 904.00
668.00 904.97
668.03 905.00
669.00 905.97
670.00 905.97
670.03 906.00
671.00 906.97
672.00 906.97
672.03 907.00
673.00 907.97
674.00 907.97
675.00 907.97
676.00 907.97
676.03 908.00
677.00 908.97
678.00 908.97
679.00 908.97
680.00 908.97
681.00 908.97
682.00 908.97
683.00 908.97
684.00 908.97
684.97 908.00
685.00 907.97
686.00 907.97
687.00 907.97
688.00 907.97
688.97 907.00
689.00 906.97
690.00 906.97
690.97 906.00
691.00 905.97
691.97 905.00
692.00 904.97
693.00 904.97
693.97 904.00
694.00 903.97
694.97 903.00
695.00 902.97
695.97 902.00
696.00 901.97
696.97 901.00
697.00 900.97
697.97 900.00
698.00 899.97
698.97 899.00
698.97 898.00
699.00 897.97
699.97 897.00
700.00 896.97
700.97 896.00
700.97 895.00
701.00 894.97
701.97 894.00
701.97 893.00
702.00 892.97
702.97 892.00

Contour 18:
700.98 225.00
700.98 224.00
700.00 223.03
699.98 223.00
699.98 222.00
699.98 221.00
699.98 220.00
699.98 219.00
699.98 218.00
699.98 217.00
699.98 216.00
699.00 215.03
698.98 215.00
698.98 214.00
698.98 213.00
698.98 212.00
698.00 211.03
697.98 211.00
697.98 210.00
697.98 209.00
697.00 208.03
696.98 208.00
696.98 207.00
696.98 206.00
696.00 205.03
695.98 205.00
695.00 204.03
694.98 204.00
694.98 203.00
694.00 202.03
693.98 202.00
693.98 201.00
693.00 200.03
692.98 200.00
692.00 199.03
691.98 199.00
691.00 198.03
690.98 198.00
690.98 197.00
690.00 196.03
689.98 196.00
689.00 195.03
688.98 195.00
688.00 194.03
687.98 194.00
687.00 193.03
686.98 193.00
686.00 192.03
685.98 192.00
685.00 191.03
684.98 191.00
684.00 190.03
683.00 190.03
682.98 190.00
682.00 189.03
681.98 189.00
681.00 188.03
680.00 188.03
679.98 188.00
679.00 187.03
678.00 187.03
677.98 187.00
677.00 186.03
676.00 186.03
675.98 186.00
675.00 185.03
674.00 185.03
673.00 185.03
672.98 185.00
672.00 184.03
671.00 184.03
670.00 184.03
669.98 184.00
669.00 183.03
668.00 183.03
667.00 183.03
666.00 183.03
665.00 183.03
664.00 183.03
663.00 183.03
662.00 183.03
661.00 183.03
660.00 183.03
659.02 184.00
659.00 184.03
658.00 184.03
657.00 184.03
656.00 184.03
655.02 185.00
655.00 185.03
654.00 185.03
653.00 185.03
652.02 186.00
652.00 186.03
651.00 186.03
650.02 187.00
650.00 187.03
649.02 188.00
649.00 188.03
648.00 188.03
647.02 189.00
647.00 189.03
646.02 190.00
646.00 190.03
645.02 191.00
645.00 191.03
644.02 192.00
644.00 192.03
643.02 193.00
643.00 193.03
642.02 194.00
642.00 194.03
641.02 195.00
641.02 196.00
641.00 196.03
640.02 197.00
640.00 197.03
639.02 198.00
639.02 199.00
639.00 199.03
638.02 200.00
638.02 201.00
638.00 201.03
637.02 202.00
637.02 203.00
637.00 203.03
636.02 204.00
636.02 205.00
636.02 206.00
636.02 207.00
636.00 207.03
635.02 208.00
635.02 209.00
635.02 210.00
635.02 211.00
635.02 212.00
635.02 213.00
635.02 214.00
635.02 215.00
635.02 216.00
635.02 217.00
635.02 218.00
635.02 219.00
635.02 220.00
635.02 221.00
636.00 221.97
636.02 222.00
636.02 223.00
636.02 224.00
636.02 225.00
637.00 225.97
637.02 226.00
637.02 227.00
637.02 228.00
638.00 228.97
638.02 229.00
638.02 230.00
639.00 230.97
639.02 231.00
639.02 232.00
640.00 232.97
640.02 233.00
640.02 234.00
641.00 234.97
641.02 235.00
642.00 235.97
642.02 236.00
642.02 237.00
643.00 237.97
643.02 238.00
644.00 238.97
644.02 239.00
645.00 239.97
645.02 240.00
646.00 240.97
646.02 241.00
647.00 241.97
647.02 242.00
648.00 242.97
648.02 243.00
649.00 243.97
649.02 244.00
650.00 244.97
650.02 245.00
651.00 245.97
651.02 246.00
652.00 246.97
653.00 246.97
653.02 247.00
654.00 247.97
654.02 248.00
655.00 248.97
656.00 248.97
657.00 248.97
657.02 249.00
658.00 249.97
659.00 249.97
659.02 250.00
660.00 250.97
661.00 250.97
661.02 251.00
662.00 251.97
663.00 251.97
664.00 251.97
665.00 251.97
665.02 252.00
666.00 252.97
667.00 252.97
668.00 252.97
669.00 252.97
670.00 252.97
671.00 252.97
672.00 252.97
673.00 252.97
674.00 252.97
675.00 252.97
676.00 252.97
677.00 252.97
677.98 252.00
678.00 251.97
679.00 251.97
680.00 251.97
680.98 251.00
681.00 250.97
682.00 250.97
683.00 250.97
683.98 250.00
684.00 249.97
685.00 249.97
685.98 249.00
686.00 248.97
686.98 248.00
687.00 247.97
688.00 247.97
688.98 247.00
689.00 246.97
689.98 246.00
690.00 245.97
690.98 245.00
691.00 244.97
691.98 244.00
692.00 243.97
692.98 243.00
693.00 242.97
693.98 242.00
694.00 241.97
694.98 241.00
694.98 240.00
695.00 239.97
695.98 239.00
696.00 238.97
696.98 238.00
696.98 237.00
697.00 236.97
697.98 236.00
697.98 235.00
697.98 234.00
698.00 233.97
698.98 233.00
698.98 232.00
698.98 231.00
699.00 230.97
699.98 230.00
699.98 229.00
699.98 228.00
699.98 227.00
699.98 226.00
700.00 225.97
700.98 225.00

Contour 19:
715.98 615.00
715.98 614.00
715.98 613.00
715.98 612.00
715.98 611.00
715.98 610.00
715.00 609.02
714.98 609.00
714.98 608.00
714.98 607.00
714.98 606.00
714.00 605.02
713.98 605.00
713.98 604.00
713.98 603.00
713.00 602.02
712.98 602.00
712.98 601.00
712.00 600.02
711.98 600.00
711.98 599.00
711.98 598.00
711.00 597.02
710.98 597.00
710.98 596.00
710.00 595.02
709.98 595.00
709.00 594.02
708.98 594.00
708.98 593.00
708.00 592.02
707.98 592.00
707.00 591.02
706.98 591.00
706.00 590.02
705.98 590.00
705.00 589.02
704.98 589.00
704.00 588.02
703.98 588.00
703.00 587.02
702.00 587.02
701.98 587.00
701.00 586.02
700.00 586.02
699.98 586.00
699.00 585.02
698.00 585.02
697.98 585.00
697.00 584.02
696.00 584.02
695.00 584.02
694.98 584.00
694.00 583.02
693.00 583.02
692.00 583.02
691.00 583.02
690.00 583.02
689.98 583.00
689.00 582.02
688.00 582.02
687.00 582.02
686.00 582.02
685.02 583.00
685.00 583.02
684.00 583.02
683.00 583.02
682.00 583.02
681.00 583.02
680.00 583.02
679.02 584.00
679.00 584.02
678.00 584.02
677.00 584.02
676.02 585.00
676.00 585.02
675.00 585.02
674.02 586.00
674.00 586.02
673.00 586.02
672.02 587.00
672.00 587.02
671.02 588.00
671.00 588.02
670.00 588.02
669.02 589.00
669.00 589.02
668.02 590.00
668.00 590.02
667.02 591.00
667.00 591.02
666.02 592.00
666.00 592.02
665.02 593.00
665.02 594.00
665.00 594.02
664.02 595.00
664.00 595.02
663.02 596.00
663.02 597.00
663.00 597.02
662.02 598.00
662.02 599.00
662.00 599.02
661.02 600.00
661.02 601.00
661.02 602.00
661.00 602.02
660.02 603.00
660.02 604.00
660.02 605.00
660.00 605.02
659.02 606.00
659.02 607.00
659.02 608.00
659.02 609.00
659.00 609.02
658.02 610.00
658.02 611.00
658.02 612.00
658.02 613.00
658.02 614.00
658.02 615.00
659.00 615.98
659.02 616.00
659.02 617.00
659.02 618.00
659.02 619.00
659.02 620.00
659.02 621.00
660.00 621.98
660.02 622.00
660.02 623.00
660.02 624.00
660.02 625.00
661.00 625.98
661.02 626.00
661.02 627.00
661.02 628.00
662.00 628.98
662.02 629.00
662.02 630.00
662.02 631.00
663.00 631.98
663.02 632.00
663.02 633.00
664.00 633.98
664.02 634.00
664.02 635.00
664.02 636.00
665.00 636.98
665.02 637.00
666.00 637.98
666.02 638.00
666.02 639.00
667.00 639.98
667.02 640.00
668.00 640.98
668.02 641.00
669.00 641.98
669.02 642.00
670.00 642.98
670.02 643.00
671.00 643.98
671.02 644.00
672.00 644.98
672.02 645.00
673.00 645.98
674.00 645.98
674.02 646.00
675.00 646.98
676.00 646.98
677.00 646.98
677.02 647.00
678.00 647.98
679.00 647.98
680.00 647.98
680.02 648.00
681.00 648.98
682.00 648.98
683.00 648.98
684.00 648.98
685.00 648.98
686.00 648.98
687.00 648.98
688.00 648.98
689.00 648.98
690.00 648.98
690.98 648.00
691.00 647.98
692.00 647.98
693.00 647.98
694.00 647.98
695.00 647.98
695.98 647.00
696.00 646.98
697.00 646.98
697.98 646.00
698.00 645.98
699.00 645.98
699.98 645.00
700.00 644.98
700.98 644.00
701.00 643.98
702.00 643.98
702.98 643.00
703.00 642.98
703.98 642.00
704.00 641.98
704.98 641.00
705.00 640.98
705.98 640.00
706.00 639.98
706.98 639.00
706.98 638.00
707.00 637.98
707.98 637.00
708.00 636.98
708.98 636.00
708.98 635.00
709.00 634.98
709.98 634.00
710.00 633.98
710.98 633.00
710.98 632.00
711.00 631.98
711.98 631.00
711.98 630.00
711.98 629.00
712.00 628.98
712.98 628.00
712.98 627.00
712.98 626.00
713.00 625.98
713.98 625.00
713.98 624.00
713.98 623.00
714.00 622.98
714.98 622.00
714.98 621.00
714.98 620.00
714.98 619.00
714.98 618.00
714.98 617.00
714.98 616.00
715.00 615.98
715.98 615.00

Contour 20:
762.98 422.00
762.98 421.00
762.98 420.00
762.98 419.00
762.98 418.00
762.98 417.00
762.98 416.00
762.98 415.00
762.98 414.00
762.98 413.00
762.98 412.00
762.98 411.00
762.00 410.02
761.98 410.00
761.98 409.00
761.98 408.00
761.00 407.02
760.98 407.00
760.98 406.00
760.98 405.00
760.00 404.02
759.98 404.00
759.98 403.00
759.98 402.00
759.00 401.02
758.98 401.00
758.98 400.00
758.98 399.00
758.00 398.02
757.98 398.00
757.98 397.00
757.00 396.02
756.98 396.00
756.98 395.00
756.00 394.02
755.98 394.00
755.00 393.02
754.98 393.00
754.98 392.00
754.00 391.02
753.98 391.00
753.00 390.02
752.98 390.00
752.98 389.00
752.00 388.02
751.98 388.00
751.00 387.02
750.98 387.00
750.00 386.02
749.98 386.00
749.00 385.02
748.98 385.00
748.98 384.00
748.00 383.02
747.98 383.00
747.00 382.02
746.98 382.00
746.00 381.02
745.00 381.02
744.98 381.00
744.00 380.02
743.98 380.00
743.00 379.02
742.00 379.02
741.98 379.00
741.00 378.02
740.00 378.02
739.00 378.02
738.00 378.02
737.98 378.00
737.00 377.02
736.00 377.02
735.02 378.00
735.00 378.02
734.00 378.02
733.00 378.02
732.00 378.02
731.00 378.02
730.02 379.00
730.00 379.02
729.00 379.02
728.02 380.00
728.00 380.02
727.02 381.00
727.00 381.02
726.02 382.00
726.00 382.02
725.02 383.00
725.00 383.02
724.02 384.00
724.02 385.00
724.00 385.02
723.02 386.00
723.02 387.00
723.00 387.02
722.02 388.00
722.02 389.00
722.02 390.00
722.02 391.00
722.00 391.02
721.02 392.00
721.02 393.00
721.02 394.00
721.02 395.00
721.02 396.00
721.00 396.02
720.02 397.00
720.02 398.00
720.02 399.00
720.02 400.00
720.02 401.00
720.02 402.00
720.02 403.00
720.02 404.00
720.02 405.00
720.02 406.00
720.00 406.02
719.02 407.00
719.02 408.00
719.02 409.00
719.02 410.00
719.00 410.02
718.02 411.00
718.02 412.00
718.02 413.00
718.02 414.00
718.00 414.02
717.02 415.00
717.02 416.00
717.02 417.00
717.02 418.00
717.00 418.02
716.02 419.00
716.02 420.00
716.02 421.00
716.02 422.00
716.02 423.00
716.02 424.00
716.02 425.00
716.02 426.00
716.02 427.00
716.00 427.02
715.02 428.00
716.00 428.98
716.02 429.00
716.02 430.00
716.02 431.00
716.02 432.00
716.02 433.00
716.02 434.00
716.02 435.00
716.02 436.00
716.02 437.00
716.02 438.00
716.02 439.00
717.00 439.98
717.02 440.00
717.02 441.00
717.02 442.00
717.02 443.00
717.02 444.00
718.00 444.98
718.02 445.00
718.02 446.00
719.00 446.98
719.02 447.00
719.02 448.00
720.00 448.98
720.02 449.00
721.00 449.98
721.02 450.00
722.00 450.98
723.00 450.98
723.02 451.00
724.00 451.98
724.02 452.00
725.00 452.98
726.00 452.98
726.02 453.00
727.00 453.98
728.00 453.98
729.00 453.98
730.00 453.98
730.02 454.00
731.00 454.98
732.00 454.98
733.00 454.98
733.98 454.00
734.00 453.98
735.00 453.98
736.00 453.98
737.00 453.98
737.98 453.00
738.00 452.98
738.98 452.00
739.00 451.98
740.00 451.98
740.98 451.00
741.00 450.98
742.00 450.98
742.98 450.00
743.00 449.98
743.98 449.00
744.00 448.98
744.98 448.00
745.00 447.98
745.98 447.00
746.00 446.98
746.98 446.00
747.00 445.98
747.98 445.00
748.00 444.98
748.98 444.00
749.00 443.98
749.98 443.00
750.00 442.98
750.98 442.00
751.00 441.98
751.98 441.00
752.00 440.98
752.98 440.00
753.00 439.98
753.98 439.00
754.00 438.98
754.98 438.00
754.98 437.00
755.00 436.98
755.98 436.00
756.00 435.98
756.98 435.00
756.98 434.00
757.00 433.98
757.98 433.00
757.98 432.00
758.00 431.98
758.98 431.00
759.00 430.98
759.98 430.00
759.98 429.00
760.00 428.98
760.98 428.00
760.98 427.00
761.00 426.98
761.98 426.00
761.98 425.00
761.98 424.00
761.98 423.00
762.00 422.98
762.98 422.00

Contour 21:
856.98 817.00
856.98 816.00
856.98 815.00
856.98 814.00
856.98 813.00
856.98 812.00
856.98 811.00
856.98 810.00
856.98 809.00
856.98 808.00
856.98 807.00
856.98 806.00
856.98 805.00
856.00 804.02
855.98 804.00
855.98 803.00
855.98 802.00
855.98 801.00
855.98 800.00
855.98 799.00
855.98 798.00
855.00 797.02
854.98 797.00
854.98 796.00
854.00 795.02
853.98 795.00
853.98 794.00
853.00 793.02
852.98 793.00
852.98 792.00
852.98 791.00
852.00 790.02
851.98 790.00
851.98 789.00
851.00 788.02
850.98 788.00
850.98 787.00
850.00 786.02
849.98 786.00
849.00 785.02
848.98 785.00
848.98 784.00
848.00 783.02
847.98 783.00
847.00 782.02
846.98 782.00
846.98 781.00
846.00 780.02
845.98 780.00
845.00 779.02
844.00 779.02
843.98 779.00
843.00 778.02
842.98 778.00
842.00 777.02
841.98 777.00
841.00 776.02
840.00 776.02
839.98 776.00
839.00 775.02
838.98 775.00
838.00 774.02
837.00 774.02
836.98 774.00
836.00 773.02
835.00 773.02
834.98 773.00
834.00 772.02
833.00 772.02
832.98 772.00
832.00 771.02
831.00 771.02
830.98 771.00
830.00 770.02
829.00 770.02
828.00 770.02
827.98 770.00
827.00 769.02
826.00 769.02
825.00 769.02
824.98 769.00
824.00 768.02
823.00 768.02
822.00 768.02
821.00 768.02
820.00 768.02
819.98 768.00
819.00 767.02
818.00 767.02
817.00 767.02
816.00 767.02
815.00 767.02
814.00 767.02
813.98 767.00
813.00 766.02
812.00 766.02
811.00 766.02
810.00 766.02
809.00 766.02
808.00 766.02
807.00 766.02
806.00 766.02
805.00 766.02
804.00 766.02
803.02 767.00
803.00 767.02
802.00 767.02
801.00 767.02
800.00 767.02
799.00 767.02
798.02 768.00
798.00 768.02
797.00 768.02
796.00 768.02
795.00 768.02
794.02 769.00
794.00 769.02
793.00 769.02
792.02 770.00
792.00 770.02
791.00 770.02
790.02 771.00
790.00 771.02
789.00 771.02
788.02 772.00
788.00 772.02
787.00 772.02
786.02 773.00
786.00 773.02
785.00 773.02
784.02 774.00
784.00 774.02
783.02 775.00
783.00 775.02
782.00 775.02
781.02 776.00
781.00 776.02
780.02 777.00
780.00 777.02
779.02 778.00
779.00 778.02
778.00 778.02
777.02 779.00
777.00 779.02
776.02 780.00
776.00 780.02
775.02 781.00
775.00 781.02
774.02 782.00
774.02 783.00
774.00 783.02
773.02 784.00
773.00 784.02
772.02 785.00
772.00 785.02
771.02 786.00
771.02 787.00
771.00 787.02
770.02 788.00
770.02 789.00
770.00 789.02
769.02 790.00
769.02 791.00
769.02 792.00
769.02 793.00
769.00 793.02
768.02 794.00
768.02 795.00
768.02 796.00
768.02 797.00
768.02 798.00
768.02 799.00
768.02 800.00
768.02 801.00
768.02 802.00
768.02 803.00
768.02 804.00
768.02 805.00
768.02 806.00
768.02 807.00
768.02 808.00
768.02 809.00
768.02 810.00
768.02 811.00
769.00 811.98
769.02 812.00
769.02 813.00
769.02 814.00
769.02 815.00
770.00 815.98
770.02 816.00
770.02 817.00
770.02 818.00
771.00 818.98
771.02 819.00
771.02 820.00
772.00 820.98
772.02 821.00
772.02 822.00
773.00 822.98
773.02 823.00
773.02 824.00
774.00 824.98
774.02 825.00
774.02 826.00
775.00 826.98
775.02 827.00
775.02 828.00
776.00 828.98
776.02 829.00
777.00 829.98
777.02 830.00
777.02 831.00
778.00 831.98
778.02 832.00
779.00 832.98
779.02 833.00
780.00 833.98
780.02 834.00
781.00 834.98
781.02 835.00
781.02 836.00
782.00 836.98
782.02 837.00
783.00 837.98
783.02 838.00
784.00 838.98
784.02 839.00
785.00 839.98
786.00 839.98
786.02 840.00
787.00 840.98
787.02 841.00
788.00 841.98
788.02 842.00
789.00 842.98
789.02 843.00
790.00 843.98
790.02 844.00
791.00 844.98
791.02 845.00
792.00 845.98
793.00 845.98
793.02 846.00
794.00 846.98
794.02 847.00
795.00 847.98
796.00 847.98
796.02 848.00
797.00 848.98
798.00 848.98
799.00 848.98
799.02 849.00
800.00 849.98
801.00 849.98
802.00 849.98
802.02 850.00
803.00 850.98
804.00 850.98
804.02 851.00
805.00 851.98
806.00 851.98
807.00 851.98
807.02 852.00
808.00 852.98
809.00 852.98
810.00 852.98
811.00 852.98
812.00 852.98
813.00 852.98
814.00 852.98
815.00 852.98
816.00 852.98
817.00 852.98
818.00 852.98
819.00 852.98
820.00 852.98
821.00 852.98
822.00 852.98
823.00 852.98
824.00 852.98
825.00 852.98
825.98 852.00
826.00 851.98
827.00 851.98
828.00 851.98
828.98 851.00
829.00 850.98
830.00 850.98
831.00 850.98
831.98 850.00
832.00 849.98
833.00 849.98
833.98 849.00
834.00 848.98
835.00 848.98
835.98 848.00
836.00 847.98
837.00 847.98
837.98 847.00
838.00 846.98
839.00 846.98
839.98 846.00
840.00 845.98
840.98 845.00
841.00 844.98
841.98 844.00
842.00 843.98
843.00 843.98
843.98 843.00
844.00 842.98
844.98 842.00
845.00 841.98
845.98 841.00
846.00 840.98
846.98 840.00
847.00 839.98
847.98 839.00
847.98 838.00
848.00 837.98
848.98 837.00
849.00 836.98
849.98 836.00
849.98 835.00
850.00 834.98
850.98 834.00
851.00 833.98
851.98 833.00
851.98 832.00
852.00 831.98
852.98 831.00
852.98 830.00
852.98 829.00
853.00 828.98
853.98 828.00
853.98 827.00
854.00 826.98
854.98 826.00
854.98 825.00
854.98 824.00
854.98 823.00
855.00 822.98
855.98 822.00
855.98 821.00
855.98 820.00
855.98 819.00
855.98 818.00
856.00 817.98
856.98 817.00

