Contour 0:
177.50 403.00
177.50 402.00
177.50 401.00
177.50 400.00
177.50 399.00
177.50 398.00
177.50 397.00
177.50 396.00
177.50 395.00
177.50 394.00
177.50 393.00
177.50 392.00
177.50 391.00
177.50 390.00
177.50 389.00
177.50 388.00
177.50 387.00
177.50 386.00
177.50 385.00
177.00 384.50
176.50 384.00
176.50 383.00
176.50 382.00
176.50 381.00
176.50 380.00
176.00 379.50
175.50 379.00
175.50 378.00
175.50 377.00
175.50 376.00
175.00 375.50
174.50 375.00
174.50 374.00
174.50 373.00
174.50 372.00
174.50 371.00
174.00 370.50
173.50 370.00
173.50 369.00
173.50 368.00
173.00 367.50
172.50 367.00
172.50 366.00
172.50 365.00
172.00 364.50
171.50 364.00
171.50 363.00
171.00 362.50
170.50 362.00
170.50 361.00
170.00 360.50
169.50 360.00
169.00 359.50
168.50 359.00
168.50 358.00
168.00 357.50
167.50 357.00
167.00 356.50
166.50 356.00
166.00 355.50
165.50 355.00
165.00 354.50
164.50 354.00
164.00 353.50
163.50 353.00
163.00 352.50
162.50 352.00
162.50 351.00
162.75 350.00
162.75 349.00
163.00 348.75
164.00 348.75
164.75 348.00
165.00 347.75
165.75 347.00
166.00 346.75
166.75 346.00
167.00 345.75
167.75 345.00
168.00 344.75
168.75 344.00
168.75 343.00
169.00 342.75
169.75 342.00
169.75 341.00
170.00 340.75
170.75 340.00
170.75 339.00
171.00 338.75
171.75 338.00
171.75 337.00
171.75 336.00
171.75 335.00
172.00 334.75
172.75 334.00
172.75 333.00
172.75 332.00
172.75 331.00
172.75 330.00
172.75 329.00
173.00 328.75
173.75 328.00
173.75 327.00
173.75 326.00
173.75 325.00
173.75 324.00
173.75 323.00
173.75 322.00
173.75 321.00
173.75 320.00
173.75 319.00
173.75 318.00
173.00 317.25
172.75 317.00
172.75 316.00
172.75 315.00
172.00 314.25
171.75 314.00
171.75 313.00
171.75 312.00
171.00 311.25
170.75 311.00
170.75 310.00
170.00 309.25
169.75 309.00
169.75 308.00
169.00 307.25
168.75 307.00
168.00 306.25
167.75 306.00
167.00 305.25
166.75 305.00
166.00 304.25
165.75 304.00
165.00 303.25
164.75 303.00
164.00 302.25
163.75 302.00
163.00 301.25
162.00 301.25
161.75 301.00
161.00 300.25
160.00 300.25
159.75 300.00
159.00 299.25
158.00 299.25
157.75 299.00
157.00 298.25
156.00 298.25
155.00 298.25
154.75 298.00
154.00 297.25
153.00 297.25
152.00 297.25
151.00 297.25
150.00 297.25
149.00 297.25
148.00 297.25
147.25 298.00
147.00 298.25
146.00 298.25
145.00 298.25
144.25 299.00
144.00 299.25
143.00 299.25
142.25 300.00
142.00 300.25
141.00 300.25
140.25 301.00
140.00 301.25
139.25 302.00
139.00 302.25
138.25 303.00
138.00 303.25
137.25 304.00
137.00 304.25
136.25 305.00
136.00 305.25
135.25 306.00
135.25 307.00
135.00 307.25
134.25 308.00
134.25 309.00
134.00 309.25
133.25 310.00
133.25 311.00
133.00 311.25
132.25 312.00
132.25 313.00
132.25 314.00
132.25 315.00
132.25 316.00
132.25 317.00
132.25 318.00
132.25 319.00
132.25 320.00
132.25 321.00
132.25 322.00
132.25 323.00
133.00 323.75
133.25 324.00
133.25 325.00
133.25 326.00
134.00 326.75
134.25 327.00
134.25 328.00
134.25 329.00
134.00 329.25
133.00 329.50
132.00 329.50
131.50 329.00
131.00 328.50
130.00 328.50
129.50 328.00
129.00 327.50
128.00 327.50
127.00 327.50
126.50 327.00
126.00 326.50
125.00 326.50
124.00 326.50
123.00 326.50
122.00 326.50
121.00 326.50
120.00 326.50
119.00 326.50
118.00 326.50
117.00 326.50
116.00 326.50
115.50 327.00
115.00 327.50
114.00 327.50
113.50 328.00
113.00 328.50
112.00 328.50
111.00 328.50
110.50 329.00
110.00 329.50
109.50 330.00
109.00 330.50
108.50 331.00
108.00 331.50
107.50 332.00
107.00 332.50
106.50 333.00
106.00 333.50
105.50 334.00
105.00 334.50
104.50 335.00
104.50 336.00
104.00 336.50
103.50 337.00
103.00 337.50
102.50 338.00
102.50 339.00
102.00 339.50
101.50 340.00
101.50 341.00
101.00 341.50
100.50 342.00
100.50 343.00
100.50 344.00
100.00 344.50
99.50 345.00
99.50 346.00
99.50 347.00
99.50 348.00
99.00 348.50
98.50 349.00
98.50 350.00
98.50 351.00
98.50 352.00
98.50 353.00
98.50 354.00
98.50 355.00
98.50 356.00
98.00 356.50
97.50 357.00
97.50 358.00
97.50 359.00
97.50 360.00
97.00 360.50
96.50 361.00
96.50 362.00
96.50 363.00
96.00 363.50
95.50 364.00
95.50 365.00
95.00 365.50
94.50 366.00
94.50 367.00
94.00 367.50
93.50 368.00
93.50 369.00
93.00 369.50
92.50 370.00
92.50 371.00
92.00 371.50
91.50 372.00
91.50 373.00
91.50 374.00
91.50 375.00
91.50 376.00
91.00 376.50
90.50 377.00
90.50 378.00
90.50 379.00
90.50 380.00
90.50 381.00
90.50 382.00
90.50 383.00
90.50 384.00
90.50 385.00
90.50 386.00
90.50 387.00
90.50 388.00
90.50 389.00
91.00 389.50
91.50 390.00
91.50 391.00
91.50 392.00
91.50 393.00
92.00 393.50
92.50 394.00
92.50 395.00
92.50 396.00
93.00 396.50
93.50 397.00
93.50 398.00
93.50 399.00
94.00 399.50
94.50 400.00
94.50 401.00
94.50 402.00
95.00 402.50
95.50 403.00
95.50 404.00
95.50 405.00
96.00 405.50
96.50 406.00
96.50 407.00
96.50 408.00
97.00 408.50
97.50 409.00
97.50 410.00
98.00 410.50
98.50 411.00
98.50 412.00
99.00 412.50
99.50 413.00
99.50 414.00
100.00 414.50
100.50 415.00
100.50 416.00
101.00 416.50
101.50 417.00
101.50 418.00
102.00 418.50
102.50 419.00
102.50 420.00
103.00 420.50
103.50 421.00
103.50 422.00
104.00 422.50
104.50 423.00
105.00 423.50
105.50 424.00
106.00 424.50
106.50 425.00
107.00 425.50
107.50 426.00
108.00 426.50
109.00 426.50
109.50 427.00
110.00 427.50
110.50 428.00
111.00 428.50
112.00 428.50
112.50 429.00
113.00 429.50
113.50 430.00
114.00 430.50
115.00 430.50
115.50 431.00
116.00 431.50
116.50 432.00
117.00 432.50
118.00 432.50
118.50 433.00
119.00 433.50
120.00 433.50
120.50 434.00
121.00 434.50
122.00 434.50
123.00 434.50
123.50 435.00
124.00 435.50
125.00 435.50
126.00 435.50
127.00 435.50
128.00 435.50
129.00 435.50
130.00 435.50
131.00 435.50
132.00 435.50
133.00 435.50
134.00 435.50
135.00 435.50
135.50 435.00
136.00 434.50
137.00 434.50
138.00 434.50
139.00 434.50
140.00 434.50
141.00 434.50
142.00 434.50
143.00 434.50
144.00 434.50
145.00 434.50
146.00 434.50
147.00 434.50
148.00 434.50
149.00 434.50
150.00 434.50
150.50 434.00
151.00 433.50
152.00 433.50
153.00 433.50
154.00 433.50
154.50 433.00
155.00 432.50
156.00 432.50
156.50 432.00
157.00 431.50
158.00 431.50
158.50 431.00
159.00 430.50
160.00 430.50
160.50 430.00
161.00 429.50
162.00 429.50
162.50 429.00
163.00 428.50
163.50 428.00
164.00 427.50
164.50 427.00
165.00 426.50
165.50 426.00
166.00 425.50
166.50 425.00
167.00 424.50
167.50 424.00
168.00 423.50
168.50 423.00
169.00 422.50
169.50 422.00
170.00 421.50
170.50 421.00
170.50 420.00
171.00 419.50
171.50 419.00
171.50 418.00
172.00 417.50
172.50 417.00
172.50 416.00
173.00 415.50
173.50 415.00
173.50 414.00
174.00 413.50
174.50 413.00
174.50 412.00
175.00 411.50
175.50 411.00
175.50 410.00
175.50 409.00
176.00 408.50
176.50 408.00
176.50 407.00
176.50 406.00
176.50 405.00
176.50 404.00
177.00 403.50
177.50 403.00

Contour 1:
261.83 19.00
261.83 18.00
261.00 17.17
260.83 17.00
260.00 16.17
259.83 16.00
259.00 15.17
258.83 15.00
258.00 14.17
257.00 14.17
256.83 14.00
256.00 13.17
255.83 13.00
255.00 12.17
254.83 12.00
254.83 11.00
254.00 10.17
253.83 10.00
253.00 9.17
252.00 9.17
251.83 9.00
251.00 8.17
250.00 8.17
249.83 8.00
249.00 7.17
248.00 7.17
247.83 7.00
247.00 6.17
246.00 6.17
245.83 6.00
245.00 5.17
244.00 5.17
243.83 5.00
243.00 4.17
242.00 4.17
241.00 4.17
240.83 4.00
240.00 3.17
239.00 3.17
238.00 3.17
237.00 3.17
236.00 3.17
235.00 3.17
234.00 3.17
233.00 3.17
232.00 3.17
231.83 3.00
231.00 2.17
230.00 2.17
229.00 2.17
228.00 2.17
227.00 2.17
226.00 2.17
225.00 2.17
224.00 2.17
223.00 2.17
222.00 2.17
221.00 2.17
220.00 2.17
219.00 2.17
218.00 2.17
217.00 2.17
216.00 2.17
215.00 2.17
214.17 3.00
214.00 3.17
213.00 3.17
212.00 3.17
211.17 4.00
211.00 4.17
210.00 4.17
209.17 5.00
209.00 5.17
208.00 5.17
207.17 6.00
207.00 6.17
206.17 7.00
206.00 7.17
205.17 8.00
205.00 8.17
204.17 9.00
204.00 9.17
203.17 10.00
203.00 10.17
202.17 11.00
202.00 11.17
201.17 12.00
201.17 13.00
201.00 13.17
200.17 14.00
200.17 15.00
200.00 15.17
199.17 16.00
199.17 17.00
199.17 18.00
199.17 19.00
199.17 20.00
199.00 20.17
198.17 21.00
198.17 22.00
198.17 23.00
198.17 24.00
198.17 25.00
198.17 26.00
198.17 27.00
199.00 27.83
199.17 28.00
199.17 29.00
199.17 30.00
199.17 31.00
199.17 32.00
200.00 32.83
200.17 33.00
200.17 34.00
201.00 34.83
201.17 35.00
201.17 36.00
202.00 36.83
202.17 37.00
203.00 37.83
203.17 38.00
204.00 38.83
204.17 39.00
205.00 39.83
205.17 40.00
206.00 40.83
206.17 41.00
207.00 41.83
207.17 42.00
208.00 42.83
208.17 43.00
209.00 43.83
210.00 43.83
210.17 44.00
211.00 44.83
211.17 45.00
212.00 45.83
213.00 45.83
214.00 45.83
214.17 46.00
215.00 46.83
216.00 46.83
216.17 47.00
217.00 47.83
218.00 47.83
218.17 48.00
219.00 48.83
220.00 48.83
220.17 49.00
221.00 49.83
222.00 49.83
223.00 49.83
224.00 49.83
225.00 49.83
226.00 49.83
227.00 49.83
228.00 49.83
229.00 49.83
230.00 49.83
231.00 49.83
232.00 49.83
233.00 49.83
233.83 49.00
234.00 48.83
235.00 48.83
236.00 48.83
236.83 48.00
237.00 47.83
238.00 47.83
238.83 47.00
239.00 46.83
240.00 46.83
240.83 46.00
241.00 45.83
242.00 45.83
242.83 45.00
243.00 44.83
244.00 44.83
245.00 44.83
245.83 44.00
246.00 43.83
247.00 43.83
247.83 43.00
248.00 42.83
249.00 42.83
249.83 42.00
250.00 41.83
250.83 41.00
251.00 40.83
252.00 40.83
252.83 40.00
252.83 39.00
253.00 38.83
253.83 38.00
254.00 37.83
254.83 37.00
255.00 36.83
255.83 36.00
255.83 35.00
256.00 34.83
256.83 34.00
256.83 33.00
257.00 32.83
257.83 32.00
257.83 31.00
257.83 30.00
257.83 29.00
257.00 28.17
256.83 28.00
257.00 27.83
257.83 27.00
257.83 26.00
257.83 25.00
257.83 24.00
257.83 23.00
258.00 22.83
258.83 22.00
258.83 21.00
259.00 20.83
260.00 20.83
260.83 20.00
261.00 19.83
261.83 19.00

Contour 2:
284.88 839.00
284.88 838.00
284.88 837.00
284.88 836.00
284.88 835.00
284.88 834.00
284.88 833.00
284.88 832.00
284.88 831.00
284.88 830.00
284.88 829.00
284.00 828.12
283.88 828.00
283.88 827.00
283.88 826.00
283.88 825.00
283.00 824.12
282.88 824.00
282.88 823.00
282.88 822.00
282.00 821.12
281.88 821.00
281.88 820.00
281.88 819.00
281.00 818.12
280.88 818.00
280.88 817.00
280.00 816.12
279.88 816.00
279.88 815.00
279.00 814.12
278.88 814.00
278.88 813.00
278.00 812.12
277.88 812.00
277.00 811.12
276.88 811.00
276.88 810.00
276.00 809.12
275.88 809.00
275.00 808.12
274.88 808.00
274.88 807.00
274.00 806.12
273.88 806.00
273.00 805.12
272.88 805.00
272.00 804.12
271.88 804.00
271.00 803.12
270.88 803.00
270.00 802.12
269.88 802.00
269.88 801.00
269.00 800.12
268.88 800.00
268.00 799.12
267.88 799.00
267.00 798.12
266.88 798.00
266.00 797.12
265.88 797.00
265.00 796.12
264.88 796.00
264.00 795.12
263.88 795.00
263.00 794.12
262.88 794.00
262.00 793.12
261.88 793.00
261.00 792.12
260.00 792.12
259.88 792.00
259.00 791.12
258.88 791.00
258.00 790.12
257.88 790.00
257.00 789.12
256.00 789.12
255.88 789.00
255.00 788.12
254.88 788.00
254.00 787.12
253.00 787.12
252.88 787.00
252.00 786.12
251.00 786.12
250.88 786.00
250.00 785.12
249.00 785.12
248.00 785.12
247.00 785.12
246.88 785.00
246.00 784.12
245.00 784.12
244.00 784.12
243.00 784.12
242.00 784.12
241.88 784.00
241.00 783.12
240.00 783.12
239.00 783.12
238.00 783.12
237.00 783.12
236.00 783.12
235.00 783.12
234.00 783.12
233.00 783.12
232.00 783.12
231.00 783.12
230.00 783.12
229.00 783.12
228.00 783.12
227.00 783.12
226.00 783.12
225.00 783.12
224.00 783.12
223.00 783.12
222.00 783.12
221.00 783.12
220.00 783.12
219.12 784.00
219.00 784.12
218.00 784.12
217.00 784.12
216.00 784.12
215.12 785.00
215.00 785.12
214.00 785.12
213.00 785.12
212.12 786.00
212.00 786.12
211.00 786.12
210.00 786.12
209.12 787.00
209.00 787.12
208.00 787.12
207.12 788.00
207.00 788.12
206.12 789.00
206.00 789.12
205.12 790.00
205.00 790.12
204.12 791.00
204.00 791.12
203.12 792.00
203.00 792.12
202.12 793.00
202.12 794.00
202.00 794.12
201.12 795.00
201.00 795.12
200.12 796.00
200.12 797.00
200.12 798.00
200.00 798.12
199.12 799.00
199.12 800.00
199.12 801.00
199.00 801.12
198.12 802.00
198.12 803.00
198.12 804.00
198.12 805.00
198.12 806.00
198.12 807.00
198.12 808.00
198.12 809.00
198.12 810.00
198.12 811.00
198.12 812.00
198.12 813.00
198.12 814.00
198.12 815.00
198.12 816.00
198.12 817.00
198.12 818.00
198.12 819.00
198.12 820.00
198.12 821.00
199.00 821.88
199.12 822.00
199.12 823.00
199.12 824.00
199.12 825.00
200.00 825.88
200.12 826.00
200.12 827.00
200.12 828.00
201.00 828.88
201.12 829.00
201.12 830.00
202.00 830.88
202.12 831.00
202.12 832.00
203.00 832.88
203.12 833.00
204.00 833.88
204.12 834.00
204.12 835.00
205.00 835.88
205.12 836.00
206.00 836.88
206.12 837.00
206.12 838.00
207.00 838.88
207.12 839.00
208.00 839.88
208.12 840.00
209.00 840.88
209.12 841.00
210.00 841.88
210.12 842.00
211.00 842.88
211.12 843.00
212.00 843.88
212.12 844.00
212.12 845.00
213.00 845.88
213.12 846.00
214.00 846.88
214.12 847.00
214.12 848.00
215.00 848.88
215.12 849.00
216.00 849.88
216.12 850.00
216.12 851.00
217.00 851.88
217.12 852.00
217.12 853.00
218.00 853.88
218.12 854.00
219.00 854.88
219.12 855.00
219.12 856.00
220.00 856.88
220.12 857.00
221.00 857.88
221.12 858.00
222.00 858.88
222.12 859.00
223.00 859.88
223.12 860.00
224.00 860.88
225.00 860.88
225.12 861.00
226.00 861.88
226.12 862.00
227.00 862.88
228.00 862.88
228.12 863.00
229.00 863.88
230.00 863.88
231.00 863.88
231.12 864.00
232.00 864.88
233.00 864.88
233.12 865.00
234.00 865.88
235.00 865.88
235.12 866.00
236.00 866.88
237.00 866.88
238.00 866.88
238.12 867.00
239.00 867.88
240.00 867.88
241.00 867.88
242.00 867.88
243.00 867.88
244.00 867.88
245.00 867.88
246.00 867.88
247.00 867.88
248.00 867.88
249.00 867.88
250.00 867.88
251.00 867.88
252.00 867.88
253.00 867.88
254.00 867.88
255.00 867.88
255.88 867.00
256.00 866.88
257.00 866.88
258.00 866.88
258.88 866.00
259.00 865.88
260.00 865.88
260.88 865.00
261.00 864.88
262.00 864.88
262.88 864.00
263.00 863.88
264.00 863.88
264.88 863.00
265.00 862.88
266.00 862.88
266.88 862.00
267.00 861.88
267.88 861.00
268.00 860.88
269.00 860.88
269.88 860.00
270.00 859.88
271.00 859.88
271.88 859.00
272.00 858.88
272.88 858.00
273.00 857.88
273.88 857.00
274.00 856.88
275.00 856.88
275.88 856.00
275.88 855.00
276.00 854.88
276.88 854.00
277.00 853.88
277.88 853.00
278.00 852.88
278.88 852.00
279.00 851.88
279.88 851.00
279.88 850.00
280.00 849.88
280.88 849.00
280.88 848.00
281.00 847.88
281.88 847.00
281.88 846.00
282.00 845.88
282.88 845.00
282.88 844.00
283.00 843.88
283.88 843.00
283.88 842.00
283.88 841.00
283.88 840.00
284.00 839.88
284.88 839.00

Contour 3:
277.90 261.00
277.90 260.00
277.90 259.00
277.90 258.00
277.90 257.00
277.90 256.00
277.90 255.00
277.90 254.00
277.90 253.00
277.90 252.00
277.90 251.00
277.90 250.00
277.90 249.00
277.00 248.10
276.90 248.00
276.90 247.00
276.90 246.00
276.00 245.10
275.90 245.00
275.90 244.00
275.90 243.00
275.00 242.10
274.90 242.00
274.90 241.00
274.00 240.10
273.90 240.00
273.90 239.00
273.00 238.10
272.90 238.00
272.90 237.00
272.90 236.00
272.00 235.10
271.90 235.00
271.90 234.00
271.00 233.10
270.90 233.00
270.90 232.00
270.00 231.10
269.90 231.00
269.90 230.00
269.00 229.10
268.90 229.00
268.90 228.00
268.00 227.10
267.90 227.00
267.00 226.10
266.90 226.00
266.00 225.10
265.90 225.00
265.00 224.10
264.90 224.00
264.00 223.10
263.90 223.00
263.00 222.10
262.00 222.10
261.90 222.00
261.00 221.10
260.90 221.00
260.00 220.10
259.90 220.00
259.00 219.10
258.90 219.00
258.00 218.10
257.90 218.00
257.00 217.10
256.90 217.00
256.00 216.10
255.00 216.10
254.90 216.00
254.00 215.10
253.90 215.00
253.00 214.10
252.90 214.00
252.00 213.10
251.00 213.10
250.90 213.00
250.00 212.10
249.00 212.10
248.90 212.00
248.00 211.10
247.00 211.10
246.00 211.10
245.00 211.10
244.90 211.00
244.00 210.10
243.00 210.10
242.00 210.10
241.00 210.10
240.90 210.00
240.00 209.10
239.00 209.10
238.00 209.10
237.00 209.10
236.00 209.10
235.00 209.10
234.00 209.10
233.90 209.00
233.00 208.10
232.00 208.10
231.00 208.10
230.00 208.10
229.10 209.00
229.00 209.10
228.00 209.10
227.00 209.10
226.00 209.10
225.00 209.10
224.10 210.00
224.00 210.10
223.00 210.10
222.00 210.10
221.00 210.10
220.10 211.00
220.00 211.10
219.00 211.10
218.10 212.00
218.00 212.10
217.10 213.00
217.00 213.10
216.00 213.10
215.10 214.00
215.00 214.10
214.00 214.10
213.10 215.00
213.00 215.10
212.10 216.00
212.00 216.10
211.00 216.10
210.10 217.00
210.00 217.10
209.10 218.00
209.00 218.10
208.10 219.00
208.00 219.10
207.10 220.00
207.00 220.10
206.10 221.00
206.00 221.10
205.10 222.00
205.00 222.10
204.10 223.00
204.10 224.00
204.00 224.10
203.10 225.00
203.00 225.10
202.10 226.00
202.10 227.00
202.00 227.10
201.10 228.00
201.10 229.00
201.00 229.10
200.10 230.00
200.10 231.00
200.10 232.00
200.00 232.10
199.10 233.00
199.10 234.00
199.10 235.00
199.10 236.00
199.10 237.00
199.10 238.00
199.10 239.00
200.00 239.90
200.10 240.00
200.10 241.00
200.10 242.00
200.10 243.00
200.10 244.00
200.10 245.00
201.00 245.90
201.10 246.00
201.10 247.00
201.10 248.00
201.10 249.00
202.00 249.90
202.10 250.00
202.10 251.00
203.00 251.90
203.10 252.00
203.10 253.00
204.00 253.90
204.10 254.00
204.10 255.00
205.00 255.90
205.10 256.00
205.10 257.00
206.00 257.90
206.10 258.00
206.10 259.00
207.00 259.90
207.10 260.00
208.00 260.90
208.10 261.00
208.10 262.00
209.00 262.90
209.10 263.00
210.00 263.90
210.10 264.00
211.00 264.90
211.10 265.00
212.00 265.90
212.10 266.00
213.00 266.90
213.10 267.00
214.00 267.90
214.10 268.00
215.00 268.90
215.10 269.00
216.00 269.90
216.10 270.00
217.00 270.90
217.10 271.00
218.00 271.90
218.10 272.00
219.00 272.90
219.10 273.00
220.00 273.90
221.00 273.90
221.10 274.00
222.00 274.90
222.10 275.00
223.00 275.90
223.10 276.00
224.00 276.90
224.10 277.00
225.00 277.90
226.00 277.90
226.10 278.00
227.00 278.90
227.10 279.00
228.00 279.90
229.00 279.90
230.00 279.90
230.10 280.00
231.00 280.90
232.00 280.90
232.10 281.00
233.00 281.90
234.00 281.90
235.00 281.90
236.00 281.90
236.10 282.00
237.00 282.90
238.00 282.90
239.00 282.90
240.00 282.90
241.00 282.90
242.00 282.90
242.10 283.00
243.00 283.90
243.90 283.00
244.00 282.90
245.00 282.90
246.00 282.90
247.00 282.90
248.00 282.90
249.00 282.90
250.00 282.90
251.00 282.90
251.90 282.00
252.00 281.90
253.00 281.90
254.00 281.90
255.00 281.90
255.90 281.00
256.00 280.90
257.00 280.90
258.00 280.90
258.90 280.00
259.00 279.90
260.00 279.90
260.90 279.00
261.00 278.90
262.00 278.90
262.90 278.00
263.00 277.90
263.90 277.00
264.00 276.90
265.00 276.90
265.90 276.00
266.00 275.90
266.90 275.00
267.00 274.90
267.90 274.00
268.00 273.90
268.90 273.00
269.00 272.90
269.90 272.00
270.00 271.90
270.90 271.00
271.00 270.90
271.90 270.00
272.00 269.90
272.90 269.00
273.00 268.90
273.90 268.00
274.00 267.90
274.90 267.00
274.90 266.00
275.00 265.90
275.90 265.00
275.90 264.00
276.00 263.90
276.90 263.00
276.90 262.00
277.00 261.90
277.90 261.00

Contour 4:
297.92 632.00
297.92 631.00
297.92 630.00
297.92 629.00
297.92 628.00
297.92 627.00
297.92 626.00
297.00 625.08
296.92 625.00
296.92 624.00
296.92 623.00
296.92 622.00
296.92 621.00
296.92 620.00
296.92 619.00
296.00 618.08
295.92 618.00
295.92 617.00
295.92 616.00
295.92 615.00
295.92 614.00
295.92 613.00
295.92 612.00
295.92 611.00
295.00 610.08
294.92 610.00
294.92 609.00
294.00 608.08
293.92 608.00
293.92 607.00
293.00 606.08
292.92 606.00
292.00 605.08
291.92 605.00
291.00 604.08
290.92 604.00
290.00 603.08
289.92 603.00
289.92 602.00
289.00 601.08
288.00 601.08
287.92 601.00
287.00 600.08
286.92 600.00
286.00 599.08
285.92 599.00
285.00 598.08
284.00 598.08
283.92 598.00
283.00 597.08
282.92 597.00
282.00 596.08
281.00 596.08
280.92 596.00
280.00 595.08
279.00 595.08
278.92 595.00
278.00 594.08
277.00 594.08
276.92 594.00
276.00 593.08
275.00 593.08
274.00 593.08
273.92 593.00
273.00 592.08
272.00 592.08
271.00 592.08
270.00 592.08
269.00 592.08
268.00 592.08
267.92 592.00
267.00 591.08
266.00 591.08
265.00 591.08
264.00 591.08
263.00 591.08
262.00 591.08
261.00 591.08
260.00 591.08
259.00 591.08
258.08 592.00
258.00 592.08
257.00 592.08
256.00 592.08
255.00 592.08
254.00 592.08
253.00 592.08
252.08 593.00
252.00 593.08
251.00 593.08
250.08 594.00
250.00 594.08
249.00 594.08
248.08 595.00
248.00 595.08
247.00 595.08
246.00 595.08
245.08 596.00
245.00 596.08
244.00 596.08
243.08 597.00
243.00 597.08
242.00 597.08
241.08 598.00
241.00 598.08
240.08 599.00
240.00 599.08
239.08 600.00
239.00 600.08
238.08 601.00
238.00 601.08
237.08 602.00
237.00 602.08
236.08 603.00
236.00 603.08
235.08 604.00
235.00 604.08
234.00 604.08
233.08 605.00
233.00 605.08
232.08 606.00
232.00 606.08
231.08 607.00
231.00 607.08
230.08 608.00
230.00 608.08
229.08 609.00
229.00 609.08
228.08 610.00
228.00 610.08
227.08 611.00
227.00 611.08
226.08 612.00
226.00 612.08
225.08 613.00
225.08 614.00
225.00 614.08
224.08 615.00
224.00 615.08
223.08 616.00
223.00 616.08
222.08 617.00
222.08 618.00
222.00 618.08
221.08 619.00
221.08 620.00
221.00 620.08
220.08 621.00
220.08 622.00
220.00 622.08
219.08 623.00
219.08 624.00
219.08 625.00
219.00 625.08
218.08 626.00
218.08 627.00
218.08 628.00
218.08 629.00
218.08 630.00
218.08 631.00
218.08 632.00
218.08 633.00
218.08 634.00
218.08 635.00
218.08 636.00
218.08 637.00
218.08 638.00
218.08 639.00
219.00 639.92
219.08 640.00
219.08 641.00
219.08 642.00
219.08 643.00
219.08 644.00
220.00 644.92
220.08 645.00
220.08 646.00
221.00 646.92
221.08 647.00
221.08 648.00
221.08 649.00
222.00 649.92
222.08 650.00
222.08 651.00
223.00 651.92
223.08 652.00
223.08 653.00
224.00 653.92
224.08 654.00
224.08 655.00
225.00 655.92
225.08 656.00
226.00 656.92
226.08 657.00
226.08 658.00
227.00 658.92
227.08 659.00
228.00 659.92
228.08 660.00
229.00 660.92
229.08 661.00
230.00 661.92
230.08 662.00
231.00 662.92
231.08 663.00
232.00 663.92
233.00 663.92
233.08 664.00
234.00 664.92
234.08 665.00
235.00 665.92
236.00 665.92
236.08 666.00
237.00 666.92
237.08 667.00
238.00 667.92
239.00 667.92
239.08 668.00
240.00 668.92
241.00 668.92
242.00 668.92
242.08 669.00
243.00 669.92
244.00 669.92
245.00 669.92
245.08 670.00
246.00 670.92
247.00 670.92
248.00 670.92
249.00 670.92
250.00 670.92
250.08 671.00
251.00 671.92
252.00 671.92
253.00 671.92
254.00 671.92
255.00 671.92
256.00 671.92
257.00 671.92
257.92 671.00
258.00 670.92
259.00 670.92
260.00 670.92
261.00 670.92
262.00 670.92
262.92 670.00
263.00 669.92
264.00 669.92
265.00 669.92
265.92 669.00
266.00 668.92
267.00 668.92
268.00 668.92
268.92 668.00
269.00 667.92
270.00 667.92
270.92 667.00
271.00 666.92
272.00 666.92
272.92 666.00
273.00 665.92
274.00 665.92
274.92 665.00
275.00 664.92
275.92 664.00
276.00 663.92
277.00 663.92
277.92 663.00
278.00 662.92
278.92 662.00
279.00 661.92
280.00 661.92
280.92 661.00
281.00 660.92
281.92 660.00
282.00 659.92
282.92 659.00
283.00 658.92
283.92 658.00
284.00 657.92
285.00 657.92
285.92 657.00
286.00 656.92
286.92 656.00
287.00 655.92
287.92 655.00
287.92 654.00
288.00 653.92
288.92 653.00
289.00 652.92
289.92 652.00
290.00 651.92
290.92 651.00
291.00 650.92
291.92 650.00
291.92 649.00
292.00 648.92
292.92 648.00
292.92 647.00
293.00 646.92
293.92 646.00
293.92 645.00
294.00 644.92
294.92 644.00
294.92 643.00
294.92 642.00
295.00 641.92
295.92 641.00
295.92 640.00
295.92 639.00
296.00 638.92
296.92 638.00
296.92 637.00
296.92 636.00
296.92 635.00
296.92 634.00
296.92 633.00
297.00 632.92
297.92 632.00

Contour 5:
344.93 483.00
344.93 482.00
344.93 481.00
344.93 480.00
344.93 479.00
344.93 478.00
344.93 477.00
344.00 476.07
343.93 476.00
343.93 475.00
343.93 474.00
343.00 473.07
342.93 473.00
342.93 472.00
342.00 471.07
341.93 471.00
341.93 470.00
341.00 469.07
340.93 469.00
340.93 468.00
340.00 467.07
339.93 467.00
339.93 466.00
339.00 465.07
338.93 465.00
338.00 464.07
337.93 464.00
337.00 463.07
336.93 463.00
336.00 462.07
335.93 462.00
335.00 461.07
334.93 461.00
334.00 460.07
333.93 460.00
333.00 459.07
332.00 459.07
331.93 459.00
331.00 458.07
330.00 458.07
329.93 458.00
329.00 457.07
328.93 457.00
328.00 456.07
327.00 456.07
326.93 456.00
326.00 455.07
325.00 455.07
324.93 455.00
324.00 454.07
323.00 454.07
322.93 454.00
322.00 453.07
321.00 453.07
320.00 453.07
319.00 453.07
318.93 453.00
318.00 452.07
317.00 452.07
316.00 452.07
315.00 452.07
314.00 452.07
313.00 452.07
312.93 452.00
312.00 451.07
311.00 451.07
310.00 451.07
309.00 451.07
308.00 451.07
307.00 451.07
306.00 451.07
305.00 451.07
304.00 451.07
303.00 451.07
302.00 451.07
301.00 451.07
300.00 451.07
299.00 451.07
298.07 452.00
298.00 452.07
297.00 452.07
296.00 452.07
295.00 452.07
294.07 453.00
294.00 453.07
293.00 453.07
292.07 454.00
292.00 454.07
291.00 454.07
290.07 455.00
290.00 455.07
289.00 455.07
288.07 456.00
288.00 456.07
287.07 457.00
287.00 457.07
286.07 458.00
286.00 458.07
285.07 459.00
285.07 460.00
285.00 460.07
284.07 461.00
284.00 461.07
283.07 462.00
283.07 463.00
283.00 463.07
282.07 464.00
282.07 465.00
282.00 465.07
281.07 466.00
281.07 467.00
281.07 468.00
281.07 469.00
281.07 470.00
281.07 471.00
281.07 472.00
281.07 473.00
281.07 474.00
281.07 475.00
281.07 476.00
282.00 476.93
282.07 477.00
282.07 478.00
283.00 478.93
283.07 479.00
283.07 480.00
283.07 481.00
284.00 481.93
284.07 482.00
284.07 483.00
285.00 483.93
285.07 484.00
285.07 485.00
286.00 485.93
286.07 486.00
286.07 487.00
287.00 487.93
287.07 488.00
288.00 488.93
288.07 489.00
289.00 489.93
289.07 490.00
289.07 491.00
290.00 491.93
290.07 492.00
291.00 492.93
291.07 493.00
292.00 493.93
293.00 493.93
293.07 494.00
294.00 494.93
294.07 495.00
295.00 495.93
295.07 496.00
296.00 496.93
296.07 497.00
297.00 497.93
298.00 497.93
298.07 498.00
299.00 498.93
300.00 498.93
300.07 499.00
301.00 499.93
302.00 499.93
302.07 500.00
303.00 500.93
304.00 500.93
304.07 501.00
305.00 501.93
306.00 501.93
306.07 502.00
307.00 502.93
308.00 502.93
309.00 502.93
309.07 503.00
310.00 503.93
311.00 503.93
312.00 503.93
313.00 503.93
314.00 503.93
314.07 504.00
315.00 504.93
316.00 504.93
317.00 504.93
318.00 504.93
319.00 504.93
320.00 504.93
321.00 504.93
322.00 504.93
323.00 504.93
323.93 504.00
324.00 503.93
325.00 503.93
326.00 503.93
326.93 503.00
327.00 502.93
328.00 502.93
329.00 502.93
329.93 502.00
330.00 501.93
331.00 501.93
331.93 501.00
332.00 500.93
332.93 500.00
333.00 499.93
334.00 499.93
334.93 499.00
335.00 498.93
335.93 498.00
336.00 497.93
337.00 497.93
337.93 497.00
338.00 496.93
338.93 496.00
339.00 495.93
339.93 495.00
339.93 494.00
340.00 493.93
340.93 493.00
341.00 492.93
341.93 492.00
341.93 491.00
342.00 490.93
342.93 490.00
342.93 489.00
343.00 488.93
343.93 488.00
343.93 487.00
343.93 486.00
343.93 485.00
343.93 484.00
344.00 483.93
344.93 483.00

Contour 6:
360.94 561.00
360.94 560.00
360.94 559.00
360.94 558.00
360.94 557.00
360.94 556.00
360.94 555.00
360.94 554.00
360.94 553.00
360.94 552.00
360.94 551.00
360.94 550.00
360.94 549.00
360.94 548.00
360.94 547.00
360.94 546.00
360.94 545.00
360.00 544.06
359.94 544.00
359.94 543.00
359.94 542.00
359.00 541.06
358.94 541.00
358.94 540.00
358.00 539.06
357.94 539.00
357.94 538.00
357.94 537.00
357.00 536.06
356.94 536.00
356.94 535.00
356.00 534.06
355.94 534.00
355.94 533.00
355.00 532.06
354.94 532.00
354.00 531.06
353.94 531.00
353.00 530.06
352.94 530.00
352.00 529.06
351.94 529.00
351.00 528.06
350.94 528.00
350.00 527.06
349.00 527.06
348.94 527.00
348.00 526.06
347.94 526.00
347.00 525.06
346.00 525.06
345.94 525.00
345.00 524.06
344.00 524.06
343.94 524.00
343.00 523.06
342.00 523.06
341.94 523.00
341.00 522.06
340.00 522.06
339.00 522.06
338.94 522.00
338.00 521.06
337.00 521.06
336.00 521.06
335.00 521.06
334.00 521.06
333.00 521.06
332.00 521.06
331.00 521.06
330.00 521.06
329.00 521.06
328.06 522.00
328.00 522.06
327.00 522.06
326.00 522.06
325.00 522.06
324.00 522.06
323.06 523.00
323.00 523.06
322.00 523.06
321.00 523.06
320.06 524.00
320.00 524.06
319.00 524.06
318.00 524.06
317.06 525.00
317.00 525.06
316.00 525.06
315.00 525.06
314.06 526.00
314.00 526.06
313.00 526.06
312.06 527.00
312.00 527.06
311.00 527.06
310.06 528.00
310.00 528.06
309.00 528.06
308.06 529.00
308.00 529.06
307.00 529.06
306.06 530.00
306.00 530.06
305.06 531.00
305.00 531.06
304.06 532.00
304.00 532.06
303.06 533.00
303.00 533.06
302.06 534.00
302.00 534.06
301.06 535.00
301.00 535.06
300.06 536.00
300.00 536.06
299.06 537.00
299.00 537.06
298.06 538.00
298.06 539.00
298.00 539.06
297.06 540.00
297.06 541.00
297.00 541.06
296.06 542.00
296.06 543.00
296.00 543.06
295.06 544.00
295.06 545.00
295.06 546.00
295.00 546.06
294.06 547.00
294.06 548.00
294.06 549.00
294.00 549.06
293.06 550.00
293.06 551.00
293.06 552.00
293.00 552.06
292.06 553.00
292.06 554.00
292.06 555.00
292.06 556.00
292.06 557.00
292.06 558.00
292.06 559.00
293.00 559.94
293.06 560.00
293.06 561.00
293.06 562.00
293.06 563.00
293.06 564.00
294.00 564.94
294.06 565.00
294.06 566.00
294.06 567.00
295.00 567.94
295.06 568.00
295.06 569.00
295.06 570.00
296.00 570.94
296.06 571.00
296.06 572.00
297.00 572.94
297.06 573.00
298.00 573.94
298.06 574.00
298.06 575.00
299.00 575.94
299.06 576.00
300.00 576.94
300.06 577.00
301.00 577.94
301.06 578.00
301.06 579.00
302.00 579.94
303.00 579.94
303.06 580.00
304.00 580.94
304.06 581.00
305.00 581.94
305.06 582.00
306.00 582.94
306.06 583.00
307.00 583.94
308.00 583.94
308.06 584.00
309.00 584.94
309.06 585.00
310.00 585.94
310.06 586.00
311.00 586.94
312.00 586.94
312.06 587.00
313.00 587.94
314.00 587.94
315.00 587.94
315.06 588.00
316.00 588.94
317.00 588.94
318.00 588.94
318.06 589.00
319.00 589.94
320.00 589.94
321.00 589.94
322.00 589.94
323.00 589.94
323.06 590.00
324.00 590.94
325.00 590.94
326.00 590.94
327.00 590.94
328.00 590.94
329.00 590.94
330.00 590.94
331.00 590.94
332.00 590.94
333.00 590.94
334.00 590.94
335.00 590.94
335.94 590.00
336.00 589.94
337.00 589.94
338.00 589.94
338.94 589.00
339.00 588.94
340.00 588.94
340.94 588.00
341.00 587.94
341.94 587.00
342.00 586.94
343.00 586.94
343.94 586.00
344.00 585.94
344.94 585.00
345.00 584.94
346.00 584.94
346.94 584.00
347.00 583.94
347.94 583.00
348.00 582.94
349.00 582.94
349.94 582.00
350.00 581.94
350.94 581.00
351.00 580.94
351.94 580.00
352.00 579.94
352.94 579.00
353.00 578.94
353.94 578.00
353.94 577.00
354.00 576.94
354.94 576.00
355.00 575.94
355.94 575.00
355.94 574.00
356.00 573.94
356.94 573.00
357.00 572.94
357.94 572.00
357.94 571.00
357.94 570.00
358.00 569.94
358.94 569.00
358.94 568.00
358.94 567.00
359.00 566.94
359.94 566.00
359.94 565.00
359.94 564.00
359.94 563.00
359.94 562.00
360.00 561.94
360.94 561.00

Contour 7:
363.94 121.00
363.00 120.06
362.94 120.00
362.94 119.00
362.94 118.00
362.94 117.00
362.94 116.00
362.94 115.00
362.94 114.00
362.00 113.06
361.94 113.00
361.94 112.00
361.94 111.00
361.94 110.00
361.00 109.06
360.94 109.00
360.94 108.00
360.00 107.06
359.94 107.00
359.00 106.06
358.94 106.00
358.00 105.06
357.94 105.00
357.94 104.00
357.94 103.00
357.00 102.06
356.94 102.00
356.94 101.00
356.00 100.06
355.94 100.00
355.94 99.00
355.00 98.06
354.94 98.00
354.00 97.06
353.94 97.00
353.00 96.06
352.94 96.00
352.00 95.06
351.94 95.00
351.00 94.06
350.94 94.00
350.00 93.06
349.00 93.06
348.94 93.00
348.00 92.06
347.00 92.06
346.94 92.00
346.00 91.06
345.00 91.06
344.00 91.06
343.00 91.06
342.94 91.00
342.00 90.06
341.00 90.06
340.00 90.06
339.06 91.00
339.00 91.06
338.00 91.06
337.00 91.06
336.06 92.00
336.00 92.06
335.00 92.06
334.00 92.06
333.06 93.00
333.00 93.06
332.00 93.06
331.06 94.00
331.00 94.06
330.00 94.06
329.06 95.00
329.00 95.06
328.00 95.06
327.06 96.00
327.00 96.06
326.06 97.00
326.00 97.06
325.00 97.06
324.06 98.00
324.00 98.06
323.00 98.06
322.06 99.00
322.00 99.06
321.00 99.06
320.06 100.00
320.00 100.06
319.00 100.06
318.06 101.00
318.00 101.06
317.06 102.00
317.00 102.06
316.06 103.00
316.00 103.06
315.00 103.06
314.06 104.00
314.06 105.00
314.00 105.06
313.06 106.00
313.00 106.06
312.06 107.00
312.00 107.06
311.06 108.00
311.06 109.00
311.00 109.06
310.06 110.00
310.00 110.06
309.06 111.00
309.06 112.00
309.00 112.06
308.06 113.00
308.06 114.00
308.00 114.06
307.06 115.00
307.06 116.00
307.00 116.06
306.06 117.00
306.06 118.00
306.06 119.00
306.00 119.06
305.06 120.00
305.06 121.00
305.06 122.00
305.06 123.00
305.00 123.06
304.06 124.00
304.06 125.00
304.06 126.00
304.06 127.00
304.06 128.00
304.06 129.00
304.06 130.00
304.06 131.00
305.00 131.94
305.06 132.00
305.06 133.00
305.06 134.00
306.00 134.94
306.06 135.00
306.06 136.00
306.06 137.00
307.00 137.94
307.06 138.00
307.06 139.00
308.00 139.94
308.06 140.00
308.06 141.00
308.06 142.00
309.00 142.94
309.06 143.00
309.06 144.00
310.00 144.94
310.06 145.00
310.06 146.00
311.00 146.94
311.06 147.00
312.00 147.94
312.06 148.00
313.00 148.94
313.06 149.00
314.00 149.94
315.00 149.94
315.06 150.00
316.00 150.94
317.00 150.94
317.06 151.00
318.00 151.94
319.00 151.94
319.06 152.00
320.00 152.94
321.00 152.94
322.00 152.94
323.00 152.94
324.00 152.94
325.00 152.94
326.00 152.94
326.06 153.00
327.00 153.94
328.00 153.94
328.06 154.00
329.00 154.94
330.00 154.94
331.00 154.94
332.00 154.94
333.00 154.94
333.06 155.00
334.00 155.94
335.00 155.94
336.00 155.94
336.94 155.00
337.00 154.94
337.06 155.00
338.00 155.94
339.00 155.94
339.94 155.00
340.00 154.94
341.00 154.94
342.00 154.94
343.00 154.94
344.00 154.94
344.94 154.00
345.00 153.94
345.94 153.00
346.00 152.94
347.00 152.94
348.00 152.94
349.00 152.94
350.00 152.94
351.00 152.94
351.94 152.00
352.00 151.94
353.00 151.94
354.00 151.94
355.00 151.94
355.94 151.00
356.00 150.94
356.94 150.00
357.00 149.94
357.94 149.00
358.00 148.94
358.94 148.00
358.94 147.00
359.00 146.94
359.94 146.00
359.94 145.00
359.94 144.00
359.94 143.00
360.00 142.94
360.94 142.00
360.94 141.00
360.94 140.00
360.94 139.00
361.00 138.94
361.94 138.00
361.94 137.00
361.94 136.00
361.94 135.00
361.00 134.06
360.94 134.00
360.94 133.00
361.00 132.94
361.94 132.00
361.94 131.00
361.94 130.00
361.94 129.00
361.00 128.06
360.94 128.00
360.94 127.00
361.00 126.94
361.94 126.00
361.94 125.00
362.00 124.94
362.94 124.00
362.94 123.00
362.94 122.00
363.00 121.94
363.94 121.00

Contour 8:
388.95 943.00
388.95 942.00
388.95 941.00
388.95 940.00
388.95 939.00
388.95 938.00
388.95 937.00
388.95 936.00
388.95 935.00
388.95 934.00
388.95 933.00
388.95 932.00
388.95 931.00
388.95 930.00
388.00 929.05
387.95 929.00
387.95 928.00
387.95 927.00
387.95 926.00
387.95 925.00
387.00 924.05
386.95 924.00
386.95 923.00
386.95 922.00
386.95 921.00
386.00 920.05
385.95 920.00
385.95 919.00
385.00 918.05
384.95 918.00
384.95 917.00
384.95 916.00
384.00 915.05
383.95 915.00
383.95 914.00
383.95 913.00
383.00 912.05
382.95 912.00
382.95 911.00
382.00 910.05
381.95 910.00
381.95 909.00
381.00 908.05
380.95 908.00
380.00 907.05
379.95 907.00
379.95 906.00
379.00 905.05
378.95 905.00
378.95 904.00
378.00 903.05
377.95 903.00
377.00 902.05
376.95 902.00
376.00 901.05
375.95 901.00
375.00 900.05
374.95 900.00
374.00 899.05
373.95 899.00
373.00 898.05
372.00 898.05
371.95 898.00
371.00 897.05
370.95 897.00
370.00 896.05
369.95 896.00
369.00 895.05
368.00 895.05
367.95 895.00
367.00 894.05
366.95 894.00
366.00 893.05
365.95 893.00
365.00 892.05
364.00 892.05
363.95 892.00
363.00 891.05
362.00 891.05
361.95 891.00
361.00 890.05
360.00 890.05
359.00 890.05
358.95 890.00
358.00 889.05
357.00 889.05
356.00 889.05
355.95 889.00
355.00 888.05
354.00 888.05
353.00 888.05
352.00 888.05
351.00 888.05
350.05 889.00
350.00 889.05
349.00 889.05
348.00 889.05
347.00 889.05
346.05 890.00
346.00 890.05
345.00 890.05
344.00 890.05
343.05 891.00
343.00 891.05
342.05 892.00
342.00 892.05
341.00 892.05
340.05 893.00
340.00 893.05
339.05 894.00
339.00 894.05
338.05 895.00
338.00 895.05
337.05 896.00
337.00 896.05
336.05 897.00
336.00 897.05
335.05 898.00
335.05 899.00
335.00 899.05
334.05 900.00
334.05 901.00
334.00 901.05
333.05 902.00
333.05 903.00
333.00 903.05
332.05 904.00
332.05 905.00
332.00 905.05
331.05 906.00
331.05 907.00
331.05 908.00
331.00 908.05
330.05 909.00
330.05 910.00
330.05 911.00
330.00 911.05
329.05 912.00
329.05 913.00
329.05 914.00
329.05 915.00
329.05 916.00
329.05 917.00
329.05 918.00
329.00 918.05
328.05 919.00
328.05 920.00
328.05 921.00
328.05 922.00
328.05 923.00
329.00 923.95
329.05 924.00
329.05 925.00
329.05 926.00
329.05 927.00
329.05 928.00
329.05 929.00
329.05 930.00
329.05 931.00
329.05 932.00
329.05 933.00
329.05 934.00
329.05 935.00
329.05 936.00
329.05 937.00
329.05 938.00
330.00 938.95
330.05 939.00
330.05 940.00
330.05 941.00
330.05 942.00
330.05 943.00
331.00 943.95
331.05 944.00
331.05 945.00
331.05 946.00
332.00 946.95
332.05 947.00
332.05 948.00
333.00 948.95
333.05 949.00
333.05 950.00
334.00 950.95
334.05 951.00
334.05 952.00
335.00 952.95
335.05 953.00
335.05 954.00
336.00 954.95
336.05 955.00
337.00 955.95
337.05 956.00
338.00 956.95
338.05 957.00
339.00 957.95
339.05 958.00
340.00 958.95
341.00 958.95
341.05 959.00
342.00 959.95
343.00 959.95
343.05 960.00
344.00 960.95
345.00 960.95
345.05 961.00
346.00 961.95
347.00 961.95
347.05 962.00
348.00 962.95
349.00 962.95
350.00 962.95
350.05 963.00
351.00 963.95
352.00 963.95
353.00 963.95
354.00 963.95
355.00 963.95
356.00 963.95
357.00 963.95
358.00 963.95
359.00 963.95
360.00 963.95
361.00 963.95
362.00 963.95
363.00 963.95
364.00 963.95
364.95 963.00
365.00 962.95
366.00 962.95
367.00 962.95
368.00 962.95
369.00 962.95
370.00 962.95
370.95 962.00
371.00 961.95
372.00 961.95
372.95 961.00
373.00 960.95
374.00 960.95
375.00 960.95
375.95 960.00
376.00 959.95
376.95 959.00
377.00 958.95
377.95 958.00
378.00 957.95
379.00 957.95
379.95 957.00
380.00 956.95
380.95 956.00
381.00 955.95
381.95 955.00
382.00 954.95
382.95 954.00
382.95 953.00
383.00 952.95
383.95 952.00
384.00 951.95
384.95 951.00
385.00 950.95
385.95 950.00
385.95 949.00
386.00 948.95
386.95 948.00
386.95 947.00
387.00 946.95
387.95 946.00
387.95 945.00
387.95 944.00
388.00 943.95
388.95 943.00

Contour 9:
403.95 400.00
403.95 399.00
403.95 398.00
403.95 397.00
403.95 396.00
403.95 395.00
403.95 394.00
403.00 393.05
402.95 393.00
402.95 392.00
402.95 391.00
402.95 390.00
402.95 389.00
402.95 388.00
402.95 387.00
402.00 386.05
401.95 386.00
401.95 385.00
401.95 384.00
401.00 383.05
400.95 383.00
400.95 382.00
400.00 381.05
399.95 381.00
399.00 380.05
398.95 380.00
398.95 379.00
398.00 378.05
397.95 378.00
397.00 377.05
396.95 377.00
396.00 376.05
395.95 376.00
395.00 375.05
394.95 375.00
394.00 374.05
393.95 374.00
393.00 373.05
392.95 373.00
392.00 372.05
391.95 372.00
391.00 371.05
390.95 371.00
390.00 370.05
389.95 370.00
389.00 369.05
388.00 369.05
387.95 369.00
387.00 368.05
386.00 368.05
385.95 368.00
385.00 367.05
384.00 367.05
383.00 367.05
382.95 367.00
382.00 366.05
381.00 366.05
380.00 366.05
379.00 366.05
378.95 366.00
378.00 365.05
377.00 365.05
376.00 365.05
375.95 365.00
375.00 364.05
374.00 364.05
373.00 364.05
372.00 364.05
371.00 364.05
370.00 364.05
369.00 364.05
368.00 364.05
367.00 364.05
366.00 364.05
365.00 364.05
364.00 364.05
363.00 364.05
362.00 364.05
361.00 364.05
360.00 364.05
359.05 365.00
359.00 365.05
358.00 365.05
357.00 365.05
356.05 366.00
356.00 366.05
355.00 366.05
354.00 366.05
353.05 367.00
353.00 367.05
352.00 367.05
351.05 368.00
351.00 368.05
350.05 369.00
350.00 369.05
349.00 369.05
348.05 370.00
348.00 370.05
347.05 371.00
347.00 371.05
346.05 372.00
346.00 372.05
345.05 373.00
345.00 373.05
344.05 374.00
344.00 374.05
343.05 375.00
343.00 375.05
342.05 376.00
342.00 376.05
341.05 377.00
341.00 377.05
340.05 378.00
340.05 379.00
340.00 379.05
339.05 380.00
339.00 380.05
338.05 381.00
338.05 382.00
338.00 382.05
337.05 383.00
337.00 383.05
336.05 384.00
336.05 385.00
336.00 385.05
335.05 386.00
335.05 387.00
335.05 388.00
335.00 388.05
334.05 389.00
334.05 390.00
334.05 391.00
334.05 392.00
334.05 393.00
334.05 394.00
334.05 395.00
334.05 396.00
334.00 396.05
333.05 397.00
333.05 398.00
334.00 398.95
334.05 399.00
334.05 400.00
334.05 401.00
334.05 402.00
334.05 403.00
334.05 404.00
334.05 405.00
335.00 405.95
335.05 406.00
335.05 407.00
335.05 408.00
335.05 409.00
336.00 409.95
336.05 410.00
336.05 411.00
337.00 411.95
337.05 412.00
337.05 413.00
337.05 414.00
338.00 414.95
338.05 415.00
339.00 415.95
339.05 416.00
339.05 417.00
340.00 417.95
340.05 418.00
341.00 418.95
341.05 419.00
341.05 420.00
342.00 420.95
342.05 421.00
343.00 421.95
344.00 421.95
344.05 422.00
345.00 422.95
345.05 423.00
346.00 423.95
346.05 424.00
347.00 424.95
348.00 424.95
348.05 425.00
349.00 425.95
350.00 425.95
350.05 426.00
351.00 426.95
352.00 426.95
353.00 426.95
353.05 427.00
354.00 427.95
355.00 427.95
356.00 427.95
357.00 427.95
358.00 427.95
359.00 427.95
360.00 427.95
360.05 428.00
361.00 428.95
362.00 428.95
363.00 428.95
364.00 428.95
365.00 428.95
366.00 428.95
367.00 428.95
368.00 428.95
369.00 428.95
370.00 428.95
371.00 428.95
371.95 428.00
372.00 427.95
373.00 427.95
374.00 427.95
375.00 427.95
376.00 427.95
377.00 427.95
377.95 427.00
378.00 426.95
379.00 426.95
380.00 426.95
381.00 426.95
381.95 426.00
382.00 425.95
383.00 425.95
384.00 425.95
384.95 425.00
385.00 424.95
386.00 424.95
386.95 424.00
387.00 423.95
388.00 423.95
388.95 423.00
389.00 422.95
389.95 422.00
390.00 421.95
391.00 421.95
391.95 421.00
392.00 420.95
392.95 420.00
393.00 419.95
393.95 419.00
394.00 418.95
394.95 418.00
395.00 417.95
395.95 417.00
395.95 416.00
396.00 415.95
396.95 415.00
397.00 414.95
397.95 414.00
397.95 413.00
398.00 412.95
398.95 412.00
399.00 411.95
399.95 411.00
399.95 410.00
400.00 409.95
400.95 409.00
400.95 408.00
401.00 407.95
401.95 407.00
401.95 406.00
401.95 405.00
402.00 404.95
402.95 404.00
402.95 403.00
402.95 402.00
402.95 401.00
403.00 400.95
403.95 400.00

Contour 10:
398.96 233.00
398.96 232.00
398.96 231.00
398.96 230.00
398.96 229.00
398.96 228.00
398.96 227.00
398.96 226.00
398.96 225.00
398.96 224.00
398.96 223.00
398.96 222.00
398.96 221.00
398.96 220.00
398.96 219.00
398.96 218.00
398.96 217.00
398.00 216.04
397.96 216.00
397.96 215.00
397.96 214.00
397.00 213.04
396.96 213.00
396.96 212.00
396.00 211.04
395.96 211.00
395.96 210.00
395.00 209.04
394.96 209.00
394.00 208.04
393.96 208.00
393.96 207.00
393.00 206.04
392.00 206.04
391.96 206.00
391.00 205.04
390.96 205.00
390.00 204.04
389.00 204.04
388.96 204.00
388.00 203.04
387.00 203.04
386.96 203.00
386.00 202.04
385.00 202.04
384.96 202.00
384.00 201.04
383.00 201.04
382.00 201.04
381.00 201.04
380.00 201.04
379.00 201.04
378.00 201.04
377.00 201.04
376.00 201.04
375.00 201.04
374.00 201.04
373.00 201.04
372.00 201.04
371.00 201.04
370.00 201.04
369.04 202.00
369.00 202.04
368.00 202.04
367.00 202.04
366.04 203.00
366.00 203.04
365.00 203.04
364.04 204.00
364.00 204.04
363.00 204.04
362.04 205.00
362.00 205.04
361.04 206.00
361.00 206.04
360.00 206.04
359.04 207.00
359.00 207.04
358.04 208.00
358.00 208.04
357.00 208.04
356.04 209.00
356.04 210.00
356.00 210.04
355.04 211.00
355.00 211.04
354.04 212.00
354.00 212.04
353.04 213.00
353.04 214.00
353.00 214.04
352.04 215.00
352.00 215.04
351.04 216.00
351.04 217.00
351.00 217.04
350.04 218.00
350.04 219.00
350.04 220.00
350.00 220.04
349.04 221.00
349.04 222.00
349.00 222.04
348.04 223.00
348.04 224.00
348.00 224.04
347.04 225.00
347.04 226.00
347.00 226.04
346.04 227.00
346.04 228.00
346.00 228.04
345.04 229.00
345.04 230.00
345.04 231.00
345.04 232.00
345.00 232.04
344.04 233.00
344.04 234.00
344.04 235.00
344.04 236.00
344.00 236.04
343.04 237.00
343.04 238.00
343.04 239.00
343.04 240.00
343.04 241.00
343.04 242.00
343.04 243.00
343.04 244.00
343.04 245.00
343.04 246.00
343.04 247.00
343.04 248.00
343.04 249.00
343.04 250.00
343.04 251.00
343.04 252.00
343.04 253.00
344.00 253.96
344.04 254.00
344.04 255.00
344.04 256.00
345.00 256.96
345.04 257.00
345.04 258.00
346.00 258.96
346.04 259.00
346.04 260.00
347.00 260.96
347.04 261.00
348.00 261.96
348.04 262.00
348.04 263.00
349.00 263.96
349.04 264.00
350.00 264.96
351.00 264.96
351.04 265.00
352.00 265.96
352.04 266.00
353.00 266.96
353.04 267.00
354.00 267.96
355.00 267.96
356.00 267.96
356.04 268.00
357.00 268.96
358.00 268.96
359.00 268.96
359.04 269.00
360.00 269.96
361.00 269.96
362.00 269.96
363.00 269.96
364.00 269.96
365.00 269.96
366.00 269.96
367.00 269.96
368.00 269.96
369.00 269.96
369.96 269.00
370.00 268.96
371.00 268.96
372.00 268.96
372.96 268.00
373.00 267.96
374.00 267.96
374.96 267.00
375.00 266.96
375.96 266.00
376.00 265.96
377.00 265.96
377.96 265.00
378.00 264.96
378.96 264.00
379.00 263.96
379.96 263.00
380.00 262.96
380.96 262.00
381.00 261.96
381.96 261.00
382.00 260.96
382.96 260.00
383.00 259.96
383.96 259.00
384.00 258.96
384.96 258.00
385.00 257.96
385.96 257.00
386.00 256.96
386.96 256.00
387.00 255.96
387.96 255.00
387.96 254.00
388.00 253.96
388.96 253.00
389.00 252.96
389.96 252.00
390.00 251.96
390.96 251.00
390.96 250.00
391.00 249.96
391.96 249.00
391.96 248.00
392.00 247.96
392.96 247.00
392.96 246.00
393.00 245.96
393.96 245.00
393.96 244.00
394.00 243.96
394.96 243.00
394.96 242.00
395.00 241.96
395.96 241.00
395.96 240.00
396.00 239.96
396.96 239.00
396.96 238.00
397.00 237.96
397.96 237.00
397.96 236.00
397.96 235.00
397.96 234.00
398.00 233.96
398.96 233.00

Contour 11:
434.96 795.00
434.96 794.00
434.96 793.00
434.96 792.00
434.96 791.00
434.96 790.00
434.96 789.00
434.96 788.00
434.96 787.00
434.96 786.00
434.96 785.00
434.96 784.00
434.00 783.04
433.96 783.00
433.96 782.00
433.96 781.00
433.00 780.04
432.96 780.00
432.96 779.00
432.00 778.04
431.96 778.00
431.96 777.00
431.00 776.04
430.96 776.00
430.96 775.00
430.00 774.04
429.96 774.00
429.00 773.04
428.96 773.00
428.00 772.04
427.96 772.00
427.00 771.04
426.96 771.00
426.00 770.04
425.96 770.00
425.00 769.04
424.00 769.04
423.96 769.00
423.00 768.04
422.00 768.04
421.96 768.00
421.00 767.04
420.96 767.00
420.00 766.04
419.00 766.04
418.96 766.00
418.00 765.04
417.00 765.04
416.96 765.00
416.00 764.04
415.00 764.04
414.96 764.00
414.00 763.04
413.00 763.04
412.96 763.00
412.00 762.04
411.00 762.04
410.00 762.04
409.96 762.00
409.00 761.04
408.00 761.04
407.00 761.04
406.96 761.00
406.00 760.04
405.00 760.04
404.00 760.04
403.00 760.04
402.00 760.04
401.00 760.04
400.00 760.04
399.00 760.04
398.00 760.04
397.00 760.04
396.00 760.04
395.04 761.00
395.00 761.04
394.00 761.04
393.00 761.04
392.04 762.00
392.00 762.04
391.00 762.04
390.00 762.04
389.04 763.00
389.00 763.04
388.00 763.04
387.00 763.04
386.04 764.00
386.00 764.04
385.00 764.04
384.04 765.00
384.00 765.04
383.00 765.04
382.00 765.04
381.04 766.00
381.00 766.04
380.00 766.04
379.04 767.00
379.00 767.04
378.04 768.00
378.00 768.04
377.00 768.04
376.04 769.00
376.00 769.04
375.04 770.00
375.00 770.04
374.04 771.00
374.00 771.04
373.04 772.00
373.04 773.00
373.00 773.04
372.04 774.00
372.00 774.04
371.04 775.00
371.00 775.04
370.04 776.00
370.04 777.00
370.00 777.04
369.04 778.00
369.04 779.00
369.00 779.04
368.04 780.00
368.04 781.00
368.04 782.00
368.00 782.04
367.04 783.00
367.04 784.00
367.04 785.00
367.04 786.00
367.00 786.04
366.04 787.00
366.04 788.00
366.04 789.00
366.04 790.00
366.04 791.00
366.04 792.00
366.04 793.00
366.04 794.00
366.04 795.00
366.04 796.00
366.04 797.00
366.04 798.00
366.04 799.00
367.00 799.96
367.04 800.00
367.04 801.00
367.04 802.00
367.04 803.00
368.00 803.96
368.04 804.00
368.04 805.00
369.00 805.96
369.04 806.00
369.04 807.00
370.00 807.96
370.04 808.00
370.04 809.00
371.00 809.96
371.04 810.00
371.04 811.00
372.00 811.96
372.04 812.00
372.04 813.00
373.00 813.96
373.04 814.00
374.00 814.96
374.04 815.00
374.04 816.00
375.00 816.96
375.04 817.00
376.00 817.96
376.04 818.00
376.04 819.00
377.00 819.96
377.04 820.00
378.00 820.96
378.04 821.00
379.00 821.96
379.04 822.00
380.00 822.96
380.04 823.00
381.00 823.96
382.00 823.96
382.04 824.00
383.00 824.96
383.04 825.00
384.00 825.96
384.04 826.00
385.00 826.96
386.00 826.96
386.04 827.00
387.00 827.96
388.00 827.96
388.04 828.00
389.00 828.96
390.00 828.96
390.04 829.00
391.00 829.96
392.00 829.96
392.04 830.00
393.00 830.96
394.00 830.96
394.04 831.00
395.00 831.96
396.00 831.96
397.00 831.96
398.00 831.96
399.00 831.96
399.04 832.00
400.00 832.96
401.00 832.96
402.00 832.96
403.00 832.96
404.00 832.96
405.00 832.96
405.96 832.00
406.00 831.96
407.00 831.96
408.00 831.96
409.00 831.96
410.00 831.96
410.96 831.00
411.00 830.96
412.00 830.96
412.96 830.00
413.00 829.96
414.00 829.96
414.96 829.00
415.00 828.96
415.96 828.00
416.00 827.96
417.00 827.96
417.96 827.00
418.00 826.96
418.96 826.00
419.00 825.96
419.96 825.00
419.96 824.00
420.00 823.96
420.96 823.00
421.00 822.96
421.96 822.00
422.00 821.96
422.96 821.00
423.00 820.96
423.96 820.00
423.96 819.00
424.00 818.96
424.96 818.00
425.00 817.96
425.96 817.00
425.96 816.00
426.00 815.96
426.96 815.00
426.96 814.00
427.00 813.96
427.96 813.00
427.96 812.00
427.96 811.00
428.00 810.96
428.96 810.00
428.96 809.00
429.00 808.96
429.96 808.00
429.96 807.00
430.00 806.96
430.96 806.00
431.00 805.96
431.96 805.00
431.96 804.00
431.96 803.00
431.96 802.00
432.00 801.96
432.96 801.00
432.96 800.00
433.00 799.96
433.96 799.00
433.96 798.00
433.96 797.00
433.96 796.00
434.00 795.96
434.96 795.00

Contour 12:
472.96 625.00
472.96 624.00
472.96 623.00
472.96 622.00
472.96 621.00
472.96 620.00
472.96 619.00
472.96 618.00
472.96 617.00
472.96 616.00
472.96 615.00
472.96 614.00
472.96 613.00
472.96 612.00
472.96 611.00
472.96 610.00
472.00 609.04
471.96 609.00
471.96 608.00
471.96 607.00
471.96 606.00
471.96 605.00
471.00 604.04
470.96 604.00
470.96 603.00
470.96 602.00
470.00 601.04
469.96 601.00
469.96 600.00
469.00 599.04
468.96 599.00
468.96 598.00
468.00 597.04
467.96 597.00
467.00 596.04
466.96 596.00
466.00 595.04
465.96 595.00
465.00 594.04
464.96 594.00
464.00 593.04
463.96 593.00
463.00 592.04
462.96 592.00
462.00 591.04
461.96 591.00
461.00 590.04
460.96 590.00
460.00 589.04
459.00 589.04
458.96 589.00
458.00 588.04
457.00 588.04
456.96 588.00
456.00 587.04
455.00 587.04
454.96 587.00
454.00 586.04
453.00 586.04
452.00 586.04
451.96 586.00
451.00 585.04
450.00 585.04
449.00 585.04
448.00 585.04
447.00 585.04
446.00 585.04
445.96 585.00
445.00 584.04
444.04 585.00
444.00 585.04
443.00 585.04
442.96 585.00
442.00 584.04
441.00 584.04
440.04 585.00
440.00 585.04
439.00 585.04
438.00 585.04
437.00 585.04
436.04 586.00
436.00 586.04
435.00 586.04
434.00 586.04
433.04 587.00
433.00 587.04
432.00 587.04
431.04 588.00
431.00 588.04
430.00 588.04
429.04 589.00
429.00 589.04
428.00 589.04
427.04 590.00
427.00 590.04
426.00 590.04
425.04 591.00
425.00 591.04
424.00 591.04
423.04 592.00
423.00 592.04
422.04 593.00
422.00 593.04
421.04 594.00
421.00 594.04
420.04 595.00
420.00 595.04
419.04 596.00
419.00 596.04
418.04 597.00
418.00 597.04
417.04 598.00
417.00 598.04
416.04 599.00
416.00 599.04
415.04 600.00
415.04 601.00
415.00 601.04
414.04 602.00
414.04 603.00
414.00 603.04
413.04 604.00
413.04 605.00
413.00 605.04
412.04 606.00
412.04 607.00
412.00 607.04
411.04 608.00
411.04 609.00
411.04 610.00
411.00 610.04
410.04 611.00
410.04 612.00
410.04 613.00
410.04 614.00
410.04 615.00
410.04 616.00
410.04 617.00
410.00 617.04
409.04 618.00
409.04 619.00
409.04 620.00
410.00 620.96
410.04 621.00
410.04 622.00
410.04 623.00
410.04 624.00
410.04 625.00
411.00 625.96
411.04 626.00
411.04 627.00
411.04 628.00
412.00 628.96
412.04 629.00
412.04 630.00
412.04 631.00
413.00 631.96
413.04 632.00
413.04 633.00
414.00 633.96
414.04 634.00
414.04 635.00
415.00 635.96
415.04 636.00
415.04 637.00
416.00 637.96
416.04 638.00
417.00 638.96
417.04 639.00
417.04 640.00
418.00 640.96
418.04 641.00
419.00 641.96
419.04 642.00
420.00 642.96
420.04 643.00
421.00 643.96
421.04 644.00
422.00 644.96
422.04 645.00
423.00 645.96
423.04 646.00
424.00 646.96
425.00 646.96
425.04 647.00
426.00 647.96
426.04 648.00
427.00 648.96
428.00 648.96
428.04 649.00
429.00 649.96
430.00 649.96
430.04 650.00
431.00 650.96
432.00 650.96
433.00 650.96
433.04 651.00
434.00 651.96
435.00 651.96
436.00 651.96
437.00 651.96
438.00 651.96
439.00 651.96
440.00 651.96
441.00 651.96
442.00 651.96
443.00 651.96
444.00 651.96
445.00 651.96
446.00 651.96
447.00 651.96
447.96 651.00
448.00 650.96
449.00 650.96
450.00 650.96
450.96 650.00
451.00 649.96
452.00 649.96
453.00 649.96
453.96 649.00
454.00 648.96
455.00 648.96
456.00 648.96
456.96 648.00
457.00 647.96
458.00 647.96
458.96 647.00
459.00 646.96
459.96 646.00
460.00 645.96
460.96 645.00
461.00 644.96
461.96 644.00
462.00 643.96
463.00 643.96
463.96 643.00
463.96 642.00
464.00 641.96
464.96 641.00
465.00 640.96
465.96 640.00
466.00 639.96
466.96 639.00
467.00 638.96
467.96 638.00
467.96 637.00
468.00 636.96
468.96 636.00
469.00 635.96
469.96 635.00
469.96 634.00
469.96 633.00
470.00 632.96
470.96 632.00
470.96 631.00
470.96 630.00
471.00 629.96
471.96 629.00
471.96 628.00
471.96 627.00
471.96 626.00
472.00 625.96
472.96 625.00

Contour 13:
508.97 140.00
508.97 139.00
508.97 138.00
508.97 137.00
508.97 136.00
508.97 135.00
508.97 134.00
508.97 133.00
508.97 132.00
508.97 131.00
508.97 130.00
508.97 129.00
508.97 128.00
508.97 127.00
508.00 126.03
507.97 126.00
507.97 125.00
507.97 124.00
507.97 123.00
507.00 122.03
506.97 122.00
506.97 121.00
506.00 120.03
505.97 120.00
505.97 119.00
505.00 118.03
504.97 118.00
504.97 117.00
504.00 116.03
503.97 116.00
503.00 115.03
502.97 115.00
502.97 114.00
502.00 113.03
501.97 113.00
501.00 112.03
500.97 112.00
500.97 111.00
500.00 110.03
499.97 110.00
499.00 109.03
498.97 109.00
498.00 108.03
497.00 108.03
496.97 108.00
496.00 107.03
495.97 107.00
495.00 106.03
494.00 106.03
493.97 106.00
493.00 105.03
492.00 105.03
491.00 105.03
490.97 105.00
490.00 104.03
489.00 104.03
488.00 104.03
487.00 104.03
486.00 104.03
485.03 105.00
485.00 105.03
484.00 105.03
483.00 105.03
482.00 105.03
481.00 105.03
480.03 106.00
480.00 106.03
479.00 106.03
478.00 106.03
477.03 107.00
477.00 107.03
476.00 107.03
475.03 108.00
475.00 108.03
474.03 109.00
474.00 109.03
473.00 109.03
472.03 110.00
472.00 110.03
471.00 110.03
470.03 111.00
470.00 111.03
469.03 112.00
469.00 112.03
468.00 112.03
467.03 113.00
467.00 113.03
466.03 114.00
466.00 114.03
465.03 115.00
465.00 115.03
464.03 116.00
464.03 117.00
464.00 117.03
463.03 118.00
463.00 118.03
462.03 119.00
462.03 120.00
462.00 120.03
461.03 121.00
461.00 121.03
460.03 122.00
460.03 123.00
460.00 123.03
459.03 124.00
459.00 124.03
458.03 125.00
458.03 126.00
458.00 126.03
457.03 127.00
457.03 128.00
457.00 128.03
456.03 129.00
456.03 130.00
456.03 131.00
456.00 131.03
455.03 132.00
455.03 133.00
455.03 134.00
455.03 135.00
455.03 136.00
455.00 136.03
454.03 137.00
454.03 138.00
454.03 139.00
454.03 140.00
454.03 141.00
454.03 142.00
454.03 143.00
454.03 144.00
454.03 145.00
454.03 146.00
454.03 147.00
454.03 148.00
454.03 149.00
454.03 150.00
455.00 150.97
455.03 151.00
455.03 152.00
456.00 152.97
456.03 153.00
456.03 154.00
456.03 155.00
457.00 155.97
457.03 156.00
457.03 157.00
458.00 157.97
458.03 158.00
459.00 158.97
459.03 159.00
459.03 160.00
460.00 160.97
460.03 161.00
461.00 161.97
461.03 162.00
462.00 162.97
462.03 163.00
463.00 163.97
463.03 164.00
464.00 164.97
464.03 165.00
465.00 165.97
465.03 166.00
466.00 166.97
467.00 166.97
467.03 167.00
468.00 167.97
468.03 168.00
469.00 168.97
470.00 168.97
470.03 169.00
471.00 169.97
472.00 169.97
473.00 169.97
473.03 170.00
474.00 170.97
475.00 170.97
476.00 170.97
477.00 170.97
478.00 170.97
479.00 170.97
479.03 171.00
480.00 171.97
481.00 171.97
481.97 171.00
482.00 170.97
483.00 170.97
484.00 170.97
485.00 170.97
486.00 170.97
487.00 170.97
488.00 170.97
488.97 170.00
489.00 169.97
490.00 169.97
491.00 169.97
491.97 169.00
492.00 168.97
493.00 168.97
493.97 168.00
494.00 167.97
494.97 167.00
495.00 166.97
496.00 166.97
496.97 166.00
497.00 165.97
497.97 165.00
498.00 164.97
498.97 164.00
498.97 163.00
499.00 162.97
499.97 162.00
500.00 161.97
500.97 161.00
501.00 160.97
501.97 160.00
502.00 159.97
502.97 159.00
502.97 158.00
503.00 157.97
503.97 157.00
503.97 156.00
504.00 155.97
504.97 155.00
504.97 154.00
505.00 153.97
505.97 153.00
505.97 152.00
505.97 151.00
506.00 150.97
506.97 150.00
506.97 149.00
506.97 148.00
506.97 147.00
507.00 146.97
507.97 146.00
507.97 145.00
507.97 144.00
507.97 143.00
507.97 142.00
507.97 141.00
508.00 140.97
508.97 140.00

Contour 14:
506.03 0.00
506.00 0.03
505.00 0.03
504.00 0.03
503.00 0.03
502.03 1.00
502.00 1.03
501.00 1.03
500.00 1.03
499.03 2.00
499.03 3.00
499.03 4.00
499.03 5.00
500.00 5.97
500.03 6.00
501.00 6.97
501.03 7.00
502.00 7.97
502.03 8.00
503.00 8.97
504.00 8.97
504.03 9.00
505.00 9.97
506.00 9.97
506.03 10.00
507.00 10.97
508.00 10.97
509.00 10.97
510.00 10.97
510.03 11.00
511.00 11.97
512.00 11.97
513.00 11.97
514.00 11.97
515.00 11.97
516.00 11.97
516.03 12.00
517.00 12.97
518.00 12.97
519.00 12.97
519.03 13.00
520.00 13.97
521.00 13.97
521.03 14.00
522.00 14.97
523.00 14.97
523.03 15.00
524.00 15.97
525.00 15.97
526.00 15.97
527.00 15.97
527.03 16.00
528.00 16.97
529.00 16.97
530.00 16.97
531.00 16.97
532.00 16.97
533.00 16.97
533.97 16.00
534.00 15.97
535.00 15.97
536.00 15.97
536.97 15.00
537.00 14.97
538.00 14.97
538.97 14.00
539.00 13.97
540.00 13.97
540.97 13.00
541.00 12.97
541.97 12.00
542.00 11.97
542.97 11.00
543.00 10.97
543.97 10.00
543.97 9.00
544.00 8.97
544.97 8.00
544.97 7.00
545.00 6.97
545.97 6.00
545.00 5.03
544.97 5.00
544.97 4.00
544.00 3.03
543.00 3.03
542.97 3.00
542.00 2.03
541.97 2.00
541.00 1.03
540.00 1.03
539.00 1.03
538.00 1.03
537.97 1.00
537.00 0.03
536.00 0.03
535.00 0.03
534.97 0.00

Contour 15:
552.97 519.00
552.97 518.00
552.97 517.00
552.97 516.00
552.97 515.00
552.97 514.00
552.97 513.00
552.97 512.00
552.97 511.00
552.00 510.03
551.97 510.00
551.97 509.00
551.00 508.03
550.97 508.00
550.97 507.00
550.00 506.03
549.97 506.00
549.00 505.03
548.97 505.00
548.00 504.03
547.97 504.00
547.00 503.03
546.97 503.00
546.97 502.00
546.00 501.03
545.97 501.00
545.00 500.03
544.00 500.03
543.97 500.00
543.00 499.03
542.97 499.00
542.00 498.03
541.00 498.03
540.97 498.00
540.00 497.03
539.00 497.03
538.00 497.03
537.00 497.03
536.97 497.00
536.00 496.03
535.00 496.03
534.00 496.03
533.00 496.03
532.03 497.00
532.00 497.03
531.00 497.03
530.00 497.03
529.03 498.00
529.00 498.03
528.00 498.03
527.03 499.00
527.00 499.03
526.03 500.00
526.00 500.03
525.03 501.00
525.00 501.03
524.03 502.00
524.00 502.03
523.03 503.00
523.03 504.00
523.00 504.03
522.03 505.00
522.00 505.03
521.03 506.00
521.03 507.00
521.03 508.00
521.03 509.00
521.03 510.00
521.03 511.00
521.03 512.00
522.00 512.97
522.03 513.00
522.03 514.00
523.00 514.97
523.03 515.00
524.00 515.97
524.03 516.00
524.03 517.00
525.00 517.97
525.03 518.00
526.00 518.97
526.03 519.00
526.03 520.00
527.00 520.97
527.03 521.00
528.00 521.97
528.03 522.00
528.03 523.00
529.00 523.97
529.03 524.00
530.00 524.97
531.00 524.97
531.03 525.00
532.00 525.97
533.00 525.97
533.03 526.00
534.00 526.97
535.00 526.97
535.03 527.00
536.00 527.97
537.00 527.97
538.00 527.97
539.00 527.97
540.00 527.97
541.00 527.97
542.00 527.97
543.00 527.97
544.00 527.97
544.97 527.00
545.00 526.97
546.00 526.97
547.00 526.97
547.97 526.00
548.00 525.97
548.97 525.00
549.00 524.97
549.97 524.00
550.00 523.97
550.97 523.00
551.00 522.97
551.97 522.00
551.97 521.00
551.97 520.00
552.00 519.97
552.97 519.00

Contour 16:
607.97 639.00
607.97 638.00
607.97 637.00
607.97 636.00
607.97 635.00
607.97 634.00
607.97 633.00
607.97 632.00
607.97 631.00
607.97 630.00
607.97 629.00
607.97 628.00
607.97 627.00
607.00 626.03
606.97 626.00
606.97 625.00
606.97 624.00
606.00 623.03
605.97 623.00
605.97 622.00
605.00 621.03
604.97 621.00
604.00 620.03
603.97 620.00
603.97 619.00
603.00 618.03
602.97 618.00
602.00 617.03
601.97 617.00
601.00 616.03
600.97 616.00
600.00 615.03
599.97 615.00
599.00 614.03
598.97 614.00
598.00 613.03
597.97 613.00
597.00 612.03
596.97 612.00
596.00 611.03
595.00 611.03
594.97 611.00
594.00 610.03
593.97 610.00
593.00 609.03
592.00 609.03
591.97 609.00
591.00 608.03
590.00 608.03
589.97 608.00
589.00 607.03
588.00 607.03
587.97 607.00
587.00 606.03
586.00 606.03
585.97 606.00
585.00 605.03
584.00 605.03
583.00 605.03
582.97 605.00
582.00 604.03
581.00 604.03
580.00 604.03
579.97 604.00
579.00 603.03
578.00 603.03
577.00 603.03
576.00 603.03
575.00 603.03
574.00 603.03
573.00 603.03
572.00 603.03
571.00 603.03
570.00 603.03
569.03 604.00
569.00 604.03
568.00 604.03
567.00 604.03
566.00 604.03
565.00 604.03
564.03 605.00
564.00 605.03
563.00 605.03
562.00 605.03
561.00 605.03
560.03 606.00
560.00 606.03
559.00 606.03
558.03 607.00
558.00 607.03
557.00 607.03
556.00 607.03
555.03 608.00
555.00 608.03
554.00 608.03
553.03 609.00
553.00 609.03
552.00 609.03
551.03 610.00
551.00 610.03
550.03 611.00
550.00 611.03
549.03 612.00
549.00 612.03
548.03 613.00
548.00 613.03
547.03 614.00
547.03 615.00
547.00 615.03
546.03 616.00
546.00 616.03
545.03 617.00
545.03 618.00
545.00 618.03
544.03 619.00
544.03 620.00
544.00 620.03
543.03 621.00
543.03 622.00
543.03 623.00
543.00 623.03
542.03 624.00
542.03 625.00
542.03 626.00
542.03 627.00
542.00 627.03
541.03 628.00
541.03 629.00
541.03 630.00
541.03 631.00
541.03 632.00
541.03 633.00
541.03 634.00
541.03 635.00
541.03 636.00
541.03 637.00
541.03 638.00
541.03 639.00
541.03 640.00
541.03 641.00
541.03 642.00
541.03 643.00
541.03 644.00
541.03 645.00
542.00 645.97
542.03 646.00
542.03 647.00
542.03 648.00
542.03 649.00
543.00 649.97
543.03 650.00
543.03 651.00
544.00 651.97
544.03 652.00
544.03 653.00
544.03 654.00
545.00 654.97
545.03 655.00
546.00 655.97
546.03 656.00
546.03 657.00
547.00 657.97
547.03 658.00
548.00 658.97
548.03 659.00
549.00 659.97
549.03 660.00
550.00 660.97
550.03 661.00
551.00 661.97
551.03 662.00
552.00 662.97
553.00 662.97
553.03 663.00
554.00 663.97
554.03 664.00
555.00 664.97
556.00 664.97
556.03 665.00
557.00 665.97
558.00 665.97
558.03 666.00
559.00 666.97
560.00 666.97
561.00 666.97
561.03 667.00
562.00 667.97
563.00 667.97
564.00 667.97
564.03 668.00
565.00 668.97
566.00 668.97
567.00 668.97
568.00 668.97
568.03 669.00
569.00 669.97
570.00 669.97
571.00 669.97
572.00 669.97
573.00 669.97
574.00 669.97
575.00 669.97
576.00 669.97
577.00 669.97
578.00 669.97
579.00 669.97
580.00 669.97
581.00 669.97
581.97 669.00
582.00 668.97
583.00 668.97
584.00 668.97
585.00 668.97
585.97 668.00
586.00 667.97
587.00 667.97
587.97 667.00
588.00 666.97
589.00 666.97
589.97 666.00
590.00 665.97
591.00 665.97
591.97 665.00
592.00 664.97
592.97 664.00
593.00 663.97
593.97 663.00
594.00 662.97
594.97 662.00
595.00 661.97
595.97 661.00
596.00 660.97
596.97 660.00
597.00 659.97
597.97 659.00
598.00 658.97
598.97 658.00
598.97 657.00
599.00 656.97
599.97 656.00
600.00 655.97
600.97 655.00
601.00 654.97
601.97 654.00
601.97 653.00
602.00 652.97
602.97 652.00
602.97 651.00
603.00 650.97
603.97 650.00
603.97 649.00
604.00 648.97
604.97 648.00
604.97 647.00
605.00 646.97
605.97 646.00
605.97 645.00
605.97 644.00
606.00 643.97
606.97 643.00
606.97 642.00
606.97 641.00
606.97 640.00
607.00 639.97
607.97 639.00

Contour 17:
672.97 417.00
672.97 416.00
672.97 415.00
672.97 414.00
672.97 413.00
672.97 412.00
672.97 411.00
672.97 410.00
672.97 409.00
672.97 408.00
672.97 407.00
672.97 406.00
672.97 405.00
672.00 404.03
671.97 404.00
671.97 403.00
671.97 402.00
671.97 401.00
671.97 400.00
671.97 399.00
671.97 398.00
671.97 397.00
671.00 396.03
670.97 396.00
670.97 395.00
670.00 394.03
669.97 394.00
669.97 393.00
669.97 392.00
669.00 391.03
668.97 391.00
668.00 390.03
667.97 390.00
667.97 389.00
667.00 388.03
666.97 388.00
666.00 387.03
665.97 387.00
665.00 386.03
664.97 386.00
664.00 385.03
663.97 385.00
663.00 384.03
662.97 384.00
662.00 383.03
661.97 383.00
661.00 382.03
660.00 382.03
659.97 382.00
659.00 381.03
658.00 381.03
657.97 381.00
657.00 380.03
656.97 380.00
656.00 379.03
655.00 379.03
654.97 379.00
654.00 378.03
653.00 378.03
652.97 378.00
652.00 377.03
651.00 377.03
650.00 377.03
649.97 377.00
649.00 376.03
648.00 376.03
647.00 376.03
646.00 376.03
645.97 376.00
645.00 375.03
644.00 375.03
643.00 375.03
642.00 375.03
641.00 375.03
640.00 375.03
639.00 375.03
638.00 375.03
637.00 375.03
636.00 375.03
635.00 375.03
634.00 375.03
633.00 375.03
632.00 375.03
631.00 375.03
630.03 376.00
630.00 376.03
629.00 376.03
628.00 376.03
627.03 377.00
627.00 377.03
626.00 377.03
625.03 378.00
625.00 378.03
624.00 378.03
623.00 378.03
622.03 379.00
622.00 379.03
621.00 379.03
620.03 380.00
620.00 380.03
619.00 380.03
618.03 381.00
618.00 381.03
617.03 382.00
617.00 382.03
616.03 383.00
616.00 383.03
615.00 383.03
614.03 384.00
614.00 384.03
613.03 385.00
613.00 385.03
612.03 386.00
612.03 387.00
612.00 387.03
611.03 388.00
611.00 388.03
610.03 389.00
610.00 389.03
609.03 390.00
609.00 390.03
608.03 391.00
608.03 392.00
608.00 392.03
607.03 393.00
607.00 393.03
606.03 394.00
606.03 395.00
606.00 395.03
605.03 396.00
605.03 397.00
605.00 397.03
604.03 398.00
604.03 399.00
604.03 400.00
604.03 401.00
604.03 402.00
604.00 402.03
603.03 403.00
603.03 404.00
603.03 405.00
603.03 406.00
603.03 407.00
603.03 408.00
603.03 409.00
603.03 410.00
603.03 411.00
603.03 412.00
603.03 413.00
603.03 414.00
603.03 415.00
603.03 416.00
603.03 417.00
603.03 418.00
603.03 419.00
604.00 419.97
604.03 420.00
604.03 421.00
604.03 422.00
604.03 423.00
605.00 423.97
605.03 424.00
605.03 425.00
606.00 425.97
606.03 426.00
606.03 427.00
606.03 428.00
607.00 428.97
607.03 429.00
607.03 430.00
608.00 430.97
608.03 431.00
609.00 431.97
609.03 432.00
609.03 433.00
610.00 433.97
610.03 434.00
611.00 434.97
611.03 435.00
612.00 435.97
612.03 436.00
613.00 436.97
613.03 437.00
614.00 437.97
614.03 438.00
615.00 438.97
616.00 438.97
616.03 439.00
617.00 439.97
617.03 440.00
618.00 440.97
619.00 440.97
619.03 441.00
620.00 441.97
621.00 441.97
621.03 442.00
622.00 442.97
623.00 442.97
624.00 442.97
624.03 443.00
625.00 443.97
626.00 443.97
626.03 444.00
627.00 444.97
628.00 444.97
629.00 444.97
630.00 444.97
631.00 444.97
631.03 445.00
632.00 445.97
633.00 445.97
634.00 445.97
635.00 445.97
636.00 445.97
637.00 445.97
638.00 445.97
638.97 445.00
639.00 444.97
640.00 444.97
641.00 444.97
642.00 444.97
643.00 444.97
644.00 444.97
645.00 444.97
645.97 444.00
646.00 443.97
647.00 443.97
648.00 443.97
648.97 443.00
649.00 442.97
650.00 442.97
650.97 442.00
651.00 441.97
652.00 441.97
652.97 441.00
653.00 440.97
654.00 440.97
654.97 440.00
655.00 439.97
656.00 439.97
656.97 439.00
657.00 438.97
657.97 438.00
658.00 437.97
659.00 437.97
659.97 437.00
660.00 436.97
660.97 436.00
661.00 435.97
661.97 435.00
662.00 434.97
662.97 434.00
663.00 433.97
663.97 433.00
664.00 432.97
664.97 432.00
664.97 431.00
665.00 430.97
665.97 430.00
666.00 429.97
666.97 429.00
667.00 428.97
667.97 428.00
667.97 427.00
668.00 426.97
668.97 426.00
668.97 425.00
669.00 424.97
669.97 424.00
669.97 423.00
670.00 422.97
670.97 422.00
670.97 421.00
671.00 420.97
671.97 420.00
671.97 419.00
671.97 418.00
672.00 417.97
672.97 417.00

Contour 18:
682.98 101.00
682.98 100.00
682.98 99.00
682.98 98.00
682.98 97.00
682.98 96.00
682.98 95.00
682.98 94.00
682.98 93.00
682.98 92.00
682.98 91.00
682.98 90.00
682.00 89.03
681.98 89.00
681.98 88.00
681.00 87.03
680.98 87.00
680.98 86.00
680.00 85.03
679.98 85.00
679.98 84.00
679.00 83.03
678.98 83.00
678.98 82.00
678.00 81.03
677.98 81.00
677.98 80.00
677.00 79.03
676.98 79.00
676.98 78.00
676.00 77.03
675.98 77.00
675.00 76.03
674.98 76.00
674.00 75.03
673.98 75.00
673.00 74.03
672.98 74.00
672.00 73.03
671.98 73.00
671.00 72.03
670.98 72.00
670.00 71.03
669.98 71.00
669.00 70.03
668.98 70.00
668.00 69.03
667.98 69.00
667.00 68.03
666.00 68.03
665.98 68.00
665.00 67.03
664.98 67.00
664.00 66.03
663.00 66.03
662.98 66.00
662.00 65.03
661.00 65.03
660.98 65.00
660.00 64.03
659.00 64.03
658.98 64.00
658.00 63.02
657.00 63.02
656.00 63.02
655.98 63.00
655.00 62.02
654.00 62.02
653.00 62.02
652.00 62.02
651.00 62.02
650.00 62.02
649.00 62.02
648.00 62.02
647.00 62.02
646.00 62.02
645.00 62.02
644.00 62.02
643.00 62.02
642.00 62.02
641.02 63.00
641.00 63.02
640.00 63.02
639.00 63.02
638.02 64.00
638.00 64.03
637.00 64.03
636.02 65.00
636.00 65.03
635.00 65.03
634.02 66.00
634.00 66.03
633.02 67.00
633.00 67.03
632.00 67.03
631.02 68.00
631.00 68.03
630.00 68.03
629.02 69.00
629.00 69.03
628.02 70.00
628.00 70.03
627.02 71.00
627.00 71.03
626.00 71.03
625.02 72.00
625.00 72.03
624.02 73.00
624.00 73.03
623.02 74.00
623.00 74.03
622.02 75.00
622.00 75.03
621.02 76.00
621.00 76.03
620.02 77.00
620.02 78.00
620.00 78.03
619.02 79.00
619.00 79.03
618.02 80.00
618.02 81.00
618.02 82.00
618.02 83.00
618.00 83.03
617.02 84.00
617.02 85.00
617.02 86.00
617.02 87.00
617.02 88.00
617.02 89.00
617.02 90.00
618.00 90.97
618.02 91.00
618.02 92.00
618.02 93.00
618.02 94.00
618.02 95.00
619.00 95.97
619.02 96.00
619.02 97.00
619.02 98.00
620.00 98.97
620.02 99.00
620.02 100.00
621.00 100.97
621.02 101.00
621.02 102.00
622.00 102.97
622.02 103.00
622.02 104.00
623.00 104.97
623.02 105.00
623.02 106.00
624.00 106.97
624.02 107.00
625.00 107.97
625.02 108.00
625.02 109.00
626.00 109.97
626.02 110.00
627.00 110.97
627.02 111.00
628.00 111.97
628.02 112.00
628.02 113.00
629.00 113.97
629.02 114.00
630.00 114.97
631.00 114.97
631.02 115.00
632.00 115.97
632.02 116.00
633.00 116.97
634.00 116.97
634.02 117.00
635.00 117.97
636.00 117.97
636.02 118.00
637.00 118.97
638.00 118.97
638.02 119.00
639.00 119.97
640.00 119.97
640.02 120.00
641.00 120.97
642.00 120.97
643.00 120.97
644.00 120.97
645.00 120.97
646.00 120.97
646.02 121.00
647.00 121.97
648.00 121.97
648.98 121.00
649.00 120.97
650.00 120.97
651.00 120.97
652.00 120.97
653.00 120.97
654.00 120.97
655.00 120.97
656.00 120.97
657.00 120.97
657.98 120.00
658.00 119.97
659.00 119.97
660.00 119.97
661.00 119.97
661.98 119.00
662.00 118.97
663.00 118.97
664.00 118.97
664.98 118.00
665.00 117.97
666.00 117.97
667.00 117.97
667.98 117.00
668.00 116.97
669.00 116.97
669.98 116.00
670.00 115.97
671.00 115.97
671.98 115.00
672.00 114.97
672.98 114.00
673.00 113.97
673.98 113.00
674.00 112.97
675.00 112.97
675.98 112.00
676.00 111.97
676.98 111.00
677.00 110.97
677.98 110.00
677.98 109.00
678.00 108.97
678.98 108.00
679.00 107.97
679.98 107.00
680.00 106.97
680.98 106.00
680.98 105.00
681.00 104.97
681.98 104.00
681.98 103.00
681.98 102.00
682.00 101.97
682.98 101.00

Contour 19:
670.98 520.00
670.98 519.00
670.00 518.02
669.98 518.00
669.98 517.00
669.98 516.00
669.98 515.00
669.00 514.02
668.98 514.00
668.98 513.00
668.98 512.00
668.00 511.02
667.98 511.00
667.98 510.00
667.98 509.00
667.00 508.02
666.98 508.00
666.98 507.00
666.00 506.02
665.98 506.00
665.98 505.00
665.98 504.00
665.00 503.02
664.98 503.00
664.98 502.00
664.00 501.02
663.98 501.00
663.98 500.00
663.00 499.02
662.98 499.00
662.00 498.02
661.98 498.00
661.00 497.02
660.98 497.00
660.00 496.02
659.98 496.00
659.00 495.02
658.98 495.00
658.00 494.02
657.00 494.02
656.98 494.00
656.00 493.02
655.00 493.02
654.98 493.00
654.00 492.02
653.00 492.02
652.98 492.00
652.00 491.02
651.00 491.02
650.98 491.00
650.00 490.02
649.00 490.02
648.00 490.02
647.98 490.00
647.00 489.02
646.00 489.02
645.00 489.02
644.00 489.02
643.00 489.02
642.00 489.02
641.00 489.02
640.00 489.02
639.00 489.02
638.00 489.02
637.00 489.02
636.02 490.00
636.00 490.02
635.00 490.02
634.00 490.02
633.00 490.02
632.02 491.00
632.00 491.02
631.00 491.02
630.00 491.02
629.00 491.02
628.02 492.00
628.00 492.02
627.00 492.02
626.00 492.02
625.00 492.02
624.02 493.00
624.00 493.02
623.00 493.02
622.02 494.00
622.00 494.02
621.02 495.00
621.00 495.02
620.02 496.00
620.02 497.00
620.00 497.02
619.02 498.00
619.02 499.00
619.02 500.00
619.00 500.02
618.02 501.00
618.02 502.00
618.00 502.02
617.02 503.00
617.02 504.00
617.02 505.00
617.02 506.00
617.02 507.00
617.02 508.00
617.02 509.00
617.02 510.00
617.02 511.00
617.02 512.00
617.02 513.00
617.02 514.00
618.00 514.98
618.02 515.00
618.02 516.00
618.02 517.00
618.02 518.00
618.02 519.00
618.02 520.00
619.00 520.98
619.02 521.00
619.02 522.00
619.02 523.00
620.00 523.98
620.02 524.00
620.02 525.00
621.00 525.98
621.02 526.00
621.02 527.00
622.00 527.98
622.02 528.00
622.02 529.00
623.00 529.98
623.02 530.00
623.02 531.00
624.00 531.98
624.02 532.00
624.02 533.00
625.00 533.98
625.02 534.00
626.00 534.98
626.02 535.00
626.02 536.00
627.00 536.98
627.02 537.00
628.00 537.98
628.02 538.00
629.00 538.98
629.02 539.00
630.00 539.98
630.02 540.00
631.00 540.98
631.02 541.00
632.00 541.98
632.02 542.00
633.00 542.98
634.00 542.98
634.02 543.00
635.00 543.98
636.00 543.98
636.02 544.00
637.00 544.98
638.00 544.98
639.00 544.98
640.00 544.98
641.00 544.98
641.02 545.00
642.00 545.98
643.00 545.98
644.00 545.98
645.00 545.98
646.00 545.98
646.98 545.00
647.00 544.98
648.00 544.98
649.00 544.98
650.00 544.98
651.00 544.98
651.98 544.00
652.00 543.98
653.00 543.98
653.98 543.00
654.00 542.98
654.98 542.00
655.00 541.98
656.00 541.98
656.98 541.00
657.00 540.98
657.98 540.00
658.00 539.98
658.98 539.00
659.00 538.98
659.98 538.00
660.00 537.98
660.98 537.00
660.98 536.00
661.00 535.98
661.98 535.00
662.00 534.98
662.98 534.00
663.00 533.98
663.98 533.00
663.98 532.00
664.00 531.98
664.98 531.00
665.00 530.98
665.98 530.00
665.98 529.00
666.00 528.98
666.98 528.00
667.00 527.98
667.98 527.00
667.98 526.00
668.00 525.98
668.98 525.00
669.00 524.98
669.98 524.00
669.98 523.00
669.98 522.00
669.98 521.00
670.00 520.98
670.98 520.00

Contour 20:
703.98 886.00
703.98 885.00
703.98 884.00
703.00 883.02
702.98 883.00
702.98 882.00
702.98 881.00
702.98 880.00
702.98 879.00
702.00 878.02
701.98 878.00
701.98 877.00
701.00 876.02
700.98 876.00
700.00 875.02
699.98 875.00
699.00 874.02
698.98 874.00
698.98 873.00
698.00 872.02
697.98 872.00
697.00 871.02
696.98 871.00
696.00 870.02
695.98 870.00
695.00 869.02
694.98 869.00
694.00 868.02
693.98 868.00
693.00 867.02
692.98 867.00
692.00 866.02
691.98 866.00
691.00 865.02
690.98 865.00
690.00 864.02
689.98 864.00
689.00 863.02
688.98 863.00
688.00 862.02
687.98 862.00
687.00 861.02
686.98 861.00
686.00 860.02
685.98 860.00
685.00 859.02
684.98 859.00
684.00 858.02
683.98 858.00
683.00 857.02
682.98 857.00
682.00 856.02
681.98 856.00
681.00 855.02
680.98 855.00
680.00 854.02
679.98 854.00
679.00 853.02
678.98 853.00
678.00 852.02
677.98 852.00
677.00 851.02
676.98 851.00
676.00 850.02
675.00 850.02
674.98 850.00
674.00 849.02
673.98 849.00
673.00 848.02
672.98 848.00
672.00 847.02
671.00 847.02
670.98 847.00
670.00 846.02
669.00 846.02
668.00 846.02
667.98 846.00
667.00 845.02
666.00 845.02
665.98 845.00
665.00 844.02
664.00 844.02
663.00 844.02
662.00 844.02
661.00 844.02
660.00 844.02
659.00 844.02
658.00 844.02
657.00 844.02
656.00 844.02
655.02 845.00
655.00 845.02
654.00 845.02
653.00 845.02
652.02 846.00
652.00 846.02
651.00 846.02
650.02 847.00
650.00 847.02
649.00 847.02
648.02 848.00
648.00 848.02
647.02 849.00
647.00 849.02
646.00 849.02
645.02 850.00
645.00 850.02
644.00 850.02
643.02 851.00
643.00 851.02
642.02 852.00
642.00 852.02
641.00 852.02
640.02 853.00
640.00 853.02
639.02 854.00
639.00 854.02
638.02 855.00
638.00 855.02
637.02 856.00
637.00 856.02
636.02 857.00
636.00 857.02
635.02 858.00
635.02 859.00
635.00 859.02
634.02 860.00
634.02 861.00
634.00 861.02
633.02 862.00
633.02 863.00
633.02 864.00
633.02 865.00
633.02 866.00
633.02 867.00
633.02 868.00
633.02 869.00
633.02 870.00
633.02 871.00
633.02 872.00
634.00 872.98
634.02 873.00
634.02 874.00
634.02 875.00
635.00 875.98
635.02 876.00
636.00 876.98
636.02 877.00
636.02 878.00
637.00 878.98
637.02 879.00
638.00 879.98
638.02 880.00
638.02 881.00
639.00 881.98
639.02 882.00
640.00 882.98
640.02 883.00
641.00 883.98
641.02 884.00
642.00 884.98
642.02 885.00
643.00 885.98
643.02 886.00
644.00 886.98
645.00 886.98
645.02 887.00
646.00 887.98
646.02 888.00
647.00 888.98
647.02 889.00
648.00 889.98
649.00 889.98
649.02 890.00
650.00 890.98
650.02 891.00
651.00 891.98
651.02 892.00
652.00 892.98
653.00 892.98
653.02 893.00
654.00 893.98
654.02 894.00
655.00 894.98
655.02 895.00
656.00 895.98
656.02 896.00
657.00 896.98
658.00 896.98
658.02 897.00
659.00 897.98
659.02 898.00
660.00 898.98
661.00 898.98
661.02 899.00
662.00 899.98
662.02 900.00
663.00 900.98
664.00 900.98
664.02 901.00
665.00 901.98
665.02 902.00
666.00 902.98
667.00 902.98
667.02 903.00
668.00 903.98
669.00 903.98
669.02 904.00
670.00 904.98
671.00 904.98
671.02 905.00
672.00 905.98
673.00 905.98
673.02 906.00
674.00 906.98
675.00 906.98
676.00 906.98
677.00 906.98
677.02 907.00
678.00 907.98
679.00 907.98
680.00 907.98
681.00 907.98
682.00 907.98
683.00 907.98
683.98 907.00
684.00 906.98
685.00 906.98
686.00 906.98
687.00 906.98
687.98 906.00
688.00 905.98
689.00 905.98
689.98 905.00
690.00 904.98
691.00 904.98
691.98 904.00
692.00 903.98
693.00 903.98
693.98 903.00
694.00 902.98
694.98 902.00
695.00 901.98
695.98 901.00
696.00 900.98
696.98 900.00
697.00 899.98
697.98 899.00
698.00 898.98
698.98 898.00
699.00 897.98
699.98 897.00
699.98 896.00
700.00 895.98
700.98 895.00
701.00 894.98
701.98 894.00
701.98 893.00
701.98 892.00
702.00 891.98
702.98 891.00
702.98 890.00
702.98 889.00
702.98 888.00
702.98 887.00
703.00 886.98
703.98 886.00

Contour 21:
699.98 229.00
699.98 228.00
699.98 227.00
699.98 226.00
699.98 225.00
699.98 224.00
699.98 223.00
699.98 222.00
699.98 221.00
699.98 220.00
699.98 219.00
699.00 218.02
698.98 218.00
698.98 217.00
698.98 216.00
698.00 215.02
697.98 215.00
697.98 214.00
697.98 213.00
697.98 212.00
697.98 211.00
697.00 210.02
696.98 210.00
696.98 209.00
696.98 208.00
696.00 207.02
695.98 207.00
695.98 206.00
695.98 205.00
695.00 204.02
694.98 204.00
694.00 203.02
693.98 203.00
693.98 202.00
693.00 201.02
692.98 201.00
692.00 200.02
691.98 200.00
691.00 199.02
690.98 199.00
690.98 198.00
690.00 197.02
689.98 197.00
689.00 196.02
688.98 196.00
688.00 195.02
687.98 195.00
687.00 194.02
686.98 194.00
686.00 193.02
685.98 193.00
685.00 192.02
684.00 192.02
683.98 192.00
683.00 191.02
682.98 191.00
682.00 190.02
681.98 190.00
681.00 189.02
680.98 189.00
680.00 188.02
679.98 188.00
679.00 187.02
678.00 187.02
677.98 187.00
677.00 186.02
676.00 186.02
675.98 186.00
675.00 185.02
674.00 185.02
673.98 185.00
673.00 184.02
672.00 184.02
671.00 184.02
670.98 184.00
670.00 183.02
669.00 183.02
668.00 183.02
667.98 183.00
667.00 182.02
666.00 182.02
665.00 182.02
664.00 182.02
663.00 182.02
662.00 182.02
661.00 182.02
660.02 183.00
660.00 183.02
659.00 183.02
658.00 183.02
657.00 183.02
656.02 184.00
656.00 184.02
655.00 184.02
654.00 184.02
653.00 184.02
652.02 185.00
652.00 185.02
651.00 185.02
650.02 186.00
650.00 186.02
649.00 186.02
648.02 187.00
648.00 187.02
647.02 188.00
647.00 188.02
646.02 189.00
646.00 189.02
645.02 190.00
645.00 190.02
644.02 191.00
644.00 191.02
643.02 192.00
643.00 192.02
642.02 193.00
642.02 194.00
642.00 194.02
641.02 195.00
641.00 195.02
640.02 196.00
640.02 197.00
640.00 197.02
639.02 198.00
639.02 199.00
639.00 199.02
638.02 200.00
638.02 201.00
638.02 202.00
638.00 202.02
637.02 203.00
637.02 204.00
637.02 205.00
637.02 206.00
637.00 206.02
636.02 207.00
636.02 208.00
636.02 209.00
636.02 210.00
636.02 211.00
636.02 212.00
636.02 213.00
636.02 214.00
636.02 215.00
636.02 216.00
636.02 217.00
636.02 218.00
636.02 219.00
636.02 220.00
636.02 221.00
636.02 222.00
637.00 222.98
637.02 223.00
637.02 224.00
637.02 225.00
637.02 226.00
638.00 226.98
638.02 227.00
638.02 228.00
639.00 228.98
639.02 229.00
639.02 230.00
640.00 230.98
640.02 231.00
640.02 232.00
641.00 232.98
641.02 233.00
641.02 234.00
642.00 234.98
642.02 235.00
643.00 235.98
643.02 236.00
643.02 237.00
644.00 237.98
644.02 238.00
645.00 238.98
645.02 239.00
646.00 239.98
646.02 240.00
647.00 240.98
647.02 241.00
648.00 241.98
648.02 242.00
649.00 242.98
649.02 243.00
650.00 243.98
650.02 244.00
651.00 244.98
651.02 245.00
652.00 245.98
653.00 245.98
653.02 246.00
654.00 246.98
654.02 247.00
655.00 247.98
656.00 247.98
656.02 248.00
657.00 248.98
658.00 248.98
658.02 249.00
659.00 249.98
660.00 249.98
660.02 250.00
661.00 250.98
662.00 250.98
663.00 250.98
663.02 251.00
664.00 251.98
665.00 251.98
666.00 251.98
667.00 251.98
668.00 251.98
668.02 252.00
669.00 252.98
670.00 252.98
671.00 252.98
672.00 252.98
673.00 252.98
674.00 252.98
675.00 252.98
676.00 252.98
676.98 252.00
677.00 251.98
678.00 251.98
679.00 251.98
680.00 251.98
680.98 251.00
681.00 250.98
682.00 250.98
682.98 250.00
683.00 249.98
684.00 249.98
684.98 249.00
685.00 248.98
686.00 248.98
686.98 248.00
687.00 247.98
687.98 247.00
688.00 246.98
689.00 246.98
689.98 246.00
690.00 245.98
690.98 245.00
691.00 244.98
691.98 244.00
692.00 243.98
692.98 243.00
693.00 242.98
693.98 242.00
693.98 241.00
694.00 240.98
694.98 240.00
695.00 239.98
695.98 239.00
695.98 238.00
696.00 237.98
696.98 237.00
696.98 236.00
697.00 235.98
697.98 235.00
697.98 234.00
697.98 233.00
698.00 232.98
698.98 232.00
698.98 231.00
698.98 230.00
699.00 229.98
699.98 229.00

Contour 22:
719.98 631.00
719.98 630.00
719.98 629.00
719.98 628.00
719.98 627.00
719.98 626.00
719.98 625.00
719.98 624.00
719.98 623.00
719.98 622.00
719.98 621.00
719.98 620.00
719.98 619.00
719.00 618.02
718.98 618.00
718.98 617.00
718.98 616.00
718.98 615.00
718.98 614.00
718.98 613.00
718.98 612.00
718.00 611.02
717.98 611.00
717.98 610.00
717.98 609.00
717.98 608.00
717.98 607.00
717.98 606.00
717.00 605.02
716.98 605.00
716.98 604.00
716.00 603.02
715.98 603.00
715.00 602.02
714.98 602.00
714.98 601.00
714.00 600.02
713.98 600.00
713.00 599.02
712.98 599.00
712.98 598.00
712.00 597.02
711.98 597.00
711.00 596.02
710.98 596.00
710.00 595.02
709.00 595.02
708.98 595.00
708.00 594.02
707.98 594.00
707.00 593.02
706.00 593.02
705.98 593.00
705.00 592.02
704.00 592.02
703.98 592.00
703.00 591.02
702.00 591.02
701.00 591.02
700.00 591.02
699.98 591.00
699.00 590.02
698.00 590.02
697.00 590.02
696.00 590.02
695.00 590.02
694.00 590.02
693.02 591.00
693.00 591.02
692.00 591.02
691.00 591.02
690.00 591.02
689.00 591.02
688.02 592.00
688.00 592.02
687.00 592.02
686.00 592.02
685.00 592.02
684.02 593.00
684.00 593.02
683.00 593.02
682.02 594.00
682.00 594.02
681.00 594.02
680.02 595.00
680.00 595.02
679.00 595.02
678.02 596.00
678.00 596.02
677.02 597.00
677.00 597.02
676.02 598.00
676.00 598.02
675.00 598.02
674.02 599.00
674.00 599.02
673.02 600.00
673.02 601.00
673.00 601.02
672.02 602.00
672.00 602.02
671.02 603.00
671.02 604.00
671.00 604.02
670.02 605.00
670.00 605.02
669.02 606.00
669.02 607.00
669.00 607.02
668.02 608.00
668.02 609.00
668.00 609.02
667.02 610.00
667.02 611.00
667.00 611.02
666.02 612.00
666.02 613.00
666.02 614.00
666.02 615.00
666.00 615.02
665.02 616.00
665.02 617.00
665.02 618.00
665.00 618.02
664.02 619.00
664.02 620.00
664.02 621.00
664.02 622.00
664.02 623.00
664.02 624.00
664.02 625.00
664.02 626.00
664.02 627.00
664.02 628.00
664.02 629.00
665.00 629.98
665.02 630.00
665.02 631.00
665.02 632.00
666.00 632.98
666.02 633.00
666.02 634.00
667.00 634.98
667.02 635.00
667.02 636.00
667.02 637.00
668.00 637.98
668.02 638.00
668.02 639.00
669.00 639.98
669.02 640.00
669.02 641.00
670.00 641.98
670.02 642.00
670.02 643.00
671.00 643.98
671.02 644.00
671.02 645.00
672.00 645.98
672.02 646.00
673.00 646.98
673.02 647.00
674.00 647.98
675.00 647.98
675.02 648.00
676.00 648.98
677.00 648.98
677.02 649.00
678.00 649.98
678.02 650.00
679.00 650.98
680.00 650.98
680.02 651.00
681.00 651.98
682.00 651.98
682.02 652.00
683.00 652.98
684.00 652.98
684.02 653.00
685.00 653.98
686.00 653.98
687.00 653.98
687.02 654.00
688.00 654.98
689.00 654.98
690.00 654.98
691.00 654.98
692.00 654.98
693.00 654.98
694.00 654.98
695.00 654.98
696.00 654.98
696.98 654.00
697.00 653.98
698.00 653.98
699.00 653.98
699.98 653.00
700.00 652.98
701.00 652.98
701.98 652.00
702.00 651.98
703.00 651.98
703.98 651.00
704.00 650.98
705.00 650.98
705.98 650.00
706.00 649.98
706.98 649.00
707.00 648.98
707.98 648.00
708.00 647.98
708.98 647.00
709.00 646.98
709.98 646.00
710.00 645.98
710.98 645.00
711.00 644.98
711.98 644.00
712.00 643.98
712.98 643.00
713.00 642.98
713.98 642.00
714.00 641.98
714.98 641.00
714.98 640.00
715.00 639.98
715.98 639.00
715.98 638.00
716.00 637.98
716.98 637.00
717.00 636.98
717.98 636.00
717.98 635.00
718.00 634.98
718.98 634.00
718.98 633.00
718.98 632.00
719.00 631.98
719.98 631.00

Contour 23:
763.98 422.00
763.98 421.00
763.98 420.00
763.98 419.00
763.98 418.00
763.98 417.00
763.98 416.00
763.98 415.00
763.98 414.00
763.98 413.00
763.98 412.00
763.00 411.02
762.98 411.00
762.98 410.00
762.98 409.00
762.00 408.02
761.98 408.00
761.98 407.00
761.00 406.02
760.98 406.00
760.98 405.00
760.00 404.02
759.98 404.00
759.00 403.02
758.98 403.00
758.98 402.00
758.00 401.02
757.98 401.00
757.00 400.02
756.98 400.00
756.98 399.00
756.00 398.02
755.98 398.00
755.98 397.00
755.00 396.02
754.98 396.00
754.00 395.02
753.98 395.00
753.98 394.00
753.00 393.02
752.98 393.00
752.98 392.00
752.00 391.02
751.98 391.00
751.00 390.02
750.98 390.00
750.00 389.02
749.98 389.00
749.00 388.02
748.98 388.00
748.00 387.02
747.98 387.00
747.00 386.02
746.98 386.00
746.00 385.02
745.98 385.00
745.00 384.02
744.00 384.02
743.98 384.00
743.00 383.02
742.00 383.02
741.98 383.00
741.00 382.02
740.00 382.02
739.98 382.00
739.00 381.02
738.00 381.02
737.00 381.02
736.00 381.02
735.00 381.02
734.00 381.02
733.00 381.02
732.00 381.02
731.02 382.00
731.00 382.02
730.00 382.02
729.02 383.00
729.00 383.02
728.00 383.02
727.02 384.00
727.00 384.02
726.02 385.00
726.02 386.00
726.00 386.02
725.02 387.00
725.00 387.02
724.02 388.00
724.02 389.00
724.00 389.02
723.02 390.00
723.02 391.00
723.00 391.02
722.02 392.00
722.02 393.00
722.02 394.00
722.00 394.02
721.02 395.00
721.02 396.00
721.02 397.00
721.02 398.00
721.02 399.00
721.02 400.00
721.02 401.00
721.02 402.00
721.02 403.00
721.02 404.00
721.00 404.02
720.02 405.00
720.02 406.00
720.02 407.00
720.02 408.00
720.02 409.00
720.02 410.00
720.00 410.02
719.02 411.00
719.02 412.00
719.02 413.00
719.02 414.00
719.02 415.00
719.00 415.02
718.02 416.00
718.02 417.00
718.02 418.00
718.02 419.00
718.02 420.00
718.02 421.00
718.00 421.02
717.02 422.00
717.02 423.00
717.02 424.00
717.02 425.00
717.02 426.00
717.02 427.00
717.02 428.00
717.02 429.00
717.02 430.00
717.02 431.00
717.02 432.00
717.02 433.00
717.02 434.00
717.02 435.00
717.02 436.00
717.02 437.00
718.00 437.98
718.02 438.00
718.02 439.00
718.02 440.00
718.02 441.00
718.02 442.00
719.00 442.98
719.02 443.00
719.02 444.00
719.02 445.00
720.00 445.98
720.02 446.00
720.02 447.00
721.00 447.98
721.02 448.00
722.00 448.98
722.02 449.00
723.00 449.98
723.02 450.00
724.00 450.98
724.02 451.00
725.00 451.98
725.02 452.00
726.00 452.98
726.02 453.00
727.00 453.98
728.00 453.98
728.02 454.00
729.00 454.98
730.00 454.98
730.02 455.00
731.00 455.98
732.00 455.98
733.00 455.98
734.00 455.98
735.00 455.98
736.00 455.98
737.00 455.98
738.00 455.98
738.98 455.00
739.00 454.98
740.00 454.98
741.00 454.98
741.98 454.00
742.00 453.98
743.00 453.98
743.98 453.00
744.00 452.98
744.98 452.00
745.00 451.98
745.98 451.00
746.00 450.98
747.00 450.98
747.98 450.00
748.00 449.98
748.98 449.00
749.00 448.98
749.98 448.00
750.00 447.98
750.98 447.00
750.98 446.00
751.00 445.98
751.98 445.00
752.00 444.98
752.98 444.00
753.00 443.98
753.98 443.00
753.98 442.00
754.00 441.98
754.98 441.00
755.00 440.98
755.98 440.00
756.00 439.98
756.98 439.00
756.98 438.00
757.00 437.98
757.98 437.00
758.00 436.98
758.98 436.00
758.98 435.00
759.00 434.98
759.98 434.00
759.98 433.00
760.00 432.98
760.98 432.00
760.98 431.00
761.00 430.98
761.98 430.00
761.98 429.00
761.98 428.00
762.00 427.98
762.98 427.00
762.98 426.00
762.98 425.00
762.98 424.00
762.98 423.00
763.00 422.98
763.98 422.00

Contour 24:
855.98 820.00
855.98 819.00
855.98 818.00
855.98 817.00
855.98 816.00
855.98 815.00
855.98 814.00
855.98 813.00
855.98 812.00
855.98 811.00
855.98 810.00
855.98 809.00
855.98 808.00
855.98 807.00
855.98 806.00
855.98 805.00
855.98 804.00
855.98 803.00
855.98 802.00
855.98 801.00
855.98 800.00
855.98 799.00
855.98 798.00
855.98 797.00
855.00 796.02
854.98 796.00
854.98 795.00
854.98 794.00
854.00 793.02
853.98 793.00
853.98 792.00
853.00 791.02
852.98 791.00
852.98 790.00
852.00 789.02
851.98 789.00
851.98 788.00
851.00 787.02
850.98 787.00
850.00 786.02
849.98 786.00
849.98 785.00
849.00 784.02
848.98 784.00
848.00 783.02
847.98 783.00
847.98 782.00
847.00 781.02
846.98 781.00
846.00 780.02
845.98 780.00
845.00 779.02
844.98 779.00
844.00 778.02
843.98 778.00
843.00 777.02
842.98 777.00
842.00 776.02
841.00 776.02
840.98 776.00
840.00 775.02
839.98 775.00
839.00 774.02
838.98 774.00
838.00 773.02
837.00 773.02
836.98 773.00
836.00 772.02
835.00 772.02
834.98 772.00
834.00 771.02
833.98 771.00
833.00 770.02
832.00 770.02
831.00 770.02
830.98 770.00
830.00 769.02
829.00 769.02
828.98 769.00
828.00 768.02
827.00 768.02
826.00 768.02
825.98 768.00
825.00 767.02
824.00 767.02
823.00 767.02
822.98 767.00
822.00 766.02
821.00 766.02
820.00 766.02
819.00 766.02
818.00 766.02
817.98 766.00
817.00 765.02
816.00 765.02
815.00 765.02
814.00 765.02
813.00 765.02
812.00 765.02
811.00 765.02
810.98 765.00
810.00 764.02
809.00 764.02
808.00 764.02
807.00 764.02
806.00 764.02
805.00 764.02
804.02 765.00
804.00 765.02
803.00 765.02
802.00 765.02
801.00 765.02
800.00 765.02
799.00 765.02
798.00 765.02
797.00 765.02
796.02 766.00
796.00 766.02
795.00 766.02
794.00 766.02
793.00 766.02
792.02 767.00
792.00 767.02
791.00 767.02
790.00 767.02
789.02 768.00
789.00 768.02
788.00 768.02
787.02 769.00
787.00 769.02
786.00 769.02
785.02 770.00
785.00 770.02
784.00 770.02
783.02 771.00
783.00 771.02
782.00 771.02
781.02 772.00
781.00 772.02
780.02 773.00
780.00 773.02
779.02 774.00
779.00 774.02
778.00 774.02
777.02 775.00
777.00 775.02
776.02 776.00
776.00 776.02
775.02 777.00
775.00 777.02
774.02 778.00
774.02 779.00
774.00 779.02
773.02 780.00
773.00 780.02
772.02 781.00
772.02 782.00
772.00 782.02
771.02 783.00
771.02 784.00
771.00 784.02
770.02 785.00
770.02 786.00
770.02 787.00
770.00 787.02
769.02 788.00
769.02 789.00
769.02 790.00
769.02 791.00
769.00 791.02
768.02 792.00
768.02 793.00
768.02 794.00
768.02 795.00
768.02 796.00
768.02 797.00
768.02 798.00
768.02 799.00
768.02 800.00
768.02 801.00
768.02 802.00
768.02 803.00
768.02 804.00
768.02 805.00
768.02 806.00
768.02 807.00
769.00 807.98
769.02 808.00
769.02 809.00
769.02 810.00
770.00 810.98
770.02 811.00
770.02 812.00
770.02 813.00
771.00 813.98
771.02 814.00
771.02 815.00
771.02 816.00
772.00 816.98
772.02 817.00
772.02 818.00
773.00 818.98
773.02 819.00
773.02 820.00
774.00 820.98
774.02 821.00
774.02 822.00
775.00 822.98
775.02 823.00
775.02 824.00
776.00 824.98
776.02 825.00
776.02 826.00
777.00 826.98
777.02 827.00
778.00 827.98
778.02 828.00
778.02 829.00
779.00 829.98
779.02 830.00
779.02 831.00
780.00 831.98
780.02 832.00
781.00 832.98
781.02 833.00
782.00 833.98
782.02 834.00
782.02 835.00
783.00 835.98
783.02 836.00
784.00 836.98
784.02 837.00
785.00 837.98
785.02 838.00
786.00 838.98
786.02 839.00
787.00 839.98
788.00 839.98
788.02 840.00
789.00 840.98
789.02 841.00
790.00 841.98
790.02 842.00
791.00 842.98
792.00 842.98
792.02 843.00
793.00 843.98
794.00 843.98
794.02 844.00
795.00 844.98
796.00 844.98
796.02 845.00
797.00 845.98
798.00 845.98
799.00 845.98
799.02 846.00
800.00 846.98
801.00 846.98
801.02 847.00
802.00 847.98
803.00 847.98
803.02 848.00
804.00 848.98
805.00 848.98
805.02 849.00
806.00 849.98
807.00 849.98
808.00 849.98
808.02 850.00
809.00 850.98
810.00 850.98
811.00 850.98
812.00 850.98
812.02 851.00
813.00 851.98
814.00 851.98
815.00 851.98
816.00 851.98
817.00 851.98
818.00 851.98
819.00 851.98
820.00 851.98
821.00 851.98
821.98 851.00
822.00 850.98
823.00 850.98
824.00 850.98
825.00 850.98
826.00 850.98
827.00 850.98
828.00 850.98
829.00 850.98
829.98 850.00
830.00 849.98
831.00 849.98
832.00 849.98
832.98 849.00
833.00 848.98
834.00 848.98
834.98 848.00
835.00 847.98
836.00 847.98
836.98 847.00
837.00 846.98
838.00 846.98
838.98 846.00
839.00 845.98
839.98 845.00
840.00 844.98
840.98 844.00
841.00 843.98
841.98 843.00
842.00 842.98
842.98 842.00
843.00 841.98
843.98 841.00
844.00 840.98
844.98 840.00
845.00 839.98
845.98 839.00
846.00 838.98
846.98 838.00
847.00 837.98
847.98 837.00
848.00 836.98
848.98 836.00
848.98 835.00
849.00 834.98
849.98 834.00
849.98 833.00
850.00 832.98
850.98 832.00
850.98 831.00
851.00 830.98
851.98 830.00
851.98 829.00
852.00 828.98
852.98 828.00
852.98 827.00
853.00 826.98
853.98 826.00
853.98 825.00
854.00 824.98
854.98 824.00
854.98 823.00
854.98 822.00
854.98 821.00
855.00 820.98
855.98 820.00

