Contour 0:
177.50 399.00
177.50 398.00
177.50 397.00
177.50 396.00
177.50 395.00
177.50 394.00
177.50 393.00
177.50 392.00
177.50 391.00
177.50 390.00
177.50 389.00
177.50 388.00
177.00 387.50
176.50 387.00
176.50 386.00
176.50 385.00
176.50 384.00
176.00 383.50
175.50 383.00
175.50 382.00
175.50 381.00
175.50 380.00
175.50 379.00
175.50 378.00
175.00 377.50
174.50 377.00
174.50 376.00
174.50 375.00
174.00 374.50
173.50 374.00
173.50 373.00
173.50 372.00
173.00 371.50
172.50 371.00
172.50 370.00
172.50 369.00
172.00 368.50
171.50 368.00
171.50 367.00
171.50 366.00
171.00 365.50
170.50 365.00
170.50 364.00
170.00 363.50
169.50 363.00
169.50 362.00
169.00 361.50
168.50 361.00
168.50 360.00
168.00 359.50
167.50 359.00
167.00 358.50
166.50 358.00
166.00 357.50
165.50 357.00
165.00 356.50
164.50 356.00
164.00 355.50
163.50 355.00
163.00 354.50
162.50 354.00
162.00 353.50
161.50 353.00
161.00 352.50
160.50 352.00
160.00 351.50
159.75 351.00
160.00 350.75
160.75 350.00
160.75 349.00
161.00 348.75
161.75 348.00
162.00 347.75
162.75 347.00
163.00 346.75
163.75 346.00
164.00 345.75
164.75 345.00
165.00 344.75
165.75 344.00
166.00 343.75
166.75 343.00
166.75 342.00
167.00 341.75
167.75 341.00
168.00 340.75
168.75 340.00
168.75 339.00
168.75 338.00
169.00 337.75
169.75 337.00
169.75 336.00
169.75 335.00
170.00 334.75
170.75 334.00
170.75 333.00
170.75 332.00
170.75 331.00
170.75 330.00
171.00 329.75
171.75 329.00
171.75 328.00
171.75 327.00
171.75 326.00
171.75 325.00
171.75 324.00
171.75 323.00
171.75 322.00
171.75 321.00
171.00 320.25
170.75 320.00
170.75 319.00
170.75 318.00
170.75 317.00
170.75 316.00
170.00 315.25
169.75 315.00
169.75 314.00
169.75 313.00
169.75 312.00
169.00 311.25
168.75 311.00
168.75 310.00
168.00 309.25
167.75 309.00
167.00 308.25
166.75 308.00
166.75 307.00
166.00 306.25
165.75 306.00
165.00 305.25
164.75 305.00
164.00 304.25
163.75 304.00
163.00 303.25
162.00 303.25
161.75 303.00
161.00 302.25
160.75 302.00
160.00 301.25
159.75 301.00
159.00 300.25
158.00 300.25
157.75 300.00
157.00 299.25
156.00 299.25
155.75 299.00
155.00 298.25
154.00 298.25
153.00 298.25
152.00 298.25
151.00 298.25
150.00 298.25
149.00 298.25
148.00 298.25
147.00 298.25
146.00 298.25
145.00 298.25
144.00 298.25
143.25 299.00
143.00 299.25
142.00 299.25
141.25 300.00
141.00 300.25
140.00 300.25
139.25 301.00
139.00 301.25
138.25 302.00
138.00 302.25
137.25 303.00
137.00 303.25
136.25 304.00
136.00 304.25
135.25 305.00
135.25 306.00
135.00 306.25
134.25 307.00
134.00 307.25
133.25 308.00
133.25 309.00
133.00 309.25
132.25 310.00
132.25 311.00
132.25 312.00
132.00 312.25
131.25 313.00
131.25 314.00
131.25 315.00
131.25 316.00
131.25 317.00
131.25 318.00
131.25 319.00
131.25 320.00
131.25 321.00
131.25 322.00
131.25 323.00
131.25 324.00
132.00 324.75
132.25 325.00
132.25 326.00
132.25 327.00
132.25 328.00
132.25 329.00
132.00 329.25
131.25 330.00
131.00 330.25
130.00 330.50
129.50 330.00
129.00 329.50
128.00 329.50
127.50 329.00
127.00 328.50
126.00 328.50
125.50 328.00
125.00 327.50
124.00 327.50
123.00 327.50
122.50 327.00
122.00 326.50
121.00 326.50
120.00 326.50
119.00 326.50
118.00 326.50
117.00 326.50
116.00 326.50
115.00 326.50
114.00 326.50
113.50 327.00
113.00 327.50
112.00 327.50
111.00 327.50
110.50 328.00
110.00 328.50
109.00 328.50
108.50 329.00
108.00 329.50
107.00 329.50
106.50 330.00
106.00 330.50
105.50 331.00
105.00 331.50
104.50 332.00
104.00 332.50
103.00 332.50
102.50 333.00
102.00 333.50
101.50 334.00
101.50 335.00
101.00 335.50
100.50 336.00
100.00 336.50
99.50 337.00
99.50 338.00
99.00 338.50
98.50 339.00
98.50 340.00
98.00 340.50
97.50 341.00
97.50 342.00
97.00 342.50
96.50 343.00
96.50 344.00
96.50 345.00
96.50 346.00
96.50 347.00
96.00 347.50
95.50 348.00
95.50 349.00
95.50 350.00
95.50 351.00
95.50 352.00
95.50 353.00
95.50 354.00
95.50 355.00
95.50 356.00
95.50 357.00
95.50 358.00
95.50 359.00
95.50 360.00
95.00 360.50
94.50 361.00
94.50 362.00
94.00 362.50
93.50 363.00
93.50 364.00
93.00 364.50
92.50 365.00
92.50 366.00
92.00 366.50
91.50 367.00
91.50 368.00
91.00 368.50
90.50 369.00
90.50 370.00
90.00 370.50
89.50 371.00
89.50 372.00
89.50 373.00
89.50 374.00
89.00 374.50
88.50 375.00
88.50 376.00
88.50 377.00
88.50 378.00
88.50 379.00
88.50 380.00
88.50 381.00
88.50 382.00
88.50 383.00
88.50 384.00
88.50 385.00
89.00 385.50
89.50 386.00
89.50 387.00
89.50 388.00
89.50 389.00
89.50 390.00
90.00 390.50
90.50 391.00
90.50 392.00
90.50 393.00
91.00 393.50
91.50 394.00
91.50 395.00
91.50 396.00
92.00 396.50
92.50 397.00
92.50 398.00
93.00 398.50
93.50 399.00
93.50 400.00
93.50 401.00
94.00 401.50
94.50 402.00
94.50 403.00
95.00 403.50
95.50 404.00
95.50 405.00
95.50 406.00
96.00 406.50
96.50 407.00
96.50 408.00
97.00 408.50
97.50 409.00
97.50 410.00
98.00 410.50
98.50 411.00
98.50 412.00
98.50 413.00
99.00 413.50
99.50 414.00
99.50 415.00
100.00 415.50
100.50 416.00
100.50 417.00
101.00 417.50
101.50 418.00
102.00 418.50
102.50 419.00
102.50 420.00
103.00 420.50
103.50 421.00
104.00 421.50
104.50 422.00
104.50 423.00
105.00 423.50
106.00 423.50
106.50 424.00
107.00 424.50
107.50 425.00
108.00 425.50
108.50 426.00
109.00 426.50
109.50 427.00
110.00 427.50
110.50 428.00
111.00 428.50
112.00 428.50
112.50 429.00
113.00 429.50
114.00 429.50
114.50 430.00
115.00 430.50
116.00 430.50
117.00 430.50
117.50 431.00
118.00 431.50
119.00 431.50
120.00 431.50
121.00 431.50
121.50 432.00
122.00 432.50
123.00 432.50
124.00 432.50
125.00 432.50
126.00 432.50
127.00 432.50
128.00 432.50
129.00 432.50
130.00 432.50
131.00 432.50
132.00 432.50
133.00 432.50
134.00 432.50
135.00 432.50
136.00 432.50
136.50 433.00
137.00 433.50
138.00 433.50
139.00 433.50
140.00 433.50
141.00 433.50
142.00 433.50
143.00 433.50
144.00 433.50
145.00 433.50
146.00 433.50
147.00 433.50
148.00 433.50
148.50 433.00
149.00 432.50
150.00 432.50
151.00 432.50
152.00 432.50
152.50 432.00
153.00 431.50
154.00 431.50
155.00 431.50
155.50 431.00
156.00 430.50
157.00 430.50
157.50 430.00
158.00 429.50
159.00 429.50
159.50 429.00
160.00 428.50
160.50 428.00
161.00 427.50
162.00 427.50
162.50 427.00
163.00 426.50
163.50 426.00
164.00 425.50
164.50 425.00
165.00 424.50
165.50 424.00
166.00 423.50
166.50 423.00
167.00 422.50
167.50 422.00
168.00 421.50
168.50 421.00
169.00 420.50
169.50 420.00
169.50 419.00
170.00 418.50
170.50 418.00
171.00 417.50
171.50 417.00
171.50 416.00
172.00 415.50
172.50 415.00
172.50 414.00
173.00 413.50
173.50 413.00
173.50 412.00
173.50 411.00
174.00 410.50
174.50 410.00
174.50 409.00
174.50 408.00
175.00 407.50
175.50 407.00
175.50 406.00
175.50 405.00
176.00 404.50
176.50 404.00
176.50 403.00
176.50 402.00
176.50 401.00
176.50 400.00
177.00 399.50
177.50 399.00

Contour 1:
272.83 17.00
272.00 16.17
271.83 16.00
271.83 15.00
271.83 14.00
271.00 13.17
270.83 13.00
270.83 12.00
270.00 11.17
269.83 11.00
269.00 10.17
268.00 10.17
267.83 10.00
267.00 9.17
266.00 9.17
265.00 9.17
264.83 9.00
264.00 8.17
263.83 8.00
263.00 7.17
262.83 7.00
262.00 6.17
261.00 6.17
260.83 6.00
260.00 5.17
259.00 5.17
258.83 5.00
258.00 4.17
257.00 4.17
256.00 4.17
255.00 4.17
254.00 4.17
253.00 4.17
252.00 4.17
251.00 4.17
250.00 4.17
249.00 4.17
248.00 4.17
247.00 4.17
246.00 4.17
245.00 4.17
244.00 4.17
243.00 4.17
242.00 4.17
241.17 5.00
241.00 5.17
240.00 5.17
239.00 5.17
238.00 5.17
237.00 5.17
236.00 5.17
235.00 5.17
234.00 5.17
233.00 5.17
232.17 6.00
232.00 6.17
231.00 6.17
230.00 6.17
229.00 6.17
228.17 7.00
228.00 7.17
227.00 7.17
226.00 7.17
225.00 7.17
224.00 7.17
223.00 7.17
222.17 8.00
222.00 8.17
221.00 8.17
220.00 8.17
219.00 8.17
218.17 9.00
218.00 9.17
217.17 10.00
217.00 10.17
216.17 11.00
216.17 12.00
216.17 13.00
216.17 14.00
216.00 14.17
215.17 15.00
215.00 15.17
214.17 16.00
214.00 16.17
213.17 17.00
213.17 18.00
213.17 19.00
213.17 20.00
213.00 20.17
212.00 20.17
211.17 21.00
211.00 21.17
210.17 22.00
210.17 23.00
210.00 23.17
209.17 24.00
209.17 25.00
209.17 26.00
209.00 26.17
208.00 26.17
207.00 26.17
206.00 26.17
205.00 26.17
204.00 26.17
203.00 26.17
202.00 26.17
201.00 26.17
200.00 26.17
199.17 27.00
199.17 28.00
199.17 29.00
199.17 30.00
199.17 31.00
199.17 32.00
200.00 32.83
200.17 33.00
201.00 33.83
201.17 34.00
202.00 34.83
202.17 35.00
203.00 35.83
203.17 36.00
204.00 36.83
204.17 37.00
205.00 37.83
205.17 38.00
205.17 39.00
206.00 39.83
207.00 39.83
208.00 39.83
208.17 40.00
209.00 40.83
209.17 41.00
210.00 41.83
210.17 42.00
211.00 42.83
211.17 43.00
212.00 43.83
212.17 44.00
213.00 44.83
214.00 44.83
215.00 44.83
216.00 44.83
216.17 45.00
217.00 45.83
218.00 45.83
218.17 46.00
219.00 46.83
220.00 46.83
221.00 46.83
222.00 46.83
222.17 47.00
223.00 47.83
224.00 47.83
225.00 47.83
226.00 47.83
226.17 48.00
227.00 48.83
228.00 48.83
229.00 48.83
230.00 48.83
231.00 48.83
232.00 48.83
233.00 48.83
234.00 48.83
235.00 48.83
236.00 48.83
237.00 48.83
238.00 48.83
239.00 48.83
239.83 48.00
240.00 47.83
241.00 47.83
242.00 47.83
243.00 47.83
244.00 47.83
245.00 47.83
245.83 47.00
246.00 46.83
247.00 46.83
248.00 46.83
249.00 46.83
249.83 46.00
250.00 45.83
251.00 45.83
252.00 45.83
252.83 45.00
253.00 44.83
254.00 44.83
254.83 44.00
255.00 43.83
255.83 43.00
256.00 42.83
257.00 42.83
257.83 42.00
258.00 41.83
258.83 41.00
259.00 40.83
259.83 40.00
260.00 39.83
260.83 39.00
261.00 38.83
261.83 38.00
262.00 37.83
262.83 37.00
262.83 36.00
263.00 35.83
263.83 35.00
264.00 34.83
264.83 34.00
265.00 33.83
265.83 33.00
265.83 32.00
266.00 31.83
266.83 31.00
267.00 30.83
267.83 30.00
267.83 29.00
268.00 28.83
268.83 28.00
268.83 27.00
269.00 26.83
269.83 26.00
269.83 25.00
270.00 24.83
270.83 24.00
271.00 23.83
271.83 23.00
271.83 22.00
271.83 21.00
271.83 20.00
271.83 19.00
271.83 18.00
272.00 17.83
272.83 17.00

Contour 2:
283.88 252.00
283.88 251.00
283.88 250.00
283.88 249.00
283.88 248.00
283.88 247.00
283.88 246.00
283.88 245.00
283.88 244.00
283.88 243.00
283.88 242.00
283.88 241.00
283.88 240.00
283.00 239.12
282.88 239.00
282.88 238.00
282.88 237.00
282.88 236.00
282.00 235.12
281.88 235.00
281.88 234.00
281.00 233.12
280.88 233.00
280.88 232.00
280.00 231.12
279.88 231.00
279.88 230.00
279.00 229.12
278.88 229.00
278.00 228.12
277.88 228.00
277.00 227.12
276.88 227.00
276.00 226.12
275.88 226.00
275.00 225.12
274.88 225.00
274.00 224.12
273.88 224.00
273.00 223.12
272.88 223.00
272.00 222.12
271.00 222.12
270.88 222.00
270.00 221.12
269.88 221.00
269.00 220.12
268.00 220.12
267.88 220.00
267.00 219.12
266.00 219.12
265.88 219.00
265.00 218.12
264.00 218.12
263.88 218.00
263.00 217.12
262.00 217.12
261.88 217.00
261.00 216.12
260.00 216.12
259.00 216.12
258.88 216.00
258.00 215.12
257.00 215.12
256.00 215.12
255.00 215.12
254.00 215.12
253.88 215.00
253.00 214.12
252.00 214.12
251.00 214.12
250.00 214.12
249.00 214.12
248.00 214.12
247.00 214.12
246.00 214.12
245.00 214.12
244.00 214.12
243.00 214.12
242.00 214.12
241.00 214.12
240.12 215.00
240.00 215.12
239.00 215.12
238.00 215.12
237.00 215.12
236.00 215.12
235.00 215.12
234.00 215.12
233.00 215.12
232.00 215.12
231.12 216.00
231.00 216.12
230.00 216.12
229.00 216.12
228.00 216.12
227.12 217.00
227.00 217.12
226.00 217.12
225.00 217.12
224.12 218.00
224.00 218.12
223.00 218.12
222.12 219.00
222.00 219.12
221.00 219.12
220.12 220.00
220.00 220.12
219.12 221.00
219.00 221.12
218.00 221.12
217.12 222.00
217.00 222.12
216.12 223.00
216.00 223.12
215.00 223.12
214.12 224.00
214.00 224.12
213.12 225.00
213.00 225.12
212.12 226.00
212.00 226.12
211.12 227.00
211.00 227.12
210.12 228.00
210.00 228.12
209.12 229.00
209.00 229.12
208.12 230.00
208.00 230.12
207.12 231.00
207.12 232.00
207.00 232.12
206.12 233.00
206.00 233.12
205.12 234.00
205.12 235.00
205.00 235.12
204.12 236.00
204.12 237.00
204.00 237.12
203.12 238.00
203.12 239.00
203.00 239.12
202.12 240.00
202.12 241.00
202.12 242.00
202.12 243.00
202.12 244.00
202.00 244.12
201.12 245.00
201.12 246.00
201.12 247.00
201.12 248.00
201.12 249.00
201.12 250.00
201.12 251.00
201.12 252.00
201.12 253.00
201.12 254.00
201.12 255.00
201.12 256.00
202.00 256.88
202.12 257.00
202.12 258.00
202.12 259.00
202.12 260.00
203.00 260.88
203.12 261.00
203.12 262.00
203.12 263.00
204.00 263.88
204.12 264.00
204.12 265.00
205.00 265.88
205.12 266.00
205.12 267.00
206.00 267.88
206.12 268.00
207.00 268.88
207.12 269.00
208.00 269.88
208.12 270.00
209.00 270.88
209.12 271.00
210.00 271.88
210.12 272.00
211.00 272.88
211.12 273.00
212.00 273.88
213.00 273.88
213.12 274.00
214.00 274.88
214.12 275.00
215.00 275.88
215.12 276.00
216.00 276.88
217.00 276.88
217.12 277.00
218.00 277.88
219.00 277.88
219.12 278.00
220.00 278.88
221.00 278.88
221.12 279.00
222.00 279.88
223.00 279.88
224.00 279.88
224.12 280.00
225.00 280.88
226.00 280.88
227.00 280.88
227.12 281.00
228.00 281.88
229.00 281.88
230.00 281.88
231.00 281.88
232.00 281.88
233.00 281.88
233.12 282.00
234.00 282.88
235.00 282.88
236.00 282.88
237.00 282.88
238.00 282.88
239.00 282.88
240.00 282.88
241.00 282.88
242.00 282.88
242.88 282.00
243.00 281.88
244.00 281.88
245.00 281.88
246.00 281.88
247.00 281.88
248.00 281.88
249.00 281.88
250.00 281.88
251.00 281.88
252.00 281.88
252.88 281.00
253.00 280.88
254.00 280.88
255.00 280.88
256.00 280.88
257.00 280.88
258.00 280.88
258.88 280.00
259.00 279.88
260.00 279.88
260.88 279.00
261.00 278.88
262.00 278.88
262.88 278.00
263.00 277.88
264.00 277.88
264.88 277.00
265.00 276.88
265.88 276.00
266.00 275.88
267.00 275.88
267.88 275.00
268.00 274.88
268.88 274.00
269.00 273.88
270.00 273.88
270.88 273.00
271.00 272.88
271.88 272.00
272.00 271.88
272.88 271.00
273.00 270.88
273.88 270.00
273.88 269.00
274.00 268.88
274.88 268.00
275.00 267.88
275.88 267.00
276.00 266.88
276.88 266.00
277.00 265.88
277.88 265.00
277.88 264.00
278.00 263.88
278.88 263.00
279.00 262.88
279.88 262.00
279.88 261.00
280.00 260.88
280.88 260.00
280.88 259.00
281.00 258.88
281.88 258.00
281.88 257.00
281.88 256.00
282.00 255.88
282.88 255.00
282.88 254.00
282.88 253.00
283.00 252.88
283.88 252.00

Contour 3:
292.90 842.00
292.90 841.00
292.90 840.00
292.90 839.00
292.90 838.00
292.90 837.00
292.90 836.00
292.90 835.00
292.90 834.00
292.90 833.00
292.90 832.00
292.90 831.00
292.00 830.10
291.90 830.00
291.90 829.00
291.90 828.00
291.90 827.00
291.90 826.00
291.00 825.10
290.90 825.00
290.90 824.00
290.90 823.00
290.90 822.00
290.00 821.10
289.90 821.00
289.90 820.00
289.00 819.10
288.90 819.00
288.00 818.10
287.90 818.00
287.90 817.00
287.00 816.10
286.90 816.00
286.90 815.00
286.00 814.10
285.90 814.00
285.00 813.10
284.90 813.00
284.90 812.00
284.00 811.10
283.90 811.00
283.00 810.10
282.90 810.00
282.00 809.10
281.90 809.00
281.00 808.10
280.90 808.00
280.00 807.10
279.90 807.00
279.00 806.10
278.90 806.00
278.00 805.10
277.90 805.00
277.00 804.10
276.00 804.10
275.00 804.10
274.90 804.00
274.00 803.10
273.00 803.10
272.90 803.00
272.00 802.10
271.90 802.00
271.00 801.10
270.90 801.00
270.00 800.10
269.90 800.00
269.00 799.10
268.90 799.00
268.00 798.10
267.90 798.00
267.00 797.10
266.90 797.00
266.00 796.10
265.90 796.00
265.00 795.10
264.90 795.00
264.00 794.10
263.90 794.00
263.00 793.10
262.00 793.10
261.90 793.00
261.00 792.10
260.90 792.00
260.00 791.10
259.00 791.10
258.00 791.10
257.90 791.00
257.00 790.10
256.00 790.10
255.90 790.00
255.00 789.10
254.00 789.10
253.90 789.00
253.00 788.10
252.00 788.10
251.90 788.00
251.00 787.10
250.00 787.10
249.00 787.10
248.90 787.00
248.00 786.10
247.00 786.10
246.00 786.10
245.90 786.00
245.00 785.10
244.00 785.10
243.00 785.10
242.90 785.00
242.00 784.10
241.00 784.10
240.00 784.10
239.00 784.10
238.90 784.00
238.00 783.10
237.00 783.10
236.00 783.10
235.00 783.10
234.00 783.10
233.00 783.10
232.00 783.10
231.00 783.10
230.00 783.10
229.00 783.10
228.00 783.10
227.00 783.10
226.00 783.10
225.10 784.00
225.00 784.10
224.00 784.10
223.00 784.10
222.00 784.10
221.10 785.00
221.00 785.10
220.00 785.10
219.10 786.00
219.00 786.10
218.00 786.10
217.10 787.00
217.00 787.10
216.00 787.10
215.10 788.00
215.00 788.10
214.00 788.10
213.10 789.00
213.00 789.10
212.10 790.00
212.00 790.10
211.10 791.00
211.00 791.10
210.10 792.00
210.00 792.10
209.10 793.00
209.00 793.10
208.10 794.00
208.00 794.10
207.10 795.00
207.00 795.10
206.10 796.00
206.10 797.00
206.00 797.10
205.10 798.00
205.00 798.10
204.10 799.00
204.10 800.00
204.00 800.10
203.10 801.00
203.10 802.00
203.10 803.00
203.00 803.10
202.10 804.00
202.10 805.00
202.10 806.00
202.10 807.00
202.10 808.00
202.10 809.00
202.10 810.00
202.10 811.00
202.10 812.00
202.10 813.00
202.00 813.10
201.10 814.00
201.10 815.00
201.10 816.00
202.00 816.90
202.10 817.00
202.10 818.00
202.10 819.00
202.10 820.00
203.00 820.90
203.10 821.00
203.10 822.00
203.10 823.00
203.10 824.00
204.00 824.90
204.10 825.00
204.10 826.00
204.10 827.00
205.00 827.90
205.10 828.00
205.10 829.00
205.10 830.00
206.00 830.90
206.10 831.00
206.10 832.00
206.10 833.00
207.00 833.90
207.10 834.00
207.10 835.00
208.00 835.90
208.10 836.00
208.10 837.00
209.00 837.90
209.10 838.00
209.10 839.00
210.00 839.90
210.10 840.00
210.10 841.00
211.00 841.90
211.10 842.00
211.10 843.00
212.00 843.90
212.10 844.00
212.10 845.00
213.00 845.90
213.10 846.00
213.10 847.00
214.00 847.90
214.10 848.00
214.10 849.00
215.00 849.90
215.10 850.00
215.10 851.00
216.00 851.90
216.10 852.00
216.10 853.00
217.00 853.90
217.10 854.00
218.00 854.90
218.10 855.00
218.10 856.00
219.00 856.90
219.10 857.00
220.00 857.90
220.10 858.00
221.00 858.90
221.10 859.00
222.00 859.90
222.10 860.00
223.00 860.90
223.10 861.00
224.00 861.90
224.10 862.00
225.00 862.90
225.10 863.00
226.00 863.90
226.10 864.00
227.00 864.90
227.10 865.00
228.00 865.90
228.10 866.00
229.00 866.90
230.00 866.90
230.10 867.00
231.00 867.90
232.00 867.90
232.10 868.00
233.00 868.90
233.10 869.00
234.00 869.90
235.00 869.90
235.10 870.00
236.00 870.90
237.00 870.90
237.10 871.00
238.00 871.90
239.00 871.90
239.10 872.00
240.00 872.90
241.00 872.90
241.10 873.00
242.00 873.90
243.00 873.90
243.10 874.00
244.00 874.90
245.00 874.90
246.00 874.90
246.10 875.00
247.00 875.90
248.00 875.90
249.00 875.90
250.00 875.90
251.00 875.90
251.10 876.00
252.00 876.90
253.00 876.90
254.00 876.90
255.00 876.90
256.00 876.90
257.00 876.90
258.00 876.90
258.90 876.00
259.00 875.90
260.00 875.90
261.00 875.90
261.90 875.00
262.00 874.90
263.00 874.90
264.00 874.90
264.90 874.00
265.00 873.90
266.00 873.90
266.90 873.00
267.00 872.90
268.00 872.90
268.90 872.00
269.00 871.90
270.00 871.90
270.90 871.00
271.00 870.90
272.00 870.90
272.90 870.00
273.00 869.90
273.90 869.00
274.00 868.90
275.00 868.90
275.90 868.00
276.00 867.90
276.90 867.00
277.00 866.90
277.90 866.00
278.00 865.90
279.00 865.90
279.90 865.00
280.00 864.90
280.90 864.00
281.00 863.90
281.90 863.00
282.00 862.90
282.90 862.00
283.00 861.90
283.90 861.00
284.00 860.90
284.90 860.00
285.00 859.90
285.90 859.00
285.90 858.00
286.00 857.90
286.90 857.00
287.00 856.90
287.90 856.00
287.90 855.00
288.00 854.90
288.90 854.00
289.00 853.90
289.90 853.00
289.90 852.00
289.90 851.00
290.00 850.90
290.90 850.00
290.90 849.00
290.90 848.00
291.00 847.90
291.90 847.00
291.90 846.00
291.90 845.00
291.90 844.00
291.90 843.00
292.00 842.90
292.90 842.00

Contour 4:
286.92 628.00
286.92 627.00
286.92 626.00
286.92 625.00
286.92 624.00
286.92 623.00
286.92 622.00
286.92 621.00
286.92 620.00
286.92 619.00
286.92 618.00
286.92 617.00
286.00 616.08
285.92 616.00
285.92 615.00
285.92 614.00
285.92 613.00
285.92 612.00
285.92 611.00
285.00 610.08
284.92 610.00
284.92 609.00
284.00 608.08
283.92 608.00
283.92 607.00
283.00 606.08
282.92 606.00
282.92 605.00
282.00 604.08
281.92 604.00
281.00 603.08
280.92 603.00
280.92 602.00
280.00 601.08
279.92 601.00
279.00 600.08
278.92 600.00
278.00 599.08
277.92 599.00
277.00 598.08
276.92 598.00
276.00 597.08
275.92 597.00
275.00 596.08
274.92 596.00
274.00 595.08
273.92 595.00
273.00 594.08
272.92 594.00
272.00 593.08
271.00 593.08
270.92 593.00
270.00 592.08
269.92 592.00
269.00 591.08
268.00 591.08
267.92 591.00
267.00 590.08
266.00 590.08
265.92 590.00
265.00 589.08
264.00 589.08
263.92 589.00
263.00 588.08
262.00 588.08
261.00 588.08
260.00 588.08
259.92 588.00
259.00 587.08
258.00 587.08
257.00 587.08
256.00 587.08
255.00 587.08
254.00 587.08
253.00 587.08
252.00 587.08
251.00 587.08
250.08 588.00
250.00 588.08
249.00 588.08
248.00 588.08
247.00 588.08
246.00 588.08
245.08 589.00
245.00 589.08
244.00 589.08
243.00 589.08
242.00 589.08
241.08 590.00
241.00 590.08
240.00 590.08
239.08 591.00
239.00 591.08
238.00 591.08
237.08 592.00
237.00 592.08
236.00 592.08
235.08 593.00
235.00 593.08
234.08 594.00
234.00 594.08
233.00 594.08
232.08 595.00
232.00 595.08
231.08 596.00
231.00 596.08
230.00 596.08
229.08 597.00
229.00 597.08
228.08 598.00
228.00 598.08
227.08 599.00
227.08 600.00
227.00 600.08
226.08 601.00
226.00 601.08
225.08 602.00
225.00 602.08
224.08 603.00
224.08 604.00
224.00 604.08
223.08 605.00
223.08 606.00
223.00 606.08
222.08 607.00
222.00 607.08
221.08 608.00
221.08 609.00
221.00 609.08
220.08 610.00
220.00 610.08
219.08 611.00
219.08 612.00
219.00 612.08
218.08 613.00
218.08 614.00
218.08 615.00
218.00 615.08
217.08 616.00
217.08 617.00
217.08 618.00
217.00 618.08
216.08 619.00
216.08 620.00
216.08 621.00
216.00 621.08
215.08 622.00
215.08 623.00
215.08 624.00
215.08 625.00
215.08 626.00
215.08 627.00
215.08 628.00
215.08 629.00
215.00 629.08
214.08 630.00
214.08 631.00
214.08 632.00
214.08 633.00
214.08 634.00
214.08 635.00
214.08 636.00
214.08 637.00
214.08 638.00
215.00 638.92
215.08 639.00
215.08 640.00
215.08 641.00
215.08 642.00
215.08 643.00
215.08 644.00
216.00 644.92
216.08 645.00
216.08 646.00
216.08 647.00
217.00 647.92
217.08 648.00
218.00 648.92
218.08 649.00
218.08 650.00
218.08 651.00
219.00 651.92
219.08 652.00
220.00 652.92
220.08 653.00
220.08 654.00
221.00 654.92
221.08 655.00
222.00 655.92
222.08 656.00
223.00 656.92
223.08 657.00
224.00 657.92
224.08 658.00
225.00 658.92
225.08 659.00
226.00 659.92
227.00 659.92
227.08 660.00
228.00 660.92
228.08 661.00
229.00 661.92
230.00 661.92
230.08 662.00
231.00 662.92
231.08 663.00
232.00 663.92
233.00 663.92
233.08 664.00
234.00 664.92
235.00 664.92
235.08 665.00
236.00 665.92
237.00 665.92
237.08 666.00
238.00 666.92
239.00 666.92
240.00 666.92
240.08 667.00
241.00 667.92
242.00 667.92
243.00 667.92
243.08 668.00
244.00 668.92
245.00 668.92
246.00 668.92
247.00 668.92
248.00 668.92
249.00 668.92
250.00 668.92
251.00 668.92
252.00 668.92
253.00 668.92
254.00 668.92
254.92 668.00
255.00 667.92
256.00 667.92
257.00 667.92
258.00 667.92
258.92 667.00
259.00 666.92
260.00 666.92
261.00 666.92
261.92 666.00
262.00 665.92
263.00 665.92
264.00 665.92
264.92 665.00
265.00 664.92
265.92 664.00
266.00 663.92
267.00 663.92
267.92 663.00
268.00 662.92
268.92 662.00
269.00 661.92
269.92 661.00
270.00 660.92
270.92 660.00
271.00 659.92
271.92 659.00
272.00 658.92
272.92 658.00
273.00 657.92
273.92 657.00
274.00 656.92
274.92 656.00
275.00 655.92
275.92 655.00
276.00 654.92
276.92 654.00
276.92 653.00
277.00 652.92
277.92 652.00
278.00 651.92
278.92 651.00
278.92 650.00
279.00 649.92
279.92 649.00
279.92 648.00
279.92 647.00
280.00 646.92
280.92 646.00
280.92 645.00
281.00 644.92
281.92 644.00
281.92 643.00
282.00 642.92
282.92 642.00
282.92 641.00
283.00 640.92
283.92 640.00
283.92 639.00
283.92 638.00
283.92 637.00
284.00 636.92
284.92 636.00
284.92 635.00
284.92 634.00
284.92 633.00
285.00 632.92
285.92 632.00
285.92 631.00
285.92 630.00
285.92 629.00
286.00 628.92
286.92 628.00

Contour 5:
345.93 480.00
345.93 479.00
345.93 478.00
345.93 477.00
345.93 476.00
345.00 475.07
344.93 475.00
344.93 474.00
344.93 473.00
344.00 472.07
343.93 472.00
343.93 471.00
343.93 470.00
343.00 469.07
342.93 469.00
342.93 468.00
342.00 467.07
341.93 467.00
341.00 466.07
340.93 466.00
340.00 465.07
339.93 465.00
339.93 464.00
339.00 463.07
338.93 463.00
338.00 462.07
337.00 462.07
336.93 462.00
336.00 461.07
335.93 461.00
335.00 460.07
334.93 460.00
334.00 459.07
333.93 459.00
333.00 458.07
332.93 458.00
332.00 457.07
331.00 457.07
330.93 457.00
330.00 456.07
329.93 456.00
329.00 455.07
328.00 455.07
327.93 455.00
327.00 454.07
326.93 454.00
326.00 453.07
325.00 453.07
324.93 453.00
324.00 452.07
323.00 452.07
322.00 452.07
321.93 452.00
321.00 451.07
320.00 451.07
319.00 451.07
318.93 451.00
318.00 450.07
317.00 450.07
316.00 450.07
315.00 450.07
314.00 450.07
313.00 450.07
312.93 450.00
312.00 449.07
311.00 449.07
310.00 449.07
309.00 449.07
308.00 449.07
307.00 449.07
306.00 449.07
305.00 449.07
304.00 449.07
303.00 449.07
302.00 449.07
301.00 449.07
300.00 449.07
299.00 449.07
298.00 449.07
297.00 449.07
296.07 450.00
296.00 450.07
295.00 450.07
294.07 451.00
294.00 451.07
293.00 451.07
292.07 452.00
292.00 452.07
291.07 453.00
291.00 453.07
290.00 453.07
289.07 454.00
289.00 454.07
288.07 455.00
288.00 455.07
287.07 456.00
287.00 456.07
286.07 457.00
286.00 457.07
285.07 458.00
285.00 458.07
284.07 459.00
284.00 459.07
283.07 460.00
283.07 461.00
283.00 461.07
282.07 462.00
282.07 463.00
282.00 463.07
281.07 464.00
281.07 465.00
281.00 465.07
280.07 466.00
280.07 467.00
280.07 468.00
280.07 469.00
280.07 470.00
280.07 471.00
280.07 472.00
280.07 473.00
280.07 474.00
280.07 475.00
280.07 476.00
281.00 476.93
281.07 477.00
281.07 478.00
281.07 479.00
282.00 479.93
282.07 480.00
282.07 481.00
283.00 481.93
283.07 482.00
284.00 482.93
284.07 483.00
284.07 484.00
285.00 484.93
285.07 485.00
286.00 485.93
286.07 486.00
286.07 487.00
287.00 487.93
287.07 488.00
288.00 488.93
288.07 489.00
289.00 489.93
289.07 490.00
290.00 490.93
290.07 491.00
291.00 491.93
291.07 492.00
292.00 492.93
292.07 493.00
293.00 493.93
293.07 494.00
294.00 494.93
294.07 495.00
295.00 495.93
296.00 495.93
296.07 496.00
297.00 496.93
297.07 497.00
298.00 497.93
299.00 497.93
299.07 498.00
300.00 498.93
301.00 498.93
301.07 499.00
302.00 499.93
303.00 499.93
303.07 500.00
304.00 500.93
305.00 500.93
306.00 500.93
306.07 501.00
307.00 501.93
308.00 501.93
309.00 501.93
310.00 501.93
311.00 501.93
311.07 502.00
312.00 502.93
313.00 502.93
314.00 502.93
315.00 502.93
316.00 502.93
317.00 502.93
318.00 502.93
319.00 502.93
320.00 502.93
321.00 502.93
322.00 502.93
323.00 502.93
324.00 502.93
325.00 502.93
326.00 502.93
326.93 502.00
327.00 501.93
328.00 501.93
329.00 501.93
329.93 501.00
330.00 500.93
331.00 500.93
331.93 500.00
332.00 499.93
333.00 499.93
333.93 499.00
334.00 498.93
334.93 498.00
335.00 497.93
336.00 497.93
336.93 497.00
337.00 496.93
337.93 496.00
338.00 495.93
338.93 495.00
339.00 494.93
339.93 494.00
339.93 493.00
340.00 492.93
340.93 492.00
341.00 491.93
341.93 491.00
341.93 490.00
342.00 489.93
342.93 489.00
342.93 488.00
343.00 487.93
343.93 487.00
343.93 486.00
343.93 485.00
344.00 484.93
344.93 484.00
344.93 483.00
344.93 482.00
344.93 481.00
345.00 480.93
345.93 480.00

Contour 6:
362.94 563.00
362.94 562.00
362.94 561.00
362.94 560.00
362.94 559.00
362.94 558.00
362.94 557.00
362.94 556.00
362.94 555.00
362.00 554.06
361.94 554.00
361.94 553.00
361.94 552.00
361.94 551.00
361.94 550.00
361.94 549.00
361.94 548.00
361.94 547.00
361.00 546.06
360.94 546.00
360.94 545.00
360.94 544.00
360.00 543.06
359.94 543.00
359.94 542.00
359.00 541.06
358.94 541.00
358.94 540.00
358.94 539.00
358.00 538.06
357.94 538.00
357.94 537.00
357.00 536.06
356.94 536.00
356.94 535.00
356.00 534.06
355.94 534.00
355.00 533.06
354.94 533.00
354.94 532.00
354.00 531.06
353.00 531.06
352.94 531.00
352.00 530.06
351.94 530.00
351.00 529.06
350.94 529.00
350.00 528.06
349.00 528.06
348.94 528.00
348.00 527.06
347.94 527.00
347.00 526.06
346.00 526.06
345.94 526.00
345.00 525.06
344.00 525.06
343.00 525.06
342.94 525.00
342.00 524.06
341.00 524.06
340.00 524.06
339.00 524.06
338.00 524.06
337.00 524.06
336.00 524.06
335.00 524.06
334.00 524.06
333.00 524.06
332.00 524.06
331.00 524.06
330.00 524.06
329.00 524.06
328.06 525.00
328.00 525.06
327.00 525.06
326.00 525.06
325.06 526.00
325.00 526.06
324.00 526.06
323.06 527.00
323.00 527.06
322.00 527.06
321.00 527.06
320.06 528.00
320.00 528.06
319.00 528.06
318.06 529.00
318.00 529.06
317.00 529.06
316.00 529.06
315.00 529.06
314.06 530.00
314.00 530.06
313.00 530.06
312.00 530.06
311.06 531.00
311.00 531.06
310.06 532.00
310.00 532.06
309.00 532.06
308.06 533.00
308.00 533.06
307.06 534.00
307.00 534.06
306.06 535.00
306.00 535.06
305.06 536.00
305.00 536.06
304.06 537.00
304.00 537.06
303.06 538.00
303.00 538.06
302.06 539.00
302.06 540.00
302.00 540.06
301.06 541.00
301.00 541.06
300.06 542.00
300.06 543.00
300.00 543.06
299.06 544.00
299.00 544.06
298.06 545.00
298.06 546.00
298.00 546.06
297.06 547.00
297.06 548.00
297.00 548.06
296.06 549.00
296.06 550.00
296.06 551.00
296.06 552.00
296.06 553.00
296.00 553.06
295.06 554.00
295.06 555.00
295.06 556.00
295.06 557.00
295.06 558.00
295.06 559.00
295.06 560.00
295.06 561.00
295.06 562.00
295.06 563.00
295.06 564.00
295.06 565.00
295.06 566.00
296.00 566.94
296.06 567.00
296.06 568.00
296.06 569.00
296.06 570.00
297.00 570.94
297.06 571.00
297.06 572.00
298.00 572.94
298.06 573.00
298.06 574.00
299.00 574.94
299.06 575.00
299.06 576.00
300.00 576.94
300.06 577.00
301.00 577.94
301.06 578.00
301.06 579.00
302.00 579.94
302.06 580.00
303.00 580.94
303.06 581.00
304.00 581.94
304.06 582.00
305.00 582.94
305.06 583.00
306.00 583.94
306.06 584.00
307.00 584.94
308.00 584.94
308.06 585.00
309.00 585.94
309.06 586.00
310.00 586.94
311.00 586.94
311.06 587.00
312.00 587.94
312.06 588.00
313.00 588.94
314.00 588.94
314.06 589.00
315.00 589.94
315.06 590.00
316.00 590.94
317.00 590.94
318.00 590.94
318.06 591.00
319.00 591.94
320.00 591.94
320.06 592.00
321.00 592.94
322.00 592.94
323.00 592.94
324.00 592.94
325.00 592.94
326.00 592.94
327.00 592.94
328.00 592.94
329.00 592.94
330.00 592.94
331.00 592.94
332.00 592.94
333.00 592.94
334.00 592.94
335.00 592.94
336.00 592.94
336.94 592.00
337.00 591.94
338.00 591.94
339.00 591.94
340.00 591.94
340.94 591.00
341.00 590.94
342.00 590.94
343.00 590.94
343.94 590.00
344.00 589.94
345.00 589.94
345.94 589.00
346.00 588.94
346.94 588.00
347.00 587.94
347.94 587.00
348.00 586.94
348.94 586.00
349.00 585.94
349.94 585.00
350.00 584.94
350.94 584.00
351.00 583.94
351.94 583.00
352.00 582.94
352.94 582.00
353.00 581.94
353.94 581.00
354.00 580.94
354.94 580.00
355.00 579.94
355.94 579.00
356.00 578.94
356.94 578.00
357.00 577.94
357.94 577.00
358.00 576.94
358.94 576.00
358.94 575.00
359.00 574.94
359.94 574.00
359.94 573.00
359.94 572.00
360.00 571.94
360.94 571.00
360.94 570.00
360.94 569.00
361.00 568.94
361.94 568.00
361.94 567.00
361.94 566.00
361.94 565.00
361.94 564.00
362.00 563.94
362.94 563.00

Contour 7:
371.94 121.00
371.94 120.00
371.94 119.00
371.94 118.00
371.94 117.00
371.94 116.00
371.94 115.00
371.00 114.06
370.94 114.00
370.00 113.06
369.94 113.00
369.94 112.00
369.00 111.06
368.94 111.00
368.94 110.00
368.00 109.06
367.94 109.00
367.94 108.00
367.00 107.06
366.94 107.00
366.00 106.06
365.00 106.06
364.94 106.00
364.00 105.06
363.00 105.06
362.00 105.06
361.00 105.06
360.94 105.00
360.00 104.06
359.00 104.06
358.00 104.06
357.94 104.00
357.94 103.00
357.00 102.06
356.00 102.06
355.06 103.00
355.00 103.06
354.06 104.00
354.06 105.00
354.00 105.06
353.06 106.00
353.00 106.06
352.00 106.06
351.94 106.00
352.00 105.94
352.94 105.00
353.00 104.94
353.94 104.00
353.94 103.00
353.94 102.00
353.94 101.00
353.94 100.00
353.94 99.00
354.00 98.94
354.94 98.00
354.00 97.06
353.94 97.00
353.00 96.06
352.94 96.00
352.00 95.06
351.94 95.00
351.00 94.06
350.94 94.00
350.00 93.06
349.94 93.00
349.00 92.06
348.00 92.06
347.00 92.06
346.00 92.06
345.94 92.00
345.00 91.06
344.00 91.06
343.06 92.00
343.00 92.06
342.00 92.06
341.00 92.06
340.00 92.06
339.00 92.06
338.00 92.06
337.00 92.06
336.00 92.06
335.00 92.06
334.06 93.00
334.00 93.06
333.00 93.06
332.00 93.06
331.06 94.00
331.00 94.06
330.00 94.06
329.00 94.06
328.06 95.00
328.00 95.06
327.06 96.00
327.00 96.06
326.06 97.00
326.06 98.00
326.00 98.06
325.00 98.06
324.06 99.00
324.00 99.06
323.06 100.00
323.00 100.06
322.06 101.00
322.00 101.06
321.06 102.00
321.06 103.00
321.00 103.06
320.06 104.00
320.00 104.06
319.06 105.00
319.00 105.06
318.06 106.00
318.00 106.06
317.00 106.06
316.06 107.00
316.00 107.06
315.06 108.00
315.06 109.00
315.00 109.06
314.06 110.00
314.06 111.00
314.00 111.06
313.06 112.00
313.06 113.00
313.06 114.00
313.06 115.00
313.06 116.00
313.06 117.00
313.06 118.00
313.06 119.00
313.06 120.00
313.06 121.00
313.06 122.00
313.06 123.00
313.06 124.00
313.06 125.00
313.00 125.06
312.06 126.00
312.06 127.00
312.06 128.00
312.06 129.00
312.06 130.00
312.06 131.00
312.06 132.00
312.06 133.00
312.06 134.00
312.06 135.00
312.06 136.00
312.06 137.00
312.06 138.00
312.06 139.00
313.00 139.94
313.06 140.00
313.06 141.00
313.06 142.00
313.06 143.00
314.00 143.94
314.06 144.00
315.00 144.94
315.06 145.00
316.00 145.94
317.00 145.94
317.06 146.00
318.00 146.94
319.00 146.94
319.06 147.00
320.00 147.94
321.00 147.94
322.00 147.94
322.06 148.00
323.00 148.94
323.06 149.00
324.00 149.94
324.06 150.00
325.00 150.94
326.00 150.94
326.06 151.00
327.00 151.94
327.06 152.00
328.00 152.94
329.00 152.94
329.06 153.00
330.00 153.94
330.06 154.00
331.00 154.94
331.06 155.00
332.00 155.94
333.00 155.94
334.00 155.94
335.00 155.94
336.00 155.94
336.94 155.00
337.00 154.94
338.00 154.94
339.00 154.94
340.00 154.94
341.00 154.94
342.00 154.94
342.94 154.00
343.00 153.94
344.00 153.94
344.94 153.00
345.00 152.94
346.00 152.94
347.00 152.94
347.94 152.00
348.00 151.94
349.00 151.94
350.00 151.94
351.00 151.94
351.94 151.00
352.00 150.94
353.00 150.94
354.00 150.94
355.00 150.94
355.94 150.00
356.00 149.94
356.94 149.00
357.00 148.94
357.94 148.00
358.00 147.94
358.94 147.00
359.00 146.94
359.94 146.00
360.00 145.94
361.00 145.94
361.94 145.00
362.00 144.94
362.94 144.00
363.00 143.94
363.94 143.00
364.00 142.94
364.94 142.00
365.00 141.94
365.94 141.00
366.00 140.94
366.94 140.00
366.94 139.00
367.00 138.94
367.94 138.00
368.00 137.94
368.94 137.00
368.94 136.00
369.00 135.94
369.94 135.00
369.94 134.00
369.94 133.00
369.94 132.00
369.94 131.00
369.94 130.00
369.94 129.00
369.94 128.00
369.94 127.00
369.94 126.00
369.94 125.00
370.00 124.94
370.94 124.00
370.94 123.00
370.94 122.00
371.00 121.94
371.94 121.00

Contour 8:
388.95 929.00
388.95 928.00
388.00 927.05
387.95 927.00
387.95 926.00
387.95 925.00
387.95 924.00
387.95 923.00
387.95 922.00
387.00 921.05
386.95 921.00
386.95 920.00
386.95 919.00
386.00 918.05
385.95 918.00
385.95 917.00
385.95 916.00
385.95 915.00
385.00 914.05
384.95 914.00
384.95 913.00
384.95 912.00
384.00 911.05
383.95 911.00
383.95 910.00
383.95 909.00
383.00 908.05
382.95 908.00
382.95 907.00
382.00 906.05
381.95 906.00
381.95 905.00
381.00 904.05
380.95 904.00
380.00 903.05
379.95 903.00
379.00 902.05
378.95 902.00
378.95 901.00
378.00 900.05
377.95 900.00
377.00 899.05
376.95 899.00
376.00 898.05
375.95 898.00
375.00 897.05
374.95 897.00
374.00 896.05
373.95 896.00
373.00 895.05
372.95 895.00
372.00 894.05
371.95 894.00
371.00 893.05
370.95 893.00
370.00 892.05
369.95 892.00
369.00 891.05
368.00 891.05
367.95 891.00
367.00 890.05
366.95 890.00
366.00 889.05
365.95 889.00
365.00 888.05
364.95 888.00
364.00 887.05
363.00 887.05
362.95 887.00
362.00 886.05
361.00 886.05
360.95 886.00
360.00 885.05
359.00 885.05
358.95 885.00
358.00 884.05
357.00 884.05
356.00 884.05
355.95 884.00
355.00 883.05
354.00 883.05
353.00 883.05
352.00 883.05
351.00 883.05
350.00 883.05
349.05 884.00
349.00 884.05
348.00 884.05
347.00 884.05
346.00 884.05
345.05 885.00
345.00 885.05
344.00 885.05
343.05 886.00
343.00 886.05
342.05 887.00
342.00 887.05
341.00 887.05
340.05 888.00
340.00 888.05
339.05 889.00
339.00 889.05
338.05 890.00
338.00 890.05
337.05 891.00
337.00 891.05
336.05 892.00
336.00 892.05
335.05 893.00
335.00 893.05
334.05 894.00
334.00 894.05
333.05 895.00
333.05 896.00
333.00 896.05
332.05 897.00
332.05 898.00
332.00 898.05
331.05 899.00
331.05 900.00
331.05 901.00
331.00 901.05
330.05 902.00
330.05 903.00
330.05 904.00
330.05 905.00
330.00 905.05
329.05 906.00
329.05 907.00
329.05 908.00
329.05 909.00
329.00 909.05
328.05 910.00
328.05 911.00
328.05 912.00
328.05 913.00
328.05 914.00
328.05 915.00
328.05 916.00
328.05 917.00
328.05 918.00
328.05 919.00
328.05 920.00
328.05 921.00
328.05 922.00
328.05 923.00
328.05 924.00
328.05 925.00
328.05 926.00
328.05 927.00
328.05 928.00
328.05 929.00
328.05 930.00
328.05 931.00
328.05 932.00
328.05 933.00
329.00 933.95
329.05 934.00
329.05 935.00
329.05 936.00
329.05 937.00
330.00 937.95
330.05 938.00
330.05 939.00
331.00 939.95
331.05 940.00
331.05 941.00
331.05 942.00
332.00 942.95
332.05 943.00
332.05 944.00
333.00 944.95
333.05 945.00
333.05 946.00
334.00 946.95
334.05 947.00
334.05 948.00
335.00 948.95
335.05 949.00
335.05 950.00
336.00 950.95
336.05 951.00
337.00 951.95
337.05 952.00
338.00 952.95
338.05 953.00
339.00 953.95
340.00 953.95
340.05 954.00
341.00 954.95
341.05 955.00
342.00 955.95
343.00 955.95
343.05 956.00
344.00 956.95
345.00 956.95
345.05 957.00
346.00 957.95
347.00 957.95
348.00 957.95
348.05 958.00
349.00 958.95
350.00 958.95
351.00 958.95
351.05 959.00
352.00 959.95
353.00 959.95
354.00 959.95
355.00 959.95
356.00 959.95
356.05 960.00
357.00 960.95
358.00 960.95
359.00 960.95
360.00 960.95
361.00 960.95
362.00 960.95
363.00 960.95
364.00 960.95
365.00 960.95
365.95 960.00
366.00 959.95
367.00 959.95
368.00 959.95
369.00 959.95
370.00 959.95
370.95 959.00
371.00 958.95
372.00 958.95
372.95 958.00
373.00 957.95
374.00 957.95
374.95 957.00
375.00 956.95
376.00 956.95
376.95 956.00
377.00 955.95
377.95 955.00
378.00 954.95
378.95 954.00
379.00 953.95
380.00 953.95
380.95 953.00
381.00 952.95
381.95 952.00
381.95 951.00
382.00 950.95
382.95 950.00
383.00 949.95
383.95 949.00
383.95 948.00
384.00 947.95
384.95 947.00
384.95 946.00
385.00 945.95
385.95 945.00
385.95 944.00
386.00 943.95
386.95 943.00
386.95 942.00
386.95 941.00
386.95 940.00
387.00 939.95
387.95 939.00
387.95 938.00
387.95 937.00
387.95 936.00
387.95 935.00
387.95 934.00
387.95 933.00
387.95 932.00
387.95 931.00
387.95 930.00
388.00 929.95
388.95 929.00

Contour 9:
406.95 406.00
406.95 405.00
406.95 404.00
406.95 403.00
406.95 402.00
406.95 401.00
406.95 400.00
406.95 399.00
406.95 398.00
406.95 397.00
406.95 396.00
406.95 395.00
406.95 394.00
406.00 393.05
405.95 393.00
405.95 392.00
405.95 391.00
405.00 390.05
404.95 390.00
404.95 389.00
404.00 388.05
403.95 388.00
403.95 387.00
403.00 386.05
402.95 386.00
402.00 385.05
401.95 385.00
401.95 384.00
401.00 383.05
400.95 383.00
400.00 382.05
399.95 382.00
399.00 381.05
398.95 381.00
398.00 380.05
397.95 380.00
397.00 379.05
396.95 379.00
396.00 378.05
395.95 378.00
395.00 377.05
394.95 377.00
394.00 376.05
393.95 376.00
393.00 375.05
392.95 375.00
392.00 374.05
391.95 374.00
391.00 373.05
390.00 373.05
389.95 373.00
389.00 372.05
388.00 372.05
387.95 372.00
387.00 371.05
386.00 371.05
385.95 371.00
385.00 370.05
384.95 370.00
384.00 369.05
383.00 369.05
382.95 369.00
382.00 368.05
381.00 368.05
380.00 368.05
379.00 368.05
378.00 368.05
377.95 368.00
377.00 367.05
376.00 367.05
375.00 367.05
374.00 367.05
373.00 367.05
372.00 367.05
371.00 367.05
370.00 367.05
369.00 367.05
368.05 368.00
368.00 368.05
367.00 368.05
366.00 368.05
365.00 368.05
364.00 368.05
363.05 369.00
363.00 369.05
362.00 369.05
361.00 369.05
360.00 369.05
359.05 370.00
359.00 370.05
358.00 370.05
357.05 371.00
357.00 371.05
356.00 371.05
355.05 372.00
355.00 372.05
354.05 373.00
354.00 373.05
353.00 373.05
352.05 374.00
352.00 374.05
351.05 375.00
351.00 375.05
350.05 376.00
350.00 376.05
349.00 376.05
348.05 377.00
348.00 377.05
347.05 378.00
347.00 378.05
346.05 379.00
346.00 379.05
345.05 380.00
345.00 380.05
344.05 381.00
344.05 382.00
344.00 382.05
343.05 383.00
343.00 383.05
342.05 384.00
342.00 384.05
341.05 385.00
341.05 386.00
341.00 386.05
340.05 387.00
340.05 388.00
340.00 388.05
339.05 389.00
339.05 390.00
339.05 391.00
339.00 391.05
338.05 392.00
338.05 393.00
338.05 394.00
338.05 395.00
338.05 396.00
338.05 397.00
338.05 398.00
338.05 399.00
338.05 400.00
338.05 401.00
338.05 402.00
338.05 403.00
339.00 403.95
339.05 404.00
339.05 405.00
339.05 406.00
340.00 406.95
340.05 407.00
340.05 408.00
340.05 409.00
341.00 409.95
341.05 410.00
341.05 411.00
342.00 411.95
342.05 412.00
342.05 413.00
343.00 413.95
343.05 414.00
343.05 415.00
344.00 415.95
344.05 416.00
345.00 416.95
345.05 417.00
346.00 417.95
346.05 418.00
346.05 419.00
347.00 419.95
347.05 420.00
348.00 420.95
349.00 420.95
349.05 421.00
350.00 421.95
350.05 422.00
351.00 422.95
351.05 423.00
352.00 423.95
352.05 424.00
353.00 424.95
354.00 424.95
354.05 425.00
355.00 425.95
356.00 425.95
356.05 426.00
357.00 426.95
357.05 427.00
358.00 427.95
359.00 427.95
359.05 428.00
360.00 428.95
361.00 428.95
361.05 429.00
362.00 429.95
363.00 429.95
364.00 429.95
365.00 429.95
366.00 429.95
366.05 430.00
367.00 430.95
368.00 430.95
369.00 430.95
370.00 430.95
371.00 430.95
372.00 430.95
373.00 430.95
374.00 430.95
375.00 430.95
376.00 430.95
377.00 430.95
378.00 430.95
379.00 430.95
380.00 430.95
380.95 430.00
381.00 429.95
382.00 429.95
383.00 429.95
384.00 429.95
385.00 429.95
386.00 429.95
386.95 429.00
387.00 428.95
388.00 428.95
389.00 428.95
389.95 428.00
390.00 427.95
391.00 427.95
391.95 427.00
392.00 426.95
392.95 426.00
393.00 425.95
394.00 425.95
394.95 425.00
395.00 424.95
395.95 424.00
396.00 423.95
396.95 423.00
397.00 422.95
397.95 422.00
398.00 421.95
398.95 421.00
399.00 420.95
399.95 420.00
400.00 419.95
400.95 419.00
400.95 418.00
401.00 417.95
401.95 417.00
402.00 416.95
402.95 416.00
402.95 415.00
403.00 414.95
403.95 414.00
403.95 413.00
404.00 412.95
404.95 412.00
404.95 411.00
404.95 410.00
405.00 409.95
405.95 409.00
405.95 408.00
405.95 407.00
406.00 406.95
406.95 406.00

Contour 10:
403.96 230.00
403.96 229.00
403.96 228.00
403.96 227.00
403.96 226.00
403.96 225.00
403.96 224.00
403.96 223.00
403.96 222.00
403.96 221.00
403.00 220.04
402.96 220.00
402.96 219.00
402.00 218.04
401.96 218.00
401.96 217.00
401.00 216.04
400.96 216.00
400.96 215.00
400.96 214.00
400.00 213.04
399.96 213.00
399.00 212.04
398.96 212.00
398.96 211.00
398.00 210.04
397.96 210.00
397.00 209.04
396.96 209.00
396.00 208.04
395.96 208.00
395.00 207.04
394.96 207.00
394.00 206.04
393.00 206.04
392.96 206.00
392.00 205.04
391.96 205.00
391.00 204.04
390.00 204.04
389.96 204.00
389.00 203.04
388.00 203.04
387.96 203.00
387.00 202.04
386.00 202.04
385.00 202.04
384.00 202.04
383.00 202.04
382.00 202.04
381.00 202.04
380.00 202.04
379.00 202.04
378.00 202.04
377.00 202.04
376.00 202.04
375.04 203.00
375.00 203.04
374.00 203.04
373.00 203.04
372.04 204.00
372.00 204.04
371.00 204.04
370.04 205.00
370.00 205.04
369.00 205.04
368.04 206.00
368.00 206.04
367.04 207.00
367.00 207.04
366.00 207.04
365.04 208.00
365.00 208.04
364.04 209.00
364.00 209.04
363.00 209.04
362.04 210.00
362.00 210.04
361.04 211.00
361.00 211.04
360.04 212.00
360.00 212.04
359.04 213.00
359.00 213.04
358.04 214.00
358.00 214.04
357.04 215.00
357.04 216.00
357.00 216.04
356.04 217.00
356.00 217.04
355.04 218.00
355.00 218.04
354.04 219.00
354.04 220.00
354.00 220.04
353.04 221.00
353.04 222.00
353.00 222.04
352.04 223.00
352.04 224.00
352.00 224.04
351.04 225.00
351.04 226.00
351.04 227.00
351.00 227.04
350.04 228.00
350.04 229.00
350.04 230.00
350.00 230.04
349.04 231.00
349.04 232.00
349.04 233.00
349.00 233.04
348.04 234.00
348.04 235.00
348.04 236.00
348.04 237.00
348.04 238.00
348.00 238.04
347.04 239.00
347.04 240.00
347.04 241.00
347.04 242.00
347.04 243.00
347.04 244.00
347.04 245.00
347.04 246.00
347.04 247.00
347.04 248.00
347.04 249.00
348.00 249.96
348.04 250.00
348.04 251.00
348.04 252.00
348.04 253.00
349.00 253.96
349.04 254.00
349.04 255.00
349.04 256.00
350.00 256.96
350.04 257.00
350.04 258.00
350.04 259.00
351.00 259.96
351.04 260.00
351.04 261.00
352.00 261.96
352.04 262.00
353.00 262.96
353.04 263.00
354.00 263.96
354.04 264.00
355.00 264.96
355.04 265.00
356.00 265.96
356.04 266.00
357.00 266.96
357.04 267.00
358.00 267.96
359.00 267.96
359.04 268.00
360.00 268.96
361.00 268.96
361.04 269.00
362.00 269.96
363.00 269.96
363.04 270.00
364.00 270.96
365.00 270.96
366.00 270.96
367.00 270.96
368.00 270.96
369.00 270.96
370.00 270.96
371.00 270.96
371.96 270.00
372.00 269.96
373.00 269.96
373.96 269.00
374.00 268.96
375.00 268.96
376.00 268.96
376.96 268.00
377.00 267.96
378.00 267.96
378.96 267.00
379.00 266.96
380.00 266.96
380.96 266.00
381.00 265.96
382.00 265.96
382.96 265.00
383.00 264.96
383.96 264.00
384.00 263.96
384.96 263.00
385.00 262.96
385.96 262.00
386.00 261.96
387.00 261.96
387.96 261.00
387.96 260.00
388.00 259.96
388.96 259.00
389.00 258.96
389.96 258.00
390.00 257.96
390.96 257.00
391.00 256.96
391.96 256.00
391.96 255.00
392.00 254.96
392.96 254.00
393.00 253.96
393.96 253.00
394.00 252.96
394.96 252.00
395.00 251.96
395.96 251.00
395.96 250.00
396.00 249.96
396.96 249.00
397.00 248.96
397.96 248.00
397.96 247.00
398.00 246.96
398.96 246.00
398.96 245.00
399.00 244.96
399.96 244.00
399.96 243.00
399.96 242.00
400.00 241.96
400.96 241.00
400.96 240.00
400.96 239.00
400.96 238.00
401.00 237.96
401.96 237.00
401.96 236.00
401.96 235.00
401.96 234.00
402.00 233.96
402.96 233.00
402.96 232.00
402.96 231.00
403.00 230.96
403.96 230.00

Contour 11:
439.96 801.00
439.96 800.00
439.96 799.00
439.96 798.00
439.96 797.00
439.96 796.00
439.96 795.00
439.96 794.00
439.96 793.00
439.96 792.00
439.96 791.00
439.96 790.00
439.96 789.00
439.96 788.00
439.96 787.00
439.00 786.04
438.96 786.00
438.96 785.00
438.96 784.00
438.96 783.00
438.00 782.04
437.96 782.00
437.96 781.00
437.00 780.04
436.96 780.00
436.96 779.00
436.00 778.04
435.96 778.00
435.96 777.00
435.00 776.04
434.96 776.00
434.96 775.00
434.00 774.04
433.96 774.00
433.96 773.00
433.00 772.04
432.96 772.00
432.00 771.04
431.96 771.00
431.00 770.04
430.96 770.00
430.00 769.04
429.96 769.00
429.00 768.04
428.96 768.00
428.00 767.04
427.96 767.00
427.00 766.04
426.00 766.04
425.96 766.00
425.00 765.04
424.96 765.00
424.00 764.04
423.00 764.04
422.96 764.00
422.00 763.04
421.00 763.04
420.96 763.00
420.00 762.04
419.00 762.04
418.96 762.00
418.00 761.04
417.00 761.04
416.00 761.04
415.00 761.04
414.96 761.00
414.00 760.04
413.00 760.04
412.00 760.04
411.00 760.04
410.00 760.04
409.00 760.04
408.00 760.04
407.00 760.04
406.00 760.04
405.00 760.04
404.00 760.04
403.00 760.04
402.00 760.04
401.00 760.04
400.00 760.04
399.00 760.04
398.04 761.00
398.00 761.04
397.00 761.04
396.00 761.04
395.00 761.04
394.04 762.00
394.00 762.04
393.00 762.04
392.04 763.00
392.00 763.04
391.00 763.04
390.04 764.00
390.00 764.04
389.00 764.04
388.04 765.00
388.00 765.04
387.04 766.00
387.00 766.04
386.00 766.04
385.04 767.00
385.00 767.04
384.04 768.00
384.00 768.04
383.04 769.00
383.00 769.04
382.04 770.00
382.04 771.00
382.00 771.04
381.04 772.00
381.00 772.04
380.04 773.00
380.00 773.04
379.04 774.00
379.04 775.00
379.00 775.04
378.04 776.00
378.00 776.04
377.04 777.00
377.04 778.00
377.00 778.04
376.04 779.00
376.04 780.00
376.00 780.04
375.04 781.00
375.04 782.00
375.00 782.04
374.04 783.00
374.04 784.00
374.04 785.00
374.00 785.04
373.04 786.00
373.04 787.00
373.04 788.00
373.00 788.04
372.04 789.00
372.04 790.00
372.04 791.00
372.04 792.00
372.04 793.00
372.04 794.00
372.04 795.00
372.04 796.00
372.04 797.00
372.04 798.00
372.04 799.00
372.04 800.00
372.04 801.00
372.04 802.00
373.00 802.96
373.04 803.00
373.04 804.00
373.04 805.00
373.04 806.00
374.00 806.96
374.04 807.00
374.04 808.00
374.04 809.00
374.04 810.00
375.00 810.96
375.04 811.00
375.04 812.00
376.00 812.96
376.04 813.00
377.00 813.96
377.04 814.00
377.04 815.00
378.00 815.96
378.04 816.00
378.04 817.00
379.00 817.96
379.04 818.00
380.00 818.96
380.04 819.00
380.04 820.00
381.00 820.96
381.04 821.00
382.00 821.96
382.04 822.00
383.00 822.96
383.04 823.00
384.00 823.96
384.04 824.00
385.00 824.96
385.04 825.00
386.00 825.96
386.04 826.00
387.00 826.96
387.04 827.00
388.00 827.96
389.00 827.96
389.04 828.00
390.00 828.96
391.00 828.96
391.04 829.00
392.00 829.96
393.00 829.96
394.00 829.96
394.04 830.00
395.00 830.96
396.00 830.96
397.00 830.96
397.04 831.00
398.00 831.96
399.00 831.96
400.00 831.96
401.00 831.96
402.00 831.96
403.00 831.96
404.00 831.96
405.00 831.96
406.00 831.96
407.00 831.96
408.00 831.96
409.00 831.96
410.00 831.96
410.96 831.00
411.00 830.96
412.00 830.96
413.00 830.96
413.96 830.00
414.00 829.96
414.96 829.00
415.00 828.96
416.00 828.96
416.96 828.00
417.00 827.96
417.96 827.00
418.00 826.96
419.00 826.96
419.96 826.00
420.00 825.96
420.96 825.00
421.00 824.96
421.96 824.00
422.00 823.96
422.96 823.00
423.00 822.96
423.96 822.00
424.00 821.96
424.96 821.00
425.00 820.96
425.96 820.00
426.00 819.96
426.96 819.00
427.00 818.96
427.96 818.00
428.00 817.96
428.96 817.00
429.00 816.96
429.96 816.00
430.00 815.96
430.96 815.00
431.00 814.96
431.96 814.00
432.00 813.96
432.96 813.00
433.00 812.96
433.96 812.00
433.96 811.00
434.00 810.96
434.96 810.00
435.00 809.96
435.96 809.00
436.00 808.96
436.96 808.00
436.96 807.00
437.00 806.96
437.96 806.00
437.96 805.00
438.00 804.96
438.96 804.00
438.96 803.00
438.96 802.00
439.00 801.96
439.96 801.00

Contour 12:
472.96 626.00
472.96 625.00
472.96 624.00
472.96 623.00
472.96 622.00
472.96 621.00
472.96 620.00
472.96 619.00
472.96 618.00
472.96 617.00
472.00 616.04
471.96 616.00
471.96 615.00
471.96 614.00
471.96 613.00
471.96 612.00
471.00 611.04
470.96 611.00
470.96 610.00
470.00 609.04
469.96 609.00
469.96 608.00
469.00 607.04
468.96 607.00
468.00 606.04
467.96 606.00
467.96 605.00
467.00 604.04
466.96 604.00
466.00 603.04
465.96 603.00
465.96 602.00
465.00 601.04
464.96 601.00
464.00 600.04
463.96 600.00
463.00 599.04
462.96 599.00
462.00 598.04
461.96 598.00
461.00 597.04
460.00 597.04
459.96 597.00
459.00 596.04
458.96 596.00
458.00 595.04
457.00 595.04
456.96 595.00
456.00 594.04
455.00 594.04
454.00 594.04
453.96 594.00
453.00 593.04
452.00 593.04
451.00 593.04
450.96 593.00
450.00 592.04
449.00 592.04
448.00 592.04
447.00 592.04
446.96 592.00
446.00 591.04
445.00 591.04
444.00 591.04
443.00 591.04
442.00 591.04
441.00 591.04
440.00 591.04
439.00 591.04
438.00 591.04
437.00 591.04
436.00 591.04
435.00 591.04
434.00 591.04
433.00 591.04
432.00 591.04
431.04 592.00
431.00 592.04
430.00 592.04
429.00 592.04
428.04 593.00
428.00 593.04
427.00 593.04
426.04 594.00
426.00 594.04
425.00 594.04
424.04 595.00
424.00 595.04
423.00 595.04
422.04 596.00
422.00 596.04
421.04 597.00
421.00 597.04
420.00 597.04
419.04 598.00
419.00 598.04
418.04 599.00
418.00 599.04
417.04 600.00
417.00 600.04
416.04 601.00
416.00 601.04
415.04 602.00
415.00 602.04
414.04 603.00
414.00 603.04
413.04 604.00
413.00 604.04
412.04 605.00
412.00 605.04
411.04 606.00
411.04 607.00
411.00 607.04
410.04 608.00
410.04 609.00
410.00 609.04
409.04 610.00
409.04 611.00
409.00 611.04
408.04 612.00
408.04 613.00
408.04 614.00
408.04 615.00
408.04 616.00
408.04 617.00
408.04 618.00
408.04 619.00
408.04 620.00
408.04 621.00
408.04 622.00
408.04 623.00
408.04 624.00
408.04 625.00
408.04 626.00
409.00 626.96
409.04 627.00
409.04 628.00
409.04 629.00
409.04 630.00
410.00 630.96
410.04 631.00
410.04 632.00
410.04 633.00
411.00 633.96
411.04 634.00
411.04 635.00
412.00 635.96
412.04 636.00
412.04 637.00
413.00 637.96
413.04 638.00
413.04 639.00
414.00 639.96
414.04 640.00
415.00 640.96
415.04 641.00
415.04 642.00
416.00 642.96
416.04 643.00
417.00 643.96
417.04 644.00
418.00 644.96
418.04 645.00
419.00 645.96
419.04 646.00
420.00 646.96
421.00 646.96
421.04 647.00
422.00 647.96
422.04 648.00
423.00 648.96
424.00 648.96
424.04 649.00
425.00 649.96
426.00 649.96
427.00 649.96
427.04 650.00
428.00 650.96
429.00 650.96
430.00 650.96
431.00 650.96
432.00 650.96
432.04 651.00
433.00 651.96
434.00 651.96
435.00 651.96
436.00 651.96
437.00 651.96
438.00 651.96
438.04 652.00
439.00 652.96
440.00 652.96
441.00 652.96
442.00 652.96
443.00 652.96
444.00 652.96
445.00 652.96
446.00 652.96
447.00 652.96
448.00 652.96
449.00 652.96
449.96 652.00
450.00 651.96
451.00 651.96
452.00 651.96
452.96 651.00
453.00 650.96
454.00 650.96
454.96 650.00
455.00 649.96
456.00 649.96
456.96 649.00
457.00 648.96
457.96 648.00
458.00 647.96
459.00 647.96
459.96 647.00
460.00 646.96
460.96 646.00
461.00 645.96
461.96 645.00
462.00 644.96
462.96 644.00
463.00 643.96
463.96 643.00
464.00 642.96
464.96 642.00
464.96 641.00
465.00 640.96
465.96 640.00
466.00 639.96
466.96 639.00
467.00 638.96
467.96 638.00
467.96 637.00
468.00 636.96
468.96 636.00
468.96 635.00
469.00 634.96
469.96 634.00
470.00 633.96
470.96 633.00
470.96 632.00
470.96 631.00
471.00 630.96
471.96 630.00
471.96 629.00
471.96 628.00
471.96 627.00
472.00 626.96
472.96 626.00

Contour 13:
505.97 140.00
505.97 139.00
505.97 138.00
505.97 137.00
505.97 136.00
505.97 135.00
505.97 134.00
505.97 133.00
505.97 132.00
505.97 131.00
505.00 130.03
504.97 130.00
504.97 129.00
504.97 128.00
504.97 127.00
504.00 126.03
503.97 126.00
503.97 125.00
503.97 124.00
503.97 123.00
503.00 122.03
502.97 122.00
502.97 121.00
502.00 120.03
501.97 120.00
501.97 119.00
501.00 118.03
500.97 118.00
500.97 117.00
500.00 116.03
499.97 116.00
499.00 115.03
498.97 115.00
498.00 114.03
497.97 114.00
497.97 113.00
497.00 112.03
496.97 112.00
496.00 111.03
495.00 111.03
494.97 111.00
494.00 110.03
493.97 110.00
493.00 109.03
492.00 109.03
491.97 109.00
491.00 108.03
490.00 108.03
489.97 108.00
489.00 107.03
488.00 107.03
487.00 107.03
486.97 107.00
486.00 106.03
485.00 106.03
484.00 106.03
483.00 106.03
482.00 106.03
481.00 106.03
480.03 107.00
480.00 107.03
479.00 107.03
478.00 107.03
477.00 107.03
476.03 108.00
476.00 108.03
475.00 108.03
474.03 109.00
474.00 109.03
473.00 109.03
472.00 109.03
471.03 110.00
471.00 110.03
470.00 110.03
469.03 111.00
469.00 111.03
468.03 112.00
468.00 112.03
467.00 112.03
466.03 113.00
466.00 113.03
465.03 114.00
465.00 114.03
464.03 115.00
464.00 115.03
463.03 116.00
463.00 116.03
462.03 117.00
462.03 118.00
462.00 118.03
461.03 119.00
461.00 119.03
460.03 120.00
460.00 120.03
459.03 121.00
459.03 122.00
459.00 122.03
458.03 123.00
458.03 124.00
458.00 124.03
457.03 125.00
457.00 125.03
456.03 126.00
456.03 127.00
456.00 127.03
455.03 128.00
455.03 129.00
455.00 129.03
454.03 130.00
454.03 131.00
454.00 131.03
453.03 132.00
453.03 133.00
453.03 134.00
453.00 134.03
452.03 135.00
452.03 136.00
452.03 137.00
452.00 137.03
451.03 138.00
451.03 139.00
451.03 140.00
451.03 141.00
451.03 142.00
451.03 143.00
451.03 144.00
451.03 145.00
451.03 146.00
451.03 147.00
452.00 147.97
452.03 148.00
452.03 149.00
452.03 150.00
452.03 151.00
453.00 151.97
453.03 152.00
453.03 153.00
453.03 154.00
454.00 154.97
454.03 155.00
454.03 156.00
455.00 156.97
455.03 157.00
455.03 158.00
456.00 158.97
456.03 159.00
456.03 160.00
457.00 160.97
457.03 161.00
458.00 161.97
458.03 162.00
459.00 162.97
459.03 163.00
460.00 163.97
460.03 164.00
461.00 164.97
461.03 165.00
462.00 165.97
462.03 166.00
463.00 166.97
463.03 167.00
464.00 167.97
464.03 168.00
465.00 168.97
466.00 168.97
466.03 169.00
467.00 169.97
468.00 169.97
468.03 170.00
469.00 170.97
470.00 170.97
470.03 171.00
471.00 171.97
472.00 171.97
473.00 171.97
473.03 172.00
474.00 172.97
475.00 172.97
476.00 172.97
477.00 172.97
478.00 172.97
479.00 172.97
480.00 172.97
481.00 172.97
482.00 172.97
483.00 172.97
484.00 172.97
485.00 172.97
485.97 172.00
486.00 171.97
487.00 171.97
488.00 171.97
488.97 171.00
489.00 170.97
489.97 170.00
490.00 169.97
491.00 169.97
491.97 169.00
492.00 168.97
493.00 168.97
493.97 168.00
494.00 167.97
494.97 167.00
495.00 166.97
495.97 166.00
496.00 165.97
496.97 165.00
497.00 164.97
497.97 164.00
498.00 163.97
498.97 163.00
499.00 162.97
499.97 162.00
500.00 161.97
500.97 161.00
500.97 160.00
501.00 159.97
501.97 159.00
501.97 158.00
502.00 157.97
502.97 157.00
502.97 156.00
502.97 155.00
503.00 154.97
503.97 154.00
503.97 153.00
503.97 152.00
503.97 151.00
504.00 150.97
504.97 150.00
504.97 149.00
504.97 148.00
504.97 147.00
504.97 146.00
504.97 145.00
504.97 144.00
504.97 143.00
504.97 142.00
504.97 141.00
505.00 140.97
505.97 140.00

Contour 14:
555.97 520.00
555.97 519.00
555.97 518.00
555.97 517.00
555.97 516.00
555.97 515.00
555.97 514.00
555.97 513.00
555.97 512.00
555.00 511.03
554.97 511.00
554.97 510.00
554.00 509.03
553.97 509.00
553.97 508.00
553.97 507.00
553.00 506.03
552.97 506.00
552.97 505.00
552.97 504.00
552.97 503.00
552.00 502.03
551.97 502.00
551.97 501.00
551.00 500.03
550.97 500.00
550.97 499.00
550.00 498.03
549.97 498.00
549.97 497.00
549.00 496.03
548.97 496.00
548.00 495.03
547.97 495.00
547.00 494.03
546.97 494.00
546.00 493.03
545.97 493.00
545.00 492.03
544.97 492.00
544.00 491.03
543.97 491.00
543.00 490.03
542.00 490.03
541.97 490.00
541.00 489.03
540.00 489.03
539.97 489.00
539.00 488.03
538.00 488.03
537.00 488.03
536.00 488.03
535.97 488.00
535.00 487.03
534.00 487.03
533.03 488.00
533.00 488.03
532.00 488.03
531.00 488.03
530.00 488.03
529.00 488.03
528.03 489.00
528.00 489.03
527.00 489.03
526.00 489.03
525.00 489.03
524.03 490.00
524.00 490.03
523.00 490.03
522.03 491.00
522.00 491.03
521.00 491.03
520.03 492.00
520.00 492.03
519.03 493.00
519.03 494.00
519.00 494.03
518.03 495.00
518.00 495.03
517.03 496.00
517.03 497.00
517.00 497.03
516.03 498.00
516.03 499.00
516.03 500.00
516.00 500.03
515.03 501.00
515.03 502.00
515.03 503.00
515.03 504.00
515.03 505.00
515.03 506.00
515.03 507.00
515.03 508.00
516.00 508.97
516.03 509.00
516.03 510.00
516.03 511.00
516.03 512.00
516.03 513.00
517.00 513.97
517.03 514.00
517.03 515.00
517.03 516.00
517.03 517.00
518.00 517.97
518.03 518.00
518.03 519.00
518.03 520.00
519.00 520.97
519.03 521.00
519.03 522.00
519.03 523.00
520.00 523.97
520.03 524.00
521.00 524.97
521.03 525.00
521.03 526.00
522.00 526.97
522.03 527.00
523.00 527.97
523.03 528.00
524.00 528.97
525.00 528.97
525.03 529.00
526.00 529.97
527.00 529.97
527.03 530.00
528.00 530.97
529.00 530.97
529.03 531.00
530.00 531.97
531.00 531.97
531.03 532.00
532.00 532.97
533.00 532.97
533.03 533.00
534.00 533.97
535.00 533.97
536.00 533.97
537.00 533.97
537.03 534.00
538.00 534.97
539.00 534.97
540.00 534.97
541.00 534.97
542.00 534.97
543.00 534.97
543.97 534.00
544.00 533.97
545.00 533.97
545.97 533.00
546.00 532.97
547.00 532.97
547.97 532.00
548.00 531.97
548.97 531.00
549.00 530.97
549.97 530.00
549.97 529.00
550.00 528.97
550.97 528.00
551.00 527.97
551.97 527.00
552.00 526.97
552.97 526.00
552.97 525.00
553.00 524.97
553.97 524.00
553.97 523.00
554.00 522.97
554.97 522.00
554.97 521.00
555.00 520.97
555.97 520.00

Contour 15:
603.97 651.00
603.97 650.00
603.97 649.00
603.97 648.00
603.97 647.00
603.97 646.00
603.97 645.00
603.97 644.00
603.97 643.00
603.97 642.00
603.97 641.00
603.97 640.00
603.97 639.00
603.97 638.00
603.00 637.03
602.97 637.00
602.97 636.00
602.97 635.00
602.97 634.00
602.00 633.03
601.97 633.00
601.97 632.00
601.97 631.00
601.00 630.03
600.97 630.00
600.97 629.00
600.00 628.03
599.97 628.00
599.97 627.00
599.00 626.03
598.97 626.00
598.00 625.03
597.97 625.00
597.97 624.00
597.00 623.03
596.97 623.00
596.00 622.03
595.97 622.00
595.00 621.03
594.97 621.00
594.00 620.03
593.97 620.00
593.00 619.03
592.97 619.00
592.00 618.03
591.97 618.00
591.00 617.03
590.97 617.00
590.00 616.03
589.00 616.03
588.97 616.00
588.00 615.03
587.97 615.00
587.00 614.03
586.00 614.03
585.97 614.00
585.00 613.03
584.00 613.03
583.97 613.00
583.00 612.03
582.00 612.03
581.00 612.03
580.97 612.00
580.00 611.03
579.00 611.03
578.00 611.03
577.00 611.03
576.00 611.03
575.00 611.03
574.97 611.00
574.00 610.03
573.00 610.03
572.03 611.00
572.00 611.03
571.00 611.03
570.00 611.03
569.00 611.03
568.00 611.03
567.00 611.03
566.03 612.00
566.00 612.03
565.00 612.03
564.03 613.00
564.00 613.03
563.00 613.03
562.03 614.00
562.00 614.03
561.00 614.03
560.00 614.03
559.03 615.00
559.00 615.03
558.03 616.00
558.00 616.03
557.00 616.03
556.03 617.00
556.00 617.03
555.00 617.03
554.03 618.00
554.00 618.03
553.03 619.00
553.00 619.03
552.00 619.03
551.03 620.00
551.00 620.03
550.03 621.00
550.00 621.03
549.03 622.00
549.00 622.03
548.03 623.00
548.00 623.03
547.03 624.00
547.00 624.03
546.03 625.00
546.00 625.03
545.03 626.00
545.00 626.03
544.03 627.00
544.00 627.03
543.03 628.00
543.03 629.00
543.00 629.03
542.03 630.00
542.03 631.00
542.00 631.03
541.03 632.00
541.03 633.00
541.00 633.03
540.03 634.00
540.03 635.00
540.03 636.00
540.00 636.03
539.03 637.00
539.03 638.00
539.03 639.00
539.03 640.00
539.00 640.03
538.03 641.00
538.03 642.00
538.03 643.00
538.03 644.00
538.03 645.00
538.03 646.00
538.03 647.00
538.03 648.00
538.03 649.00
538.03 650.00
539.00 650.97
539.03 651.00
539.03 652.00
539.03 653.00
540.00 653.97
540.03 654.00
540.03 655.00
540.03 656.00
541.00 656.97
541.03 657.00
541.03 658.00
542.00 658.97
542.03 659.00
542.03 660.00
543.00 660.97
543.03 661.00
544.00 661.97
544.03 662.00
545.00 662.97
545.03 663.00
545.03 664.00
546.00 664.97
547.00 664.97
547.03 665.00
548.00 665.97
548.03 666.00
549.00 666.97
549.03 667.00
550.00 667.97
550.03 668.00
551.00 668.97
551.03 669.00
552.00 669.97
552.03 670.00
553.00 670.97
554.00 670.97
554.03 671.00
555.00 671.97
555.03 672.00
556.00 672.97
557.00 672.97
557.03 673.00
558.00 673.97
559.00 673.97
559.03 674.00
560.00 674.97
561.00 674.97
561.03 675.00
562.00 675.97
563.00 675.97
564.00 675.97
564.03 676.00
565.00 676.97
566.00 676.97
567.00 676.97
567.03 677.00
568.00 677.97
569.00 677.97
570.00 677.97
571.00 677.97
572.00 677.97
573.00 677.97
574.00 677.97
575.00 677.97
576.00 677.97
577.00 677.97
578.00 677.97
578.97 677.00
579.00 676.97
580.00 676.97
581.00 676.97
582.00 676.97
582.97 676.00
583.00 675.97
584.00 675.97
584.97 675.00
585.00 674.97
586.00 674.97
586.97 674.00
587.00 673.97
588.00 673.97
588.97 673.00
589.00 672.97
589.97 672.00
590.00 671.97
590.97 671.00
591.00 670.97
591.97 670.00
592.00 669.97
592.97 669.00
593.00 668.97
593.97 668.00
594.00 667.97
594.97 667.00
595.00 666.97
595.97 666.00
596.00 665.97
596.97 665.00
597.00 664.97
597.97 664.00
598.00 663.97
598.97 663.00
598.97 662.00
599.00 661.97
599.97 661.00
600.00 660.97
600.97 660.00
600.97 659.00
601.00 658.97
601.97 658.00
601.97 657.00
601.97 656.00
602.00 655.97
602.97 655.00
602.97 654.00
602.97 653.00
602.97 652.00
603.00 651.97
603.97 651.00

Contour 16:
673.97 418.00
673.97 417.00
673.97 416.00
673.00 415.03
672.97 415.00
672.97 414.00
672.97 413.00
672.97 412.00
672.97 411.00
672.97 410.00
672.97 409.00
672.97 408.00
672.00 407.03
671.97 407.00
671.97 406.00
671.97 405.00
671.97 404.00
671.00 403.03
670.97 403.00
670.97 402.00
670.97 401.00
670.00 400.03
669.97 400.00
669.97 399.00
669.00 398.03
668.97 398.00
668.97 397.00
668.00 396.03
667.97 396.00
667.00 395.03
666.97 395.00
666.00 394.03
665.97 394.00
665.97 393.00
665.00 392.03
664.97 392.00
664.00 391.03
663.97 391.00
663.00 390.03
662.97 390.00
662.00 389.03
661.97 389.00
661.00 388.03
660.00 388.03
659.97 388.00
659.00 387.03
658.00 387.03
657.97 387.00
657.00 386.03
656.97 386.00
656.00 385.03
655.00 385.03
654.97 385.00
654.00 384.03
653.00 384.03
652.97 384.00
652.00 383.03
651.00 383.03
650.00 383.03
649.97 383.00
649.00 382.03
648.00 382.03
647.00 382.03
646.00 382.03
645.00 382.03
644.00 382.03
643.00 382.03
642.00 382.03
641.00 382.03
640.97 382.00
640.00 381.03
639.00 381.03
638.00 381.03
637.00 381.03
636.03 382.00
636.00 382.03
635.00 382.03
634.00 382.03
633.00 382.03
632.00 382.03
631.00 382.03
630.03 383.00
630.00 383.03
629.00 383.03
628.00 383.03
627.00 383.03
626.03 384.00
626.00 384.03
625.00 384.03
624.03 385.00
624.00 385.03
623.00 385.03
622.03 386.00
622.00 386.03
621.03 387.00
621.00 387.03
620.00 387.03
619.03 388.00
619.00 388.03
618.03 389.00
618.00 389.03
617.03 390.00
617.00 390.03
616.03 391.00
616.00 391.03
615.03 392.00
615.00 392.03
614.03 393.00
614.00 393.03
613.03 394.00
613.03 395.00
613.00 395.03
612.03 396.00
612.00 396.03
611.03 397.00
611.00 397.03
610.03 398.00
610.03 399.00
610.00 399.03
609.03 400.00
609.00 400.03
608.03 401.00
608.00 401.03
607.03 402.00
607.03 403.00
607.00 403.03
606.03 404.00
606.03 405.00
606.03 406.00
606.00 406.03
605.03 407.00
605.03 408.00
605.03 409.00
605.03 410.00
605.00 410.03
604.03 411.00
604.03 412.00
604.03 413.00
604.03 414.00
605.00 414.97
605.03 415.00
605.03 416.00
605.03 417.00
605.03 418.00
605.03 419.00
605.03 420.00
606.00 420.97
606.03 421.00
606.03 422.00
606.03 423.00
607.00 423.97
607.03 424.00
607.03 425.00
607.03 426.00
607.03 427.00
608.00 427.97
608.03 428.00
608.03 429.00
608.03 430.00
609.00 430.97
609.03 431.00
609.03 432.00
609.03 433.00
610.00 433.97
610.03 434.00
610.03 435.00
611.00 435.97
611.03 436.00
612.00 436.97
612.03 437.00
612.03 438.00
613.00 438.97
613.03 439.00
614.00 439.97
614.03 440.00
615.00 440.97
615.03 441.00
616.00 441.97
616.03 442.00
617.00 442.97
617.03 443.00
618.00 443.97
619.00 443.97
619.03 444.00
620.00 444.97
620.03 445.00
621.00 445.97
621.03 446.00
622.00 446.97
622.03 447.00
623.00 447.97
624.00 447.97
624.03 448.00
625.00 448.97
626.00 448.97
626.03 449.00
627.00 449.97
628.00 449.97
628.03 450.00
629.00 450.97
630.00 450.97
630.03 451.00
631.00 451.97
632.00 451.97
633.00 451.97
633.03 452.00
634.00 452.97
635.00 452.97
636.00 452.97
637.00 452.97
637.03 453.00
638.00 453.97
639.00 453.97
640.00 453.97
641.00 453.97
642.00 453.97
643.00 453.97
644.00 453.97
645.00 453.97
646.00 453.97
646.97 453.00
647.00 452.97
648.00 452.97
649.00 452.97
650.00 452.97
650.97 452.00
651.00 451.97
652.00 451.97
652.97 451.00
653.00 450.97
654.00 450.97
654.97 450.00
655.00 449.97
656.00 449.97
656.97 449.00
657.00 448.97
657.97 448.00
658.00 447.97
659.00 447.97
659.97 447.00
660.00 446.97
660.97 446.00
661.00 445.97
661.97 445.00
662.00 444.97
662.97 444.00
663.00 443.97
663.97 443.00
663.97 442.00
664.00 441.97
664.97 441.00
665.00 440.97
665.97 440.00
665.97 439.00
666.00 438.97
666.97 438.00
666.97 437.00
667.00 436.97
667.97 436.00
668.00 435.97
668.97 435.00
668.97 434.00
669.00 433.97
669.97 433.00
669.97 432.00
669.97 431.00
670.00 430.97
670.97 430.00
670.97 429.00
671.00 428.97
671.97 428.00
671.97 427.00
671.97 426.00
671.97 425.00
672.00 424.97
672.97 424.00
672.97 423.00
672.97 422.00
672.97 421.00
672.97 420.00
672.97 419.00
673.00 418.97
673.97 418.00

Contour 17:
675.97 102.00
675.97 101.00
675.97 100.00
675.97 99.00
675.97 98.00
675.97 97.00
675.97 96.00
675.97 95.00
675.97 94.00
675.97 93.00
675.97 92.00
675.97 91.00
675.00 90.03
674.97 90.00
674.97 89.00
674.97 88.00
674.00 87.03
673.97 87.00
673.97 86.00
673.97 85.00
673.00 84.03
672.97 84.00
672.97 83.00
672.00 82.03
671.97 82.00
671.97 81.00
671.97 80.00
671.00 79.03
670.97 79.00
670.00 78.03
669.97 78.00
669.97 77.00
669.00 76.03
668.97 76.00
668.97 75.00
668.00 74.03
667.97 74.00
667.00 73.03
666.97 73.00
666.97 72.00
666.00 71.03
665.97 71.00
665.00 70.03
664.97 70.00
664.00 69.03
663.97 69.00
663.00 68.03
662.97 68.00
662.00 67.03
661.97 67.00
661.00 66.03
660.00 66.03
659.97 66.00
659.00 65.03
658.00 65.03
657.97 65.00
657.00 64.03
656.00 64.03
655.00 64.03
654.97 64.00
654.00 63.03
653.00 63.03
652.00 63.03
651.00 63.03
650.97 63.00
650.00 62.03
649.00 62.03
648.00 62.03
647.00 62.03
646.00 62.03
645.00 62.03
644.00 62.03
643.00 62.03
642.00 62.03
641.00 62.03
640.00 62.03
639.00 62.03
638.00 62.03
637.00 62.03
636.03 63.00
636.00 63.03
635.00 63.03
634.00 63.03
633.00 63.03
632.00 63.03
631.03 64.00
631.00 64.03
630.00 64.03
629.03 65.00
629.00 65.03
628.00 65.03
627.03 66.00
627.00 66.03
626.00 66.03
625.03 67.00
625.00 67.03
624.03 68.00
624.00 68.03
623.03 69.00
623.00 69.03
622.03 70.00
622.00 70.03
621.03 71.00
621.00 71.03
620.03 72.00
620.00 72.03
619.03 73.00
619.03 74.00
619.00 74.03
618.03 75.00
618.03 76.00
618.00 76.03
617.03 77.00
617.03 78.00
617.03 79.00
617.03 80.00
617.03 81.00
617.03 82.00
617.03 83.00
617.03 84.00
617.03 85.00
617.03 86.00
617.03 87.00
617.03 88.00
617.03 89.00
617.03 90.00
618.00 90.97
618.03 91.00
618.03 92.00
618.03 93.00
618.03 94.00
619.00 94.97
619.03 95.00
619.03 96.00
619.03 97.00
620.00 97.97
620.03 98.00
620.03 99.00
620.03 100.00
621.00 100.97
621.03 101.00
621.03 102.00
622.00 102.97
622.03 103.00
622.03 104.00
623.00 104.97
623.03 105.00
624.00 105.97
624.03 106.00
624.03 107.00
625.00 107.97
625.03 108.00
626.00 108.97
626.03 109.00
627.00 109.97
628.00 109.97
628.03 110.00
629.00 110.97
629.03 111.00
630.00 111.97
630.03 112.00
631.00 112.97
632.00 112.97
632.03 113.00
633.00 113.97
634.00 113.97
634.03 114.00
635.00 114.97
636.00 114.97
636.03 115.00
637.00 115.97
638.00 115.97
639.00 115.97
639.03 116.00
640.00 116.97
641.00 116.97
641.03 117.00
642.00 117.97
643.00 117.97
644.00 117.97
645.00 117.97
645.03 118.00
646.00 118.97
647.00 118.97
648.00 118.97
649.00 118.97
650.00 118.97
650.03 119.00
651.00 119.97
652.00 119.97
653.00 119.97
654.00 119.97
655.00 119.97
656.00 119.97
657.00 119.97
658.00 119.97
659.00 119.97
659.97 119.00
660.00 118.97
661.00 118.97
662.00 118.97
663.00 118.97
663.97 118.00
664.00 117.97
665.00 117.97
665.97 117.00
666.00 116.97
666.97 116.00
667.00 115.97
667.97 115.00
668.00 114.97
668.97 114.00
669.00 113.97
669.97 113.00
670.00 112.97
670.97 112.00
671.00 111.97
671.97 111.00
672.00 110.97
672.97 110.00
672.97 109.00
673.00 108.97
673.97 108.00
673.97 107.00
674.00 106.97
674.97 106.00
674.97 105.00
674.97 104.00
674.97 103.00
675.00 102.97
675.97 102.00

Contour 18:
678.98 529.00
678.98 528.00
678.98 527.00
678.98 526.00
678.00 525.02
677.98 525.00
677.98 524.00
677.98 523.00
677.00 522.02
676.98 522.00
676.98 521.00
676.00 520.02
675.98 520.00
675.98 519.00
675.00 518.02
674.98 518.00
674.98 517.00
674.00 516.02
673.98 516.00
673.98 515.00
673.00 514.02
672.98 514.00
672.98 513.00
672.00 512.02
671.98 512.00
671.00 511.02
670.98 511.00
670.98 510.00
670.00 509.02
669.98 509.00
669.00 508.02
668.98 508.00
668.98 507.00
668.00 506.02
667.98 506.00
667.00 505.02
666.98 505.00
666.00 504.02
665.98 504.00
665.00 503.02
664.98 503.00
664.00 502.02
663.98 502.00
663.00 501.02
662.00 501.02
661.98 501.00
661.00 500.02
660.00 500.02
659.98 500.00
659.00 499.02
658.00 499.02
657.98 499.00
657.00 498.02
656.00 498.02
655.00 498.02
654.00 498.02
653.98 498.00
653.00 497.02
652.00 497.02
651.00 497.02
650.00 497.02
649.00 497.02
648.00 497.02
647.00 497.02
646.00 497.02
645.00 497.02
644.00 497.02
643.00 497.02
642.00 497.02
641.02 498.00
641.00 498.02
640.00 498.02
639.00 498.02
638.00 498.02
637.00 498.02
636.02 499.00
636.00 499.02
635.00 499.02
634.00 499.02
633.02 500.00
633.00 500.02
632.00 500.02
631.02 501.00
631.00 501.02
630.02 502.00
630.00 502.02
629.02 503.00
629.00 503.02
628.02 504.00
628.00 504.02
627.02 505.00
627.00 505.02
626.02 506.00
626.02 507.00
626.00 507.02
625.02 508.00
625.02 509.00
625.00 509.02
624.02 510.00
624.02 511.00
624.02 512.00
624.00 512.02
623.02 513.00
624.00 513.98
624.02 514.00
624.02 515.00
624.02 516.00
624.02 517.00
624.02 518.00
624.02 519.00
624.02 520.00
625.00 520.98
625.02 521.00
625.02 522.00
625.02 523.00
625.02 524.00
626.00 524.98
626.02 525.00
626.02 526.00
626.02 527.00
626.02 528.00
627.00 528.98
627.02 529.00
627.02 530.00
628.00 530.98
628.02 531.00
628.02 532.00
629.00 532.98
629.02 533.00
629.02 534.00
629.02 535.00
629.02 536.00
630.00 536.98
630.02 537.00
630.02 538.00
630.02 539.00
630.02 540.00
630.02 541.00
630.02 542.00
630.02 543.00
631.00 543.98
631.02 544.00
631.02 545.00
631.02 546.00
631.02 547.00
632.00 547.98
632.02 548.00
632.02 549.00
633.00 549.98
633.02 550.00
633.02 551.00
634.00 551.98
634.02 552.00
635.00 552.98
635.02 553.00
636.00 553.98
637.00 553.98
638.00 553.98
638.02 554.00
639.00 554.98
640.00 554.98
641.00 554.98
641.02 555.00
642.00 555.98
643.00 555.98
644.00 555.98
645.00 555.98
646.00 555.98
647.00 555.98
648.00 555.98
649.00 555.98
650.00 555.98
651.00 555.98
651.98 555.00
652.00 554.98
653.00 554.98
654.00 554.98
655.00 554.98
655.98 554.00
656.00 553.98
657.00 553.98
657.98 553.00
658.00 552.98
659.00 552.98
659.98 552.00
660.00 551.98
660.98 551.00
661.00 550.98
662.00 550.98
662.98 550.00
663.00 549.98
664.00 549.98
664.98 549.00
665.00 548.98
665.98 548.00
666.00 547.98
666.98 547.00
667.00 546.98
667.98 546.00
668.00 545.98
669.00 545.98
669.98 545.00
669.98 544.00
670.00 543.98
670.98 543.00
671.00 542.98
671.98 542.00
672.00 541.98
672.98 541.00
673.00 540.98
673.98 540.00
673.98 539.00
674.00 538.98
674.98 538.00
675.00 537.98
675.98 537.00
675.98 536.00
676.00 535.98
676.98 535.00
676.98 534.00
677.00 533.98
677.98 533.00
677.98 532.00
677.98 531.00
677.98 530.00
678.00 529.98
678.98 529.00

Contour 19:
699.98 883.00
699.98 882.00
699.98 881.00
699.98 880.00
699.98 879.00
699.98 878.00
699.98 877.00
699.00 876.02
698.98 876.00
698.98 875.00
698.98 874.00
698.00 873.02
697.98 873.00
697.98 872.00
697.98 871.00
697.00 870.02
696.98 870.00
696.00 869.02
695.98 869.00
695.00 868.02
694.98 868.00
694.00 867.02
693.98 867.00
693.00 866.02
692.98 866.00
692.00 865.02
691.98 865.00
691.00 864.02
690.98 864.00
690.00 863.02
689.98 863.00
689.00 862.02
688.98 862.00
688.00 861.02
687.98 861.00
687.00 860.02
686.98 860.00
686.00 859.02
685.98 859.00
685.00 858.02
684.98 858.00
684.00 857.02
683.98 857.00
683.00 856.02
682.98 856.00
682.00 855.02
681.00 855.02
680.98 855.00
680.00 854.02
679.98 854.00
679.00 853.02
678.00 853.02
677.98 853.00
677.00 852.02
676.98 852.00
676.00 851.02
675.98 851.00
675.00 850.02
674.00 850.02
673.98 850.00
673.00 849.02
672.98 849.00
672.00 848.02
671.98 848.00
671.00 847.02
670.98 847.00
670.00 846.02
669.98 846.00
669.00 845.02
668.98 845.00
668.00 844.02
667.98 844.00
667.00 843.02
666.98 843.00
666.00 842.02
665.98 842.00
665.00 841.02
664.98 841.00
664.00 840.02
663.00 840.02
662.98 840.00
662.00 839.02
661.00 839.02
660.98 839.00
660.00 838.02
659.00 838.02
658.98 838.00
658.00 837.02
657.00 837.02
656.00 837.02
655.00 837.02
654.00 837.02
653.00 837.02
652.02 838.00
652.00 838.02
651.00 838.02
650.00 838.02
649.00 838.02
648.02 839.00
648.00 839.02
647.00 839.02
646.00 839.02
645.02 840.00
645.00 840.02
644.00 840.02
643.02 841.00
643.00 841.02
642.00 841.02
641.02 842.00
641.00 842.02
640.00 842.02
639.02 843.00
639.00 843.02
638.00 843.02
637.02 844.00
637.00 844.02
636.02 845.00
636.00 845.02
635.02 846.00
635.00 846.02
634.02 847.00
634.00 847.02
633.02 848.00
633.00 848.02
632.02 849.00
632.02 850.00
632.00 850.02
631.02 851.00
631.00 851.02
630.02 852.00
630.02 853.00
630.00 853.02
629.02 854.00
629.02 855.00
629.02 856.00
629.00 856.02
628.02 857.00
628.02 858.00
628.02 859.00
628.02 860.00
628.02 861.00
628.02 862.00
628.02 863.00
629.00 863.98
629.02 864.00
629.02 865.00
629.02 866.00
629.02 867.00
630.00 867.98
630.02 868.00
631.00 868.98
631.02 869.00
631.02 870.00
632.00 870.98
632.02 871.00
632.02 872.00
633.00 872.98
633.02 873.00
634.00 873.98
634.02 874.00
635.00 874.98
635.02 875.00
636.00 875.98
636.02 876.00
637.00 876.98
637.02 877.00
638.00 877.98
638.02 878.00
639.00 878.98
639.02 879.00
640.00 879.98
641.00 879.98
641.02 880.00
642.00 880.98
643.00 880.98
643.02 881.00
644.00 881.98
645.00 881.98
645.02 882.00
646.00 882.98
647.00 882.98
648.00 882.98
649.00 882.98
649.02 883.00
650.00 883.98
651.00 883.98
651.02 884.00
652.00 884.98
652.02 885.00
653.00 885.98
653.02 886.00
654.00 886.98
654.02 887.00
655.00 887.98
655.02 888.00
656.00 888.98
656.02 889.00
657.00 889.98
657.02 890.00
658.00 890.98
658.02 891.00
659.00 891.98
659.02 892.00
660.00 892.98
660.02 893.00
661.00 893.98
661.02 894.00
662.00 894.98
663.00 894.98
663.02 895.00
664.00 895.98
664.02 896.00
665.00 896.98
666.00 896.98
666.02 897.00
667.00 897.98
667.02 898.00
668.00 898.98
669.00 898.98
670.00 898.98
670.02 899.00
671.00 899.98
672.00 899.98
673.00 899.98
674.00 899.98
674.02 900.00
675.00 900.98
676.00 900.98
677.00 900.98
678.00 900.98
679.00 900.98
680.00 900.98
681.00 900.98
682.00 900.98
682.98 900.00
683.00 899.98
684.00 899.98
685.00 899.98
685.98 899.00
686.00 898.98
687.00 898.98
688.00 898.98
688.98 898.00
689.00 897.98
689.98 897.00
690.00 896.98
690.98 896.00
691.00 895.98
691.98 895.00
692.00 894.98
692.98 894.00
693.00 893.98
693.98 893.00
694.00 892.98
694.98 892.00
695.00 891.98
695.98 891.00
696.00 890.98
696.98 890.00
696.98 889.00
697.00 888.98
697.98 888.00
697.98 887.00
698.00 886.98
698.98 886.00
698.98 885.00
698.98 884.00
699.00 883.98
699.98 883.00

Contour 20:
699.98 228.00
699.98 227.00
699.98 226.00
699.98 225.00
699.98 224.00
699.98 223.00
699.98 222.00
699.98 221.00
699.98 220.00
699.98 219.00
699.00 218.02
698.98 218.00
698.98 217.00
698.98 216.00
698.00 215.02
697.98 215.00
697.98 214.00
697.98 213.00
697.00 212.02
696.98 212.00
696.98 211.00
696.98 210.00
696.98 209.00
696.00 208.02
695.98 208.00
695.98 207.00
695.00 206.02
694.98 206.00
694.98 205.00
694.00 204.02
693.98 204.00
693.98 203.00
693.00 202.02
692.98 202.00
692.98 201.00
692.00 200.02
691.98 200.00
691.00 199.02
690.98 199.00
690.00 198.02
689.98 198.00
689.00 197.02
688.98 197.00
688.00 196.02
687.98 196.00
687.00 195.02
686.98 195.00
686.00 194.02
685.98 194.00
685.00 193.02
684.98 193.00
684.00 192.02
683.98 192.00
683.00 191.02
682.98 191.00
682.00 190.02
681.00 190.02
680.98 190.00
680.00 189.02
679.98 189.00
679.00 188.02
678.00 188.02
677.98 188.00
677.00 187.02
676.00 187.02
675.98 187.00
675.00 186.02
674.00 186.02
673.98 186.00
673.00 185.02
672.00 185.02
671.00 185.02
670.98 185.00
670.00 184.02
669.00 184.02
668.00 184.02
667.00 184.02
666.00 184.02
665.00 184.02
664.00 184.02
663.00 184.02
662.00 184.02
661.00 184.02
660.00 184.02
659.00 184.02
658.00 184.02
657.02 185.00
657.00 185.02
656.00 185.02
655.00 185.02
654.00 185.02
653.02 186.00
653.00 186.02
652.00 186.02
651.02 187.00
651.00 187.02
650.00 187.02
649.02 188.00
649.00 188.02
648.00 188.02
647.02 189.00
647.00 189.02
646.02 190.00
646.00 190.02
645.02 191.00
645.00 191.02
644.02 192.00
644.00 192.02
643.02 193.00
643.00 193.02
642.02 194.00
642.00 194.02
641.02 195.00
641.02 196.00
641.00 196.02
640.02 197.00
640.00 197.02
639.02 198.00
639.02 199.00
639.00 199.02
638.02 200.00
638.02 201.00
638.00 201.02
637.02 202.00
637.02 203.00
637.00 203.02
636.02 204.00
636.02 205.00
636.02 206.00
636.02 207.00
636.00 207.02
635.02 208.00
635.02 209.00
635.02 210.00
635.02 211.00
635.02 212.00
635.02 213.00
635.02 214.00
635.02 215.00
635.02 216.00
636.00 216.98
636.02 217.00
636.02 218.00
636.02 219.00
636.02 220.00
636.02 221.00
636.02 222.00
636.02 223.00
637.00 223.98
637.02 224.00
637.02 225.00
637.02 226.00
638.00 226.98
638.02 227.00
638.02 228.00
639.00 228.98
639.02 229.00
639.02 230.00
640.00 230.98
640.02 231.00
640.02 232.00
641.00 232.98
641.02 233.00
642.00 233.98
642.02 234.00
642.02 235.00
643.00 235.98
643.02 236.00
644.00 236.98
644.02 237.00
644.02 238.00
645.00 238.98
645.02 239.00
646.00 239.98
646.02 240.00
647.00 240.98
647.02 241.00
648.00 241.98
648.02 242.00
649.00 242.98
649.02 243.00
650.00 243.98
650.02 244.00
651.00 244.98
651.02 245.00
652.00 245.98
653.00 245.98
653.02 246.00
654.00 246.98
654.02 247.00
655.00 247.98
656.00 247.98
656.02 248.00
657.00 248.98
658.00 248.98
658.02 249.00
659.00 249.98
660.00 249.98
661.00 249.98
661.02 250.00
662.00 250.98
663.00 250.98
664.00 250.98
664.02 251.00
665.00 251.98
666.00 251.98
667.00 251.98
668.00 251.98
669.00 251.98
670.00 251.98
671.00 251.98
672.00 251.98
673.00 251.98
674.00 251.98
675.00 251.98
676.00 251.98
677.00 251.98
677.98 251.00
678.00 250.98
679.00 250.98
679.98 250.00
680.00 249.98
681.00 249.98
682.00 249.98
682.98 249.00
683.00 248.98
684.00 248.98
684.98 248.00
685.00 247.98
686.00 247.98
686.98 247.00
687.00 246.98
687.98 246.00
688.00 245.98
689.00 245.98
689.98 245.00
690.00 244.98
690.98 244.00
691.00 243.98
691.98 243.00
692.00 242.98
692.98 242.00
693.00 241.98
693.98 241.00
694.00 240.98
694.98 240.00
694.98 239.00
695.00 238.98
695.98 238.00
696.00 237.98
696.98 237.00
696.98 236.00
697.00 235.98
697.98 235.00
697.98 234.00
697.98 233.00
698.00 232.98
698.98 232.00
698.98 231.00
698.98 230.00
698.98 229.00
699.00 228.98
699.98 228.00

Contour 21:
660.00 875.02
659.98 875.00
660.00 874.98
660.02 875.00
660.00 875.02

Contour 22:
719.98 634.00
719.98 633.00
719.98 632.00
719.98 631.00
719.98 630.00
719.98 629.00
719.98 628.00
719.98 627.00
719.98 626.00
719.98 625.00
719.98 624.00
719.98 623.00
719.98 622.00
719.98 621.00
719.98 620.00
719.98 619.00
719.00 618.02
718.98 618.00
718.98 617.00
718.98 616.00
718.98 615.00
718.00 614.02
717.98 614.00
717.98 613.00
717.98 612.00
717.00 611.02
716.98 611.00
716.98 610.00
716.98 609.00
716.00 608.02
715.98 608.00
715.00 607.02
714.98 607.00
714.98 606.00
714.00 605.02
713.98 605.00
713.98 604.00
713.00 603.02
712.98 603.00
712.00 602.02
711.98 602.00
711.00 601.02
710.98 601.00
710.00 600.02
709.98 600.00
709.00 599.02
708.98 599.00
708.00 598.02
707.00 598.02
706.98 598.00
706.00 597.02
705.98 597.00
705.00 596.02
704.00 596.02
703.98 596.00
703.00 595.02
702.00 595.02
701.00 595.02
700.98 595.00
700.00 594.02
699.00 594.02
698.00 594.02
697.00 594.02
696.00 594.02
695.00 594.02
694.00 594.02
693.00 594.02
692.00 594.02
691.00 594.02
690.00 594.02
689.00 594.02
688.02 595.00
688.00 595.02
687.00 595.02
686.00 595.02
685.00 595.02
684.02 596.00
684.00 596.02
683.00 596.02
682.02 597.00
682.00 597.02
681.00 597.02
680.02 598.00
680.00 598.02
679.02 599.00
679.00 599.02
678.00 599.02
677.02 600.00
677.00 600.02
676.02 601.00
676.00 601.02
675.02 602.00
675.00 602.02
674.02 603.00
674.00 603.02
673.02 604.00
673.00 604.02
672.02 605.00
672.02 606.00
672.00 606.02
671.02 607.00
671.00 607.02
670.02 608.00
670.00 608.02
669.02 609.00
669.02 610.00
669.00 610.02
668.02 611.00
668.00 611.02
667.02 612.00
667.02 613.00
667.00 613.02
666.02 614.00
666.02 615.00
666.02 616.00
666.00 616.02
665.02 617.00
665.02 618.00
665.02 619.00
665.00 619.02
664.02 620.00
664.02 621.00
664.02 622.00
664.02 623.00
664.02 624.00
664.02 625.00
664.02 626.00
664.02 627.00
664.02 628.00
664.02 629.00
664.02 630.00
664.02 631.00
664.02 632.00
664.02 633.00
664.02 634.00
664.02 635.00
665.00 635.98
665.02 636.00
665.02 637.00
665.02 638.00
665.02 639.00
666.00 639.98
666.02 640.00
666.02 641.00
667.00 641.98
667.02 642.00
667.02 643.00
667.02 644.00
668.00 644.98
668.02 645.00
668.02 646.00
669.00 646.98
669.02 647.00
669.02 648.00
670.00 648.98
670.02 649.00
671.00 649.98
671.02 650.00
671.02 651.00
672.00 651.98
672.02 652.00
673.00 652.98
673.02 653.00
674.00 653.98
674.02 654.00
675.00 654.98
676.00 654.98
676.02 655.00
677.00 655.98
678.00 655.98
678.02 656.00
679.00 656.98
680.00 656.98
680.02 657.00
681.00 657.98
682.00 657.98
683.00 657.98
683.02 658.00
684.00 658.98
685.00 658.98
686.00 658.98
687.00 658.98
687.02 659.00
688.00 659.98
689.00 659.98
690.00 659.98
691.00 659.98
692.00 659.98
693.00 659.98
693.98 659.00
694.00 658.98
695.00 658.98
696.00 658.98
697.00 658.98
698.00 658.98
698.98 658.00
699.00 657.98
700.00 657.98
701.00 657.98
701.98 657.00
702.00 656.98
702.98 656.00
703.00 655.98
704.00 655.98
704.98 655.00
705.00 654.98
705.98 654.00
706.00 653.98
707.00 653.98
707.98 653.00
708.00 652.98
708.98 652.00
709.00 651.98
709.98 651.00
710.00 650.98
710.98 650.00
711.00 649.98
711.98 649.00
712.00 648.98
712.98 648.00
713.00 647.98
713.98 647.00
714.00 646.98
714.98 646.00
714.98 645.00
715.00 644.98
715.98 644.00
715.98 643.00
716.00 642.98
716.98 642.00
716.98 641.00
717.00 640.98
717.98 640.00
717.98 639.00
717.98 638.00
718.00 637.98
718.98 637.00
718.98 636.00
718.98 635.00
719.00 634.98
719.98 634.00

Contour 23:
665.00 868.02
664.98 868.00
665.00 867.98
665.02 868.00
665.00 868.02

Contour 24:
667.00 865.02
666.98 865.00
667.00 864.98
667.02 865.00
667.00 865.02

Contour 25:
765.98 426.00
765.98 425.00
765.98 424.00
765.98 423.00
765.98 422.00
765.98 421.00
765.98 420.00
765.98 419.00
765.98 418.00
765.98 417.00
765.98 416.00
765.98 415.00
765.00 414.02
764.98 414.00
764.98 413.00
764.98 412.00
764.98 411.00
764.00 410.02
763.98 410.00
763.98 409.00
763.00 408.02
762.98 408.00
762.98 407.00
762.00 406.02
761.98 406.00
761.98 405.00
761.00 404.02
760.98 404.00
760.00 403.02
759.98 403.00
759.00 402.02
758.98 402.00
758.98 401.00
758.00 400.02
757.98 400.00
757.00 399.02
756.98 399.00
756.00 398.02
755.98 398.00
755.00 397.02
754.98 397.00
754.00 396.02
753.98 396.00
753.98 395.00
753.00 394.02
752.98 394.00
752.00 393.02
751.98 393.00
751.00 392.02
750.00 392.02
749.98 392.00
749.00 391.02
748.98 391.00
748.00 390.02
747.98 390.00
747.00 389.02
746.98 389.00
746.00 388.02
745.98 388.00
745.00 387.02
744.98 387.00
744.00 386.02
743.00 386.02
742.98 386.00
742.00 385.02
741.00 385.02
740.98 385.00
740.00 384.02
739.02 385.00
739.00 385.02
738.00 385.02
737.00 385.02
736.00 385.02
735.02 386.00
735.00 386.02
734.00 386.02
733.02 387.00
733.00 387.02
732.02 388.00
732.02 389.00
732.00 389.02
731.02 390.00
731.00 390.02
730.02 391.00
730.00 391.02
729.02 392.00
729.02 393.00
729.00 393.02
728.02 394.00
728.00 394.02
727.02 395.00
727.02 396.00
727.02 397.00
727.00 397.02
726.02 398.00
726.02 399.00
726.02 400.00
726.00 400.02
725.02 401.00
725.02 402.00
725.02 403.00
725.02 404.00
725.00 404.02
724.02 405.00
724.02 406.00
724.02 407.00
724.02 408.00
724.00 408.02
723.02 409.00
723.02 410.00
723.02 411.00
723.02 412.00
723.00 412.02
722.02 413.00
722.02 414.00
722.02 415.00
722.02 416.00
722.02 417.00
722.02 418.00
722.02 419.00
722.00 419.02
721.02 420.00
721.02 421.00
721.02 422.00
721.02 423.00
721.00 423.02
720.02 424.00
720.02 425.00
720.02 426.00
720.02 427.00
720.02 428.00
720.02 429.00
720.00 429.02
719.02 430.00
719.02 431.00
719.02 432.00
719.02 433.00
719.02 434.00
719.02 435.00
719.02 436.00
719.02 437.00
719.02 438.00
719.02 439.00
719.02 440.00
719.02 441.00
719.02 442.00
719.02 443.00
719.02 444.00
719.02 445.00
719.02 446.00
719.02 447.00
720.00 447.98
720.02 448.00
720.02 449.00
721.00 449.98
721.02 450.00
721.02 451.00
722.00 451.98
722.02 452.00
723.00 452.98
723.02 453.00
724.00 453.98
725.00 453.98
725.02 454.00
726.00 454.98
726.02 455.00
727.00 455.98
728.00 455.98
728.02 456.00
729.00 456.98
730.00 456.98
731.00 456.98
732.00 456.98
733.00 456.98
734.00 456.98
735.00 456.98
736.00 456.98
737.00 456.98
738.00 456.98
739.00 456.98
739.98 456.00
740.00 455.98
741.00 455.98
742.00 455.98
742.98 455.00
743.00 454.98
743.98 454.00
744.00 453.98
745.00 453.98
745.98 453.00
746.00 452.98
747.00 452.98
747.98 452.00
748.00 451.98
748.98 451.00
749.00 450.98
750.00 450.98
750.98 450.00
751.00 449.98
751.98 449.00
752.00 448.98
752.98 448.00
753.00 447.98
754.00 447.98
754.98 447.00
755.00 446.98
755.98 446.00
756.00 445.98
756.98 445.00
756.98 444.00
757.00 443.98
757.98 443.00
758.00 442.98
758.98 442.00
759.00 441.98
759.98 441.00
759.98 440.00
760.00 439.98
760.98 439.00
761.00 438.98
761.98 438.00
761.98 437.00
762.00 436.98
762.98 436.00
762.98 435.00
762.98 434.00
763.00 433.98
763.98 433.00
763.98 432.00
764.00 431.98
764.98 431.00
764.98 430.00
764.98 429.00
764.98 428.00
764.98 427.00
765.00 426.98
765.98 426.00

Contour 26:
866.98 813.00
866.98 812.00
866.98 811.00
866.98 810.00
866.98 809.00
866.98 808.00
866.98 807.00
866.98 806.00
866.98 805.00
866.00 804.02
865.98 804.00
865.98 803.00
865.98 802.00
865.00 801.02
864.98 801.00
864.98 800.00
864.98 799.00
864.00 798.02
863.98 798.00
863.98 797.00
863.98 796.00
863.00 795.02
862.98 795.00
862.98 794.00
862.00 793.02
861.98 793.00
861.98 792.00
861.00 791.02
860.98 791.00
860.98 790.00
860.00 789.02
859.98 789.00
859.00 788.02
858.98 788.00
858.98 787.00
858.00 786.02
857.98 786.00
857.98 785.00
857.00 784.02
856.98 784.00
856.00 783.02
855.98 783.00
855.00 782.02
854.98 782.00
854.00 781.02
853.98 781.00
853.00 780.02
852.98 780.00
852.00 779.02
851.98 779.00
851.00 778.02
850.00 778.02
849.98 778.00
849.00 777.02
848.98 777.00
848.00 776.02
847.98 776.00
847.00 775.02
846.00 775.02
845.98 775.00
845.00 774.02
844.98 774.00
844.00 773.02
843.00 773.02
842.98 773.00
842.00 772.02
841.00 772.02
840.98 772.00
840.00 771.02
839.00 771.02
838.98 771.00
838.00 770.02
837.00 770.02
836.00 770.02
835.98 770.00
835.00 769.02
834.00 769.02
833.00 769.02
832.98 769.00
832.00 768.02
831.00 768.02
830.00 768.02
829.00 768.02
828.98 768.00
828.00 767.02
827.00 767.02
826.00 767.02
825.00 767.02
824.00 767.02
823.00 767.02
822.00 767.02
821.00 767.02
820.00 767.02
819.00 767.02
818.00 767.02
817.00 767.02
816.00 767.02
815.00 767.02
814.00 767.02
813.00 767.02
812.00 767.02
811.02 768.00
811.00 768.02
810.00 768.02
809.00 768.02
808.00 768.02
807.02 769.00
807.00 769.02
806.00 769.02
805.00 769.02
804.02 770.00
804.00 770.02
803.00 770.02
802.00 770.02
801.02 771.00
801.00 771.02
800.00 771.02
799.00 771.02
798.02 772.00
798.00 772.02
797.00 772.02
796.02 773.00
796.00 773.02
795.00 773.02
794.02 774.00
794.00 774.02
793.02 775.00
793.00 775.02
792.02 776.00
792.00 776.02
791.00 776.02
790.02 777.00
790.00 777.02
789.02 778.00
789.00 778.02
788.02 779.00
788.00 779.02
787.00 779.02
786.02 780.00
786.00 780.02
785.02 781.00
785.02 782.00
785.00 782.02
784.02 783.00
784.00 783.02
783.02 784.00
783.00 784.02
782.02 785.00
782.00 785.02
781.02 786.00
781.00 786.02
780.02 787.00
780.02 788.00
780.00 788.02
779.02 789.00
779.00 789.02
778.02 790.00
778.02 791.00
778.00 791.02
777.02 792.00
777.00 792.02
776.02 793.00
776.02 794.00
776.00 794.02
775.02 795.00
775.02 796.00
775.02 797.00
775.00 797.02
774.02 798.00
774.02 799.00
774.02 800.00
774.02 801.00
774.02 802.00
774.02 803.00
774.00 803.02
773.02 804.00
773.02 805.00
773.02 806.00
773.02 807.00
773.02 808.00
773.02 809.00
773.02 810.00
773.02 811.00
774.00 811.98
774.02 812.00
774.02 813.00
774.02 814.00
774.02 815.00
775.00 815.98
775.02 816.00
775.02 817.00
776.00 817.98
776.02 818.00
776.02 819.00
776.02 820.00
777.00 820.98
777.02 821.00
778.00 821.98
778.02 822.00
778.02 823.00
779.00 823.98
779.02 824.00
780.00 824.98
780.02 825.00
780.02 826.00
781.00 826.98
781.02 827.00
782.00 827.98
782.02 828.00
782.02 829.00
783.00 829.98
783.02 830.00
784.00 830.98
784.02 831.00
785.00 831.98
785.02 832.00
786.00 832.98
786.02 833.00
787.00 833.98
787.02 834.00
788.00 834.98
788.02 835.00
789.00 835.98
789.02 836.00
790.00 836.98
790.02 837.00
791.00 837.98
791.02 838.00
792.00 838.98
792.02 839.00
793.00 839.98
794.00 839.98
794.02 840.00
795.00 840.98
795.02 841.00
796.00 841.98
796.02 842.00
797.00 842.98
797.02 843.00
798.00 843.98
799.00 843.98
799.02 844.00
800.00 844.98
800.02 845.00
801.00 845.98
802.00 845.98
802.02 846.00
803.00 846.98
804.00 846.98
804.02 847.00
805.00 847.98
806.00 847.98
806.02 848.00
807.00 848.98
808.00 848.98
809.00 848.98
809.02 849.00
810.00 849.98
811.00 849.98
812.00 849.98
812.02 850.00
813.00 850.98
814.00 850.98
815.00 850.98
816.00 850.98
816.02 851.00
817.00 851.98
818.00 851.98
819.00 851.98
820.00 851.98
821.00 851.98
822.00 851.98
823.00 851.98
824.00 851.98
825.00 851.98
826.00 851.98
827.00 851.98
827.98 851.00
828.00 850.98
829.00 850.98
830.00 850.98
831.00 850.98
832.00 850.98
832.98 850.00
833.00 849.98
834.00 849.98
835.00 849.98
836.00 849.98
836.98 849.00
837.00 848.98
838.00 848.98
839.00 848.98
840.00 848.98
840.98 848.00
841.00 847.98
842.00 847.98
842.98 847.00
843.00 846.98
844.00 846.98
844.98 846.00
845.00 845.98
846.00 845.98
846.98 845.00
847.00 844.98
847.98 844.00
848.00 843.98
848.98 843.00
849.00 842.98
849.98 842.00
850.00 841.98
851.00 841.98
851.98 841.00
852.00 840.98
852.98 840.00
853.00 839.98
853.98 839.00
854.00 838.98
854.98 838.00
855.00 837.98
855.98 837.00
856.00 836.98
856.98 836.00
857.00 835.98
857.98 835.00
858.00 834.98
858.98 834.00
859.00 833.98
859.98 833.00
859.98 832.00
860.00 831.98
860.98 831.00
861.00 830.98
861.98 830.00
861.98 829.00
862.00 828.98
862.98 828.00
862.98 827.00
862.98 826.00
863.00 825.98
863.98 825.00
863.98 824.00
863.98 823.00
864.00 822.98
864.98 822.00
864.98 821.00
864.98 820.00
864.98 819.00
865.00 818.98
865.98 818.00
865.98 817.00
865.98 816.00
865.98 815.00
865.98 814.00
866.00 813.98
866.98 813.00

