Contour 0:
174.50 405.00
174.50 404.00
174.50 403.00
174.50 402.00
174.50 401.00
174.50 400.00
174.50 399.00
174.50 398.00
174.50 397.00
174.50 396.00
174.50 395.00
174.50 394.00
174.50 393.00
174.50 392.00
174.50 391.00
174.50 390.00
174.50 389.00
174.50 388.00
174.50 387.00
174.50 386.00
174.50 385.00
174.50 384.00
174.00 383.50
173.50 383.00
173.50 382.00
173.50 381.00
173.50 380.00
173.50 379.00
173.00 378.50
172.50 378.00
172.50 377.00
172.50 376.00
172.00 375.50
171.50 375.00
171.50 374.00
171.50 373.00
171.00 372.50
170.50 372.00
170.50 371.00
170.00 370.50
169.50 370.00
169.50 369.00
169.50 368.00
169.00 367.50
168.50 367.00
168.50 366.00
168.00 365.50
167.50 365.00
167.00 364.50
166.50 364.00
166.50 363.00
166.00 362.50
165.50 362.00
165.00 361.50
164.50 361.00
164.00 360.50
163.50 360.00
163.50 359.00
163.00 358.50
162.50 358.00
162.00 357.50
161.50 357.00
161.00 356.50
160.50 356.00
160.00 355.50
159.50 355.00
159.00 354.50
158.50 354.00
158.00 353.50
157.50 353.00
157.00 352.50
156.50 352.00
156.00 351.50
155.50 351.00
155.75 350.00
156.00 349.75
156.75 349.00
157.00 348.75
157.75 348.00
158.00 347.75
158.75 347.00
159.00 346.75
159.75 346.00
160.00 345.75
160.75 345.00
161.00 344.75
161.75 344.00
161.75 343.00
162.00 342.75
162.75 342.00
162.75 341.00
163.00 340.75
163.75 340.00
163.75 339.00
164.00 338.75
164.75 338.00
164.75 337.00
164.75 336.00
165.00 335.75
165.75 335.00
165.75 334.00
165.75 333.00
165.75 332.00
165.75 331.00
165.75 330.00
166.00 329.75
166.75 329.00
166.75 328.00
166.75 327.00
166.75 326.00
166.75 325.00
166.75 324.00
166.75 323.00
166.75 322.00
166.00 321.25
165.75 321.00
165.75 320.00
165.75 319.00
165.75 318.00
165.75 317.00
165.00 316.25
164.75 316.00
164.75 315.00
164.75 314.00
164.00 313.25
163.75 313.00
163.75 312.00
163.00 311.25
162.75 311.00
162.00 310.25
161.75 310.00
161.00 309.25
160.75 309.00
160.00 308.25
159.75 308.00
159.00 307.25
158.75 307.00
158.00 306.25
157.75 306.00
157.00 305.25
156.75 305.00
156.00 304.25
155.75 304.00
155.00 303.25
154.00 303.25
153.75 303.00
153.00 302.25
152.75 302.00
152.00 301.25
151.00 301.25
150.75 301.00
150.00 300.25
149.00 300.25
148.75 300.00
148.00 299.25
147.00 299.25
146.75 299.00
146.00 298.25
145.00 298.25
144.00 298.25
143.00 298.25
142.00 298.25
141.00 298.25
140.00 298.25
139.00 298.25
138.25 299.00
138.00 299.25
137.00 299.25
136.00 299.25
135.25 300.00
135.00 300.25
134.00 300.25
133.25 301.00
133.00 301.25
132.00 301.25
131.25 302.00
131.00 302.25
130.25 303.00
130.00 303.25
129.25 304.00
129.00 304.25
128.25 305.00
128.00 305.25
127.25 306.00
127.00 306.25
126.25 307.00
126.00 307.25
125.25 308.00
125.25 309.00
125.00 309.25
124.25 310.00
124.25 311.00
124.00 311.25
123.25 312.00
123.25 313.00
123.25 314.00
123.00 314.25
122.25 315.00
122.25 316.00
122.25 317.00
122.25 318.00
122.25 319.00
122.25 320.00
122.25 321.00
122.25 322.00
122.25 323.00
122.25 324.00
123.00 324.75
123.25 325.00
123.25 326.00
123.25 327.00
123.25 328.00
123.00 328.25
122.25 329.00
122.00 329.50
121.00 329.50
120.00 329.50
119.00 329.50
118.00 329.50
117.50 329.00
117.00 328.50
116.00 328.50
115.00 328.50
114.00 328.50
113.00 328.50
112.00 328.50
111.00 328.50
110.00 328.50
109.50 329.00
109.00 329.50
108.00 329.50
107.00 329.50
106.50 330.00
106.00 330.50
105.00 330.50
104.00 330.50
103.50 331.00
103.00 331.50
102.50 332.00
102.00 332.50
101.00 332.50
100.50 333.00
100.00 333.50
99.50 334.00
99.00 334.50
98.50 335.00
98.50 336.00
98.00 336.50
97.50 337.00
97.00 337.50
96.50 338.00
96.50 339.00
96.00 339.50
95.50 340.00
95.50 341.00
95.00 341.50
94.50 342.00
94.50 343.00
94.00 343.50
93.50 344.00
93.50 345.00
93.50 346.00
93.50 347.00
93.50 348.00
93.00 348.50
92.50 349.00
92.50 350.00
92.50 351.00
92.50 352.00
92.50 353.00
92.50 354.00
92.50 355.00
92.50 356.00
92.50 357.00
92.00 357.50
91.50 358.00
91.50 359.00
91.50 360.00
91.50 361.00
91.50 362.00
91.50 363.00
91.00 363.50
90.50 364.00
90.50 365.00
90.50 366.00
90.50 367.00
90.00 367.50
89.50 368.00
89.50 369.00
89.50 370.00
89.00 370.50
88.50 371.00
88.50 372.00
88.50 373.00
88.00 373.50
87.50 374.00
87.50 375.00
87.50 376.00
87.50 377.00
87.50 378.00
87.00 378.50
86.50 379.00
86.50 380.00
86.50 381.00
86.50 382.00
86.50 383.00
86.50 384.00
86.50 385.00
86.50 386.00
87.00 386.50
87.50 387.00
87.50 388.00
87.50 389.00
87.50 390.00
87.50 391.00
87.50 392.00
87.50 393.00
88.00 393.50
88.50 394.00
88.50 395.00
88.50 396.00
88.50 397.00
88.50 398.00
89.00 398.50
89.50 399.00
89.50 400.00
89.50 401.00
90.00 401.50
90.50 402.00
90.50 403.00
90.50 404.00
91.00 404.50
91.50 405.00
91.50 406.00
92.00 406.50
92.50 407.00
92.50 408.00
92.50 409.00
93.00 409.50
93.50 410.00
93.50 411.00
93.50 412.00
94.00 412.50
94.50 413.00
94.50 414.00
95.00 414.50
95.50 415.00
95.50 416.00
96.00 416.50
96.50 417.00
96.50 418.00
97.00 418.50
97.50 419.00
97.50 420.00
98.00 420.50
98.50 421.00
99.00 421.50
99.50 422.00
100.00 422.50
100.50 423.00
100.50 424.00
101.00 424.50
101.50 425.00
102.00 425.50
102.50 426.00
103.00 426.50
103.50 427.00
104.00 427.50
104.50 428.00
105.00 428.50
106.00 428.50
106.50 429.00
107.00 429.50
107.50 430.00
108.00 430.50
108.50 431.00
109.00 431.50
110.00 431.50
110.50 432.00
111.00 432.50
112.00 432.50
112.50 433.00
113.00 433.50
114.00 433.50
114.50 434.00
115.00 434.50
116.00 434.50
117.00 434.50
117.50 435.00
118.00 435.50
119.00 435.50
120.00 435.50
121.00 435.50
121.50 436.00
122.00 436.50
123.00 436.50
124.00 436.50
125.00 436.50
126.00 436.50
126.50 436.00
127.00 435.50
128.00 435.50
129.00 435.50
130.00 435.50
131.00 435.50
132.00 435.50
133.00 435.50
134.00 435.50
135.00 435.50
136.00 435.50
137.00 435.50
138.00 435.50
139.00 435.50
140.00 435.50
141.00 435.50
142.00 435.50
143.00 435.50
144.00 435.50
145.00 435.50
145.50 435.00
146.00 434.50
147.00 434.50
148.00 434.50
149.00 434.50
150.00 434.50
150.50 434.00
151.00 433.50
152.00 433.50
153.00 433.50
153.50 433.00
154.00 432.50
155.00 432.50
155.50 432.00
156.00 431.50
157.00 431.50
157.50 431.00
158.00 430.50
158.50 430.00
159.00 429.50
159.50 429.00
160.00 428.50
161.00 428.50
161.50 428.00
162.00 427.50
162.50 427.00
163.00 426.50
163.50 426.00
164.00 425.50
164.50 425.00
165.00 424.50
165.50 424.00
166.00 423.50
166.50 423.00
166.50 422.00
167.00 421.50
167.50 421.00
168.00 420.50
168.50 420.00
169.00 419.50
169.50 419.00
169.50 418.00
170.00 417.50
170.50 417.00
170.50 416.00
171.00 415.50
171.50 415.00
171.50 414.00
172.00 413.50
172.50 413.00
172.50 412.00
172.50 411.00
173.00 410.50
173.50 410.00
173.50 409.00
173.50 408.00
173.50 407.00
173.50 406.00
174.00 405.50
174.50 405.00

Contour 1:
235.83 456.00
235.83 455.00
235.83 454.00
235.83 453.00
235.83 452.00
235.83 451.00
235.83 450.00
235.83 449.00
235.83 448.00
235.83 447.00
235.83 446.00
235.83 445.00
235.83 444.00
235.83 443.00
235.00 442.17
234.83 442.00
234.83 441.00
234.83 440.00
234.00 439.17
233.83 439.00
233.83 438.00
233.00 437.17
232.83 437.00
232.83 436.00
232.00 435.17
231.83 435.00
231.00 434.17
230.00 434.17
229.83 434.00
229.00 433.17
228.83 433.00
228.00 432.17
227.00 432.17
226.83 432.00
226.00 431.17
225.00 431.17
224.83 431.00
224.00 430.17
223.00 430.17
222.00 430.17
221.83 430.00
221.00 429.17
220.00 429.17
219.00 429.17
218.83 429.00
218.00 428.17
217.00 428.17
216.00 428.17
215.00 428.17
214.00 428.17
213.00 428.17
212.17 429.00
212.00 429.17
211.00 429.17
210.00 429.17
209.00 429.17
208.00 429.17
207.17 430.00
207.00 430.17
206.00 430.17
205.00 430.17
204.17 431.00
204.00 431.17
203.00 431.17
202.17 432.00
202.00 432.17
201.00 432.17
200.17 433.00
200.00 433.17
199.00 433.17
198.17 434.00
198.00 434.17
197.17 435.00
197.00 435.17
196.00 435.17
195.17 436.00
195.00 436.17
194.17 437.00
194.00 437.17
193.17 438.00
193.00 438.17
192.17 439.00
192.00 439.17
191.17 440.00
191.00 440.17
190.17 441.00
190.17 442.00
190.00 442.17
189.17 443.00
189.00 443.17
188.17 444.00
188.00 444.17
187.17 445.00
187.17 446.00
187.17 447.00
187.00 447.17
186.17 448.00
186.17 449.00
186.17 450.00
186.00 450.17
185.17 451.00
185.17 452.00
185.17 453.00
185.17 454.00
185.17 455.00
185.17 456.00
185.17 457.00
185.17 458.00
186.00 458.83
186.17 459.00
186.17 460.00
186.17 461.00
186.17 462.00
187.00 462.83
187.17 463.00
187.17 464.00
187.17 465.00
188.00 465.83
188.17 466.00
188.17 467.00
189.00 467.83
189.17 468.00
189.17 469.00
190.00 469.83
190.17 470.00
191.00 470.83
191.17 471.00
191.17 472.00
192.00 472.83
192.17 473.00
193.00 473.83
194.00 473.83
194.17 474.00
195.00 474.83
195.17 475.00
196.00 475.83
196.17 476.00
197.00 476.83
198.00 476.83
198.17 477.00
199.00 477.83
199.17 478.00
200.00 478.83
201.00 478.83
201.17 479.00
202.00 479.83
203.00 479.83
204.00 479.83
205.00 479.83
205.17 480.00
206.00 480.83
207.00 480.83
208.00 480.83
209.00 480.83
210.00 480.83
211.00 480.83
211.83 480.00
212.00 479.83
213.00 479.83
214.00 479.83
214.83 479.00
215.00 478.83
216.00 478.83
216.83 478.00
217.00 477.83
218.00 477.83
218.83 477.00
219.00 476.83
219.83 476.00
220.00 475.83
220.83 475.00
221.00 474.83
222.00 474.83
222.83 474.00
223.00 473.83
223.83 473.00
224.00 472.83
224.83 472.00
225.00 471.83
225.83 471.00
226.00 470.83
226.83 470.00
226.83 469.00
227.00 468.83
227.83 468.00
228.00 467.83
228.83 467.00
229.00 466.83
229.83 466.00
229.83 465.00
230.00 464.83
230.83 464.00
231.00 463.83
231.83 463.00
232.00 462.83
232.83 462.00
232.83 461.00
233.00 460.83
233.83 460.00
233.83 459.00
234.00 458.83
234.83 458.00
234.83 457.00
235.00 456.83
235.83 456.00

Contour 2:
269.88 21.00
269.88 20.00
269.88 19.00
269.00 18.12
268.88 18.00
268.88 17.00
268.00 16.12
267.88 16.00
267.00 15.12
266.88 15.00
266.00 14.12
265.88 14.00
265.88 13.00
265.00 12.12
264.88 12.00
264.00 11.12
263.88 11.00
263.00 10.12
262.88 10.00
262.00 9.12
261.88 9.00
261.00 8.12
260.88 8.00
260.00 7.12
259.88 7.00
259.00 6.12
258.00 6.12
257.88 6.00
257.00 5.12
256.00 5.12
255.00 5.12
254.00 5.12
253.00 5.12
252.00 5.12
251.00 5.12
250.00 5.12
249.00 5.12
248.00 5.12
247.00 5.12
246.12 6.00
246.00 6.12
245.00 6.12
244.00 6.12
243.00 6.12
242.00 6.12
241.00 6.12
240.12 7.00
240.00 7.12
239.00 7.12
238.00 7.12
237.00 7.12
236.00 7.12
235.00 7.12
234.00 7.12
233.00 7.12
232.00 7.12
231.00 7.12
230.00 7.12
229.12 8.00
229.00 8.12
228.00 8.12
227.00 8.12
226.00 8.12
225.00 8.12
224.12 9.00
224.00 9.12
223.00 9.12
222.00 9.12
221.00 9.12
220.00 9.12
219.88 9.00
219.00 8.12
218.00 8.12
217.00 8.12
216.00 8.12
215.00 8.12
214.00 8.12
213.00 8.12
212.00 8.12
211.00 8.12
210.00 8.12
209.00 8.12
208.00 8.12
207.12 9.00
207.00 9.12
206.00 9.12
205.12 10.00
205.00 10.12
204.12 11.00
204.00 11.12
203.12 12.00
203.00 12.12
202.12 13.00
202.00 13.12
201.00 13.12
200.12 14.00
200.12 15.00
200.00 15.12
199.12 16.00
199.12 17.00
199.12 18.00
199.00 18.12
198.12 19.00
198.12 20.00
198.12 21.00
198.00 21.12
197.12 22.00
197.12 23.00
197.00 23.12
196.12 24.00
196.12 25.00
196.12 26.00
197.00 26.88
197.12 27.00
197.12 28.00
197.12 29.00
197.12 30.00
198.00 30.88
198.12 31.00
198.12 32.00
199.00 32.88
199.12 33.00
200.00 33.88
200.12 34.00
200.12 35.00
201.00 35.88
201.12 36.00
202.00 36.88
202.12 37.00
202.12 38.00
203.00 38.88
203.12 39.00
204.00 39.88
204.12 40.00
205.00 40.88
205.12 41.00
205.12 42.00
206.00 42.88
206.12 43.00
207.00 43.88
208.00 43.88
208.12 44.00
209.00 44.88
210.00 44.88
211.00 44.88
212.00 44.88
212.12 45.00
213.00 45.88
214.00 45.88
214.88 45.00
215.00 44.88
215.12 45.00
216.00 45.88
217.00 45.88
218.00 45.88
218.12 46.00
219.00 46.88
220.00 46.88
220.12 47.00
221.00 47.88
222.00 47.88
223.00 47.88
223.12 48.00
224.00 48.88
225.00 48.88
225.12 49.00
226.00 49.88
227.00 49.88
228.00 49.88
229.00 49.88
230.00 49.88
231.00 49.88
232.00 49.88
233.00 49.88
234.00 49.88
235.00 49.88
236.00 49.88
237.00 49.88
238.00 49.88
239.00 49.88
239.88 49.00
240.00 48.88
241.00 48.88
242.00 48.88
242.88 48.00
243.00 47.88
244.00 47.88
245.00 47.88
245.88 47.00
246.00 46.88
247.00 46.88
247.88 46.00
248.00 45.88
249.00 45.88
249.88 45.00
250.00 44.88
250.88 44.00
251.00 43.88
251.88 43.00
252.00 42.88
252.88 42.00
253.00 41.88
254.00 41.88
254.88 41.00
255.00 40.88
255.88 40.00
256.00 39.88
257.00 39.88
257.88 39.00
258.00 38.88
258.88 38.00
259.00 37.88
260.00 37.88
260.88 37.00
260.88 36.00
261.00 35.88
261.88 35.00
262.00 34.88
262.88 34.00
263.00 33.88
263.88 33.00
264.00 32.88
264.88 32.00
265.00 31.88
265.88 31.00
265.88 30.00
265.88 29.00
266.00 28.88
266.88 28.00
266.88 27.00
267.00 26.88
267.88 26.00
267.88 25.00
267.88 24.00
268.00 23.88
268.88 23.00
268.88 22.00
269.00 21.88
269.88 21.00

Contour 3:
274.90 632.00
274.90 631.00
274.90 630.00
274.90 629.00
274.90 628.00
274.90 627.00
274.90 626.00
274.90 625.00
274.90 624.00
274.90 623.00
274.90 622.00
274.90 621.00
274.90 620.00
274.00 619.10
273.90 619.00
273.90 618.00
273.90 617.00
273.90 616.00
273.90 615.00
273.00 614.10
272.90 614.00
272.90 613.00
272.90 612.00
272.00 611.10
271.90 611.00
271.90 610.00
271.90 609.00
271.00 608.10
270.90 608.00
270.90 607.00
270.90 606.00
270.00 605.10
269.90 605.00
269.90 604.00
269.00 603.10
268.90 603.00
268.90 602.00
268.00 601.10
267.90 601.00
267.90 600.00
267.00 599.10
266.90 599.00
266.00 598.10
265.90 598.00
265.90 597.00
265.00 596.10
264.90 596.00
264.00 595.10
263.90 595.00
263.00 594.10
262.90 594.00
262.90 593.00
262.00 592.10
261.90 592.00
261.00 591.10
260.90 591.00
260.00 590.10
259.90 590.00
259.00 589.10
258.90 589.00
258.00 588.10
257.00 588.10
256.90 588.00
256.00 587.10
255.90 587.00
255.00 586.10
254.90 586.00
254.00 585.10
253.00 585.10
252.90 585.00
252.00 584.10
251.00 584.10
250.90 584.00
250.00 583.10
249.00 583.10
248.00 583.10
247.90 583.00
247.00 582.10
246.00 582.10
245.00 582.10
244.90 582.00
244.00 581.10
243.00 581.10
242.00 581.10
241.00 581.10
240.00 581.10
239.00 581.10
238.00 581.10
237.00 581.10
236.00 581.10
235.00 581.10
234.00 581.10
233.00 581.10
232.00 581.10
231.00 581.10
230.00 581.10
229.00 581.10
228.00 581.10
227.00 581.10
226.00 581.10
225.00 581.10
224.00 581.10
223.10 582.00
223.00 582.10
222.00 582.10
221.10 583.00
221.00 583.10
220.00 583.10
219.00 583.10
218.10 584.00
218.00 584.10
217.10 585.00
217.00 585.10
216.00 585.10
215.10 586.00
215.00 586.10
214.10 587.00
214.00 587.10
213.10 588.00
213.00 588.10
212.10 589.00
212.00 589.10
211.10 590.00
211.00 590.10
210.10 591.00
210.00 591.10
209.10 592.00
209.00 592.10
208.10 593.00
208.00 593.10
207.10 594.00
207.10 595.00
207.00 595.10
206.10 596.00
206.10 597.00
206.00 597.10
205.10 598.00
205.10 599.00
205.10 600.00
205.00 600.10
204.10 601.00
204.10 602.00
204.10 603.00
204.00 603.10
203.10 604.00
203.10 605.00
203.10 606.00
203.10 607.00
203.10 608.00
203.00 608.10
202.10 609.00
202.10 610.00
202.10 611.00
202.10 612.00
202.10 613.00
202.10 614.00
202.10 615.00
202.10 616.00
202.10 617.00
202.10 618.00
202.10 619.00
202.10 620.00
202.10 621.00
202.10 622.00
202.10 623.00
202.10 624.00
202.10 625.00
203.00 625.90
203.10 626.00
203.10 627.00
203.10 628.00
203.10 629.00
204.00 629.90
204.10 630.00
204.10 631.00
204.10 632.00
205.00 632.90
205.10 633.00
205.10 634.00
206.00 634.90
206.10 635.00
206.10 636.00
207.00 636.90
207.10 637.00
207.10 638.00
208.00 638.90
208.10 639.00
208.10 640.00
209.00 640.90
209.10 641.00
210.00 641.90
210.10 642.00
211.00 642.90
211.10 643.00
211.10 644.00
212.00 644.90
212.10 645.00
213.00 645.90
213.10 646.00
214.00 646.90
214.10 647.00
215.00 647.90
215.10 648.00
216.00 648.90
216.10 649.00
217.00 649.90
217.10 650.00
218.00 650.90
218.10 651.00
219.00 651.90
219.10 652.00
220.00 652.90
220.10 653.00
221.00 653.90
221.10 654.00
222.00 654.90
223.00 654.90
223.10 655.00
224.00 655.90
225.00 655.90
225.10 656.00
226.00 656.90
227.00 656.90
227.10 657.00
228.00 657.90
229.00 657.90
229.10 658.00
230.00 658.90
231.00 658.90
232.00 658.90
232.10 659.00
233.00 659.90
234.00 659.90
235.00 659.90
236.00 659.90
236.10 660.00
237.00 660.90
238.00 660.90
239.00 660.90
240.00 660.90
241.00 660.90
241.90 660.00
242.00 659.90
243.00 659.90
244.00 659.90
245.00 659.90
246.00 659.90
247.00 659.90
248.00 659.90
248.90 659.00
249.00 658.90
250.00 658.90
251.00 658.90
251.90 658.00
252.00 657.90
253.00 657.90
253.90 657.00
254.00 656.90
255.00 656.90
255.90 656.00
256.00 655.90
257.00 655.90
257.90 655.00
258.00 654.90
259.00 654.90
259.90 654.00
260.00 653.90
260.90 653.00
261.00 652.90
261.90 652.00
262.00 651.90
262.90 651.00
263.00 650.90
263.90 650.00
264.00 649.90
264.90 649.00
265.00 648.90
265.90 648.00
266.00 647.90
266.90 647.00
267.00 646.90
267.90 646.00
268.00 645.90
268.90 645.00
268.90 644.00
269.00 643.90
269.90 643.00
270.00 642.90
270.90 642.00
270.90 641.00
271.00 640.90
271.90 640.00
271.90 639.00
272.00 638.90
272.90 638.00
272.90 637.00
273.00 636.90
273.90 636.00
273.90 635.00
273.90 634.00
273.90 633.00
274.00 632.90
274.90 632.00

Contour 4:
293.92 840.00
293.92 839.00
293.92 838.00
293.92 837.00
293.92 836.00
293.92 835.00
293.00 834.08
292.92 834.00
292.92 833.00
292.92 832.00
292.00 831.08
291.92 831.00
291.92 830.00
291.92 829.00
291.00 828.08
290.92 828.00
290.92 827.00
290.00 826.08
289.92 826.00
289.92 825.00
289.00 824.08
288.92 824.00
288.92 823.00
288.00 822.08
287.92 822.00
287.92 821.00
287.00 820.08
286.92 820.00
286.92 819.00
286.00 818.08
285.92 818.00
285.92 817.00
285.00 816.08
284.92 816.00
284.92 815.00
284.00 814.08
283.92 814.00
283.92 813.00
283.00 812.08
282.92 812.00
282.00 811.08
281.92 811.00
281.92 810.00
281.00 809.08
280.92 809.00
280.92 808.00
280.00 807.08
279.92 807.00
279.92 806.00
279.00 805.08
278.92 805.00
278.00 804.08
277.92 804.00
277.00 803.08
276.92 803.00
276.00 802.08
275.92 802.00
275.00 801.08
274.92 801.00
274.00 800.08
273.92 800.00
273.00 799.08
272.92 799.00
272.00 798.08
271.92 798.00
271.00 797.08
270.92 797.00
270.00 796.08
269.00 796.08
268.92 796.00
268.00 795.08
267.92 795.00
267.00 794.08
266.92 794.00
266.00 793.08
265.00 793.08
264.92 793.00
264.00 792.08
263.92 792.00
263.00 791.08
262.00 791.08
261.92 791.00
261.00 790.08
260.00 790.08
259.92 790.00
259.00 789.08
258.92 789.00
258.00 788.08
257.92 788.00
257.00 787.08
256.00 787.08
255.92 787.00
255.00 786.08
254.00 786.08
253.00 786.08
252.92 786.00
252.00 785.08
251.00 785.08
250.00 785.08
249.92 785.00
249.00 784.08
248.00 784.08
247.00 784.08
246.92 784.00
246.00 783.08
245.00 783.08
244.00 783.08
243.00 783.08
242.00 783.08
241.00 783.08
240.92 783.00
240.00 782.08
239.00 782.08
238.00 782.08
237.00 782.08
236.00 782.08
235.00 782.08
234.00 782.08
233.00 782.08
232.08 783.00
232.00 783.08
231.00 783.08
230.00 783.08
229.00 783.08
228.00 783.08
227.08 784.00
227.00 784.08
226.00 784.08
225.00 784.08
224.08 785.00
224.00 785.08
223.00 785.08
222.08 786.00
222.00 786.08
221.00 786.08
220.08 787.00
220.00 787.08
219.08 788.00
219.00 788.08
218.08 789.00
218.00 789.08
217.08 790.00
217.00 790.08
216.08 791.00
216.00 791.08
215.08 792.00
215.00 792.08
214.08 793.00
214.00 793.08
213.08 794.00
213.00 794.08
212.08 795.00
212.08 796.00
212.00 796.08
211.08 797.00
211.08 798.00
211.00 798.08
210.08 799.00
210.08 800.00
210.00 800.08
209.08 801.00
209.08 802.00
209.00 802.08
208.08 803.00
208.08 804.00
208.08 805.00
208.00 805.08
207.08 806.00
207.08 807.00
207.08 808.00
207.08 809.00
207.08 810.00
207.08 811.00
207.08 812.00
207.08 813.00
207.08 814.00
207.08 815.00
207.08 816.00
207.08 817.00
207.08 818.00
207.08 819.00
207.08 820.00
207.08 821.00
207.08 822.00
207.08 823.00
207.08 824.00
208.00 824.92
208.08 825.00
208.08 826.00
208.08 827.00
208.08 828.00
208.08 829.00
209.00 829.92
209.08 830.00
209.08 831.00
210.00 831.92
210.08 832.00
210.08 833.00
210.08 834.00
211.00 834.92
211.08 835.00
211.08 836.00
212.00 836.92
212.08 837.00
212.08 838.00
213.00 838.92
213.08 839.00
213.08 840.00
214.00 840.92
214.08 841.00
214.08 842.00
214.08 843.00
215.00 843.92
215.08 844.00
215.08 845.00
216.00 845.92
216.08 846.00
216.08 847.00
216.08 848.00
216.08 849.00
217.00 849.92
217.08 850.00
217.08 851.00
217.08 852.00
218.00 852.92
218.08 853.00
218.08 854.00
218.08 855.00
219.00 855.92
219.08 856.00
219.08 857.00
220.00 857.92
220.08 858.00
220.08 859.00
221.00 859.92
221.08 860.00
222.00 860.92
222.08 861.00
222.08 862.00
223.00 862.92
223.08 863.00
224.00 863.92
224.08 864.00
225.00 864.92
225.08 865.00
226.00 865.92
226.08 866.00
227.00 866.92
227.08 867.00
228.00 867.92
228.08 868.00
229.00 868.92
229.08 869.00
230.00 869.92
231.00 869.92
231.08 870.00
232.00 870.92
232.08 871.00
233.00 871.92
233.08 872.00
234.00 872.92
235.00 872.92
235.08 873.00
236.00 873.92
236.08 874.00
237.00 874.92
238.00 874.92
238.08 875.00
239.00 875.92
240.00 875.92
241.00 875.92
242.00 875.92
242.08 876.00
243.00 876.92
244.00 876.92
245.00 876.92
245.08 877.00
246.00 877.92
247.00 877.92
248.00 877.92
249.00 877.92
250.00 877.92
251.00 877.92
252.00 877.92
253.00 877.92
254.00 877.92
255.00 877.92
255.92 877.00
256.00 876.92
257.00 876.92
258.00 876.92
259.00 876.92
260.00 876.92
261.00 876.92
261.92 876.00
262.00 875.92
263.00 875.92
264.00 875.92
265.00 875.92
266.00 875.92
266.92 875.00
267.00 874.92
268.00 874.92
268.92 874.00
269.00 873.92
270.00 873.92
271.00 873.92
271.92 873.00
272.00 872.92
273.00 872.92
273.92 872.00
274.00 871.92
275.00 871.92
275.92 871.00
276.00 870.92
277.00 870.92
277.92 870.00
278.00 869.92
279.00 869.92
279.92 869.00
280.00 868.92
280.92 868.00
281.00 867.92
281.92 867.00
282.00 866.92
282.92 866.00
283.00 865.92
283.92 865.00
284.00 864.92
284.92 864.00
284.92 863.00
285.00 862.92
285.92 862.00
285.92 861.00
286.00 860.92
286.92 860.00
287.00 859.92
287.92 859.00
287.92 858.00
288.00 857.92
288.92 857.00
288.92 856.00
288.92 855.00
289.00 854.92
289.92 854.00
289.92 853.00
290.00 852.92
290.92 852.00
290.92 851.00
290.92 850.00
291.00 849.92
291.92 849.00
291.92 848.00
291.92 847.00
291.92 846.00
292.00 845.92
292.92 845.00
292.92 844.00
292.92 843.00
292.92 842.00
292.92 841.00
293.00 840.92
293.92 840.00

Contour 5:
287.93 249.00
287.93 248.00
287.93 247.00
287.93 246.00
287.93 245.00
287.93 244.00
287.93 243.00
287.93 242.00
287.93 241.00
287.93 240.00
287.93 239.00
287.93 238.00
287.00 237.07
286.93 237.00
286.93 236.00
286.93 235.00
286.00 234.07
285.93 234.00
285.93 233.00
285.93 232.00
285.00 231.07
284.93 231.00
284.93 230.00
284.00 229.07
283.93 229.00
283.93 228.00
283.93 227.00
283.00 226.07
282.93 226.00
282.00 225.07
281.93 225.00
281.93 224.00
281.00 223.07
280.93 223.00
280.00 222.07
279.93 222.00
279.00 221.07
278.93 221.00
278.00 220.07
277.93 220.00
277.00 219.07
276.93 219.00
276.00 218.07
275.93 218.00
275.00 217.07
274.00 217.07
273.93 217.00
273.00 216.07
272.00 216.07
271.93 216.00
271.00 215.07
270.00 215.07
269.93 215.00
269.00 214.07
268.00 214.07
267.00 214.07
266.00 214.07
265.93 214.00
265.00 213.07
264.00 213.07
263.00 213.07
262.00 213.07
261.00 213.07
260.93 213.00
260.00 212.07
259.00 212.07
258.00 212.07
257.00 212.07
256.00 212.07
255.00 212.07
254.00 212.07
253.00 212.07
252.00 212.07
251.00 212.07
250.00 212.07
249.00 212.07
248.00 212.07
247.00 212.07
246.00 212.07
245.07 213.00
245.00 213.07
244.00 213.07
243.00 213.07
242.00 213.07
241.07 214.00
241.00 214.07
240.00 214.07
239.00 214.07
238.00 214.07
237.07 215.00
237.00 215.07
236.00 215.07
235.07 216.00
235.00 216.07
234.00 216.07
233.07 217.00
233.00 217.07
232.00 217.07
231.07 218.00
231.00 218.07
230.00 218.07
229.07 219.00
229.00 219.07
228.00 219.07
227.07 220.00
227.00 220.07
226.07 221.00
226.00 221.07
225.00 221.07
224.07 222.00
224.00 222.07
223.07 223.00
223.00 223.07
222.07 224.00
222.00 224.07
221.07 225.00
221.00 225.07
220.07 226.00
220.00 226.07
219.07 227.00
219.00 227.07
218.07 228.00
218.07 229.00
218.00 229.07
217.07 230.00
217.00 230.07
216.07 231.00
216.07 232.00
216.00 232.07
215.07 233.00
215.07 234.00
215.00 234.07
214.07 235.00
214.07 236.00
214.00 236.07
213.07 237.00
213.07 238.00
213.07 239.00
213.00 239.07
212.07 240.00
212.07 241.00
212.07 242.00
212.00 242.07
211.07 243.00
211.07 244.00
211.07 245.00
211.07 246.00
211.00 246.07
210.07 247.00
210.07 248.00
210.07 249.00
210.07 250.00
210.07 251.00
210.00 251.07
209.07 252.00
209.07 253.00
209.07 254.00
209.07 255.00
209.07 256.00
209.07 257.00
209.07 258.00
209.07 259.00
209.07 260.00
209.07 261.00
209.07 262.00
209.07 263.00
209.07 264.00
209.07 265.00
210.00 265.93
210.07 266.00
210.07 267.00
210.07 268.00
211.00 268.93
211.07 269.00
211.07 270.00
212.00 270.93
212.07 271.00
212.07 272.00
213.00 272.93
213.07 273.00
213.07 274.00
214.00 274.93
214.07 275.00
215.00 275.93
215.07 276.00
216.00 276.93
216.07 277.00
217.00 277.93
217.07 278.00
218.00 278.93
218.07 279.00
219.00 279.93
219.07 280.00
220.00 280.93
220.07 281.00
221.00 281.93
221.07 282.00
222.00 282.93
223.00 282.93
223.07 283.00
224.00 283.93
224.07 284.00
225.00 284.93
226.00 284.93
226.07 285.00
227.00 285.93
228.00 285.93
228.07 286.00
229.00 286.93
230.00 286.93
231.00 286.93
231.07 287.00
232.00 287.93
233.00 287.93
234.00 287.93
234.07 288.00
235.00 288.93
236.00 288.93
237.00 288.93
238.00 288.93
239.00 288.93
240.00 288.93
241.00 288.93
242.00 288.93
243.00 288.93
244.00 288.93
244.93 288.00
245.00 287.93
246.00 287.93
247.00 287.93
248.00 287.93
249.00 287.93
250.00 287.93
250.93 287.00
251.00 286.93
252.00 286.93
253.00 286.93
253.93 286.00
254.00 285.93
255.00 285.93
256.00 285.93
256.93 285.00
257.00 284.93
258.00 284.93
258.93 284.00
259.00 283.93
260.00 283.93
260.93 283.00
261.00 282.93
262.00 282.93
262.93 282.00
263.00 281.93
263.93 281.00
264.00 280.93
265.00 280.93
265.93 280.00
266.00 279.93
266.93 279.00
267.00 278.93
267.93 278.00
268.00 277.93
269.00 277.93
269.93 277.00
270.00 276.93
270.93 276.00
271.00 275.93
271.93 275.00
272.00 274.93
272.93 274.00
273.00 273.93
273.93 273.00
274.00 272.93
274.93 272.00
275.00 271.93
275.93 271.00
276.00 270.93
276.93 270.00
277.00 269.93
277.93 269.00
278.00 268.93
278.93 268.00
278.93 267.00
279.00 266.93
279.93 266.00
280.00 265.93
280.93 265.00
281.00 264.93
281.93 264.00
281.93 263.00
282.00 262.93
282.93 262.00
283.00 261.93
283.93 261.00
283.93 260.00
284.00 259.93
284.93 259.00
284.93 258.00
285.00 257.93
285.93 257.00
285.93 256.00
285.93 255.00
286.00 254.93
286.93 254.00
286.93 253.00
286.93 252.00
286.93 251.00
286.93 250.00
287.00 249.93
287.93 249.00

Contour 6:
342.94 481.00
342.94 480.00
342.00 479.06
341.94 479.00
341.94 478.00
341.94 477.00
341.94 476.00
341.00 475.06
340.94 475.00
340.94 474.00
340.94 473.00
340.00 472.06
339.94 472.00
339.94 471.00
339.94 470.00
339.00 469.06
338.94 469.00
338.94 468.00
338.00 467.06
337.94 467.00
337.00 466.06
336.94 466.00
336.94 465.00
336.00 464.06
335.94 464.00
335.94 463.00
335.00 462.06
334.94 462.00
334.00 461.06
333.94 461.00
333.00 460.06
332.94 460.00
332.00 459.06
331.94 459.00
331.00 458.06
330.00 458.06
329.94 458.00
329.00 457.06
328.94 457.00
328.00 456.06
327.94 456.00
327.00 455.06
326.94 455.00
326.00 454.06
325.00 454.06
324.94 454.00
324.00 453.06
323.94 453.00
323.00 452.06
322.94 452.00
322.00 451.06
321.94 451.00
321.00 450.06
320.00 450.06
319.94 450.00
319.00 449.06
318.00 449.06
317.94 449.00
317.00 448.06
316.00 448.06
315.94 448.00
315.00 447.06
314.00 447.06
313.00 447.06
312.00 447.06
311.94 447.00
311.00 446.06
310.00 446.06
309.00 446.06
308.00 446.06
307.00 446.06
306.00 446.06
305.00 446.06
304.00 446.06
303.00 446.06
302.00 446.06
301.00 446.06
300.00 446.06
299.00 446.06
298.00 446.06
297.00 446.06
296.06 447.00
296.00 447.06
295.00 447.06
294.00 447.06
293.00 447.06
292.00 447.06
291.06 448.00
291.00 448.06
290.00 448.06
289.06 449.00
289.00 449.06
288.06 450.00
288.00 450.06
287.06 451.00
287.00 451.06
286.00 451.06
285.06 452.00
285.00 452.06
284.06 453.00
284.06 454.00
284.00 454.06
283.06 455.00
283.00 455.06
282.06 456.00
282.00 456.06
281.06 457.00
281.06 458.00
281.00 458.06
280.06 459.00
280.06 460.00
280.06 461.00
280.06 462.00
280.06 463.00
280.06 464.00
280.06 465.00
280.06 466.00
280.06 467.00
280.06 468.00
280.06 469.00
280.06 470.00
280.06 471.00
280.06 472.00
281.00 472.94
281.06 473.00
281.06 474.00
281.06 475.00
282.00 475.94
282.06 476.00
282.06 477.00
283.00 477.94
283.06 478.00
283.06 479.00
283.06 480.00
284.00 480.94
284.06 481.00
284.06 482.00
285.00 482.94
285.06 483.00
285.06 484.00
286.00 484.94
286.06 485.00
287.00 485.94
287.06 486.00
287.06 487.00
288.00 487.94
288.06 488.00
289.00 488.94
289.06 489.00
289.06 490.00
290.00 490.94
290.06 491.00
291.00 491.94
291.06 492.00
292.00 492.94
292.06 493.00
293.00 493.94
293.06 494.00
294.00 494.94
294.06 495.00
295.00 495.94
295.06 496.00
296.00 496.94
297.00 496.94
297.06 497.00
298.00 497.94
299.00 497.94
299.06 498.00
300.00 498.94
300.06 499.00
301.00 499.94
302.00 499.94
302.06 500.00
303.00 500.94
304.00 500.94
304.06 501.00
305.00 501.94
306.00 501.94
307.00 501.94
307.06 502.00
308.00 502.94
309.00 502.94
309.06 503.00
310.00 503.94
311.00 503.94
312.00 503.94
313.00 503.94
314.00 503.94
314.06 504.00
315.00 504.94
316.00 504.94
317.00 504.94
318.00 504.94
319.00 504.94
320.00 504.94
321.00 504.94
322.00 504.94
323.00 504.94
323.94 504.00
324.00 503.94
325.00 503.94
326.00 503.94
327.00 503.94
327.94 503.00
328.00 502.94
329.00 502.94
329.94 502.00
330.00 501.94
331.00 501.94
331.94 501.00
332.00 500.94
332.94 500.00
333.00 499.94
333.94 499.00
334.00 498.94
334.94 498.00
335.00 497.94
335.94 497.00
336.00 496.94
336.94 496.00
337.00 495.94
337.94 495.00
338.00 494.94
338.94 494.00
338.94 493.00
339.00 492.94
339.94 492.00
339.94 491.00
339.94 490.00
340.00 489.94
340.94 489.00
340.94 488.00
340.94 487.00
341.00 486.94
341.94 486.00
341.94 485.00
341.94 484.00
341.94 483.00
341.94 482.00
342.00 481.94
342.94 481.00

Contour 7:
366.94 559.00
366.94 558.00
366.94 557.00
366.94 556.00
366.94 555.00
366.94 554.00
366.00 553.06
365.94 553.00
365.94 552.00
365.94 551.00
365.94 550.00
365.94 549.00
365.00 548.06
364.94 548.00
364.94 547.00
364.94 546.00
364.00 545.06
363.94 545.00
363.94 544.00
363.94 543.00
363.00 542.06
362.94 542.00
362.94 541.00
362.00 540.06
361.94 540.00
361.94 539.00
361.00 538.06
360.94 538.00
360.00 537.06
359.94 537.00
359.00 536.06
358.94 536.00
358.94 535.00
358.00 534.06
357.94 534.00
357.00 533.06
356.94 533.00
356.00 532.06
355.94 532.00
355.00 531.06
354.00 531.06
353.94 531.00
353.00 530.06
352.94 530.00
352.00 529.06
351.94 529.00
351.00 528.06
350.00 528.06
349.94 528.00
349.00 527.06
348.00 527.06
347.94 527.00
347.00 526.06
346.00 526.06
345.00 526.06
344.94 526.00
344.00 525.06
343.00 525.06
342.00 525.06
341.00 525.06
340.00 525.06
339.00 525.06
338.00 525.06
337.00 525.06
336.00 525.06
335.00 525.06
334.00 525.06
333.00 525.06
332.06 526.00
332.00 526.06
331.00 526.06
330.00 526.06
329.00 526.06
328.06 527.00
328.00 527.06
327.00 527.06
326.06 528.00
326.00 528.06
325.00 528.06
324.06 529.00
324.00 529.06
323.00 529.06
322.06 530.00
322.00 530.06
321.06 531.00
321.00 531.06
320.00 531.06
319.06 532.00
319.00 532.06
318.06 533.00
318.00 533.06
317.00 533.06
316.06 534.00
316.00 534.06
315.00 534.06
314.06 535.00
314.00 535.06
313.00 535.06
312.06 536.00
312.00 536.06
311.00 536.06
310.06 537.00
310.00 537.06
309.06 538.00
309.00 538.06
308.06 539.00
308.00 539.06
307.06 540.00
307.06 541.00
307.00 541.06
306.06 542.00
306.00 542.06
305.06 543.00
305.06 544.00
305.00 544.06
304.06 545.00
304.06 546.00
304.00 546.06
303.06 547.00
303.06 548.00
303.00 548.06
302.06 549.00
302.06 550.00
302.06 551.00
302.00 551.06
301.06 552.00
301.06 553.00
301.06 554.00
301.06 555.00
301.00 555.06
300.06 556.00
300.06 557.00
300.06 558.00
300.06 559.00
300.06 560.00
300.06 561.00
300.06 562.00
300.06 563.00
300.06 564.00
300.06 565.00
300.06 566.00
300.06 567.00
300.06 568.00
300.06 569.00
300.06 570.00
301.00 570.94
301.06 571.00
301.06 572.00
301.06 573.00
302.00 573.94
302.06 574.00
302.06 575.00
302.06 576.00
303.00 576.94
303.06 577.00
303.06 578.00
303.06 579.00
304.00 579.94
304.06 580.00
305.00 580.94
305.06 581.00
305.06 582.00
306.00 582.94
306.06 583.00
307.00 583.94
307.06 584.00
307.06 585.00
308.00 585.94
308.06 586.00
309.00 586.94
309.06 587.00
310.00 587.94
310.06 588.00
311.00 588.94
312.00 588.94
312.06 589.00
313.00 589.94
313.06 590.00
314.00 590.94
315.00 590.94
315.06 591.00
316.00 591.94
317.00 591.94
317.06 592.00
318.00 592.94
319.00 592.94
320.00 592.94
320.06 593.00
321.00 593.94
322.00 593.94
322.06 594.00
323.00 594.94
324.00 594.94
325.00 594.94
326.00 594.94
326.06 595.00
327.00 595.94
328.00 595.94
329.00 595.94
330.00 595.94
331.00 595.94
332.00 595.94
333.00 595.94
334.00 595.94
335.00 595.94
336.00 595.94
337.00 595.94
338.00 595.94
339.00 595.94
339.94 595.00
340.00 594.94
341.00 594.94
342.00 594.94
343.00 594.94
343.94 594.00
344.00 593.94
345.00 593.94
345.94 593.00
346.00 592.94
347.00 592.94
347.94 592.00
348.00 591.94
348.94 591.00
349.00 590.94
350.00 590.94
350.94 590.00
351.00 589.94
351.94 589.00
352.00 588.94
352.94 588.00
353.00 587.94
353.94 587.00
354.00 586.94
354.94 586.00
355.00 585.94
355.94 585.00
356.00 584.94
356.94 584.00
357.00 583.94
357.94 583.00
358.00 582.94
358.94 582.00
359.00 581.94
359.94 581.00
360.00 580.94
360.94 580.00
360.94 579.00
361.00 578.94
361.94 578.00
361.94 577.00
362.00 576.94
362.94 576.00
362.94 575.00
363.00 574.94
363.94 574.00
363.94 573.00
363.94 572.00
364.00 571.94
364.94 571.00
364.94 570.00
364.94 569.00
364.94 568.00
365.00 567.94
365.94 567.00
365.94 566.00
365.94 565.00
365.94 564.00
365.94 563.00
365.94 562.00
365.94 561.00
365.94 560.00
366.00 559.94
366.94 559.00

Contour 8:
373.95 130.00
373.95 129.00
373.95 128.00
373.95 127.00
373.95 126.00
373.95 125.00
373.95 124.00
373.95 123.00
373.95 122.00
373.95 121.00
373.95 120.00
373.00 119.05
372.95 119.00
372.95 118.00
372.95 117.00
372.95 116.00
372.00 115.05
371.95 115.00
371.95 114.00
371.00 113.05
370.95 113.00
370.95 112.00
370.95 111.00
370.00 110.05
369.95 110.00
369.00 109.05
368.95 109.00
368.00 108.05
367.95 108.00
367.00 107.05
366.00 107.05
365.95 107.00
365.00 106.05
364.95 106.00
364.95 105.00
364.95 104.00
365.00 103.95
365.95 103.00
365.95 102.00
365.00 101.05
364.95 101.00
364.95 100.00
364.95 99.00
364.95 98.00
364.00 97.05
363.00 97.05
362.05 98.00
362.00 98.05
361.95 98.00
361.00 97.05
360.00 97.05
359.00 97.05
358.95 97.00
358.00 96.05
357.00 96.05
356.95 96.00
356.00 95.05
355.00 95.05
354.00 95.05
353.95 95.00
353.95 94.00
354.00 93.95
354.95 93.00
354.95 92.00
354.95 91.00
354.00 90.05
353.00 90.05
352.00 90.05
351.00 90.05
350.05 91.00
350.00 91.05
349.00 91.05
348.05 92.00
348.05 93.00
348.05 94.00
348.00 94.05
347.00 94.05
346.95 94.00
346.00 93.05
345.00 93.05
344.95 93.00
344.00 92.05
343.00 92.05
342.00 92.05
341.00 92.05
340.00 92.05
339.00 92.05
338.05 93.00
338.00 93.05
337.00 93.05
336.00 93.05
335.05 94.00
335.00 94.05
334.00 94.05
333.05 95.00
333.00 95.05
332.00 95.05
331.05 96.00
331.00 96.05
330.05 97.00
330.00 97.05
329.05 98.00
329.00 98.05
328.05 99.00
328.05 100.00
328.05 101.00
328.00 101.05
327.05 102.00
327.05 103.00
327.05 104.00
327.05 105.00
327.05 106.00
328.00 106.95
328.05 107.00
328.05 108.00
328.05 109.00
328.05 110.00
329.00 110.95
329.05 111.00
330.00 111.95
331.00 111.95
332.00 111.95
332.05 112.00
333.00 112.95
333.05 113.00
333.05 114.00
333.05 115.00
333.05 116.00
333.05 117.00
333.05 118.00
333.05 119.00
334.00 119.95
334.05 120.00
334.05 121.00
334.05 122.00
334.00 122.05
333.00 122.05
332.05 123.00
332.00 123.05
331.00 123.05
330.00 123.05
329.00 123.05
328.00 123.05
327.00 123.05
326.00 123.05
325.00 123.05
324.05 124.00
324.05 125.00
324.05 126.00
324.05 127.00
324.05 128.00
324.05 129.00
324.05 130.00
325.00 130.95
325.05 131.00
325.05 132.00
325.05 133.00
325.05 134.00
326.00 134.95
326.05 135.00
327.00 135.95
327.05 136.00
327.05 137.00
327.05 138.00
328.00 138.95
329.00 138.95
329.05 139.00
329.05 140.00
330.00 140.95
330.05 141.00
330.05 142.00
331.00 142.95
331.05 143.00
332.00 143.95
332.05 144.00
332.05 145.00
333.00 145.95
333.05 146.00
333.05 147.00
334.00 147.95
335.00 147.95
335.05 148.00
336.00 148.95
337.00 148.95
337.05 149.00
338.00 149.95
339.00 149.95
340.00 149.95
341.00 149.95
342.00 149.95
343.00 149.95
344.00 149.95
345.00 149.95
345.05 150.00
346.00 150.95
347.00 150.95
347.05 151.00
348.00 151.95
349.00 151.95
349.05 152.00
350.00 152.95
351.00 152.95
351.95 152.00
351.95 151.00
351.95 150.00
351.95 149.00
351.95 148.00
351.95 147.00
351.95 146.00
351.95 145.00
351.95 144.00
351.95 143.00
351.95 142.00
352.00 141.95
352.95 141.00
352.95 140.00
352.95 139.00
352.95 138.00
352.95 137.00
352.95 136.00
352.95 135.00
352.95 134.00
352.00 133.05
351.95 133.00
352.00 132.95
353.00 132.95
353.05 133.00
353.05 134.00
353.05 135.00
353.05 136.00
353.05 137.00
353.05 138.00
353.05 139.00
353.05 140.00
353.05 141.00
353.05 142.00
353.05 143.00
353.05 144.00
353.05 145.00
353.05 146.00
353.05 147.00
353.05 148.00
353.05 149.00
353.05 150.00
353.05 151.00
353.05 152.00
354.00 152.95
355.00 152.95
356.00 152.95
356.95 152.00
357.00 151.95
358.00 151.95
359.00 151.95
360.00 151.95
360.95 151.00
361.00 150.95
362.00 150.95
362.95 150.00
363.00 149.95
364.00 149.95
364.95 149.00
365.00 148.95
365.95 148.00
366.00 147.95
366.95 147.00
367.00 146.95
367.95 146.00
367.95 145.00
367.95 144.00
368.00 143.95
368.95 143.00
369.00 142.95
369.95 142.00
370.00 141.95
370.95 141.00
370.95 140.00
371.00 139.95
371.95 139.00
371.95 138.00
371.95 137.00
372.00 136.95
372.95 136.00
372.95 135.00
372.95 134.00
372.95 133.00
372.95 132.00
372.95 131.00
373.00 130.95
373.95 130.00

Contour 9:
395.95 936.00
395.95 935.00
395.95 934.00
395.95 933.00
395.95 932.00
395.95 931.00
395.95 930.00
395.95 929.00
395.95 928.00
395.95 927.00
395.95 926.00
395.95 925.00
395.95 924.00
395.95 923.00
395.95 922.00
395.00 921.05
394.95 921.00
394.95 920.00
394.95 919.00
394.00 918.05
393.95 918.00
393.95 917.00
393.95 916.00
393.00 915.05
392.95 915.00
392.95 914.00
392.95 913.00
392.00 912.05
391.95 912.00
391.95 911.00
391.95 910.00
391.00 909.05
390.95 909.00
390.95 908.00
390.00 907.05
389.95 907.00
389.95 906.00
389.00 905.05
388.95 905.00
388.95 904.00
388.00 903.05
387.95 903.00
387.00 902.05
386.95 902.00
386.00 901.05
385.95 901.00
385.95 900.00
385.00 899.05
384.95 899.00
384.00 898.05
383.95 898.00
383.00 897.05
382.95 897.00
382.00 896.05
381.95 896.00
381.00 895.05
380.95 895.00
380.00 894.05
379.95 894.00
379.00 893.05
378.95 893.00
378.00 892.05
377.00 892.05
376.95 892.00
376.00 891.05
375.95 891.00
375.00 890.05
374.95 890.00
374.00 889.05
373.00 889.05
372.95 889.00
372.00 888.05
371.95 888.00
371.00 887.05
370.00 887.05
369.95 887.00
369.00 886.05
368.95 886.00
368.00 885.05
367.00 885.05
366.00 885.05
365.00 885.05
364.95 885.00
364.00 884.05
363.00 884.05
362.00 884.05
361.00 884.05
360.95 884.00
360.00 883.05
359.00 883.05
358.00 883.05
357.00 883.05
356.05 884.00
356.00 884.05
355.00 884.05
354.00 884.05
353.00 884.05
352.00 884.05
351.05 885.00
351.00 885.05
350.00 885.05
349.05 886.00
349.00 886.05
348.00 886.05
347.05 887.00
347.00 887.05
346.05 888.00
346.00 888.05
345.00 888.05
344.05 889.00
344.00 889.05
343.05 890.00
343.00 890.05
342.05 891.00
342.00 891.05
341.05 892.00
341.05 893.00
341.00 893.05
340.05 894.00
340.00 894.05
339.05 895.00
339.05 896.00
339.00 896.05
338.05 897.00
338.05 898.00
338.05 899.00
338.00 899.05
337.05 900.00
337.05 901.00
337.05 902.00
337.00 902.05
336.05 903.00
336.05 904.00
336.05 905.00
336.00 905.05
335.05 906.00
335.05 907.00
335.05 908.00
335.05 909.00
335.05 910.00
335.05 911.00
335.05 912.00
335.05 913.00
335.05 914.00
335.00 914.05
334.05 915.00
334.05 916.00
334.05 917.00
334.05 918.00
334.05 919.00
334.05 920.00
334.05 921.00
334.05 922.00
335.00 922.95
335.05 923.00
335.05 924.00
335.05 925.00
335.05 926.00
335.05 927.00
335.05 928.00
335.05 929.00
335.05 930.00
335.05 931.00
335.05 932.00
335.05 933.00
335.05 934.00
336.00 934.95
336.05 935.00
336.05 936.00
336.05 937.00
336.05 938.00
337.00 938.95
337.05 939.00
337.05 940.00
337.05 941.00
338.00 941.95
338.05 942.00
338.05 943.00
339.00 943.95
339.05 944.00
339.05 945.00
340.00 945.95
340.05 946.00
341.00 946.95
341.05 947.00
341.05 948.00
342.00 948.95
342.05 949.00
343.00 949.95
343.05 950.00
344.00 950.95
344.05 951.00
345.00 951.95
345.05 952.00
346.00 952.95
347.00 952.95
347.05 953.00
348.00 953.95
349.00 953.95
349.05 954.00
350.00 954.95
350.05 955.00
351.00 955.95
352.00 955.95
353.00 955.95
353.05 956.00
354.00 956.95
355.00 956.95
356.00 956.95
356.05 957.00
357.00 957.95
358.00 957.95
359.00 957.95
360.00 957.95
361.00 957.95
362.00 957.95
363.00 957.95
364.00 957.95
365.00 957.95
366.00 957.95
367.00 957.95
368.00 957.95
369.00 957.95
369.95 957.00
370.00 956.95
371.00 956.95
372.00 956.95
373.00 956.95
374.00 956.95
374.95 956.00
375.00 955.95
376.00 955.95
377.00 955.95
377.95 955.00
378.00 954.95
379.00 954.95
379.95 954.00
380.00 953.95
381.00 953.95
382.00 953.95
382.95 953.00
383.00 952.95
383.95 952.00
384.00 951.95
384.95 951.00
385.00 950.95
386.00 950.95
386.95 950.00
387.00 949.95
387.95 949.00
388.00 948.95
388.95 948.00
388.95 947.00
389.00 946.95
389.95 946.00
390.00 945.95
390.95 945.00
391.00 944.95
391.95 944.00
391.95 943.00
392.00 942.95
392.95 942.00
393.00 941.95
393.95 941.00
393.95 940.00
394.00 939.95
394.95 939.00
394.95 938.00
394.95 937.00
395.00 936.95
395.95 936.00

Contour 10:
411.96 407.00
411.96 406.00
411.96 405.00
411.96 404.00
411.96 403.00
411.96 402.00
411.00 401.04
410.96 401.00
410.96 400.00
410.96 399.00
410.96 398.00
410.96 397.00
410.96 396.00
410.00 395.04
409.96 395.00
409.96 394.00
409.96 393.00
409.00 392.04
408.96 392.00
408.00 391.04
407.96 391.00
407.96 390.00
407.00 389.04
406.96 389.00
406.00 388.04
405.96 388.00
405.00 387.04
404.96 387.00
404.96 386.00
404.00 385.04
403.96 385.00
403.00 384.04
402.96 384.00
402.00 383.04
401.96 383.00
401.00 382.04
400.96 382.00
400.00 381.04
399.96 381.00
399.00 380.04
398.96 380.00
398.00 379.04
397.96 379.00
397.00 378.04
396.96 378.00
396.00 377.04
395.00 377.04
394.96 377.00
394.00 376.04
393.96 376.00
393.00 375.04
392.00 375.04
391.96 375.00
391.00 374.04
390.00 374.04
389.96 374.00
389.00 373.04
388.00 373.04
387.96 373.00
387.00 372.04
386.00 372.04
385.00 372.04
384.00 372.04
383.96 372.00
383.00 371.04
382.00 371.04
381.00 371.04
380.00 371.04
379.00 371.04
378.00 371.04
377.00 371.04
376.00 371.04
375.00 371.04
374.00 371.04
373.00 371.04
372.00 371.04
371.00 371.04
370.00 371.04
369.00 371.04
368.00 371.04
367.00 371.04
366.00 371.04
365.04 372.00
365.00 372.04
364.00 372.04
363.00 372.04
362.00 372.04
361.04 373.00
361.00 373.04
360.00 373.04
359.04 374.00
359.00 374.04
358.00 374.04
357.04 375.00
357.00 375.04
356.00 375.04
355.04 376.00
355.00 376.04
354.04 377.00
354.00 377.04
353.00 377.04
352.04 378.00
352.00 378.04
351.04 379.00
351.00 379.04
350.04 380.00
350.00 380.04
349.04 381.00
349.00 381.04
348.00 381.04
347.04 382.00
347.00 382.04
346.04 383.00
346.00 383.04
345.04 384.00
345.04 385.00
345.00 385.04
344.04 386.00
344.00 386.04
343.04 387.00
343.00 387.04
342.04 388.00
342.04 389.00
342.00 389.04
341.04 390.00
341.04 391.00
341.00 391.04
340.04 392.00
340.04 393.00
340.04 394.00
340.04 395.00
340.00 395.04
339.04 396.00
339.04 397.00
339.04 398.00
339.04 399.00
339.04 400.00
339.04 401.00
339.04 402.00
339.04 403.00
339.04 404.00
339.04 405.00
339.04 406.00
339.04 407.00
340.00 407.96
340.04 408.00
340.04 409.00
340.04 410.00
341.00 410.96
341.04 411.00
341.04 412.00
341.04 413.00
342.00 413.96
342.04 414.00
342.04 415.00
343.00 415.96
343.04 416.00
343.04 417.00
344.00 417.96
344.04 418.00
345.00 418.96
345.04 419.00
345.04 420.00
346.00 420.96
346.04 421.00
347.00 421.96
347.04 422.00
348.00 422.96
348.04 423.00
349.00 423.96
349.04 424.00
350.00 424.96
350.04 425.00
351.00 425.96
351.04 426.00
352.00 426.96
352.04 427.00
353.00 427.96
353.04 428.00
354.00 428.96
354.04 429.00
355.00 429.96
356.00 429.96
356.04 430.00
357.00 430.96
357.04 431.00
358.00 431.96
359.00 431.96
359.04 432.00
360.00 432.96
360.04 433.00
361.00 433.96
362.00 433.96
363.00 433.96
363.04 434.00
364.00 434.96
365.00 434.96
365.04 435.00
366.00 435.96
367.00 435.96
368.00 435.96
369.00 435.96
370.00 435.96
370.04 436.00
371.00 436.96
372.00 436.96
373.00 436.96
374.00 436.96
375.00 436.96
376.00 436.96
377.00 436.96
378.00 436.96
379.00 436.96
380.00 436.96
381.00 436.96
381.96 436.00
382.00 435.96
383.00 435.96
384.00 435.96
385.00 435.96
386.00 435.96
386.96 435.00
387.00 434.96
388.00 434.96
389.00 434.96
390.00 434.96
390.96 434.00
391.00 433.96
392.00 433.96
393.00 433.96
393.96 433.00
394.00 432.96
395.00 432.96
395.96 432.00
396.00 431.96
397.00 431.96
397.96 431.00
398.00 430.96
398.96 430.00
399.00 429.96
400.00 429.96
400.96 429.00
401.00 428.96
401.96 428.00
402.00 427.96
402.96 427.00
403.00 426.96
403.96 426.00
404.00 425.96
404.96 425.00
404.96 424.00
405.00 423.96
405.96 423.00
406.00 422.96
406.96 422.00
406.96 421.00
407.00 420.96
407.96 420.00
407.96 419.00
408.00 418.96
408.96 418.00
408.96 417.00
409.00 416.96
409.96 416.00
409.96 415.00
409.96 414.00
410.00 413.96
410.96 413.00
410.96 412.00
410.96 411.00
410.96 410.00
410.96 409.00
410.96 408.00
411.00 407.96
411.96 407.00

Contour 11:
409.96 230.00
409.96 229.00
409.96 228.00
409.96 227.00
409.96 226.00
409.96 225.00
409.96 224.00
409.96 223.00
409.00 222.04
408.96 222.00
408.96 221.00
408.96 220.00
408.96 219.00
408.96 218.00
408.00 217.04
407.96 217.00
407.96 216.00
407.00 215.04
406.96 215.00
406.96 214.00
406.00 213.04
405.96 213.00
405.00 212.04
404.96 212.00
404.00 211.04
403.96 211.00
403.00 210.04
402.96 210.00
402.00 209.04
401.00 209.04
400.96 209.00
400.00 208.04
399.96 208.00
399.00 207.04
398.00 207.04
397.96 207.00
397.00 206.04
396.00 206.04
395.00 206.04
394.96 206.00
394.00 205.04
393.00 205.04
392.00 205.04
391.00 205.04
390.00 205.04
389.96 205.00
389.00 204.04
388.00 204.04
387.00 204.04
386.00 204.04
385.00 204.04
384.04 205.00
384.00 205.04
383.00 205.04
382.00 205.04
381.00 205.04
380.00 205.04
379.04 206.00
379.00 206.04
378.00 206.04
377.04 207.00
377.00 207.04
376.00 207.04
375.00 207.04
374.04 208.00
374.00 208.04
373.04 209.00
373.00 209.04
372.00 209.04
371.04 210.00
371.00 210.04
370.00 210.04
369.04 211.00
369.00 211.04
368.04 212.00
368.00 212.04
367.04 213.00
367.00 213.04
366.04 214.00
366.00 214.04
365.04 215.00
365.00 215.04
364.04 216.00
364.00 216.04
363.04 217.00
363.00 217.04
362.04 218.00
362.00 218.04
361.04 219.00
361.00 219.04
360.04 220.00
360.00 220.04
359.04 221.00
359.00 221.04
358.04 222.00
358.04 223.00
358.00 223.04
357.04 224.00
357.00 224.04
356.04 225.00
356.04 226.00
356.04 227.00
356.00 227.04
355.04 228.00
355.04 229.00
355.00 229.04
354.04 230.00
354.04 231.00
354.04 232.00
354.00 232.04
353.04 233.00
353.04 234.00
353.04 235.00
353.00 235.04
352.04 236.00
352.04 237.00
352.04 238.00
352.00 238.04
351.04 239.00
351.04 240.00
351.04 241.00
351.04 242.00
351.00 242.04
350.04 243.00
350.04 244.00
350.04 245.00
350.04 246.00
350.04 247.00
350.04 248.00
350.04 249.00
350.04 250.00
350.04 251.00
350.04 252.00
350.04 253.00
350.04 254.00
351.00 254.96
351.04 255.00
351.04 256.00
351.04 257.00
352.00 257.96
352.04 258.00
352.04 259.00
352.04 260.00
353.00 260.96
353.04 261.00
353.04 262.00
354.00 262.96
354.04 263.00
355.00 263.96
355.04 264.00
355.04 265.00
356.00 265.96
356.04 266.00
357.00 266.96
358.00 266.96
358.04 267.00
359.00 267.96
359.04 268.00
360.00 268.96
361.00 268.96
361.04 269.00
362.00 269.96
363.00 269.96
363.04 270.00
364.00 270.96
365.00 270.96
365.04 271.00
366.00 271.96
367.00 271.96
368.00 271.96
369.00 271.96
370.00 271.96
371.00 271.96
372.00 271.96
373.00 271.96
374.00 271.96
375.00 271.96
375.96 271.00
376.00 270.96
377.00 270.96
378.00 270.96
378.96 270.00
379.00 269.96
380.00 269.96
381.00 269.96
381.96 269.00
382.00 268.96
383.00 268.96
383.96 268.00
384.00 267.96
385.00 267.96
385.96 267.00
386.00 266.96
386.96 266.00
387.00 265.96
388.00 265.96
388.96 265.00
389.00 264.96
389.96 264.00
390.00 263.96
390.96 263.00
391.00 262.96
391.96 262.00
392.00 261.96
392.96 261.00
393.00 260.96
393.96 260.00
394.00 259.96
394.96 259.00
395.00 258.96
395.96 258.00
396.00 257.96
396.96 257.00
397.00 256.96
397.96 256.00
398.00 255.96
398.96 255.00
399.00 254.96
399.96 254.00
400.00 253.96
400.96 253.00
401.00 252.96
401.96 252.00
401.96 251.00
402.00 250.96
402.96 250.00
403.00 249.96
403.96 249.00
403.96 248.00
404.00 247.96
404.96 247.00
405.00 246.96
405.96 246.00
405.96 245.00
405.96 244.00
406.00 243.96
406.96 243.00
406.96 242.00
407.00 241.96
407.96 241.00
407.96 240.00
407.96 239.00
407.96 238.00
407.96 237.00
408.00 236.96
408.96 236.00
408.96 235.00
408.96 234.00
408.96 233.00
408.96 232.00
408.96 231.00
409.00 230.96
409.96 230.00

Contour 12:
437.96 790.00
437.96 789.00
437.96 788.00
437.96 787.00
437.96 786.00
437.96 785.00
437.96 784.00
437.00 783.04
436.96 783.00
436.96 782.00
436.96 781.00
436.96 780.00
436.00 779.04
435.96 779.00
435.96 778.00
435.00 777.04
434.96 777.00
434.96 776.00
434.00 775.04
433.96 775.00
433.96 774.00
433.00 773.04
432.96 773.00
432.00 772.04
431.96 772.00
431.00 771.04
430.96 771.00
430.96 770.00
430.00 769.04
429.00 769.04
428.96 769.00
428.00 768.04
427.96 768.00
427.00 767.04
426.96 767.00
426.00 766.04
425.96 766.00
425.00 765.04
424.00 765.04
423.96 765.00
423.00 764.04
422.00 764.04
421.96 764.00
421.00 763.04
420.00 763.04
419.96 763.00
419.00 762.04
418.00 762.04
417.96 762.00
417.00 761.04
416.00 761.04
415.00 761.04
414.00 761.04
413.96 761.00
413.00 760.04
412.00 760.04
411.00 760.04
410.00 760.04
409.00 760.04
408.00 760.04
407.00 760.04
406.00 760.04
405.00 760.04
404.00 760.04
403.00 760.04
402.00 760.04
401.00 760.04
400.00 760.04
399.00 760.04
398.04 761.00
398.00 761.04
397.00 761.04
396.00 761.04
395.04 762.00
395.00 762.04
394.00 762.04
393.00 762.04
392.04 763.00
392.00 763.04
391.00 763.04
390.00 763.04
389.04 764.00
389.00 764.04
388.00 764.04
387.04 765.00
387.00 765.04
386.00 765.04
385.04 766.00
385.00 766.04
384.04 767.00
384.00 767.04
383.04 768.00
383.00 768.04
382.04 769.00
382.00 769.04
381.04 770.00
381.00 770.04
380.04 771.00
380.00 771.04
379.04 772.00
379.00 772.04
378.04 773.00
378.00 773.04
377.04 774.00
377.00 774.04
376.04 775.00
376.04 776.00
376.00 776.04
375.04 777.00
375.00 777.04
374.04 778.00
374.00 778.04
373.04 779.00
373.04 780.00
373.00 780.04
372.04 781.00
372.00 781.04
371.04 782.00
371.04 783.00
371.00 783.04
370.04 784.00
370.04 785.00
370.00 785.04
369.04 786.00
369.04 787.00
369.00 787.04
368.04 788.00
368.04 789.00
368.04 790.00
368.04 791.00
368.00 791.04
367.04 792.00
367.04 793.00
367.04 794.00
367.04 795.00
367.04 796.00
367.04 797.00
367.04 798.00
367.04 799.00
367.04 800.00
367.04 801.00
367.04 802.00
367.04 803.00
368.00 803.96
368.04 804.00
368.04 805.00
368.04 806.00
369.00 806.96
369.04 807.00
369.04 808.00
369.04 809.00
370.00 809.96
370.04 810.00
370.04 811.00
371.00 811.96
371.04 812.00
372.00 812.96
372.04 813.00
372.04 814.00
373.00 814.96
373.04 815.00
374.00 815.96
374.04 816.00
375.00 816.96
375.04 817.00
375.04 818.00
376.00 818.96
376.04 819.00
377.00 819.96
377.04 820.00
378.00 820.96
379.00 820.96
379.04 821.00
380.00 821.96
380.04 822.00
381.00 822.96
381.04 823.00
382.00 823.96
383.00 823.96
383.04 824.00
384.00 824.96
384.04 825.00
385.00 825.96
386.00 825.96
386.04 826.00
387.00 826.96
388.00 826.96
388.04 827.00
389.00 827.96
390.00 827.96
391.00 827.96
391.04 828.00
392.00 828.96
393.00 828.96
394.00 828.96
395.00 828.96
395.04 829.00
396.00 829.96
397.00 829.96
398.00 829.96
399.00 829.96
400.00 829.96
401.00 829.96
401.04 830.00
402.00 830.96
403.00 830.96
404.00 830.96
405.00 830.96
406.00 830.96
406.96 830.00
407.00 829.96
408.00 829.96
409.00 829.96
410.00 829.96
410.96 829.00
411.00 828.96
412.00 828.96
413.00 828.96
413.96 828.00
414.00 827.96
414.96 827.00
415.00 826.96
416.00 826.96
416.96 826.00
417.00 825.96
417.96 825.00
418.00 824.96
418.96 824.00
419.00 823.96
419.96 823.00
420.00 822.96
420.96 822.00
421.00 821.96
421.96 821.00
422.00 820.96
423.00 820.96
423.96 820.00
424.00 819.96
424.96 819.00
424.96 818.00
425.00 817.96
425.96 817.00
426.00 816.96
426.96 816.00
427.00 815.96
427.96 815.00
427.96 814.00
428.00 813.96
428.96 813.00
429.00 812.96
429.96 812.00
429.96 811.00
430.00 810.96
430.96 810.00
431.00 809.96
431.96 809.00
431.96 808.00
432.00 807.96
432.96 807.00
432.96 806.00
433.00 805.96
433.96 805.00
433.96 804.00
433.96 803.00
434.00 802.96
434.96 802.00
434.96 801.00
434.96 800.00
435.00 799.96
435.96 799.00
435.96 798.00
435.96 797.00
436.00 796.96
436.96 796.00
436.96 795.00
436.96 794.00
436.96 793.00
436.96 792.00
436.96 791.00
437.00 790.96
437.96 790.00

Contour 13:
464.97 630.00
464.97 629.00
464.97 628.00
464.97 627.00
464.97 626.00
464.97 625.00
464.97 624.00
464.97 623.00
464.97 622.00
464.97 621.00
464.97 620.00
464.97 619.00
464.00 618.03
463.97 618.00
463.97 617.00
463.97 616.00
463.00 615.03
462.97 615.00
462.97 614.00
462.97 613.00
462.00 612.03
461.97 612.00
461.00 611.03
460.97 611.00
460.97 610.00
460.00 609.03
459.97 609.00
459.00 608.03
458.97 608.00
458.00 607.03
457.97 607.00
457.00 606.03
456.97 606.00
456.00 605.03
455.97 605.00
455.00 604.03
454.97 604.00
454.00 603.03
453.97 603.00
453.00 602.03
452.00 602.03
451.97 602.00
451.00 601.03
450.97 601.00
450.00 600.03
449.00 600.03
448.97 600.00
448.00 599.03
447.97 599.00
447.00 598.03
446.00 598.03
445.00 598.03
444.97 598.00
444.00 597.03
443.00 597.03
442.00 597.03
441.97 597.00
441.00 596.03
440.00 596.03
439.00 596.03
438.00 596.03
437.00 596.03
436.00 596.03
435.00 596.03
434.00 596.03
433.00 596.03
432.00 596.03
431.00 596.03
430.00 596.03
429.00 596.03
428.00 596.03
427.03 597.00
427.00 597.03
426.00 597.03
425.00 597.03
424.00 597.03
423.00 597.03
422.00 597.03
421.03 598.00
421.00 598.03
420.00 598.03
419.00 598.03
418.03 599.00
418.00 599.03
417.00 599.03
416.00 599.03
415.03 600.00
415.00 600.03
414.00 600.03
413.03 601.00
413.00 601.03
412.03 602.00
412.00 602.03
411.00 602.03
410.03 603.00
410.00 603.03
409.03 604.00
409.00 604.03
408.03 605.00
408.00 605.03
407.03 606.00
407.00 606.03
406.03 607.00
406.00 607.03
405.03 608.00
405.03 609.00
405.00 609.03
404.03 610.00
404.00 610.03
403.03 611.00
403.00 611.03
402.03 612.00
402.03 613.00
402.00 613.03
401.03 614.00
401.03 615.00
401.00 615.03
400.03 616.00
400.03 617.00
400.03 618.00
400.03 619.00
400.00 619.03
399.03 620.00
399.03 621.00
399.03 622.00
399.03 623.00
399.03 624.00
399.03 625.00
399.03 626.00
399.03 627.00
399.03 628.00
399.03 629.00
399.03 630.00
399.03 631.00
399.03 632.00
399.03 633.00
400.00 633.97
400.03 634.00
400.03 635.00
400.03 636.00
400.03 637.00
401.00 637.97
401.03 638.00
401.03 639.00
402.00 639.97
402.03 640.00
402.03 641.00
403.00 641.97
403.03 642.00
404.00 642.97
404.03 643.00
404.03 644.00
405.00 644.97
405.03 645.00
406.00 645.97
406.03 646.00
407.00 646.97
407.03 647.00
408.00 647.97
408.03 648.00
409.00 648.97
409.03 649.00
410.00 649.97
410.03 650.00
411.00 650.97
412.00 650.97
412.03 651.00
413.00 651.97
413.03 652.00
414.00 652.97
415.00 652.97
415.03 653.00
416.00 653.97
417.00 653.97
417.03 654.00
418.00 654.97
419.00 654.97
419.03 655.00
420.00 655.97
421.00 655.97
421.03 656.00
422.00 656.97
423.00 656.97
424.00 656.97
425.00 656.97
425.03 657.00
426.00 657.97
427.00 657.97
428.00 657.97
429.00 657.97
430.00 657.97
431.00 657.97
432.00 657.97
433.00 657.97
434.00 657.97
435.00 657.97
436.00 657.97
437.00 657.97
438.00 657.97
438.97 657.00
439.00 656.97
440.00 656.97
441.00 656.97
442.00 656.97
442.97 656.00
443.00 655.97
444.00 655.97
444.97 655.00
445.00 654.97
446.00 654.97
447.00 654.97
447.97 654.00
448.00 653.97
448.97 653.00
449.00 652.97
450.00 652.97
450.97 652.00
451.00 651.97
451.97 651.00
452.00 650.97
452.97 650.00
453.00 649.97
453.97 649.00
454.00 648.97
454.97 648.00
455.00 647.97
455.97 647.00
456.00 646.97
456.97 646.00
457.00 645.97
457.97 645.00
457.97 644.00
458.00 643.97
458.97 643.00
459.00 642.97
459.97 642.00
459.97 641.00
460.00 640.97
460.97 640.00
460.97 639.00
461.00 638.97
461.97 638.00
461.97 637.00
461.97 636.00
462.00 635.97
462.97 635.00
462.97 634.00
463.00 633.97
463.97 633.00
463.97 632.00
463.97 631.00
464.00 630.97
464.97 630.00

Contour 14:
504.97 146.00
504.97 145.00
504.97 144.00
504.97 143.00
504.97 142.00
504.97 141.00
504.97 140.00
504.97 139.00
504.97 138.00
504.97 137.00
504.97 136.00
504.97 135.00
504.97 134.00
504.97 133.00
504.97 132.00
504.97 131.00
504.97 130.00
504.97 129.00
504.97 128.00
504.00 127.03
503.97 127.00
503.97 126.00
503.97 125.00
503.97 124.00
503.97 123.00
503.00 122.03
502.97 122.00
502.97 121.00
502.00 120.03
501.97 120.00
501.97 119.00
501.00 118.03
500.97 118.00
500.00 117.03
499.97 117.00
499.97 116.00
499.00 115.03
498.97 115.00
498.00 114.03
497.97 114.00
497.00 113.03
496.97 113.00
496.00 112.03
495.97 112.00
495.00 111.03
494.97 111.00
494.00 110.03
493.00 110.03
492.97 110.00
492.00 109.03
491.00 109.03
490.97 109.00
490.00 108.03
489.00 108.03
488.97 108.00
488.00 107.03
487.00 107.03
486.00 107.03
485.97 107.00
485.00 106.03
484.00 106.03
483.00 106.03
482.00 106.03
481.00 106.03
480.00 106.03
479.00 106.03
478.00 106.03
477.00 106.03
476.03 107.00
476.00 107.03
475.00 107.03
474.00 107.03
473.03 108.00
473.00 108.03
472.00 108.03
471.03 109.00
471.00 109.03
470.00 109.03
469.03 110.00
469.00 110.03
468.00 110.03
467.03 111.00
467.00 111.03
466.03 112.00
466.00 112.03
465.03 113.00
465.00 113.03
464.00 113.03
463.03 114.00
463.00 114.03
462.03 115.00
462.00 115.03
461.03 116.00
461.00 116.03
460.03 117.00
460.03 118.00
460.00 118.03
459.03 119.00
459.00 119.03
458.03 120.00
458.00 120.03
457.03 121.00
457.00 121.03
456.03 122.00
456.03 123.00
456.00 123.03
455.03 124.00
455.03 125.00
455.00 125.03
454.03 126.00
454.03 127.00
454.03 128.00
454.00 128.03
453.03 129.00
453.03 130.00
453.03 131.00
453.03 132.00
453.00 132.03
452.03 133.00
452.03 134.00
452.03 135.00
452.00 135.03
451.03 136.00
451.03 137.00
451.03 138.00
451.03 139.00
451.03 140.00
451.03 141.00
451.03 142.00
451.03 143.00
451.03 144.00
451.03 145.00
451.03 146.00
451.03 147.00
451.03 148.00
451.03 149.00
451.03 150.00
451.03 151.00
452.00 151.97
452.03 152.00
452.03 153.00
452.03 154.00
453.00 154.97
453.03 155.00
453.03 156.00
453.03 157.00
454.00 157.97
454.03 158.00
454.03 159.00
455.00 159.97
455.03 160.00
456.00 160.97
456.03 161.00
456.03 162.00
457.00 162.97
457.03 163.00
458.00 163.97
458.03 164.00
459.00 164.97
459.03 165.00
460.00 165.97
460.03 166.00
461.00 166.97
461.03 167.00
462.00 167.97
463.00 167.97
463.03 168.00
464.00 168.97
464.03 169.00
465.00 169.97
466.00 169.97
466.03 170.00
467.00 170.97
468.00 170.97
468.03 171.00
469.00 171.97
470.00 171.97
471.00 171.97
471.03 172.00
472.00 172.97
473.00 172.97
474.00 172.97
475.00 172.97
475.03 173.00
476.00 173.97
477.00 173.97
478.00 173.97
479.00 173.97
480.00 173.97
481.00 173.97
482.00 173.97
483.00 173.97
483.97 173.00
484.00 172.97
485.00 172.97
486.00 172.97
486.97 172.00
487.00 171.97
488.00 171.97
488.97 171.00
489.00 170.97
490.00 170.97
490.97 170.00
491.00 169.97
491.97 169.00
492.00 168.97
493.00 168.97
493.97 168.00
494.00 167.97
494.97 167.00
495.00 166.97
495.97 166.00
495.97 165.00
496.00 164.97
496.97 164.00
497.00 163.97
497.97 163.00
498.00 162.97
498.97 162.00
498.97 161.00
499.00 160.97
499.97 160.00
500.00 159.97
500.97 159.00
500.97 158.00
501.00 157.97
501.97 157.00
501.97 156.00
501.97 155.00
502.00 154.97
502.97 154.00
502.97 153.00
502.97 152.00
503.00 151.97
503.97 151.00
503.97 150.00
503.97 149.00
503.97 148.00
503.97 147.00
504.00 146.97
504.97 146.00

Contour 15:
554.97 519.00
554.97 518.00
554.97 517.00
554.97 516.00
554.97 515.00
554.97 514.00
554.97 513.00
554.97 512.00
554.97 511.00
554.97 510.00
554.97 509.00
554.97 508.00
554.97 507.00
554.97 506.00
554.97 505.00
554.97 504.00
554.97 503.00
554.97 502.00
554.00 501.03
553.97 501.00
553.97 500.00
553.97 499.00
553.00 498.03
552.97 498.00
552.97 497.00
552.00 496.03
551.97 496.00
551.97 495.00
551.00 494.03
550.97 494.00
550.97 493.00
550.00 492.03
549.97 492.00
549.00 491.03
548.97 491.00
548.00 490.03
547.97 490.00
547.00 489.03
546.97 489.00
546.00 488.03
545.97 488.00
545.00 487.03
544.97 487.00
544.00 486.03
543.97 486.00
543.00 485.03
542.00 485.03
541.97 485.00
541.00 484.03
540.00 484.03
539.97 484.00
539.00 483.03
538.00 483.03
537.97 483.00
537.00 482.03
536.00 482.03
535.97 482.00
535.00 481.03
534.00 481.03
533.00 481.03
532.00 481.03
531.97 481.00
531.00 480.03
530.00 480.03
529.00 480.03
528.00 480.03
527.00 480.03
526.00 480.03
525.00 480.03
524.97 480.00
524.00 479.03
523.00 479.03
522.00 479.03
521.03 480.00
521.00 480.03
520.00 480.03
519.00 480.03
518.00 480.03
517.00 480.03
516.03 481.00
516.00 481.03
515.00 481.03
514.03 482.00
514.00 482.03
513.00 482.03
512.03 483.00
512.00 483.03
511.00 483.03
510.03 484.00
510.00 484.03
509.03 485.00
509.00 485.03
508.03 486.00
508.00 486.03
507.03 487.00
507.00 487.03
506.03 488.00
506.03 489.00
506.00 489.03
505.03 490.00
505.00 490.03
504.03 491.00
504.03 492.00
504.00 492.03
503.03 493.00
503.03 494.00
503.03 495.00
503.03 496.00
503.03 497.00
503.03 498.00
503.03 499.00
503.03 500.00
503.03 501.00
503.03 502.00
503.03 503.00
503.03 504.00
503.03 505.00
503.03 506.00
504.00 506.97
504.03 507.00
504.03 508.00
504.03 509.00
505.00 509.97
505.03 510.00
505.03 511.00
505.03 512.00
506.00 512.97
506.03 513.00
506.03 514.00
507.00 514.97
507.03 515.00
507.03 516.00
508.00 516.97
508.03 517.00
508.03 518.00
509.00 518.97
509.03 519.00
509.03 520.00
510.00 520.97
510.03 521.00
510.03 522.00
511.00 522.97
511.03 523.00
511.03 524.00
512.00 524.97
512.03 525.00
513.00 525.97
513.03 526.00
514.00 526.97
514.03 527.00
515.00 527.97
515.03 528.00
516.00 528.97
516.03 529.00
517.00 529.97
517.03 530.00
518.00 530.97
519.00 530.97
519.03 531.00
520.00 531.97
520.03 532.00
521.00 532.97
521.03 533.00
522.00 533.97
522.03 534.00
523.00 534.97
523.03 535.00
524.00 535.97
525.00 535.97
525.03 536.00
526.00 536.97
526.03 537.00
527.00 537.97
527.03 538.00
528.00 538.97
529.00 538.97
529.03 539.00
530.00 539.97
531.00 539.97
531.03 540.00
532.00 540.97
533.00 540.97
534.00 540.97
535.00 540.97
536.00 540.97
537.00 540.97
538.00 540.97
539.00 540.97
539.97 540.00
540.00 539.97
541.00 539.97
541.97 539.00
542.00 538.97
542.97 538.00
543.00 537.97
544.00 537.97
544.97 537.00
545.00 536.97
545.97 536.00
546.00 535.97
546.97 535.00
547.00 534.97
547.97 534.00
547.97 533.00
548.00 532.97
548.97 532.00
549.00 531.97
549.97 531.00
549.97 530.00
550.00 529.97
550.97 529.00
550.97 528.00
551.00 527.97
551.97 527.00
551.97 526.00
552.00 525.97
552.97 525.00
552.97 524.00
552.97 523.00
553.00 522.97
553.97 522.00
553.97 521.00
553.97 520.00
554.00 519.97
554.97 519.00

Contour 16:
592.97 661.00
592.97 660.00
592.97 659.00
592.97 658.00
592.97 657.00
592.97 656.00
592.97 655.00
592.97 654.00
592.00 653.03
591.97 653.00
591.97 652.00
591.97 651.00
591.97 650.00
591.97 649.00
591.97 648.00
591.00 647.03
590.97 647.00
590.97 646.00
590.00 645.03
589.97 645.00
589.97 644.00
589.97 643.00
589.00 642.03
588.97 642.00
588.97 641.00
588.00 640.03
587.97 640.00
587.97 639.00
587.00 638.03
586.97 638.00
586.00 637.03
585.97 637.00
585.97 636.00
585.00 635.03
584.97 635.00
584.00 634.03
583.97 634.00
583.00 633.03
582.97 633.00
582.00 632.03
581.00 632.03
580.97 632.00
580.00 631.03
579.97 631.00
579.00 630.03
578.97 630.00
578.00 629.03
577.00 629.03
576.00 629.03
575.97 629.00
575.00 628.03
574.00 628.03
573.97 628.00
573.00 627.03
572.00 627.03
571.00 627.03
570.97 627.00
570.00 626.03
569.00 626.03
568.00 626.03
567.00 626.03
566.97 626.00
566.00 625.03
565.00 625.03
564.00 625.03
563.00 625.03
562.00 625.03
561.00 625.03
560.00 625.03
559.00 625.03
558.00 625.03
557.00 625.03
556.00 625.03
555.00 625.03
554.00 625.03
553.03 626.00
553.00 626.03
552.00 626.03
551.00 626.03
550.00 626.03
549.00 626.03
548.03 627.00
548.00 627.03
547.00 627.03
546.03 628.00
546.00 628.03
545.00 628.03
544.03 629.00
544.00 629.03
543.00 629.03
542.03 630.00
542.00 630.03
541.03 631.00
541.00 631.03
540.00 631.03
539.03 632.00
539.00 632.03
538.03 633.00
538.00 633.03
537.03 634.00
537.00 634.03
536.03 635.00
536.00 635.03
535.03 636.00
535.00 636.03
534.03 637.00
534.03 638.00
534.00 638.03
533.03 639.00
533.00 639.03
532.03 640.00
532.03 641.00
532.00 641.03
531.03 642.00
531.03 643.00
531.00 643.03
530.03 644.00
530.03 645.00
530.03 646.00
530.03 647.00
530.00 647.03
529.03 648.00
529.03 649.00
529.03 650.00
529.03 651.00
529.03 652.00
529.03 653.00
529.00 653.03
528.03 654.00
528.03 655.00
528.03 656.00
528.03 657.00
528.03 658.00
529.00 658.97
529.03 659.00
529.03 660.00
529.03 661.00
529.03 662.00
529.03 663.00
529.03 664.00
530.00 664.97
530.03 665.00
530.03 666.00
530.03 667.00
531.00 667.97
531.03 668.00
531.03 669.00
532.00 669.97
532.03 670.00
532.03 671.00
533.00 671.97
533.03 672.00
533.03 673.00
534.00 673.97
534.03 674.00
535.00 674.97
535.03 675.00
536.00 675.97
536.03 676.00
537.00 676.97
537.03 677.00
537.03 678.00
538.00 678.97
538.03 679.00
539.00 679.97
540.00 679.97
540.03 680.00
541.00 680.97
541.03 681.00
542.00 681.97
542.03 682.00
543.00 682.97
544.00 682.97
544.03 683.00
545.00 683.97
546.00 683.97
546.03 684.00
547.00 684.97
547.03 685.00
548.00 685.97
549.00 685.97
550.00 685.97
550.03 686.00
551.00 686.97
552.00 686.97
552.03 687.00
553.00 687.97
554.00 687.97
555.00 687.97
556.00 687.97
556.03 688.00
557.00 688.97
558.00 688.97
559.00 688.97
560.00 688.97
561.00 688.97
562.00 688.97
562.03 689.00
563.00 689.97
564.00 689.97
565.00 689.97
566.00 689.97
566.97 689.00
567.00 688.97
568.00 688.97
569.00 688.97
570.00 688.97
570.97 688.00
571.00 687.97
572.00 687.97
572.97 687.00
573.00 686.97
574.00 686.97
574.97 686.00
575.00 685.97
575.97 685.00
576.00 684.97
577.00 684.97
577.97 684.00
578.00 683.97
578.97 683.00
579.00 682.97
579.97 682.00
580.00 681.97
580.97 681.00
581.00 680.97
581.97 680.00
582.00 679.97
582.97 679.00
583.00 678.97
583.97 678.00
584.00 677.97
584.97 677.00
584.97 676.00
585.00 675.97
585.97 675.00
586.00 674.97
586.97 674.00
587.00 673.97
587.97 673.00
587.97 672.00
588.00 671.97
588.97 671.00
588.97 670.00
589.00 669.97
589.97 669.00
589.97 668.00
590.00 667.97
590.97 667.00
590.97 666.00
590.97 665.00
591.00 664.97
591.97 664.00
591.97 663.00
591.97 662.00
592.00 661.97
592.97 661.00

Contour 17:
674.97 422.00
674.97 421.00
674.97 420.00
674.97 419.00
674.97 418.00
674.97 417.00
674.97 416.00
674.97 415.00
674.97 414.00
674.97 413.00
674.97 412.00
674.97 411.00
674.97 410.00
674.97 409.00
674.97 408.00
674.97 407.00
674.00 406.03
673.97 406.00
673.97 405.00
673.97 404.00
673.97 403.00
673.00 402.03
672.97 402.00
672.97 401.00
672.97 400.00
672.00 399.03
671.97 399.00
671.97 398.00
671.00 397.03
670.97 397.00
670.00 396.03
669.97 396.00
669.00 395.03
668.97 395.00
668.97 394.00
668.00 393.03
667.97 393.00
667.00 392.03
666.97 392.00
666.00 391.03
665.97 391.00
665.00 390.03
664.97 390.00
664.00 389.03
663.00 389.03
662.97 389.00
662.00 388.03
661.97 388.00
661.00 387.03
660.97 387.00
660.00 386.03
659.97 386.00
659.00 385.03
658.00 385.03
657.97 385.00
657.00 384.03
656.97 384.00
656.00 383.03
655.00 383.03
654.97 383.00
654.00 382.03
653.00 382.03
652.97 382.00
652.00 381.03
651.00 381.03
650.97 381.00
650.00 380.03
649.00 380.03
648.00 380.03
647.97 380.00
647.00 379.03
646.00 379.03
645.00 379.03
644.00 379.03
643.00 379.03
642.00 379.03
641.00 379.03
640.00 379.03
639.00 379.03
638.00 379.03
637.00 379.03
636.00 379.03
635.00 379.03
634.00 379.03
633.03 380.00
633.00 380.03
632.00 380.03
631.00 380.03
630.00 380.03
629.03 381.00
629.00 381.03
628.00 381.03
627.00 381.03
626.03 382.00
626.00 382.03
625.00 382.03
624.03 383.00
624.00 383.03
623.00 383.03
622.03 384.00
622.00 384.03
621.00 384.03
620.03 385.00
620.00 385.03
619.00 385.03
618.03 386.00
618.00 386.03
617.03 387.00
617.00 387.03
616.03 388.00
616.00 388.03
615.03 389.00
615.00 389.03
614.03 390.00
614.00 390.03
613.03 391.00
613.00 391.03
612.03 392.00
612.00 392.03
611.03 393.00
611.00 393.03
610.03 394.00
610.00 394.03
609.03 395.00
609.03 396.00
609.00 396.03
608.03 397.00
608.00 397.03
607.03 398.00
607.03 399.00
607.00 399.03
606.03 400.00
606.03 401.00
606.00 401.03
605.03 402.00
605.03 403.00
605.03 404.00
605.00 404.03
604.03 405.00
604.03 406.00
604.03 407.00
604.03 408.00
604.03 409.00
604.03 410.00
604.03 411.00
604.03 412.00
604.03 413.00
604.03 414.00
604.03 415.00
604.03 416.00
604.03 417.00
604.03 418.00
604.03 419.00
605.00 419.97
605.03 420.00
605.03 421.00
605.03 422.00
606.00 422.97
606.03 423.00
606.03 424.00
607.00 424.97
607.03 425.00
607.03 426.00
608.00 426.97
608.03 427.00
608.03 428.00
609.00 428.97
609.03 429.00
610.00 429.97
610.03 430.00
610.03 431.00
611.00 431.97
611.03 432.00
611.03 433.00
612.00 433.97
612.03 434.00
613.00 434.97
613.03 435.00
614.00 435.97
614.03 436.00
615.00 436.97
615.03 437.00
616.00 437.97
616.03 438.00
617.00 438.97
617.03 439.00
618.00 439.97
618.03 440.00
619.00 440.97
620.00 440.97
620.03 441.00
621.00 441.97
621.03 442.00
622.00 442.97
623.00 442.97
623.03 443.00
624.00 443.97
625.00 443.97
625.03 444.00
626.00 444.97
627.00 444.97
627.03 445.00
628.00 445.97
629.00 445.97
629.03 446.00
630.00 446.97
631.00 446.97
632.00 446.97
632.03 447.00
633.00 447.97
634.00 447.97
635.00 447.97
636.00 447.97
636.03 448.00
637.00 448.97
638.00 448.97
639.00 448.97
640.00 448.97
641.00 448.97
642.00 448.97
643.00 448.97
644.00 448.97
645.00 448.97
646.00 448.97
647.00 448.97
648.00 448.97
649.00 448.97
650.00 448.97
651.00 448.97
651.97 448.00
652.00 447.97
653.00 447.97
654.00 447.97
655.00 447.97
655.97 447.00
656.00 446.97
657.00 446.97
657.97 446.00
658.00 445.97
658.97 445.00
659.00 444.97
660.00 444.97
660.97 444.00
661.00 443.97
661.97 443.00
662.00 442.97
662.97 442.00
663.00 441.97
663.97 441.00
664.00 440.97
664.97 440.00
665.00 439.97
665.97 439.00
666.00 438.97
666.97 438.00
667.00 437.97
667.97 437.00
667.97 436.00
668.00 435.97
668.97 435.00
669.00 434.97
669.97 434.00
669.97 433.00
670.00 432.97
670.97 432.00
670.97 431.00
671.00 430.97
671.97 430.00
671.97 429.00
672.00 428.97
672.97 428.00
672.97 427.00
673.00 426.97
673.97 426.00
673.97 425.00
673.97 424.00
673.97 423.00
674.00 422.97
674.97 422.00

Contour 18:
674.98 532.00
674.98 531.00
674.98 530.00
674.98 529.00
674.98 528.00
674.98 527.00
674.98 526.00
674.98 525.00
674.98 524.00
674.98 523.00
674.00 522.02
673.98 522.00
673.98 521.00
673.98 520.00
673.00 519.02
672.98 519.00
672.98 518.00
672.00 517.02
671.98 517.00
671.98 516.00
671.00 515.02
670.98 515.00
670.98 514.00
670.00 513.02
669.98 513.00
669.00 512.02
668.98 512.00
668.98 511.00
668.00 510.02
667.98 510.00
667.00 509.02
666.98 509.00
666.98 508.00
666.00 507.02
665.98 507.00
665.00 506.02
664.98 506.00
664.98 505.00
664.00 504.02
663.98 504.00
663.00 503.02
662.98 503.00
662.98 502.00
662.00 501.02
661.98 501.00
661.00 500.02
660.98 500.00
660.00 499.02
659.98 499.00
659.00 498.02
658.98 498.00
658.00 497.02
657.98 497.00
657.00 496.02
656.00 496.02
655.98 496.00
655.00 495.02
654.98 495.00
654.00 494.02
653.00 494.02
652.00 494.02
651.98 494.00
651.00 493.02
650.00 493.02
649.00 493.02
648.00 493.02
647.00 493.02
646.00 493.02
645.00 493.02
644.00 493.02
643.00 493.02
642.00 493.02
641.00 493.02
640.00 493.02
639.02 494.00
639.00 494.02
638.00 494.02
637.00 494.02
636.00 494.02
635.00 494.02
634.00 494.02
633.02 495.00
633.00 495.02
632.00 495.02
631.00 495.02
630.02 496.00
630.00 496.02
629.00 496.02
628.00 496.02
627.02 497.00
627.00 497.02
626.00 497.02
625.02 498.00
625.00 498.02
624.02 499.00
624.00 499.02
623.02 500.00
623.00 500.02
622.02 501.00
622.02 502.00
622.00 502.02
621.02 503.00
621.00 503.02
620.02 504.00
620.02 505.00
620.00 505.02
619.02 506.00
619.02 507.00
619.00 507.02
618.02 508.00
618.02 509.00
618.02 510.00
618.02 511.00
618.00 511.02
617.02 512.00
617.02 513.00
617.02 514.00
617.02 515.00
617.02 516.00
617.02 517.00
617.02 518.00
617.02 519.00
617.02 520.00
617.02 521.00
617.02 522.00
618.00 522.98
618.02 523.00
618.02 524.00
618.02 525.00
618.02 526.00
618.02 527.00
618.02 528.00
618.02 529.00
618.02 530.00
618.02 531.00
618.02 532.00
619.00 532.98
619.02 533.00
619.02 534.00
619.02 535.00
620.00 535.98
620.02 536.00
620.02 537.00
620.02 538.00
621.00 538.98
621.02 539.00
621.02 540.00
621.02 541.00
622.00 541.98
622.02 542.00
622.02 543.00
622.02 544.00
623.00 544.98
623.02 545.00
623.02 546.00
624.00 546.98
624.02 547.00
624.02 548.00
625.00 548.98
625.02 549.00
626.00 549.98
626.02 550.00
627.00 550.98
627.02 551.00
627.02 552.00
628.00 552.98
628.02 553.00
629.00 553.98
629.02 554.00
630.00 554.98
630.02 555.00
631.00 555.98
631.02 556.00
632.00 556.98
632.02 557.00
633.00 557.98
634.00 557.98
634.02 558.00
635.00 558.98
636.00 558.98
637.00 558.98
637.02 559.00
638.00 559.98
639.00 559.98
640.00 559.98
641.00 559.98
642.00 559.98
643.00 559.98
644.00 559.98
645.00 559.98
646.00 559.98
647.00 559.98
648.00 559.98
649.00 559.98
650.00 559.98
651.00 559.98
651.98 559.00
652.00 558.98
653.00 558.98
654.00 558.98
655.00 558.98
655.98 558.00
656.00 557.98
657.00 557.98
657.98 557.00
658.00 556.98
658.98 556.00
659.00 555.98
659.98 555.00
660.00 554.98
660.98 554.00
661.00 553.98
661.98 553.00
662.00 552.98
662.98 552.00
663.00 551.98
663.98 551.00
663.98 550.00
664.00 549.98
664.98 549.00
664.98 548.00
665.00 547.98
665.98 547.00
666.00 546.98
666.98 546.00
666.98 545.00
667.00 544.98
667.98 544.00
668.00 543.98
668.98 543.00
669.00 542.98
669.98 542.00
669.98 541.00
670.00 540.98
670.98 540.00
671.00 539.98
671.98 539.00
671.98 538.00
672.00 537.98
672.98 537.00
672.98 536.00
673.00 535.98
673.98 535.00
673.98 534.00
673.98 533.00
674.00 532.98
674.98 532.00

Contour 19:
682.98 108.00
682.98 107.00
682.98 106.00
682.98 105.00
682.98 104.00
682.98 103.00
682.98 102.00
682.98 101.00
682.98 100.00
682.98 99.00
682.98 98.00
682.98 97.00
682.00 96.02
681.98 96.00
681.98 95.00
681.98 94.00
681.98 93.00
681.00 92.02
680.98 92.00
680.98 91.00
680.98 90.00
680.98 89.00
680.00 88.02
679.98 88.00
679.98 87.00
679.98 86.00
679.00 85.02
678.98 85.00
678.98 84.00
678.00 83.02
677.98 83.00
677.98 82.00
677.00 81.02
676.98 81.00
676.00 80.02
675.98 80.00
675.98 79.00
675.00 78.02
674.98 78.00
674.00 77.02
673.98 77.00
673.98 76.00
673.00 75.02
672.98 75.00
672.00 74.02
671.98 74.00
671.00 73.02
670.98 73.00
670.00 72.02
669.98 72.00
669.00 71.02
668.98 71.00
668.00 70.02
667.00 70.02
666.98 70.00
666.00 69.02
665.00 69.02
664.98 69.00
664.00 68.02
663.00 68.02
662.98 68.00
662.00 67.02
661.00 67.02
660.00 67.02
659.98 67.00
659.00 66.02
658.00 66.02
657.00 66.02
656.00 66.02
655.98 66.00
655.00 65.02
654.00 65.02
653.00 65.02
652.00 65.02
651.00 65.02
650.00 65.02
649.00 65.02
648.00 65.02
647.00 65.02
646.00 65.02
645.00 65.02
644.02 66.00
644.00 66.02
643.00 66.02
642.00 66.02
641.00 66.02
640.00 66.02
639.02 67.00
639.00 67.02
638.00 67.02
637.02 68.00
637.00 68.02
636.00 68.02
635.00 68.02
634.02 69.00
634.00 69.02
633.02 70.00
633.00 70.02
632.00 70.02
631.02 71.00
631.00 71.02
630.02 72.00
630.00 72.02
629.02 73.00
629.00 73.02
628.02 74.00
628.00 74.02
627.02 75.00
627.02 76.00
627.00 76.02
626.02 77.00
626.02 78.00
626.00 78.02
625.02 79.00
625.00 79.02
624.02 80.00
624.02 81.00
624.02 82.00
624.00 82.02
623.02 83.00
623.02 84.00
623.02 85.00
623.02 86.00
623.00 86.02
622.02 87.00
622.02 88.00
622.02 89.00
622.02 90.00
622.02 91.00
622.02 92.00
622.02 93.00
622.02 94.00
622.02 95.00
623.00 95.98
623.02 96.00
623.02 97.00
623.02 98.00
623.02 99.00
624.00 99.98
624.02 100.00
624.02 101.00
624.02 102.00
625.00 102.98
625.02 103.00
625.02 104.00
626.00 104.98
626.02 105.00
626.02 106.00
627.00 106.98
627.02 107.00
627.02 108.00
628.00 108.98
628.02 109.00
629.00 109.98
629.02 110.00
629.02 111.00
630.00 111.98
630.02 112.00
631.00 112.98
631.02 113.00
632.00 113.98
632.02 114.00
633.00 114.98
634.00 114.98
634.02 115.00
635.00 115.98
635.02 116.00
636.00 116.98
637.00 116.98
637.02 117.00
638.00 117.98
638.02 118.00
639.00 118.98
640.00 118.98
640.02 119.00
641.00 119.98
642.00 119.98
642.02 120.00
643.00 120.98
644.00 120.98
644.02 121.00
645.00 121.98
646.00 121.98
646.02 122.00
647.00 122.98
648.00 122.98
649.00 122.98
649.02 123.00
650.00 123.98
651.00 123.98
652.00 123.98
653.00 123.98
653.02 124.00
654.00 124.98
655.00 124.98
656.00 124.98
657.00 124.98
658.00 124.98
659.00 124.98
660.00 124.98
660.02 125.00
661.00 125.98
662.00 125.98
663.00 125.98
664.00 125.98
665.00 125.98
665.98 125.00
666.00 124.98
667.00 124.98
668.00 124.98
669.00 124.98
669.98 124.00
670.00 123.98
671.00 123.98
672.00 123.98
672.98 123.00
673.00 122.98
674.00 122.98
674.98 122.00
675.00 121.98
675.98 121.00
676.00 120.98
676.98 120.00
677.00 119.98
677.98 119.00
677.98 118.00
678.00 117.98
678.98 117.00
679.00 116.98
679.98 116.00
679.98 115.00
680.00 114.98
680.98 114.00
680.98 113.00
680.98 112.00
681.00 111.98
681.98 111.00
681.98 110.00
681.98 109.00
682.00 108.98
682.98 108.00

Contour 20:
697.98 885.00
697.98 884.00
697.98 883.00
697.98 882.00
697.98 881.00
697.98 880.00
697.98 879.00
697.98 878.00
697.98 877.00
697.00 876.02
696.98 876.00
696.98 875.00
696.98 874.00
696.00 873.02
695.98 873.00
695.98 872.00
695.00 871.02
694.98 871.00
694.98 870.00
694.00 869.02
693.98 869.00
693.98 868.00
693.00 867.02
692.98 867.00
692.98 866.00
692.00 865.02
691.98 865.00
691.98 864.00
691.00 863.02
690.98 863.00
690.00 862.02
689.98 862.00
689.98 861.00
689.00 860.02
688.98 860.00
688.00 859.02
687.98 859.00
687.00 858.02
686.98 858.00
686.00 857.02
685.98 857.00
685.00 856.02
684.98 856.00
684.98 855.00
684.00 854.02
683.98 854.00
683.00 853.02
682.98 853.00
682.98 852.00
682.00 851.02
681.98 851.00
681.98 850.00
681.00 849.02
680.98 849.00
680.00 848.02
679.98 848.00
679.98 847.00
679.00 846.02
678.98 846.00
678.00 845.02
677.98 845.00
677.98 844.00
677.00 843.02
676.00 843.02
675.98 843.00
675.00 842.02
674.98 842.00
674.00 841.02
673.98 841.00
673.00 840.02
672.00 840.02
671.98 840.00
671.00 839.02
670.98 839.00
670.00 838.02
669.00 838.02
668.98 838.00
668.00 837.02
667.00 837.02
666.98 837.00
666.00 836.02
665.00 836.02
664.00 836.02
663.00 836.02
662.00 836.02
661.00 836.02
660.00 836.02
659.00 836.02
658.00 836.02
657.00 836.02
656.00 836.02
655.00 836.02
654.00 836.02
653.00 836.02
652.00 836.02
651.02 837.00
651.00 837.02
650.00 837.02
649.00 837.02
648.02 838.00
648.00 838.02
647.00 838.02
646.02 839.00
646.00 839.02
645.00 839.02
644.02 840.00
644.00 840.02
643.00 840.02
642.02 841.00
642.00 841.02
641.00 841.02
640.02 842.00
640.00 842.02
639.02 843.00
639.00 843.02
638.02 844.00
638.00 844.02
637.02 845.00
637.00 845.02
636.02 846.00
636.00 846.02
635.02 847.00
635.00 847.02
634.02 848.00
634.00 848.02
633.02 849.00
633.02 850.00
633.02 851.00
633.00 851.02
632.02 852.00
632.02 853.00
632.02 854.00
632.02 855.00
632.00 855.02
631.02 856.00
631.02 857.00
631.02 858.00
631.02 859.00
631.02 860.00
632.00 860.98
632.02 861.00
632.02 862.00
632.02 863.00
632.02 864.00
633.00 864.98
633.02 865.00
633.02 866.00
633.02 867.00
634.00 867.98
634.02 868.00
634.02 869.00
634.02 870.00
635.00 870.98
635.02 871.00
636.00 871.98
636.02 872.00
636.02 873.00
637.00 873.98
637.02 874.00
637.02 875.00
638.00 875.98
638.02 876.00
638.02 877.00
639.00 877.98
639.02 878.00
640.00 878.98
640.02 879.00
640.02 880.00
641.00 880.98
641.02 881.00
642.00 881.98
642.02 882.00
642.02 883.00
643.00 883.98
643.02 884.00
644.00 884.98
644.02 885.00
645.00 885.98
645.02 886.00
646.00 886.98
646.02 887.00
647.00 887.98
647.02 888.00
647.02 889.00
648.00 889.98
648.02 890.00
649.00 890.98
649.02 891.00
650.00 891.98
650.02 892.00
651.00 892.98
651.02 893.00
652.00 893.98
652.02 894.00
653.00 894.98
653.02 895.00
654.00 895.98
654.02 896.00
655.00 896.98
655.02 897.00
656.00 897.98
656.02 898.00
657.00 898.98
657.02 899.00
658.00 899.98
659.00 899.98
659.02 900.00
660.00 900.98
661.00 900.98
661.02 901.00
662.00 901.98
663.00 901.98
663.02 902.00
664.00 902.98
665.00 902.98
666.00 902.98
666.02 903.00
667.00 903.98
668.00 903.98
669.00 903.98
670.00 903.98
671.00 903.98
672.00 903.98
673.00 903.98
674.00 903.98
675.00 903.98
676.00 903.98
677.00 903.98
678.00 903.98
678.98 903.00
679.00 902.98
680.00 902.98
681.00 902.98
682.00 902.98
682.98 902.00
683.00 901.98
684.00 901.98
684.98 901.00
685.00 900.98
686.00 900.98
686.98 900.00
687.00 899.98
688.00 899.98
688.98 899.00
689.00 898.98
689.98 898.00
690.00 897.98
690.98 897.00
691.00 896.98
691.98 896.00
692.00 895.98
692.98 895.00
692.98 894.00
693.00 893.98
693.98 893.00
694.00 892.98
694.98 892.00
694.98 891.00
695.00 890.98
695.98 890.00
695.98 889.00
696.00 888.98
696.98 888.00
696.98 887.00
696.98 886.00
697.00 885.98
697.98 885.00

Contour 21:
697.98 228.00
697.98 227.00
697.98 226.00
697.98 225.00
697.98 224.00
697.98 223.00
697.98 222.00
697.98 221.00
697.98 220.00
697.98 219.00
697.00 218.02
696.98 218.00
696.98 217.00
696.98 216.00
696.98 215.00
696.98 214.00
696.00 213.02
695.98 213.00
695.98 212.00
695.00 211.02
694.98 211.00
694.98 210.00
694.98 209.00
694.00 208.02
693.98 208.00
693.98 207.00
693.00 206.02
692.98 206.00
692.98 205.00
692.98 204.00
692.00 203.02
691.98 203.00
691.98 202.00
691.00 201.02
690.98 201.00
690.98 200.00
690.00 199.02
689.98 199.00
689.98 198.00
689.00 197.02
688.98 197.00
688.00 196.02
687.98 196.00
687.98 195.00
687.00 194.02
686.98 194.00
686.00 193.02
685.98 193.00
685.00 192.02
684.98 192.00
684.00 191.02
683.98 191.00
683.00 190.02
682.98 190.00
682.00 189.02
681.00 189.02
680.98 189.00
680.00 188.02
679.00 188.02
678.98 188.00
678.00 187.02
677.98 187.00
677.00 186.02
676.00 186.02
675.98 186.00
675.00 185.02
674.00 185.02
673.98 185.00
673.00 184.02
672.00 184.02
671.00 184.02
670.98 184.00
670.00 183.02
669.00 183.02
668.00 183.02
667.00 183.02
666.98 183.00
666.00 182.02
665.00 182.02
664.00 182.02
663.00 182.02
662.00 182.02
661.00 182.02
660.00 182.02
659.02 183.00
659.00 183.02
658.00 183.02
657.00 183.02
656.00 183.02
655.00 183.02
654.02 184.00
654.00 184.02
653.00 184.02
652.02 185.00
652.00 185.02
651.00 185.02
650.02 186.00
650.00 186.02
649.00 186.02
648.02 187.00
648.00 187.02
647.00 187.02
646.02 188.00
646.00 188.02
645.02 189.00
645.00 189.02
644.02 190.00
644.00 190.02
643.02 191.00
643.00 191.02
642.02 192.00
642.00 192.02
641.02 193.00
641.00 193.02
640.02 194.00
640.02 195.00
640.00 195.02
639.02 196.00
639.02 197.00
639.00 197.02
638.02 198.00
638.00 198.02
637.02 199.00
637.02 200.00
637.00 200.02
636.02 201.00
636.02 202.00
636.02 203.00
636.00 203.02
635.02 204.00
635.02 205.00
635.02 206.00
635.00 206.02
634.02 207.00
634.02 208.00
634.02 209.00
634.02 210.00
634.02 211.00
634.02 212.00
634.02 213.00
634.02 214.00
634.02 215.00
634.02 216.00
634.02 217.00
634.02 218.00
634.02 219.00
635.00 219.98
635.02 220.00
635.02 221.00
635.02 222.00
636.00 222.98
636.02 223.00
636.02 224.00
637.00 224.98
637.02 225.00
637.02 226.00
638.00 226.98
638.02 227.00
638.02 228.00
639.00 228.98
639.02 229.00
639.02 230.00
640.00 230.98
640.02 231.00
640.02 232.00
641.00 232.98
641.02 233.00
641.02 234.00
642.00 234.98
642.02 235.00
642.02 236.00
643.00 236.98
643.02 237.00
644.00 237.98
644.02 238.00
645.00 238.98
645.02 239.00
646.00 239.98
646.02 240.00
647.00 240.98
647.02 241.00
648.00 241.98
648.02 242.00
649.00 242.98
649.02 243.00
650.00 243.98
650.02 244.00
651.00 244.98
651.02 245.00
652.00 245.98
653.00 245.98
653.02 246.00
654.00 246.98
655.00 246.98
655.02 247.00
656.00 247.98
657.00 247.98
657.02 248.00
658.00 248.98
659.00 248.98
659.02 249.00
660.00 249.98
661.00 249.98
662.00 249.98
663.00 249.98
664.00 249.98
665.00 249.98
665.02 250.00
666.00 250.98
667.00 250.98
668.00 250.98
669.00 250.98
670.00 250.98
671.00 250.98
672.00 250.98
673.00 250.98
674.00 250.98
675.00 250.98
675.98 250.00
676.00 249.98
677.00 249.98
678.00 249.98
679.00 249.98
679.98 249.00
680.00 248.98
681.00 248.98
681.98 248.00
682.00 247.98
683.00 247.98
683.98 247.00
684.00 246.98
684.98 246.00
685.00 245.98
686.00 245.98
686.98 245.00
687.00 244.98
687.98 244.00
688.00 243.98
689.00 243.98
689.98 243.00
690.00 242.98
690.98 242.00
691.00 241.98
691.98 241.00
692.00 240.98
692.98 240.00
692.98 239.00
693.00 238.98
693.98 238.00
694.00 237.98
694.98 237.00
694.98 236.00
695.00 235.98
695.98 235.00
695.98 234.00
695.98 233.00
696.00 232.98
696.98 232.00
696.98 231.00
696.98 230.00
696.98 229.00
697.00 228.98
697.98 228.00

Contour 22:
718.98 637.00
718.98 636.00
718.98 635.00
718.98 634.00
718.98 633.00
718.98 632.00
718.98 631.00
718.98 630.00
718.98 629.00
718.98 628.00
718.98 627.00
718.98 626.00
718.00 625.02
717.98 625.00
717.98 624.00
717.98 623.00
717.98 622.00
717.98 621.00
717.00 620.02
716.98 620.00
716.98 619.00
716.98 618.00
716.00 617.02
715.98 617.00
715.98 616.00
715.00 615.02
714.98 615.00
714.98 614.00
714.00 613.02
713.98 613.00
713.98 612.00
713.00 611.02
712.98 611.00
712.98 610.00
712.00 609.02
711.98 609.00
711.98 608.00
711.00 607.02
710.98 607.00
710.00 606.02
709.98 606.00
709.98 605.00
709.00 604.02
708.98 604.00
708.00 603.02
707.98 603.00
707.00 602.02
706.00 602.02
705.98 602.00
705.00 601.02
704.98 601.00
704.00 600.02
703.00 600.02
702.98 600.00
702.00 599.02
701.00 599.02
700.98 599.00
700.00 598.02
699.00 598.02
698.98 598.00
698.00 597.02
697.00 597.02
696.00 597.02
695.00 597.02
694.00 597.02
693.00 597.02
692.00 597.02
691.00 597.02
690.00 597.02
689.00 597.02
688.02 598.00
688.00 598.02
687.00 598.02
686.00 598.02
685.02 599.00
685.00 599.02
684.00 599.02
683.00 599.02
682.02 600.00
682.00 600.02
681.00 600.02
680.02 601.00
680.00 601.02
679.00 601.02
678.02 602.00
678.00 602.02
677.02 603.00
677.00 603.02
676.02 604.00
676.00 604.02
675.00 604.02
674.02 605.00
674.00 605.02
673.02 606.00
673.00 606.02
672.02 607.00
672.00 607.02
671.02 608.00
671.00 608.02
670.02 609.00
670.00 609.02
669.02 610.00
669.00 610.02
668.02 611.00
668.02 612.00
668.00 612.02
667.02 613.00
667.00 613.02
666.02 614.00
666.02 615.00
666.00 615.02
665.02 616.00
665.00 616.02
664.02 617.00
664.02 618.00
664.00 618.02
663.02 619.00
663.02 620.00
663.00 620.02
662.02 621.00
662.02 622.00
662.02 623.00
662.02 624.00
662.00 624.02
661.02 625.00
661.02 626.00
661.02 627.00
661.02 628.00
661.02 629.00
661.02 630.00
661.02 631.00
661.02 632.00
661.02 633.00
661.02 634.00
661.02 635.00
661.02 636.00
661.02 637.00
661.02 638.00
661.02 639.00
662.00 639.98
662.02 640.00
662.02 641.00
662.02 642.00
662.02 643.00
663.00 643.98
663.02 644.00
663.02 645.00
663.02 646.00
663.02 647.00
664.00 647.98
664.02 648.00
664.02 649.00
664.02 650.00
665.00 650.98
665.02 651.00
665.02 652.00
666.00 652.98
666.02 653.00
666.02 654.00
667.00 654.98
667.02 655.00
668.00 655.98
668.02 656.00
669.00 656.98
669.02 657.00
670.00 657.98
670.02 658.00
671.00 658.98
671.02 659.00
672.00 659.98
673.00 659.98
673.02 660.00
674.00 660.98
675.00 660.98
675.02 661.00
676.00 661.98
677.00 661.98
678.00 661.98
678.02 662.00
679.00 662.98
680.00 662.98
681.00 662.98
682.00 662.98
682.02 663.00
683.00 663.98
684.00 663.98
685.00 663.98
686.00 663.98
687.00 663.98
688.00 663.98
689.00 663.98
690.00 663.98
690.98 663.00
691.00 662.98
692.00 662.98
693.00 662.98
694.00 662.98
695.00 662.98
696.00 662.98
696.98 662.00
697.00 661.98
698.00 661.98
698.98 661.00
699.00 660.98
700.00 660.98
700.98 660.00
701.00 659.98
702.00 659.98
702.98 659.00
703.00 658.98
704.00 658.98
704.98 658.00
705.00 657.98
705.98 657.00
706.00 656.98
706.98 656.00
707.00 655.98
707.98 655.00
708.00 654.98
708.98 654.00
709.00 653.98
709.98 653.00
710.00 652.98
710.98 652.00
711.00 651.98
711.98 651.00
712.00 650.98
712.98 650.00
713.00 649.98
713.98 649.00
713.98 648.00
714.00 647.98
714.98 647.00
714.98 646.00
715.00 645.98
715.98 645.00
715.98 644.00
716.00 643.98
716.98 643.00
716.98 642.00
717.00 641.98
717.98 641.00
717.98 640.00
717.98 639.00
717.98 638.00
718.00 637.98
718.98 637.00

Contour 23:
768.98 423.00
768.98 422.00
768.98 421.00
768.98 420.00
768.98 419.00
768.98 418.00
768.00 417.02
767.98 417.00
767.98 416.00
767.98 415.00
767.98 414.00
767.00 413.02
766.98 413.00
766.98 412.00
766.00 411.02
765.98 411.00
765.98 410.00
765.00 409.02
764.98 409.00
764.98 408.00
764.00 407.02
763.98 407.00
763.98 406.00
763.00 405.02
762.98 405.00
762.00 404.02
761.98 404.00
761.98 403.00
761.00 402.02
760.98 402.00
760.00 401.02
759.98 401.00
759.98 400.00
759.00 399.02
758.98 399.00
758.00 398.02
757.98 398.00
757.00 397.02
756.98 397.00
756.00 396.02
755.98 396.00
755.98 395.00
755.00 394.02
754.98 394.00
754.00 393.02
753.98 393.00
753.00 392.02
752.98 392.00
752.00 391.02
751.98 391.00
751.00 390.02
750.00 390.02
749.98 390.00
749.00 389.02
748.98 389.00
748.00 388.02
747.00 388.02
746.00 388.02
745.98 388.00
745.00 387.02
744.00 387.02
743.00 387.02
742.00 387.02
741.00 387.02
740.00 387.02
739.00 387.02
738.00 387.02
737.00 387.02
736.00 387.02
735.02 388.00
735.00 388.02
734.00 388.02
733.00 388.02
732.02 389.00
732.00 389.02
731.02 390.00
731.00 390.02
730.02 391.00
730.00 391.02
729.02 392.00
729.00 392.02
728.02 393.00
728.00 393.02
727.02 394.00
727.00 394.02
726.02 395.00
726.02 396.00
726.00 396.02
725.02 397.00
725.02 398.00
725.00 398.02
724.02 399.00
724.02 400.00
724.02 401.00
724.00 401.02
723.02 402.00
723.02 403.00
723.02 404.00
723.02 405.00
723.00 405.02
722.02 406.00
722.02 407.00
722.02 408.00
722.00 408.02
721.02 409.00
721.02 410.00
721.02 411.00
721.02 412.00
721.02 413.00
721.00 413.02
720.02 414.00
720.02 415.00
720.02 416.00
720.02 417.00
720.02 418.00
720.02 419.00
720.02 420.00
720.02 421.00
720.02 422.00
720.02 423.00
720.02 424.00
720.02 425.00
720.02 426.00
720.00 426.02
719.02 427.00
719.02 428.00
719.02 429.00
719.02 430.00
719.02 431.00
719.02 432.00
719.00 432.02
718.02 433.00
718.02 434.00
718.02 435.00
718.02 436.00
718.02 437.00
718.02 438.00
718.02 439.00
718.02 440.00
718.02 441.00
718.02 442.00
719.00 442.98
719.02 443.00
719.02 444.00
719.02 445.00
719.02 446.00
719.02 447.00
720.00 447.98
720.02 448.00
720.02 449.00
720.02 450.00
721.00 450.98
721.02 451.00
721.02 452.00
722.00 452.98
722.02 453.00
723.00 453.98
723.02 454.00
724.00 454.98
724.02 455.00
725.00 455.98
726.00 455.98
726.02 456.00
727.00 456.98
728.00 456.98
729.00 456.98
729.02 457.00
730.00 457.98
731.00 457.98
732.00 457.98
733.00 457.98
734.00 457.98
735.00 457.98
736.00 457.98
737.00 457.98
737.98 457.00
738.00 456.98
739.00 456.98
740.00 456.98
740.98 456.00
741.00 455.98
742.00 455.98
743.00 455.98
743.98 455.00
744.00 454.98
745.00 454.98
745.98 454.00
746.00 453.98
747.00 453.98
747.98 453.00
748.00 452.98
748.98 452.00
749.00 451.98
750.00 451.98
750.98 451.00
751.00 450.98
752.00 450.98
752.98 450.00
753.00 449.98
753.98 449.00
754.00 448.98
754.98 448.00
755.00 447.98
755.98 447.00
756.00 446.98
756.98 446.00
757.00 445.98
757.98 445.00
758.00 444.98
758.98 444.00
759.00 443.98
759.98 443.00
760.00 442.98
760.98 442.00
761.00 441.98
761.98 441.00
761.98 440.00
762.00 439.98
762.98 439.00
762.98 438.00
763.00 437.98
763.98 437.00
763.98 436.00
764.00 435.98
764.98 435.00
764.98 434.00
765.00 433.98
765.98 433.00
765.98 432.00
766.00 431.98
766.98 431.00
766.98 430.00
767.00 429.98
767.98 429.00
767.98 428.00
767.98 427.00
767.98 426.00
767.98 425.00
767.98 424.00
768.00 423.98
768.98 423.00

Contour 24:
867.98 812.00
867.98 811.00
867.98 810.00
867.98 809.00
867.98 808.00
867.98 807.00
867.98 806.00
867.98 805.00
867.98 804.00
867.00 803.02
866.98 803.00
866.98 802.00
866.98 801.00
866.98 800.00
866.98 799.00
866.00 798.02
865.98 798.00
865.98 797.00
865.98 796.00
865.98 795.00
865.00 794.02
864.98 794.00
864.98 793.00
864.98 792.00
864.98 791.00
864.98 790.00
864.00 789.02
863.98 789.00
863.98 788.00
863.00 787.02
862.98 787.00
862.98 786.00
862.98 785.00
862.00 784.02
861.98 784.00
861.98 783.00
861.00 782.02
860.98 782.00
860.98 781.00
860.00 780.02
859.98 780.00
859.00 779.02
858.98 779.00
858.98 778.00
858.00 777.02
857.98 777.00
857.00 776.02
856.98 776.00
856.00 775.02
855.98 775.00
855.00 774.02
854.98 774.00
854.00 773.02
853.98 773.00
853.00 772.02
852.98 772.00
852.00 771.02
851.98 771.00
851.00 770.02
850.00 770.02
849.98 770.00
849.00 769.02
848.98 769.00
848.00 768.02
847.98 768.00
847.00 767.02
846.00 767.02
845.98 767.00
845.00 766.02
844.00 766.02
843.98 766.00
843.00 765.02
842.00 765.02
841.98 765.00
841.00 764.02
840.00 764.02
839.98 764.00
839.00 763.02
838.00 763.02
837.98 763.00
837.00 762.02
836.00 762.02
835.00 762.02
834.00 762.02
833.98 762.00
833.00 761.02
832.00 761.02
831.00 761.02
830.00 761.02
829.00 761.02
828.00 761.02
827.00 761.02
826.00 761.02
825.98 761.00
825.00 760.02
824.00 760.02
823.00 760.02
822.00 760.02
821.00 760.02
820.00 760.02
819.00 760.02
818.00 760.02
817.00 760.02
816.00 760.02
815.00 760.02
814.00 760.02
813.00 760.02
812.02 761.00
812.00 761.02
811.00 761.02
810.00 761.02
809.00 761.02
808.02 762.00
808.00 762.02
807.00 762.02
806.00 762.02
805.02 763.00
805.00 763.02
804.00 763.02
803.02 764.00
803.00 764.02
802.00 764.02
801.02 765.00
801.00 765.02
800.00 765.02
799.02 766.00
799.00 766.02
798.02 767.00
798.00 767.02
797.02 768.00
797.00 768.02
796.02 769.00
796.00 769.02
795.02 770.00
795.00 770.02
794.02 771.00
794.00 771.02
793.02 772.00
793.00 772.02
792.02 773.00
792.00 773.02
791.02 774.00
791.02 775.00
791.00 775.02
790.02 776.00
790.00 776.02
789.02 777.00
789.02 778.00
789.00 778.02
788.02 779.00
788.02 780.00
788.00 780.02
787.02 781.00
787.02 782.00
787.02 783.00
787.00 783.02
786.02 784.00
786.02 785.00
786.02 786.00
786.02 787.00
786.00 787.02
785.02 788.00
785.02 789.00
785.02 790.00
785.02 791.00
785.00 791.02
784.02 792.00
784.02 793.00
784.02 794.00
784.02 795.00
784.02 796.00
784.02 797.00
784.02 798.00
784.02 799.00
784.00 799.02
783.02 800.00
783.02 801.00
784.00 801.98
784.02 802.00
784.02 803.00
784.02 804.00
784.02 805.00
784.02 806.00
784.02 807.00
784.02 808.00
784.02 809.00
784.02 810.00
785.00 810.98
785.02 811.00
785.02 812.00
785.02 813.00
785.02 814.00
786.00 814.98
786.02 815.00
786.02 816.00
786.02 817.00
786.02 818.00
787.00 818.98
787.02 819.00
787.02 820.00
787.02 821.00
788.00 821.98
788.02 822.00
788.02 823.00
789.00 823.98
789.02 824.00
789.02 825.00
790.00 825.98
790.02 826.00
790.02 827.00
791.00 827.98
791.02 828.00
791.02 829.00
792.00 829.98
792.02 830.00
793.00 830.98
793.02 831.00
793.02 832.00
794.00 832.98
794.02 833.00
795.00 833.98
795.02 834.00
796.00 834.98
796.02 835.00
797.00 835.98
797.02 836.00
798.00 836.98
798.02 837.00
799.00 837.98
799.02 838.00
800.00 838.98
800.02 839.00
801.00 839.98
801.02 840.00
802.00 840.98
802.02 841.00
803.00 841.98
803.02 842.00
804.00 842.98
805.00 842.98
805.02 843.00
806.00 843.98
806.02 844.00
807.00 844.98
808.00 844.98
808.02 845.00
809.00 845.98
810.00 845.98
810.02 846.00
811.00 846.98
812.00 846.98
812.02 847.00
813.00 847.98
814.00 847.98
814.02 848.00
815.00 848.98
816.00 848.98
817.00 848.98
818.00 848.98
818.02 849.00
819.00 849.98
820.00 849.98
821.00 849.98
822.00 849.98
822.02 850.00
823.00 850.98
824.00 850.98
825.00 850.98
826.00 850.98
827.00 850.98
827.02 851.00
828.00 851.98
829.00 851.98
829.98 851.00
830.00 850.98
831.00 850.98
832.00 850.98
833.00 850.98
834.00 850.98
835.00 850.98
835.98 850.00
836.00 849.98
837.00 849.98
838.00 849.98
839.00 849.98
840.00 849.98
840.98 849.00
841.00 848.98
842.00 848.98
842.98 848.00
843.00 847.98
844.00 847.98
845.00 847.98
845.98 847.00
846.00 846.98
847.00 846.98
847.98 846.00
848.00 845.98
848.98 845.00
849.00 844.98
849.98 844.00
850.00 843.98
851.00 843.98
851.98 843.00
852.00 842.98
852.98 842.00
853.00 841.98
854.00 841.98
854.98 841.00
855.00 840.98
855.98 840.00
856.00 839.98
856.98 839.00
857.00 838.98
857.98 838.00
858.00 837.98
858.98 837.00
859.00 836.98
859.98 836.00
860.00 835.98
860.98 835.00
860.98 834.00
861.00 833.98
861.98 833.00
862.00 832.98
862.98 832.00
862.98 831.00
863.00 830.98
863.98 830.00
863.98 829.00
863.98 828.00
864.00 827.98
864.98 827.00
864.98 826.00
864.98 825.00
864.98 824.00
865.00 823.98
865.98 823.00
865.98 822.00
865.98 821.00
865.98 820.00
866.00 819.98
866.98 819.00
866.98 818.00
866.98 817.00
866.98 816.00
866.98 815.00
866.98 814.00
866.98 813.00
867.00 812.98
867.98 812.00

