Contour 0:
174.50 406.00
174.50 405.00
174.50 404.00
174.50 403.00
174.50 402.00
174.50 401.00
174.50 400.00
174.50 399.00
174.50 398.00
174.50 397.00
174.50 396.00
174.50 395.00
174.50 394.00
174.50 393.00
174.50 392.00
174.50 391.00
174.50 390.00
174.50 389.00
174.50 388.00
174.00 387.50
173.50 387.00
173.50 386.00
173.50 385.00
173.50 384.00
173.00 383.50
172.50 383.00
172.50 382.00
172.50 381.00
172.00 380.50
171.50 380.00
171.50 379.00
171.50 378.00
171.50 377.00
171.00 376.50
170.50 376.00
170.50 375.00
170.50 374.00
170.00 373.50
169.50 373.00
169.50 372.00
169.50 371.00
169.50 370.00
169.00 369.50
168.50 369.00
168.50 368.00
168.50 367.00
168.00 366.50
167.50 366.00
167.50 365.00
167.00 364.50
166.50 364.00
166.50 363.00
166.00 362.50
165.50 362.00
165.00 361.50
164.50 361.00
164.00 360.50
163.50 360.00
163.50 359.00
163.00 358.50
162.50 358.00
162.00 357.50
161.50 357.00
161.00 356.50
160.50 356.00
160.00 355.50
159.50 355.00
159.00 354.50
158.50 354.00
158.50 353.00
158.75 352.00
158.75 351.00
158.75 350.00
159.00 349.75
159.75 349.00
160.00 348.75
160.75 348.00
160.75 347.00
161.00 346.75
161.75 346.00
162.00 345.75
162.75 345.00
162.75 344.00
162.75 343.00
163.00 342.75
163.75 342.00
163.75 341.00
163.75 340.00
164.00 339.75
164.75 339.00
164.75 338.00
164.75 337.00
164.75 336.00
165.00 335.75
165.75 335.00
165.75 334.00
165.75 333.00
165.75 332.00
166.00 331.75
166.75 331.00
166.75 330.00
166.75 329.00
166.75 328.00
166.75 327.00
166.75 326.00
166.75 325.00
166.75 324.00
166.75 323.00
166.75 322.00
166.75 321.00
166.75 320.00
166.75 319.00
166.75 318.00
166.00 317.25
165.75 317.00
165.75 316.00
165.75 315.00
165.00 314.25
164.75 314.00
164.75 313.00
164.00 312.25
163.75 312.00
163.00 311.25
162.75 311.00
162.75 310.00
162.00 309.25
161.75 309.00
161.00 308.25
160.75 308.00
160.00 307.25
159.75 307.00
159.00 306.25
158.00 306.25
157.75 306.00
157.00 305.25
156.75 305.00
156.00 304.25
155.00 304.25
154.75 304.00
154.00 303.25
153.00 303.25
152.75 303.00
152.00 302.25
151.00 302.25
150.75 302.00
150.00 301.25
149.00 301.25
148.00 301.25
147.00 301.25
146.00 301.25
145.00 301.25
144.00 301.25
143.00 301.25
142.00 301.25
141.00 301.25
140.00 301.25
139.00 301.25
138.25 302.00
138.00 302.25
137.00 302.25
136.25 303.00
136.00 303.25
135.00 303.25
134.25 304.00
134.00 304.25
133.00 304.25
132.25 305.00
132.00 305.25
131.25 306.00
131.00 306.25
130.25 307.00
130.00 307.25
129.25 308.00
129.25 309.00
129.00 309.25
128.25 310.00
128.00 310.25
127.25 311.00
127.25 312.00
127.00 312.25
126.25 313.00
126.25 314.00
126.00 314.25
125.25 315.00
125.25 316.00
125.25 317.00
125.25 318.00
125.00 318.25
124.25 319.00
124.25 320.00
124.25 321.00
124.25 322.00
124.25 323.00
124.25 324.00
124.25 325.00
124.25 326.00
124.00 326.25
123.25 327.00
123.25 328.00
123.00 328.25
122.25 329.00
122.00 329.25
121.00 329.50
120.00 329.50
119.00 329.50
118.00 329.50
117.50 329.00
117.00 328.50
116.00 328.50
115.00 328.50
114.00 328.50
113.50 329.00
113.00 329.50
112.00 329.50
111.00 329.50
110.00 329.50
109.00 329.50
108.00 329.50
107.50 330.00
107.00 330.50
106.00 330.50
105.50 331.00
105.00 331.50
104.00 331.50
103.50 332.00
103.00 332.50
102.50 333.00
102.00 333.50
101.50 334.00
101.00 334.50
100.50 335.00
100.00 335.50
99.50 336.00
99.00 336.50
98.50 337.00
98.50 338.00
98.00 338.50
97.50 339.00
97.00 339.50
96.50 340.00
96.50 341.00
96.50 342.00
96.00 342.50
95.50 343.00
95.50 344.00
95.00 344.50
94.50 345.00
94.50 346.00
94.50 347.00
94.00 347.50
93.50 348.00
93.50 349.00
93.50 350.00
93.50 351.00
93.50 352.00
93.50 353.00
93.50 354.00
93.50 355.00
93.00 355.50
92.50 356.00
92.50 357.00
92.50 358.00
92.50 359.00
92.50 360.00
92.50 361.00
92.50 362.00
92.00 362.50
91.50 363.00
91.50 364.00
91.50 365.00
91.50 366.00
91.00 366.50
90.50 367.00
90.50 368.00
90.50 369.00
90.00 369.50
89.50 370.00
89.50 371.00
89.50 372.00
89.00 372.50
88.50 373.00
88.50 374.00
88.50 375.00
88.50 376.00
88.50 377.00
88.00 377.50
87.50 378.00
87.50 379.00
87.50 380.00
87.50 381.00
87.50 382.00
87.50 383.00
87.50 384.00
87.50 385.00
87.50 386.00
87.50 387.00
87.50 388.00
87.50 389.00
87.50 390.00
87.50 391.00
88.00 391.50
88.50 392.00
88.50 393.00
88.50 394.00
88.50 395.00
89.00 395.50
89.50 396.00
89.50 397.00
89.50 398.00
89.50 399.00
90.00 399.50
90.50 400.00
90.50 401.00
90.50 402.00
91.00 402.50
91.50 403.00
91.50 404.00
92.00 404.50
92.50 405.00
92.50 406.00
93.00 406.50
93.50 407.00
93.50 408.00
94.00 408.50
94.50 409.00
94.50 410.00
94.50 411.00
95.00 411.50
95.50 412.00
95.50 413.00
96.00 413.50
96.50 414.00
96.50 415.00
96.50 416.00
97.00 416.50
97.50 417.00
98.00 417.50
98.50 418.00
98.50 419.00
99.00 419.50
99.50 420.00
100.00 420.50
100.50 421.00
100.50 422.00
101.00 422.50
101.50 423.00
102.00 423.50
102.50 424.00
103.00 424.50
103.50 425.00
104.00 425.50
104.50 426.00
105.00 426.50
105.50 427.00
106.00 427.50
106.50 428.00
107.00 428.50
108.00 428.50
108.50 429.00
109.00 429.50
109.50 430.00
110.00 430.50
110.50 431.00
111.00 431.50
112.00 431.50
112.50 432.00
113.00 432.50
114.00 432.50
114.50 433.00
115.00 433.50
116.00 433.50
116.50 434.00
117.00 434.50
118.00 434.50
119.00 434.50
119.50 435.00
120.00 435.50
121.00 435.50
122.00 435.50
123.00 435.50
124.00 435.50
125.00 435.50
125.50 436.00
126.00 436.50
127.00 436.50
128.00 436.50
128.50 436.00
129.00 435.50
130.00 435.50
131.00 435.50
132.00 435.50
133.00 435.50
134.00 435.50
135.00 435.50
136.00 435.50
137.00 435.50
138.00 435.50
138.50 435.00
139.00 434.50
140.00 434.50
141.00 434.50
142.00 434.50
143.00 434.50
144.00 434.50
145.00 434.50
145.50 434.00
146.00 433.50
147.00 433.50
148.00 433.50
149.00 433.50
149.50 433.00
150.00 432.50
151.00 432.50
152.00 432.50
152.50 432.00
153.00 431.50
154.00 431.50
155.00 431.50
155.50 431.00
156.00 430.50
157.00 430.50
157.50 430.00
158.00 429.50
158.50 429.00
159.00 428.50
160.00 428.50
160.50 428.00
161.00 427.50
161.50 427.00
162.00 426.50
162.50 426.00
163.00 425.50
163.50 425.00
164.00 424.50
164.50 424.00
165.00 423.50
165.50 423.00
166.00 422.50
166.50 422.00
167.00 421.50
167.50 421.00
168.00 420.50
168.50 420.00
169.00 419.50
169.50 419.00
169.50 418.00
170.00 417.50
170.50 417.00
170.50 416.00
171.00 415.50
171.50 415.00
171.50 414.00
172.00 413.50
172.50 413.00
172.50 412.00
172.50 411.00
173.00 410.50
173.50 410.00
173.50 409.00
173.50 408.00
173.50 407.00
174.00 406.50
174.50 406.00

Contour 1:
270.83 624.00
270.83 623.00
270.83 622.00
270.83 621.00
270.83 620.00
270.83 619.00
270.83 618.00
270.83 617.00
270.83 616.00
270.83 615.00
270.83 614.00
270.83 613.00
270.83 612.00
270.83 611.00
270.83 610.00
270.83 609.00
270.83 608.00
270.00 607.17
269.83 607.00
269.83 606.00
269.83 605.00
269.83 604.00
269.00 603.17
268.83 603.00
268.83 602.00
268.83 601.00
268.00 600.17
267.83 600.00
267.83 599.00
267.83 598.00
267.00 597.17
266.83 597.00
266.83 596.00
266.00 595.17
265.83 595.00
265.83 594.00
265.00 593.17
264.83 593.00
264.83 592.00
264.00 591.17
263.83 591.00
263.00 590.17
262.83 590.00
262.00 589.17
261.83 589.00
261.00 588.17
260.83 588.00
260.00 587.17
259.83 587.00
259.83 586.00
259.00 585.17
258.83 585.00
258.00 584.17
257.00 584.17
256.83 584.00
256.00 583.17
255.83 583.00
255.00 582.17
254.00 582.17
253.83 582.00
253.00 581.17
252.83 581.00
252.00 580.17
251.83 580.00
251.00 579.17
250.00 579.17
249.83 579.00
249.00 578.17
248.83 578.00
248.00 577.17
247.00 577.17
246.83 577.00
246.00 576.17
245.00 576.17
244.83 576.00
244.00 575.17
243.00 575.17
242.83 575.00
242.00 574.17
241.00 574.17
240.00 574.17
239.83 574.00
239.00 573.17
238.00 573.17
237.00 573.17
236.83 573.00
236.00 572.17
235.00 572.17
234.00 572.17
233.00 572.17
232.00 572.17
231.00 572.17
230.00 572.17
229.00 572.17
228.00 572.17
227.00 572.17
226.00 572.17
225.00 572.17
224.00 572.17
223.17 573.00
223.00 573.17
222.00 573.17
221.00 573.17
220.17 574.00
220.00 574.17
219.00 574.17
218.00 574.17
217.17 575.00
217.00 575.17
216.00 575.17
215.17 576.00
215.00 576.17
214.00 576.17
213.17 577.00
213.00 577.17
212.00 577.17
211.17 578.00
211.00 578.17
210.00 578.17
209.17 579.00
209.00 579.17
208.00 579.17
207.17 580.00
207.00 580.17
206.17 581.00
206.00 581.17
205.17 582.00
205.00 582.17
204.17 583.00
204.00 583.17
203.17 584.00
203.00 584.17
202.17 585.00
202.00 585.17
201.17 586.00
201.17 587.00
201.00 587.17
200.17 588.00
200.17 589.00
200.00 589.17
199.17 590.00
199.17 591.00
199.00 591.17
198.17 592.00
198.17 593.00
198.17 594.00
198.00 594.17
197.17 595.00
197.17 596.00
197.17 597.00
197.17 598.00
197.00 598.17
196.17 599.00
196.17 600.00
196.17 601.00
196.17 602.00
196.17 603.00
196.00 603.17
195.17 604.00
195.17 605.00
195.17 606.00
195.17 607.00
195.17 608.00
195.17 609.00
195.17 610.00
195.17 611.00
195.17 612.00
195.17 613.00
196.00 613.83
196.17 614.00
196.17 615.00
196.17 616.00
196.17 617.00
196.17 618.00
196.17 619.00
197.00 619.83
197.17 620.00
197.17 621.00
198.00 621.83
198.17 622.00
198.17 623.00
198.17 624.00
199.00 624.83
199.17 625.00
199.17 626.00
200.00 626.83
200.17 627.00
200.17 628.00
201.00 628.83
201.17 629.00
201.17 630.00
202.00 630.83
202.17 631.00
202.17 632.00
203.00 632.83
203.17 633.00
203.17 634.00
204.00 634.83
204.17 635.00
205.00 635.83
205.17 636.00
206.00 636.83
206.17 637.00
207.00 637.83
207.17 638.00
208.00 638.83
208.17 639.00
209.00 639.83
209.17 640.00
210.00 640.83
210.17 641.00
211.00 641.83
211.17 642.00
212.00 642.83
212.17 643.00
213.00 643.83
213.17 644.00
214.00 644.83
214.17 645.00
215.00 645.83
215.17 646.00
216.00 646.83
217.00 646.83
217.17 647.00
218.00 647.83
218.17 648.00
219.00 648.83
220.00 648.83
220.17 649.00
221.00 649.83
222.00 649.83
222.17 650.00
223.00 650.83
224.00 650.83
224.17 651.00
225.00 651.83
226.00 651.83
227.00 651.83
227.17 652.00
228.00 652.83
229.00 652.83
230.00 652.83
231.00 652.83
232.00 652.83
233.00 652.83
234.00 652.83
235.00 652.83
236.00 652.83
237.00 652.83
238.00 652.83
239.00 652.83
240.00 652.83
241.00 652.83
241.83 652.00
242.00 651.83
243.00 651.83
244.00 651.83
244.83 651.00
245.00 650.83
246.00 650.83
246.83 650.00
247.00 649.83
248.00 649.83
248.83 649.00
249.00 648.83
250.00 648.83
250.83 648.00
251.00 647.83
251.83 647.00
252.00 646.83
253.00 646.83
253.83 646.00
254.00 645.83
255.00 645.83
255.83 645.00
256.00 644.83
256.83 644.00
257.00 643.83
258.00 643.83
258.83 643.00
259.00 642.83
259.83 642.00
260.00 641.83
260.83 641.00
261.00 640.83
261.83 640.00
262.00 639.83
262.83 639.00
263.00 638.83
263.83 638.00
264.00 637.83
264.83 637.00
264.83 636.00
265.00 635.83
265.83 635.00
265.83 634.00
266.00 633.83
266.83 633.00
267.00 632.83
267.83 632.00
267.83 631.00
268.00 630.83
268.83 630.00
268.83 629.00
268.83 628.00
269.00 627.83
269.83 627.00
269.83 626.00
269.83 625.00
270.00 624.83
270.83 624.00

Contour 2:
289.88 845.00
289.88 844.00
289.00 843.12
288.88 843.00
288.88 842.00
288.88 841.00
288.88 840.00
288.88 839.00
288.88 838.00
288.88 837.00
288.88 836.00
288.00 835.12
287.88 835.00
287.88 834.00
287.88 833.00
287.88 832.00
287.00 831.12
286.88 831.00
286.88 830.00
286.88 829.00
286.00 828.12
285.88 828.00
285.88 827.00
285.00 826.12
284.88 826.00
284.88 825.00
284.00 824.12
283.88 824.00
283.88 823.00
283.88 822.00
283.00 821.12
282.88 821.00
282.88 820.00
282.00 819.12
281.88 819.00
281.88 818.00
281.00 817.12
280.88 817.00
280.88 816.00
280.00 815.12
279.88 815.00
279.88 814.00
279.00 813.12
278.88 813.00
278.88 812.00
278.00 811.12
277.88 811.00
277.88 810.00
277.00 809.12
276.88 809.00
276.88 808.00
276.00 807.12
275.88 807.00
275.88 806.00
275.00 805.12
274.88 805.00
274.00 804.12
273.88 804.00
273.00 803.12
272.88 803.00
272.00 802.12
271.88 802.00
271.88 801.00
271.00 800.12
270.88 800.00
270.00 799.12
269.88 799.00
269.00 798.12
268.88 798.00
268.00 797.12
267.88 797.00
267.00 796.12
266.88 796.00
266.00 795.12
265.00 795.12
264.88 795.00
264.00 794.12
263.88 794.00
263.00 793.12
262.88 793.00
262.00 792.12
261.00 792.12
260.88 792.00
260.00 791.12
259.88 791.00
259.00 790.12
258.00 790.12
257.88 790.00
257.00 789.12
256.88 789.00
256.00 788.12
255.00 788.12
254.88 788.00
254.00 787.12
253.88 787.00
253.00 786.12
252.00 786.12
251.88 786.00
251.00 785.12
250.00 785.12
249.00 785.12
248.88 785.00
248.00 784.12
247.00 784.12
246.88 784.00
246.00 783.12
245.00 783.12
244.00 783.12
243.00 783.12
242.00 783.12
241.00 783.12
240.88 783.00
240.00 782.12
239.00 782.12
238.00 782.12
237.00 782.12
236.00 782.12
235.00 782.12
234.00 782.12
233.12 783.00
233.00 783.12
232.00 783.12
231.00 783.12
230.00 783.12
229.00 783.12
228.12 784.00
228.00 784.12
227.00 784.12
226.00 784.12
225.12 785.00
225.00 785.12
224.00 785.12
223.00 785.12
222.12 786.00
222.00 786.12
221.00 786.12
220.12 787.00
220.00 787.12
219.12 788.00
219.00 788.12
218.00 788.12
217.12 789.00
217.00 789.12
216.12 790.00
216.00 790.12
215.12 791.00
215.00 791.12
214.12 792.00
214.12 793.00
214.00 793.12
213.12 794.00
213.00 794.12
212.12 795.00
212.00 795.12
211.12 796.00
211.12 797.00
211.00 797.12
210.12 798.00
210.12 799.00
210.12 800.00
210.00 800.12
209.12 801.00
209.12 802.00
209.12 803.00
209.12 804.00
209.00 804.12
208.12 805.00
208.12 806.00
208.12 807.00
208.12 808.00
208.12 809.00
208.12 810.00
208.12 811.00
208.12 812.00
208.00 812.12
207.12 813.00
207.12 814.00
207.12 815.00
207.12 816.00
207.12 817.00
207.12 818.00
207.12 819.00
207.12 820.00
207.12 821.00
207.12 822.00
207.12 823.00
207.12 824.00
208.00 824.88
208.12 825.00
208.12 826.00
208.12 827.00
208.12 828.00
208.12 829.00
208.12 830.00
209.00 830.88
209.12 831.00
209.12 832.00
209.12 833.00
210.00 833.88
210.12 834.00
210.12 835.00
210.12 836.00
211.00 836.88
211.12 837.00
211.12 838.00
212.00 838.88
212.12 839.00
212.12 840.00
212.12 841.00
213.00 841.88
213.12 842.00
213.12 843.00
214.00 843.88
214.12 844.00
214.12 845.00
215.00 845.88
215.12 846.00
215.12 847.00
215.12 848.00
216.00 848.88
216.12 849.00
216.12 850.00
217.00 850.88
217.12 851.00
217.12 852.00
218.00 852.88
218.12 853.00
218.12 854.00
218.12 855.00
219.00 855.88
219.12 856.00
219.12 857.00
220.00 857.88
220.12 858.00
221.00 858.88
221.12 859.00
222.00 859.88
222.12 860.00
223.00 860.88
223.12 861.00
223.12 862.00
224.00 862.88
224.12 863.00
225.00 863.88
225.12 864.00
226.00 864.88
226.12 865.00
227.00 865.88
227.12 866.00
228.00 866.88
228.12 867.00
229.00 867.88
229.12 868.00
230.00 868.88
230.12 869.00
231.00 869.88
232.00 869.88
232.12 870.00
233.00 870.88
233.12 871.00
234.00 871.88
235.00 871.88
235.12 872.00
236.00 872.88
237.00 872.88
237.12 873.00
238.00 873.88
239.00 873.88
240.00 873.88
240.12 874.00
241.00 874.88
242.00 874.88
243.00 874.88
244.00 874.88
245.00 874.88
246.00 874.88
247.00 874.88
248.00 874.88
249.00 874.88
250.00 874.88
251.00 874.88
252.00 874.88
253.00 874.88
254.00 874.88
255.00 874.88
256.00 874.88
257.00 874.88
258.00 874.88
259.00 874.88
260.00 874.88
261.00 874.88
262.00 874.88
262.88 874.00
263.00 873.88
264.00 873.88
265.00 873.88
266.00 873.88
266.88 873.00
267.00 872.88
268.00 872.88
268.88 872.00
269.00 871.88
269.88 871.00
270.00 870.88
270.88 870.00
271.00 869.88
272.00 869.88
272.88 869.00
273.00 868.88
273.88 868.00
274.00 867.88
274.88 867.00
274.88 866.00
275.00 865.88
275.88 865.00
276.00 864.88
276.88 864.00
277.00 863.88
277.88 863.00
278.00 862.88
278.88 862.00
279.00 861.88
279.88 861.00
280.00 860.88
280.88 860.00
281.00 859.88
281.88 859.00
282.00 858.88
282.88 858.00
283.00 857.88
283.88 857.00
284.00 856.88
284.88 856.00
285.00 855.88
285.88 855.00
286.00 854.88
286.88 854.00
286.88 853.00
287.00 852.88
287.88 852.00
287.88 851.00
288.00 850.88
288.88 850.00
288.88 849.00
288.88 848.00
288.88 847.00
288.88 846.00
289.00 845.88
289.88 845.00

Contour 3:
283.90 249.00
283.90 248.00
283.90 247.00
283.90 246.00
283.90 245.00
283.90 244.00
283.90 243.00
283.90 242.00
283.90 241.00
283.90 240.00
283.90 239.00
283.90 238.00
283.90 237.00
283.90 236.00
283.90 235.00
283.90 234.00
283.90 233.00
283.00 232.10
282.90 232.00
282.90 231.00
282.90 230.00
282.00 229.10
281.90 229.00
281.90 228.00
281.90 227.00
281.00 226.10
280.90 226.00
280.00 225.10
279.90 225.00
279.90 224.00
279.00 223.10
278.90 223.00
278.00 222.10
277.90 222.00
277.00 221.10
276.90 221.00
276.00 220.10
275.90 220.00
275.00 219.10
274.90 219.00
274.00 218.10
273.90 218.00
273.00 217.10
272.90 217.00
272.00 216.10
271.00 216.10
270.90 216.00
270.00 215.10
269.90 215.00
269.00 214.10
268.00 214.10
267.90 214.00
267.00 213.10
266.90 213.00
266.00 212.10
265.00 212.10
264.90 212.00
264.00 211.10
263.00 211.10
262.00 211.10
261.90 211.00
261.00 210.10
260.00 210.10
259.00 210.10
258.90 210.00
258.00 209.10
257.00 209.10
256.00 209.10
255.00 209.10
254.00 209.10
253.00 209.10
252.00 209.10
251.00 209.10
250.00 209.10
249.00 209.10
248.00 209.10
247.00 209.10
246.00 209.10
245.00 209.10
244.10 210.00
244.00 210.10
243.00 210.10
242.00 210.10
241.10 211.00
241.00 211.10
240.00 211.10
239.00 211.10
238.10 212.00
238.00 212.10
237.00 212.10
236.00 212.10
235.10 213.00
235.00 213.10
234.00 213.10
233.10 214.00
233.00 214.10
232.00 214.10
231.10 215.00
231.00 215.10
230.00 215.10
229.10 216.00
229.00 216.10
228.10 217.00
228.00 217.10
227.00 217.10
226.10 218.00
226.00 218.10
225.00 218.10
224.10 219.00
224.00 219.10
223.10 220.00
223.00 220.10
222.00 220.10
221.10 221.00
221.00 221.10
220.10 222.00
220.00 222.10
219.10 223.00
219.00 223.10
218.10 224.00
218.10 225.00
218.00 225.10
217.10 226.00
217.00 226.10
216.10 227.00
216.00 227.10
215.10 228.00
215.10 229.00
215.00 229.10
214.10 230.00
214.00 230.10
213.10 231.00
213.10 232.00
213.00 232.10
212.10 233.00
212.10 234.00
212.00 234.10
211.10 235.00
211.10 236.00
211.10 237.00
211.00 237.10
210.10 238.00
210.10 239.00
210.10 240.00
210.10 241.00
210.10 242.00
210.00 242.10
209.10 243.00
209.10 244.00
209.10 245.00
209.10 246.00
209.10 247.00
209.10 248.00
209.10 249.00
209.10 250.00
209.00 250.10
208.10 251.00
208.10 252.00
208.10 253.00
208.10 254.00
208.10 255.00
208.10 256.00
208.10 257.00
208.10 258.00
208.10 259.00
208.10 260.00
208.10 261.00
208.10 262.00
208.10 263.00
209.00 263.90
209.10 264.00
209.10 265.00
209.10 266.00
209.10 267.00
210.00 267.90
210.10 268.00
210.10 269.00
211.00 269.90
211.10 270.00
211.10 271.00
212.00 271.90
212.10 272.00
212.10 273.00
213.00 273.90
213.10 274.00
214.00 274.90
214.10 275.00
214.10 276.00
215.00 276.90
215.10 277.00
216.00 277.90
216.10 278.00
217.00 278.90
217.10 279.00
218.00 279.90
218.10 280.00
219.00 280.90
219.10 281.00
220.00 281.90
220.10 282.00
221.00 282.90
221.10 283.00
222.00 283.90
222.10 284.00
223.00 284.90
224.00 284.90
224.10 285.00
225.00 285.90
226.00 285.90
226.10 286.00
227.00 286.90
228.00 286.90
228.10 287.00
229.00 287.90
230.00 287.90
231.00 287.90
231.10 288.00
232.00 288.90
233.00 288.90
234.00 288.90
235.00 288.90
236.00 288.90
237.00 288.90
238.00 288.90
239.00 288.90
240.00 288.90
241.00 288.90
242.00 288.90
243.00 288.90
244.00 288.90
245.00 288.90
246.00 288.90
246.90 288.00
247.00 287.90
248.00 287.90
249.00 287.90
249.90 287.00
250.00 286.90
251.00 286.90
252.00 286.90
252.90 286.00
253.00 285.90
254.00 285.90
254.90 285.00
255.00 284.90
256.00 284.90
256.90 284.00
257.00 283.90
258.00 283.90
258.90 283.00
259.00 282.90
259.90 282.00
260.00 281.90
261.00 281.90
261.90 281.00
262.00 280.90
262.90 280.00
263.00 279.90
264.00 279.90
264.90 279.00
265.00 278.90
265.90 278.00
266.00 277.90
266.90 277.00
267.00 276.90
267.90 276.00
268.00 275.90
268.90 275.00
269.00 274.90
269.90 274.00
269.90 273.00
270.00 272.90
270.90 272.00
271.00 271.90
271.90 271.00
272.00 270.90
272.90 270.00
272.90 269.00
273.00 268.90
273.90 268.00
274.00 267.90
274.90 267.00
274.90 266.00
275.00 265.90
275.90 265.00
276.00 264.90
276.90 264.00
276.90 263.00
277.00 262.90
277.90 262.00
278.00 261.90
278.90 261.00
278.90 260.00
279.00 259.90
279.90 259.00
279.90 258.00
280.00 257.90
280.90 257.00
280.90 256.00
281.00 255.90
281.90 255.00
281.90 254.00
281.90 253.00
282.00 252.90
282.90 252.00
282.90 251.00
282.90 250.00
283.00 249.90
283.90 249.00

Contour 4:
340.92 486.00
340.92 485.00
340.92 484.00
340.92 483.00
340.92 482.00
340.92 481.00
340.00 480.08
339.92 480.00
339.92 479.00
339.92 478.00
339.92 477.00
339.92 476.00
339.92 475.00
339.00 474.08
338.92 474.00
338.92 473.00
338.92 472.00
338.00 471.08
337.92 471.00
337.92 470.00
337.00 469.08
336.92 469.00
336.92 468.00
336.00 467.08
335.92 467.00
335.00 466.08
334.92 466.00
334.00 465.08
333.92 465.00
333.92 464.00
333.00 463.08
332.92 463.00
332.00 462.08
331.92 462.00
331.00 461.08
330.92 461.00
330.00 460.08
329.92 460.00
329.00 459.08
328.00 459.08
327.92 459.00
327.00 458.08
326.92 458.00
326.00 457.08
325.92 457.00
325.00 456.08
324.92 456.00
324.00 455.08
323.92 455.00
323.00 454.08
322.00 454.08
321.92 454.00
321.00 453.08
320.92 453.00
320.00 452.08
319.00 452.08
318.92 452.00
318.00 451.08
317.92 451.00
317.00 450.08
316.00 450.08
315.92 450.00
315.00 449.08
314.00 449.08
313.92 449.00
313.00 448.08
312.00 448.08
311.00 448.08
310.92 448.00
310.00 447.08
309.00 447.08
308.00 447.08
307.00 447.08
306.00 447.08
305.00 447.08
304.00 447.08
303.00 447.08
302.00 447.08
301.00 447.08
300.08 448.00
300.00 448.08
299.00 448.08
298.00 448.08
297.00 448.08
296.00 448.08
295.08 449.00
295.00 449.08
294.00 449.08
293.08 450.00
293.00 450.08
292.00 450.08
291.08 451.00
291.00 451.08
290.08 452.00
290.00 452.08
289.00 452.08
288.08 453.00
288.00 453.08
287.08 454.00
287.00 454.08
286.08 455.00
286.00 455.08
285.08 456.00
285.00 456.08
284.08 457.00
284.08 458.00
284.00 458.08
283.08 459.00
283.08 460.00
283.00 460.08
282.08 461.00
282.08 462.00
282.08 463.00
282.00 463.08
281.08 464.00
281.08 465.00
281.08 466.00
281.08 467.00
281.08 468.00
281.00 468.08
280.08 469.00
280.08 470.00
280.08 471.00
280.08 472.00
281.00 472.92
281.08 473.00
281.08 474.00
281.08 475.00
281.08 476.00
281.08 477.00
282.00 477.92
282.08 478.00
282.08 479.00
283.00 479.92
283.08 480.00
283.08 481.00
283.08 482.00
284.00 482.92
284.08 483.00
284.08 484.00
285.00 484.92
285.08 485.00
285.08 486.00
286.00 486.92
286.08 487.00
287.00 487.92
287.08 488.00
287.08 489.00
288.00 489.92
288.08 490.00
289.00 490.92
289.08 491.00
290.00 491.92
290.08 492.00
291.00 492.92
291.08 493.00
291.08 494.00
292.00 494.92
292.08 495.00
293.00 495.92
293.08 496.00
294.00 496.92
294.08 497.00
295.00 497.92
295.08 498.00
296.00 498.92
297.00 498.92
297.08 499.00
298.00 499.92
298.08 500.00
299.00 500.92
299.08 501.00
300.00 501.92
301.00 501.92
301.08 502.00
302.00 502.92
303.00 502.92
303.08 503.00
304.00 503.92
305.00 503.92
305.08 504.00
306.00 504.92
307.00 504.92
308.00 504.92
308.08 505.00
309.00 505.92
310.00 505.92
311.00 505.92
311.08 506.00
312.00 506.92
313.00 506.92
314.00 506.92
315.00 506.92
316.00 506.92
317.00 506.92
318.00 506.92
319.00 506.92
320.00 506.92
321.00 506.92
322.00 506.92
323.00 506.92
324.00 506.92
324.92 506.00
325.00 505.92
326.00 505.92
327.00 505.92
327.92 505.00
328.00 504.92
329.00 504.92
329.92 504.00
330.00 503.92
331.00 503.92
331.92 503.00
332.00 502.92
332.92 502.00
333.00 501.92
333.92 501.00
334.00 500.92
335.00 500.92
335.92 500.00
335.92 499.00
336.00 498.92
336.92 498.00
337.00 497.92
337.92 497.00
337.92 496.00
338.00 495.92
338.92 495.00
338.92 494.00
338.92 493.00
339.00 492.92
339.92 492.00
339.92 491.00
339.92 490.00
339.92 489.00
339.92 488.00
339.92 487.00
340.00 486.92
340.92 486.00

Contour 5:
367.93 565.00
367.93 564.00
367.93 563.00
367.93 562.00
367.93 561.00
367.93 560.00
367.00 559.07
366.93 559.00
366.93 558.00
366.93 557.00
366.93 556.00
366.93 555.00
366.93 554.00
366.00 553.07
365.93 553.00
365.93 552.00
365.93 551.00
365.00 550.07
364.93 550.00
364.93 549.00
364.93 548.00
364.00 547.07
363.93 547.00
363.93 546.00
363.93 545.00
363.00 544.07
362.93 544.00
362.93 543.00
362.00 542.07
361.93 542.00
361.93 541.00
361.00 540.07
360.93 540.00
360.00 539.07
359.93 539.00
359.00 538.07
358.93 538.00
358.00 537.07
357.93 537.00
357.00 536.07
356.93 536.00
356.00 535.07
355.00 535.07
354.93 535.00
354.00 534.07
353.00 534.07
352.93 534.00
352.00 533.07
351.00 533.07
350.93 533.00
350.00 532.07
349.00 532.07
348.00 532.07
347.93 532.00
347.00 531.07
346.00 531.07
345.00 531.07
344.00 531.07
343.93 531.00
343.00 530.07
342.00 530.07
341.00 530.07
340.00 530.07
339.07 531.00
339.00 531.07
338.00 531.07
337.00 531.07
336.00 531.07
335.00 531.07
334.07 532.00
334.00 532.07
333.00 532.07
332.00 532.07
331.00 532.07
330.00 532.07
329.07 533.00
329.00 533.07
328.00 533.07
327.00 533.07
326.07 534.00
326.00 534.07
325.00 534.07
324.00 534.07
323.00 534.07
322.07 535.00
322.00 535.07
321.00 535.07
320.00 535.07
319.07 536.00
319.00 536.07
318.00 536.07
317.07 537.00
317.00 537.07
316.07 538.00
316.00 538.07
315.00 538.07
314.07 539.00
314.00 539.07
313.07 540.00
313.00 540.07
312.07 541.00
312.00 541.07
311.07 542.00
311.07 543.00
311.00 543.07
310.07 544.00
310.00 544.07
309.07 545.00
309.07 546.00
309.00 546.07
308.07 547.00
308.00 547.07
307.07 548.00
307.07 549.00
307.00 549.07
306.07 550.00
306.07 551.00
306.00 551.07
305.07 552.00
305.00 552.07
304.07 553.00
304.07 554.00
304.00 554.07
303.07 555.00
303.07 556.00
303.07 557.00
303.00 557.07
302.07 558.00
302.07 559.00
302.07 560.00
302.00 560.07
301.07 561.00
301.07 562.00
301.07 563.00
301.07 564.00
301.00 564.07
300.07 565.00
300.07 566.00
300.07 567.00
300.07 568.00
300.07 569.00
300.07 570.00
300.07 571.00
300.07 572.00
301.00 572.93
301.07 573.00
301.07 574.00
301.07 575.00
301.07 576.00
301.07 577.00
302.00 577.93
302.07 578.00
302.07 579.00
303.00 579.93
303.07 580.00
303.07 581.00
303.07 582.00
304.00 582.93
304.07 583.00
305.00 583.93
305.07 584.00
305.07 585.00
306.00 585.93
306.07 586.00
307.00 586.93
307.07 587.00
308.00 587.93
308.07 588.00
308.07 589.00
309.00 589.93
310.00 589.93
310.07 590.00
311.00 590.93
311.07 591.00
312.00 591.93
312.07 592.00
313.00 592.93
314.00 592.93
314.07 593.00
315.00 593.93
315.07 594.00
316.00 594.93
317.00 594.93
317.07 595.00
318.00 595.93
319.00 595.93
319.07 596.00
320.00 596.93
321.00 596.93
321.07 597.00
322.00 597.93
323.00 597.93
324.00 597.93
324.07 598.00
325.00 598.93
326.00 598.93
327.00 598.93
328.00 598.93
329.00 598.93
330.00 598.93
330.07 599.00
331.00 599.93
332.00 599.93
333.00 599.93
334.00 599.93
334.93 599.00
335.00 598.93
336.00 598.93
337.00 598.93
338.00 598.93
339.00 598.93
340.00 598.93
340.93 598.00
341.00 597.93
342.00 597.93
343.00 597.93
344.00 597.93
344.93 597.00
345.00 596.93
346.00 596.93
346.93 596.00
347.00 595.93
348.00 595.93
348.93 595.00
349.00 594.93
350.00 594.93
350.93 594.00
351.00 593.93
351.93 593.00
352.00 592.93
353.00 592.93
353.93 592.00
354.00 591.93
354.93 591.00
355.00 590.93
355.93 590.00
356.00 589.93
356.93 589.00
357.00 588.93
357.93 588.00
358.00 587.93
358.93 587.00
359.00 586.93
359.93 586.00
360.00 585.93
360.93 585.00
360.93 584.00
361.00 583.93
361.93 583.00
362.00 582.93
362.93 582.00
362.93 581.00
363.00 580.93
363.93 580.00
363.93 579.00
364.00 578.93
364.93 578.00
364.93 577.00
365.00 576.93
365.93 576.00
365.93 575.00
365.93 574.00
365.93 573.00
366.00 572.93
366.93 572.00
366.93 571.00
366.93 570.00
366.93 569.00
366.93 568.00
366.93 567.00
366.93 566.00
367.00 565.93
367.93 565.00

Contour 6:
394.94 937.00
394.94 936.00
394.94 935.00
394.94 934.00
394.94 933.00
394.94 932.00
394.94 931.00
394.94 930.00
394.94 929.00
394.94 928.00
394.94 927.00
394.94 926.00
394.94 925.00
394.94 924.00
394.94 923.00
394.94 922.00
394.94 921.00
394.94 920.00
394.00 919.06
393.94 919.00
393.94 918.00
393.94 917.00
393.00 916.06
392.94 916.00
392.94 915.00
392.94 914.00
392.00 913.06
391.94 913.00
391.94 912.00
391.00 911.06
390.94 911.00
390.94 910.00
390.94 909.00
390.00 908.06
389.94 908.00
389.00 907.06
388.94 907.00
388.94 906.00
388.00 905.06
387.94 905.00
387.00 904.06
386.94 904.00
386.00 903.06
385.94 903.00
385.94 902.00
385.00 901.06
384.94 901.00
384.00 900.06
383.94 900.00
383.00 899.06
382.94 899.00
382.94 898.00
382.00 897.06
381.94 897.00
381.00 896.06
380.94 896.00
380.00 895.06
379.94 895.00
379.00 894.06
378.00 894.06
377.94 894.00
377.00 893.06
376.94 893.00
376.00 892.06
375.94 892.00
375.00 891.06
374.00 891.06
373.94 891.00
373.00 890.06
372.00 890.06
371.94 890.00
371.00 889.06
370.94 889.00
370.00 888.06
369.00 888.06
368.94 888.00
368.00 887.06
367.00 887.06
366.94 887.00
366.00 886.06
365.00 886.06
364.94 886.00
364.00 885.06
363.00 885.06
362.00 885.06
361.00 885.06
360.00 885.06
359.94 885.00
359.00 884.06
358.00 884.06
357.00 884.06
356.06 885.00
356.00 885.06
355.00 885.06
354.00 885.06
353.00 885.06
352.00 885.06
351.06 886.00
351.00 886.06
350.00 886.06
349.00 886.06
348.06 887.00
348.00 887.06
347.06 888.00
347.00 888.06
346.00 888.06
345.06 889.00
345.00 889.06
344.06 890.00
344.00 890.06
343.06 891.00
343.00 891.06
342.06 892.00
342.00 892.06
341.06 893.00
341.06 894.00
341.00 894.06
340.06 895.00
340.06 896.00
340.00 896.06
339.06 897.00
339.06 898.00
339.00 898.06
338.06 899.00
338.06 900.00
338.06 901.00
338.00 901.06
337.06 902.00
337.06 903.00
337.06 904.00
337.00 904.06
336.06 905.00
336.06 906.00
336.06 907.00
336.00 907.06
335.06 908.00
335.06 909.00
335.06 910.00
335.06 911.00
335.06 912.00
335.06 913.00
335.00 913.06
334.06 914.00
334.06 915.00
334.06 916.00
334.06 917.00
334.06 918.00
334.06 919.00
334.06 920.00
334.06 921.00
334.06 922.00
334.06 923.00
334.06 924.00
335.00 924.94
335.06 925.00
335.06 926.00
335.06 927.00
335.06 928.00
335.06 929.00
335.06 930.00
335.06 931.00
336.00 931.94
336.06 932.00
336.06 933.00
336.06 934.00
336.06 935.00
336.06 936.00
336.06 937.00
336.06 938.00
337.00 938.94
337.06 939.00
337.06 940.00
337.06 941.00
338.00 941.94
338.06 942.00
338.06 943.00
338.06 944.00
339.00 944.94
339.06 945.00
339.06 946.00
340.00 946.94
340.06 947.00
340.06 948.00
341.00 948.94
341.06 949.00
342.00 949.94
342.06 950.00
343.00 950.94
343.06 951.00
344.00 951.94
344.06 952.00
345.00 952.94
345.06 953.00
346.00 953.94
346.06 954.00
347.00 954.94
347.06 955.00
348.00 955.94
349.00 955.94
349.06 956.00
350.00 956.94
351.00 956.94
352.00 956.94
352.06 957.00
353.00 957.94
354.00 957.94
355.00 957.94
355.06 958.00
356.00 958.94
357.00 958.94
358.00 958.94
359.00 958.94
360.00 958.94
361.00 958.94
361.06 959.00
362.00 959.94
363.00 959.94
364.00 959.94
365.00 959.94
366.00 959.94
367.00 959.94
368.00 959.94
368.94 959.00
369.00 958.94
370.00 958.94
371.00 958.94
372.00 958.94
373.00 958.94
373.94 958.00
374.00 957.94
375.00 957.94
376.00 957.94
376.94 957.00
377.00 956.94
378.00 956.94
379.00 956.94
379.94 956.00
380.00 955.94
380.94 955.00
381.00 954.94
382.00 954.94
382.94 954.00
383.00 953.94
383.94 953.00
384.00 952.94
384.94 952.00
385.00 951.94
385.94 951.00
386.00 950.94
386.94 950.00
387.00 949.94
387.94 949.00
388.00 948.94
388.94 948.00
389.00 947.94
389.94 947.00
389.94 946.00
390.00 945.94
390.94 945.00
391.00 944.94
391.94 944.00
391.94 943.00
392.00 942.94
392.94 942.00
392.94 941.00
393.00 940.94
393.94 940.00
393.94 939.00
393.94 938.00
394.00 937.94
394.94 937.00

Contour 7:
413.94 407.00
413.94 406.00
413.94 405.00
413.94 404.00
413.94 403.00
413.94 402.00
413.00 401.06
412.94 401.00
412.94 400.00
412.94 399.00
412.94 398.00
412.00 397.06
411.94 397.00
411.94 396.00
411.94 395.00
411.00 394.06
410.94 394.00
410.94 393.00
410.94 392.00
410.00 391.06
409.94 391.00
409.94 390.00
409.00 389.06
408.94 389.00
408.94 388.00
408.00 387.06
407.94 387.00
407.00 386.06
406.94 386.00
406.00 385.06
405.94 385.00
405.00 384.06
404.94 384.00
404.94 383.00
404.00 382.06
403.94 382.00
403.00 381.06
402.00 381.06
401.94 381.00
401.00 380.06
400.94 380.00
400.00 379.06
399.00 379.06
398.94 379.00
398.00 378.06
397.00 378.06
396.94 378.00
396.00 377.06
395.00 377.06
394.94 377.00
394.00 376.06
393.00 376.06
392.00 376.06
391.94 376.00
391.00 375.06
390.00 375.06
389.94 375.00
389.00 374.06
388.00 374.06
387.00 374.06
386.00 374.06
385.94 374.00
385.00 373.06
384.00 373.06
383.00 373.06
382.00 373.06
381.94 373.00
381.00 372.06
380.00 372.06
379.00 372.06
378.00 372.06
377.00 372.06
376.00 372.06
375.00 372.06
374.00 372.06
373.00 372.06
372.00 372.06
371.00 372.06
370.00 372.06
369.00 372.06
368.00 372.06
367.00 372.06
366.06 373.00
366.00 373.06
365.00 373.06
364.00 373.06
363.00 373.06
362.06 374.00
362.00 374.06
361.00 374.06
360.06 375.00
360.00 375.06
359.00 375.06
358.06 376.00
358.00 376.06
357.06 377.00
357.00 377.06
356.06 378.00
356.00 378.06
355.06 379.00
355.00 379.06
354.06 380.00
354.00 380.06
353.06 381.00
353.00 381.06
352.06 382.00
352.00 382.06
351.06 383.00
351.00 383.06
350.06 384.00
350.06 385.00
350.00 385.06
349.06 386.00
349.00 386.06
348.06 387.00
348.00 387.06
347.06 388.00
347.00 388.06
346.06 389.00
346.06 390.00
346.00 390.06
345.06 391.00
345.06 392.00
345.00 392.06
344.06 393.00
344.06 394.00
344.00 394.06
343.06 395.00
343.06 396.00
343.06 397.00
343.06 398.00
343.06 399.00
343.00 399.06
342.06 400.00
342.06 401.00
342.06 402.00
342.06 403.00
342.06 404.00
342.06 405.00
342.06 406.00
342.06 407.00
342.06 408.00
342.06 409.00
342.06 410.00
342.06 411.00
343.00 411.94
343.06 412.00
343.06 413.00
343.06 414.00
343.06 415.00
343.06 416.00
344.00 416.94
344.06 417.00
344.06 418.00
344.06 419.00
345.00 419.94
345.06 420.00
345.06 421.00
346.00 421.94
346.06 422.00
347.00 422.94
347.06 423.00
347.06 424.00
348.00 424.94
348.06 425.00
349.00 425.94
349.06 426.00
350.00 426.94
350.06 427.00
351.00 427.94
351.06 428.00
352.00 428.94
352.06 429.00
353.00 429.94
354.00 429.94
354.06 430.00
355.00 430.94
355.06 431.00
356.00 431.94
357.00 431.94
357.06 432.00
358.00 432.94
358.06 433.00
359.00 433.94
360.00 433.94
360.06 434.00
361.00 434.94
362.00 434.94
363.00 434.94
364.00 434.94
364.06 435.00
365.00 435.94
366.00 435.94
367.00 435.94
368.00 435.94
369.00 435.94
370.00 435.94
371.00 435.94
372.00 435.94
373.00 435.94
374.00 435.94
375.00 435.94
376.00 435.94
377.00 435.94
378.00 435.94
379.00 435.94
380.00 435.94
381.00 435.94
382.00 435.94
383.00 435.94
384.00 435.94
385.00 435.94
385.94 435.00
386.00 434.94
387.00 434.94
388.00 434.94
389.00 434.94
389.94 434.00
390.00 433.94
391.00 433.94
392.00 433.94
392.94 433.00
393.00 432.94
394.00 432.94
394.94 432.00
395.00 431.94
396.00 431.94
396.94 431.00
397.00 430.94
398.00 430.94
398.94 430.00
399.00 429.94
399.94 429.00
400.00 428.94
401.00 428.94
401.94 428.00
402.00 427.94
402.94 427.00
403.00 426.94
403.94 426.00
404.00 425.94
405.00 425.94
405.94 425.00
406.00 424.94
406.94 424.00
406.94 423.00
407.00 422.94
407.94 422.00
408.00 421.94
408.94 421.00
408.94 420.00
409.00 419.94
409.94 419.00
410.00 418.94
410.94 418.00
410.94 417.00
410.94 416.00
411.00 415.94
411.94 415.00
411.94 414.00
411.94 413.00
412.00 412.94
412.94 412.00
412.94 411.00
412.94 410.00
412.94 409.00
412.94 408.00
413.00 407.94
413.94 407.00

Contour 8:
410.95 231.00
410.95 230.00
410.95 229.00
410.95 228.00
410.95 227.00
410.95 226.00
410.95 225.00
410.95 224.00
410.95 223.00
410.95 222.00
410.95 221.00
410.00 220.05
409.95 220.00
409.95 219.00
409.95 218.00
409.00 217.05
408.95 217.00
408.95 216.00
408.00 215.05
407.95 215.00
407.00 214.05
406.95 214.00
406.95 213.00
406.00 212.05
405.95 212.00
405.00 211.05
404.95 211.00
404.00 210.05
403.95 210.00
403.00 209.05
402.95 209.00
402.00 208.05
401.00 208.05
400.95 208.00
400.00 207.05
399.00 207.05
398.95 207.00
398.00 206.05
397.95 206.00
397.00 205.05
396.00 205.05
395.00 205.05
394.95 205.00
394.00 204.05
393.00 204.05
392.00 204.05
391.00 204.05
390.00 204.05
389.00 204.05
388.00 204.05
387.00 204.05
386.00 204.05
385.00 204.05
384.00 204.05
383.00 204.05
382.05 205.00
382.00 205.05
381.00 205.05
380.00 205.05
379.00 205.05
378.05 206.00
378.00 206.05
377.00 206.05
376.00 206.05
375.05 207.00
375.00 207.05
374.00 207.05
373.05 208.00
373.00 208.05
372.00 208.05
371.05 209.00
371.00 209.05
370.05 210.00
370.00 210.05
369.00 210.05
368.05 211.00
368.00 211.05
367.05 212.00
367.00 212.05
366.05 213.00
366.00 213.05
365.05 214.00
365.00 214.05
364.05 215.00
364.00 215.05
363.05 216.00
363.00 216.05
362.05 217.00
362.00 217.05
361.05 218.00
361.00 218.05
360.05 219.00
360.05 220.00
360.00 220.05
359.05 221.00
359.05 222.00
359.00 222.05
358.05 223.00
358.05 224.00
358.00 224.05
357.05 225.00
357.05 226.00
357.05 227.00
357.05 228.00
357.05 229.00
357.00 229.05
356.05 230.00
356.05 231.00
356.05 232.00
356.05 233.00
356.05 234.00
356.00 234.05
355.05 235.00
355.05 236.00
355.05 237.00
355.05 238.00
355.05 239.00
355.05 240.00
355.00 240.05
354.05 241.00
354.05 242.00
354.05 243.00
354.05 244.00
354.05 245.00
354.05 246.00
354.05 247.00
354.05 248.00
354.05 249.00
354.05 250.00
354.05 251.00
354.05 252.00
354.05 253.00
354.05 254.00
355.00 254.95
355.05 255.00
355.05 256.00
355.05 257.00
355.05 258.00
356.00 258.95
356.05 259.00
356.05 260.00
357.00 260.95
357.05 261.00
357.05 262.00
358.00 262.95
358.05 263.00
359.00 263.95
359.05 264.00
360.00 264.95
360.05 265.00
361.00 265.95
361.05 266.00
362.00 266.95
362.05 267.00
363.00 267.95
364.00 267.95
364.05 268.00
365.00 268.95
366.00 268.95
366.05 269.00
367.00 269.95
368.00 269.95
369.00 269.95
370.00 269.95
371.00 269.95
372.00 269.95
373.00 269.95
374.00 269.95
375.00 269.95
376.00 269.95
376.95 269.00
377.00 268.95
378.00 268.95
379.00 268.95
380.00 268.95
380.95 268.00
381.00 267.95
382.00 267.95
382.95 267.00
383.00 266.95
384.00 266.95
384.95 266.00
385.00 265.95
386.00 265.95
386.95 265.00
387.00 264.95
388.00 264.95
388.95 264.00
389.00 263.95
389.95 263.00
390.00 262.95
391.00 262.95
391.95 262.00
392.00 261.95
392.95 261.00
393.00 260.95
393.95 260.00
394.00 259.95
394.95 259.00
395.00 258.95
395.95 258.00
396.00 257.95
396.95 257.00
397.00 256.95
397.95 256.00
398.00 255.95
398.95 255.00
399.00 254.95
399.95 254.00
400.00 253.95
400.95 253.00
400.95 252.00
401.00 251.95
401.95 251.00
402.00 250.95
402.95 250.00
402.95 249.00
403.00 248.95
403.95 248.00
403.95 247.00
404.00 246.95
404.95 246.00
405.00 245.95
405.95 245.00
405.95 244.00
406.00 243.95
406.95 243.00
406.95 242.00
407.00 241.95
407.95 241.00
407.95 240.00
407.95 239.00
408.00 238.95
408.95 238.00
408.95 237.00
408.95 236.00
409.00 235.95
409.95 235.00
409.95 234.00
409.95 233.00
409.95 232.00
410.00 231.95
410.95 231.00

Contour 9:
435.95 796.00
435.95 795.00
435.95 794.00
435.95 793.00
435.95 792.00
435.95 791.00
435.95 790.00
435.95 789.00
435.95 788.00
435.95 787.00
435.95 786.00
435.95 785.00
435.95 784.00
435.95 783.00
435.95 782.00
435.95 781.00
435.00 780.05
434.95 780.00
434.95 779.00
434.95 778.00
434.00 777.05
433.95 777.00
433.95 776.00
433.00 775.05
432.95 775.00
432.95 774.00
432.00 773.05
431.95 773.00
431.95 772.00
431.00 771.05
430.95 771.00
430.00 770.05
429.95 770.00
429.00 769.05
428.95 769.00
428.00 768.05
427.95 768.00
427.00 767.05
426.95 767.00
426.00 766.05
425.95 766.00
425.00 765.05
424.95 765.00
424.00 764.05
423.00 764.05
422.95 764.00
422.00 763.05
421.00 763.05
420.95 763.00
420.00 762.05
419.00 762.05
418.95 762.00
418.00 761.05
417.00 761.05
416.95 761.00
416.00 760.05
415.00 760.05
414.00 760.05
413.00 760.05
412.95 760.00
412.00 759.05
411.00 759.05
410.00 759.05
409.00 759.05
408.00 759.05
407.00 759.05
406.95 759.00
406.00 758.05
405.00 758.05
404.00 758.05
403.05 759.00
403.00 759.05
402.00 759.05
401.00 759.05
400.00 759.05
399.00 759.05
398.05 760.00
398.00 760.05
397.00 760.05
396.00 760.05
395.00 760.05
394.05 761.00
394.00 761.05
393.00 761.05
392.00 761.05
391.05 762.00
391.00 762.05
390.00 762.05
389.05 763.00
389.00 763.05
388.00 763.05
387.05 764.00
387.00 764.05
386.00 764.05
385.05 765.00
385.00 765.05
384.00 765.05
383.05 766.00
383.00 766.05
382.05 767.00
382.00 767.05
381.00 767.05
380.05 768.00
380.00 768.05
379.05 769.00
379.00 769.05
378.05 770.00
378.00 770.05
377.05 771.00
377.00 771.05
376.05 772.00
376.00 772.05
375.05 773.00
375.00 773.05
374.05 774.00
374.00 774.05
373.05 775.00
373.05 776.00
373.00 776.05
372.05 777.00
372.00 777.05
371.05 778.00
371.05 779.00
371.00 779.05
370.05 780.00
370.05 781.00
370.00 781.05
369.05 782.00
369.05 783.00
369.05 784.00
369.00 784.05
368.05 785.00
368.05 786.00
368.05 787.00
368.00 787.05
367.05 788.00
367.05 789.00
367.05 790.00
367.05 791.00
367.05 792.00
367.00 792.05
366.05 793.00
366.05 794.00
366.05 795.00
366.05 796.00
366.05 797.00
366.05 798.00
366.05 799.00
366.05 800.00
367.00 800.95
367.05 801.00
367.05 802.00
367.05 803.00
367.05 804.00
367.05 805.00
368.00 805.95
368.05 806.00
368.05 807.00
368.05 808.00
369.00 808.95
369.05 809.00
369.05 810.00
369.05 811.00
370.00 811.95
370.05 812.00
370.05 813.00
371.00 813.95
371.05 814.00
371.05 815.00
372.00 815.95
372.05 816.00
372.05 817.00
373.00 817.95
373.05 818.00
373.05 819.00
374.00 819.95
374.05 820.00
375.00 820.95
375.05 821.00
375.05 822.00
376.00 822.95
376.05 823.00
377.00 823.95
377.05 824.00
378.00 824.95
379.00 824.95
379.05 825.00
380.00 825.95
380.05 826.00
381.00 826.95
382.00 826.95
382.05 827.00
383.00 827.95
384.00 827.95
384.05 828.00
385.00 828.95
386.00 828.95
387.00 828.95
387.05 829.00
388.00 829.95
389.00 829.95
390.00 829.95
391.00 829.95
391.05 830.00
392.00 830.95
393.00 830.95
394.00 830.95
395.00 830.95
396.00 830.95
397.00 830.95
398.00 830.95
399.00 830.95
400.00 830.95
401.00 830.95
402.00 830.95
403.00 830.95
404.00 830.95
405.00 830.95
405.95 830.00
406.00 829.95
407.00 829.95
408.00 829.95
409.00 829.95
409.95 829.00
410.00 828.95
411.00 828.95
411.95 828.00
412.00 827.95
412.95 827.00
413.00 826.95
414.00 826.95
414.95 826.00
415.00 825.95
415.95 825.00
416.00 824.95
416.95 824.00
417.00 823.95
417.95 823.00
418.00 822.95
418.95 822.00
419.00 821.95
419.95 821.00
420.00 820.95
420.95 820.00
421.00 819.95
421.95 819.00
422.00 818.95
422.95 818.00
423.00 817.95
423.95 817.00
423.95 816.00
424.00 815.95
424.95 815.00
425.00 814.95
425.95 814.00
426.00 813.95
426.95 813.00
426.95 812.00
427.00 811.95
427.95 811.00
428.00 810.95
428.95 810.00
429.00 809.95
429.95 809.00
429.95 808.00
430.00 807.95
430.95 807.00
431.00 806.95
431.95 806.00
431.95 805.00
432.00 804.95
432.95 804.00
432.95 803.00
433.00 802.95
433.95 802.00
433.95 801.00
433.95 800.00
434.00 799.95
434.95 799.00
434.95 798.00
434.95 797.00
435.00 796.95
435.95 796.00

Contour 10:
463.96 629.00
463.96 628.00
463.96 627.00
463.96 626.00
463.96 625.00
463.96 624.00
463.96 623.00
463.96 622.00
463.00 621.04
462.96 621.00
462.96 620.00
462.96 619.00
462.96 618.00
462.96 617.00
462.00 616.04
461.96 616.00
461.96 615.00
461.00 614.04
460.96 614.00
460.96 613.00
460.00 612.04
459.96 612.00
459.96 611.00
459.00 610.04
458.96 610.00
458.00 609.04
457.96 609.00
457.96 608.00
457.00 607.04
456.96 607.00
456.00 606.04
455.96 606.00
455.00 605.04
454.96 605.00
454.00 604.04
453.96 604.00
453.00 603.04
452.96 603.00
452.00 602.04
451.00 602.04
450.96 602.00
450.00 601.04
449.96 601.00
449.00 600.04
448.00 600.04
447.96 600.00
447.00 599.04
446.00 599.04
445.96 599.00
445.00 598.04
444.00 598.04
443.96 598.00
443.00 597.04
442.00 597.04
441.00 597.04
440.00 597.04
439.96 597.00
439.00 596.04
438.00 596.04
437.00 596.04
436.00 596.04
435.00 596.04
434.00 596.04
433.00 596.04
432.00 596.04
431.00 596.04
430.00 596.04
429.00 596.04
428.00 596.04
427.00 596.04
426.00 596.04
425.00 596.04
424.00 596.04
423.00 596.04
422.04 597.00
422.00 597.04
421.00 597.04
420.00 597.04
419.04 598.00
419.00 598.04
418.00 598.04
417.00 598.04
416.04 599.00
416.00 599.04
415.00 599.04
414.04 600.00
414.00 600.04
413.04 601.00
413.00 601.04
412.04 602.00
412.00 602.04
411.00 602.04
410.04 603.00
410.00 603.04
409.04 604.00
409.00 604.04
408.04 605.00
408.00 605.04
407.04 606.00
407.00 606.04
406.04 607.00
406.00 607.04
405.04 608.00
405.00 608.04
404.04 609.00
404.00 609.04
403.04 610.00
403.00 610.04
402.04 611.00
402.00 611.04
401.04 612.00
401.04 613.00
401.00 613.04
400.04 614.00
400.00 614.04
399.04 615.00
399.04 616.00
399.00 616.04
398.04 617.00
398.04 618.00
398.04 619.00
398.00 619.04
397.04 620.00
397.04 621.00
397.04 622.00
397.04 623.00
397.00 623.04
396.04 624.00
396.04 625.00
396.04 626.00
396.04 627.00
396.04 628.00
396.04 629.00
396.04 630.00
397.00 630.96
397.04 631.00
397.04 632.00
397.04 633.00
397.04 634.00
398.00 634.96
398.04 635.00
398.04 636.00
398.04 637.00
399.00 637.96
399.04 638.00
399.04 639.00
400.00 639.96
400.04 640.00
400.04 641.00
400.04 642.00
401.00 642.96
401.04 643.00
402.00 643.96
402.04 644.00
402.04 645.00
403.00 645.96
403.04 646.00
404.00 646.96
404.04 647.00
405.00 647.96
405.04 648.00
406.00 648.96
406.04 649.00
407.00 649.96
407.04 650.00
408.00 650.96
408.04 651.00
409.00 651.96
409.04 652.00
410.00 652.96
411.00 652.96
411.04 653.00
412.00 653.96
412.04 654.00
413.00 654.96
414.00 654.96
415.00 654.96
415.04 655.00
416.00 655.96
417.00 655.96
417.04 656.00
418.00 656.96
419.00 656.96
420.00 656.96
420.04 657.00
421.00 657.96
422.00 657.96
423.00 657.96
424.00 657.96
424.04 658.00
425.00 658.96
426.00 658.96
427.00 658.96
428.00 658.96
429.00 658.96
430.00 658.96
431.00 658.96
432.00 658.96
433.00 658.96
434.00 658.96
435.00 658.96
436.00 658.96
436.96 658.00
437.00 657.96
438.00 657.96
439.00 657.96
439.96 657.00
440.00 656.96
441.00 656.96
442.00 656.96
442.96 656.00
443.00 655.96
444.00 655.96
445.00 655.96
445.96 655.00
446.00 654.96
447.00 654.96
447.96 654.00
448.00 653.96
448.96 653.00
449.00 652.96
450.00 652.96
450.96 652.00
451.00 651.96
451.96 651.00
452.00 650.96
452.96 650.00
453.00 649.96
453.96 649.00
454.00 648.96
454.96 648.00
455.00 647.96
455.96 647.00
456.00 646.96
456.96 646.00
456.96 645.00
457.00 644.96
457.96 644.00
458.00 643.96
458.96 643.00
458.96 642.00
459.00 641.96
459.96 641.00
460.00 640.96
460.96 640.00
460.96 639.00
460.96 638.00
461.00 637.96
461.96 637.00
461.96 636.00
462.00 635.96
462.96 635.00
462.96 634.00
462.96 633.00
462.96 632.00
462.96 631.00
462.96 630.00
463.00 629.96
463.96 629.00

Contour 11:
504.96 153.00
504.96 152.00
504.96 151.00
504.96 150.00
504.96 149.00
504.96 148.00
504.96 147.00
504.96 146.00
504.96 145.00
504.96 144.00
504.96 143.00
504.00 142.04
503.96 142.00
503.96 141.00
503.96 140.00
503.96 139.00
503.96 138.00
503.96 137.00
503.96 136.00
503.96 135.00
503.96 134.00
503.96 133.00
503.00 132.04
502.96 132.00
502.96 131.00
502.96 130.00
502.96 129.00
502.96 128.00
502.00 127.04
501.96 127.00
501.96 126.00
501.96 125.00
501.00 124.04
500.96 124.00
500.96 123.00
500.96 122.00
500.00 121.04
499.96 121.00
499.96 120.00
499.00 119.04
498.96 119.00
498.96 118.00
498.00 117.04
497.96 117.00
497.96 116.00
497.00 115.04
496.96 115.00
496.00 114.04
495.96 114.00
495.00 113.04
494.96 113.00
494.00 112.04
493.96 112.00
493.00 111.04
492.00 111.04
491.96 111.00
491.00 110.04
490.00 110.04
489.96 110.00
489.00 109.04
488.00 109.04
487.96 109.00
487.00 108.04
486.00 108.04
485.00 108.04
484.00 108.04
483.00 108.04
482.00 108.04
481.00 108.04
480.00 108.04
479.00 108.04
478.00 108.04
477.04 109.00
477.00 109.04
476.00 109.04
475.00 109.04
474.04 110.00
474.00 110.04
473.00 110.04
472.04 111.00
472.00 111.04
471.00 111.04
470.04 112.00
470.00 112.04
469.00 112.04
468.04 113.00
468.00 113.04
467.04 114.00
467.00 114.04
466.04 115.00
466.00 115.04
465.00 115.04
464.04 116.00
464.00 116.04
463.04 117.00
463.00 117.04
462.04 118.00
462.04 119.00
462.00 119.04
461.04 120.00
461.00 120.04
460.04 121.00
460.00 121.04
459.04 122.00
459.04 123.00
459.00 123.04
458.04 124.00
458.04 125.00
458.00 125.04
457.04 126.00
457.00 126.04
456.04 127.00
456.04 128.00
456.00 128.04
455.04 129.00
455.04 130.00
455.00 130.04
454.04 131.00
454.04 132.00
454.04 133.00
454.00 133.04
453.04 134.00
453.04 135.00
453.04 136.00
453.04 137.00
453.00 137.04
452.04 138.00
452.04 139.00
452.04 140.00
452.04 141.00
452.04 142.00
452.04 143.00
452.00 143.04
451.04 144.00
451.04 145.00
451.04 146.00
451.04 147.00
451.04 148.00
451.04 149.00
451.04 150.00
451.04 151.00
451.04 152.00
452.00 152.96
452.04 153.00
452.04 154.00
452.04 155.00
452.04 156.00
453.00 156.96
453.04 157.00
453.04 158.00
454.00 158.96
454.04 159.00
454.04 160.00
455.00 160.96
455.04 161.00
456.00 161.96
456.04 162.00
456.04 163.00
457.00 163.96
457.04 164.00
458.00 164.96
458.04 165.00
458.04 166.00
459.00 166.96
459.04 167.00
460.00 167.96
460.04 168.00
461.00 168.96
462.00 168.96
462.04 169.00
463.00 169.96
463.04 170.00
464.00 170.96
464.04 171.00
465.00 171.96
466.00 171.96
466.04 172.00
467.00 172.96
468.00 172.96
468.04 173.00
469.00 173.96
470.00 173.96
470.04 174.00
471.00 174.96
472.00 174.96
473.00 174.96
473.04 175.00
474.00 175.96
475.00 175.96
476.00 175.96
477.00 175.96
478.00 175.96
479.00 175.96
480.00 175.96
481.00 175.96
482.00 175.96
483.00 175.96
483.96 175.00
484.00 174.96
485.00 174.96
486.00 174.96
487.00 174.96
487.96 174.00
488.00 173.96
489.00 173.96
489.96 173.00
490.00 172.96
491.00 172.96
491.96 172.00
492.00 171.96
492.96 171.00
493.00 170.96
493.96 170.00
494.00 169.96
495.00 169.96
495.96 169.00
496.00 168.96
496.96 168.00
497.00 167.96
497.96 167.00
498.00 166.96
498.96 166.00
498.96 165.00
499.00 164.96
499.96 164.00
500.00 163.96
500.96 163.00
500.96 162.00
501.00 161.96
501.96 161.00
501.96 160.00
502.00 159.96
502.96 159.00
502.96 158.00
503.00 157.96
503.96 157.00
503.96 156.00
503.96 155.00
503.96 154.00
504.00 153.96
504.96 153.00

Contour 12:
556.96 509.00
556.96 508.00
556.96 507.00
556.96 506.00
556.96 505.00
556.96 504.00
556.96 503.00
556.96 502.00
556.96 501.00
556.96 500.00
556.96 499.00
556.00 498.04
555.96 498.00
555.96 497.00
555.96 496.00
555.96 495.00
555.00 494.04
554.96 494.00
554.96 493.00
554.00 492.04
553.96 492.00
553.96 491.00
553.96 490.00
553.00 489.04
552.96 489.00
552.96 488.00
552.00 487.04
551.96 487.00
551.96 486.00
551.00 485.04
550.96 485.00
550.96 484.00
550.00 483.04
549.96 483.00
549.00 482.04
548.96 482.00
548.00 481.04
547.96 481.00
547.00 480.04
546.96 480.00
546.00 479.04
545.00 479.04
544.96 479.00
544.00 478.04
543.00 478.04
542.96 478.00
542.00 477.04
541.96 477.00
541.00 476.04
540.00 476.04
539.96 476.00
539.00 475.04
538.00 475.04
537.96 475.00
537.00 474.04
536.00 474.04
535.96 474.00
535.00 473.04
534.00 473.04
533.96 473.00
533.00 472.04
532.00 472.04
531.00 472.04
530.00 472.04
529.96 472.00
529.00 471.04
528.00 471.04
527.00 471.04
526.00 471.04
525.00 471.04
524.00 471.04
523.04 472.00
523.00 472.04
522.00 472.04
521.00 472.04
520.00 472.04
519.04 473.00
519.00 473.04
518.00 473.04
517.04 474.00
517.00 474.04
516.00 474.04
515.04 475.00
515.00 475.04
514.00 475.04
513.04 476.00
513.00 476.04
512.04 477.00
512.00 477.04
511.04 478.00
511.00 478.04
510.00 478.04
509.04 479.00
509.00 479.04
508.04 480.00
508.00 480.04
507.04 481.00
507.00 481.04
506.04 482.00
506.00 482.04
505.04 483.00
505.00 483.04
504.04 484.00
504.04 485.00
504.00 485.04
503.04 486.00
503.00 486.04
502.04 487.00
502.04 488.00
502.00 488.04
501.04 489.00
501.04 490.00
501.00 490.04
500.04 491.00
500.04 492.00
500.04 493.00
500.00 493.04
499.04 494.00
499.04 495.00
499.04 496.00
499.04 497.00
499.04 498.00
499.04 499.00
499.04 500.00
499.04 501.00
499.04 502.00
499.04 503.00
499.04 504.00
500.00 504.96
500.04 505.00
500.04 506.00
500.04 507.00
500.04 508.00
501.00 508.96
501.04 509.00
501.04 510.00
501.04 511.00
502.00 511.96
502.04 512.00
502.04 513.00
503.00 513.96
503.04 514.00
503.04 515.00
504.00 515.96
504.04 516.00
504.04 517.00
505.00 517.96
505.04 518.00
506.00 518.96
506.04 519.00
506.04 520.00
507.00 520.96
507.04 521.00
508.00 521.96
508.04 522.00
509.00 522.96
509.04 523.00
510.00 523.96
510.04 524.00
511.00 524.96
511.04 525.00
512.00 525.96
512.04 526.00
513.00 526.96
513.04 527.00
514.00 527.96
514.04 528.00
515.00 528.96
515.04 529.00
516.00 529.96
516.04 530.00
517.00 530.96
517.04 531.00
518.00 531.96
518.04 532.00
519.00 532.96
519.04 533.00
520.00 533.96
520.04 534.00
521.00 534.96
522.00 534.96
522.04 535.00
523.00 535.96
524.00 535.96
524.04 536.00
525.00 536.96
526.00 536.96
527.00 536.96
528.00 536.96
529.00 536.96
530.00 536.96
531.00 536.96
532.00 536.96
533.00 536.96
534.00 536.96
535.00 536.96
536.00 536.96
537.00 536.96
537.96 536.00
538.00 535.96
539.00 535.96
540.00 535.96
540.96 535.00
541.00 534.96
542.00 534.96
542.96 534.00
543.00 533.96
543.96 533.00
544.00 532.96
545.00 532.96
545.96 532.00
546.00 531.96
546.96 531.00
547.00 530.96
547.96 530.00
547.96 529.00
548.00 528.96
548.96 528.00
549.00 527.96
549.96 527.00
549.96 526.00
550.00 525.96
550.96 525.00
551.00 524.96
551.96 524.00
551.96 523.00
551.96 522.00
552.00 521.96
552.96 521.00
552.96 520.00
553.00 519.96
553.96 519.00
553.96 518.00
553.96 517.00
554.00 516.96
554.96 516.00
554.96 515.00
554.96 514.00
555.00 513.96
555.96 513.00
555.96 512.00
555.96 511.00
555.96 510.00
556.00 509.96
556.96 509.00

Contour 13:
586.97 661.00
586.97 660.00
586.97 659.00
586.97 658.00
586.97 657.00
586.97 656.00
586.97 655.00
586.97 654.00
586.97 653.00
586.97 652.00
586.00 651.03
585.97 651.00
585.97 650.00
585.97 649.00
585.97 648.00
585.97 647.00
585.97 646.00
585.00 645.03
584.97 645.00
584.97 644.00
584.97 643.00
584.00 642.03
583.97 642.00
583.97 641.00
583.00 640.03
582.97 640.00
582.97 639.00
582.00 638.03
581.97 638.00
581.00 637.03
580.97 637.00
580.00 636.03
579.97 636.00
579.00 635.03
578.97 635.00
578.00 634.03
577.97 634.00
577.00 633.03
576.97 633.00
576.00 632.03
575.97 632.00
575.00 631.03
574.97 631.00
574.00 630.03
573.97 630.00
573.00 629.03
572.00 629.03
571.97 629.00
571.00 628.03
570.00 628.03
569.97 628.00
569.00 627.03
568.00 627.03
567.97 627.00
567.00 626.03
566.00 626.03
565.00 626.03
564.00 626.03
563.97 626.00
563.00 625.03
562.00 625.03
561.00 625.03
560.00 625.03
559.00 625.03
558.97 625.00
558.00 624.03
557.00 624.03
556.00 624.03
555.00 624.03
554.00 624.03
553.00 624.03
552.00 624.03
551.00 624.03
550.00 624.03
549.00 624.03
548.00 624.03
547.03 625.00
547.00 625.03
546.00 625.03
545.00 625.03
544.00 625.03
543.03 626.00
543.00 626.03
542.00 626.03
541.03 627.00
541.00 627.03
540.00 627.03
539.03 628.00
539.00 628.03
538.00 628.03
537.03 629.00
537.00 629.03
536.03 630.00
536.00 630.03
535.03 631.00
535.00 631.03
534.00 631.03
533.03 632.00
533.00 632.03
532.03 633.00
532.00 633.03
531.03 634.00
531.00 634.03
530.03 635.00
530.00 635.03
529.03 636.00
529.00 636.03
528.03 637.00
528.00 637.03
527.03 638.00
527.00 638.03
526.03 639.00
526.03 640.00
526.00 640.03
525.03 641.00
525.00 641.03
524.03 642.00
524.03 643.00
524.03 644.00
524.00 644.03
523.03 645.00
523.03 646.00
523.03 647.00
523.03 648.00
523.03 649.00
523.03 650.00
523.03 651.00
523.03 652.00
523.03 653.00
523.03 654.00
523.03 655.00
523.03 656.00
523.03 657.00
523.03 658.00
524.00 658.97
524.03 659.00
524.03 660.00
524.03 661.00
524.03 662.00
525.00 662.97
525.03 663.00
525.03 664.00
526.00 664.97
526.03 665.00
526.03 666.00
527.00 666.97
527.03 667.00
527.03 668.00
527.03 669.00
528.00 669.97
528.03 670.00
529.00 670.97
529.03 671.00
529.03 672.00
530.00 672.97
530.03 673.00
531.00 673.97
531.03 674.00
532.00 674.97
532.03 675.00
533.00 675.97
533.03 676.00
534.00 676.97
534.03 677.00
535.00 677.97
535.03 678.00
536.00 678.97
536.03 679.00
537.00 679.97
538.00 679.97
538.03 680.00
539.00 680.97
539.03 681.00
540.00 681.97
540.03 682.00
541.00 682.97
542.00 682.97
542.03 683.00
543.00 683.97
544.00 683.97
544.03 684.00
545.00 684.97
546.00 684.97
547.00 684.97
547.03 685.00
548.00 685.97
549.00 685.97
550.00 685.97
550.03 686.00
551.00 686.97
552.00 686.97
553.00 686.97
554.00 686.97
555.00 686.97
556.00 686.97
557.00 686.97
557.03 687.00
558.00 687.97
558.97 687.00
559.00 686.97
560.00 686.97
561.00 686.97
562.00 686.97
563.00 686.97
564.00 686.97
565.00 686.97
565.97 686.00
566.00 685.97
567.00 685.97
567.97 685.00
568.00 684.97
569.00 684.97
569.97 684.00
570.00 683.97
571.00 683.97
571.97 683.00
572.00 682.97
572.97 682.00
573.00 681.97
574.00 681.97
574.97 681.00
575.00 680.97
575.97 680.00
576.00 679.97
576.97 679.00
577.00 678.97
577.97 678.00
578.00 677.97
578.97 677.00
579.00 676.97
579.97 676.00
579.97 675.00
580.00 674.97
580.97 674.00
581.00 673.97
581.97 673.00
581.97 672.00
582.00 671.97
582.97 671.00
583.00 670.97
583.97 670.00
583.97 669.00
584.00 668.97
584.97 668.00
584.97 667.00
584.97 666.00
585.00 665.97
585.97 665.00
585.97 664.00
585.97 663.00
585.97 662.00
586.00 661.97
586.97 661.00

Contour 14:
673.97 413.00
673.97 412.00
673.97 411.00
673.97 410.00
673.97 409.00
673.97 408.00
673.00 407.03
672.97 407.00
672.97 406.00
672.97 405.00
672.97 404.00
672.97 403.00
672.97 402.00
672.00 401.03
671.97 401.00
671.97 400.00
671.97 399.00
671.97 398.00
671.00 397.03
670.97 397.00
670.97 396.00
670.00 395.03
669.97 395.00
669.97 394.00
669.00 393.03
668.97 393.00
668.00 392.03
667.97 392.00
667.97 391.00
667.00 390.03
666.97 390.00
666.00 389.03
665.97 389.00
665.00 388.03
664.97 388.00
664.00 387.03
663.97 387.00
663.00 386.03
662.97 386.00
662.00 385.03
661.97 385.00
661.00 384.03
660.97 384.00
660.00 383.03
659.97 383.00
659.00 382.03
658.97 382.00
658.00 381.03
657.97 381.00
657.00 380.03
656.97 380.00
656.00 379.03
655.00 379.03
654.97 379.00
654.00 378.03
653.97 378.00
653.00 377.03
652.00 377.03
651.97 377.00
651.00 376.03
650.00 376.03
649.97 376.00
649.00 375.03
648.00 375.03
647.00 375.03
646.97 375.00
646.00 374.03
645.00 374.03
644.00 374.03
643.00 374.03
642.00 374.03
641.97 374.00
641.00 373.03
640.00 373.03
639.00 373.03
638.00 373.03
637.00 373.03
636.00 373.03
635.00 373.03
634.03 374.00
634.00 374.03
633.00 374.03
632.00 374.03
631.00 374.03
630.03 375.00
630.00 375.03
629.00 375.03
628.00 375.03
627.03 376.00
627.00 376.03
626.00 376.03
625.03 377.00
625.00 377.03
624.00 377.03
623.03 378.00
623.00 378.03
622.00 378.03
621.03 379.00
621.00 379.03
620.00 379.03
619.03 380.00
619.00 380.03
618.03 381.00
618.00 381.03
617.03 382.00
617.00 382.03
616.03 383.00
616.00 383.03
615.03 384.00
615.00 384.03
614.03 385.00
614.03 386.00
614.00 386.03
613.03 387.00
613.00 387.03
612.03 388.00
612.03 389.00
612.03 390.00
612.00 390.03
611.03 391.00
611.00 391.03
610.03 392.00
610.03 393.00
610.00 393.03
609.03 394.00
609.03 395.00
609.03 396.00
609.00 396.03
608.03 397.00
608.03 398.00
608.03 399.00
608.00 399.03
607.03 400.00
607.03 401.00
607.03 402.00
607.03 403.00
607.00 403.03
606.03 404.00
606.03 405.00
606.03 406.00
606.03 407.00
606.03 408.00
606.03 409.00
606.03 410.00
606.03 411.00
606.03 412.00
606.03 413.00
606.03 414.00
606.03 415.00
606.03 416.00
607.00 416.97
607.03 417.00
607.03 418.00
607.03 419.00
607.03 420.00
608.00 420.97
608.03 421.00
608.03 422.00
608.03 423.00
609.00 423.97
609.03 424.00
609.03 425.00
609.03 426.00
610.00 426.97
610.03 427.00
610.03 428.00
611.00 428.97
611.03 429.00
611.03 430.00
612.00 430.97
612.03 431.00
612.03 432.00
613.00 432.97
613.03 433.00
614.00 433.97
614.03 434.00
615.00 434.97
615.03 435.00
616.00 435.97
616.03 436.00
617.00 436.97
617.03 437.00
618.00 437.97
618.03 438.00
619.00 438.97
620.00 438.97
620.03 439.00
621.00 439.97
622.00 439.97
622.03 440.00
623.00 440.97
623.03 441.00
624.00 441.97
625.00 441.97
625.03 442.00
626.00 442.97
627.00 442.97
627.03 443.00
628.00 443.97
629.00 443.97
630.00 443.97
630.03 444.00
631.00 444.97
632.00 444.97
633.00 444.97
634.00 444.97
635.00 444.97
635.03 445.00
636.00 445.97
637.00 445.97
638.00 445.97
639.00 445.97
640.00 445.97
641.00 445.97
642.00 445.97
643.00 445.97
644.00 445.97
644.97 445.00
645.00 444.97
646.00 444.97
647.00 444.97
648.00 444.97
649.00 444.97
649.97 444.00
650.00 443.97
651.00 443.97
652.00 443.97
652.97 443.00
653.00 442.97
653.97 442.00
654.00 441.97
655.00 441.97
655.97 441.00
656.00 440.97
657.00 440.97
657.97 440.00
658.00 439.97
658.97 439.00
659.00 438.97
659.97 438.00
660.00 437.97
661.00 437.97
661.97 437.00
662.00 436.97
662.97 436.00
663.00 435.97
663.97 435.00
664.00 434.97
664.97 434.00
665.00 433.97
665.97 433.00
666.00 432.97
666.97 432.00
666.97 431.00
667.00 430.97
667.97 430.00
668.00 429.97
668.97 429.00
668.97 428.00
669.00 427.97
669.97 427.00
669.97 426.00
669.97 425.00
670.00 424.97
670.97 424.00
670.97 423.00
670.97 422.00
671.00 421.97
671.97 421.00
671.97 420.00
671.97 419.00
671.97 418.00
672.00 417.97
672.97 417.00
672.97 416.00
672.97 415.00
672.97 414.00
673.00 413.97
673.97 413.00

Contour 15:
676.97 527.00
676.97 526.00
676.97 525.00
676.97 524.00
676.00 523.03
675.97 523.00
675.97 522.00
675.97 521.00
675.00 520.03
674.97 520.00
674.97 519.00
674.00 518.03
673.97 518.00
673.97 517.00
673.97 516.00
673.00 515.03
672.97 515.00
672.97 514.00
672.00 513.03
671.97 513.00
671.97 512.00
671.00 511.03
670.97 511.00
670.00 510.03
669.97 510.00
669.97 509.00
669.00 508.03
668.97 508.00
668.00 507.03
667.97 507.00
667.00 506.03
666.97 506.00
666.00 505.03
665.97 505.00
665.00 504.03
664.97 504.00
664.00 503.03
663.97 503.00
663.00 502.03
662.97 502.00
662.00 501.03
661.97 501.00
661.00 500.03
660.00 500.03
659.97 500.00
659.00 499.03
658.97 499.00
658.00 498.03
657.00 498.03
656.97 498.00
656.00 497.03
655.00 497.03
654.00 497.03
653.97 497.00
653.00 496.03
652.00 496.03
651.00 496.03
650.97 496.00
650.00 495.03
649.00 495.03
648.00 495.03
647.00 495.03
646.00 495.03
645.00 495.03
644.00 495.03
643.97 495.00
643.00 494.03
642.00 494.03
641.00 494.03
640.00 494.03
639.00 494.03
638.00 494.03
637.00 494.03
636.00 494.03
635.00 494.03
634.00 494.03
633.00 494.03
632.00 494.03
631.00 494.03
630.00 494.03
629.03 495.00
629.00 495.03
628.00 495.03
627.00 495.03
626.00 495.03
625.00 495.03
624.03 496.00
624.00 496.03
623.00 496.03
622.03 497.00
622.00 497.03
621.00 497.03
620.03 498.00
620.00 498.03
619.03 499.00
619.00 499.03
618.03 500.00
618.00 500.03
617.03 501.00
617.00 501.03
616.03 502.00
616.00 502.03
615.03 503.00
615.03 504.00
615.00 504.03
614.03 505.00
614.03 506.00
614.03 507.00
614.03 508.00
614.03 509.00
614.03 510.00
614.03 511.00
614.03 512.00
614.03 513.00
614.03 514.00
614.03 515.00
614.03 516.00
614.03 517.00
614.03 518.00
615.00 518.97
615.03 519.00
615.03 520.00
615.03 521.00
616.00 521.97
616.03 522.00
616.03 523.00
616.03 524.00
617.00 524.97
617.03 525.00
617.03 526.00
617.03 527.00
618.00 527.97
618.03 528.00
618.03 529.00
618.03 530.00
619.00 530.97
619.03 531.00
619.03 532.00
619.03 533.00
619.03 534.00
620.00 534.97
620.03 535.00
620.03 536.00
620.03 537.00
621.00 537.97
621.03 538.00
621.03 539.00
622.00 539.97
622.03 540.00
622.03 541.00
623.00 541.97
623.03 542.00
623.03 543.00
623.03 544.00
624.00 544.97
624.03 545.00
624.03 546.00
625.00 546.97
625.03 547.00
626.00 547.97
626.03 548.00
626.03 549.00
627.00 549.97
627.03 550.00
628.00 550.97
628.03 551.00
628.03 552.00
629.00 552.97
629.03 553.00
630.00 553.97
630.03 554.00
631.00 554.97
631.03 555.00
632.00 555.97
632.03 556.00
633.00 556.97
633.03 557.00
634.00 557.97
635.00 557.97
635.03 558.00
636.00 558.97
637.00 558.97
637.03 559.00
638.00 559.97
639.00 559.97
640.00 559.97
640.03 560.00
641.00 560.97
642.00 560.97
643.00 560.97
644.00 560.97
645.00 560.97
646.00 560.97
647.00 560.97
648.00 560.97
649.00 560.97
650.00 560.97
651.00 560.97
652.00 560.97
653.00 560.97
654.00 560.97
654.97 560.00
655.00 559.97
656.00 559.97
656.97 559.00
657.00 558.97
658.00 558.97
658.97 558.00
659.00 557.97
660.00 557.97
660.97 557.00
661.00 556.97
661.97 556.00
662.00 555.97
662.97 555.00
663.00 554.97
663.97 554.00
664.00 553.97
664.97 553.00
665.00 552.97
665.97 552.00
665.97 551.00
666.00 550.97
666.97 550.00
667.00 549.97
667.97 549.00
668.00 548.97
668.97 548.00
669.00 547.97
669.97 547.00
669.97 546.00
670.00 545.97
670.97 545.00
670.97 544.00
671.00 543.97
671.97 543.00
671.97 542.00
671.97 541.00
672.00 540.97
672.97 540.00
672.97 539.00
673.00 538.97
673.97 538.00
673.97 537.00
673.97 536.00
674.00 535.97
674.97 535.00
674.97 534.00
674.97 533.00
675.00 532.97
675.97 532.00
675.97 531.00
675.97 530.00
675.97 529.00
675.97 528.00
676.00 527.97
676.97 527.00

Contour 16:
685.97 111.00
685.97 110.00
685.97 109.00
685.97 108.00
685.97 107.00
685.97 106.00
685.97 105.00
685.97 104.00
685.97 103.00
685.97 102.00
685.97 101.00
685.97 100.00
685.97 99.00
685.00 98.03
684.97 98.00
684.97 97.00
684.97 96.00
684.00 95.03
683.97 95.00
683.97 94.00
683.00 93.03
682.97 93.00
682.97 92.00
682.97 91.00
682.00 90.03
681.97 90.00
681.97 89.00
681.97 88.00
681.00 87.03
680.97 87.00
680.97 86.00
680.97 85.00
680.00 84.03
679.97 84.00
679.97 83.00
679.00 82.03
678.97 82.00
678.00 81.03
677.97 81.00
677.97 80.00
677.00 79.03
676.97 79.00
676.00 78.03
675.97 78.00
675.00 77.03
674.97 77.00
674.00 76.03
673.97 76.00
673.00 75.03
672.97 75.00
672.00 74.03
671.97 74.00
671.00 73.03
670.97 73.00
670.00 72.03
669.00 72.03
668.97 72.00
668.00 71.03
667.00 71.03
666.97 71.00
666.00 70.03
665.97 70.00
665.00 69.03
664.00 69.03
663.97 69.00
663.00 68.03
662.00 68.03
661.00 68.03
660.97 68.00
660.00 67.03
659.00 67.03
658.00 67.03
657.00 67.03
656.00 67.03
655.97 67.00
655.00 66.03
654.00 66.03
653.00 66.03
652.00 66.03
651.00 66.03
650.00 66.03
649.00 66.03
648.00 66.03
647.03 67.00
647.00 67.03
646.00 67.03
645.00 67.03
644.00 67.03
643.03 68.00
643.00 68.03
642.00 68.03
641.00 68.03
640.00 68.03
639.03 69.00
639.00 69.03
638.00 69.03
637.00 69.03
636.03 70.00
636.00 70.03
635.00 70.03
634.03 71.00
634.00 71.03
633.03 72.00
633.00 72.03
632.00 72.03
631.03 73.00
631.00 73.03
630.03 74.00
630.00 74.03
629.03 75.00
629.03 76.00
629.00 76.03
628.03 77.00
628.00 77.03
627.03 78.00
627.03 79.00
627.00 79.03
626.03 80.00
626.03 81.00
626.00 81.03
625.03 82.00
625.03 83.00
625.00 83.03
624.03 84.00
624.03 85.00
624.03 86.00
624.03 87.00
624.00 87.03
623.03 88.00
623.03 89.00
623.03 90.00
623.03 91.00
623.03 92.00
623.03 93.00
623.03 94.00
623.03 95.00
623.03 96.00
623.03 97.00
623.03 98.00
623.03 99.00
623.03 100.00
623.03 101.00
624.00 101.97
624.03 102.00
624.03 103.00
624.03 104.00
625.00 104.97
625.03 105.00
625.03 106.00
626.00 106.97
626.03 107.00
626.03 108.00
627.00 108.97
627.03 109.00
627.03 110.00
628.00 110.97
628.03 111.00
629.00 111.97
629.03 112.00
629.03 113.00
630.00 113.97
630.03 114.00
631.00 114.97
631.03 115.00
632.00 115.97
632.03 116.00
633.00 116.97
633.03 117.00
634.00 117.97
634.03 118.00
635.00 118.97
635.03 119.00
636.00 119.97
636.03 120.00
637.00 120.97
637.03 121.00
638.00 121.97
639.00 121.97
639.03 122.00
640.00 122.97
641.00 122.97
642.00 122.97
642.03 123.00
643.00 123.97
644.00 123.97
644.03 124.00
645.00 124.97
646.00 124.97
646.03 125.00
647.00 125.97
648.00 125.97
649.00 125.97
649.03 126.00
650.00 126.97
651.00 126.97
652.00 126.97
653.00 126.97
654.00 126.97
654.03 127.00
655.00 127.97
656.00 127.97
657.00 127.97
658.00 127.97
659.00 127.97
660.00 127.97
661.00 127.97
662.00 127.97
663.00 127.97
663.03 128.00
664.00 128.97
665.00 128.97
665.97 128.00
666.00 127.97
667.00 127.97
668.00 127.97
669.00 127.97
670.00 127.97
670.97 127.00
671.00 126.97
672.00 126.97
673.00 126.97
673.97 126.00
674.00 125.97
674.97 125.00
675.00 124.97
676.00 124.97
676.97 124.00
677.00 123.97
677.97 123.00
678.00 122.97
678.97 122.00
679.00 121.97
679.97 121.00
680.00 120.97
680.97 120.00
681.00 119.97
681.97 119.00
681.97 118.00
682.00 117.97
682.97 117.00
683.00 116.97
683.97 116.00
683.97 115.00
683.97 114.00
684.00 113.97
684.97 113.00
684.97 112.00
685.00 111.97
685.97 111.00

Contour 17:
696.97 230.00
696.97 229.00
696.97 228.00
696.97 227.00
696.97 226.00
696.97 225.00
696.97 224.00
696.97 223.00
696.97 222.00
696.97 221.00
696.97 220.00
696.97 219.00
696.97 218.00
696.97 217.00
696.00 216.03
695.97 216.00
695.97 215.00
695.97 214.00
695.00 213.03
694.97 213.00
694.97 212.00
694.97 211.00
694.00 210.03
693.97 210.00
693.97 209.00
693.97 208.00
693.00 207.03
692.97 207.00
692.97 206.00
692.00 205.03
691.97 205.00
691.97 204.00
691.00 203.03
690.97 203.00
690.97 202.00
690.00 201.03
689.97 201.00
689.00 200.03
688.97 200.00
688.97 199.00
688.00 198.03
687.97 198.00
687.00 197.03
686.97 197.00
686.97 196.00
686.00 195.03
685.97 195.00
685.00 194.03
684.97 194.00
684.00 193.03
683.97 193.00
683.00 192.03
682.97 192.00
682.00 191.03
681.97 191.00
681.00 190.03
680.97 190.00
680.00 189.03
679.97 189.00
679.00 188.03
678.00 188.03
677.97 188.00
677.00 187.03
676.97 187.00
676.00 186.03
675.97 186.00
675.00 185.03
674.00 185.03
673.97 185.00
673.00 184.03
672.00 184.03
671.00 184.03
670.97 184.00
670.00 183.03
669.00 183.03
668.00 183.03
667.00 183.03
666.00 183.03
665.00 183.03
664.00 183.03
663.97 183.00
663.00 182.03
662.00 182.03
661.00 182.03
660.00 182.03
659.00 182.03
658.00 182.03
657.03 183.00
657.00 183.03
656.00 183.03
655.00 183.03
654.00 183.03
653.00 183.03
652.03 184.00
652.00 184.03
651.00 184.03
650.00 184.03
649.03 185.00
649.00 185.03
648.00 185.03
647.03 186.00
647.00 186.03
646.00 186.03
645.03 187.00
645.00 187.03
644.03 188.00
644.00 188.03
643.00 188.03
642.03 189.00
642.00 189.03
641.03 190.00
641.00 190.03
640.03 191.00
640.03 192.00
640.00 192.03
639.03 193.00
639.00 193.03
638.03 194.00
638.00 194.03
637.03 195.00
637.03 196.00
637.00 196.03
636.03 197.00
636.03 198.00
636.00 198.03
635.03 199.00
635.03 200.00
635.00 200.03
634.03 201.00
634.03 202.00
634.00 202.03
633.03 203.00
633.03 204.00
633.03 205.00
633.00 205.03
632.03 206.00
632.03 207.00
632.03 208.00
632.03 209.00
632.00 209.03
631.03 210.00
631.03 211.00
631.03 212.00
631.03 213.00
631.03 214.00
631.03 215.00
631.03 216.00
631.03 217.00
631.03 218.00
632.00 218.97
632.03 219.00
632.03 220.00
632.03 221.00
633.00 221.97
633.03 222.00
633.03 223.00
633.03 224.00
634.00 224.97
634.03 225.00
634.03 226.00
635.00 226.97
635.03 227.00
635.03 228.00
636.00 228.97
636.03 229.00
637.00 229.97
637.03 230.00
637.03 231.00
638.00 231.97
638.03 232.00
638.03 233.00
639.00 233.97
639.03 234.00
640.00 234.97
640.03 235.00
641.00 235.97
641.03 236.00
641.03 237.00
642.00 237.97
642.03 238.00
643.00 238.97
643.03 239.00
644.00 239.97
644.03 240.00
645.00 240.97
645.03 241.00
646.00 241.97
647.00 241.97
647.03 242.00
648.00 242.97
648.03 243.00
649.00 243.97
649.03 244.00
650.00 244.97
650.03 245.00
651.00 245.97
651.03 246.00
652.00 246.97
653.00 246.97
653.03 247.00
654.00 247.97
654.03 248.00
655.00 248.97
656.00 248.97
656.03 249.00
657.00 249.97
658.00 249.97
658.03 250.00
659.00 250.97
660.00 250.97
661.00 250.97
661.03 251.00
662.00 251.97
663.00 251.97
664.00 251.97
665.00 251.97
666.00 251.97
667.00 251.97
668.00 251.97
669.00 251.97
670.00 251.97
671.00 251.97
671.97 251.00
672.00 250.97
673.00 250.97
674.00 250.97
675.00 250.97
675.97 250.00
676.00 249.97
677.00 249.97
678.00 249.97
678.97 249.00
679.00 248.97
680.00 248.97
680.97 248.00
681.00 247.97
682.00 247.97
682.97 247.00
683.00 246.97
684.00 246.97
684.97 246.00
685.00 245.97
686.00 245.97
686.97 245.00
687.00 244.97
687.97 244.00
688.00 243.97
688.97 243.00
689.00 242.97
689.97 242.00
690.00 241.97
690.97 241.00
691.00 240.97
691.97 240.00
692.00 239.97
692.97 239.00
692.97 238.00
693.00 237.97
693.97 237.00
693.97 236.00
694.00 235.97
694.97 235.00
694.97 234.00
695.00 233.97
695.97 233.00
695.97 232.00
695.97 231.00
696.00 230.97
696.97 230.00

Contour 18:
699.98 880.00
699.98 879.00
699.98 878.00
699.00 877.02
698.98 877.00
698.98 876.00
698.98 875.00
698.98 874.00
698.98 873.00
698.98 872.00
698.00 871.02
697.98 871.00
697.98 870.00
697.98 869.00
697.98 868.00
697.00 867.02
696.98 867.00
696.98 866.00
696.00 865.02
695.98 865.00
695.98 864.00
695.00 863.02
694.98 863.00
694.00 862.02
693.98 862.00
693.98 861.00
693.00 860.02
692.98 860.00
692.98 859.00
692.00 858.02
691.98 858.00
691.98 857.00
691.00 856.02
690.98 856.00
690.00 855.02
689.98 855.00
689.00 854.02
688.98 854.00
688.98 853.00
688.00 852.02
687.98 852.00
687.00 851.02
686.98 851.00
686.98 850.00
686.00 849.02
685.98 849.00
685.00 848.02
684.98 848.00
684.00 847.02
683.98 847.00
683.00 846.02
682.98 846.00
682.00 845.02
681.98 845.00
681.00 844.02
680.98 844.00
680.00 843.02
679.98 843.00
679.00 842.02
678.98 842.00
678.00 841.02
677.98 841.00
677.00 840.02
676.98 840.00
676.00 839.02
675.00 839.02
674.98 839.00
674.00 838.02
673.00 838.02
672.98 838.00
672.00 837.02
671.00 837.02
670.00 837.02
669.98 837.00
669.00 836.02
668.00 836.02
667.00 836.02
666.00 836.02
665.00 836.02
664.00 836.02
663.00 836.02
662.00 836.02
661.00 836.02
660.00 836.02
659.00 836.02
658.00 836.02
657.00 836.02
656.00 836.02
655.00 836.02
654.00 836.02
653.02 837.00
653.00 837.02
652.00 837.02
651.00 837.02
650.00 837.02
649.00 837.02
648.02 838.00
648.00 838.02
647.00 838.02
646.00 838.02
645.02 839.00
645.00 839.02
644.00 839.02
643.02 840.00
643.00 840.02
642.00 840.02
641.02 841.00
641.00 841.02
640.02 842.00
640.00 842.02
639.02 843.00
639.00 843.02
638.02 844.00
638.00 844.02
637.02 845.00
637.00 845.02
636.02 846.00
636.00 846.02
635.02 847.00
635.02 848.00
635.00 848.02
634.02 849.00
634.02 850.00
634.02 851.00
634.02 852.00
634.00 852.02
633.02 853.00
633.02 854.00
633.02 855.00
633.02 856.00
633.02 857.00
633.02 858.00
634.00 858.98
634.02 859.00
634.02 860.00
634.02 861.00
634.02 862.00
635.00 862.98
635.02 863.00
635.02 864.00
635.02 865.00
636.00 865.98
636.02 866.00
636.02 867.00
637.00 867.98
637.02 868.00
637.02 869.00
638.00 869.98
638.02 870.00
638.02 871.00
639.00 871.98
639.02 872.00
639.02 873.00
640.00 873.98
640.02 874.00
641.00 874.98
641.02 875.00
641.02 876.00
642.00 876.98
642.02 877.00
643.00 877.98
643.02 878.00
644.00 878.98
644.02 879.00
644.02 880.00
645.00 880.98
645.02 881.00
646.00 881.98
646.02 882.00
646.02 883.00
647.00 883.98
647.02 884.00
648.00 884.98
648.02 885.00
648.02 886.00
649.00 886.98
649.02 887.00
650.00 887.98
650.02 888.00
651.00 888.98
651.02 889.00
651.02 890.00
652.00 890.98
652.02 891.00
653.00 891.98
653.02 892.00
653.02 893.00
654.00 893.98
654.02 894.00
655.00 894.98
655.02 895.00
656.00 895.98
657.00 895.98
657.02 896.00
658.00 896.98
658.02 897.00
659.00 897.98
659.02 898.00
660.00 898.98
660.02 899.00
661.00 899.98
662.00 899.98
662.02 900.00
663.00 900.98
664.00 900.98
664.02 901.00
665.00 901.98
666.00 901.98
667.00 901.98
668.00 901.98
668.02 902.00
669.00 902.98
670.00 902.98
671.00 902.98
672.00 902.98
673.00 902.98
674.00 902.98
675.00 902.98
676.00 902.98
677.00 902.98
678.00 902.98
679.00 902.98
680.00 902.98
681.00 902.98
682.00 902.98
682.98 902.00
683.00 901.98
684.00 901.98
684.98 901.00
685.00 900.98
686.00 900.98
686.98 900.00
687.00 899.98
688.00 899.98
688.98 899.00
689.00 898.98
689.98 898.00
690.00 897.98
691.00 897.98
691.98 897.00
692.00 896.98
692.98 896.00
693.00 895.98
693.98 895.00
693.98 894.00
694.00 893.98
694.98 893.00
695.00 892.98
695.98 892.00
695.98 891.00
696.00 890.98
696.98 890.00
696.98 889.00
697.00 888.98
697.98 888.00
697.98 887.00
697.98 886.00
698.00 885.98
698.98 885.00
698.98 884.00
698.98 883.00
698.98 882.00
698.98 881.00
699.00 880.98
699.98 880.00

Contour 19:
718.98 634.00
718.98 633.00
718.98 632.00
718.98 631.00
718.00 630.02
717.98 630.00
717.98 629.00
717.98 628.00
717.98 627.00
717.98 626.00
717.98 625.00
717.98 624.00
717.00 623.02
716.98 623.00
716.98 622.00
716.98 621.00
716.98 620.00
716.00 619.02
715.98 619.00
715.98 618.00
715.98 617.00
715.00 616.02
714.98 616.00
714.98 615.00
714.98 614.00
714.98 613.00
714.00 612.02
713.98 612.00
713.98 611.00
713.00 610.02
712.98 610.00
712.00 609.02
711.98 609.00
711.98 608.00
711.00 607.02
710.98 607.00
710.00 606.02
709.98 606.00
709.00 605.02
708.98 605.00
708.00 604.02
707.98 604.00
707.00 603.02
706.00 603.02
705.98 603.00
705.00 602.02
704.98 602.00
704.00 601.02
703.00 601.02
702.00 601.02
701.98 601.00
701.00 600.02
700.00 600.02
699.98 600.00
699.00 599.02
698.00 599.02
697.00 599.02
696.00 599.02
695.98 599.00
695.00 598.02
694.00 598.02
693.00 598.02
692.00 598.02
691.00 598.02
690.00 598.02
689.00 598.02
688.00 598.02
687.00 598.02
686.00 598.02
685.02 599.00
685.00 599.02
684.00 599.02
683.00 599.02
682.00 599.02
681.02 600.00
681.00 600.02
680.00 600.02
679.02 601.00
679.00 601.02
678.00 601.02
677.02 602.00
677.00 602.02
676.02 603.00
676.00 603.02
675.02 604.00
675.00 604.02
674.00 604.02
673.02 605.00
673.00 605.02
672.02 606.00
672.00 606.02
671.02 607.00
671.00 607.02
670.02 608.00
670.00 608.02
669.02 609.00
669.00 609.02
668.02 610.00
668.02 611.00
668.00 611.02
667.02 612.00
667.00 612.02
666.02 613.00
666.02 614.00
666.00 614.02
665.02 615.00
665.00 615.02
664.02 616.00
664.02 617.00
664.00 617.02
663.02 618.00
663.02 619.00
663.00 619.02
662.02 620.00
662.02 621.00
662.02 622.00
662.00 622.02
661.02 623.00
661.02 624.00
661.02 625.00
661.02 626.00
661.00 626.02
660.02 627.00
660.02 628.00
660.02 629.00
660.02 630.00
660.02 631.00
660.02 632.00
660.02 633.00
660.02 634.00
660.02 635.00
660.02 636.00
660.02 637.00
660.02 638.00
661.00 638.98
661.02 639.00
661.02 640.00
661.02 641.00
661.02 642.00
661.02 643.00
662.00 643.98
662.02 644.00
662.02 645.00
663.00 645.98
663.02 646.00
663.02 647.00
664.00 647.98
664.02 648.00
664.02 649.00
665.00 649.98
665.02 650.00
665.02 651.00
666.00 651.98
666.02 652.00
667.00 652.98
667.02 653.00
667.02 654.00
668.00 654.98
668.02 655.00
669.00 655.98
669.02 656.00
670.00 656.98
671.00 656.98
671.02 657.00
672.00 657.98
672.02 658.00
673.00 658.98
673.02 659.00
674.00 659.98
675.00 659.98
675.02 660.00
676.00 660.98
677.00 660.98
678.00 660.98
678.02 661.00
679.00 661.98
680.00 661.98
680.02 662.00
681.00 662.98
682.00 662.98
683.00 662.98
684.00 662.98
685.00 662.98
686.00 662.98
687.00 662.98
688.00 662.98
689.00 662.98
690.00 662.98
691.00 662.98
692.00 662.98
693.00 662.98
694.00 662.98
694.98 662.00
695.00 661.98
696.00 661.98
697.00 661.98
697.98 661.00
698.00 660.98
699.00 660.98
699.98 660.00
700.00 659.98
701.00 659.98
701.98 659.00
702.00 658.98
702.98 658.00
703.00 657.98
704.00 657.98
704.98 657.00
705.00 656.98
705.98 656.00
706.00 655.98
706.98 655.00
707.00 654.98
707.98 654.00
708.00 653.98
708.98 653.00
709.00 652.98
709.98 652.00
710.00 651.98
710.98 651.00
711.00 650.98
711.98 650.00
712.00 649.98
712.98 649.00
712.98 648.00
713.00 647.98
713.98 647.00
714.00 646.98
714.98 646.00
714.98 645.00
715.00 644.98
715.98 644.00
715.98 643.00
716.00 642.98
716.98 642.00
716.98 641.00
716.98 640.00
717.00 639.98
717.98 639.00
717.98 638.00
717.98 637.00
717.98 636.00
717.98 635.00
718.00 634.98
718.98 634.00

Contour 20:
767.98 427.00
767.98 426.00
767.98 425.00
767.98 424.00
767.98 423.00
767.98 422.00
767.98 421.00
767.98 420.00
767.98 419.00
767.98 418.00
767.98 417.00
767.98 416.00
767.98 415.00
767.98 414.00
767.00 413.02
766.98 413.00
766.98 412.00
766.98 411.00
766.00 410.02
765.98 410.00
765.98 409.00
765.00 408.02
764.98 408.00
764.00 407.02
763.98 407.00
763.00 406.02
762.98 406.00
762.00 405.02
761.98 405.00
761.00 404.02
760.98 404.00
760.00 403.02
759.98 403.00
759.98 402.00
759.00 401.02
758.98 401.00
758.00 400.02
757.98 400.00
757.00 399.02
756.98 399.00
756.00 398.02
755.98 398.00
755.00 397.02
754.98 397.00
754.00 396.02
753.98 396.00
753.00 395.02
752.98 395.00
752.00 394.02
751.98 394.00
751.00 393.02
750.00 393.02
749.98 393.00
749.00 392.02
748.98 392.00
748.00 391.02
747.00 391.02
746.98 391.00
746.00 390.02
745.00 390.02
744.98 390.00
744.00 389.02
743.00 389.02
742.00 389.02
741.00 389.02
740.98 389.00
740.00 388.02
739.00 388.02
738.00 388.02
737.00 388.02
736.02 389.00
736.00 389.02
735.00 389.02
734.00 389.02
733.02 390.00
733.00 390.02
732.00 390.02
731.02 391.00
731.00 391.02
730.02 392.00
730.00 392.02
729.02 393.00
729.00 393.02
728.02 394.00
728.00 394.02
727.02 395.00
727.02 396.00
727.00 396.02
726.02 397.00
726.02 398.00
726.00 398.02
725.02 399.00
725.02 400.00
725.00 400.02
724.02 401.00
724.02 402.00
724.02 403.00
724.00 403.02
723.02 404.00
723.02 405.00
723.02 406.00
723.00 406.02
722.02 407.00
722.02 408.00
722.02 409.00
722.02 410.00
722.02 411.00
722.00 411.02
721.02 412.00
721.02 413.00
721.02 414.00
721.02 415.00
721.02 416.00
721.00 416.02
720.02 417.00
720.02 418.00
720.02 419.00
720.02 420.00
720.02 421.00
720.02 422.00
720.00 422.02
719.02 423.00
719.02 424.00
719.02 425.00
719.02 426.00
719.02 427.00
719.02 428.00
719.02 429.00
719.02 430.00
719.02 431.00
719.02 432.00
719.02 433.00
719.02 434.00
719.02 435.00
719.02 436.00
719.02 437.00
719.02 438.00
719.02 439.00
719.02 440.00
719.02 441.00
719.02 442.00
719.02 443.00
719.02 444.00
720.00 444.98
720.02 445.00
720.02 446.00
720.02 447.00
721.00 447.98
721.02 448.00
721.02 449.00
721.02 450.00
722.00 450.98
722.02 451.00
722.02 452.00
723.00 452.98
723.02 453.00
723.02 454.00
724.00 454.98
724.02 455.00
725.00 455.98
726.00 455.98
726.02 456.00
727.00 456.98
727.02 457.00
728.00 457.98
729.00 457.98
730.00 457.98
731.00 457.98
732.00 457.98
733.00 457.98
734.00 457.98
735.00 457.98
736.00 457.98
737.00 457.98
737.98 457.00
738.00 456.98
739.00 456.98
740.00 456.98
740.98 456.00
741.00 455.98
742.00 455.98
742.98 455.00
743.00 454.98
744.00 454.98
744.98 454.00
745.00 453.98
746.00 453.98
746.98 453.00
747.00 452.98
747.98 452.00
748.00 451.98
748.98 451.00
749.00 450.98
750.00 450.98
750.98 450.00
751.00 449.98
751.98 449.00
752.00 448.98
752.98 448.00
753.00 447.98
753.98 447.00
754.00 446.98
755.00 446.98
755.98 446.00
756.00 445.98
756.98 445.00
757.00 444.98
757.98 444.00
758.00 443.98
758.98 443.00
759.00 442.98
759.98 442.00
760.00 441.98
760.98 441.00
761.00 440.98
761.98 440.00
761.98 439.00
762.00 438.98
762.98 438.00
763.00 437.98
763.98 437.00
763.98 436.00
764.00 435.98
764.98 435.00
764.98 434.00
765.00 433.98
765.98 433.00
765.98 432.00
765.98 431.00
766.00 430.98
766.98 430.00
766.98 429.00
766.98 428.00
767.00 427.98
767.98 427.00

Contour 21:
872.98 815.00
872.98 814.00
872.98 813.00
872.98 812.00
872.98 811.00
872.98 810.00
872.98 809.00
872.98 808.00
872.98 807.00
872.98 806.00
872.98 805.00
872.98 804.00
872.98 803.00
872.00 802.02
871.98 802.00
871.98 801.00
871.98 800.00
871.98 799.00
871.98 798.00
871.00 797.02
870.98 797.00
870.98 796.00
870.98 795.00
870.00 794.02
869.98 794.00
869.98 793.00
869.98 792.00
869.00 791.02
868.98 791.00
868.98 790.00
868.00 789.02
867.98 789.00
867.98 788.00
867.00 787.02
866.98 787.00
866.98 786.00
866.00 785.02
865.98 785.00
865.98 784.00
865.00 783.02
864.98 783.00
864.98 782.00
864.00 781.02
863.98 781.00
863.98 780.00
863.00 779.02
862.98 779.00
862.00 778.02
861.98 778.00
861.00 777.02
860.98 777.00
860.98 776.00
860.00 775.02
859.98 775.00
859.00 774.02
858.98 774.00
858.98 773.00
858.00 772.02
857.98 772.00
857.00 771.02
856.98 771.00
856.00 770.02
855.98 770.00
855.00 769.02
854.98 769.00
854.00 768.02
853.98 768.00
853.00 767.02
852.00 767.02
851.98 767.00
851.00 766.02
850.98 766.00
850.00 765.02
849.00 765.02
848.98 765.00
848.00 764.02
847.00 764.02
846.98 764.00
846.00 763.02
845.00 763.02
844.98 763.00
844.00 762.02
843.00 762.02
842.98 762.00
842.00 761.02
841.00 761.02
840.00 761.02
839.98 761.00
839.00 760.02
838.00 760.02
837.00 760.02
836.00 760.02
835.00 760.02
834.98 760.00
834.00 759.02
833.00 759.02
832.00 759.02
831.00 759.02
830.00 759.02
829.00 759.02
828.00 759.02
827.00 759.02
826.00 759.02
825.00 759.02
824.00 759.02
823.00 759.02
822.00 759.02
821.00 759.02
820.00 759.02
819.02 760.00
819.00 760.02
818.00 760.02
817.00 760.02
816.00 760.02
815.00 760.02
814.00 760.02
813.02 761.00
813.00 761.02
812.00 761.02
811.00 761.02
810.02 762.00
810.00 762.02
809.00 762.02
808.00 762.02
807.02 763.00
807.00 763.02
806.00 763.02
805.02 764.00
805.00 764.02
804.00 764.02
803.02 765.00
803.00 765.02
802.00 765.02
801.02 766.00
801.00 766.02
800.02 767.00
800.00 767.02
799.02 768.00
799.00 768.02
798.02 769.00
798.00 769.02
797.02 770.00
797.00 770.02
796.02 771.00
796.00 771.02
795.02 772.00
795.00 772.02
794.02 773.00
794.02 774.00
794.00 774.02
793.02 775.00
793.00 775.02
792.02 776.00
792.02 777.00
792.00 777.02
791.02 778.00
791.02 779.00
791.02 780.00
791.00 780.02
790.02 781.00
790.02 782.00
790.02 783.00
790.02 784.00
790.00 784.02
789.02 785.00
789.02 786.00
789.02 787.00
789.02 788.00
789.02 789.00
789.00 789.02
788.02 790.00
788.02 791.00
788.02 792.00
788.02 793.00
788.02 794.00
788.02 795.00
788.00 795.02
787.02 796.00
787.02 797.00
787.02 798.00
787.02 799.00
787.02 800.00
787.02 801.00
787.02 802.00
787.02 803.00
788.00 803.98
788.02 804.00
788.02 805.00
788.02 806.00
788.02 807.00
789.00 807.98
789.02 808.00
789.02 809.00
789.02 810.00
790.00 810.98
790.02 811.00
790.02 812.00
790.02 813.00
791.00 813.98
791.02 814.00
791.02 815.00
791.02 816.00
792.00 816.98
792.02 817.00
792.02 818.00
792.02 819.00
793.00 819.98
793.02 820.00
793.02 821.00
793.02 822.00
794.00 822.98
794.02 823.00
794.02 824.00
795.00 824.98
795.02 825.00
795.02 826.00
796.00 826.98
796.02 827.00
796.02 828.00
797.00 828.98
797.02 829.00
798.00 829.98
798.02 830.00
799.00 830.98
799.02 831.00
799.02 832.00
800.00 832.98
800.02 833.00
801.00 833.98
801.02 834.00
802.00 834.98
802.02 835.00
803.00 835.98
803.02 836.00
804.00 836.98
804.02 837.00
805.00 837.98
805.02 838.00
806.00 838.98
806.02 839.00
807.00 839.98
807.02 840.00
808.00 840.98
809.00 840.98
809.02 841.00
810.00 841.98
810.02 842.00
811.00 842.98
812.00 842.98
812.02 843.00
813.00 843.98
814.00 843.98
815.00 843.98
815.02 844.00
816.00 844.98
817.00 844.98
817.02 845.00
818.00 845.98
819.00 845.98
820.00 845.98
820.02 846.00
821.00 846.98
822.00 846.98
823.00 846.98
823.02 847.00
824.00 847.98
825.00 847.98
826.00 847.98
827.00 847.98
828.00 847.98
829.00 847.98
829.02 848.00
830.00 848.98
831.00 848.98
832.00 848.98
833.00 848.98
834.00 848.98
835.00 848.98
836.00 848.98
837.00 848.98
838.00 848.98
839.00 848.98
840.00 848.98
841.00 848.98
842.00 848.98
842.98 848.00
843.00 847.98
844.00 847.98
845.00 847.98
846.00 847.98
846.98 847.00
847.00 846.98
848.00 846.98
849.00 846.98
849.98 846.00
850.00 845.98
851.00 845.98
851.98 845.00
852.00 844.98
853.00 844.98
853.98 844.00
854.00 843.98
855.00 843.98
855.98 843.00
856.00 842.98
856.98 842.00
857.00 841.98
857.98 841.00
858.00 840.98
858.98 840.00
859.00 839.98
859.98 839.00
860.00 838.98
860.98 838.00
861.00 837.98
861.98 837.00
862.00 836.98
862.98 836.00
863.00 835.98
863.98 835.00
863.98 834.00
864.00 833.98
864.98 833.00
865.00 832.98
865.98 832.00
865.98 831.00
866.00 830.98
866.98 830.00
867.00 829.98
867.98 829.00
867.98 828.00
868.00 827.98
868.98 827.00
868.98 826.00
869.00 825.98
869.98 825.00
869.98 824.00
869.98 823.00
870.00 822.98
870.98 822.00
870.98 821.00
870.98 820.00
871.00 819.98
871.98 819.00
871.98 818.00
871.98 817.00
871.98 816.00
872.00 815.98
872.98 815.00

