Contour 0:
165.50 340.00
165.50 339.00
165.50 338.00
165.50 337.00
165.50 336.00
165.50 335.00
165.50 334.00
165.50 333.00
165.50 332.00
165.50 331.00
165.50 330.00
165.50 329.00
165.50 328.00
165.50 327.00
165.50 326.00
165.50 325.00
165.50 324.00
165.50 323.00
165.50 322.00
165.50 321.00
165.00 320.50
164.50 320.00
164.50 319.00
164.00 318.50
163.50 318.00
163.50 317.00
163.00 316.50
162.50 316.00
162.50 315.00
162.00 314.50
161.50 314.00
161.00 313.50
160.50 313.00
160.50 312.00
160.00 311.50
159.50 311.00
159.00 310.50
158.50 310.00
158.00 309.50
157.50 309.00
157.00 308.50
156.00 308.50
155.50 308.00
155.00 307.50
154.50 307.00
154.00 306.50
153.50 306.00
153.00 305.50
152.00 305.50
151.50 305.00
151.00 304.50
150.00 304.50
149.50 304.00
149.00 303.50
148.00 303.50
147.00 303.50
146.00 303.50
145.50 303.00
145.00 302.50
144.00 302.50
143.00 302.50
142.00 302.50
141.00 302.50
140.00 302.50
139.00 302.50
138.00 302.50
137.50 303.00
137.00 303.50
136.00 303.50
135.00 303.50
134.50 304.00
134.00 304.50
133.00 304.50
132.50 305.00
132.00 305.50
131.00 305.50
130.50 306.00
130.00 306.50
129.50 307.00
129.00 307.50
128.50 308.00
128.00 308.50
127.50 309.00
127.00 309.50
126.50 310.00
126.00 310.50
125.50 311.00
125.50 312.00
125.00 312.50
124.50 313.00
124.50 314.00
124.00 314.50
123.50 315.00
123.50 316.00
123.50 317.00
123.50 318.00
123.00 318.50
122.50 319.00
122.50 320.00
122.50 321.00
122.50 322.00
123.00 322.50
123.50 323.00
123.50 324.00
123.50 325.00
123.50 326.00
124.00 326.50
124.50 327.00
124.50 328.00
124.50 329.00
125.00 329.50
125.50 330.00
125.50 331.00
125.50 332.00
125.50 333.00
126.00 333.50
126.50 334.00
126.50 335.00
127.00 335.50
127.50 336.00
128.00 336.50
128.50 337.00
129.00 337.50
129.50 338.00
130.00 338.50
130.50 339.00
131.00 339.50
131.50 340.00
132.00 340.50
132.50 341.00
132.50 342.00
133.00 342.50
133.50 343.00
134.00 343.50
134.50 344.00
135.00 344.50
135.50 345.00
136.00 345.50
136.50 346.00
136.50 347.00
137.00 347.50
137.50 348.00
137.50 349.00
138.00 349.50
138.50 350.00
139.00 350.50
139.50 351.00
139.50 352.00
140.00 352.50
140.50 353.00
141.00 353.50
141.50 354.00
142.00 354.50
142.50 355.00
143.00 355.50
144.00 355.50
145.00 355.50
146.00 355.50
147.00 355.50
148.00 355.50
149.00 355.50
150.00 355.50
150.50 355.00
150.50 354.00
151.00 353.50
152.00 353.50
153.00 353.50
154.00 353.50
154.50 353.00
155.00 352.50
155.50 352.00
156.00 351.50
157.00 351.50
157.50 351.00
158.00 350.50
158.50 350.00
159.00 349.50
159.50 349.00
160.00 348.50
160.50 348.00
161.00 347.50
161.50 347.00
162.00 346.50
162.50 346.00
162.50 345.00
163.00 344.50
163.50 344.00
163.50 343.00
164.00 342.50
164.50 342.00
164.50 341.00
165.00 340.50
165.50 340.00

Contour 1:
267.75 611.00
267.75 610.00
267.75 609.00
267.75 608.00
267.75 607.00
267.75 606.00
267.75 605.00
267.75 604.00
267.75 603.00
267.75 602.00
267.75 601.00
267.75 600.00
267.75 599.00
267.00 598.25
266.75 598.00
266.75 597.00
266.75 596.00
266.00 595.25
265.75 595.00
265.75 594.00
265.00 593.25
264.75 593.00
264.75 592.00
264.75 591.00
264.00 590.25
263.75 590.00
263.75 589.00
263.00 588.25
262.75 588.00
262.75 587.00
262.00 586.25
261.75 586.00
261.00 585.25
260.75 585.00
260.00 584.25
259.75 584.00
259.00 583.25
258.75 583.00
258.00 582.25
257.75 582.00
257.00 581.25
256.75 581.00
256.00 580.25
255.75 580.00
255.00 579.25
254.75 579.00
254.00 578.25
253.75 578.00
253.00 577.25
252.75 577.00
252.00 576.25
251.00 576.25
250.75 576.00
250.00 575.25
249.75 575.00
249.00 574.25
248.00 574.25
247.75 574.00
247.00 573.25
246.00 573.25
245.00 573.25
244.75 573.00
244.00 572.25
243.00 572.25
242.75 572.00
242.00 571.25
241.00 571.25
240.00 571.25
239.00 571.25
238.75 571.00
238.00 570.25
237.00 570.25
236.00 570.25
235.75 570.00
235.00 569.25
234.00 569.25
233.00 569.25
232.00 569.25
231.75 569.00
231.00 568.25
230.00 568.25
229.00 568.25
228.00 568.25
227.00 568.25
226.00 568.25
225.00 568.25
224.00 568.25
223.00 568.25
222.00 568.25
221.00 568.25
220.00 568.25
219.25 569.00
219.00 569.25
218.00 569.25
217.00 569.25
216.00 569.25
215.00 569.25
214.25 570.00
214.00 570.25
213.00 570.25
212.00 570.25
211.00 570.25
210.25 571.00
210.00 571.25
209.00 571.25
208.00 571.25
207.25 572.00
207.00 572.25
206.00 572.25
205.25 573.00
205.00 573.25
204.25 574.00
204.00 574.25
203.00 574.25
202.25 575.00
202.00 575.25
201.00 575.25
200.25 576.00
200.00 576.25
199.25 577.00
199.00 577.25
198.00 577.25
197.25 578.00
197.00 578.25
196.25 579.00
196.00 579.25
195.25 580.00
195.25 581.00
195.00 581.25
194.25 582.00
194.00 582.25
193.25 583.00
193.25 584.00
193.00 584.25
192.25 585.00
192.00 585.25
191.25 586.00
191.25 587.00
191.00 587.25
190.25 588.00
190.25 589.00
190.25 590.00
190.00 590.25
189.25 591.00
189.25 592.00
189.25 593.00
189.25 594.00
189.25 595.00
189.00 595.25
188.25 596.00
188.25 597.00
188.25 598.00
188.25 599.00
188.25 600.00
188.25 601.00
188.25 602.00
188.25 603.00
188.25 604.00
188.25 605.00
188.25 606.00
188.25 607.00
188.25 608.00
189.00 608.75
189.25 609.00
189.25 610.00
189.25 611.00
189.25 612.00
189.25 613.00
189.25 614.00
190.00 614.75
190.25 615.00
190.25 616.00
190.25 617.00
191.00 617.75
191.25 618.00
191.25 619.00
192.00 619.75
192.25 620.00
192.25 621.00
193.00 621.75
193.25 622.00
194.00 622.75
194.25 623.00
194.25 624.00
195.00 624.75
195.25 625.00
196.00 625.75
196.25 626.00
197.00 626.75
197.25 627.00
198.00 627.75
198.25 628.00
198.25 629.00
199.00 629.75
199.25 630.00
200.00 630.75
200.25 631.00
201.00 631.75
202.00 631.75
202.25 632.00
203.00 632.75
203.25 633.00
204.00 633.75
204.25 634.00
205.00 634.75
206.00 634.75
206.25 635.00
207.00 635.75
208.00 635.75
208.25 636.00
209.00 636.75
210.00 636.75
210.25 637.00
211.00 637.75
211.25 638.00
212.00 638.75
213.00 638.75
213.25 639.00
214.00 639.75
215.00 639.75
216.00 639.75
216.25 640.00
217.00 640.75
218.00 640.75
219.00 640.75
219.25 641.00
220.00 641.75
221.00 641.75
222.00 641.75
222.25 642.00
223.00 642.75
224.00 642.75
225.00 642.75
226.00 642.75
227.00 642.75
228.00 642.75
229.00 642.75
230.00 642.75
230.25 643.00
231.00 643.75
232.00 643.75
233.00 643.75
233.75 643.00
234.00 642.75
234.25 643.00
235.00 643.75
235.75 643.00
236.00 642.75
237.00 642.75
238.00 642.75
239.00 642.75
240.00 642.75
241.00 642.75
242.00 642.75
242.75 642.00
243.00 641.75
244.00 641.75
245.00 641.75
245.75 641.00
246.00 640.75
247.00 640.75
247.75 640.00
248.00 639.75
249.00 639.75
249.75 639.00
250.00 638.75
250.75 638.00
251.00 637.75
251.75 637.00
252.00 636.75
252.75 636.00
253.00 635.75
253.75 635.00
254.00 634.75
254.75 634.00
255.00 633.75
255.75 633.00
256.00 632.75
256.75 632.00
257.00 631.75
257.75 631.00
258.00 630.75
258.75 630.00
259.00 629.75
259.75 629.00
259.75 628.00
260.00 627.75
260.75 627.00
261.00 626.75
261.75 626.00
261.75 625.00
262.00 624.75
262.75 624.00
262.75 623.00
263.00 622.75
263.75 622.00
263.75 621.00
264.00 620.75
264.75 620.00
264.75 619.00
265.00 618.75
265.75 618.00
265.75 617.00
266.00 616.75
266.75 616.00
266.75 615.00
266.75 614.00
266.75 613.00
266.75 612.00
267.00 611.75
267.75 611.00

Contour 2:
292.83 849.00
292.83 848.00
292.83 847.00
292.83 846.00
292.83 845.00
292.83 844.00
292.83 843.00
292.83 842.00
292.83 841.00
292.83 840.00
292.83 839.00
292.83 838.00
292.83 837.00
292.83 836.00
292.00 835.17
291.83 835.00
291.83 834.00
291.83 833.00
291.83 832.00
291.00 831.17
290.83 831.00
290.83 830.00
290.83 829.00
290.00 828.17
289.83 828.00
289.83 827.00
289.00 826.17
288.83 826.00
288.83 825.00
288.00 824.17
287.83 824.00
287.00 823.17
286.83 823.00
286.83 822.00
286.00 821.17
285.83 821.00
285.00 820.17
284.83 820.00
284.83 819.00
284.00 818.17
283.83 818.00
283.00 817.17
282.83 817.00
282.00 816.17
281.83 816.00
281.83 815.00
281.00 814.17
280.83 814.00
280.00 813.17
279.83 813.00
279.00 812.17
278.83 812.00
278.00 811.17
277.83 811.00
277.00 810.17
276.00 810.17
275.83 810.00
275.00 809.17
274.83 809.00
274.00 808.17
273.83 808.00
273.00 807.17
272.83 807.00
272.00 806.17
271.83 806.00
271.00 805.17
270.00 805.17
269.83 805.00
269.00 804.17
268.83 804.00
268.00 803.17
267.00 803.17
266.83 803.00
266.00 802.17
265.83 802.00
265.00 801.17
264.83 801.00
264.00 800.17
263.83 800.00
263.83 799.00
263.00 798.17
262.83 798.00
262.00 797.17
261.00 797.17
260.83 797.00
260.00 796.17
259.83 796.00
259.00 795.17
258.83 795.00
258.00 794.17
257.83 794.00
257.00 793.17
256.83 793.00
256.00 792.17
255.00 792.17
254.83 792.00
254.00 791.17
253.00 791.17
252.83 791.00
252.00 790.17
251.00 790.17
250.83 790.00
250.00 789.17
249.00 789.17
248.00 789.17
247.83 789.00
247.00 788.17
246.00 788.17
245.00 788.17
244.83 788.00
244.00 787.17
243.00 787.17
242.00 787.17
241.00 787.17
240.00 787.17
239.00 787.17
238.00 787.17
237.00 787.17
236.00 787.17
235.00 787.17
234.00 787.17
233.00 787.17
232.00 787.17
231.00 787.17
230.00 787.17
229.17 788.00
229.00 788.17
228.00 788.17
227.00 788.17
226.00 788.17
225.17 789.00
225.00 789.17
224.00 789.17
223.00 789.17
222.00 789.17
221.17 790.00
221.00 790.17
220.00 790.17
219.00 790.17
218.17 791.00
218.00 791.17
217.00 791.17
216.17 792.00
216.00 792.17
215.00 792.17
214.17 793.00
214.00 793.17
213.00 793.17
212.17 794.00
212.00 794.17
211.17 795.00
211.00 795.17
210.00 795.17
209.17 796.00
209.00 796.17
208.17 797.00
208.00 797.17
207.17 798.00
207.00 798.17
206.17 799.00
206.17 800.00
206.00 800.17
205.17 801.00
205.00 801.17
204.17 802.00
204.17 803.00
204.00 803.17
203.17 804.00
203.17 805.00
203.17 806.00
203.00 806.17
202.17 807.00
202.17 808.00
202.17 809.00
202.00 809.17
201.17 810.00
201.17 811.00
201.17 812.00
201.17 813.00
201.17 814.00
201.17 815.00
201.00 815.17
200.17 816.00
200.17 817.00
200.17 818.00
200.17 819.00
200.17 820.00
201.00 820.83
201.17 821.00
201.17 822.00
201.17 823.00
201.17 824.00
201.17 825.00
201.17 826.00
201.17 827.00
202.00 827.83
202.17 828.00
202.17 829.00
202.17 830.00
202.17 831.00
203.00 831.83
203.17 832.00
203.17 833.00
204.00 833.83
204.17 834.00
204.17 835.00
205.00 835.83
205.17 836.00
205.17 837.00
206.00 837.83
206.17 838.00
206.17 839.00
207.00 839.83
207.17 840.00
208.00 840.83
208.17 841.00
208.17 842.00
209.00 842.83
209.17 843.00
210.00 843.83
210.17 844.00
210.17 845.00
211.00 845.83
211.17 846.00
211.17 847.00
212.00 847.83
212.17 848.00
213.00 848.83
213.17 849.00
213.17 850.00
214.00 850.83
214.17 851.00
214.17 852.00
215.00 852.83
215.17 853.00
215.17 854.00
216.00 854.83
216.17 855.00
217.00 855.83
217.17 856.00
217.17 857.00
218.00 857.83
218.17 858.00
219.00 858.83
219.17 859.00
219.17 860.00
220.00 860.83
220.17 861.00
221.00 861.83
221.17 862.00
222.00 862.83
222.17 863.00
223.00 863.83
223.17 864.00
224.00 864.83
224.17 865.00
225.00 865.83
225.17 866.00
226.00 866.83
226.17 867.00
227.00 867.83
227.17 868.00
228.00 868.83
229.00 868.83
229.17 869.00
230.00 869.83
230.17 870.00
231.00 870.83
232.00 870.83
232.17 871.00
233.00 871.83
233.17 872.00
234.00 872.83
235.00 872.83
235.17 873.00
236.00 873.83
237.00 873.83
237.17 874.00
238.00 874.83
239.00 874.83
239.17 875.00
240.00 875.83
241.00 875.83
242.00 875.83
242.17 876.00
243.00 876.83
244.00 876.83
245.00 876.83
246.00 876.83
247.00 876.83
248.00 876.83
248.17 877.00
249.00 877.83
250.00 877.83
251.00 877.83
252.00 877.83
253.00 877.83
254.00 877.83
255.00 877.83
255.83 877.00
256.00 876.83
257.00 876.83
258.00 876.83
259.00 876.83
259.83 876.00
260.00 875.83
261.00 875.83
262.00 875.83
262.83 875.00
263.00 874.83
264.00 874.83
265.00 874.83
265.83 874.00
266.00 873.83
267.00 873.83
268.00 873.83
269.00 873.83
269.83 873.00
270.00 872.83
271.00 872.83
272.00 872.83
272.83 872.00
273.00 871.83
273.83 871.00
274.00 870.83
275.00 870.83
275.83 870.00
276.00 869.83
277.00 869.83
277.83 869.00
278.00 868.83
278.83 868.00
279.00 867.83
279.83 867.00
280.00 866.83
281.00 866.83
281.83 866.00
282.00 865.83
282.83 865.00
283.00 864.83
283.83 864.00
284.00 863.83
284.83 863.00
285.00 862.83
285.83 862.00
286.00 861.83
286.83 861.00
286.83 860.00
287.00 859.83
287.83 859.00
288.00 858.83
288.83 858.00
288.83 857.00
289.00 856.83
289.83 856.00
290.00 855.83
290.83 855.00
290.83 854.00
291.00 853.83
291.83 853.00
291.83 852.00
291.83 851.00
291.83 850.00
292.00 849.83
292.83 849.00

Contour 3:
271.88 20.00
271.88 19.00
271.88 18.00
271.88 17.00
271.00 16.12
270.88 16.00
270.88 15.00
270.00 14.12
269.88 14.00
269.00 13.12
268.88 13.00
268.00 12.12
267.88 12.00
267.88 11.00
267.00 10.12
266.88 10.00
266.00 9.12
265.88 9.00
265.00 8.12
264.88 8.00
264.00 7.12
263.88 7.00
263.00 6.12
262.00 6.12
261.88 6.00
261.00 5.12
260.00 5.12
259.12 6.00
259.00 6.12
258.00 6.12
257.00 6.12
256.00 6.12
255.88 6.00
255.00 5.12
254.00 5.12
253.00 5.12
252.00 5.12
251.00 5.12
250.00 5.12
249.12 6.00
249.00 6.12
248.00 6.12
247.00 6.12
246.00 6.12
245.00 6.12
244.00 6.12
243.12 7.00
243.00 7.12
242.00 7.12
241.00 7.12
240.00 7.12
239.00 7.12
238.00 7.12
237.00 7.12
236.00 7.12
235.88 7.00
235.00 6.12
234.00 6.12
233.00 6.12
232.00 6.12
231.00 6.12
230.00 6.12
229.00 6.12
228.00 6.12
227.00 6.12
226.00 6.12
225.88 6.00
225.00 5.12
224.00 5.12
223.00 5.12
222.00 5.12
221.00 5.12
220.00 5.12
219.00 5.12
218.00 5.12
217.00 5.12
216.12 6.00
216.00 6.12
215.00 6.12
214.00 6.12
213.00 6.12
212.00 6.12
211.12 7.00
211.00 7.12
210.00 7.12
209.00 7.12
208.00 7.12
207.00 7.12
206.12 8.00
206.00 8.12
205.00 8.12
204.12 9.00
204.00 9.12
203.12 10.00
203.00 10.12
202.12 11.00
202.12 12.00
202.00 12.12
201.12 13.00
202.00 13.88
202.12 14.00
202.12 15.00
202.12 16.00
202.12 17.00
202.12 18.00
202.12 19.00
202.12 20.00
202.00 20.12
201.12 21.00
201.12 22.00
201.12 23.00
201.12 24.00
201.12 25.00
202.00 25.88
202.12 26.00
202.12 27.00
203.00 27.88
203.12 28.00
204.00 28.88
204.12 29.00
205.00 29.88
205.12 30.00
205.12 31.00
206.00 31.88
206.12 32.00
207.00 32.88
207.12 33.00
208.00 33.88
208.12 34.00
208.12 35.00
209.00 35.88
209.12 36.00
210.00 36.88
210.12 37.00
211.00 37.88
211.12 38.00
212.00 38.88
212.12 39.00
213.00 39.88
213.12 40.00
214.00 40.88
215.00 40.88
215.12 41.00
216.00 41.88
216.12 42.00
217.00 42.88
217.12 43.00
218.00 43.88
219.00 43.88
219.12 44.00
220.00 44.88
221.00 44.88
221.12 45.00
222.00 45.88
223.00 45.88
223.12 46.00
224.00 46.88
225.00 46.88
226.00 46.88
227.00 46.88
228.00 46.88
229.00 46.88
229.12 47.00
230.00 47.88
231.00 47.88
232.00 47.88
233.00 47.88
234.00 47.88
235.00 47.88
236.00 47.88
236.88 47.00
237.00 46.88
238.00 46.88
239.00 46.88
240.00 46.88
240.88 46.00
241.00 45.88
242.00 45.88
243.00 45.88
243.88 45.00
244.00 44.88
245.00 44.88
246.00 44.88
247.00 44.88
247.88 44.00
248.00 43.88
249.00 43.88
249.88 43.00
250.00 42.88
251.00 42.88
251.88 42.00
252.00 41.88
252.88 41.00
253.00 40.88
254.00 40.88
254.88 40.00
255.00 39.88
255.88 39.00
256.00 38.88
256.88 38.00
257.00 37.88
257.88 37.00
258.00 36.88
258.88 36.00
259.00 35.88
260.00 35.88
260.88 35.00
261.00 34.88
261.88 34.00
262.00 33.88
262.88 33.00
263.00 32.88
263.88 32.00
264.00 31.88
264.88 31.00
265.00 30.88
265.88 30.00
265.88 29.00
266.00 28.88
266.88 28.00
266.88 27.00
267.00 26.88
267.88 26.00
268.00 25.88
268.88 25.00
269.00 24.88
269.88 24.00
269.88 23.00
269.88 22.00
270.00 21.88
270.88 21.00
271.00 20.88
271.88 20.00

Contour 4:
285.90 259.00
285.90 258.00
285.90 257.00
285.90 256.00
285.90 255.00
285.90 254.00
285.90 253.00
285.90 252.00
285.90 251.00
285.90 250.00
285.90 249.00
285.90 248.00
285.90 247.00
285.90 246.00
285.90 245.00
285.00 244.10
284.90 244.00
284.90 243.00
284.90 242.00
284.90 241.00
284.90 240.00
284.90 239.00
284.00 238.10
283.90 238.00
283.90 237.00
283.90 236.00
283.90 235.00
283.90 234.00
283.00 233.10
282.90 233.00
282.90 232.00
282.90 231.00
282.90 230.00
282.00 229.10
281.90 229.00
281.90 228.00
281.90 227.00
281.00 226.10
280.90 226.00
280.90 225.00
280.90 224.00
280.00 223.10
279.90 223.00
279.90 222.00
279.90 221.00
279.00 220.10
278.90 220.00
278.90 219.00
278.00 218.10
277.90 218.00
277.00 217.10
276.90 217.00
276.00 216.10
275.90 216.00
275.00 215.10
274.90 215.00
274.00 214.10
273.90 214.00
273.00 213.10
272.90 213.00
272.00 212.10
271.90 212.00
271.00 211.10
270.90 211.00
270.00 210.10
269.00 210.10
268.90 210.00
268.00 209.10
267.90 209.00
267.00 208.10
266.00 208.10
265.90 208.00
265.00 207.10
264.00 207.10
263.90 207.00
263.00 206.10
262.00 206.10
261.90 206.00
261.00 205.10
260.00 205.10
259.90 205.00
259.00 204.10
258.00 204.10
257.90 204.00
257.00 203.10
256.00 203.10
255.00 203.10
254.00 203.10
253.90 203.00
253.00 202.10
252.00 202.10
251.00 202.10
250.00 202.10
249.00 202.10
248.00 202.10
247.00 202.10
246.00 202.10
245.00 202.10
244.00 202.10
243.00 202.10
242.10 203.00
242.00 203.10
241.00 203.10
240.00 203.10
239.00 203.10
238.10 204.00
238.00 204.10
237.00 204.10
236.00 204.10
235.10 205.00
235.00 205.10
234.00 205.10
233.10 206.00
233.00 206.10
232.00 206.10
231.10 207.00
231.00 207.10
230.00 207.10
229.10 208.00
229.00 208.10
228.10 209.00
228.00 209.10
227.10 210.00
227.00 210.10
226.00 210.10
225.10 211.00
225.00 211.10
224.10 212.00
224.00 212.10
223.10 213.00
223.10 214.00
223.00 214.10
222.10 215.00
222.00 215.10
221.10 216.00
221.00 216.10
220.10 217.00
220.00 217.10
219.10 218.00
219.00 218.10
218.10 219.00
218.10 220.00
218.00 220.10
217.10 221.00
217.10 222.00
217.10 223.00
217.00 223.10
216.10 224.00
216.10 225.00
216.00 225.10
215.10 226.00
215.10 227.00
215.10 228.00
215.10 229.00
215.10 230.00
215.00 230.10
214.10 231.00
214.10 232.00
214.10 233.00
214.10 234.00
214.10 235.00
214.10 236.00
214.10 237.00
214.00 237.10
213.10 238.00
213.10 239.00
213.10 240.00
213.10 241.00
213.10 242.00
213.10 243.00
213.10 244.00
213.10 245.00
213.10 246.00
214.00 246.90
214.10 247.00
214.10 248.00
214.10 249.00
214.10 250.00
215.00 250.90
215.10 251.00
215.10 252.00
215.10 253.00
215.10 254.00
216.00 254.90
216.10 255.00
216.10 256.00
216.10 257.00
217.00 257.90
217.10 258.00
217.10 259.00
217.10 260.00
218.00 260.90
218.10 261.00
218.10 262.00
219.00 262.90
219.10 263.00
219.10 264.00
220.00 264.90
220.10 265.00
220.10 266.00
221.00 266.90
221.10 267.00
221.10 268.00
222.00 268.90
222.10 269.00
223.00 269.90
223.10 270.00
224.00 270.90
224.10 271.00
225.00 271.90
225.10 272.00
225.10 273.00
226.00 273.90
226.10 274.00
227.00 274.90
227.10 275.00
228.00 275.90
228.10 276.00
229.00 276.90
229.10 277.00
230.00 277.90
230.10 278.00
231.00 278.90
231.10 279.00
232.00 279.90
233.00 279.90
233.10 280.00
234.00 280.90
234.10 281.00
235.00 281.90
235.10 282.00
236.00 282.90
237.00 282.90
237.10 283.00
238.00 283.90
239.00 283.90
239.10 284.00
240.00 284.90
241.00 284.90
241.10 285.00
242.00 285.90
243.00 285.90
244.00 285.90
245.00 285.90
245.10 286.00
246.00 286.90
247.00 286.90
248.00 286.90
249.00 286.90
250.00 286.90
250.10 287.00
251.00 287.90
252.00 287.90
253.00 287.90
254.00 287.90
255.00 287.90
256.00 287.90
257.00 287.90
258.00 287.90
258.90 287.00
259.00 286.90
260.00 286.90
261.00 286.90
262.00 286.90
263.00 286.90
264.00 286.90
264.90 286.00
265.00 285.90
266.00 285.90
266.90 285.00
267.00 284.90
268.00 284.90
268.90 284.00
269.00 283.90
270.00 283.90
270.90 283.00
271.00 282.90
271.90 282.00
272.00 281.90
273.00 281.90
273.90 281.00
274.00 280.90
274.90 280.00
275.00 279.90
275.90 279.00
275.90 278.00
276.00 277.90
276.90 277.00
277.00 276.90
277.90 276.00
278.00 275.90
278.90 275.00
279.00 274.90
279.90 274.00
279.90 273.00
280.00 272.90
280.90 272.00
280.90 271.00
281.00 270.90
281.90 270.00
281.90 269.00
282.00 268.90
282.90 268.00
282.90 267.00
283.00 266.90
283.90 266.00
283.90 265.00
283.90 264.00
284.00 263.90
284.90 263.00
284.90 262.00
284.90 261.00
284.90 260.00
285.00 259.90
285.90 259.00

Contour 5:
340.92 488.00
340.92 487.00
340.92 486.00
340.92 485.00
340.92 484.00
340.92 483.00
340.92 482.00
340.92 481.00
340.92 480.00
340.92 479.00
340.00 478.08
339.92 478.00
339.92 477.00
339.92 476.00
339.92 475.00
339.92 474.00
339.00 473.08
338.92 473.00
338.92 472.00
338.00 471.08
337.92 471.00
337.92 470.00
337.00 469.08
336.92 469.00
336.00 468.08
335.92 468.00
335.92 467.00
335.00 466.08
334.92 466.00
334.00 465.08
333.92 465.00
333.00 464.08
332.92 464.00
332.00 463.08
331.92 463.00
331.00 462.08
330.92 462.00
330.00 461.08
329.00 461.08
328.92 461.00
328.00 460.08
327.92 460.00
327.00 459.08
326.00 459.08
325.92 459.00
325.00 458.08
324.92 458.00
324.00 457.08
323.00 457.08
322.92 457.00
322.00 456.08
321.00 456.08
320.92 456.00
320.00 455.08
319.00 455.08
318.92 455.00
318.00 454.08
317.00 454.08
316.92 454.00
316.00 453.08
315.92 453.00
315.00 452.08
314.00 452.08
313.92 452.00
313.00 451.08
312.00 451.08
311.00 451.08
310.92 451.00
310.00 450.08
309.00 450.08
308.00 450.08
307.00 450.08
306.00 450.08
305.00 450.08
304.00 450.08
303.00 450.08
302.00 450.08
301.00 450.08
300.00 450.08
299.00 450.08
298.00 450.08
297.00 450.08
296.00 450.08
295.00 450.08
294.00 450.08
293.08 451.00
293.00 451.08
292.00 451.08
291.00 451.08
290.08 452.00
290.00 452.08
289.00 452.08
288.08 453.00
288.00 453.08
287.08 454.00
287.00 454.08
286.08 455.00
286.00 455.08
285.08 456.00
285.00 456.08
284.08 457.00
284.00 457.08
283.08 458.00
283.00 458.08
282.08 459.00
282.00 459.08
281.08 460.00
281.08 461.00
281.00 461.08
280.08 462.00
280.08 463.00
280.00 463.08
279.08 464.00
279.08 465.00
279.08 466.00
279.08 467.00
279.00 467.08
278.08 468.00
278.08 469.00
278.08 470.00
278.08 471.00
278.08 472.00
279.00 472.92
279.08 473.00
279.08 474.00
279.08 475.00
279.08 476.00
279.08 477.00
280.00 477.92
280.08 478.00
280.08 479.00
280.08 480.00
281.00 480.92
281.08 481.00
281.08 482.00
282.00 482.92
282.08 483.00
282.08 484.00
283.00 484.92
283.08 485.00
284.00 485.92
284.08 486.00
284.08 487.00
285.00 487.92
285.08 488.00
286.00 488.92
286.08 489.00
287.00 489.92
287.08 490.00
287.08 491.00
288.00 491.92
288.08 492.00
289.00 492.92
289.08 493.00
290.00 493.92
290.08 494.00
291.00 494.92
291.08 495.00
292.00 495.92
293.00 495.92
293.08 496.00
294.00 496.92
294.08 497.00
295.00 497.92
295.08 498.00
296.00 498.92
296.08 499.00
297.00 499.92
297.08 500.00
298.00 500.92
299.00 500.92
299.08 501.00
300.00 501.92
300.08 502.00
301.00 502.92
302.00 502.92
302.08 503.00
303.00 503.92
304.00 503.92
304.08 504.00
305.00 504.92
306.00 504.92
307.00 504.92
307.08 505.00
308.00 505.92
309.00 505.92
310.00 505.92
310.08 506.00
311.00 506.92
312.00 506.92
313.00 506.92
314.00 506.92
315.00 506.92
316.00 506.92
317.00 506.92
318.00 506.92
319.00 506.92
320.00 506.92
321.00 506.92
322.00 506.92
323.00 506.92
323.92 506.00
324.00 505.92
325.00 505.92
326.00 505.92
326.92 505.00
327.00 504.92
328.00 504.92
328.92 504.00
329.00 503.92
330.00 503.92
330.92 503.00
331.00 502.92
331.92 502.00
332.00 501.92
332.92 501.00
333.00 500.92
333.92 500.00
334.00 499.92
334.92 499.00
335.00 498.92
335.92 498.00
336.00 497.92
336.92 497.00
337.00 496.92
337.92 496.00
337.92 495.00
338.00 494.92
338.92 494.00
338.92 493.00
339.00 492.92
339.92 492.00
339.92 491.00
339.92 490.00
339.92 489.00
340.00 488.92
340.92 488.00

Contour 6:
372.93 576.00
372.93 575.00
372.93 574.00
372.93 573.00
372.93 572.00
372.93 571.00
372.93 570.00
372.93 569.00
372.93 568.00
372.93 567.00
372.93 566.00
372.00 565.07
371.93 565.00
371.93 564.00
371.93 563.00
371.93 562.00
371.00 561.07
370.93 561.00
370.93 560.00
370.93 559.00
370.00 558.07
369.93 558.00
369.93 557.00
369.00 556.07
368.93 556.00
368.93 555.00
368.00 554.07
367.93 554.00
367.93 553.00
367.00 552.07
366.93 552.00
366.00 551.07
365.93 551.00
365.93 550.00
365.00 549.07
364.93 549.00
364.00 548.07
363.93 548.00
363.00 547.07
362.93 547.00
362.00 546.07
361.93 546.00
361.00 545.07
360.93 545.00
360.00 544.07
359.93 544.00
359.00 543.07
358.93 543.00
358.00 542.07
357.93 542.00
357.00 541.07
356.93 541.00
356.00 540.07
355.93 540.00
355.00 539.07
354.00 539.07
353.93 539.00
353.00 538.07
352.93 538.00
352.00 537.07
351.00 537.07
350.93 537.00
350.00 536.07
349.00 536.07
348.93 536.00
348.00 535.07
347.00 535.07
346.00 535.07
345.00 535.07
344.00 535.07
343.00 535.07
342.00 535.07
341.00 535.07
340.00 535.07
339.00 535.07
338.00 535.07
337.00 535.07
336.00 535.07
335.00 535.07
334.00 535.07
333.00 535.07
332.00 535.07
331.00 535.07
330.07 536.00
330.00 536.07
329.00 536.07
328.00 536.07
327.00 536.07
326.07 537.00
326.00 537.07
325.00 537.07
324.00 537.07
323.00 537.07
322.07 538.00
322.00 538.07
321.00 538.07
320.07 539.00
320.00 539.07
319.07 540.00
319.00 540.07
318.07 541.00
318.00 541.07
317.07 542.00
317.07 543.00
317.00 543.07
316.07 544.00
316.00 544.07
315.07 545.00
315.07 546.00
315.00 546.07
314.07 547.00
314.00 547.07
313.07 548.00
313.00 548.07
312.07 549.00
312.07 550.00
312.00 550.07
311.07 551.00
311.00 551.07
310.07 552.00
310.00 552.07
309.07 553.00
309.00 553.07
308.07 554.00
308.07 555.00
308.00 555.07
307.07 556.00
307.00 556.07
306.07 557.00
306.07 558.00
306.00 558.07
305.07 559.00
305.07 560.00
305.00 560.07
304.07 561.00
304.07 562.00
304.07 563.00
304.00 563.07
303.07 564.00
303.07 565.00
303.07 566.00
303.07 567.00
303.07 568.00
303.07 569.00
303.07 570.00
303.07 571.00
303.07 572.00
303.07 573.00
303.07 574.00
303.07 575.00
303.07 576.00
304.00 576.93
304.07 577.00
304.07 578.00
304.07 579.00
304.07 580.00
305.00 580.93
305.07 581.00
305.07 582.00
306.00 582.93
306.07 583.00
306.07 584.00
306.07 585.00
307.00 585.93
307.07 586.00
307.07 587.00
308.00 587.93
308.07 588.00
309.00 588.93
309.07 589.00
309.07 590.00
310.00 590.93
310.07 591.00
311.00 591.93
312.00 591.93
312.07 592.00
313.00 592.93
313.07 593.00
314.00 593.93
314.07 594.00
315.00 594.93
316.00 594.93
316.07 595.00
317.00 595.93
317.07 596.00
318.00 596.93
319.00 596.93
319.07 597.00
320.00 597.93
320.07 598.00
321.00 598.93
322.00 598.93
322.07 599.00
323.00 599.93
324.00 599.93
325.00 599.93
325.07 600.00
326.00 600.93
327.00 600.93
328.00 600.93
328.07 601.00
329.00 601.93
330.00 601.93
331.00 601.93
332.00 601.93
332.07 602.00
333.00 602.93
334.00 602.93
335.00 602.93
336.00 602.93
337.00 602.93
338.00 602.93
338.93 602.00
339.00 601.93
340.00 601.93
341.00 601.93
342.00 601.93
343.00 601.93
343.93 601.00
344.00 600.93
345.00 600.93
346.00 600.93
347.00 600.93
348.00 600.93
348.93 600.00
349.00 599.93
350.00 599.93
351.00 599.93
351.93 599.00
352.00 598.93
353.00 598.93
353.93 598.00
354.00 597.93
355.00 597.93
355.93 597.00
356.00 596.93
357.00 596.93
357.93 596.00
358.00 595.93
358.93 595.00
359.00 594.93
360.00 594.93
360.93 594.00
361.00 593.93
361.93 593.00
362.00 592.93
362.93 592.00
363.00 591.93
363.93 591.00
364.00 590.93
364.93 590.00
365.00 589.93
365.93 589.00
366.00 588.93
366.93 588.00
367.00 587.93
367.93 587.00
368.00 586.93
368.93 586.00
368.93 585.00
369.00 584.93
369.93 584.00
369.93 583.00
370.00 582.93
370.93 582.00
370.93 581.00
371.00 580.93
371.93 580.00
371.93 579.00
371.93 578.00
371.93 577.00
372.00 576.93
372.93 576.00

Contour 7:
374.94 120.00
374.94 119.00
374.94 118.00
374.94 117.00
374.94 116.00
374.94 115.00
374.94 114.00
374.94 113.00
374.94 112.00
374.94 111.00
374.94 110.00
374.94 109.00
374.00 108.06
373.94 108.00
373.94 107.00
373.94 106.00
373.00 105.06
372.94 105.00
372.00 104.06
371.94 104.00
371.94 103.00
371.00 102.06
370.94 102.00
370.94 101.00
370.94 100.00
370.94 99.00
370.94 98.00
370.94 97.00
370.00 96.06
369.94 96.00
369.94 95.00
369.94 94.00
369.94 93.00
369.00 92.06
368.94 92.00
368.94 91.00
368.94 90.00
368.00 89.06
367.94 89.00
367.94 88.00
367.00 87.06
366.94 87.00
366.00 86.06
365.94 86.00
365.00 85.06
364.94 85.00
364.00 84.06
363.94 84.00
363.00 83.06
362.94 83.00
362.00 82.06
361.00 82.06
360.00 82.06
359.94 82.00
359.00 81.06
358.00 81.06
357.00 81.06
356.00 81.06
355.00 81.06
354.00 81.06
353.00 81.06
352.00 81.06
351.06 82.00
351.00 82.06
350.00 82.06
349.00 82.06
348.00 82.06
347.06 83.00
347.00 83.06
346.00 83.06
345.06 84.00
345.00 84.06
344.00 84.06
343.06 85.00
343.00 85.06
342.00 85.06
341.00 85.06
340.06 86.00
340.00 86.06
339.00 86.06
338.06 87.00
338.00 87.06
337.00 87.06
336.06 88.00
336.00 88.06
335.00 88.06
334.06 89.00
334.00 89.06
333.00 89.06
332.06 90.00
332.00 90.06
331.00 90.06
330.06 91.00
330.00 91.06
329.06 92.00
329.00 92.06
328.00 92.06
327.06 93.00
327.00 93.06
326.06 94.00
326.00 94.06
325.00 94.06
324.06 95.00
324.00 95.06
323.06 96.00
323.00 96.06
322.06 97.00
322.00 97.06
321.06 98.00
321.00 98.06
320.06 99.00
320.00 99.06
319.06 100.00
319.00 100.06
318.06 101.00
318.06 102.00
318.00 102.06
317.06 103.00
317.06 104.00
317.06 105.00
317.00 105.06
316.06 106.00
316.06 107.00
316.06 108.00
316.00 108.06
315.06 109.00
315.06 110.00
315.06 111.00
315.06 112.00
315.00 112.06
314.06 113.00
314.06 114.00
314.06 115.00
314.00 115.06
313.06 116.00
313.06 117.00
313.06 118.00
313.06 119.00
314.00 119.94
314.06 120.00
314.06 121.00
314.06 122.00
314.06 123.00
314.06 124.00
315.00 124.94
315.06 125.00
315.06 126.00
315.06 127.00
315.06 128.00
316.00 128.94
316.06 129.00
316.06 130.00
316.06 131.00
317.00 131.94
317.06 132.00
317.06 133.00
317.06 134.00
318.00 134.94
318.06 135.00
318.06 136.00
319.00 136.94
319.06 137.00
319.06 138.00
319.06 139.00
320.00 139.94
320.06 140.00
321.00 140.94
321.06 141.00
322.00 141.94
322.06 142.00
323.00 142.94
323.06 143.00
324.00 143.94
325.00 143.94
325.06 144.00
326.00 144.94
326.06 145.00
327.00 145.94
327.06 146.00
328.00 146.94
329.00 146.94
330.00 146.94
331.00 146.94
332.00 146.94
333.00 146.94
334.00 146.94
335.00 146.94
336.00 146.94
337.00 146.94
337.94 146.00
338.00 145.94
338.94 145.00
338.94 144.00
339.00 143.94
340.00 143.94
341.00 143.94
342.00 143.94
342.06 144.00
343.00 144.94
344.00 144.94
344.94 144.00
345.00 143.94
346.00 143.94
347.00 143.94
348.00 143.94
348.06 144.00
349.00 144.94
349.94 144.00
350.00 143.94
351.00 143.94
351.94 143.00
352.00 142.94
352.94 142.00
353.00 141.94
353.94 141.00
353.00 140.06
352.94 140.00
352.94 139.00
353.00 138.94
353.94 138.00
354.00 137.94
355.00 137.94
356.00 137.94
357.00 137.94
357.94 137.00
357.94 136.00
357.94 135.00
357.00 134.06
356.94 134.00
356.00 133.06
355.94 133.00
356.00 132.94
357.00 132.94
358.00 132.94
358.94 132.00
359.00 131.94
359.94 131.00
360.00 130.94
360.94 130.00
360.94 129.00
361.00 128.94
361.94 128.00
362.00 127.94
362.06 128.00
363.00 128.94
363.06 129.00
364.00 129.94
365.00 129.94
365.94 129.00
365.94 128.00
366.00 127.94
366.94 127.00
367.00 126.94
367.94 126.00
368.00 125.94
369.00 125.94
370.00 125.94
371.00 125.94
371.94 125.00
372.00 124.94
372.94 124.00
372.94 123.00
373.00 122.94
373.94 122.00
373.94 121.00
374.00 120.94
374.94 120.00

Contour 8:
397.94 935.00
397.94 934.00
397.94 933.00
397.94 932.00
397.94 931.00
397.94 930.00
397.94 929.00
397.00 928.06
396.94 928.00
396.94 927.00
396.94 926.00
396.94 925.00
396.00 924.06
395.94 924.00
395.94 923.00
395.94 922.00
395.94 921.00
395.94 920.00
395.00 919.06
394.94 919.00
394.94 918.00
394.94 917.00
394.00 916.06
393.94 916.00
393.94 915.00
393.00 914.06
392.94 914.00
392.94 913.00
392.94 912.00
392.00 911.06
391.94 911.00
391.94 910.00
391.00 909.06
390.94 909.00
390.94 908.00
390.00 907.06
389.94 907.00
389.94 906.00
389.00 905.06
388.94 905.00
388.00 904.06
387.94 904.00
387.94 903.00
387.00 902.06
386.94 902.00
386.00 901.06
385.94 901.00
385.00 900.06
384.94 900.00
384.00 899.06
383.94 899.00
383.00 898.06
382.94 898.00
382.00 897.06
381.94 897.00
381.00 896.06
380.94 896.00
380.00 895.06
379.94 895.00
379.00 894.06
378.94 894.00
378.00 893.06
377.00 893.06
376.94 893.00
376.00 892.06
375.94 892.00
375.00 891.06
374.00 891.06
373.94 891.00
373.00 890.06
372.00 890.06
371.94 890.00
371.00 889.06
370.94 889.00
370.00 888.06
369.00 888.06
368.00 888.06
367.94 888.00
367.00 887.06
366.00 887.06
365.00 887.06
364.94 887.00
364.00 886.06
363.00 886.06
362.00 886.06
361.00 886.06
360.00 886.06
359.00 886.06
358.00 886.06
357.00 886.06
356.00 886.06
355.00 886.06
354.00 886.06
353.06 887.00
353.00 887.06
352.00 887.06
351.00 887.06
350.06 888.00
350.00 888.06
349.00 888.06
348.06 889.00
348.00 889.06
347.06 890.00
347.00 890.06
346.00 890.06
345.06 891.00
345.00 891.06
344.06 892.00
344.00 892.06
343.06 893.00
343.00 893.06
342.06 894.00
342.00 894.06
341.06 895.00
341.00 895.06
340.06 896.00
340.00 896.06
339.06 897.00
339.06 898.00
339.00 898.06
338.06 899.00
338.06 900.00
338.00 900.06
337.06 901.00
337.06 902.00
337.06 903.00
337.00 903.06
336.06 904.00
336.06 905.00
336.00 905.06
335.06 906.00
335.06 907.00
335.06 908.00
335.06 909.00
335.00 909.06
334.06 910.00
334.06 911.00
334.06 912.00
334.06 913.00
334.06 914.00
334.06 915.00
334.00 915.06
333.06 916.00
333.06 917.00
333.06 918.00
333.06 919.00
333.06 920.00
333.06 921.00
333.06 922.00
333.06 923.00
333.06 924.00
333.06 925.00
333.06 926.00
334.00 926.94
334.06 927.00
334.06 928.00
334.06 929.00
334.06 930.00
334.06 931.00
335.00 931.94
335.06 932.00
335.06 933.00
335.06 934.00
335.06 935.00
336.00 935.94
336.06 936.00
336.06 937.00
336.06 938.00
337.00 938.94
337.06 939.00
337.06 940.00
337.06 941.00
338.00 941.94
338.06 942.00
338.06 943.00
338.06 944.00
339.00 944.94
339.06 945.00
339.06 946.00
340.00 946.94
340.06 947.00
340.06 948.00
341.00 948.94
341.06 949.00
341.06 950.00
342.00 950.94
342.06 951.00
343.00 951.94
343.06 952.00
344.00 952.94
344.06 953.00
345.00 953.94
345.06 954.00
346.00 954.94
346.06 955.00
347.00 955.94
348.00 955.94
348.06 956.00
349.00 956.94
350.00 956.94
350.06 957.00
351.00 957.94
352.00 957.94
352.06 958.00
353.00 958.94
354.00 958.94
355.00 958.94
355.06 959.00
356.00 959.94
357.00 959.94
358.00 959.94
358.06 960.00
359.00 960.94
360.00 960.94
361.00 960.94
362.00 960.94
363.00 960.94
364.00 960.94
365.00 960.94
366.00 960.94
367.00 960.94
368.00 960.94
369.00 960.94
369.94 960.00
370.00 959.94
371.00 959.94
372.00 959.94
373.00 959.94
373.94 959.00
374.00 958.94
375.00 958.94
376.00 958.94
376.94 958.00
377.00 957.94
378.00 957.94
379.00 957.94
379.94 957.00
380.00 956.94
381.00 956.94
382.00 956.94
382.94 956.00
383.00 955.94
384.00 955.94
384.94 955.00
385.00 954.94
385.94 954.00
386.00 953.94
387.00 953.94
387.94 953.00
388.00 952.94
388.94 952.00
389.00 951.94
389.94 951.00
389.94 950.00
390.00 949.94
390.94 949.00
391.00 948.94
391.94 948.00
392.00 947.94
392.94 947.00
392.94 946.00
393.00 945.94
393.94 945.00
393.94 944.00
394.00 943.94
394.94 943.00
394.94 942.00
395.00 941.94
395.94 941.00
395.94 940.00
396.00 939.94
396.94 939.00
396.94 938.00
396.94 937.00
396.94 936.00
397.00 935.94
397.94 935.00

Contour 9:
410.95 414.00
410.95 413.00
410.95 412.00
410.95 411.00
410.95 410.00
410.95 409.00
410.95 408.00
410.95 407.00
410.95 406.00
410.95 405.00
410.95 404.00
410.95 403.00
410.95 402.00
410.95 401.00
410.95 400.00
410.95 399.00
410.95 398.00
410.00 397.05
409.95 397.00
409.95 396.00
409.00 395.05
408.95 395.00
408.95 394.00
408.00 393.05
407.95 393.00
407.95 392.00
407.00 391.05
406.95 391.00
406.95 390.00
406.00 389.05
405.95 389.00
405.00 388.05
404.95 388.00
404.95 387.00
404.00 386.05
403.95 386.00
403.00 385.05
402.95 385.00
402.00 384.05
401.95 384.00
401.00 383.05
400.95 383.00
400.00 382.05
399.95 382.00
399.00 381.05
398.95 381.00
398.00 380.05
397.00 380.05
396.95 380.00
396.00 379.05
395.95 379.00
395.00 378.05
394.95 378.00
394.00 377.05
393.00 377.05
392.95 377.00
392.00 376.05
391.00 376.05
390.95 376.00
390.00 375.05
389.00 375.05
388.95 375.00
388.00 374.05
387.00 374.05
386.00 374.05
385.95 374.00
385.00 373.05
384.00 373.05
383.95 373.00
383.00 372.05
382.00 372.05
381.00 372.05
380.95 372.00
380.00 371.05
379.00 371.05
378.00 371.05
377.00 371.05
376.00 371.05
375.00 371.05
374.00 371.05
373.00 371.05
372.95 371.00
372.00 370.05
371.00 370.05
370.05 371.00
370.00 371.05
369.00 371.05
368.00 371.05
367.00 371.05
366.00 371.05
365.05 372.00
365.00 372.05
364.00 372.05
363.05 373.00
363.00 373.05
362.00 373.05
361.05 374.00
361.00 374.05
360.00 374.05
359.05 375.00
359.00 375.05
358.00 375.05
357.05 376.00
357.00 376.05
356.05 377.00
356.00 377.05
355.05 378.00
355.00 378.05
354.00 378.05
353.05 379.00
353.00 379.05
352.05 380.00
352.00 380.05
351.05 381.00
351.05 382.00
351.00 382.05
350.05 383.00
350.00 383.05
349.05 384.00
349.00 384.05
348.05 385.00
348.00 385.05
347.05 386.00
347.05 387.00
347.00 387.05
346.05 388.00
346.00 388.05
345.05 389.00
345.00 389.05
344.05 390.00
344.05 391.00
344.00 391.05
343.05 392.00
343.00 392.05
342.05 393.00
342.05 394.00
342.00 394.05
341.05 395.00
341.05 396.00
341.05 397.00
341.00 397.05
340.05 398.00
340.05 399.00
340.05 400.00
340.05 401.00
340.00 401.05
339.05 402.00
339.05 403.00
339.05 404.00
339.05 405.00
339.05 406.00
339.05 407.00
339.05 408.00
340.00 408.95
340.05 409.00
340.05 410.00
340.05 411.00
340.05 412.00
340.05 413.00
340.05 414.00
341.00 414.95
341.05 415.00
341.05 416.00
342.00 416.95
342.05 417.00
342.05 418.00
343.00 418.95
343.05 419.00
343.05 420.00
343.05 421.00
344.00 421.95
344.05 422.00
345.00 422.95
345.05 423.00
345.05 424.00
346.00 424.95
346.05 425.00
347.00 425.95
347.05 426.00
348.00 426.95
348.05 427.00
349.00 427.95
349.05 428.00
350.00 428.95
350.05 429.00
351.00 429.95
351.05 430.00
352.00 430.95
352.05 431.00
353.00 431.95
353.05 432.00
354.00 432.95
355.00 432.95
355.05 433.00
356.00 433.95
357.00 433.95
357.05 434.00
358.00 434.95
359.00 434.95
359.05 435.00
360.00 435.95
361.00 435.95
361.05 436.00
362.00 436.95
363.00 436.95
364.00 436.95
364.05 437.00
365.00 437.95
366.00 437.95
367.00 437.95
367.05 438.00
368.00 438.95
369.00 438.95
370.00 438.95
371.00 438.95
372.00 438.95
373.00 438.95
374.00 438.95
375.00 438.95
376.00 438.95
377.00 438.95
378.00 438.95
379.00 438.95
380.00 438.95
381.00 438.95
382.00 438.95
383.00 438.95
383.95 438.00
384.00 437.95
385.00 437.95
386.00 437.95
387.00 437.95
388.00 437.95
388.95 437.00
389.00 436.95
390.00 436.95
391.00 436.95
391.95 436.00
392.00 435.95
393.00 435.95
394.00 435.95
394.95 435.00
395.00 434.95
396.00 434.95
396.95 434.00
397.00 433.95
397.95 433.00
398.00 432.95
398.95 432.00
399.00 431.95
400.00 431.95
400.95 431.00
401.00 430.95
401.95 430.00
402.00 429.95
402.95 429.00
403.00 428.95
403.95 428.00
403.95 427.00
404.00 426.95
404.95 426.00
405.00 425.95
405.95 425.00
405.95 424.00
406.00 423.95
406.95 423.00
407.00 422.95
407.95 422.00
407.95 421.00
407.95 420.00
408.00 419.95
408.95 419.00
408.95 418.00
409.00 417.95
409.95 417.00
409.95 416.00
409.95 415.00
410.00 414.95
410.95 414.00

Contour 10:
412.95 237.00
412.95 236.00
412.95 235.00
412.95 234.00
412.95 233.00
412.95 232.00
412.95 231.00
412.95 230.00
412.95 229.00
412.95 228.00
412.95 227.00
412.95 226.00
412.95 225.00
412.00 224.05
411.95 224.00
411.95 223.00
411.95 222.00
411.00 221.05
410.95 221.00
410.95 220.00
410.95 219.00
410.00 218.05
409.95 218.00
409.95 217.00
409.00 216.05
408.95 216.00
408.95 215.00
408.00 214.05
407.95 214.00
407.95 213.00
407.00 212.05
406.95 212.00
406.00 211.05
405.95 211.00
405.00 210.05
404.95 210.00
404.00 209.05
403.95 209.00
403.00 208.05
402.95 208.00
402.00 207.05
401.95 207.00
401.00 206.05
400.00 206.05
399.95 206.00
399.00 205.05
398.00 205.05
397.95 205.00
397.00 204.05
396.00 204.05
395.00 204.05
394.00 204.05
393.95 204.00
393.00 203.05
392.00 203.05
391.00 203.05
390.00 203.05
389.00 203.05
388.00 203.05
387.00 203.05
386.00 203.05
385.05 204.00
385.00 204.05
384.00 204.05
383.00 204.05
382.05 205.00
382.00 205.05
381.00 205.05
380.00 205.05
379.05 206.00
379.00 206.05
378.00 206.05
377.05 207.00
377.00 207.05
376.05 208.00
376.00 208.05
375.00 208.05
374.05 209.00
374.00 209.05
373.05 210.00
373.00 210.05
372.05 211.00
372.00 211.05
371.05 212.00
371.00 212.05
370.05 213.00
370.00 213.05
369.05 214.00
369.00 214.05
368.05 215.00
368.00 215.05
367.05 216.00
367.05 217.00
367.00 217.05
366.05 218.00
366.00 218.05
365.05 219.00
365.05 220.00
365.00 220.05
364.05 221.00
364.00 221.05
363.05 222.00
363.05 223.00
363.00 223.05
362.05 224.00
362.05 225.00
362.00 225.05
361.05 226.00
361.05 227.00
361.00 227.05
360.05 228.00
360.05 229.00
360.00 229.05
359.05 230.00
359.05 231.00
359.05 232.00
359.05 233.00
359.05 234.00
359.00 234.05
358.05 235.00
358.05 236.00
358.05 237.00
358.05 238.00
358.05 239.00
358.05 240.00
358.05 241.00
358.05 242.00
358.05 243.00
358.05 244.00
358.05 245.00
358.05 246.00
358.05 247.00
358.05 248.00
358.05 249.00
358.05 250.00
358.05 251.00
358.05 252.00
358.05 253.00
358.05 254.00
358.05 255.00
359.00 255.95
359.05 256.00
359.05 257.00
359.05 258.00
360.00 258.95
360.05 259.00
360.05 260.00
361.00 260.95
361.05 261.00
361.05 262.00
362.00 262.95
362.05 263.00
363.00 263.95
363.05 264.00
363.05 265.00
364.00 265.95
364.05 266.00
365.00 266.95
365.05 267.00
366.00 267.95
366.05 268.00
367.00 268.95
367.05 269.00
368.00 269.95
369.00 269.95
369.05 270.00
370.00 270.95
371.00 270.95
371.05 271.00
372.00 271.95
373.00 271.95
374.00 271.95
375.00 271.95
375.05 272.00
376.00 272.95
377.00 272.95
378.00 272.95
379.00 272.95
380.00 272.95
381.00 272.95
382.00 272.95
383.00 272.95
384.00 272.95
385.00 272.95
385.95 272.00
386.00 271.95
387.00 271.95
388.00 271.95
389.00 271.95
389.95 271.00
390.00 270.95
391.00 270.95
391.95 270.00
392.00 269.95
392.95 269.00
393.00 268.95
393.95 268.00
394.00 267.95
394.95 267.00
395.00 266.95
395.95 266.00
396.00 265.95
396.95 265.00
397.00 264.95
397.95 264.00
398.00 263.95
398.95 263.00
399.00 262.95
399.95 262.00
400.00 261.95
400.95 261.00
400.95 260.00
401.00 259.95
401.95 259.00
402.00 258.95
402.95 258.00
403.00 257.95
403.95 257.00
403.95 256.00
404.00 255.95
404.95 255.00
405.00 254.95
405.95 254.00
405.95 253.00
406.00 252.95
406.95 252.00
406.95 251.00
407.00 250.95
407.95 250.00
407.95 249.00
408.00 248.95
408.95 248.00
408.95 247.00
409.00 246.95
409.95 246.00
409.95 245.00
410.00 244.95
410.95 244.00
410.95 243.00
410.95 242.00
410.95 241.00
411.00 240.95
411.95 240.00
411.95 239.00
411.95 238.00
412.00 237.95
412.95 237.00

Contour 11:
435.96 795.00
435.96 794.00
435.96 793.00
435.96 792.00
435.96 791.00
435.96 790.00
435.96 789.00
435.96 788.00
435.96 787.00
435.96 786.00
435.96 785.00
435.96 784.00
435.00 783.04
434.96 783.00
434.96 782.00
434.96 781.00
434.96 780.00
434.00 779.04
433.96 779.00
433.96 778.00
433.96 777.00
433.00 776.04
432.96 776.00
432.96 775.00
432.00 774.04
431.96 774.00
431.00 773.04
430.96 773.00
430.00 772.04
429.96 772.00
429.00 771.04
428.96 771.00
428.00 770.04
427.96 770.00
427.00 769.04
426.00 769.04
425.96 769.00
425.00 768.04
424.96 768.00
424.00 767.04
423.00 767.04
422.96 767.00
422.00 766.04
421.00 766.04
420.96 766.00
420.00 765.04
419.00 765.04
418.00 765.04
417.96 765.00
417.00 764.04
416.00 764.04
415.00 764.04
414.00 764.04
413.96 764.00
413.00 763.04
412.00 763.04
411.00 763.04
410.00 763.04
409.00 763.04
408.00 763.04
407.96 763.00
407.00 762.04
406.00 762.04
405.00 762.04
404.00 762.04
403.00 762.04
402.04 763.00
402.00 763.04
401.00 763.04
400.00 763.04
399.00 763.04
398.00 763.04
397.00 763.04
396.00 763.04
395.04 764.00
395.00 764.04
394.00 764.04
393.00 764.04
392.04 765.00
392.00 765.04
391.00 765.04
390.00 765.04
389.04 766.00
389.00 766.04
388.00 766.04
387.04 767.00
387.00 767.04
386.00 767.04
385.04 768.00
385.00 768.04
384.00 768.04
383.04 769.00
383.00 769.04
382.04 770.00
382.00 770.04
381.04 771.00
381.00 771.04
380.00 771.04
379.04 772.00
379.00 772.04
378.04 773.00
378.00 773.04
377.00 773.04
376.04 774.00
376.00 774.04
375.04 775.00
375.00 775.04
374.04 776.00
374.00 776.04
373.04 777.00
373.00 777.04
372.00 777.04
371.04 778.00
371.00 778.04
370.04 779.00
370.04 780.00
370.00 780.04
369.04 781.00
369.00 781.04
368.04 782.00
368.00 782.04
367.04 783.00
367.04 784.00
367.00 784.04
366.04 785.00
366.04 786.00
366.00 786.04
365.04 787.00
365.04 788.00
365.04 789.00
365.00 789.04
364.04 790.00
364.04 791.00
364.04 792.00
364.04 793.00
364.00 793.04
363.04 794.00
363.04 795.00
363.04 796.00
363.04 797.00
363.04 798.00
363.04 799.00
363.04 800.00
363.04 801.00
363.04 802.00
363.04 803.00
364.00 803.96
364.04 804.00
364.04 805.00
364.04 806.00
364.04 807.00
365.00 807.96
365.04 808.00
365.04 809.00
365.04 810.00
366.00 810.96
366.04 811.00
366.04 812.00
367.00 812.96
367.04 813.00
367.04 814.00
368.00 814.96
368.04 815.00
369.00 815.96
369.04 816.00
369.04 817.00
370.00 817.96
370.04 818.00
370.04 819.00
371.00 819.96
371.04 820.00
372.00 820.96
372.04 821.00
372.04 822.00
373.00 822.96
373.04 823.00
374.00 823.96
374.04 824.00
375.00 824.96
375.04 825.00
376.00 825.96
376.04 826.00
377.00 826.96
377.04 827.00
378.00 827.96
378.04 828.00
379.00 828.96
380.00 828.96
380.04 829.00
381.00 829.96
382.00 829.96
382.04 830.00
383.00 830.96
383.04 831.00
384.00 831.96
385.00 831.96
385.04 832.00
386.00 832.96
387.00 832.96
388.00 832.96
388.04 833.00
389.00 833.96
390.00 833.96
391.00 833.96
392.00 833.96
392.04 834.00
393.00 834.96
394.00 834.96
395.00 834.96
396.00 834.96
397.00 834.96
398.00 834.96
399.00 834.96
400.00 834.96
401.00 834.96
401.96 834.00
402.00 833.96
403.00 833.96
404.00 833.96
405.00 833.96
406.00 833.96
406.96 833.00
407.00 832.96
408.00 832.96
408.96 832.00
409.00 831.96
410.00 831.96
411.00 831.96
411.96 831.00
412.00 830.96
413.00 830.96
413.96 830.00
414.00 829.96
415.00 829.96
415.96 829.00
416.00 828.96
417.00 828.96
417.96 828.00
418.00 827.96
418.96 827.00
419.00 826.96
419.96 826.00
420.00 825.96
420.96 825.00
421.00 824.96
421.96 824.00
422.00 823.96
422.96 823.00
423.00 822.96
423.96 822.00
424.00 821.96
424.96 821.00
424.96 820.00
425.00 819.96
425.96 819.00
426.00 818.96
426.96 818.00
427.00 817.96
427.96 817.00
427.96 816.00
428.00 815.96
428.96 815.00
428.96 814.00
429.00 813.96
429.96 813.00
429.96 812.00
430.00 811.96
430.96 811.00
430.96 810.00
430.96 809.00
431.00 808.96
431.96 808.00
431.96 807.00
432.00 806.96
432.96 806.00
432.96 805.00
432.96 804.00
433.00 803.96
433.96 803.00
433.96 802.00
433.96 801.00
434.00 800.96
434.96 800.00
434.96 799.00
434.96 798.00
434.96 797.00
434.96 796.00
435.00 795.96
435.96 795.00

Contour 12:
464.96 635.00
464.96 634.00
464.96 633.00
464.96 632.00
464.96 631.00
464.96 630.00
464.96 629.00
464.96 628.00
464.96 627.00
464.96 626.00
464.96 625.00
464.96 624.00
464.96 623.00
464.96 622.00
464.96 621.00
464.00 620.04
463.96 620.00
463.96 619.00
463.96 618.00
463.96 617.00
463.96 616.00
463.00 615.04
462.96 615.00
462.96 614.00
462.00 613.04
461.96 613.00
461.96 612.00
461.00 611.04
460.96 611.00
460.96 610.00
460.00 609.04
459.96 609.00
459.00 608.04
458.96 608.00
458.96 607.00
458.00 606.04
457.96 606.00
457.00 605.04
456.96 605.00
456.00 604.04
455.96 604.00
455.00 603.04
454.96 603.00
454.00 602.04
453.00 602.04
452.96 602.00
452.00 601.04
451.96 601.00
451.00 600.04
450.96 600.00
450.00 599.04
449.00 599.04
448.00 599.04
447.96 599.00
447.00 598.04
446.00 598.04
445.00 598.04
444.96 598.00
444.00 597.04
443.00 597.04
442.00 597.04
441.00 597.04
440.00 597.04
439.00 597.04
438.00 597.04
437.00 597.04
436.00 597.04
435.00 597.04
434.00 597.04
433.00 597.04
432.00 597.04
431.00 597.04
430.00 597.04
429.04 598.00
429.00 598.04
428.00 598.04
427.00 598.04
426.04 599.00
426.00 599.04
425.00 599.04
424.04 600.00
424.00 600.04
423.00 600.04
422.00 600.04
421.04 601.00
421.00 601.04
420.00 601.04
419.00 601.04
418.04 602.00
418.00 602.04
417.00 602.04
416.04 603.00
416.00 603.04
415.00 603.04
414.04 604.00
414.00 604.04
413.04 605.00
413.00 605.04
412.00 605.04
411.04 606.00
411.00 606.04
410.04 607.00
410.00 607.04
409.04 608.00
409.00 608.04
408.04 609.00
408.00 609.04
407.04 610.00
407.04 611.00
407.00 611.04
406.04 612.00
406.00 612.04
405.04 613.00
405.04 614.00
405.00 614.04
404.04 615.00
404.00 615.04
403.04 616.00
403.04 617.00
403.00 617.04
402.04 618.00
402.04 619.00
402.04 620.00
402.04 621.00
402.00 621.04
401.04 622.00
401.04 623.00
401.04 624.00
401.04 625.00
401.04 626.00
401.04 627.00
401.04 628.00
401.04 629.00
401.04 630.00
401.04 631.00
401.04 632.00
401.04 633.00
401.04 634.00
401.04 635.00
402.00 635.96
402.04 636.00
402.04 637.00
402.04 638.00
402.04 639.00
403.00 639.96
403.04 640.00
403.04 641.00
403.04 642.00
404.00 642.96
404.04 643.00
404.04 644.00
404.04 645.00
405.00 645.96
405.04 646.00
405.04 647.00
406.00 647.96
406.04 648.00
406.04 649.00
407.00 649.96
407.04 650.00
407.04 651.00
408.00 651.96
408.04 652.00
409.00 652.96
409.04 653.00
410.00 653.96
410.04 654.00
411.00 654.96
411.04 655.00
412.00 655.96
412.04 656.00
413.00 656.96
414.00 656.96
414.04 657.00
415.00 657.96
415.04 658.00
416.00 658.96
417.00 658.96
417.04 659.00
418.00 659.96
419.00 659.96
420.00 659.96
420.04 660.00
421.00 660.96
422.00 660.96
422.04 661.00
423.00 661.96
424.00 661.96
425.00 661.96
425.04 662.00
426.00 662.96
427.00 662.96
428.00 662.96
429.00 662.96
429.04 663.00
430.00 663.96
431.00 663.96
432.00 663.96
433.00 663.96
434.00 663.96
435.00 663.96
436.00 663.96
437.00 663.96
437.96 663.00
438.00 662.96
439.00 662.96
440.00 662.96
441.00 662.96
441.96 662.00
442.00 661.96
443.00 661.96
443.96 661.00
444.00 660.96
445.00 660.96
446.00 660.96
446.96 660.00
447.00 659.96
448.00 659.96
448.96 659.00
449.00 658.96
449.96 658.00
450.00 657.96
450.96 657.00
451.00 656.96
451.96 656.00
452.00 655.96
453.00 655.96
453.96 655.00
454.00 654.96
454.96 654.00
455.00 653.96
455.96 653.00
456.00 652.96
456.96 652.00
456.96 651.00
457.00 650.96
457.96 650.00
458.00 649.96
458.96 649.00
459.00 648.96
459.96 648.00
459.96 647.00
460.00 646.96
460.96 646.00
460.96 645.00
461.00 644.96
461.96 644.00
461.96 643.00
462.00 642.96
462.96 642.00
462.96 641.00
462.96 640.00
463.00 639.96
463.96 639.00
463.96 638.00
463.96 637.00
463.96 636.00
464.00 635.96
464.96 635.00

Contour 13:
502.96 151.00
502.96 150.00
502.96 149.00
502.96 148.00
502.96 147.00
502.96 146.00
502.96 145.00
502.96 144.00
502.96 143.00
502.96 142.00
502.96 141.00
502.96 140.00
502.96 139.00
502.96 138.00
502.96 137.00
502.96 136.00
502.96 135.00
502.96 134.00
502.96 133.00
502.96 132.00
502.00 131.04
501.96 131.00
501.96 130.00
501.96 129.00
501.96 128.00
501.96 127.00
501.00 126.04
500.96 126.00
500.96 125.00
500.96 124.00
500.00 123.04
499.96 123.00
499.96 122.00
499.96 121.00
499.00 120.04
498.96 120.00
498.00 119.04
497.96 119.00
497.96 118.00
497.00 117.04
496.96 117.00
496.96 116.00
496.00 115.04
495.96 115.00
495.96 114.00
495.00 113.04
494.96 113.00
494.00 112.04
493.96 112.00
493.00 111.04
492.96 111.00
492.00 110.04
491.96 110.00
491.00 109.04
490.96 109.00
490.00 108.04
489.00 108.04
488.96 108.00
488.00 107.04
487.00 107.04
486.00 107.04
485.96 107.00
485.00 106.04
484.00 106.04
483.00 106.04
482.00 106.04
481.00 106.04
480.00 106.04
479.00 106.04
478.04 107.00
478.00 107.04
477.00 107.04
476.00 107.04
475.00 107.04
474.04 108.00
474.00 108.04
473.00 108.04
472.04 109.00
472.00 109.04
471.00 109.04
470.00 109.04
469.04 110.00
469.00 110.04
468.00 110.04
467.04 111.00
467.00 111.04
466.00 111.04
465.04 112.00
465.00 112.04
464.04 113.00
464.00 113.04
463.00 113.04
462.04 114.00
462.00 114.04
461.04 115.00
461.00 115.04
460.04 116.00
460.00 116.04
459.04 117.00
459.04 118.00
459.00 118.04
458.04 119.00
458.00 119.04
457.04 120.00
457.00 120.04
456.04 121.00
456.04 122.00
456.00 122.04
455.04 123.00
455.04 124.00
455.00 124.04
454.04 125.00
454.04 126.00
454.00 126.04
453.04 127.00
453.04 128.00
453.04 129.00
453.04 130.00
453.00 130.04
452.04 131.00
452.04 132.00
452.04 133.00
452.00 133.04
451.04 134.00
451.04 135.00
451.04 136.00
451.04 137.00
451.00 137.04
450.04 138.00
450.04 139.00
450.04 140.00
450.04 141.00
450.04 142.00
450.04 143.00
450.04 144.00
450.04 145.00
450.04 146.00
450.04 147.00
450.04 148.00
450.04 149.00
450.04 150.00
450.04 151.00
451.00 151.96
451.04 152.00
451.04 153.00
451.04 154.00
452.00 154.96
452.04 155.00
452.04 156.00
452.04 157.00
453.00 157.96
453.04 158.00
453.04 159.00
454.00 159.96
454.04 160.00
454.04 161.00
455.00 161.96
455.04 162.00
456.00 162.96
456.04 163.00
457.00 163.96
457.04 164.00
457.04 165.00
458.00 165.96
458.04 166.00
459.00 166.96
460.00 166.96
460.04 167.00
461.00 167.96
461.04 168.00
462.00 168.96
462.04 169.00
463.00 169.96
463.04 170.00
464.00 170.96
465.00 170.96
465.04 171.00
466.00 171.96
467.00 171.96
467.04 172.00
468.00 172.96
469.00 172.96
469.04 173.00
470.00 173.96
471.00 173.96
472.00 173.96
472.04 174.00
473.00 174.96
474.00 174.96
475.00 174.96
476.00 174.96
477.00 174.96
478.00 174.96
479.00 174.96
480.00 174.96
481.00 174.96
482.00 174.96
483.00 174.96
483.96 174.00
484.00 173.96
485.00 173.96
486.00 173.96
486.96 173.00
487.00 172.96
487.96 172.00
488.00 171.96
489.00 171.96
489.96 171.00
490.00 170.96
490.96 170.00
491.00 169.96
492.00 169.96
492.96 169.00
493.00 168.96
493.96 168.00
493.96 167.00
494.00 166.96
494.96 166.00
495.00 165.96
495.96 165.00
496.00 164.96
496.96 164.00
496.96 163.00
497.00 162.96
497.96 162.00
498.00 161.96
498.96 161.00
498.96 160.00
499.00 159.96
499.96 159.00
499.96 158.00
500.00 157.96
500.96 157.00
500.96 156.00
501.00 155.96
501.96 155.00
501.96 154.00
501.96 153.00
501.96 152.00
502.00 151.96
502.96 151.00

Contour 14:
546.97 490.00
546.97 489.00
546.97 488.00
546.97 487.00
546.97 486.00
546.97 485.00
546.97 484.00
546.97 483.00
546.97 482.00
546.97 481.00
546.97 480.00
546.97 479.00
546.00 478.03
545.97 478.00
545.97 477.00
545.97 476.00
545.97 475.00
545.00 474.03
544.97 474.00
544.97 473.00
544.00 472.03
543.97 472.00
543.00 471.03
542.97 471.00
542.97 470.00
542.00 469.03
541.97 469.00
541.97 468.00
541.00 467.03
540.97 467.00
540.00 466.03
539.97 466.00
539.97 465.00
539.00 464.03
538.97 464.00
538.00 463.03
537.97 463.00
537.00 462.03
536.97 462.00
536.00 461.03
535.97 461.00
535.00 460.03
534.00 460.03
533.97 460.00
533.00 459.03
532.00 459.03
531.00 459.03
530.97 459.00
530.00 458.03
529.00 458.03
528.00 458.03
527.00 458.03
526.00 458.03
525.00 458.03
524.00 458.03
523.00 458.03
522.03 459.00
522.00 459.03
521.00 459.03
520.00 459.03
519.00 459.03
518.03 460.00
518.00 460.03
517.00 460.03
516.00 460.03
515.03 461.00
515.00 461.03
514.00 461.03
513.00 461.03
512.03 462.00
512.00 462.03
511.00 462.03
510.00 462.03
509.03 463.00
509.00 463.03
508.00 463.03
507.03 464.00
507.00 464.03
506.03 465.00
506.00 465.03
505.00 465.03
504.03 466.00
504.00 466.03
503.03 467.00
503.00 467.03
502.00 467.03
501.03 468.00
501.00 468.03
500.03 469.00
500.00 469.03
499.03 470.00
499.00 470.03
498.03 471.00
498.00 471.03
497.03 472.00
497.00 472.03
496.03 473.00
496.00 473.03
495.03 474.00
495.00 474.03
494.03 475.00
494.00 475.03
493.03 476.00
493.03 477.00
493.00 477.03
492.03 478.00
492.03 479.00
492.00 479.03
491.03 480.00
491.03 481.00
491.00 481.03
490.03 482.00
490.03 483.00
490.03 484.00
490.03 485.00
490.03 486.00
490.03 487.00
490.03 488.00
490.03 489.00
490.03 490.00
490.03 491.00
490.03 492.00
490.03 493.00
490.03 494.00
491.00 494.97
491.03 495.00
491.03 496.00
491.03 497.00
492.00 497.97
492.03 498.00
492.03 499.00
493.00 499.97
493.03 500.00
493.03 501.00
493.03 502.00
494.00 502.97
494.03 503.00
494.03 504.00
495.00 504.97
495.03 505.00
495.03 506.00
496.00 506.97
496.03 507.00
496.03 508.00
497.00 508.97
497.03 509.00
497.03 510.00
498.00 510.97
498.03 511.00
499.00 511.97
499.03 512.00
500.00 512.97
500.03 513.00
500.03 514.00
501.00 514.97
501.03 515.00
502.00 515.97
502.03 516.00
503.00 516.97
503.03 517.00
504.00 517.97
505.00 517.97
505.03 518.00
506.00 518.97
506.03 519.00
507.00 519.97
508.00 519.97
508.03 520.00
509.00 520.97
509.03 521.00
510.00 521.97
511.00 521.97
511.03 522.00
512.00 522.97
513.00 522.97
513.03 523.00
514.00 523.97
515.00 523.97
516.00 523.97
516.03 524.00
517.00 524.97
518.00 524.97
519.00 524.97
520.00 524.97
521.00 524.97
522.00 524.97
523.00 524.97
524.00 524.97
525.00 524.97
525.97 524.00
526.00 523.97
527.00 523.97
527.97 523.00
528.00 522.97
529.00 522.97
529.97 522.00
530.00 521.97
530.97 521.00
531.00 520.97
531.97 520.00
532.00 519.97
532.97 519.00
533.00 518.97
533.97 518.00
534.00 517.97
534.97 517.00
535.00 516.97
535.97 516.00
536.00 515.97
536.97 515.00
536.97 514.00
537.00 513.97
537.97 513.00
538.00 512.97
538.97 512.00
538.97 511.00
539.00 510.97
539.97 510.00
539.97 509.00
540.00 508.97
540.97 508.00
540.97 507.00
541.00 506.97
541.97 506.00
541.97 505.00
542.00 504.97
542.97 504.00
542.97 503.00
542.97 502.00
543.00 501.97
543.97 501.00
543.97 500.00
544.00 499.97
544.97 499.00
544.97 498.00
544.97 497.00
545.00 496.97
545.97 496.00
545.97 495.00
545.97 494.00
545.97 493.00
545.97 492.00
545.97 491.00
546.00 490.97
546.97 490.00

Contour 15:
587.97 663.00
587.97 662.00
587.97 661.00
587.97 660.00
587.97 659.00
587.97 658.00
587.97 657.00
587.97 656.00
587.97 655.00
587.97 654.00
587.97 653.00
587.97 652.00
587.00 651.03
586.97 651.00
586.97 650.00
586.97 649.00
586.97 648.00
586.97 647.00
586.00 646.03
585.97 646.00
585.97 645.00
585.97 644.00
585.97 643.00
585.00 642.03
584.97 642.00
584.97 641.00
584.00 640.03
583.97 640.00
583.97 639.00
583.00 638.03
582.97 638.00
582.97 637.00
582.00 636.03
581.97 636.00
581.00 635.03
580.97 635.00
580.97 634.00
580.00 633.03
579.97 633.00
579.00 632.03
578.97 632.00
578.00 631.03
577.97 631.00
577.00 630.03
576.00 630.03
575.97 630.00
575.00 629.03
574.97 629.00
574.00 628.03
573.97 628.00
573.00 627.03
572.97 627.00
572.00 626.03
571.00 626.03
570.97 626.00
570.00 625.03
569.97 625.00
569.00 624.03
568.00 624.03
567.97 624.00
567.00 623.03
566.00 623.03
565.97 623.00
565.00 622.03
564.00 622.03
563.00 622.03
562.00 622.03
561.97 622.00
561.00 621.03
560.00 621.03
559.00 621.03
558.00 621.03
557.00 621.03
556.00 621.03
555.00 621.03
554.00 621.03
553.03 622.00
553.00 622.03
552.00 622.03
551.00 622.03
550.00 622.03
549.00 622.03
548.03 623.00
548.00 623.03
547.00 623.03
546.00 623.03
545.03 624.00
545.00 624.03
544.00 624.03
543.00 624.03
542.03 625.00
542.00 625.03
541.03 626.00
541.00 626.03
540.00 626.03
539.03 627.00
539.00 627.03
538.00 627.03
537.03 628.00
537.00 628.03
536.03 629.00
536.00 629.03
535.03 630.00
535.00 630.03
534.03 631.00
534.00 631.03
533.03 632.00
533.00 632.03
532.03 633.00
532.00 633.03
531.03 634.00
531.00 634.03
530.03 635.00
530.03 636.00
530.00 636.03
529.03 637.00
529.00 637.03
528.03 638.00
528.03 639.00
528.00 639.03
527.03 640.00
527.03 641.00
527.03 642.00
527.00 642.03
526.03 643.00
526.03 644.00
526.03 645.00
526.00 645.03
525.03 646.00
525.03 647.00
525.03 648.00
525.00 648.03
524.03 649.00
524.03 650.00
524.03 651.00
524.03 652.00
524.03 653.00
524.03 654.00
524.03 655.00
524.00 655.03
523.03 656.00
523.03 657.00
523.03 658.00
523.03 659.00
524.00 659.97
524.03 660.00
524.03 661.00
524.03 662.00
524.03 663.00
525.00 663.97
525.03 664.00
525.03 665.00
525.03 666.00
526.00 666.97
526.03 667.00
526.03 668.00
527.00 668.97
527.03 669.00
527.03 670.00
528.00 670.97
528.03 671.00
528.03 672.00
529.00 672.97
529.03 673.00
530.00 673.97
530.03 674.00
530.03 675.00
531.00 675.97
531.03 676.00
532.00 676.97
532.03 677.00
533.00 677.97
533.03 678.00
534.00 678.97
534.03 679.00
535.00 679.97
535.03 680.00
536.00 680.97
536.03 681.00
537.00 681.97
537.03 682.00
538.00 682.97
538.03 683.00
539.00 683.97
540.00 683.97
540.03 684.00
541.00 684.97
542.00 684.97
542.03 685.00
543.00 685.97
544.00 685.97
544.03 686.00
545.00 686.97
546.00 686.97
547.00 686.97
547.03 687.00
548.00 687.97
549.00 687.97
550.00 687.97
551.00 687.97
552.00 687.97
553.00 687.97
554.00 687.97
555.00 687.97
556.00 687.97
557.00 687.97
558.00 687.97
559.00 687.97
560.00 687.97
561.00 687.97
562.00 687.97
563.00 687.97
564.00 687.97
565.00 687.97
565.97 687.00
566.00 686.97
567.00 686.97
567.97 686.00
568.00 685.97
569.00 685.97
569.97 685.00
570.00 684.97
571.00 684.97
571.97 684.00
572.00 683.97
572.97 683.00
573.00 682.97
573.97 682.00
574.00 681.97
574.97 681.00
575.00 680.97
575.97 680.00
576.00 679.97
576.97 679.00
577.00 678.97
577.97 678.00
578.00 677.97
578.97 677.00
579.00 676.97
579.97 676.00
580.00 675.97
580.97 675.00
581.00 674.97
581.97 674.00
581.97 673.00
582.00 672.97
582.97 672.00
583.00 671.97
583.97 671.00
583.97 670.00
584.00 669.97
584.97 669.00
584.97 668.00
585.00 667.97
585.97 667.00
585.97 666.00
586.00 665.97
586.97 665.00
586.97 664.00
587.00 663.97
587.97 663.00

Contour 16:
673.97 418.00
673.97 417.00
673.97 416.00
673.97 415.00
673.97 414.00
673.97 413.00
673.97 412.00
673.97 411.00
673.97 410.00
673.97 409.00
673.97 408.00
673.97 407.00
673.97 406.00
673.97 405.00
673.97 404.00
673.00 403.03
672.97 403.00
672.97 402.00
672.97 401.00
672.00 400.03
671.97 400.00
671.97 399.00
671.97 398.00
671.00 397.03
670.97 397.00
670.97 396.00
670.97 395.00
670.00 394.03
669.97 394.00
669.97 393.00
669.00 392.03
668.97 392.00
668.00 391.03
667.97 391.00
667.97 390.00
667.00 389.03
666.97 389.00
666.00 388.03
665.97 388.00
665.00 387.03
664.97 387.00
664.00 386.03
663.97 386.00
663.00 385.03
662.97 385.00
662.00 384.03
661.97 384.00
661.00 383.03
660.97 383.00
660.00 382.03
659.97 382.00
659.00 381.03
658.00 381.03
657.97 381.00
657.00 380.03
656.00 380.03
655.97 380.00
655.00 379.03
654.97 379.00
654.00 378.03
653.00 378.03
652.97 378.00
652.00 377.03
651.00 377.03
650.97 377.00
650.00 376.03
649.00 376.03
648.00 376.03
647.97 376.00
647.00 375.03
646.00 375.03
645.00 375.03
644.00 375.03
643.97 375.00
643.00 374.03
642.00 374.03
641.00 374.03
640.00 374.03
639.00 374.03
638.00 374.03
637.00 374.03
636.00 374.03
635.00 374.03
634.03 375.00
634.00 375.03
633.00 375.03
632.00 375.03
631.00 375.03
630.00 375.03
629.03 376.00
629.00 376.03
628.00 376.03
627.00 376.03
626.00 376.03
625.03 377.00
625.00 377.03
624.00 377.03
623.03 378.00
623.00 378.03
622.00 378.03
621.03 379.00
621.00 379.03
620.00 379.03
619.03 380.00
619.00 380.03
618.03 381.00
618.00 381.03
617.00 381.03
616.03 382.00
616.00 382.03
615.03 383.00
615.00 383.03
614.03 384.00
614.00 384.03
613.03 385.00
613.00 385.03
612.03 386.00
612.00 386.03
611.03 387.00
611.00 387.03
610.03 388.00
610.00 388.03
609.03 389.00
609.00 389.03
608.03 390.00
608.03 391.00
608.00 391.03
607.03 392.00
607.03 393.00
607.00 393.03
606.03 394.00
606.03 395.00
606.00 395.03
605.03 396.00
605.03 397.00
605.03 398.00
605.00 398.03
604.03 399.00
604.03 400.00
604.03 401.00
604.03 402.00
604.03 403.00
604.03 404.00
604.03 405.00
604.03 406.00
604.03 407.00
604.03 408.00
604.03 409.00
604.03 410.00
604.03 411.00
604.03 412.00
605.00 412.97
605.03 413.00
605.03 414.00
605.03 415.00
605.03 416.00
606.00 416.97
606.03 417.00
606.03 418.00
606.03 419.00
607.00 419.97
607.03 420.00
607.03 421.00
607.03 422.00
608.00 422.97
608.03 423.00
609.00 423.97
609.03 424.00
609.03 425.00
610.00 425.97
610.03 426.00
610.03 427.00
611.00 427.97
611.03 428.00
612.00 428.97
612.03 429.00
613.00 429.97
613.03 430.00
613.03 431.00
614.00 431.97
614.03 432.00
615.00 432.97
615.03 433.00
616.00 433.97
616.03 434.00
617.00 434.97
617.03 435.00
618.00 435.97
618.03 436.00
619.00 436.97
620.00 436.97
620.03 437.00
621.00 437.97
621.03 438.00
622.00 438.97
622.03 439.00
623.00 439.97
624.00 439.97
624.03 440.00
625.00 440.97
626.00 440.97
626.03 441.00
627.00 441.97
628.00 441.97
628.03 442.00
629.00 442.97
630.00 442.97
630.03 443.00
631.00 443.97
632.00 443.97
633.00 443.97
633.03 444.00
634.00 444.97
635.00 444.97
636.00 444.97
637.00 444.97
637.03 445.00
638.00 445.97
639.00 445.97
640.00 445.97
641.00 445.97
642.00 445.97
643.00 445.97
644.00 445.97
645.00 445.97
646.00 445.97
647.00 445.97
648.00 445.97
648.97 445.00
649.00 444.97
650.00 444.97
651.00 444.97
652.00 444.97
652.97 444.00
653.00 443.97
654.00 443.97
655.00 443.97
655.97 443.00
656.00 442.97
656.97 442.00
657.00 441.97
658.00 441.97
658.97 441.00
659.00 440.97
659.97 440.00
660.00 439.97
661.00 439.97
661.97 439.00
662.00 438.97
662.97 438.00
663.00 437.97
663.97 437.00
664.00 436.97
664.97 436.00
665.00 435.97
665.97 435.00
665.97 434.00
666.00 433.97
666.97 433.00
667.00 432.97
667.97 432.00
668.00 431.97
668.97 431.00
668.97 430.00
669.00 429.97
669.97 429.00
669.97 428.00
670.00 427.97
670.97 427.00
670.97 426.00
671.00 425.97
671.97 425.00
671.97 424.00
671.97 423.00
672.00 422.97
672.97 422.00
672.97 421.00
672.97 420.00
672.97 419.00
673.00 418.97
673.97 418.00

Contour 17:
679.97 527.00
679.97 526.00
679.97 525.00
679.97 524.00
679.00 523.03
678.97 523.00
678.97 522.00
678.97 521.00
678.00 520.03
677.97 520.00
677.00 519.03
676.97 519.00
676.97 518.00
676.00 517.03
675.97 517.00
675.00 516.03
674.97 516.00
674.97 515.00
674.00 514.03
673.97 514.00
673.97 513.00
673.00 512.03
672.97 512.00
672.00 511.03
671.97 511.00
671.00 510.03
670.97 510.00
670.97 509.00
670.00 508.03
669.97 508.00
669.00 507.03
668.97 507.00
668.00 506.03
667.97 506.00
667.00 505.03
666.97 505.00
666.00 504.03
665.00 504.03
664.97 504.00
664.00 503.03
663.97 503.00
663.00 502.03
662.00 502.03
661.97 502.00
661.00 501.03
660.00 501.03
659.97 501.00
659.00 500.03
658.00 500.03
657.97 500.00
657.00 499.03
656.00 499.03
655.00 499.03
654.97 499.00
654.00 498.03
653.00 498.03
652.00 498.03
651.97 498.00
651.00 497.03
650.00 497.03
649.00 497.03
648.00 497.03
647.00 497.03
646.97 497.00
646.00 496.03
645.00 496.03
644.00 496.03
643.00 496.03
642.00 496.03
641.00 496.03
640.00 496.03
639.00 496.03
638.00 496.03
637.00 496.03
636.00 496.03
635.00 496.03
634.03 497.00
634.00 497.03
633.00 497.03
632.00 497.03
631.00 497.03
630.03 498.00
630.00 498.03
629.00 498.03
628.00 498.03
627.03 499.00
627.00 499.03
626.00 499.03
625.00 499.03
624.03 500.00
624.00 500.03
623.00 500.03
622.03 501.00
622.00 501.03
621.03 502.00
621.00 502.03
620.00 502.03
619.03 503.00
619.00 503.03
618.03 504.00
618.00 504.03
617.03 505.00
617.03 506.00
617.00 506.03
616.03 507.00
616.00 507.03
615.03 508.00
615.03 509.00
615.00 509.03
614.03 510.00
614.00 510.03
613.03 511.00
613.03 512.00
613.00 512.03
612.03 513.00
612.03 514.00
612.03 515.00
612.00 515.03
611.03 516.00
611.03 517.00
611.03 518.00
611.03 519.00
611.03 520.00
612.00 520.97
612.03 521.00
612.03 522.00
612.03 523.00
612.03 524.00
613.00 524.97
613.03 525.00
613.03 526.00
614.00 526.97
614.03 527.00
614.03 528.00
614.03 529.00
615.00 529.97
615.03 530.00
615.03 531.00
616.00 531.97
616.03 532.00
616.03 533.00
616.03 534.00
617.00 534.97
617.03 535.00
617.03 536.00
617.03 537.00
617.03 538.00
618.00 538.97
618.03 539.00
618.03 540.00
618.03 541.00
619.00 541.97
619.03 542.00
619.03 543.00
619.03 544.00
620.00 544.97
620.03 545.00
620.03 546.00
621.00 546.97
621.03 547.00
621.03 548.00
622.00 548.97
622.03 549.00
622.03 550.00
623.00 550.97
623.03 551.00
624.00 551.97
624.03 552.00
624.03 553.00
625.00 553.97
625.03 554.00
625.03 555.00
626.00 555.97
626.03 556.00
627.00 556.97
627.03 557.00
628.00 557.97
628.03 558.00
629.00 558.97
629.03 559.00
630.00 559.97
631.00 559.97
631.03 560.00
632.00 560.97
633.00 560.97
633.03 561.00
634.00 561.97
635.00 561.97
635.03 562.00
636.00 562.97
637.00 562.97
637.03 563.00
638.00 563.97
639.00 563.97
640.00 563.97
640.03 564.00
641.00 564.97
642.00 564.97
643.00 564.97
644.00 564.97
645.00 564.97
645.03 565.00
646.00 565.97
647.00 565.97
648.00 565.97
649.00 565.97
649.97 565.00
650.00 564.97
651.00 564.97
652.00 564.97
653.00 564.97
654.00 564.97
654.97 564.00
655.00 563.97
656.00 563.97
656.97 563.00
657.00 562.97
658.00 562.97
658.97 562.00
659.00 561.97
660.00 561.97
660.97 561.00
661.00 560.97
661.97 560.00
662.00 559.97
662.97 559.00
663.00 558.97
663.97 558.00
664.00 557.97
664.97 557.00
665.00 556.97
665.97 556.00
666.00 555.97
666.97 555.00
667.00 554.97
667.97 554.00
668.00 553.97
668.97 553.00
668.97 552.00
669.00 551.97
669.97 551.00
670.00 550.97
670.97 550.00
670.97 549.00
671.00 548.97
671.97 548.00
671.97 547.00
672.00 546.97
672.97 546.00
672.97 545.00
673.00 544.97
673.97 544.00
673.97 543.00
674.00 542.97
674.97 542.00
674.97 541.00
675.00 540.97
675.97 540.00
675.97 539.00
675.97 538.00
676.00 537.97
676.97 537.00
676.97 536.00
677.00 535.97
677.97 535.00
677.97 534.00
677.97 533.00
678.00 532.97
678.97 532.00
678.97 531.00
678.97 530.00
678.97 529.00
678.97 528.00
679.00 527.97
679.97 527.00

Contour 18:
684.97 110.00
684.97 109.00
684.97 108.00
684.97 107.00
684.97 106.00
684.97 105.00
684.97 104.00
684.97 103.00
684.97 102.00
684.97 101.00
684.00 100.03
683.97 100.00
683.97 99.00
683.97 98.00
683.97 97.00
683.97 96.00
683.97 95.00
683.97 94.00
683.00 93.03
682.97 93.00
682.97 92.00
682.97 91.00
682.97 90.00
682.97 89.00
682.00 88.03
681.97 88.00
681.97 87.00
681.97 86.00
681.00 85.03
680.97 85.00
680.97 84.00
680.00 83.03
679.97 83.00
679.00 82.03
678.97 82.00
678.00 81.03
677.97 81.00
677.00 80.03
676.97 80.00
676.00 79.03
675.00 79.03
674.97 79.00
674.00 78.03
673.97 78.00
673.00 77.03
672.00 77.03
671.97 77.00
671.00 76.03
670.97 76.00
670.00 75.03
669.00 75.03
668.97 75.00
668.00 74.03
667.97 74.00
667.00 73.03
666.00 73.03
665.97 73.00
665.00 72.03
664.00 72.03
663.00 72.03
662.97 72.00
662.00 71.03
661.00 71.03
660.00 71.03
659.00 71.03
658.97 71.00
658.00 70.03
657.00 70.03
656.00 70.03
655.00 70.03
654.00 70.03
653.00 70.03
652.00 70.03
651.00 70.03
650.00 70.03
649.00 70.03
648.00 70.03
647.00 70.03
646.03 71.00
646.00 71.03
645.00 71.03
644.03 72.00
644.00 72.03
643.00 72.03
642.00 72.03
641.03 73.00
641.00 73.03
640.03 74.00
640.00 74.03
639.00 74.03
638.03 75.00
638.00 75.03
637.03 76.00
637.00 76.03
636.03 77.00
636.00 77.03
635.03 78.00
635.00 78.03
634.03 79.00
634.03 80.00
634.00 80.03
633.03 81.00
633.00 81.03
632.03 82.00
632.03 83.00
632.00 83.03
631.03 84.00
631.03 85.00
631.00 85.03
630.03 86.00
630.03 87.00
630.03 88.00
630.00 88.03
629.03 89.00
629.03 90.00
629.03 91.00
629.00 91.03
628.03 92.00
628.03 93.00
628.03 94.00
628.03 95.00
628.03 96.00
628.03 97.00
628.00 97.03
627.03 98.00
627.03 99.00
627.03 100.00
628.00 100.97
628.03 101.00
628.03 102.00
628.03 103.00
628.03 104.00
628.03 105.00
628.03 106.00
629.00 106.97
629.03 107.00
629.03 108.00
630.00 108.97
630.03 109.00
630.03 110.00
630.03 111.00
631.00 111.97
631.03 112.00
632.00 112.97
632.03 113.00
632.03 114.00
633.00 114.97
633.03 115.00
634.00 115.97
634.03 116.00
635.00 116.97
635.03 117.00
636.00 117.97
636.03 118.00
637.00 118.97
637.03 119.00
638.00 119.97
638.03 120.00
639.00 120.97
639.03 121.00
640.00 121.97
641.00 121.97
641.03 122.00
642.00 122.97
642.03 123.00
643.00 123.97
643.03 124.00
644.00 124.97
645.00 124.97
645.03 125.00
646.00 125.97
647.00 125.97
647.03 126.00
648.00 126.97
648.03 127.00
649.00 127.97
650.00 127.97
650.03 128.00
651.00 128.97
652.00 128.97
652.03 129.00
653.00 129.97
654.00 129.97
655.00 129.97
655.03 130.00
656.00 130.97
657.00 130.97
657.03 131.00
658.00 131.97
659.00 131.97
660.00 131.97
660.03 132.00
661.00 132.97
662.00 132.97
663.00 132.97
664.00 132.97
665.00 132.97
666.00 132.97
667.00 132.97
668.00 132.97
669.00 132.97
669.97 132.00
670.00 131.97
671.00 131.97
671.97 131.00
672.00 130.97
672.97 130.00
673.00 129.97
674.00 129.97
674.97 129.00
675.00 128.97
675.97 128.00
676.00 127.97
676.97 127.00
676.97 126.00
677.00 125.97
677.97 125.00
678.00 124.97
678.97 124.00
678.97 123.00
679.00 122.97
679.97 122.00
679.97 121.00
680.00 120.97
680.97 120.00
680.97 119.00
681.00 118.97
681.97 118.00
681.97 117.00
682.00 116.97
682.97 116.00
682.97 115.00
683.00 114.97
683.97 114.00
683.97 113.00
683.97 112.00
683.97 111.00
684.00 110.97
684.97 110.00

Contour 19:
696.98 231.00
696.98 230.00
696.98 229.00
696.98 228.00
696.98 227.00
696.98 226.00
696.00 225.03
695.98 225.00
695.98 224.00
695.98 223.00
695.98 222.00
695.98 221.00
695.98 220.00
695.00 219.03
694.98 219.00
694.98 218.00
694.98 217.00
694.98 216.00
694.98 215.00
694.00 214.03
693.98 214.00
693.98 213.00
693.98 212.00
693.00 211.03
692.98 211.00
692.98 210.00
692.98 209.00
692.00 208.03
691.98 208.00
691.98 207.00
691.00 206.03
690.98 206.00
690.98 205.00
690.00 204.03
689.98 204.00
689.98 203.00
689.00 202.03
688.98 202.00
688.98 201.00
688.00 200.03
687.98 200.00
687.00 199.03
686.98 199.00
686.00 198.03
685.98 198.00
685.98 197.00
685.00 196.03
684.98 196.00
684.00 195.03
683.98 195.00
683.00 194.03
682.98 194.00
682.00 193.03
681.98 193.00
681.00 192.03
680.00 192.03
679.98 192.00
679.00 191.03
678.98 191.00
678.00 190.03
677.00 190.03
676.98 190.00
676.00 189.03
675.00 189.03
674.98 189.00
674.00 188.03
673.00 188.03
672.00 188.03
671.98 188.00
671.00 187.03
670.00 187.03
669.00 187.03
668.98 187.00
668.00 186.03
667.00 186.03
666.00 186.03
665.00 186.03
664.00 186.03
663.00 186.03
662.00 186.03
661.00 186.03
660.00 186.03
659.00 186.03
658.00 186.03
657.00 186.03
656.02 187.00
656.00 187.03
655.00 187.03
654.00 187.03
653.02 188.00
653.00 188.03
652.02 189.00
652.00 189.03
651.00 189.03
650.02 190.00
650.00 190.03
649.00 190.03
648.02 191.00
648.00 191.03
647.02 192.00
647.00 192.03
646.00 192.03
645.02 193.00
645.00 193.03
644.02 194.00
644.00 194.03
643.02 195.00
643.00 195.03
642.02 196.00
642.00 196.03
641.02 197.00
641.02 198.00
641.00 198.03
640.02 199.00
640.00 199.03
639.02 200.00
639.00 200.03
638.02 201.00
638.02 202.00
638.00 202.03
637.02 203.00
637.02 204.00
637.00 204.03
636.02 205.00
636.02 206.00
636.02 207.00
636.00 207.03
635.02 208.00
635.02 209.00
635.02 210.00
635.02 211.00
635.00 211.03
634.02 212.00
634.02 213.00
634.02 214.00
634.02 215.00
634.02 216.00
634.02 217.00
634.00 217.03
633.02 218.00
633.02 219.00
633.02 220.00
633.02 221.00
633.02 222.00
634.00 222.97
634.02 223.00
634.02 224.00
634.02 225.00
634.02 226.00
635.00 226.97
635.02 227.00
635.02 228.00
635.02 229.00
636.00 229.97
636.02 230.00
636.02 231.00
637.00 231.97
637.02 232.00
637.02 233.00
638.00 233.97
638.02 234.00
638.02 235.00
639.00 235.97
639.02 236.00
639.02 237.00
640.00 237.97
640.02 238.00
640.02 239.00
641.00 239.97
641.02 240.00
642.00 240.97
642.02 241.00
643.00 241.97
643.02 242.00
644.00 242.97
644.02 243.00
645.00 243.97
645.02 244.00
646.00 244.97
646.02 245.00
647.00 245.97
647.02 246.00
648.00 246.97
648.02 247.00
649.00 247.97
649.02 248.00
650.00 248.97
650.02 249.00
651.00 249.97
651.02 250.00
652.00 250.97
653.00 250.97
653.02 251.00
654.00 251.97
654.02 252.00
655.00 252.97
656.00 252.97
656.02 253.00
657.00 253.97
658.00 253.97
659.00 253.97
659.02 254.00
660.00 254.97
661.00 254.97
662.00 254.97
662.02 255.00
663.00 255.97
664.00 255.97
665.00 255.97
666.00 255.97
667.00 255.97
668.00 255.97
669.00 255.97
670.00 255.97
671.00 255.97
672.00 255.97
673.00 255.97
674.00 255.97
675.00 255.97
676.00 255.97
676.98 255.00
677.00 254.97
678.00 254.97
679.00 254.97
679.98 254.00
680.00 253.97
681.00 253.97
681.98 253.00
682.00 252.97
683.00 252.97
683.98 252.00
684.00 251.97
684.98 251.00
685.00 250.97
685.98 250.00
686.00 249.97
686.98 249.00
687.00 248.97
687.98 248.00
688.00 247.97
688.98 247.00
689.00 246.97
689.98 246.00
689.98 245.00
690.00 244.97
690.98 244.00
691.00 243.97
691.98 243.00
691.98 242.00
692.00 241.97
692.98 241.00
692.98 240.00
693.00 239.97
693.98 239.00
693.98 238.00
694.00 237.97
694.98 237.00
694.98 236.00
695.00 235.97
695.98 235.00
695.98 234.00
695.98 233.00
695.98 232.00
696.00 231.97
696.98 231.00

Contour 20:
706.98 882.00
706.98 881.00
706.98 880.00
706.98 879.00
706.98 878.00
706.98 877.00
706.98 876.00
706.98 875.00
706.98 874.00
706.00 873.02
705.98 873.00
705.98 872.00
705.98 871.00
705.98 870.00
705.00 869.02
704.98 869.00
704.98 868.00
704.98 867.00
704.00 866.02
703.98 866.00
703.98 865.00
703.98 864.00
703.00 863.02
702.98 863.00
702.98 862.00
702.00 861.02
701.98 861.00
701.98 860.00
701.00 859.02
700.98 859.00
700.00 858.02
699.98 858.00
699.98 857.00
699.00 856.02
698.98 856.00
698.00 855.02
697.98 855.00
697.98 854.00
697.00 853.02
696.98 853.00
696.00 852.02
695.98 852.00
695.00 851.02
694.98 851.00
694.00 850.02
693.98 850.00
693.00 849.02
692.98 849.00
692.98 848.00
692.00 847.02
691.98 847.00
691.00 846.02
690.98 846.00
690.00 845.02
689.98 845.00
689.00 844.02
688.98 844.00
688.00 843.02
687.98 843.00
687.00 842.02
686.98 842.00
686.00 841.02
685.98 841.00
685.00 840.02
684.00 840.02
683.98 840.00
683.00 839.02
682.98 839.00
682.00 838.02
681.98 838.00
681.00 837.02
680.98 837.00
680.00 836.02
679.00 836.02
678.98 836.00
678.00 835.02
677.00 835.02
676.00 835.02
675.98 835.00
675.00 834.02
674.00 834.02
673.00 834.02
672.00 834.02
671.00 834.02
670.00 834.02
669.00 834.02
668.02 835.00
668.00 835.02
667.00 835.02
666.00 835.02
665.00 835.02
664.00 835.02
663.02 836.00
663.00 836.02
662.00 836.02
661.00 836.02
660.02 837.00
660.00 837.02
659.00 837.02
658.00 837.02
657.02 838.00
657.00 838.02
656.00 838.02
655.02 839.00
655.00 839.02
654.00 839.02
653.00 839.02
652.02 840.00
652.00 840.02
651.02 841.00
651.00 841.02
650.00 841.02
649.02 842.00
649.00 842.02
648.00 842.02
647.02 843.00
647.00 843.02
646.02 844.00
646.00 844.02
645.02 845.00
645.02 846.00
645.00 846.02
644.02 847.00
644.00 847.02
643.02 848.00
643.02 849.00
643.02 850.00
643.02 851.00
643.00 851.02
642.02 852.00
642.02 853.00
642.02 854.00
642.02 855.00
642.02 856.00
642.02 857.00
642.02 858.00
642.02 859.00
643.00 859.98
643.02 860.00
643.02 861.00
643.02 862.00
643.02 863.00
643.02 864.00
644.00 864.98
644.02 865.00
644.02 866.00
645.00 866.98
645.02 867.00
645.02 868.00
646.00 868.98
646.02 869.00
646.02 870.00
647.00 870.98
647.02 871.00
647.02 872.00
648.00 872.98
648.02 873.00
648.02 874.00
649.00 874.98
649.02 875.00
649.02 876.00
650.00 876.98
650.02 877.00
651.00 877.98
651.02 878.00
651.02 879.00
652.00 879.98
652.02 880.00
653.00 880.98
653.02 881.00
653.02 882.00
654.00 882.98
654.02 883.00
655.00 883.98
655.02 884.00
655.02 885.00
656.00 885.98
656.02 886.00
657.00 886.98
657.02 887.00
658.00 887.98
658.02 888.00
658.02 889.00
659.00 889.98
659.02 890.00
660.00 890.98
660.02 891.00
661.00 891.98
661.02 892.00
662.00 892.98
662.02 893.00
663.00 893.98
663.02 894.00
664.00 894.98
664.02 895.00
665.00 895.98
666.00 895.98
666.02 896.00
667.00 896.98
668.00 896.98
668.02 897.00
669.00 897.98
670.00 897.98
670.02 898.00
671.00 898.98
672.00 898.98
673.00 898.98
673.02 899.00
674.00 899.98
675.00 899.98
676.00 899.98
676.02 900.00
677.00 900.98
678.00 900.98
679.00 900.98
680.00 900.98
681.00 900.98
682.00 900.98
683.00 900.98
684.00 900.98
685.00 900.98
686.00 900.98
687.00 900.98
688.00 900.98
688.98 900.00
689.00 899.98
690.00 899.98
691.00 899.98
692.00 899.98
692.98 899.00
693.00 898.98
694.00 898.98
694.98 898.00
695.00 897.98
696.00 897.98
696.98 897.00
697.00 896.98
697.98 896.00
698.00 895.98
698.98 895.00
699.00 894.98
699.98 894.00
700.00 893.98
700.98 893.00
701.00 892.98
701.98 892.00
702.00 891.98
702.98 891.00
702.98 890.00
703.00 889.98
703.98 889.00
704.00 888.98
704.98 888.00
704.98 887.00
704.98 886.00
705.00 885.98
705.98 885.00
705.98 884.00
705.98 883.00
706.00 882.98
706.98 882.00

Contour 21:
720.98 637.00
720.98 636.00
720.98 635.00
720.98 634.00
720.98 633.00
720.98 632.00
720.98 631.00
720.98 630.00
720.00 629.02
719.98 629.00
719.98 628.00
719.98 627.00
719.98 626.00
719.00 625.02
718.98 625.00
718.98 624.00
718.98 623.00
718.98 622.00
718.98 621.00
718.00 620.02
717.98 620.00
717.98 619.00
717.98 618.00
717.98 617.00
717.00 616.02
716.98 616.00
716.00 615.02
715.98 615.00
715.98 614.00
715.00 613.02
714.98 613.00
714.00 612.02
713.98 612.00
713.00 611.02
712.98 611.00
712.00 610.02
711.98 610.00
711.00 609.02
710.98 609.00
710.00 608.02
709.98 608.00
709.00 607.02
708.98 607.00
708.00 606.02
707.98 606.00
707.00 605.02
706.98 605.00
706.00 604.02
705.00 604.02
704.98 604.00
704.00 603.02
703.00 603.02
702.98 603.00
702.00 602.02
701.00 602.02
700.98 602.00
700.00 601.02
699.00 601.02
698.00 601.02
697.00 601.02
696.00 601.02
695.98 601.00
695.00 600.02
694.00 600.02
693.00 600.02
692.00 600.02
691.00 600.02
690.02 601.00
690.00 601.02
689.00 601.02
688.00 601.02
687.00 601.02
686.00 601.02
685.00 601.02
684.00 601.02
683.02 602.00
683.00 602.02
682.00 602.02
681.02 603.00
681.00 603.02
680.00 603.02
679.02 604.00
679.00 604.02
678.00 604.02
677.02 605.00
677.00 605.02
676.02 606.00
676.00 606.02
675.00 606.02
674.02 607.00
674.00 607.02
673.02 608.00
673.00 608.02
672.02 609.00
672.02 610.00
672.00 610.02
671.02 611.00
671.00 611.02
670.02 612.00
670.00 612.02
669.02 613.00
669.02 614.00
669.00 614.02
668.02 615.00
668.00 615.02
667.02 616.00
667.02 617.00
667.00 617.02
666.02 618.00
666.02 619.00
666.00 619.02
665.02 620.00
665.02 621.00
665.02 622.00
665.00 622.02
664.02 623.00
664.02 624.00
664.02 625.00
664.02 626.00
664.00 626.02
663.02 627.00
663.02 628.00
663.02 629.00
663.02 630.00
663.02 631.00
663.02 632.00
663.02 633.00
663.02 634.00
663.02 635.00
663.02 636.00
663.02 637.00
663.02 638.00
663.02 639.00
663.02 640.00
663.02 641.00
664.00 641.98
664.02 642.00
664.02 643.00
664.02 644.00
664.02 645.00
665.00 645.98
665.02 646.00
665.02 647.00
666.00 647.98
666.02 648.00
666.02 649.00
666.02 650.00
667.00 650.98
667.02 651.00
667.02 652.00
668.00 652.98
668.02 653.00
668.02 654.00
669.00 654.98
669.02 655.00
670.00 655.98
670.02 656.00
670.02 657.00
671.00 657.98
671.02 658.00
672.00 658.98
672.02 659.00
673.00 659.98
674.00 659.98
674.02 660.00
675.00 660.98
675.02 661.00
676.00 661.98
676.02 662.00
677.00 662.98
678.00 662.98
678.02 663.00
679.00 663.98
680.00 663.98
680.02 664.00
681.00 664.98
682.00 664.98
683.00 664.98
683.02 665.00
684.00 665.98
685.00 665.98
686.00 665.98
687.00 665.98
688.00 665.98
688.02 666.00
689.00 666.98
690.00 666.98
691.00 666.98
692.00 666.98
693.00 666.98
694.00 666.98
695.00 666.98
696.00 666.98
696.98 666.00
697.00 665.98
698.00 665.98
699.00 665.98
700.00 665.98
700.98 665.00
701.00 664.98
702.00 664.98
702.98 664.00
703.00 663.98
704.00 663.98
704.98 663.00
705.00 662.98
706.00 662.98
706.98 662.00
707.00 661.98
707.98 661.00
708.00 660.98
708.98 660.00
709.00 659.98
709.98 659.00
710.00 658.98
710.98 658.00
711.00 657.98
711.98 657.00
712.00 656.98
712.98 656.00
713.00 655.98
713.98 655.00
714.00 654.98
714.98 654.00
714.98 653.00
715.00 652.98
715.98 652.00
716.00 651.98
716.98 651.00
716.98 650.00
717.00 649.98
717.98 649.00
717.98 648.00
717.98 647.00
718.00 646.98
718.98 646.00
718.98 645.00
718.98 644.00
719.00 643.98
719.98 643.00
719.98 642.00
719.98 641.00
719.98 640.00
719.98 639.00
719.98 638.00
720.00 637.98
720.98 637.00

Contour 22:
769.98 428.00
769.98 427.00
769.98 426.00
769.98 425.00
769.98 424.00
769.98 423.00
769.98 422.00
769.98 421.00
769.98 420.00
769.98 419.00
769.98 418.00
769.00 417.02
768.98 417.00
768.98 416.00
768.98 415.00
768.00 414.02
767.98 414.00
767.98 413.00
767.00 412.02
766.98 412.00
766.00 411.02
765.98 411.00
765.98 410.00
765.00 409.02
764.98 409.00
764.00 408.02
763.98 408.00
763.00 407.02
762.98 407.00
762.00 406.02
761.98 406.00
761.00 405.02
760.00 405.02
759.98 405.00
759.98 404.00
759.00 403.02
758.98 403.00
758.00 402.02
757.98 402.00
757.00 401.02
756.98 401.00
756.00 400.02
755.98 400.00
755.00 399.02
754.98 399.00
754.00 398.02
753.98 398.00
753.00 397.02
752.98 397.00
752.00 396.02
751.98 396.00
751.00 395.02
750.98 395.00
750.00 394.02
749.00 394.02
748.98 394.00
748.00 393.02
747.00 393.02
746.98 393.00
746.00 392.02
745.00 392.02
744.00 392.02
743.00 392.02
742.00 392.02
741.00 392.02
740.00 392.02
739.00 392.02
738.00 392.02
737.02 393.00
737.00 393.02
736.00 393.02
735.02 394.00
735.00 394.02
734.00 394.02
733.02 395.00
733.00 395.02
732.02 396.00
732.00 396.02
731.02 397.00
731.00 397.02
730.02 398.00
730.00 398.02
729.02 399.00
729.00 399.02
728.02 400.00
728.02 401.00
728.00 401.02
727.02 402.00
727.02 403.00
727.00 403.02
726.02 404.00
726.02 405.00
726.00 405.02
725.02 406.00
725.02 407.00
725.02 408.00
725.00 408.02
724.02 409.00
724.02 410.00
724.00 410.02
723.02 411.00
723.02 412.00
723.02 413.00
723.02 414.00
723.00 414.02
722.02 415.00
722.02 416.00
722.02 417.00
722.02 418.00
722.02 419.00
722.00 419.02
721.02 420.00
721.02 421.00
721.02 422.00
721.00 422.02
720.02 423.00
720.02 424.00
720.02 425.00
720.02 426.00
720.00 426.02
719.02 427.00
719.02 428.00
719.02 429.00
719.02 430.00
719.00 430.02
718.02 431.00
718.02 432.00
718.02 433.00
718.02 434.00
718.02 435.00
718.02 436.00
718.02 437.00
718.02 438.00
718.02 439.00
718.02 440.00
718.02 441.00
718.02 442.00
718.02 443.00
718.02 444.00
718.02 445.00
718.02 446.00
718.02 447.00
718.02 448.00
718.02 449.00
719.00 449.98
719.02 450.00
719.02 451.00
719.02 452.00
720.00 452.98
720.02 453.00
720.02 454.00
721.00 454.98
721.02 455.00
721.02 456.00
722.00 456.98
722.02 457.00
722.02 458.00
723.00 458.98
723.02 459.00
724.00 459.98
724.02 460.00
725.00 460.98
725.02 461.00
726.00 461.98
727.00 461.98
727.02 462.00
728.00 462.98
729.00 462.98
730.00 462.98
731.00 462.98
731.02 463.00
732.00 463.98
733.00 463.98
734.00 463.98
735.00 463.98
736.00 463.98
737.00 463.98
737.98 463.00
738.00 462.98
739.00 462.98
739.98 462.00
740.00 461.98
741.00 461.98
741.98 461.00
742.00 460.98
742.98 460.00
743.00 459.98
744.00 459.98
744.98 459.00
745.00 458.98
745.98 458.00
746.00 457.98
747.00 457.98
747.98 457.00
748.00 456.98
749.00 456.98
749.98 456.00
750.00 455.98
750.98 455.00
751.00 454.98
751.98 454.00
752.00 453.98
752.98 453.00
752.98 452.00
753.00 451.98
753.98 451.00
754.00 450.98
754.98 450.00
755.00 449.98
755.98 449.00
756.00 448.98
756.98 448.00
756.98 447.00
757.00 446.98
757.98 446.00
758.00 445.98
758.98 445.00
759.00 444.98
759.98 444.00
760.00 443.98
760.98 443.00
760.98 442.00
761.00 441.98
761.98 441.00
762.00 440.98
762.98 440.00
763.00 439.98
763.98 439.00
764.00 438.98
764.98 438.00
765.00 437.98
765.98 437.00
765.98 436.00
766.00 435.98
766.98 435.00
766.98 434.00
767.00 433.98
767.98 433.00
767.98 432.00
768.00 431.98
768.98 431.00
768.98 430.00
768.98 429.00
769.00 428.98
769.98 428.00

Contour 23:
882.98 816.00
882.98 815.00
882.98 814.00
882.98 813.00
882.98 812.00
882.98 811.00
882.00 810.02
881.98 810.00
881.98 809.00
881.98 808.00
881.98 807.00
881.98 806.00
881.98 805.00
881.00 804.02
880.98 804.00
880.98 803.00
880.98 802.00
880.98 801.00
880.98 800.00
880.00 799.02
879.98 799.00
879.98 798.00
879.98 797.00
879.00 796.02
878.98 796.00
878.98 795.00
878.98 794.00
878.00 793.02
877.98 793.00
877.98 792.00
877.00 791.02
876.98 791.00
876.98 790.00
876.00 789.02
875.98 789.00
875.98 788.00
875.00 787.02
874.98 787.00
874.98 786.00
874.00 785.02
873.98 785.00
873.98 784.00
873.00 783.02
872.98 783.00
872.98 782.00
872.00 781.02
871.98 781.00
871.00 780.02
870.98 780.00
870.00 779.02
869.98 779.00
869.00 778.02
868.98 778.00
868.98 777.00
868.00 776.02
867.98 776.00
867.00 775.02
866.00 775.02
865.98 775.00
865.00 774.02
864.98 774.00
864.00 773.02
863.98 773.00
863.00 772.02
862.00 772.02
861.98 772.00
861.00 771.02
860.00 771.02
859.98 771.00
859.00 770.02
858.00 770.02
857.00 770.02
856.98 770.00
856.00 769.02
855.00 769.02
854.00 769.02
853.00 769.02
852.98 769.00
852.00 768.02
851.00 768.02
850.00 768.02
849.98 768.00
849.00 767.02
848.00 767.02
847.00 767.02
846.00 767.02
845.98 767.00
845.00 766.02
844.00 766.02
843.00 766.02
842.00 766.02
841.00 766.02
840.98 766.00
840.00 765.02
839.00 765.02
838.00 765.02
837.00 765.02
836.00 765.02
835.00 765.02
834.00 765.02
833.00 765.02
832.00 765.02
831.00 765.02
830.00 765.02
829.00 765.02
828.00 765.02
827.02 766.00
827.00 766.02
826.00 766.02
825.00 766.02
824.00 766.02
823.02 767.00
823.00 767.02
822.00 767.02
821.02 768.00
821.00 768.02
820.00 768.02
819.00 768.02
818.02 769.00
818.00 769.02
817.00 769.02
816.02 770.00
816.00 770.02
815.00 770.02
814.02 771.00
814.00 771.02
813.00 771.02
812.02 772.00
812.00 772.02
811.02 773.00
811.00 773.02
810.00 773.02
809.02 774.00
809.00 774.02
808.00 774.02
807.02 775.00
807.00 775.02
806.02 776.00
806.00 776.02
805.00 776.02
804.02 777.00
804.02 778.00
804.00 778.02
803.02 779.00
803.00 779.02
802.02 780.00
802.00 780.02
801.02 781.00
801.00 781.02
800.02 782.00
800.00 782.02
799.02 783.00
799.02 784.00
799.00 784.02
798.02 785.00
798.00 785.02
797.02 786.00
797.02 787.00
797.00 787.02
796.02 788.00
796.02 789.00
796.02 790.00
796.00 790.02
795.02 791.00
795.02 792.00
795.02 793.00
795.00 793.02
794.02 794.00
794.02 795.00
794.02 796.00
794.02 797.00
794.02 798.00
794.02 799.00
794.02 800.00
794.02 801.00
794.02 802.00
794.02 803.00
795.00 803.98
795.02 804.00
795.02 805.00
795.02 806.00
795.02 807.00
795.02 808.00
796.00 808.98
796.02 809.00
796.02 810.00
796.02 811.00
797.00 811.98
797.02 812.00
797.02 813.00
797.02 814.00
798.00 814.98
798.02 815.00
798.02 816.00
799.00 816.98
799.02 817.00
799.02 818.00
799.02 819.00
800.00 819.98
800.02 820.00
801.00 820.98
801.02 821.00
801.02 822.00
802.00 822.98
802.02 823.00
802.02 824.00
803.00 824.98
803.02 825.00
804.00 825.98
804.02 826.00
805.00 826.98
805.02 827.00
806.00 827.98
806.02 828.00
807.00 828.98
807.02 829.00
807.02 830.00
808.00 830.98
808.02 831.00
809.00 831.98
809.02 832.00
809.02 833.00
810.00 833.98
810.02 834.00
811.00 834.98
811.02 835.00
812.00 835.98
812.02 836.00
813.00 836.98
813.02 837.00
813.02 838.00
814.00 838.98
814.02 839.00
815.00 839.98
815.02 840.00
816.00 840.98
816.02 841.00
817.00 841.98
817.02 842.00
818.00 842.98
819.00 842.98
819.02 843.00
820.00 843.98
820.02 844.00
821.00 844.98
822.00 844.98
822.02 845.00
823.00 845.98
824.00 845.98
824.02 846.00
825.00 846.98
826.00 846.98
827.00 846.98
828.00 846.98
828.02 847.00
829.00 847.98
830.00 847.98
830.02 848.00
831.00 848.98
832.00 848.98
833.00 848.98
833.02 849.00
834.00 849.98
835.00 849.98
836.00 849.98
836.02 850.00
837.00 850.98
838.00 850.98
839.00 850.98
840.00 850.98
841.00 850.98
842.00 850.98
843.00 850.98
844.00 850.98
845.00 850.98
846.00 850.98
847.00 850.98
848.00 850.98
849.00 850.98
850.00 850.98
851.00 850.98
852.00 850.98
853.00 850.98
853.98 850.00
854.00 849.98
855.00 849.98
856.00 849.98
856.98 849.00
857.00 848.98
858.00 848.98
859.00 848.98
859.98 848.00
860.00 847.98
861.00 847.98
861.98 847.00
862.00 846.98
863.00 846.98
863.98 846.00
864.00 845.98
865.00 845.98
865.98 845.00
866.00 844.98
866.98 844.00
867.00 843.98
867.98 843.00
868.00 842.98
868.98 842.00
869.00 841.98
869.98 841.00
870.00 840.98
870.98 840.00
871.00 839.98
871.98 839.00
872.00 838.98
872.98 838.00
872.98 837.00
873.00 836.98
873.98 836.00
874.00 835.98
874.98 835.00
875.00 834.98
875.98 834.00
875.98 833.00
876.00 832.98
876.98 832.00
877.00 831.98
877.98 831.00
877.98 830.00
878.00 829.98
878.98 829.00
878.98 828.00
879.00 827.98
879.98 827.00
879.98 826.00
879.98 825.00
880.00 824.98
880.98 824.00
880.98 823.00
880.98 822.00
881.00 821.98
881.98 821.00
881.98 820.00
881.98 819.00
881.98 818.00
881.98 817.00
882.00 816.98
882.98 816.00

