Contour 0:
162.50 432.00
162.50 431.00
162.50 430.00
162.50 429.00
162.50 428.00
162.00 427.50
161.50 427.00
161.50 426.00
161.50 425.00
161.50 424.00
161.50 423.00
161.00 422.50
160.50 422.00
160.50 421.00
160.50 420.00
160.50 419.00
160.00 418.50
159.50 418.00
159.50 417.00
159.50 416.00
159.50 415.00
159.50 414.00
159.50 413.00
159.00 412.50
158.50 412.00
158.50 411.00
158.50 410.00
158.50 409.00
158.00 408.50
157.50 408.00
157.50 407.00
157.50 406.00
157.50 405.00
157.00 404.50
156.50 404.00
156.50 403.00
156.50 402.00
156.50 401.00
156.50 400.00
156.50 399.00
156.50 398.00
156.00 397.50
155.50 397.00
155.50 396.00
155.50 395.00
155.50 394.00
155.50 393.00
155.00 392.50
154.50 392.00
154.50 391.00
154.00 390.50
153.50 390.00
153.50 389.00
153.00 388.50
152.50 388.00
152.50 387.00
152.00 386.50
151.50 386.00
151.00 385.50
150.50 385.00
150.00 384.50
149.50 384.00
149.00 383.50
148.50 383.00
148.00 382.50
147.00 382.50
146.50 382.00
146.00 381.50
145.50 381.00
145.00 380.50
144.00 380.50
143.50 380.00
143.00 379.50
142.00 379.50
141.50 379.00
141.00 378.50
140.00 378.50
139.00 378.50
138.50 378.00
138.00 377.50
137.00 377.50
136.00 377.50
135.50 377.00
135.00 376.50
134.50 376.00
134.75 375.00
134.75 374.00
135.00 373.75
135.75 373.00
136.00 372.75
137.00 372.75
137.75 372.00
138.00 371.75
138.75 371.00
139.00 370.75
139.75 370.00
140.00 369.75
140.75 369.00
141.00 368.75
141.75 368.00
141.75 367.00
142.00 366.75
142.75 366.00
142.75 365.00
142.75 364.00
143.00 363.75
143.75 363.00
143.75 362.00
143.75 361.00
143.75 360.00
143.75 359.00
143.75 358.00
143.75 357.00
143.75 356.00
143.75 355.00
143.75 354.00
143.75 353.00
143.75 352.00
143.75 351.00
143.75 350.00
143.75 349.00
143.75 348.00
143.00 347.25
142.75 347.00
142.75 346.00
142.00 345.25
141.75 345.00
141.75 344.00
141.00 343.25
140.75 343.00
140.75 342.00
140.00 341.25
139.75 341.00
139.75 340.00
139.00 339.25
138.75 339.00
138.00 338.25
137.75 338.00
137.00 337.25
136.75 337.00
136.00 336.25
135.75 336.00
135.00 335.25
134.75 335.00
134.00 334.25
133.75 334.00
133.00 333.25
132.75 333.00
132.00 332.25
131.75 332.00
131.00 331.25
130.75 331.00
130.00 330.25
129.00 330.25
128.75 330.00
128.00 329.25
127.00 329.25
126.75 329.00
126.00 328.25
125.00 328.25
124.00 328.25
123.75 328.00
123.00 327.25
122.00 327.25
121.00 327.25
120.00 327.25
119.00 327.25
118.75 327.00
118.00 326.25
117.00 326.25
116.00 326.25
115.00 326.25
114.25 327.00
114.00 327.25
113.00 327.25
112.00 327.25
111.00 327.25
110.25 328.00
110.00 328.25
109.00 328.25
108.25 329.00
108.00 329.25
107.25 330.00
107.00 330.25
106.00 330.25
105.25 331.00
105.00 331.25
104.25 332.00
104.00 332.25
103.25 333.00
103.25 334.00
103.00 334.25
102.25 335.00
102.00 335.25
101.25 336.00
101.25 337.00
101.25 338.00
101.00 338.25
100.25 339.00
100.25 340.00
100.25 341.00
100.25 342.00
100.25 343.00
100.25 344.00
100.25 345.00
100.25 346.00
100.25 347.00
100.25 348.00
100.25 349.00
101.00 349.75
101.25 350.00
101.25 351.00
101.25 352.00
102.00 352.75
102.25 353.00
102.25 354.00
102.25 355.00
103.00 355.75
103.25 356.00
104.00 356.75
104.25 357.00
104.25 358.00
105.00 358.75
105.25 359.00
105.25 360.00
105.00 360.50
104.00 360.50
103.00 360.50
102.00 360.50
101.00 360.50
100.00 360.50
99.00 360.50
98.00 360.50
97.00 360.50
96.00 360.50
95.50 361.00
95.00 361.50
94.00 361.50
93.00 361.50
92.50 362.00
92.00 362.50
91.00 362.50
90.50 363.00
90.00 363.50
89.50 364.00
89.00 364.50
88.00 364.50
87.50 365.00
87.00 365.50
86.50 366.00
86.00 366.50
85.50 367.00
85.00 367.50
84.50 368.00
84.50 369.00
84.00 369.50
83.50 370.00
83.50 371.00
83.00 371.50
82.50 372.00
82.50 373.00
82.00 373.50
81.50 374.00
81.50 375.00
81.50 376.00
81.00 376.50
80.50 377.00
80.50 378.00
80.50 379.00
80.50 380.00
80.50 381.00
80.50 382.00
80.50 383.00
80.50 384.00
80.50 385.00
80.50 386.00
80.50 387.00
80.50 388.00
80.50 389.00
80.50 390.00
80.50 391.00
80.50 392.00
80.50 393.00
80.50 394.00
80.50 395.00
80.50 396.00
80.50 397.00
80.50 398.00
80.00 398.50
79.50 399.00
79.50 400.00
79.50 401.00
79.00 401.50
78.50 402.00
78.50 403.00
78.00 403.50
77.50 404.00
77.50 405.00
77.50 406.00
77.00 406.50
76.50 407.00
76.50 408.00
76.50 409.00
76.50 410.00
76.50 411.00
76.50 412.00
76.50 413.00
76.50 414.00
76.50 415.00
76.50 416.00
77.00 416.50
77.50 417.00
77.50 418.00
77.50 419.00
77.50 420.00
78.00 420.50
78.50 421.00
78.50 422.00
78.50 423.00
79.00 423.50
79.50 424.00
79.50 425.00
79.50 426.00
80.00 426.50
80.50 427.00
80.50 428.00
81.00 428.50
81.50 429.00
81.50 430.00
81.50 431.00
82.00 431.50
82.50 432.00
82.50 433.00
83.00 433.50
83.50 434.00
83.50 435.00
83.50 436.00
84.00 436.50
84.50 437.00
84.50 438.00
85.00 438.50
85.50 439.00
86.00 439.50
86.50 440.00
86.50 441.00
87.00 441.50
87.50 442.00
87.50 443.00
88.00 443.50
88.50 444.00
88.50 445.00
89.00 445.50
89.50 446.00
89.50 447.00
90.00 447.50
90.50 448.00
91.00 448.50
91.50 449.00
91.50 450.00
92.00 450.50
92.50 451.00
93.00 451.50
93.50 452.00
94.00 452.50
94.50 453.00
95.00 453.50
95.50 454.00
96.00 454.50
96.50 455.00
97.00 455.50
97.50 456.00
98.00 456.50
98.50 457.00
99.00 457.50
99.50 458.00
100.00 458.50
100.50 459.00
101.00 459.50
101.50 460.00
102.00 460.50
102.50 461.00
103.00 461.50
104.00 461.50
104.50 462.00
105.00 462.50
106.00 462.50
106.50 463.00
107.00 463.50
108.00 463.50
108.50 464.00
109.00 464.50
110.00 464.50
111.00 464.50
112.00 464.50
112.50 465.00
113.00 465.50
114.00 465.50
115.00 465.50
115.50 466.00
116.00 466.50
117.00 466.50
118.00 466.50
119.00 466.50
120.00 466.50
121.00 466.50
122.00 466.50
123.00 466.50
124.00 466.50
125.00 466.50
126.00 466.50
126.50 466.00
127.00 465.50
128.00 465.50
129.00 465.50
129.50 465.00
130.00 464.50
130.50 464.00
131.00 463.50
132.00 463.50
132.50 463.00
133.00 462.50
133.50 462.00
134.00 461.50
134.50 461.00
135.00 460.50
136.00 460.50
136.50 460.00
137.00 459.50
137.50 459.00
138.00 458.50
139.00 458.50
139.50 458.00
140.00 457.50
141.00 457.50
141.50 457.00
142.00 456.50
143.00 456.50
143.50 456.00
144.00 455.50
145.00 455.50
145.50 455.00
146.00 454.50
146.50 454.00
147.00 453.50
148.00 453.50
148.50 453.00
149.00 452.50
150.00 452.50
150.50 452.00
151.00 451.50
151.50 451.00
152.00 450.50
153.00 450.50
153.50 450.00
154.00 449.50
154.50 449.00
155.00 448.50
155.50 448.00
156.00 447.50
156.50 447.00
157.00 446.50
157.50 446.00
158.00 445.50
158.50 445.00
159.00 444.50
159.50 444.00
159.50 443.00
159.50 442.00
160.00 441.50
160.50 441.00
160.50 440.00
161.00 439.50
161.50 439.00
161.50 438.00
161.50 437.00
161.50 436.00
161.50 435.00
161.50 434.00
161.50 433.00
162.00 432.50
162.50 432.00

Contour 1:
221.83 421.00
221.83 420.00
221.83 419.00
221.83 418.00
221.83 417.00
221.83 416.00
221.83 415.00
221.83 414.00
221.83 413.00
221.83 412.00
221.83 411.00
221.83 410.00
221.83 409.00
221.83 408.00
221.00 407.17
220.83 407.00
220.83 406.00
220.00 405.17
219.83 405.00
219.00 404.17
218.83 404.00
218.83 403.00
218.00 402.17
217.83 402.00
217.00 401.17
216.83 401.00
216.00 400.17
215.83 400.00
215.00 399.17
214.83 399.00
214.00 398.17
213.83 398.00
213.00 397.17
212.83 397.00
212.00 396.17
211.83 396.00
211.00 395.17
210.83 395.00
210.83 394.00
210.00 393.17
209.83 393.00
209.00 392.17
208.83 392.00
208.00 391.17
207.83 391.00
207.00 390.17
206.83 390.00
206.00 389.17
205.83 389.00
205.00 388.17
204.00 388.17
203.83 388.00
203.00 387.17
202.00 387.17
201.83 387.00
201.00 386.17
200.00 386.17
199.83 386.00
199.00 385.17
198.00 385.17
197.00 385.17
196.00 385.17
195.00 385.17
194.00 385.17
193.00 385.17
192.00 385.17
191.00 385.17
190.17 386.00
190.00 386.17
189.00 386.17
188.00 386.17
187.17 387.00
187.00 387.17
186.00 387.17
185.17 388.00
185.00 388.17
184.17 389.00
184.00 389.17
183.00 389.17
182.17 390.00
182.17 391.00
182.00 391.17
181.17 392.00
181.00 392.17
180.17 393.00
180.17 394.00
180.17 395.00
180.00 395.17
179.17 396.00
179.00 396.17
178.17 397.00
178.17 398.00
178.00 398.17
177.17 399.00
177.00 399.17
176.17 400.00
176.17 401.00
176.00 401.17
175.17 402.00
175.17 403.00
175.17 404.00
175.17 405.00
175.17 406.00
175.17 407.00
175.00 407.17
174.17 408.00
174.17 409.00
174.17 410.00
175.00 410.83
175.17 411.00
175.17 412.00
175.17 413.00
175.17 414.00
175.17 415.00
176.00 415.83
176.17 416.00
176.17 417.00
176.17 418.00
176.17 419.00
177.00 419.83
177.17 420.00
177.17 421.00
178.00 421.83
178.17 422.00
178.17 423.00
179.00 423.83
179.17 424.00
179.17 425.00
180.00 425.83
180.17 426.00
181.00 426.83
181.17 427.00
182.00 427.83
182.17 428.00
182.17 429.00
183.00 429.83
183.17 430.00
184.00 430.83
184.17 431.00
185.00 431.83
185.17 432.00
186.00 432.83
187.00 432.83
187.17 433.00
188.00 433.83
188.17 434.00
189.00 434.83
189.17 435.00
190.00 435.83
191.00 435.83
191.17 436.00
192.00 436.83
193.00 436.83
193.17 437.00
194.00 437.83
195.00 437.83
195.17 438.00
196.00 438.83
197.00 438.83
198.00 438.83
198.17 439.00
199.00 439.83
200.00 439.83
201.00 439.83
202.00 439.83
203.00 439.83
204.00 439.83
205.00 439.83
206.00 439.83
207.00 439.83
207.83 439.00
208.00 438.83
209.00 438.83
209.83 438.00
210.00 437.83
211.00 437.83
211.83 437.00
212.00 436.83
212.83 436.00
213.00 435.83
213.83 435.00
214.00 434.83
214.83 434.00
215.00 433.83
215.83 433.00
215.83 432.00
216.00 431.83
216.83 431.00
217.00 430.83
217.83 430.00
217.83 429.00
218.00 428.83
218.83 428.00
218.83 427.00
219.00 426.83
219.83 426.00
219.83 425.00
220.00 424.83
220.83 424.00
220.83 423.00
220.83 422.00
221.00 421.83
221.83 421.00

Contour 2:
224.88 592.00
224.88 591.00
224.88 590.00
224.88 589.00
224.00 588.12
223.88 588.00
223.88 587.00
223.00 586.12
222.88 586.00
222.88 585.00
222.00 584.12
221.88 584.00
221.88 583.00
221.00 582.12
220.00 582.12
219.88 582.00
219.00 581.12
218.00 581.12
217.88 581.00
217.00 580.12
216.00 580.12
215.88 580.00
215.00 579.12
214.00 579.12
213.00 579.12
212.00 579.12
211.00 579.12
210.00 579.12
209.88 579.00
209.00 578.12
208.00 578.12
207.00 578.12
206.88 578.00
206.00 577.12
205.00 577.12
204.00 577.12
203.00 577.12
202.00 577.12
201.00 577.12
200.00 577.12
199.12 578.00
199.00 578.12
198.12 579.00
198.12 580.00
198.12 581.00
198.00 581.12
197.12 582.00
197.12 583.00
197.00 583.12
196.12 584.00
196.00 584.12
195.00 584.12
194.00 584.12
193.12 585.00
193.00 585.12
192.12 586.00
192.00 586.12
191.12 587.00
191.00 587.12
190.12 588.00
190.00 588.12
189.88 588.00
189.00 587.12
188.00 587.12
187.00 587.12
186.88 587.00
186.00 586.12
185.00 586.12
184.00 586.12
183.12 587.00
183.00 587.12
182.12 588.00
182.00 588.12
181.12 589.00
182.00 589.88
182.12 590.00
182.12 591.00
182.12 592.00
182.00 592.12
181.12 593.00
181.12 594.00
181.00 594.12
180.12 595.00
180.00 595.12
179.12 596.00
179.00 596.12
178.12 597.00
178.00 597.12
177.00 597.12
176.12 598.00
177.00 598.88
177.12 599.00
177.12 600.00
177.12 601.00
177.12 602.00
177.12 603.00
177.12 604.00
177.12 605.00
178.00 605.88
178.12 606.00
179.00 606.88
179.12 607.00
179.12 608.00
180.00 608.88
180.12 609.00
180.12 610.00
180.12 611.00
181.00 611.88
181.12 612.00
181.12 613.00
181.12 614.00
182.00 614.88
182.12 615.00
183.00 615.88
183.12 616.00
184.00 616.88
184.12 617.00
184.12 618.00
185.00 618.88
185.12 619.00
186.00 619.88
186.12 620.00
187.00 620.88
188.00 620.88
188.12 621.00
189.00 621.88
190.00 621.88
191.00 621.88
191.88 621.00
192.00 620.88
193.00 620.88
193.88 620.00
194.00 619.88
194.88 619.00
195.00 618.88
195.88 618.00
196.00 617.88
196.88 617.00
197.00 616.88
197.88 616.00
197.88 615.00
198.00 614.88
198.88 614.00
199.00 613.88
199.88 613.00
200.00 612.88
200.88 612.00
201.00 611.88
201.88 611.00
202.00 610.88
202.88 610.00
203.00 609.88
203.88 609.00
204.00 608.88
204.88 608.00
205.00 607.88
206.00 607.88
207.00 607.88
207.88 607.00
208.00 606.88
209.00 606.88
209.88 606.00
209.88 605.00
210.00 604.88
211.00 604.88
211.88 604.00
212.00 603.88
213.00 603.88
213.12 604.00
214.00 604.88
215.00 604.88
216.00 604.88
217.00 604.88
218.00 604.88
218.88 604.00
219.00 603.88
220.00 603.88
220.88 603.00
221.00 602.88
221.88 602.00
222.00 601.88
222.88 601.00
222.88 600.00
222.88 599.00
222.88 598.00
222.88 597.00
222.88 596.00
223.00 595.88
223.88 595.00
223.88 594.00
223.88 593.00
224.00 592.88
224.88 592.00

Contour 3:
294.90 855.00
294.90 854.00
294.90 853.00
294.90 852.00
294.90 851.00
294.90 850.00
294.90 849.00
294.90 848.00
294.90 847.00
294.90 846.00
294.90 845.00
294.90 844.00
294.90 843.00
294.90 842.00
294.00 841.10
293.90 841.00
293.90 840.00
293.00 839.10
292.90 839.00
292.90 838.00
292.90 837.00
292.00 836.10
291.90 836.00
291.90 835.00
291.00 834.10
290.90 834.00
290.90 833.00
290.00 832.10
289.90 832.00
289.90 831.00
289.00 830.10
288.90 830.00
288.90 829.00
288.00 828.10
287.90 828.00
287.90 827.00
287.00 826.10
286.90 826.00
286.90 825.00
286.00 824.10
285.90 824.00
285.90 823.00
285.00 822.10
284.90 822.00
284.00 821.10
283.90 821.00
283.90 820.00
283.00 819.10
282.90 819.00
282.90 818.00
282.00 817.10
281.90 817.00
281.00 816.10
280.90 816.00
280.90 815.00
280.00 814.10
279.90 814.00
279.00 813.10
278.90 813.00
278.00 812.10
277.90 812.00
277.00 811.10
276.90 811.00
276.00 810.10
275.90 810.00
275.00 809.10
274.90 809.00
274.00 808.10
273.90 808.00
273.00 807.10
272.90 807.00
272.00 806.10
271.90 806.00
271.00 805.10
270.90 805.00
270.00 804.10
269.00 804.10
268.90 804.00
268.00 803.10
267.00 803.10
266.90 803.00
266.00 802.10
265.00 802.10
264.90 802.00
264.00 801.10
263.00 801.10
262.90 801.00
262.00 800.10
261.00 800.10
260.90 800.00
260.00 799.10
259.00 799.10
258.90 799.00
258.00 798.10
257.00 798.10
256.00 798.10
255.90 798.00
255.00 797.10
254.00 797.10
253.00 797.10
252.90 797.00
252.00 796.10
251.00 796.10
250.00 796.10
249.90 796.00
249.00 795.10
248.00 795.10
247.00 795.10
246.00 795.10
245.90 795.00
245.00 794.10
244.00 794.10
243.00 794.10
242.90 794.00
242.00 793.10
241.00 793.10
240.00 793.10
239.00 793.10
238.00 793.10
237.00 793.10
236.90 793.00
236.00 792.10
235.00 792.10
234.00 792.10
233.00 792.10
232.00 792.10
231.00 792.10
230.00 792.10
229.00 792.10
228.10 793.00
228.00 793.10
227.00 793.10
226.00 793.10
225.00 793.10
224.10 794.00
224.00 794.10
223.00 794.10
222.00 794.10
221.00 794.10
220.10 795.00
220.00 795.10
219.00 795.10
218.10 796.00
218.00 796.10
217.00 796.10
216.10 797.00
216.00 797.10
215.10 798.00
215.00 798.10
214.00 798.10
213.10 799.00
213.00 799.10
212.10 800.00
212.00 800.10
211.00 800.10
210.10 801.00
210.00 801.10
209.10 802.00
209.00 802.10
208.00 802.10
207.10 803.00
207.00 803.10
206.10 804.00
206.00 804.10
205.10 805.00
205.00 805.10
204.10 806.00
204.00 806.10
203.10 807.00
203.00 807.10
202.10 808.00
202.10 809.00
202.00 809.10
201.10 810.00
201.00 810.10
200.10 811.00
200.10 812.00
200.10 813.00
200.00 813.10
199.10 814.00
199.10 815.00
199.00 815.10
198.10 816.00
198.10 817.00
198.10 818.00
198.00 818.10
197.10 819.00
197.10 820.00
197.10 821.00
197.10 822.00
197.10 823.00
197.10 824.00
197.10 825.00
197.00 825.10
196.10 826.00
197.00 826.90
197.10 827.00
197.10 828.00
197.10 829.00
197.10 830.00
197.10 831.00
197.10 832.00
197.10 833.00
198.00 833.90
198.10 834.00
198.10 835.00
198.10 836.00
198.10 837.00
198.10 838.00
199.00 838.90
199.10 839.00
199.10 840.00
199.10 841.00
199.10 842.00
200.00 842.90
200.10 843.00
200.10 844.00
200.10 845.00
201.00 845.90
201.10 846.00
201.10 847.00
202.00 847.90
202.10 848.00
203.00 848.90
203.10 849.00
203.10 850.00
204.00 850.90
204.10 851.00
205.00 851.90
205.10 852.00
206.00 852.90
206.10 853.00
206.10 854.00
207.00 854.90
207.10 855.00
208.00 855.90
208.10 856.00
209.00 856.90
209.10 857.00
210.00 857.90
210.10 858.00
211.00 858.90
211.10 859.00
211.10 860.00
212.00 860.90
212.10 861.00
213.00 861.90
213.10 862.00
214.00 862.90
214.10 863.00
215.00 863.90
215.10 864.00
216.00 864.90
216.10 865.00
216.10 866.00
217.00 866.90
218.00 866.90
218.10 867.00
219.00 867.90
219.10 868.00
220.00 868.90
220.10 869.00
221.00 869.90
221.10 870.00
222.00 870.90
223.00 870.90
223.10 871.00
224.00 871.90
224.10 872.00
225.00 872.90
225.10 873.00
226.00 873.90
227.00 873.90
227.10 874.00
228.00 874.90
229.00 874.90
229.10 875.00
230.00 875.90
230.10 876.00
231.00 876.90
232.00 876.90
232.10 877.00
233.00 877.90
234.00 877.90
234.10 878.00
235.00 878.90
236.00 878.90
236.10 879.00
237.00 879.90
238.00 879.90
239.00 879.90
240.00 879.90
240.10 880.00
241.00 880.90
242.00 880.90
243.00 880.90
244.00 880.90
245.00 880.90
246.00 880.90
247.00 880.90
248.00 880.90
249.00 880.90
250.00 880.90
251.00 880.90
252.00 880.90
253.00 880.90
254.00 880.90
255.00 880.90
256.00 880.90
257.00 880.90
258.00 880.90
259.00 880.90
260.00 880.90
261.00 880.90
262.00 880.90
262.90 880.00
263.00 879.90
264.00 879.90
265.00 879.90
266.00 879.90
267.00 879.90
268.00 879.90
268.90 879.00
269.00 878.90
270.00 878.90
271.00 878.90
272.00 878.90
272.90 878.00
273.00 877.90
274.00 877.90
275.00 877.90
276.00 877.90
276.90 877.00
277.00 876.90
278.00 876.90
278.90 876.00
279.00 875.90
279.90 875.00
280.00 874.90
280.90 874.00
281.00 873.90
281.90 873.00
282.00 872.90
282.90 872.00
283.00 871.90
284.00 871.90
284.90 871.00
285.00 870.90
285.90 870.00
286.00 869.90
286.90 869.00
287.00 868.90
287.90 868.00
287.90 867.00
288.00 866.90
288.90 866.00
289.00 865.90
289.90 865.00
289.90 864.00
290.00 863.90
290.90 863.00
291.00 862.90
291.90 862.00
291.90 861.00
292.00 860.90
292.90 860.00
292.90 859.00
293.00 858.90
293.90 858.00
293.90 857.00
293.90 856.00
294.00 855.90
294.90 855.00

Contour 4:
272.92 330.00
272.92 329.00
272.92 328.00
272.92 327.00
272.92 326.00
272.92 325.00
272.92 324.00
272.00 323.08
271.92 323.00
271.92 322.00
271.92 321.00
271.00 320.08
270.92 320.00
270.00 319.08
269.92 319.00
269.00 318.08
268.92 318.00
268.00 317.08
267.92 317.00
267.00 316.08
266.00 316.08
265.92 316.00
265.00 315.08
264.00 315.08
263.92 315.00
263.00 314.08
262.00 314.08
261.92 314.00
261.00 313.08
260.00 313.08
259.92 313.00
259.00 312.08
258.00 312.08
257.92 312.00
257.00 311.08
256.00 311.08
255.00 311.08
254.00 311.08
253.92 311.00
253.00 310.08
252.00 310.08
251.00 310.08
250.00 310.08
249.00 310.08
248.00 310.08
247.00 310.08
246.00 310.08
245.08 311.00
245.00 311.08
244.00 311.08
243.00 311.08
242.08 312.00
242.00 312.08
241.00 312.08
240.08 313.00
240.00 313.08
239.08 314.00
239.00 314.08
238.00 314.08
237.08 315.00
237.00 315.08
236.08 316.00
236.00 316.08
235.08 317.00
235.08 318.00
235.00 318.08
234.08 319.00
234.08 320.00
234.08 321.00
234.08 322.00
234.08 323.00
234.08 324.00
234.08 325.00
234.08 326.00
234.08 327.00
235.00 327.92
235.08 328.00
235.08 329.00
236.00 329.92
236.08 330.00
236.08 331.00
237.00 331.92
237.08 332.00
238.00 332.92
238.08 333.00
239.00 333.92
239.08 334.00
240.00 334.92
241.00 334.92
241.08 335.00
242.00 335.92
243.00 335.92
243.08 336.00
244.00 336.92
245.00 336.92
246.00 336.92
246.08 337.00
247.00 337.92
248.00 337.92
249.00 337.92
250.00 337.92
250.08 338.00
251.00 338.92
252.00 338.92
253.00 338.92
254.00 338.92
255.00 338.92
256.00 338.92
257.00 338.92
258.00 338.92
259.00 338.92
260.00 338.92
261.00 338.92
261.08 339.00
262.00 339.92
263.00 339.92
263.92 339.00
264.00 338.92
265.00 338.92
266.00 338.92
266.92 338.00
267.00 337.92
268.00 337.92
268.92 337.00
269.00 336.92
269.92 336.00
270.00 335.92
270.92 335.00
270.92 334.00
271.00 333.92
271.92 333.00
271.92 332.00
271.92 331.00
272.00 330.92
272.92 330.00

Contour 5:
336.93 505.00
336.93 504.00
336.93 503.00
336.93 502.00
336.93 501.00
336.93 500.00
336.93 499.00
336.93 498.00
336.93 497.00
336.93 496.00
336.93 495.00
336.93 494.00
336.93 493.00
336.00 492.07
335.93 492.00
335.93 491.00
335.93 490.00
335.93 489.00
335.00 488.07
334.93 488.00
334.93 487.00
334.00 486.07
333.93 486.00
333.00 485.07
332.93 485.00
332.93 484.00
332.00 483.07
331.93 483.00
331.00 482.07
330.93 482.00
330.00 481.07
329.93 481.00
329.00 480.07
328.93 480.00
328.00 479.07
327.00 479.07
326.93 479.00
326.00 478.07
325.93 478.00
325.00 477.07
324.93 477.00
324.00 476.07
323.00 476.07
322.93 476.00
322.00 475.07
321.93 475.00
321.00 474.07
320.00 474.07
319.93 474.00
319.00 473.07
318.93 473.00
318.00 472.07
317.93 472.00
317.00 471.07
316.00 471.07
315.93 471.00
315.00 470.07
314.00 470.07
313.00 470.07
312.93 470.00
312.00 469.07
311.93 469.00
311.00 468.07
310.00 468.07
309.00 468.07
308.93 468.00
308.00 467.07
307.00 467.07
306.93 467.00
306.00 466.07
305.00 466.07
304.00 466.07
303.93 466.00
303.00 465.07
302.00 465.07
301.00 465.07
300.00 465.07
299.93 465.00
299.00 464.07
298.00 464.07
297.00 464.07
296.00 464.07
295.00 464.07
294.00 464.07
293.00 464.07
292.00 464.07
291.00 464.07
290.00 464.07
289.00 464.07
288.07 465.00
288.00 465.07
287.00 465.07
286.07 466.00
286.00 466.07
285.00 466.07
284.07 467.00
284.00 467.07
283.07 468.00
283.00 468.07
282.07 469.00
282.00 469.07
281.07 470.00
281.00 470.07
280.07 471.00
280.00 471.07
279.07 472.00
279.07 473.00
279.00 473.07
278.07 474.00
278.07 475.00
278.00 475.07
277.07 476.00
277.07 477.00
277.07 478.00
277.00 478.07
276.07 479.00
276.07 480.00
276.07 481.00
276.07 482.00
276.07 483.00
276.07 484.00
276.07 485.00
276.07 486.00
276.07 487.00
276.07 488.00
277.00 488.93
277.07 489.00
277.07 490.00
277.07 491.00
277.07 492.00
278.00 492.93
278.07 493.00
278.07 494.00
278.07 495.00
279.00 495.93
279.07 496.00
279.07 497.00
280.00 497.93
280.07 498.00
280.07 499.00
281.00 499.93
281.07 500.00
281.07 501.00
282.00 501.93
282.07 502.00
283.00 502.93
283.07 503.00
284.00 503.93
284.07 504.00
284.07 505.00
285.00 505.93
285.07 506.00
286.00 506.93
287.00 506.93
287.07 507.00
288.00 507.93
288.07 508.00
289.00 508.93
289.07 509.00
290.00 509.93
290.07 510.00
291.00 510.93
291.07 511.00
292.00 511.93
292.07 512.00
293.00 512.93
294.00 512.93
294.07 513.00
295.00 513.93
295.07 514.00
296.00 514.93
296.07 515.00
297.00 515.93
297.07 516.00
298.00 516.93
299.00 516.93
299.07 517.00
300.00 517.93
301.00 517.93
301.07 518.00
302.00 518.93
303.00 518.93
303.07 519.00
304.00 519.93
305.00 519.93
306.00 519.93
306.07 520.00
307.00 520.93
308.00 520.93
309.00 520.93
310.00 520.93
311.00 520.93
311.07 521.00
312.00 521.93
313.00 521.93
314.00 521.93
315.00 521.93
315.93 521.00
316.00 520.93
317.00 520.93
318.00 520.93
319.00 520.93
320.00 520.93
321.00 520.93
322.00 520.93
322.93 520.00
323.00 519.93
324.00 519.93
325.00 519.93
325.93 519.00
326.00 518.93
327.00 518.93
327.93 518.00
328.00 517.93
328.93 517.00
329.00 516.93
329.93 516.00
330.00 515.93
330.93 515.00
331.00 514.93
331.93 514.00
332.00 513.93
332.93 513.00
333.00 512.93
333.93 512.00
333.93 511.00
334.00 510.93
334.93 510.00
334.93 509.00
335.00 508.93
335.93 508.00
335.93 507.00
335.93 506.00
336.00 505.93
336.93 505.00

Contour 6:
371.94 578.00
371.94 577.00
371.94 576.00
371.94 575.00
371.94 574.00
371.94 573.00
371.94 572.00
371.94 571.00
371.00 570.06
370.94 570.00
370.94 569.00
370.94 568.00
370.94 567.00
370.00 566.06
369.94 566.00
369.94 565.00
369.94 564.00
369.00 563.06
368.94 563.00
368.94 562.00
368.00 561.06
367.94 561.00
367.94 560.00
367.00 559.06
366.94 559.00
366.00 558.06
365.94 558.00
365.00 557.06
364.94 557.00
364.94 556.00
364.00 555.06
363.00 555.06
362.94 555.00
362.00 554.06
361.94 554.00
361.00 553.06
360.94 553.00
360.00 552.06
359.94 552.00
359.00 551.06
358.94 551.00
358.00 550.06
357.00 550.06
356.94 550.00
356.00 549.06
355.94 549.00
355.00 548.06
354.94 548.00
354.00 547.06
353.00 547.06
352.94 547.00
352.00 546.06
351.00 546.06
350.94 546.00
350.00 545.06
349.94 545.00
349.00 544.06
348.00 544.06
347.00 544.06
346.94 544.00
346.00 543.06
345.00 543.06
344.94 543.00
344.00 542.06
343.00 542.06
342.00 542.06
341.94 542.00
341.00 541.06
340.00 541.06
339.00 541.06
338.00 541.06
337.00 541.06
336.00 541.06
335.00 541.06
334.00 541.06
333.00 541.06
332.00 541.06
331.00 541.06
330.00 541.06
329.00 541.06
328.06 542.00
328.00 542.06
327.00 542.06
326.00 542.06
325.06 543.00
325.00 543.06
324.00 543.06
323.00 543.06
322.00 543.06
321.00 543.06
320.06 544.00
320.00 544.06
319.00 544.06
318.00 544.06
317.06 545.00
317.00 545.06
316.00 545.06
315.06 546.00
315.00 546.06
314.06 547.00
314.00 547.06
313.00 547.06
312.06 548.00
312.00 548.06
311.06 549.00
311.00 549.06
310.06 550.00
310.00 550.06
309.06 551.00
309.00 551.06
308.06 552.00
308.00 552.06
307.06 553.00
307.00 553.06
306.06 554.00
306.06 555.00
306.00 555.06
305.06 556.00
305.06 557.00
305.00 557.06
304.06 558.00
304.06 559.00
304.00 559.06
303.06 560.00
303.06 561.00
303.00 561.06
302.06 562.00
302.06 563.00
302.06 564.00
302.06 565.00
302.00 565.06
301.06 566.00
301.06 567.00
301.06 568.00
301.06 569.00
301.06 570.00
301.06 571.00
301.06 572.00
301.06 573.00
301.06 574.00
301.00 574.06
300.06 575.00
301.00 575.94
301.06 576.00
301.06 577.00
301.06 578.00
301.06 579.00
301.06 580.00
301.06 581.00
301.06 582.00
301.06 583.00
301.06 584.00
301.06 585.00
301.06 586.00
302.00 586.94
302.06 587.00
302.06 588.00
302.06 589.00
303.00 589.94
303.06 590.00
303.06 591.00
303.06 592.00
304.00 592.94
304.06 593.00
305.00 593.94
305.06 594.00
305.06 595.00
306.00 595.94
306.06 596.00
306.06 597.00
307.00 597.94
307.06 598.00
308.00 598.94
308.06 599.00
309.00 599.94
309.06 600.00
310.00 600.94
310.06 601.00
311.00 601.94
311.06 602.00
312.00 602.94
312.06 603.00
313.00 603.94
314.00 603.94
314.06 604.00
315.00 604.94
315.06 605.00
316.00 605.94
317.00 605.94
318.00 605.94
318.06 606.00
319.00 606.94
320.00 606.94
320.06 607.00
321.00 607.94
322.00 607.94
322.06 608.00
323.00 608.94
324.00 608.94
325.00 608.94
325.06 609.00
326.00 609.94
327.00 609.94
328.00 609.94
328.06 610.00
329.00 610.94
330.00 610.94
331.00 610.94
332.00 610.94
333.00 610.94
334.00 610.94
335.00 610.94
336.00 610.94
337.00 610.94
338.00 610.94
339.00 610.94
340.00 610.94
341.00 610.94
342.00 610.94
342.94 610.00
343.00 609.94
344.00 609.94
345.00 609.94
346.00 609.94
346.94 609.00
347.00 608.94
348.00 608.94
348.94 608.00
349.00 607.94
349.94 607.00
350.00 606.94
351.00 606.94
351.94 606.00
352.00 605.94
352.94 605.00
353.00 604.94
354.00 604.94
354.94 604.00
355.00 603.94
355.94 603.00
356.00 602.94
356.94 602.00
357.00 601.94
358.00 601.94
358.94 601.00
359.00 600.94
359.94 600.00
360.00 599.94
360.94 599.00
361.00 598.94
361.94 598.00
362.00 597.94
362.94 597.00
363.00 596.94
363.94 596.00
363.94 595.00
364.00 594.94
364.94 594.00
365.00 593.94
365.94 593.00
366.00 592.94
366.94 592.00
366.94 591.00
367.00 590.94
367.94 590.00
367.94 589.00
368.00 588.94
368.94 588.00
368.94 587.00
369.00 586.94
369.94 586.00
369.94 585.00
369.94 584.00
370.00 583.94
370.94 583.00
370.94 582.00
370.94 581.00
370.94 580.00
370.94 579.00
371.00 578.94
371.94 578.00

Contour 7:
377.94 120.00
377.94 119.00
377.94 118.00
377.94 117.00
377.00 116.06
376.00 116.06
375.00 116.06
374.94 116.00
374.00 115.06
373.94 115.00
373.94 114.00
374.00 113.94
374.94 113.00
374.94 112.00
374.94 111.00
375.00 110.94
375.94 110.00
375.94 109.00
375.94 108.00
375.94 107.00
375.94 106.00
375.94 105.00
375.00 104.06
374.94 104.00
374.00 103.06
373.00 103.06
372.94 103.00
372.00 102.06
371.00 102.06
370.00 102.06
369.00 102.06
368.94 102.00
368.00 101.06
367.00 101.06
366.94 101.00
366.00 100.06
365.00 100.06
364.94 100.00
364.00 99.06
363.00 99.06
362.00 99.06
361.94 99.00
361.00 98.06
360.00 98.06
359.94 98.00
359.00 97.06
358.94 97.00
358.00 96.06
357.00 96.06
356.00 96.06
355.00 96.06
354.94 96.00
354.00 95.06
353.00 95.06
352.94 95.00
352.00 94.06
351.00 94.06
350.00 94.06
349.00 94.06
348.00 94.06
347.00 94.06
346.00 94.06
345.94 94.00
345.00 93.06
344.00 93.06
343.00 93.06
342.00 93.06
341.94 93.00
341.00 92.06
340.00 92.06
339.94 92.00
339.94 91.00
339.94 90.00
339.94 89.00
339.94 88.00
339.94 87.00
339.94 86.00
339.94 85.00
339.94 84.00
339.94 83.00
339.94 82.00
339.00 81.06
338.00 81.06
337.00 81.06
336.00 81.06
335.00 81.06
334.00 81.06
333.00 81.06
332.00 81.06
331.00 81.06
330.00 81.06
329.06 82.00
329.00 82.06
328.00 82.06
327.00 82.06
326.06 83.00
326.00 83.06
325.06 84.00
325.00 84.06
324.00 84.06
323.06 85.00
323.00 85.06
322.06 86.00
322.06 87.00
322.00 87.06
321.06 88.00
321.00 88.06
320.06 89.00
320.00 89.06
319.06 90.00
319.00 90.06
318.06 91.00
318.00 91.06
317.06 92.00
317.00 92.06
316.06 93.00
316.06 94.00
316.00 94.06
315.06 95.00
315.06 96.00
315.00 96.06
314.06 97.00
314.06 98.00
314.06 99.00
315.00 99.94
315.06 100.00
316.00 100.94
317.00 100.94
317.06 101.00
318.00 101.94
319.00 101.94
320.00 101.94
320.06 102.00
320.06 103.00
320.06 104.00
320.06 105.00
320.00 105.06
319.00 105.06
318.94 105.00
318.00 104.06
317.00 104.06
316.00 104.06
315.00 104.06
314.06 105.00
314.06 106.00
314.06 107.00
314.06 108.00
314.06 109.00
314.06 110.00
314.00 110.06
313.06 111.00
313.06 112.00
313.06 113.00
313.06 114.00
313.06 115.00
314.00 115.94
314.06 116.00
314.06 117.00
314.06 118.00
314.06 119.00
315.00 119.94
315.06 120.00
315.06 121.00
316.00 121.94
316.06 122.00
317.00 122.94
317.06 123.00
318.00 123.94
318.06 124.00
319.00 124.94
320.00 124.94
320.06 125.00
321.00 125.94
321.06 126.00
322.00 126.94
322.06 127.00
323.00 127.94
324.00 127.94
324.06 128.00
325.00 128.94
326.00 128.94
326.06 129.00
326.06 130.00
327.00 130.94
327.06 131.00
328.00 131.94
328.06 132.00
329.00 132.94
330.00 132.94
330.06 133.00
331.00 133.94
331.06 134.00
332.00 134.94
333.00 134.94
333.06 135.00
334.00 135.94
335.00 135.94
336.00 135.94
337.00 135.94
337.06 136.00
338.00 136.94
338.06 137.00
339.00 137.94
340.00 137.94
341.00 137.94
341.06 138.00
342.00 138.94
343.00 138.94
344.00 138.94
345.00 138.94
346.00 138.94
347.00 138.94
348.00 138.94
349.00 138.94
350.00 138.94
351.00 138.94
351.94 138.00
352.00 137.94
353.00 137.94
353.94 137.00
354.00 136.94
355.00 136.94
356.00 136.94
357.00 136.94
357.94 136.00
358.00 135.94
359.00 135.94
360.00 135.94
360.94 135.00
361.00 134.94
362.00 134.94
363.00 134.94
364.00 134.94
364.94 134.00
365.00 133.94
365.94 133.00
366.00 132.94
366.94 132.00
367.00 131.94
367.94 131.00
368.00 130.94
369.00 130.94
370.00 130.94
370.94 130.00
371.00 129.94
371.94 129.00
372.00 128.94
372.94 128.00
373.00 127.94
374.00 127.94
374.94 127.00
374.94 126.00
375.00 125.94
375.94 125.00
376.00 124.94
376.94 124.00
376.94 123.00
376.94 122.00
376.94 121.00
377.00 120.94
377.94 120.00

Contour 8:
385.95 920.00
385.95 919.00
385.95 918.00
385.95 917.00
385.95 916.00
385.95 915.00
385.95 914.00
385.95 913.00
385.95 912.00
385.95 911.00
385.95 910.00
385.95 909.00
385.95 908.00
385.95 907.00
385.95 906.00
385.95 905.00
385.95 904.00
385.95 903.00
385.00 902.05
384.95 902.00
384.95 901.00
384.95 900.00
384.95 899.00
384.00 898.05
383.95 898.00
383.95 897.00
383.00 896.05
382.95 896.00
382.95 895.00
382.00 894.05
381.95 894.00
381.95 893.00
381.00 892.05
380.95 892.00
380.00 891.05
379.95 891.00
379.95 890.00
379.00 889.05
378.95 889.00
378.95 888.00
378.00 887.05
377.95 887.00
377.95 886.00
377.00 885.05
376.95 885.00
376.95 884.00
376.00 883.05
375.95 883.00
375.95 882.00
375.00 881.05
374.95 881.00
374.00 880.05
373.95 880.00
373.95 879.00
373.00 878.05
372.95 878.00
372.00 877.05
371.95 877.00
371.00 876.05
370.95 876.00
370.00 875.05
369.95 875.00
369.00 874.05
368.95 874.00
368.00 873.05
367.00 873.05
366.95 873.00
366.00 872.05
365.00 872.05
364.95 872.00
364.00 871.05
363.00 871.05
362.00 871.05
361.00 871.05
360.95 871.00
360.00 870.05
359.00 870.05
358.00 870.05
357.00 870.05
356.00 870.05
355.05 871.00
355.00 871.05
354.00 871.05
353.00 871.05
352.00 871.05
351.05 872.00
351.00 872.05
350.00 872.05
349.05 873.00
349.00 873.05
348.00 873.05
347.05 874.00
347.00 874.05
346.00 874.05
345.05 875.00
345.00 875.05
344.05 876.00
344.00 876.05
343.05 877.00
343.00 877.05
342.00 877.05
341.05 878.00
341.00 878.05
340.05 879.00
340.00 879.05
339.05 880.00
339.00 880.05
338.05 881.00
338.05 882.00
338.00 882.05
337.05 883.00
337.00 883.05
336.05 884.00
336.00 884.05
335.05 885.00
335.05 886.00
335.00 886.05
334.05 887.00
334.05 888.00
334.00 888.05
333.05 889.00
333.05 890.00
333.00 890.05
332.05 891.00
332.00 891.05
331.05 892.00
331.05 893.00
331.05 894.00
331.00 894.05
330.05 895.00
330.00 895.05
329.05 896.00
329.05 897.00
329.00 897.05
328.05 898.00
328.05 899.00
328.00 899.05
327.05 900.00
327.05 901.00
327.00 901.05
326.05 902.00
326.05 903.00
326.05 904.00
326.00 904.05
325.05 905.00
325.05 906.00
325.05 907.00
325.05 908.00
325.00 908.05
324.05 909.00
324.05 910.00
324.05 911.00
324.05 912.00
324.05 913.00
324.05 914.00
324.05 915.00
324.05 916.00
324.05 917.00
324.05 918.00
324.05 919.00
324.05 920.00
324.05 921.00
324.05 922.00
324.05 923.00
325.00 923.95
325.05 924.00
325.05 925.00
325.05 926.00
325.05 927.00
325.05 928.00
326.00 928.95
326.05 929.00
326.05 930.00
326.05 931.00
327.00 931.95
327.05 932.00
327.05 933.00
328.00 933.95
328.05 934.00
328.05 935.00
329.00 935.95
329.05 936.00
330.00 936.95
330.05 937.00
331.00 937.95
331.05 938.00
332.00 938.95
332.05 939.00
333.00 939.95
333.05 940.00
334.00 940.95
335.00 940.95
335.05 941.00
336.00 941.95
336.05 942.00
337.00 942.95
338.00 942.95
339.00 942.95
339.05 943.00
340.00 943.95
341.00 943.95
341.05 944.00
342.00 944.95
343.00 944.95
344.00 944.95
345.00 944.95
346.00 944.95
346.05 945.00
347.00 945.95
348.00 945.95
349.00 945.95
350.00 945.95
351.00 945.95
352.00 945.95
353.00 945.95
354.00 945.95
355.00 945.95
356.00 945.95
357.00 945.95
358.00 945.95
359.00 945.95
360.00 945.95
361.00 945.95
361.95 945.00
362.00 944.95
363.00 944.95
364.00 944.95
365.00 944.95
366.00 944.95
366.95 944.00
367.00 943.95
368.00 943.95
368.95 943.00
369.00 942.95
370.00 942.95
370.95 942.00
371.00 941.95
371.95 941.00
372.00 940.95
372.95 940.00
373.00 939.95
373.95 939.00
374.00 938.95
375.00 938.95
375.95 938.00
375.95 937.00
376.00 936.95
376.95 936.00
377.00 935.95
377.95 935.00
378.00 934.95
378.95 934.00
378.95 933.00
379.00 932.95
379.95 932.00
380.00 931.95
380.95 931.00
380.95 930.00
381.00 929.95
381.95 929.00
381.95 928.00
382.00 927.95
382.95 927.00
382.95 926.00
383.00 925.95
383.95 925.00
383.95 924.00
384.00 923.95
384.95 923.00
384.95 922.00
384.95 921.00
385.00 920.95
385.95 920.00

Contour 9:
424.95 435.00
424.95 434.00
424.95 433.00
424.95 432.00
424.95 431.00
424.95 430.00
424.95 429.00
424.95 428.00
424.95 427.00
424.95 426.00
424.95 425.00
424.95 424.00
424.95 423.00
424.95 422.00
424.00 421.05
423.95 421.00
423.95 420.00
423.95 419.00
423.00 418.05
422.95 418.00
422.95 417.00
422.00 416.05
421.95 416.00
421.95 415.00
421.00 414.05
420.95 414.00
420.95 413.00
420.00 412.05
419.95 412.00
419.00 411.05
418.95 411.00
418.95 410.00
418.00 409.05
417.95 409.00
417.00 408.05
416.95 408.00
416.95 407.00
416.00 406.05
415.95 406.00
415.00 405.05
414.95 405.00
414.00 404.05
413.95 404.00
413.95 403.00
413.00 402.05
412.95 402.00
412.00 401.05
411.95 401.00
411.00 400.05
410.95 400.00
410.00 399.05
409.00 399.05
408.95 399.00
408.00 398.05
407.95 398.00
407.00 397.05
406.95 397.00
406.00 396.05
405.00 396.05
404.95 396.00
404.00 395.05
403.00 395.05
402.00 395.05
401.95 395.00
401.00 394.05
400.00 394.05
399.00 394.05
398.00 394.05
397.95 394.00
397.00 393.05
396.00 393.05
395.00 393.05
394.00 393.05
393.00 393.05
392.00 393.05
391.00 393.05
390.00 393.05
389.00 393.05
388.00 393.05
387.00 393.05
386.00 393.05
385.00 393.05
384.05 394.00
384.00 394.05
383.00 394.05
382.00 394.05
381.05 395.00
381.00 395.05
380.00 395.05
379.00 395.05
378.05 396.00
378.00 396.05
377.00 396.05
376.05 397.00
376.00 397.05
375.00 397.05
374.05 398.00
374.00 398.05
373.00 398.05
372.05 399.00
372.00 399.05
371.00 399.05
370.05 400.00
370.00 400.05
369.05 401.00
369.00 401.05
368.05 402.00
368.00 402.05
367.00 402.05
366.05 403.00
366.05 404.00
366.00 404.05
365.05 405.00
365.00 405.05
364.05 406.00
364.00 406.05
363.05 407.00
363.00 407.05
362.05 408.00
362.00 408.05
361.05 409.00
361.00 409.05
360.05 410.00
360.05 411.00
360.00 411.05
359.05 412.00
359.05 413.00
359.05 414.00
359.05 415.00
359.05 416.00
359.05 417.00
359.05 418.00
359.05 419.00
359.00 419.05
358.05 420.00
358.05 421.00
359.00 421.95
359.05 422.00
359.05 423.00
359.05 424.00
359.05 425.00
359.05 426.00
359.05 427.00
360.00 427.95
360.05 428.00
360.05 429.00
360.05 430.00
360.05 431.00
361.00 431.95
361.05 432.00
361.05 433.00
362.00 433.95
362.05 434.00
362.05 435.00
362.05 436.00
363.00 436.95
363.05 437.00
363.05 438.00
363.05 439.00
364.00 439.95
364.05 440.00
364.05 441.00
365.00 441.95
365.05 442.00
365.05 443.00
366.00 443.95
366.05 444.00
367.00 444.95
367.05 445.00
368.00 445.95
368.05 446.00
369.00 446.95
369.05 447.00
370.00 447.95
370.05 448.00
371.00 448.95
371.05 449.00
372.00 449.95
373.00 449.95
373.05 450.00
374.00 450.95
374.05 451.00
375.00 451.95
375.05 452.00
376.00 452.95
376.05 453.00
377.00 453.95
378.00 453.95
378.05 454.00
379.00 454.95
380.00 454.95
380.05 455.00
381.00 455.95
382.00 455.95
383.00 455.95
383.05 456.00
384.00 456.95
385.00 456.95
386.00 456.95
387.00 456.95
387.05 457.00
388.00 457.95
389.00 457.95
390.00 457.95
391.00 457.95
392.00 457.95
392.05 458.00
393.00 458.95
394.00 458.95
395.00 458.95
396.00 458.95
397.00 458.95
398.00 458.95
399.00 458.95
400.00 458.95
401.00 458.95
402.00 458.95
402.95 458.00
403.00 457.95
404.00 457.95
405.00 457.95
406.00 457.95
406.95 457.00
407.00 456.95
408.00 456.95
408.95 456.00
409.00 455.95
410.00 455.95
410.95 455.00
411.00 454.95
411.95 454.00
412.00 453.95
413.00 453.95
413.95 453.00
414.00 452.95
414.95 452.00
415.00 451.95
415.95 451.00
416.00 450.95
416.95 450.00
417.00 449.95
417.95 449.00
418.00 448.95
418.95 448.00
418.95 447.00
419.00 446.95
419.95 446.00
420.00 445.95
420.95 445.00
420.95 444.00
421.00 443.95
421.95 443.00
421.95 442.00
422.00 441.95
422.95 441.00
422.95 440.00
422.95 439.00
423.00 438.95
423.95 438.00
423.95 437.00
423.95 436.00
424.00 435.95
424.95 435.00

Contour 10:
418.96 233.00
418.96 232.00
418.96 231.00
418.96 230.00
418.96 229.00
418.96 228.00
418.96 227.00
418.96 226.00
418.96 225.00
418.96 224.00
418.96 223.00
418.96 222.00
418.96 221.00
418.96 220.00
418.96 219.00
418.00 218.04
417.96 218.00
417.96 217.00
417.96 216.00
417.00 215.04
416.96 215.00
416.96 214.00
416.00 213.04
415.96 213.00
415.96 212.00
415.00 211.04
414.96 211.00
414.96 210.00
414.00 209.04
413.96 209.00
413.00 208.04
412.96 208.00
412.96 207.00
412.00 206.04
411.00 206.04
410.96 206.00
410.00 205.04
409.96 205.00
409.00 204.04
408.96 204.00
408.00 203.04
407.96 203.00
407.00 202.04
406.00 202.04
405.96 202.00
405.00 201.04
404.00 201.04
403.00 201.04
402.96 201.00
402.00 200.04
401.00 200.04
400.00 200.04
399.00 200.04
398.96 200.00
398.00 199.04
397.00 199.04
396.00 199.04
395.00 199.04
394.00 199.04
393.00 199.04
392.00 199.04
391.00 199.04
390.00 199.04
389.04 200.00
389.00 200.04
388.00 200.04
387.00 200.04
386.04 201.00
386.00 201.04
385.00 201.04
384.04 202.00
384.00 202.04
383.04 203.00
383.00 203.04
382.00 203.04
381.04 204.00
381.00 204.04
380.04 205.00
380.00 205.04
379.00 205.04
378.04 206.00
378.00 206.04
377.04 207.00
377.00 207.04
376.04 208.00
376.00 208.04
375.04 209.00
375.00 209.04
374.04 210.00
374.00 210.04
373.04 211.00
373.00 211.04
372.04 212.00
372.00 212.04
371.04 213.00
371.04 214.00
371.00 214.04
370.04 215.00
370.00 215.04
369.04 216.00
369.04 217.00
369.00 217.04
368.04 218.00
368.04 219.00
368.00 219.04
367.04 220.00
367.04 221.00
367.00 221.04
366.04 222.00
366.04 223.00
366.04 224.00
366.04 225.00
366.00 225.04
365.04 226.00
365.04 227.00
365.04 228.00
365.04 229.00
365.04 230.00
365.04 231.00
365.04 232.00
365.00 232.04
364.04 233.00
364.04 234.00
364.04 235.00
364.04 236.00
364.04 237.00
364.04 238.00
364.04 239.00
364.04 240.00
365.00 240.96
365.04 241.00
365.04 242.00
365.04 243.00
365.04 244.00
365.04 245.00
365.04 246.00
365.04 247.00
365.04 248.00
366.00 248.96
366.04 249.00
366.04 250.00
366.04 251.00
366.04 252.00
367.00 252.96
367.04 253.00
367.04 254.00
368.00 254.96
368.04 255.00
368.04 256.00
369.00 256.96
369.04 257.00
369.04 258.00
370.00 258.96
370.04 259.00
370.04 260.00
371.00 260.96
371.04 261.00
372.00 261.96
372.04 262.00
373.00 262.96
373.04 263.00
374.00 263.96
375.00 263.96
375.04 264.00
376.00 264.96
377.00 264.96
377.04 265.00
378.00 265.96
379.00 265.96
379.04 266.00
380.00 266.96
381.00 266.96
381.04 267.00
382.00 267.96
383.00 267.96
384.00 267.96
385.00 267.96
386.00 267.96
387.00 267.96
388.00 267.96
389.00 267.96
390.00 267.96
391.00 267.96
391.96 267.00
392.00 266.96
393.00 266.96
394.00 266.96
394.96 266.00
395.00 265.96
396.00 265.96
397.00 265.96
397.96 265.00
398.00 264.96
398.96 264.00
399.00 263.96
400.00 263.96
400.96 263.00
401.00 262.96
401.96 262.00
402.00 261.96
403.00 261.96
403.96 261.00
404.00 260.96
404.96 260.00
405.00 259.96
405.96 259.00
406.00 258.96
406.96 258.00
407.00 257.96
407.96 257.00
408.00 256.96
408.96 256.00
408.96 255.00
409.00 254.96
409.96 254.00
410.00 253.96
410.96 253.00
410.96 252.00
411.00 251.96
411.96 251.00
411.96 250.00
412.00 249.96
412.96 249.00
412.96 248.00
413.00 247.96
413.96 247.00
413.96 246.00
414.00 245.96
414.96 245.00
414.96 244.00
415.00 243.96
415.96 243.00
415.96 242.00
416.00 241.96
416.96 241.00
416.96 240.00
416.96 239.00
417.00 238.96
417.96 238.00
417.96 237.00
417.96 236.00
417.96 235.00
417.96 234.00
418.00 233.96
418.96 233.00

Contour 11:
444.96 798.00
444.96 797.00
444.96 796.00
444.00 795.04
443.96 795.00
443.96 794.00
443.96 793.00
443.96 792.00
443.96 791.00
443.00 790.04
442.96 790.00
442.96 789.00
442.96 788.00
442.96 787.00
442.00 786.04
441.96 786.00
441.96 785.00
441.96 784.00
441.00 783.04
440.96 783.00
440.96 782.00
440.00 781.04
439.96 781.00
439.96 780.00
439.00 779.04
438.96 779.00
438.96 778.00
438.00 777.04
437.96 777.00
437.00 776.04
436.96 776.00
436.96 775.00
436.00 774.04
435.96 774.00
435.00 773.04
434.96 773.00
434.96 772.00
434.00 771.04
433.96 771.00
433.00 770.04
432.96 770.00
432.00 769.04
431.96 769.00
431.00 768.04
430.00 768.04
429.96 768.00
429.00 767.04
428.00 767.04
427.96 767.00
427.00 766.04
426.00 766.04
425.96 766.00
425.00 765.04
424.96 765.00
424.00 764.04
423.00 764.04
422.96 764.00
422.00 763.04
421.00 763.04
420.96 763.00
420.00 762.04
419.00 762.04
418.96 762.00
418.00 761.04
417.00 761.04
416.00 761.04
415.96 761.00
415.00 760.04
414.00 760.04
413.96 760.00
413.00 759.04
412.00 759.04
411.00 759.04
410.00 759.04
409.00 759.04
408.96 759.00
408.00 758.04
407.00 758.04
406.00 758.04
405.00 758.04
404.00 758.04
403.00 758.04
402.00 758.04
401.00 758.04
400.00 758.04
399.04 759.00
399.00 759.04
398.00 759.04
397.00 759.04
396.00 759.04
395.00 759.04
394.04 760.00
394.00 760.04
393.00 760.04
392.00 760.04
391.04 761.00
391.00 761.04
390.00 761.04
389.00 761.04
388.04 762.00
388.00 762.04
387.00 762.04
386.04 763.00
386.00 763.04
385.04 764.00
385.00 764.04
384.00 764.04
383.04 765.00
383.00 765.04
382.04 766.00
382.00 766.04
381.00 766.04
380.04 767.00
380.00 767.04
379.04 768.00
379.00 768.04
378.04 769.00
378.00 769.04
377.04 770.00
377.04 771.00
377.00 771.04
376.04 772.00
376.00 772.04
375.04 773.00
375.00 773.04
374.04 774.00
374.04 775.00
374.00 775.04
373.04 776.00
373.00 776.04
372.04 777.00
372.04 778.00
372.00 778.04
371.04 779.00
371.04 780.00
371.04 781.00
371.00 781.04
370.04 782.00
370.04 783.00
370.04 784.00
370.04 785.00
370.00 785.04
369.04 786.00
369.04 787.00
369.04 788.00
369.04 789.00
369.04 790.00
369.04 791.00
369.04 792.00
369.04 793.00
369.04 794.00
369.04 795.00
369.04 796.00
370.00 796.96
370.04 797.00
370.04 798.00
370.04 799.00
371.00 799.96
371.04 800.00
371.04 801.00
371.04 802.00
372.00 802.96
372.04 803.00
372.04 804.00
372.04 805.00
373.00 805.96
373.04 806.00
374.00 806.96
374.04 807.00
374.04 808.00
375.00 808.96
375.04 809.00
375.04 810.00
376.00 810.96
376.04 811.00
377.00 811.96
377.04 812.00
377.04 813.00
378.00 813.96
378.04 814.00
379.00 814.96
379.04 815.00
380.00 815.96
380.04 816.00
381.00 816.96
381.04 817.00
382.00 817.96
382.04 818.00
383.00 818.96
383.04 819.00
384.00 819.96
384.04 820.00
385.00 820.96
386.00 820.96
386.04 821.00
387.00 821.96
388.00 821.96
388.04 822.00
389.00 822.96
390.00 822.96
390.04 823.00
391.00 823.96
392.00 823.96
392.04 824.00
393.00 824.96
394.00 824.96
394.04 825.00
395.00 825.96
396.00 825.96
397.00 825.96
397.04 826.00
398.00 826.96
399.00 826.96
400.00 826.96
401.00 826.96
401.04 827.00
402.00 827.96
403.00 827.96
404.00 827.96
405.00 827.96
406.00 827.96
407.00 827.96
408.00 827.96
409.00 827.96
410.00 827.96
411.00 827.96
412.00 827.96
413.00 827.96
414.00 827.96
415.00 827.96
416.00 827.96
417.00 827.96
418.00 827.96
419.00 827.96
419.96 827.00
420.00 826.96
421.00 826.96
422.00 826.96
422.96 826.00
423.00 825.96
424.00 825.96
424.96 825.00
425.00 824.96
426.00 824.96
426.96 824.00
427.00 823.96
427.96 823.00
428.00 822.96
429.00 822.96
429.96 822.00
430.00 821.96
431.00 821.96
431.96 821.00
432.00 820.96
432.96 820.00
433.00 819.96
433.96 819.00
434.00 818.96
434.96 818.00
435.00 817.96
435.96 817.00
436.00 816.96
436.96 816.00
437.00 815.96
437.96 815.00
437.96 814.00
438.00 813.96
438.96 813.00
439.00 812.96
439.96 812.00
439.96 811.00
440.00 810.96
440.96 810.00
440.96 809.00
441.00 808.96
441.96 808.00
442.00 807.96
442.96 807.00
442.96 806.00
442.96 805.00
443.00 804.96
443.96 804.00
443.96 803.00
443.96 802.00
443.96 801.00
443.96 800.00
443.96 799.00
444.00 798.96
444.96 798.00

Contour 12:
466.96 645.00
466.96 644.00
466.96 643.00
466.96 642.00
466.96 641.00
466.96 640.00
466.96 639.00
466.96 638.00
466.96 637.00
466.96 636.00
466.96 635.00
466.96 634.00
466.00 633.04
465.96 633.00
465.96 632.00
465.96 631.00
465.96 630.00
465.96 629.00
465.00 628.04
464.96 628.00
464.96 627.00
464.96 626.00
464.00 625.04
463.96 625.00
463.96 624.00
463.00 623.04
462.96 623.00
462.96 622.00
462.00 621.04
461.96 621.00
461.00 620.04
460.96 620.00
460.96 619.00
460.00 618.04
459.96 618.00
459.00 617.04
458.96 617.00
458.00 616.04
457.96 616.00
457.00 615.04
456.96 615.00
456.00 614.04
455.96 614.00
455.00 613.04
454.00 613.04
453.96 613.00
453.00 612.04
452.96 612.00
452.00 611.04
451.00 611.04
450.96 611.00
450.00 610.04
449.96 610.00
449.00 609.04
448.00 609.04
447.96 609.00
447.00 608.04
446.00 608.04
445.96 608.00
445.00 607.04
444.00 607.04
443.00 607.04
442.96 607.00
442.00 606.04
441.00 606.04
440.00 606.04
439.00 606.04
438.00 606.04
437.00 606.04
436.00 606.04
435.00 606.04
434.00 606.04
433.00 606.04
432.00 606.04
431.00 606.04
430.00 606.04
429.04 607.00
429.00 607.04
428.00 607.04
427.00 607.04
426.00 607.04
425.04 608.00
425.00 608.04
424.00 608.04
423.04 609.00
423.00 609.04
422.00 609.04
421.04 610.00
421.00 610.04
420.00 610.04
419.04 611.00
419.00 611.04
418.04 612.00
418.00 612.04
417.00 612.04
416.04 613.00
416.00 613.04
415.04 614.00
415.00 614.04
414.04 615.00
414.00 615.04
413.04 616.00
413.00 616.04
412.04 617.00
412.00 617.04
411.04 618.00
411.04 619.00
411.00 619.04
410.04 620.00
410.00 620.04
409.04 621.00
409.00 621.04
408.04 622.00
408.04 623.00
408.00 623.04
407.04 624.00
407.04 625.00
407.00 625.04
406.04 626.00
406.04 627.00
406.04 628.00
406.00 628.04
405.04 629.00
405.04 630.00
405.04 631.00
405.00 631.04
404.04 632.00
404.04 633.00
404.04 634.00
404.00 634.04
403.04 635.00
403.04 636.00
403.04 637.00
403.04 638.00
403.04 639.00
403.04 640.00
403.04 641.00
403.04 642.00
403.04 643.00
403.04 644.00
403.04 645.00
404.00 645.96
404.04 646.00
404.04 647.00
404.04 648.00
404.04 649.00
405.00 649.96
405.04 650.00
405.04 651.00
405.04 652.00
406.00 652.96
406.04 653.00
406.04 654.00
406.04 655.00
407.00 655.96
407.04 656.00
407.04 657.00
408.00 657.96
408.04 658.00
408.04 659.00
409.00 659.96
409.04 660.00
410.00 660.96
410.04 661.00
410.04 662.00
411.00 662.96
411.04 663.00
412.00 663.96
412.04 664.00
413.00 664.96
413.04 665.00
414.00 665.96
414.04 666.00
415.00 666.96
415.04 667.00
416.00 667.96
416.04 668.00
417.00 668.96
418.00 668.96
418.04 669.00
419.00 669.96
419.04 670.00
420.00 670.96
421.00 670.96
421.04 671.00
422.00 671.96
423.00 671.96
424.00 671.96
424.04 672.00
425.00 672.96
426.00 672.96
427.00 672.96
428.00 672.96
429.00 672.96
429.04 673.00
430.00 673.96
431.00 673.96
432.00 673.96
433.00 673.96
434.00 673.96
435.00 673.96
436.00 673.96
436.96 673.00
437.00 672.96
438.00 672.96
439.00 672.96
440.00 672.96
441.00 672.96
442.00 672.96
442.96 672.00
443.00 671.96
444.00 671.96
445.00 671.96
445.96 671.00
446.00 670.96
447.00 670.96
448.00 670.96
448.96 670.00
449.00 669.96
450.00 669.96
450.96 669.00
451.00 668.96
452.00 668.96
452.96 668.00
453.00 667.96
453.96 667.00
454.00 666.96
454.96 666.00
455.00 665.96
456.00 665.96
456.96 665.00
457.00 664.96
457.96 664.00
458.00 663.96
458.96 663.00
458.96 662.00
459.00 661.96
459.96 661.00
460.00 660.96
460.96 660.00
461.00 659.96
461.96 659.00
461.96 658.00
462.00 657.96
462.96 657.00
462.96 656.00
463.00 655.96
463.96 655.00
463.96 654.00
464.00 653.96
464.96 653.00
464.96 652.00
464.96 651.00
465.00 650.96
465.96 650.00
465.96 649.00
465.96 648.00
465.96 647.00
465.96 646.00
466.00 645.96
466.96 645.00

Contour 13:
510.97 154.00
510.97 153.00
510.97 152.00
510.97 151.00
510.97 150.00
510.97 149.00
510.97 148.00
510.97 147.00
510.97 146.00
510.97 145.00
510.97 144.00
510.97 143.00
510.97 142.00
510.97 141.00
510.97 140.00
510.97 139.00
510.97 138.00
510.97 137.00
510.97 136.00
510.97 135.00
510.97 134.00
510.97 133.00
510.97 132.00
510.00 131.03
509.97 131.00
509.97 130.00
509.97 129.00
509.97 128.00
509.00 127.03
508.97 127.00
508.97 126.00
508.00 125.03
507.97 125.00
507.97 124.00
507.97 123.00
507.00 122.03
506.97 122.00
506.97 121.00
506.00 120.03
505.97 120.00
505.00 119.03
504.97 119.00
504.97 118.00
504.00 117.03
503.97 117.00
503.00 116.03
502.97 116.00
502.97 115.00
502.00 114.03
501.97 114.00
501.00 113.03
500.97 113.00
500.00 112.03
499.97 112.00
499.00 111.03
498.97 111.00
498.00 110.03
497.97 110.00
497.00 109.03
496.00 109.03
495.97 109.00
495.00 108.03
494.97 108.00
494.00 107.03
493.00 107.03
492.97 107.00
492.00 106.03
491.00 106.03
490.97 106.00
490.00 105.03
489.00 105.03
488.00 105.03
487.00 105.03
486.97 105.00
486.00 104.03
485.00 104.03
484.03 105.00
484.00 105.03
483.00 105.03
482.00 105.03
481.00 105.03
480.00 105.03
479.03 106.00
479.00 106.03
478.00 106.03
477.03 107.00
477.00 107.03
476.00 107.03
475.03 108.00
475.00 108.03
474.00 108.03
473.03 109.00
473.00 109.03
472.03 110.00
472.00 110.03
471.00 110.03
470.03 111.00
470.00 111.03
469.03 112.00
469.00 112.03
468.03 113.00
468.00 113.03
467.03 114.00
467.00 114.03
466.03 115.00
466.00 115.03
465.03 116.00
465.00 116.03
464.03 117.00
464.03 118.00
464.00 118.03
463.03 119.00
463.03 120.00
463.00 120.03
462.03 121.00
462.03 122.00
462.00 122.03
461.03 123.00
461.03 124.00
461.00 124.03
460.03 125.00
460.03 126.00
460.03 127.00
460.00 127.03
459.03 128.00
459.03 129.00
459.03 130.00
459.00 130.03
458.03 131.00
458.03 132.00
458.00 132.03
457.03 133.00
457.03 134.00
457.03 135.00
457.03 136.00
457.00 136.03
456.03 137.00
456.03 138.00
456.03 139.00
456.03 140.00
456.03 141.00
456.03 142.00
456.03 143.00
456.03 144.00
456.03 145.00
456.03 146.00
456.03 147.00
457.00 147.97
457.03 148.00
457.03 149.00
457.03 150.00
457.03 151.00
458.00 151.97
458.03 152.00
458.03 153.00
458.03 154.00
459.00 154.97
459.03 155.00
459.03 156.00
460.00 156.97
460.03 157.00
460.03 158.00
461.00 158.97
461.03 159.00
461.03 160.00
462.00 160.97
462.03 161.00
463.00 161.97
463.03 162.00
463.03 163.00
464.00 163.97
464.03 164.00
465.00 164.97
465.03 165.00
466.00 165.97
466.03 166.00
467.00 166.97
467.03 167.00
468.00 167.97
469.00 167.97
469.03 168.00
470.00 168.97
470.03 169.00
471.00 169.97
472.00 169.97
472.03 170.00
473.00 170.97
473.03 171.00
474.00 171.97
475.00 171.97
475.03 172.00
476.00 172.97
477.00 172.97
478.00 172.97
478.03 173.00
479.00 173.97
480.00 173.97
481.00 173.97
481.03 174.00
482.00 174.97
483.00 174.97
484.00 174.97
485.00 174.97
486.00 174.97
487.00 174.97
488.00 174.97
489.00 174.97
490.00 174.97
490.97 174.00
491.00 173.97
492.00 173.97
493.00 173.97
493.97 173.00
494.00 172.97
495.00 172.97
495.97 172.00
496.00 171.97
497.00 171.97
497.97 171.00
498.00 170.97
498.97 170.00
499.00 169.97
500.00 169.97
500.97 169.00
501.00 168.97
501.97 168.00
502.00 167.97
502.97 167.00
503.00 166.97
503.97 166.00
503.97 165.00
504.00 164.97
504.97 164.00
505.00 163.97
505.97 163.00
506.00 162.97
506.97 162.00
506.97 161.00
507.00 160.97
507.97 160.00
508.00 159.97
508.97 159.00
508.97 158.00
508.97 157.00
509.00 156.97
509.97 156.00
509.97 155.00
510.00 154.97
510.97 154.00

Contour 14:
557.97 500.00
557.97 499.00
557.97 498.00
557.97 497.00
557.97 496.00
557.97 495.00
557.00 494.03
556.97 494.00
556.97 493.00
556.97 492.00
556.97 491.00
556.97 490.00
556.97 489.00
556.00 488.03
555.97 488.00
555.97 487.00
555.97 486.00
555.00 485.03
554.97 485.00
554.97 484.00
554.00 483.03
553.97 483.00
553.00 482.03
552.97 482.00
552.00 481.03
551.97 481.00
551.97 480.00
551.00 479.03
550.97 479.00
550.00 478.03
549.97 478.00
549.00 477.03
548.00 477.03
547.97 477.00
547.00 476.03
546.97 476.00
546.00 475.03
545.97 475.00
545.00 474.03
544.00 474.03
543.97 474.00
543.00 473.03
542.97 473.00
542.00 472.03
541.97 472.00
541.00 471.03
540.00 471.03
539.97 471.00
539.00 470.03
538.00 470.03
537.97 470.00
537.00 469.03
536.00 469.03
535.97 469.00
535.00 468.03
534.00 468.03
533.00 468.03
532.00 468.03
531.00 468.03
530.97 468.00
530.00 467.03
529.00 467.03
528.00 467.03
527.00 467.03
526.03 468.00
526.00 468.03
525.00 468.03
524.00 468.03
523.00 468.03
522.03 469.00
522.00 469.03
521.00 469.03
520.00 469.03
519.03 470.00
519.00 470.03
518.00 470.03
517.03 471.00
517.00 471.03
516.00 471.03
515.03 472.00
515.00 472.03
514.03 473.00
514.00 473.03
513.00 473.03
512.03 474.00
512.00 474.03
511.00 474.03
510.03 475.00
510.00 475.03
509.03 476.00
509.00 476.03
508.00 476.03
507.03 477.00
507.00 477.03
506.03 478.00
506.00 478.03
505.03 479.00
505.00 479.03
504.03 480.00
504.00 480.03
503.03 481.00
503.00 481.03
502.03 482.00
502.00 482.03
501.03 483.00
501.00 483.03
500.03 484.00
500.00 484.03
499.03 485.00
499.00 485.03
498.03 486.00
498.00 486.03
497.03 487.00
497.03 488.00
497.00 488.03
496.03 489.00
496.03 490.00
496.00 490.03
495.03 491.00
495.03 492.00
495.00 492.03
494.03 493.00
494.03 494.00
494.03 495.00
494.03 496.00
494.03 497.00
494.00 497.03
493.03 498.00
493.03 499.00
493.03 500.00
494.00 500.97
494.03 501.00
494.03 502.00
494.03 503.00
494.03 504.00
494.03 505.00
494.03 506.00
494.03 507.00
495.00 507.97
495.03 508.00
495.03 509.00
495.03 510.00
495.03 511.00
495.03 512.00
495.03 513.00
496.00 513.97
496.03 514.00
496.03 515.00
496.03 516.00
496.03 517.00
497.00 517.97
497.03 518.00
498.00 518.97
498.03 519.00
498.03 520.00
499.00 520.97
499.03 521.00
500.00 521.97
500.03 522.00
501.00 522.97
502.00 522.97
502.03 523.00
503.00 523.97
503.03 524.00
504.00 524.97
505.00 524.97
505.03 525.00
506.00 525.97
507.00 525.97
507.03 526.00
508.00 526.97
509.00 526.97
509.03 527.00
510.00 527.97
511.00 527.97
512.00 527.97
513.00 527.97
513.03 528.00
514.00 528.97
515.00 528.97
516.00 528.97
517.00 528.97
517.03 529.00
518.00 529.97
519.00 529.97
520.00 529.97
521.00 529.97
522.00 529.97
523.00 529.97
524.00 529.97
525.00 529.97
526.00 529.97
527.00 529.97
528.00 529.97
529.00 529.97
529.97 529.00
530.00 528.97
531.00 528.97
531.97 528.00
532.00 527.97
533.00 527.97
533.97 527.00
534.00 526.97
535.00 526.97
535.97 526.00
536.00 525.97
536.97 525.00
537.00 524.97
538.00 524.97
538.97 524.00
539.00 523.97
540.00 523.97
540.97 523.00
541.00 522.97
542.00 522.97
542.97 522.00
543.00 521.97
543.97 521.00
544.00 520.97
545.00 520.97
545.97 520.00
546.00 519.97
546.97 519.00
547.00 518.97
547.97 518.00
548.00 517.97
548.97 517.00
549.00 516.97
549.97 516.00
550.00 515.97
550.97 515.00
551.00 514.97
551.97 514.00
551.97 513.00
552.00 512.97
552.97 512.00
553.00 511.97
553.97 511.00
553.97 510.00
554.00 509.97
554.97 509.00
554.97 508.00
555.00 507.97
555.97 507.00
555.97 506.00
555.97 505.00
556.00 504.97
556.97 504.00
556.97 503.00
556.97 502.00
556.97 501.00
557.00 500.97
557.97 500.00

Contour 15:
590.97 686.00
590.97 685.00
590.97 684.00
590.97 683.00
590.97 682.00
590.97 681.00
590.97 680.00
590.97 679.00
590.97 678.00
590.97 677.00
590.97 676.00
590.00 675.03
589.97 675.00
589.97 674.00
589.97 673.00
589.97 672.00
589.97 671.00
589.00 670.03
588.97 670.00
588.97 669.00
588.97 668.00
588.00 667.03
587.97 667.00
587.97 666.00
587.00 665.03
586.97 665.00
586.97 664.00
586.00 663.03
585.97 663.00
585.00 662.03
584.97 662.00
584.00 661.03
583.97 661.00
583.97 660.00
583.00 659.03
582.97 659.00
582.00 658.03
581.97 658.00
581.00 657.03
580.97 657.00
580.00 656.03
579.00 656.03
578.97 656.00
578.00 655.03
577.97 655.00
577.00 654.03
576.97 654.00
576.00 653.03
575.00 653.03
574.97 653.00
574.00 652.03
573.97 652.00
573.00 651.03
572.00 651.03
571.97 651.00
571.00 650.03
570.00 650.03
569.00 650.03
568.97 650.00
568.00 649.03
567.00 649.03
566.00 649.03
565.00 649.03
564.00 649.03
563.00 649.03
562.00 649.03
561.00 649.03
560.00 649.03
559.00 649.03
558.00 649.03
557.00 649.03
556.00 649.03
555.00 649.03
554.03 650.00
554.00 650.03
553.00 650.03
552.03 651.00
552.00 651.03
551.00 651.03
550.00 651.03
549.03 652.00
549.00 652.03
548.00 652.03
547.03 653.00
547.00 653.03
546.00 653.03
545.03 654.00
545.00 654.03
544.00 654.03
543.03 655.00
543.00 655.03
542.00 655.03
541.03 656.00
541.00 656.03
540.03 657.00
540.00 657.03
539.00 657.03
538.03 658.00
538.00 658.03
537.03 659.00
537.00 659.03
536.03 660.00
536.00 660.03
535.03 661.00
535.00 661.03
534.03 662.00
534.00 662.03
533.03 663.00
533.03 664.00
533.00 664.03
532.03 665.00
532.03 666.00
532.00 666.03
531.03 667.00
531.03 668.00
531.00 668.03
530.03 669.00
530.03 670.00
530.03 671.00
530.00 671.03
529.03 672.00
529.03 673.00
529.03 674.00
529.00 674.03
528.03 675.00
528.03 676.00
528.03 677.00
528.03 678.00
528.03 679.00
528.03 680.00
528.03 681.00
528.03 682.00
528.03 683.00
528.03 684.00
528.03 685.00
528.03 686.00
529.00 686.97
529.03 687.00
529.03 688.00
529.03 689.00
529.03 690.00
530.00 690.97
530.03 691.00
530.03 692.00
530.03 693.00
531.00 693.97
531.03 694.00
531.03 695.00
532.00 695.97
532.03 696.00
532.03 697.00
533.00 697.97
533.03 698.00
533.03 699.00
534.00 699.97
534.03 700.00
534.03 701.00
535.00 701.97
535.03 702.00
536.00 702.97
536.03 703.00
537.00 703.97
537.03 704.00
538.00 704.97
538.03 705.00
539.00 705.97
539.03 706.00
540.00 706.97
540.03 707.00
541.00 707.97
542.00 707.97
542.03 708.00
543.00 708.97
544.00 708.97
544.03 709.00
545.00 709.97
546.00 709.97
546.03 710.00
547.00 710.97
548.00 710.97
548.03 711.00
549.00 711.97
550.00 711.97
551.00 711.97
552.00 711.97
553.00 711.97
553.03 712.00
554.00 712.97
555.00 712.97
556.00 712.97
557.00 712.97
558.00 712.97
559.00 712.97
560.00 712.97
561.00 712.97
562.00 712.97
563.00 712.97
564.00 712.97
565.00 712.97
566.00 712.97
567.00 712.97
567.97 712.00
568.00 711.97
569.00 711.97
570.00 711.97
570.97 711.00
571.00 710.97
572.00 710.97
572.97 710.00
573.00 709.97
573.97 709.00
574.00 708.97
575.00 708.97
575.97 708.00
576.00 707.97
576.97 707.00
577.00 706.97
577.97 706.00
578.00 705.97
578.97 705.00
579.00 704.97
579.97 704.00
580.00 703.97
580.97 703.00
581.00 702.97
581.97 702.00
582.00 701.97
582.97 701.00
582.97 700.00
583.00 699.97
583.97 699.00
584.00 698.97
584.97 698.00
584.97 697.00
585.00 696.97
585.97 696.00
586.00 695.97
586.97 695.00
586.97 694.00
587.00 693.97
587.97 693.00
587.97 692.00
588.00 691.97
588.97 691.00
588.97 690.00
589.00 689.97
589.97 689.00
589.97 688.00
589.97 687.00
590.00 686.97
590.97 686.00

Contour 16:
671.97 547.00
671.97 546.00
671.97 545.00
671.97 544.00
671.00 543.03
670.97 543.00
670.97 542.00
670.97 541.00
670.97 540.00
670.00 539.03
669.97 539.00
669.97 538.00
669.97 537.00
669.00 536.03
668.97 536.00
668.97 535.00
668.00 534.03
667.97 534.00
667.97 533.00
667.00 532.03
666.97 532.00
666.97 531.00
666.00 530.03
665.97 530.00
665.00 529.03
664.97 529.00
664.97 528.00
664.00 527.03
663.97 527.00
663.00 526.03
662.97 526.00
662.00 525.03
661.97 525.00
661.00 524.03
660.97 524.00
660.97 523.00
660.00 522.03
659.97 522.00
659.00 521.03
658.97 521.00
658.00 520.03
657.97 520.00
657.00 519.03
656.97 519.00
656.00 518.03
655.97 518.00
655.00 517.03
654.00 517.03
653.97 517.00
653.00 516.03
652.97 516.00
652.00 515.03
651.00 515.03
650.97 515.00
650.00 514.03
649.00 514.03
648.97 514.00
648.00 513.03
647.00 513.03
646.97 513.00
646.00 512.03
645.00 512.03
644.00 512.03
643.97 512.00
643.00 511.03
642.00 511.03
641.00 511.03
640.00 511.03
639.97 511.00
639.00 510.03
638.00 510.03
637.00 510.03
636.00 510.03
635.00 510.03
634.00 510.03
633.00 510.03
632.00 510.03
631.03 511.00
631.00 511.03
630.00 511.03
629.00 511.03
628.00 511.03
627.00 511.03
626.00 511.03
625.00 511.03
624.03 512.00
624.00 512.03
623.00 512.03
622.00 512.03
621.00 512.03
620.03 513.00
620.00 513.03
619.00 513.03
618.03 514.00
618.00 514.03
617.00 514.03
616.00 514.03
615.03 515.00
615.00 515.03
614.00 515.03
613.03 516.00
613.00 516.03
612.03 517.00
612.00 517.03
611.00 517.03
610.03 518.00
610.00 518.03
609.03 519.00
609.00 519.03
608.00 519.03
607.03 520.00
607.00 520.03
606.03 521.00
606.00 521.03
605.03 522.00
605.00 522.03
604.03 523.00
604.00 523.03
603.03 524.00
603.00 524.03
602.03 525.00
602.03 526.00
602.00 526.03
601.03 527.00
601.03 528.00
601.03 529.00
601.00 529.03
600.03 530.00
600.03 531.00
600.03 532.00
600.03 533.00
600.00 533.03
599.03 534.00
599.03 535.00
599.03 536.00
599.03 537.00
599.03 538.00
599.03 539.00
600.00 539.97
600.03 540.00
600.03 541.00
600.03 542.00
600.03 543.00
600.03 544.00
601.00 544.97
601.03 545.00
601.03 546.00
601.03 547.00
601.03 548.00
602.00 548.97
602.03 549.00
602.03 550.00
602.03 551.00
603.00 551.97
603.03 552.00
603.03 553.00
604.00 553.97
604.03 554.00
604.03 555.00
604.03 556.00
605.00 556.97
605.03 557.00
605.03 558.00
606.00 558.97
606.03 559.00
606.03 560.00
607.00 560.97
607.03 561.00
607.03 562.00
608.00 562.97
608.03 563.00
609.00 563.97
609.03 564.00
609.03 565.00
610.00 565.97
610.03 566.00
610.03 567.00
611.00 567.97
611.03 568.00
612.00 568.97
612.03 569.00
613.00 569.97
613.03 570.00
614.00 570.97
614.03 571.00
614.03 572.00
615.00 572.97
615.03 573.00
616.00 573.97
617.00 573.97
617.03 574.00
618.00 574.97
618.03 575.00
619.00 575.97
620.00 575.97
620.03 576.00
621.00 576.97
622.00 576.97
622.03 577.00
623.00 577.97
624.00 577.97
625.00 577.97
625.03 578.00
626.00 578.97
627.00 578.97
628.00 578.97
629.00 578.97
629.03 579.00
630.00 579.97
631.00 579.97
632.00 579.97
633.00 579.97
633.03 580.00
634.00 580.97
635.00 580.97
636.00 580.97
637.00 580.97
638.00 580.97
639.00 580.97
639.03 581.00
640.00 581.97
641.00 581.97
642.00 581.97
643.00 581.97
644.00 581.97
645.00 581.97
645.97 581.00
646.00 580.97
647.00 580.97
648.00 580.97
648.97 580.00
649.00 579.97
650.00 579.97
650.97 579.00
651.00 578.97
652.00 578.97
652.97 578.00
653.00 577.97
653.97 577.00
654.00 576.97
654.97 576.00
655.00 575.97
655.97 575.00
656.00 574.97
656.97 574.00
657.00 573.97
657.97 573.00
658.00 572.97
658.97 572.00
659.00 571.97
659.97 571.00
659.97 570.00
660.00 569.97
660.97 569.00
661.00 568.97
661.97 568.00
661.97 567.00
662.00 566.97
662.97 566.00
662.97 565.00
663.00 564.97
663.97 564.00
663.97 563.00
664.00 562.97
664.97 562.00
664.97 561.00
665.00 560.97
665.97 560.00
665.97 559.00
666.00 558.97
666.97 558.00
667.00 557.97
667.97 557.00
667.97 556.00
668.00 555.97
668.97 555.00
668.97 554.00
669.00 553.97
669.97 553.00
669.97 552.00
670.00 551.97
670.97 551.00
670.97 550.00
670.97 549.00
670.97 548.00
671.00 547.97
671.97 547.00

Contour 17:
678.97 418.00
678.97 417.00
678.97 416.00
678.97 415.00
678.97 414.00
678.97 413.00
678.97 412.00
678.97 411.00
678.97 410.00
678.97 409.00
678.97 408.00
678.00 407.03
677.97 407.00
677.97 406.00
677.97 405.00
677.97 404.00
677.97 403.00
677.97 402.00
677.00 401.03
676.97 401.00
676.97 400.00
676.97 399.00
676.00 398.03
675.97 398.00
675.97 397.00
675.00 396.03
674.97 396.00
674.97 395.00
674.97 394.00
674.00 393.03
673.97 393.00
673.00 392.03
672.97 392.00
672.97 391.00
672.00 390.03
671.97 390.00
671.97 389.00
671.00 388.03
670.97 388.00
670.97 387.00
670.00 386.03
669.97 386.00
669.00 385.03
668.97 385.00
668.00 384.03
667.97 384.00
667.00 383.03
666.97 383.00
666.00 382.03
665.97 382.00
665.00 381.03
664.97 381.00
664.00 380.03
663.00 380.03
662.97 380.00
662.00 379.03
661.00 379.03
660.97 379.00
660.00 378.03
659.97 378.00
659.00 377.03
658.00 377.03
657.00 377.03
656.97 377.00
656.00 376.03
655.00 376.03
654.00 376.03
653.97 376.00
653.00 375.03
652.00 375.03
651.00 375.03
650.00 375.03
649.00 375.03
648.97 375.00
648.00 374.03
647.00 374.03
646.00 374.03
645.00 374.03
644.00 374.03
643.00 374.03
642.00 374.03
641.00 374.03
640.00 374.03
639.03 375.00
639.00 375.03
638.00 375.03
637.00 375.03
636.00 375.03
635.00 375.03
634.03 376.00
634.00 376.03
633.00 376.03
632.03 377.00
632.00 377.03
631.00 377.03
630.03 378.00
630.00 378.03
629.00 378.03
628.03 379.00
628.00 379.03
627.00 379.03
626.03 380.00
626.00 380.03
625.00 380.03
624.03 381.00
624.00 381.03
623.03 382.00
623.00 382.03
622.00 382.03
621.03 383.00
621.00 383.03
620.03 384.00
620.00 384.03
619.03 385.00
619.00 385.03
618.03 386.00
618.00 386.03
617.03 387.00
617.00 387.03
616.03 388.00
616.00 388.03
615.03 389.00
615.00 389.03
614.03 390.00
614.03 391.00
614.00 391.03
613.03 392.00
613.00 392.03
612.03 393.00
612.00 393.03
611.03 394.00
611.03 395.00
611.00 395.03
610.03 396.00
610.00 396.03
609.03 397.00
609.03 398.00
609.03 399.00
609.00 399.03
608.03 400.00
608.03 401.00
608.03 402.00
608.00 402.03
607.03 403.00
607.03 404.00
607.03 405.00
607.03 406.00
607.03 407.00
607.03 408.00
607.00 408.03
606.03 409.00
606.03 410.00
606.03 411.00
606.03 412.00
606.03 413.00
606.03 414.00
606.03 415.00
606.03 416.00
607.00 416.97
607.03 417.00
607.03 418.00
607.03 419.00
607.03 420.00
607.03 421.00
607.03 422.00
608.00 422.97
608.03 423.00
608.03 424.00
608.03 425.00
609.00 425.97
609.03 426.00
609.03 427.00
610.00 427.97
610.03 428.00
610.03 429.00
610.03 430.00
611.00 430.97
611.03 431.00
611.03 432.00
612.00 432.97
612.03 433.00
613.00 433.97
613.03 434.00
613.03 435.00
614.00 435.97
614.03 436.00
615.00 436.97
615.03 437.00
616.00 437.97
616.03 438.00
617.00 438.97
617.03 439.00
618.00 439.97
618.03 440.00
619.00 440.97
620.00 440.97
620.03 441.00
621.00 441.97
622.00 441.97
622.03 442.00
623.00 442.97
623.03 443.00
624.00 443.97
625.00 443.97
625.03 444.00
626.00 444.97
627.00 444.97
628.00 444.97
628.03 445.00
629.00 445.97
630.00 445.97
630.03 446.00
631.00 446.97
632.00 446.97
633.00 446.97
634.00 446.97
634.03 447.00
635.00 447.97
636.00 447.97
637.00 447.97
638.00 447.97
639.00 447.97
640.00 447.97
641.00 447.97
642.00 447.97
643.00 447.97
644.00 447.97
645.00 447.97
646.00 447.97
647.00 447.97
648.00 447.97
649.00 447.97
650.00 447.97
651.00 447.97
651.97 447.00
652.00 446.97
653.00 446.97
654.00 446.97
654.97 446.00
655.00 445.97
656.00 445.97
657.00 445.97
657.97 445.00
658.00 444.97
659.00 444.97
659.97 444.00
660.00 443.97
660.97 443.00
661.00 442.97
662.00 442.97
662.97 442.00
663.00 441.97
663.97 441.00
664.00 440.97
665.00 440.97
665.97 440.00
666.00 439.97
666.97 439.00
667.00 438.97
667.97 438.00
668.00 437.97
668.97 437.00
669.00 436.97
669.97 436.00
670.00 435.97
670.97 435.00
671.00 434.97
671.97 434.00
671.97 433.00
672.00 432.97
672.97 432.00
673.00 431.97
673.97 431.00
673.97 430.00
674.00 429.97
674.97 429.00
675.00 428.97
675.97 428.00
675.97 427.00
675.97 426.00
676.00 425.97
676.97 425.00
676.97 424.00
677.00 423.97
677.97 423.00
677.97 422.00
677.97 421.00
677.97 420.00
677.97 419.00
678.00 418.97
678.97 418.00

Contour 18:
685.98 105.00
685.98 104.00
685.98 103.00
685.98 102.00
685.98 101.00
685.98 100.00
685.98 99.00
685.98 98.00
685.98 97.00
685.98 96.00
685.98 95.00
685.98 94.00
685.98 93.00
685.98 92.00
685.98 91.00
685.00 90.03
684.98 90.00
684.98 89.00
684.98 88.00
684.98 87.00
684.00 86.03
683.98 86.00
683.98 85.00
683.00 84.03
682.98 84.00
682.98 83.00
682.98 82.00
682.00 81.03
681.98 81.00
681.00 80.03
680.98 80.00
680.98 79.00
680.00 78.03
679.98 78.00
679.00 77.03
678.98 77.00
678.00 76.03
677.98 76.00
677.00 75.03
676.98 75.00
676.00 74.03
675.98 74.00
675.00 73.03
674.98 73.00
674.00 72.03
673.98 72.00
673.00 71.03
672.98 71.00
672.00 70.03
671.00 70.03
670.98 70.00
670.00 69.03
669.98 69.00
669.00 68.03
668.00 68.03
667.98 68.00
667.00 67.03
666.00 67.03
665.98 67.00
665.00 66.03
664.00 66.03
663.98 66.00
663.00 65.03
662.00 65.03
661.00 65.03
660.00 65.03
659.98 65.00
659.00 64.03
658.00 64.03
657.00 64.03
656.00 64.03
655.00 64.03
654.00 64.03
653.02 65.00
653.00 65.03
652.00 65.03
651.00 65.03
650.00 65.03
649.00 65.03
648.00 65.03
647.02 66.00
647.00 66.03
646.00 66.03
645.00 66.03
644.02 67.00
644.00 67.03
643.02 68.00
643.00 68.03
642.00 68.03
641.02 69.00
641.00 69.03
640.02 70.00
640.00 70.03
639.02 71.00
639.00 71.03
638.00 71.03
637.02 72.00
637.00 72.03
636.02 73.00
636.02 74.00
636.00 74.03
635.02 75.00
635.00 75.03
634.02 76.00
634.00 76.03
633.02 77.00
633.00 77.03
632.02 78.00
632.02 79.00
632.00 79.03
631.02 80.00
631.00 80.03
630.02 81.00
630.02 82.00
630.00 82.03
629.02 83.00
629.02 84.00
629.02 85.00
629.00 85.03
628.02 86.00
628.02 87.00
628.02 88.00
628.00 88.03
627.02 89.00
627.02 90.00
627.02 91.00
627.02 92.00
627.02 93.00
627.02 94.00
627.02 95.00
627.02 96.00
627.02 97.00
627.02 98.00
627.02 99.00
628.00 99.97
628.02 100.00
628.02 101.00
628.02 102.00
628.02 103.00
629.00 103.97
629.02 104.00
629.02 105.00
629.02 106.00
630.00 106.97
630.02 107.00
630.02 108.00
630.02 109.00
631.00 109.97
631.02 110.00
631.02 111.00
632.00 111.97
632.02 112.00
632.02 113.00
633.00 113.97
633.02 114.00
634.00 114.97
634.02 115.00
634.02 116.00
635.00 116.97
635.02 117.00
636.00 117.97
636.02 118.00
636.02 119.00
637.00 119.97
637.02 120.00
638.00 120.97
638.02 121.00
639.00 121.97
639.02 122.00
640.00 122.97
640.02 123.00
641.00 123.97
641.02 124.00
642.00 124.97
642.02 125.00
643.00 125.97
643.02 126.00
644.00 126.97
644.02 127.00
645.00 127.97
645.02 128.00
646.00 128.97
647.00 128.97
647.02 129.00
648.00 129.97
648.02 130.00
649.00 130.97
650.00 130.97
650.02 131.00
651.00 131.97
652.00 131.97
653.00 131.97
653.02 132.00
654.00 132.97
655.00 132.97
656.00 132.97
657.00 132.97
658.00 132.97
659.00 132.97
660.00 132.97
661.00 132.97
662.00 132.97
662.98 132.00
663.00 131.97
664.00 131.97
665.00 131.97
665.98 131.00
666.00 130.97
667.00 130.97
667.98 130.00
668.00 129.97
669.00 129.97
669.98 129.00
670.00 128.97
671.00 128.97
671.98 128.00
672.00 127.97
672.98 127.00
673.00 126.97
673.98 126.00
674.00 125.97
674.98 125.00
675.00 124.97
675.98 124.00
676.00 123.97
676.98 123.00
676.98 122.00
677.00 121.97
677.98 121.00
678.00 120.97
678.98 120.00
679.00 119.97
679.98 119.00
679.98 118.00
680.00 117.97
680.98 117.00
680.98 116.00
681.00 115.97
681.98 115.00
682.00 114.97
682.98 114.00
682.98 113.00
683.00 112.97
683.98 112.00
683.98 111.00
683.98 110.00
684.00 109.97
684.98 109.00
684.98 108.00
684.98 107.00
684.98 106.00
685.00 105.97
685.98 105.00

Contour 19:
697.98 231.00
697.98 230.00
697.98 229.00
697.98 228.00
697.98 227.00
697.98 226.00
697.98 225.00
697.98 224.00
697.98 223.00
697.98 222.00
697.98 221.00
697.00 220.02
696.98 220.00
696.98 219.00
696.98 218.00
696.98 217.00
696.98 216.00
696.00 215.02
695.98 215.00
695.98 214.00
695.98 213.00
695.00 212.02
694.98 212.00
694.98 211.00
694.98 210.00
694.00 209.02
693.98 209.00
693.98 208.00
693.00 207.02
692.98 207.00
692.98 206.00
692.00 205.02
691.98 205.00
691.00 204.02
690.98 204.00
690.98 203.00
690.00 202.02
689.98 202.00
689.00 201.02
688.98 201.00
688.00 200.02
687.98 200.00
687.00 199.02
686.98 199.00
686.00 198.02
685.98 198.00
685.00 197.02
684.98 197.00
684.98 196.00
684.00 195.02
683.00 195.02
682.98 195.00
682.00 194.02
681.98 194.00
681.00 193.02
680.00 193.02
679.98 193.00
679.00 192.02
678.98 192.00
678.00 191.02
677.00 191.02
676.98 191.00
676.00 190.02
675.00 190.02
674.98 190.00
674.00 189.02
673.00 189.02
672.98 189.00
672.00 188.02
671.00 188.02
670.00 188.02
669.98 188.00
669.00 187.02
668.00 187.02
667.00 187.02
666.00 187.02
665.00 187.02
664.00 187.02
663.00 187.02
662.00 187.02
661.00 187.02
660.00 187.02
659.00 187.02
658.00 187.02
657.00 187.02
656.00 187.02
655.00 187.02
654.00 187.02
653.02 188.00
653.00 188.02
652.00 188.02
651.00 188.02
650.02 189.00
650.00 189.02
649.00 189.02
648.02 190.00
648.00 190.02
647.00 190.02
646.02 191.00
646.00 191.02
645.02 192.00
645.00 192.02
644.02 193.00
644.00 193.02
643.02 194.00
643.00 194.02
642.02 195.00
642.00 195.02
641.02 196.00
641.00 196.02
640.02 197.00
640.00 197.02
639.02 198.00
639.02 199.00
639.00 199.02
638.02 200.00
638.00 200.02
637.02 201.00
637.00 201.02
636.02 202.00
636.02 203.00
636.00 203.02
635.02 204.00
635.02 205.00
635.02 206.00
635.00 206.02
634.02 207.00
634.02 208.00
634.02 209.00
634.02 210.00
634.00 210.02
633.02 211.00
633.02 212.00
633.02 213.00
633.02 214.00
633.02 215.00
633.02 216.00
633.02 217.00
633.02 218.00
633.02 219.00
633.02 220.00
633.02 221.00
633.02 222.00
633.02 223.00
633.02 224.00
633.02 225.00
634.00 225.98
634.02 226.00
634.02 227.00
634.02 228.00
634.02 229.00
635.00 229.98
635.02 230.00
635.02 231.00
636.00 231.98
636.02 232.00
636.02 233.00
636.02 234.00
637.00 234.98
637.02 235.00
638.00 235.98
638.02 236.00
638.02 237.00
639.00 237.98
639.02 238.00
639.02 239.00
640.00 239.98
640.02 240.00
641.00 240.98
641.02 241.00
641.02 242.00
642.00 242.98
642.02 243.00
643.00 243.98
643.02 244.00
644.00 244.98
644.02 245.00
645.00 245.98
645.02 246.00
646.00 246.98
646.02 247.00
647.00 247.98
647.02 248.00
648.00 248.98
649.00 248.98
649.02 249.00
650.00 249.98
650.02 250.00
651.00 250.98
652.00 250.98
652.02 251.00
653.00 251.98
654.00 251.98
654.02 252.00
655.00 252.98
656.00 252.98
656.02 253.00
657.00 253.98
658.00 253.98
658.02 254.00
659.00 254.98
660.00 254.98
661.00 254.98
661.02 255.00
662.00 255.98
663.00 255.98
664.00 255.98
664.02 256.00
665.00 256.98
666.00 256.98
667.00 256.98
668.00 256.98
669.00 256.98
670.00 256.98
671.00 256.98
672.00 256.98
673.00 256.98
674.00 256.98
674.98 256.00
675.00 255.98
676.00 255.98
677.00 255.98
677.98 255.00
678.00 254.98
679.00 254.98
680.00 254.98
680.98 254.00
681.00 253.98
681.98 253.00
682.00 252.98
683.00 252.98
683.98 252.00
684.00 251.98
684.98 251.00
685.00 250.98
686.00 250.98
686.98 250.00
687.00 249.98
687.98 249.00
688.00 248.98
688.98 248.00
689.00 247.98
689.98 247.00
690.00 246.98
690.98 246.00
691.00 245.98
691.98 245.00
692.00 244.98
692.98 244.00
693.00 243.98
693.98 243.00
693.98 242.00
694.00 241.98
694.98 241.00
694.98 240.00
695.00 239.98
695.98 239.00
695.98 238.00
695.98 237.00
696.00 236.98
696.98 236.00
696.98 235.00
696.98 234.00
696.98 233.00
696.98 232.00
697.00 231.98
697.98 231.00

Contour 20:
714.98 873.00
714.98 872.00
714.98 871.00
714.98 870.00
714.98 869.00
714.98 868.00
714.98 867.00
714.98 866.00
714.98 865.00
714.98 864.00
714.98 863.00
714.00 862.02
713.98 862.00
713.98 861.00
713.98 860.00
713.98 859.00
713.00 858.02
712.98 858.00
712.98 857.00
712.98 856.00
712.98 855.00
712.00 854.02
711.98 854.00
711.98 853.00
711.98 852.00
711.98 851.00
711.00 850.02
710.98 850.00
710.98 849.00
710.98 848.00
710.00 847.02
709.98 847.00
709.98 846.00
709.00 845.02
708.98 845.00
708.98 844.00
708.00 843.02
707.98 843.00
707.98 842.00
707.00 841.02
706.98 841.00
706.00 840.02
705.98 840.00
705.98 839.00
705.00 838.02
704.98 838.00
704.00 837.02
703.98 837.00
703.00 836.02
702.98 836.00
702.00 835.02
701.98 835.00
701.00 834.02
700.98 834.00
700.00 833.02
699.00 833.02
698.98 833.00
698.00 832.02
697.98 832.00
697.00 831.02
696.00 831.02
695.98 831.00
695.00 830.02
694.00 830.02
693.98 830.00
693.00 829.02
692.98 829.00
692.00 828.02
691.00 828.02
690.00 828.02
689.98 828.00
689.00 827.02
688.00 827.02
687.98 827.00
687.00 826.02
686.00 826.02
685.00 826.02
684.00 826.02
683.98 826.00
683.00 825.02
682.00 825.02
681.00 825.02
680.00 825.02
679.00 825.02
678.00 825.02
677.00 825.02
676.00 825.02
675.00 825.02
674.00 825.02
673.00 825.02
672.00 825.02
671.02 826.00
671.00 826.02
670.00 826.02
669.00 826.02
668.02 827.00
668.00 827.02
667.00 827.02
666.02 828.00
666.00 828.02
665.00 828.02
664.02 829.00
664.00 829.02
663.00 829.02
662.02 830.00
662.00 830.02
661.02 831.00
661.00 831.02
660.00 831.02
659.02 832.00
659.00 832.02
658.02 833.00
658.00 833.02
657.02 834.00
657.00 834.02
656.00 834.02
655.02 835.00
655.00 835.02
654.02 836.00
654.00 836.02
653.02 837.00
653.00 837.02
652.02 838.00
652.00 838.02
651.02 839.00
651.02 840.00
651.00 840.02
650.02 841.00
650.00 841.02
649.02 842.00
649.02 843.00
649.00 843.02
648.02 844.00
648.02 845.00
648.00 845.02
647.02 846.00
647.02 847.00
647.02 848.00
647.02 849.00
647.00 849.02
646.02 850.00
646.02 851.00
646.02 852.00
646.02 853.00
646.02 854.00
647.00 854.98
647.02 855.00
647.02 856.00
647.02 857.00
647.02 858.00
648.00 858.98
648.02 859.00
648.02 860.00
648.02 861.00
649.00 861.98
649.02 862.00
650.00 862.98
650.02 863.00
650.02 864.00
651.00 864.98
651.02 865.00
652.00 865.98
652.02 866.00
653.00 866.98
653.02 867.00
654.00 867.98
654.02 868.00
654.02 869.00
655.00 869.98
655.02 870.00
656.00 870.98
656.02 871.00
657.00 871.98
657.02 872.00
658.00 872.98
658.02 873.00
659.00 873.98
659.02 874.00
659.02 875.00
660.00 875.98
660.02 876.00
661.00 876.98
661.02 877.00
662.00 877.98
662.02 878.00
663.00 878.98
663.02 879.00
664.00 879.98
664.02 880.00
665.00 880.98
665.02 881.00
666.00 881.98
666.02 882.00
667.00 882.98
668.00 882.98
668.02 883.00
669.00 883.98
669.02 884.00
670.00 884.98
670.02 885.00
671.00 885.98
672.00 885.98
672.02 886.00
673.00 886.98
673.02 887.00
674.00 887.98
675.00 887.98
675.02 888.00
676.00 888.98
677.00 888.98
677.02 889.00
678.00 889.98
679.00 889.98
680.00 889.98
680.02 890.00
681.00 890.98
682.00 890.98
683.00 890.98
683.02 891.00
684.00 891.98
685.00 891.98
686.00 891.98
687.00 891.98
688.00 891.98
689.00 891.98
690.00 891.98
691.00 891.98
692.00 891.98
693.00 891.98
694.00 891.98
694.98 891.00
695.00 890.98
696.00 890.98
697.00 890.98
697.98 890.00
698.00 889.98
699.00 889.98
699.98 889.00
700.00 888.98
701.00 888.98
701.98 888.00
702.00 887.98
702.98 887.00
703.00 886.98
704.00 886.98
704.98 886.00
705.00 885.98
705.98 885.00
706.00 884.98
706.98 884.00
707.00 883.98
707.98 883.00
708.00 882.98
708.98 882.00
709.00 881.98
709.98 881.00
710.00 880.98
710.98 880.00
711.00 879.98
711.98 879.00
712.00 878.98
712.98 878.00
712.98 877.00
713.00 876.98
713.98 876.00
713.98 875.00
713.98 874.00
714.00 873.98
714.98 873.00

Contour 21:
733.98 664.00
733.98 663.00
733.98 662.00
733.98 661.00
733.98 660.00
733.98 659.00
733.98 658.00
733.00 657.02
732.98 657.00
732.98 656.00
732.98 655.00
732.98 654.00
732.00 653.02
731.98 653.00
731.98 652.00
731.98 651.00
731.00 650.02
730.98 650.00
730.98 649.00
730.98 648.00
730.00 647.02
729.98 647.00
729.98 646.00
729.00 645.02
728.98 645.00
728.98 644.00
728.00 643.02
727.98 643.00
727.98 642.00
727.00 641.02
726.98 641.00
726.00 640.02
725.98 640.00
725.00 639.02
724.98 639.00
724.00 638.02
723.98 638.00
723.00 637.02
722.98 637.00
722.00 636.02
721.98 636.00
721.00 635.02
720.00 635.02
719.98 635.00
719.00 634.02
718.98 634.00
718.00 633.02
717.00 633.02
716.98 633.00
716.00 632.02
715.00 632.02
714.00 632.02
713.98 632.00
713.00 631.02
712.00 631.02
711.00 631.02
710.00 631.02
709.00 631.02
708.98 631.00
708.00 630.02
707.00 630.02
706.00 630.02
705.00 630.02
704.00 630.02
703.00 630.02
702.00 630.02
701.02 631.00
701.00 631.02
700.00 631.02
699.00 631.02
698.02 632.00
698.00 632.02
697.00 632.02
696.02 633.00
696.00 633.02
695.00 633.02
694.02 634.00
694.00 634.02
693.00 634.02
692.02 635.00
692.00 635.02
691.02 636.00
691.00 636.02
690.00 636.02
689.02 637.00
689.00 637.02
688.02 638.00
688.00 638.02
687.02 639.00
687.00 639.02
686.02 640.00
686.00 640.02
685.02 641.00
685.00 641.02
684.02 642.00
684.00 642.02
683.02 643.00
683.02 644.00
683.00 644.02
682.02 645.00
682.00 645.02
681.02 646.00
681.00 646.02
680.02 647.00
680.02 648.00
680.00 648.02
679.02 649.00
679.02 650.00
679.00 650.02
678.02 651.00
678.02 652.00
678.02 653.00
678.02 654.00
678.00 654.02
677.02 655.00
677.02 656.00
677.02 657.00
677.02 658.00
677.02 659.00
677.02 660.00
677.02 661.00
677.00 661.02
676.02 662.00
676.02 663.00
676.02 664.00
676.02 665.00
676.02 666.00
676.02 667.00
677.00 667.98
677.02 668.00
677.02 669.00
677.02 670.00
677.02 671.00
677.02 672.00
678.00 672.98
678.02 673.00
678.02 674.00
678.02 675.00
679.00 675.98
679.02 676.00
679.02 677.00
679.02 678.00
680.00 678.98
680.02 679.00
680.02 680.00
681.00 680.98
681.02 681.00
682.00 681.98
682.02 682.00
682.02 683.00
683.00 683.98
683.02 684.00
683.02 685.00
684.00 685.98
684.02 686.00
685.00 686.98
685.02 687.00
686.00 687.98
686.02 688.00
687.00 688.98
687.02 689.00
688.00 689.98
688.02 690.00
689.00 690.98
689.02 691.00
690.00 691.98
691.00 691.98
691.02 692.00
692.00 692.98
693.00 692.98
693.02 693.00
694.00 693.98
695.00 693.98
695.02 694.00
696.00 694.98
697.00 694.98
698.00 694.98
699.00 694.98
699.02 695.00
700.00 695.98
701.00 695.98
702.00 695.98
703.00 695.98
704.00 695.98
705.00 695.98
705.98 695.00
706.00 694.98
707.00 694.98
708.00 694.98
709.00 694.98
709.98 694.00
710.00 693.98
711.00 693.98
712.00 693.98
712.98 693.00
713.00 692.98
714.00 692.98
714.98 692.00
715.00 691.98
716.00 691.98
716.98 691.00
717.00 690.98
717.98 690.00
718.00 689.98
719.00 689.98
719.98 689.00
720.00 688.98
720.98 688.00
721.00 687.98
721.98 687.00
722.00 686.98
722.98 686.00
723.00 685.98
723.98 685.00
724.00 684.98
724.98 684.00
725.00 683.98
725.98 683.00
726.00 682.98
726.98 682.00
727.00 681.98
727.98 681.00
727.98 680.00
728.00 679.98
728.98 679.00
728.98 678.00
729.00 677.98
729.98 677.00
729.98 676.00
730.00 675.98
730.98 675.00
730.98 674.00
730.98 673.00
731.00 672.98
731.98 672.00
731.98 671.00
731.98 670.00
732.00 669.98
732.98 669.00
732.98 668.00
732.98 667.00
732.98 666.00
732.98 665.00
733.00 664.98
733.98 664.00

Contour 22:
763.98 436.00
763.98 435.00
763.98 434.00
763.98 433.00
763.98 432.00
763.98 431.00
763.98 430.00
763.00 429.02
762.98 429.00
762.98 428.00
762.98 427.00
762.00 426.02
761.98 426.00
761.98 425.00
761.98 424.00
761.00 423.02
760.98 423.00
760.98 422.00
760.00 421.02
759.98 421.00
759.98 420.00
759.98 419.00
759.00 418.02
758.98 418.00
758.98 417.00
758.00 416.02
757.98 416.00
757.00 415.02
756.98 415.00
756.98 414.00
756.00 413.02
755.98 413.00
755.00 412.02
754.98 412.00
754.00 411.02
753.98 411.00
753.98 410.00
753.00 409.02
752.98 409.00
752.00 408.02
751.98 408.00
751.00 407.02
750.98 407.00
750.00 406.02
749.98 406.00
749.00 405.02
748.00 405.02
747.98 405.00
747.00 404.02
746.98 404.00
746.00 403.02
745.00 403.02
744.98 403.00
744.00 402.02
743.98 402.00
743.00 401.02
742.00 401.02
741.00 401.02
740.98 401.00
740.00 400.02
739.00 400.02
738.00 400.02
737.00 400.02
736.00 400.02
735.00 400.02
734.02 401.00
734.00 401.02
733.00 401.02
732.00 401.02
731.02 402.00
731.00 402.02
730.02 403.00
730.00 403.02
729.00 403.02
728.02 404.00
728.00 404.02
727.02 405.00
727.00 405.02
726.00 405.02
725.02 406.00
725.02 407.00
725.00 407.02
724.02 408.00
724.00 408.02
723.02 409.00
723.00 409.02
722.02 410.00
722.02 411.00
722.00 411.02
721.02 412.00
721.02 413.00
721.00 413.02
720.02 414.00
720.02 415.00
720.00 415.02
719.02 416.00
719.02 417.00
719.00 417.02
718.02 418.00
718.02 419.00
718.00 419.02
717.02 420.00
717.02 421.00
717.02 422.00
717.00 422.02
716.02 423.00
716.02 424.00
716.02 425.00
716.00 425.02
715.02 426.00
715.02 427.00
715.02 428.00
715.02 429.00
715.00 429.02
714.02 430.00
714.02 431.00
714.02 432.00
714.02 433.00
714.00 433.02
713.02 434.00
713.02 435.00
713.02 436.00
713.02 437.00
713.00 437.02
712.02 438.00
712.02 439.00
712.02 440.00
712.02 441.00
712.02 442.00
712.02 443.00
712.02 444.00
712.02 445.00
712.02 446.00
712.02 447.00
712.02 448.00
712.02 449.00
712.02 450.00
712.02 451.00
712.02 452.00
712.02 453.00
712.02 454.00
712.02 455.00
712.02 456.00
712.02 457.00
713.00 457.98
713.02 458.00
713.02 459.00
713.02 460.00
713.02 461.00
714.00 461.98
714.02 462.00
714.02 463.00
714.02 464.00
715.00 464.98
715.02 465.00
715.02 466.00
716.00 466.98
716.02 467.00
716.02 468.00
717.00 468.98
717.02 469.00
718.00 469.98
718.02 470.00
719.00 470.98
720.00 470.98
720.02 471.00
721.00 471.98
722.00 471.98
722.02 472.00
723.00 472.98
724.00 472.98
725.00 472.98
726.00 472.98
727.00 472.98
728.00 472.98
729.00 472.98
730.00 472.98
731.00 472.98
732.00 472.98
732.98 472.00
733.00 471.98
734.00 471.98
734.98 471.00
735.00 470.98
736.00 470.98
736.98 470.00
737.00 469.98
738.00 469.98
738.98 469.00
739.00 468.98
739.98 468.00
740.00 467.98
741.00 467.98
741.98 467.00
742.00 466.98
742.98 466.00
743.00 465.98
743.98 465.00
744.00 464.98
744.98 464.00
745.00 463.98
745.98 463.00
746.00 462.98
746.98 462.00
747.00 461.98
747.98 461.00
747.98 460.00
748.00 459.98
748.98 459.00
749.00 458.98
749.98 458.00
750.00 457.98
750.98 457.00
751.00 456.98
751.98 456.00
752.00 455.98
752.98 455.00
753.00 454.98
753.98 454.00
754.00 453.98
754.98 453.00
755.00 452.98
755.98 452.00
756.00 451.98
756.98 451.00
757.00 450.98
757.98 450.00
758.00 449.98
758.98 449.00
758.98 448.00
759.00 447.98
759.98 447.00
760.00 446.98
760.98 446.00
760.98 445.00
760.98 444.00
761.00 443.98
761.98 443.00
761.98 442.00
761.98 441.00
762.00 440.98
762.98 440.00
762.98 439.00
762.98 438.00
762.98 437.00
763.00 436.98
763.98 436.00

Contour 23:
898.98 803.00
898.98 802.00
898.98 801.00
898.98 800.00
898.98 799.00
898.98 798.00
898.98 797.00
898.98 796.00
898.98 795.00
898.98 794.00
898.98 793.00
898.98 792.00
898.98 791.00
898.98 790.00
898.00 789.02
897.98 789.00
897.98 788.00
897.98 787.00
897.98 786.00
897.00 785.02
896.98 785.00
896.98 784.00
896.98 783.00
896.00 782.02
895.98 782.00
895.98 781.00
895.98 780.00
895.98 779.00
895.00 778.02
894.98 778.00
894.98 777.00
894.00 776.02
893.98 776.00
893.98 775.00
893.00 774.02
892.98 774.00
892.98 773.00
892.00 772.02
891.98 772.00
891.98 771.00
891.00 770.02
890.98 770.00
890.00 769.02
889.98 769.00
889.00 768.02
888.98 768.00
888.98 767.00
888.00 766.02
887.98 766.00
887.00 765.02
886.98 765.00
886.00 764.02
885.98 764.00
885.98 763.00
885.00 762.02
884.98 762.00
884.00 761.02
883.98 761.00
883.00 760.02
882.00 760.02
881.98 760.00
881.98 759.00
881.00 758.02
880.00 758.02
879.98 758.00
879.00 757.02
878.98 757.00
878.00 756.02
877.98 756.00
877.00 755.02
876.00 755.02
875.98 755.00
875.00 754.02
874.98 754.00
874.00 753.02
873.00 753.02
872.00 753.02
871.98 753.00
871.00 752.02
870.00 752.02
869.98 752.00
869.00 751.02
868.00 751.02
867.00 751.02
866.00 751.02
865.00 751.02
864.00 751.02
863.00 751.02
862.00 751.02
861.00 751.02
860.00 751.02
859.00 751.02
858.00 751.02
857.00 751.02
856.00 751.02
855.00 751.02
854.00 751.02
853.00 751.02
852.00 751.02
851.00 751.02
850.98 751.00
850.00 750.02
849.00 750.02
848.00 750.02
847.00 750.02
846.00 750.02
845.00 750.02
844.00 750.02
843.00 750.02
842.00 750.02
841.02 751.00
841.00 751.02
840.00 751.02
839.00 751.02
838.00 751.02
837.00 751.02
836.00 751.02
835.02 752.00
835.00 752.02
834.00 752.02
833.00 752.02
832.02 753.00
832.00 753.02
831.00 753.02
830.02 754.00
830.00 754.02
829.00 754.02
828.02 755.00
828.00 755.02
827.02 756.00
827.00 756.02
826.00 756.02
825.02 757.00
825.00 757.02
824.02 758.00
824.00 758.02
823.02 759.00
823.00 759.02
822.02 760.00
822.00 760.02
821.00 760.02
820.02 761.00
820.02 762.00
820.00 762.02
819.02 763.00
819.00 763.02
818.02 764.00
818.00 764.02
817.02 765.00
817.02 766.00
817.00 766.02
816.02 767.00
816.00 767.02
815.02 768.00
815.02 769.00
815.00 769.02
814.02 770.00
814.02 771.00
814.02 772.00
814.00 772.02
813.02 773.00
813.02 774.00
813.02 775.00
813.02 776.00
813.00 776.02
812.02 777.00
812.02 778.00
812.02 779.00
812.02 780.00
812.02 781.00
812.02 782.00
812.02 783.00
812.02 784.00
812.02 785.00
812.02 786.00
812.02 787.00
812.02 788.00
812.02 789.00
812.02 790.00
812.02 791.00
812.02 792.00
812.02 793.00
812.02 794.00
812.02 795.00
812.02 796.00
813.00 796.98
813.02 797.00
813.02 798.00
813.02 799.00
813.02 800.00
814.00 800.98
814.02 801.00
814.02 802.00
815.00 802.98
815.02 803.00
815.02 804.00
815.02 805.00
816.00 805.98
816.02 806.00
816.02 807.00
817.00 807.98
817.02 808.00
817.02 809.00
818.00 809.98
818.02 810.00
818.02 811.00
819.00 811.98
819.02 812.00
820.00 812.98
820.02 813.00
821.00 813.98
821.02 814.00
822.00 814.98
822.02 815.00
822.02 816.00
823.00 816.98
823.02 817.00
824.00 817.98
824.02 818.00
825.00 818.98
825.02 819.00
826.00 819.98
827.00 819.98
827.02 820.00
828.00 820.98
828.02 821.00
829.00 821.98
829.02 822.00
830.00 822.98
831.00 822.98
831.02 823.00
832.00 823.98
833.00 823.98
833.02 824.00
834.00 824.98
835.00 824.98
835.02 825.00
836.00 825.98
837.00 825.98
837.02 826.00
838.00 826.98
839.00 826.98
840.00 826.98
840.02 827.00
841.00 827.98
842.00 827.98
843.00 827.98
843.02 828.00
844.00 828.98
845.00 828.98
846.00 828.98
847.00 828.98
847.02 829.00
848.00 829.98
849.00 829.98
850.00 829.98
851.00 829.98
852.00 829.98
853.00 829.98
854.00 829.98
855.00 829.98
856.00 829.98
857.00 829.98
858.00 829.98
859.00 829.98
860.00 829.98
861.00 829.98
862.00 829.98
863.00 829.98
864.00 829.98
865.00 829.98
866.00 829.98
867.00 829.98
868.00 829.98
869.00 829.98
870.00 829.98
870.98 829.00
871.00 828.98
872.00 828.98
873.00 828.98
874.00 828.98
875.00 828.98
875.98 828.00
876.00 827.98
877.00 827.98
878.00 827.98
879.00 827.98
879.98 827.00
880.00 826.98
880.98 826.00
881.00 825.98
882.00 825.98
882.98 825.00
883.00 824.98
883.98 824.00
884.00 823.98
885.00 823.98
885.98 823.00
886.00 822.98
886.98 822.00
887.00 821.98
887.98 821.00
888.00 820.98
888.98 820.00
889.00 819.98
889.98 819.00
890.00 818.98
890.98 818.00
891.00 817.98
891.98 817.00
891.98 816.00
892.00 815.98
892.98 815.00
893.00 814.98
893.98 814.00
893.98 813.00
894.00 812.98
894.98 812.00
895.00 811.98
895.98 811.00
895.98 810.00
896.00 809.98
896.98 809.00
896.98 808.00
896.98 807.00
897.00 806.98
897.98 806.00
897.98 805.00
897.98 804.00
898.00 803.98
898.98 803.00

