Contour 0:
152.50 447.00
152.50 446.00
152.50 445.00
152.50 444.00
152.50 443.00
152.50 442.00
152.50 441.00
152.50 440.00
152.50 439.00
152.50 438.00
152.50 437.00
152.50 436.00
152.00 435.50
151.50 435.00
151.50 434.00
151.50 433.00
151.50 432.00
151.00 431.50
150.50 431.00
150.50 430.00
150.50 429.00
150.50 428.00
150.50 427.00
150.00 426.50
149.50 426.00
149.50 425.00
149.00 424.50
148.50 424.00
148.50 423.00
148.50 422.00
148.50 421.00
148.00 420.50
147.50 420.00
147.50 419.00
147.50 418.00
147.50 417.00
147.00 416.50
146.50 416.00
146.50 415.00
146.50 414.00
146.50 413.00
146.00 412.50
145.50 412.00
145.50 411.00
145.50 410.00
145.00 409.50
144.50 409.00
144.50 408.00
144.50 407.00
144.00 406.50
143.50 406.00
143.50 405.00
143.50 404.00
143.50 403.00
143.50 402.00
143.00 401.50
142.50 401.00
142.50 400.00
142.50 399.00
142.50 398.00
142.50 397.00
142.00 396.50
141.50 396.00
141.50 395.00
141.00 394.50
140.50 394.00
140.50 393.00
140.00 392.50
139.50 392.00
139.00 391.50
138.50 391.00
138.00 390.50
137.50 390.00
137.00 389.50
136.50 389.00
136.00 388.50
135.00 388.50
134.50 388.00
134.00 387.50
133.50 387.00
133.00 386.50
132.00 386.50
131.50 386.00
131.00 385.50
130.00 385.50
129.50 385.00
129.00 384.50
128.00 384.50
127.50 384.00
127.00 383.50
126.00 383.50
125.50 383.00
125.00 382.50
124.50 382.00
124.83 381.00
124.83 380.00
124.83 379.00
125.00 378.83
125.83 378.00
126.00 377.83
126.83 377.00
126.83 376.00
127.00 375.83
127.83 375.00
127.83 374.00
128.00 373.83
128.83 373.00
128.83 372.00
128.83 371.00
129.00 370.83
129.83 370.00
129.83 369.00
129.83 368.00
129.83 367.00
129.83 366.00
129.83 365.00
129.83 364.00
129.83 363.00
129.83 362.00
129.00 361.17
128.83 361.00
128.83 360.00
128.83 359.00
128.83 358.00
128.00 357.17
127.83 357.00
127.83 356.00
127.83 355.00
127.83 354.00
127.00 353.17
126.83 353.00
126.83 352.00
126.83 351.00
126.00 350.17
125.83 350.00
125.00 349.17
124.83 349.00
124.83 348.00
124.00 347.17
123.83 347.00
123.00 346.17
122.83 346.00
122.00 345.17
121.83 345.00
121.00 344.17
120.83 344.00
120.00 343.17
119.83 343.00
119.00 342.17
118.83 342.00
118.00 341.17
117.83 341.00
117.00 340.17
116.00 340.17
115.83 340.00
115.00 339.17
114.83 339.00
114.00 338.17
113.00 338.17
112.83 338.00
112.00 337.17
111.00 337.17
110.83 337.00
110.00 336.17
109.00 336.17
108.00 336.17
107.83 336.00
107.00 335.17
106.00 335.17
105.00 335.17
104.00 335.17
103.00 335.17
102.00 335.17
101.00 335.17
100.00 335.17
99.00 335.17
98.00 335.17
97.17 336.00
97.00 336.17
96.00 336.17
95.00 336.17
94.00 336.17
93.17 337.00
93.00 337.17
92.00 337.17
91.17 338.00
91.00 338.17
90.17 339.00
90.00 339.17
89.17 340.00
89.00 340.17
88.17 341.00
88.17 342.00
88.00 342.17
87.17 343.00
87.17 344.00
87.00 344.17
86.17 345.00
86.17 346.00
86.00 346.17
85.17 347.00
85.17 348.00
85.17 349.00
85.17 350.00
85.17 351.00
85.00 351.17
84.17 352.00
84.17 353.00
84.17 354.00
84.17 355.00
84.17 356.00
85.00 356.83
85.17 357.00
85.17 358.00
85.17 359.00
85.17 360.00
86.00 360.83
86.17 361.00
86.17 362.00
87.00 362.83
87.17 363.00
87.17 364.00
88.00 364.83
88.17 365.00
88.17 366.00
88.17 367.00
88.17 368.00
88.17 369.00
88.00 369.50
87.50 370.00
87.00 370.50
86.00 370.50
85.00 370.50
84.50 371.00
84.00 371.50
83.00 371.50
82.00 371.50
81.00 371.50
80.00 371.50
79.50 372.00
79.00 372.50
78.00 372.50
77.50 373.00
77.00 373.50
76.00 373.50
75.50 374.00
75.00 374.50
74.00 374.50
73.50 375.00
73.00 375.50
72.50 376.00
72.00 376.50
71.50 377.00
71.50 378.00
71.00 378.50
70.50 379.00
70.00 379.50
69.50 380.00
69.50 381.00
69.00 381.50
68.50 382.00
68.00 382.50
67.50 383.00
67.50 384.00
67.50 385.00
67.50 386.00
67.00 386.50
66.50 387.00
66.50 388.00
66.50 389.00
66.50 390.00
66.50 391.00
66.50 392.00
66.50 393.00
66.50 394.00
66.50 395.00
66.50 396.00
66.50 397.00
66.50 398.00
66.50 399.00
67.00 399.50
67.50 400.00
67.50 401.00
67.50 402.00
67.50 403.00
67.50 404.00
67.50 405.00
67.50 406.00
67.50 407.00
67.50 408.00
68.00 408.50
68.50 409.00
68.50 410.00
68.50 411.00
68.00 411.50
67.50 412.00
67.50 413.00
67.50 414.00
67.50 415.00
67.50 416.00
67.50 417.00
67.50 418.00
67.50 419.00
67.00 419.50
66.50 420.00
66.50 421.00
66.50 422.00
66.50 423.00
66.50 424.00
66.50 425.00
66.50 426.00
66.50 427.00
66.50 428.00
67.00 428.50
67.50 429.00
67.50 430.00
67.50 431.00
68.00 431.50
68.50 432.00
68.50 433.00
68.50 434.00
69.00 434.50
69.50 435.00
70.00 435.50
70.50 436.00
70.50 437.00
71.00 437.50
71.50 438.00
72.00 438.50
72.50 439.00
72.50 440.00
73.00 440.50
73.50 441.00
74.00 441.50
74.50 442.00
75.00 442.50
75.50 443.00
76.00 443.50
76.50 444.00
76.50 445.00
77.00 445.50
77.50 446.00
78.00 446.50
78.50 447.00
79.00 447.50
79.50 448.00
80.00 448.50
80.50 449.00
80.50 450.00
81.00 450.50
81.50 451.00
82.00 451.50
82.50 452.00
83.00 452.50
83.50 453.00
84.00 453.50
84.50 454.00
85.00 454.50
85.50 455.00
86.00 455.50
86.50 456.00
87.00 456.50
87.50 457.00
87.50 458.00
88.00 458.50
88.50 459.00
89.00 459.50
89.50 460.00
90.00 460.50
90.50 461.00
91.00 461.50
91.50 462.00
92.00 462.50
92.50 463.00
93.00 463.50
93.50 464.00
94.00 464.50
94.50 465.00
95.00 465.50
95.50 466.00
96.00 466.50
96.50 467.00
97.00 467.50
97.50 468.00
98.00 468.50
99.00 468.50
99.50 469.00
100.00 469.50
101.00 469.50
101.50 470.00
102.00 470.50
103.00 470.50
103.50 471.00
104.00 471.50
105.00 471.50
106.00 471.50
107.00 471.50
107.50 472.00
108.00 472.50
109.00 472.50
110.00 472.50
111.00 472.50
112.00 472.50
113.00 472.50
113.50 473.00
114.00 473.50
115.00 473.50
116.00 473.50
117.00 473.50
118.00 473.50
119.00 473.50
120.00 473.50
121.00 473.50
122.00 473.50
122.50 473.00
123.00 472.50
124.00 472.50
125.00 472.50
126.00 472.50
126.50 472.00
127.00 471.50
128.00 471.50
128.50 471.00
129.00 470.50
130.00 470.50
130.50 470.00
131.00 469.50
132.00 469.50
132.50 469.00
133.00 468.50
133.50 468.00
134.00 467.50
135.00 467.50
135.50 467.00
136.00 466.50
137.00 466.50
137.50 466.00
138.00 465.50
138.50 465.00
139.00 464.50
140.00 464.50
140.50 464.00
141.00 463.50
142.00 463.50
142.50 463.00
143.00 462.50
143.50 462.00
144.00 461.50
144.50 461.00
145.00 460.50
145.50 460.00
146.00 459.50
146.50 459.00
147.00 458.50
147.50 458.00
148.00 457.50
148.50 457.00
149.00 456.50
149.50 456.00
149.50 455.00
149.50 454.00
150.00 453.50
150.50 453.00
150.50 452.00
150.50 451.00
151.00 450.50
151.50 450.00
151.50 449.00
151.50 448.00
152.00 447.50
152.50 447.00

Contour 1:
131.75 94.00
131.75 93.00
131.75 92.00
131.75 91.00
131.75 90.00
131.75 89.00
131.75 88.00
131.75 87.00
131.75 86.00
131.00 85.25
130.75 85.00
130.75 84.00
130.75 83.00
130.00 82.25
129.75 82.00
129.75 81.00
129.75 80.00
129.00 79.25
128.75 79.00
128.75 78.00
128.00 77.25
127.75 77.00
127.75 76.00
127.00 75.25
126.75 75.00
126.75 74.00
126.00 73.25
125.75 73.00
125.00 72.25
124.75 72.00
124.00 71.25
123.75 71.00
123.00 70.25
122.75 70.00
122.00 69.25
121.75 69.00
121.00 68.25
120.75 68.00
120.75 67.00
120.00 66.25
119.00 66.25
118.75 66.00
118.00 65.25
117.75 65.00
117.00 64.25
116.00 64.25
115.00 64.25
114.75 64.00
114.00 63.25
113.00 63.25
112.00 63.25
111.00 63.25
110.00 63.25
109.75 63.00
109.00 62.25
108.00 62.25
107.00 62.25
106.00 62.25
105.00 62.25
104.00 62.25
103.00 62.25
102.00 62.25
101.00 62.25
100.00 62.25
99.00 62.25
98.00 62.25
97.00 62.25
96.25 63.00
96.00 63.25
95.00 63.25
94.25 64.00
94.00 64.25
93.00 64.25
92.25 65.00
92.00 65.25
91.00 65.25
90.25 66.00
90.00 66.25
89.25 67.00
89.00 67.25
88.25 68.00
88.00 68.25
87.25 69.00
87.00 69.25
86.25 70.00
86.00 70.25
85.25 71.00
85.00 71.25
84.25 72.00
84.25 73.00
84.00 73.25
83.25 74.00
83.25 75.00
83.00 75.25
82.25 76.00
82.25 77.00
82.00 77.25
81.25 78.00
81.25 79.00
81.25 80.00
81.25 81.00
81.25 82.00
81.25 83.00
81.25 84.00
81.25 85.00
81.00 85.25
80.25 86.00
81.00 86.75
81.25 87.00
81.25 88.00
81.25 89.00
81.25 90.00
81.25 91.00
81.25 92.00
81.25 93.00
81.25 94.00
82.00 94.75
82.25 95.00
82.25 96.00
82.25 97.00
83.00 97.75
83.25 98.00
83.25 99.00
83.25 100.00
84.00 100.75
84.25 101.00
84.25 102.00
85.00 102.75
85.25 103.00
85.25 104.00
86.00 104.75
86.25 105.00
86.25 106.00
86.25 107.00
87.00 107.75
87.25 108.00
87.25 109.00
88.00 109.75
88.25 110.00
88.25 111.00
89.00 111.75
89.25 112.00
89.25 113.00
90.00 113.75
90.25 114.00
91.00 114.75
91.25 115.00
92.00 115.75
92.25 116.00
93.00 116.75
93.25 117.00
94.00 117.75
94.25 118.00
95.00 118.75
95.25 119.00
96.00 119.75
96.25 120.00
97.00 120.75
98.00 120.75
98.25 121.00
99.00 121.75
100.00 121.75
100.25 122.00
101.00 122.75
102.00 122.75
103.00 122.75
104.00 122.75
105.00 122.75
105.75 122.00
106.00 121.75
107.00 121.75
108.00 121.75
109.00 121.75
109.75 121.00
110.00 120.75
111.00 120.75
111.75 120.00
112.00 119.75
113.00 119.75
114.00 119.75
114.75 119.00
115.00 118.75
115.75 118.00
116.00 117.75
117.00 117.75
117.75 117.00
118.00 116.75
118.75 116.00
119.00 115.75
120.00 115.75
120.75 115.00
121.00 114.75
121.75 114.00
122.00 113.75
122.75 113.00
123.00 112.75
123.75 112.00
124.00 111.75
124.75 111.00
124.75 110.00
125.00 109.75
125.75 109.00
125.75 108.00
126.00 107.75
126.75 107.00
127.00 106.75
127.75 106.00
127.75 105.00
127.75 104.00
128.00 103.75
128.75 103.00
128.75 102.00
129.00 101.75
129.75 101.00
129.75 100.00
130.00 99.75
130.75 99.00
130.75 98.00
130.75 97.00
130.75 96.00
130.75 95.00
131.00 94.75
131.75 94.00

Contour 2:
219.88 425.00
219.88 424.00
219.88 423.00
219.88 422.00
219.88 421.00
219.00 420.12
218.88 420.00
218.88 419.00
218.88 418.00
218.88 417.00
218.88 416.00
218.88 415.00
218.00 414.12
217.88 414.00
217.88 413.00
217.88 412.00
217.88 411.00
217.00 410.12
216.88 410.00
216.88 409.00
216.00 408.12
215.88 408.00
215.88 407.00
215.00 406.12
214.88 406.00
214.88 405.00
214.00 404.12
213.88 404.00
213.88 403.00
213.00 402.12
212.88 402.00
212.00 401.12
211.88 401.00
211.00 400.12
210.88 400.00
210.88 399.00
210.00 398.12
209.88 398.00
209.00 397.12
208.88 397.00
208.00 396.12
207.00 396.12
206.88 396.00
206.00 395.12
205.88 395.00
205.00 394.12
204.00 394.12
203.88 394.00
203.00 393.12
202.88 393.00
202.00 392.12
201.00 392.12
200.88 392.00
200.00 391.12
199.00 391.12
198.00 391.12
197.88 391.00
197.00 390.12
196.00 390.12
195.00 390.12
194.00 390.12
193.88 390.00
193.00 389.12
192.00 389.12
191.00 389.12
190.00 389.12
189.00 389.12
188.00 389.12
187.00 389.12
186.00 389.12
185.00 389.12
184.12 390.00
184.00 390.12
183.00 390.12
182.00 390.12
181.00 390.12
180.12 391.00
180.00 391.12
179.00 391.12
178.00 391.12
177.12 392.00
177.00 392.12
176.00 392.12
175.12 393.00
175.00 393.12
174.00 393.12
173.12 394.00
173.00 394.12
172.12 395.00
172.00 395.12
171.12 396.00
171.00 396.12
170.00 396.12
169.12 397.00
169.12 398.00
169.00 398.12
168.12 399.00
168.00 399.12
167.12 400.00
167.00 400.12
166.12 401.00
166.00 401.12
165.12 402.00
165.12 403.00
165.00 403.12
164.12 404.00
164.12 405.00
164.00 405.12
163.12 406.00
163.12 407.00
163.00 407.12
162.12 408.00
162.12 409.00
162.00 409.12
161.12 410.00
161.12 411.00
161.00 411.12
160.12 412.00
160.12 413.00
160.12 414.00
160.00 414.12
159.12 415.00
159.12 416.00
159.12 417.00
159.12 418.00
159.12 419.00
159.12 420.00
159.12 421.00
159.12 422.00
159.12 423.00
159.12 424.00
160.00 424.88
160.12 425.00
160.12 426.00
160.12 427.00
160.12 428.00
161.00 428.88
161.12 429.00
161.12 430.00
161.12 431.00
162.00 431.88
162.12 432.00
162.12 433.00
163.00 433.88
163.12 434.00
164.00 434.88
164.12 435.00
164.12 436.00
165.00 436.88
165.12 437.00
165.12 438.00
166.00 438.88
166.12 439.00
167.00 439.88
167.12 440.00
168.00 440.88
168.12 441.00
169.00 441.88
169.12 442.00
170.00 442.88
170.12 443.00
171.00 443.88
171.12 444.00
172.00 444.88
172.12 445.00
173.00 445.88
174.00 445.88
174.12 446.00
175.00 446.88
175.12 447.00
176.00 447.88
177.00 447.88
177.12 448.00
178.00 448.88
178.12 449.00
179.00 449.88
180.00 449.88
181.00 449.88
181.12 450.00
182.00 450.88
183.00 450.88
183.12 451.00
184.00 451.88
185.00 451.88
185.12 452.00
186.00 452.88
187.00 452.88
188.00 452.88
188.12 453.00
189.00 453.88
190.00 453.88
191.00 453.88
192.00 453.88
193.00 453.88
194.00 453.88
195.00 453.88
196.00 453.88
197.00 453.88
198.00 453.88
198.88 453.00
199.00 452.88
200.00 452.88
201.00 452.88
201.88 452.00
202.00 451.88
203.00 451.88
203.88 451.00
204.00 450.88
205.00 450.88
205.88 450.00
206.00 449.88
206.88 449.00
207.00 448.88
207.88 448.00
208.00 447.88
208.88 447.00
209.00 446.88
209.88 446.00
210.00 445.88
210.88 445.00
211.00 444.88
211.88 444.00
212.00 443.88
212.88 443.00
213.00 442.88
213.88 442.00
214.00 441.88
214.88 441.00
214.88 440.00
215.00 439.88
215.88 439.00
215.88 438.00
216.00 437.88
216.88 437.00
216.88 436.00
216.88 435.00
217.00 434.88
217.88 434.00
217.88 433.00
218.00 432.88
218.88 432.00
218.88 431.00
218.88 430.00
218.88 429.00
218.88 428.00
218.88 427.00
218.88 426.00
219.00 425.88
219.88 425.00

Contour 3:
295.90 852.00
295.90 851.00
295.90 850.00
295.90 849.00
295.90 848.00
295.90 847.00
295.90 846.00
295.00 845.10
294.90 845.00
294.90 844.00
294.90 843.00
294.00 842.10
293.90 842.00
293.90 841.00
293.00 840.10
292.90 840.00
292.90 839.00
292.00 838.10
291.90 838.00
291.90 837.00
291.00 836.10
290.90 836.00
290.90 835.00
290.00 834.10
289.90 834.00
289.90 833.00
289.90 832.00
289.00 831.10
288.90 831.00
288.90 830.00
288.00 829.10
287.90 829.00
287.90 828.00
287.00 827.10
286.90 827.00
286.90 826.00
286.00 825.10
285.90 825.00
285.00 824.10
284.90 824.00
284.90 823.00
284.00 822.10
283.90 822.00
283.90 821.00
283.00 820.10
282.90 820.00
282.90 819.00
282.00 818.10
281.90 818.00
281.00 817.10
280.90 817.00
280.90 816.00
280.00 815.10
279.90 815.00
279.00 814.10
278.90 814.00
278.00 813.10
277.90 813.00
277.00 812.10
276.90 812.00
276.00 811.10
275.90 811.00
275.00 810.10
274.90 810.00
274.00 809.10
273.00 809.10
272.90 809.00
272.00 808.10
271.90 808.00
271.00 807.10
270.90 807.00
270.00 806.10
269.00 806.10
268.90 806.00
268.00 805.10
267.90 805.00
267.00 804.10
266.00 804.10
265.90 804.00
265.00 803.10
264.00 803.10
263.00 803.10
262.90 803.00
262.00 802.10
261.90 802.00
261.00 801.10
260.00 801.10
259.90 801.00
259.00 800.10
258.90 800.00
258.00 799.10
257.00 799.10
256.90 799.00
256.00 798.10
255.00 798.10
254.90 798.00
254.00 797.10
253.00 797.10
252.00 797.10
251.90 797.00
251.00 796.10
250.00 796.10
249.90 796.00
249.00 795.10
248.00 795.10
247.00 795.10
246.90 795.00
246.00 794.10
245.00 794.10
244.00 794.10
243.00 794.10
242.00 794.10
241.90 794.00
241.00 793.10
240.00 793.10
239.00 793.10
238.00 793.10
237.00 793.10
236.00 793.10
235.00 793.10
234.00 793.10
233.00 793.10
232.10 794.00
232.00 794.10
231.00 794.10
230.00 794.10
229.00 794.10
228.00 794.10
227.10 795.00
227.00 795.10
226.00 795.10
225.00 795.10
224.10 796.00
224.00 796.10
223.00 796.10
222.00 796.10
221.10 797.00
221.00 797.10
220.00 797.10
219.10 798.00
219.00 798.10
218.00 798.10
217.10 799.00
217.00 799.10
216.10 800.00
216.00 800.10
215.00 800.10
214.10 801.00
214.00 801.10
213.10 802.00
213.00 802.10
212.10 803.00
212.00 803.10
211.00 803.10
210.10 804.00
210.00 804.10
209.10 805.00
209.00 805.10
208.00 805.10
207.10 806.00
207.00 806.10
206.10 807.00
206.00 807.10
205.10 808.00
205.00 808.10
204.10 809.00
204.00 809.10
203.10 810.00
203.10 811.00
203.00 811.10
202.10 812.00
202.10 813.00
202.00 813.10
201.10 814.00
201.10 815.00
201.10 816.00
201.00 816.10
200.10 817.00
200.10 818.00
200.10 819.00
200.10 820.00
200.10 821.00
200.10 822.00
200.00 822.10
199.10 823.00
199.10 824.00
199.10 825.00
199.10 826.00
199.10 827.00
200.00 827.90
200.10 828.00
200.10 829.00
200.10 830.00
200.10 831.00
200.10 832.00
200.10 833.00
201.00 833.90
201.10 834.00
201.10 835.00
201.10 836.00
202.00 836.90
202.10 837.00
202.10 838.00
203.00 838.90
203.10 839.00
203.10 840.00
203.10 841.00
204.00 841.90
204.10 842.00
204.10 843.00
205.00 843.90
205.10 844.00
205.10 845.00
206.00 845.90
206.10 846.00
206.10 847.00
206.10 848.00
207.00 848.90
207.10 849.00
207.10 850.00
208.00 850.90
208.10 851.00
208.10 852.00
209.00 852.90
209.10 853.00
209.10 854.00
210.00 854.90
210.10 855.00
210.10 856.00
211.00 856.90
211.10 857.00
211.10 858.00
212.00 858.90
212.10 859.00
212.10 860.00
213.00 860.90
213.10 861.00
213.10 862.00
214.00 862.90
214.10 863.00
215.00 863.90
215.10 864.00
216.00 864.90
216.10 865.00
217.00 865.90
217.10 866.00
217.10 867.00
218.00 867.90
218.10 868.00
219.00 868.90
219.10 869.00
219.10 870.00
220.00 870.90
220.10 871.00
221.00 871.90
221.10 872.00
222.00 872.90
222.10 873.00
223.00 873.90
223.10 874.00
224.00 874.90
224.10 875.00
225.00 875.90
226.00 875.90
226.10 876.00
227.00 876.90
227.10 877.00
228.00 877.90
228.10 878.00
229.00 878.90
229.10 879.00
230.00 879.90
231.00 879.90
231.10 880.00
232.00 880.90
233.00 880.90
233.10 881.00
234.00 881.90
235.00 881.90
235.10 882.00
236.00 882.90
237.00 882.90
237.10 883.00
238.00 883.90
239.00 883.90
240.00 883.90
240.10 884.00
241.00 884.90
242.00 884.90
242.10 885.00
243.00 885.90
244.00 885.90
245.00 885.90
246.00 885.90
246.10 886.00
247.00 886.90
248.00 886.90
249.00 886.90
249.10 887.00
250.00 887.90
251.00 887.90
252.00 887.90
252.10 888.00
253.00 888.90
254.00 888.90
255.00 888.90
256.00 888.90
256.10 889.00
257.00 889.90
258.00 889.90
259.00 889.90
260.00 889.90
261.00 889.90
262.00 889.90
263.00 889.90
264.00 889.90
265.00 889.90
266.00 889.90
266.90 889.00
267.00 888.90
268.00 888.90
269.00 888.90
270.00 888.90
270.90 888.00
271.00 887.90
272.00 887.90
272.90 887.00
273.00 886.90
274.00 886.90
274.90 886.00
275.00 885.90
276.00 885.90
276.90 885.00
277.00 884.90
277.90 884.00
278.00 883.90
279.00 883.90
280.00 883.90
280.90 883.00
281.00 882.90
281.90 882.00
282.00 881.90
282.90 881.00
283.00 880.90
283.90 880.00
284.00 879.90
284.90 879.00
285.00 878.90
285.90 878.00
286.00 877.90
286.90 877.00
286.90 876.00
287.00 875.90
287.90 875.00
287.90 874.00
288.00 873.90
288.90 873.00
288.90 872.00
289.00 871.90
289.90 871.00
289.90 870.00
290.00 869.90
290.90 869.00
290.90 868.00
291.00 867.90
291.90 867.00
291.90 866.00
291.90 865.00
292.00 864.90
292.90 864.00
292.90 863.00
293.00 862.90
293.90 862.00
293.90 861.00
293.90 860.00
294.00 859.90
294.90 859.00
294.90 858.00
294.90 857.00
294.90 856.00
294.90 855.00
294.90 854.00
294.90 853.00
295.00 852.90
295.90 852.00

Contour 4:
287.92 338.00
287.92 337.00
287.92 336.00
287.92 335.00
287.92 334.00
287.92 333.00
287.92 332.00
287.92 331.00
287.92 330.00
287.92 329.00
287.00 328.08
286.92 328.00
286.92 327.00
286.92 326.00
286.00 325.08
285.92 325.00
285.92 324.00
285.00 323.08
284.92 323.00
284.00 322.08
283.92 322.00
283.00 321.08
282.92 321.00
282.00 320.08
281.92 320.00
281.00 319.08
280.92 319.00
280.00 318.08
279.00 318.08
278.92 318.00
278.00 317.08
277.92 317.00
277.00 316.08
276.00 316.08
275.92 316.00
275.00 315.08
274.92 315.00
274.00 314.08
273.92 314.00
273.00 313.08
272.00 313.08
271.92 313.00
271.00 312.08
270.00 312.08
269.92 312.00
269.00 311.08
268.00 311.08
267.92 311.00
267.00 310.08
266.00 310.08
265.92 310.00
265.00 309.08
264.00 309.08
263.92 309.00
263.00 308.08
262.92 308.00
262.00 307.08
261.00 307.08
260.92 307.00
260.00 306.08
259.00 306.08
258.92 306.00
258.00 305.08
257.00 305.08
256.92 305.00
256.00 304.08
255.00 304.08
254.92 304.00
254.00 303.08
253.00 303.08
252.00 303.08
251.00 303.08
250.00 303.08
249.92 303.00
249.00 302.08
248.00 302.08
247.00 302.08
246.00 302.08
245.08 303.00
245.00 303.08
244.00 303.08
243.00 303.08
242.00 303.08
241.08 304.00
241.00 304.08
240.00 304.08
239.00 304.08
238.08 305.00
238.00 305.08
237.08 306.00
237.00 306.08
236.00 306.08
235.08 307.00
235.00 307.08
234.08 308.00
234.00 308.08
233.08 309.00
233.00 309.08
232.08 310.00
232.00 310.08
231.00 310.08
230.08 311.00
230.00 311.08
229.08 312.00
229.00 312.08
228.08 313.00
228.00 313.08
227.08 314.00
227.08 315.00
227.00 315.08
226.08 316.00
226.00 316.08
225.08 317.00
225.08 318.00
225.08 319.00
225.00 319.08
224.08 320.00
224.08 321.00
224.08 322.00
224.08 323.00
224.08 324.00
224.08 325.00
224.08 326.00
224.08 327.00
224.08 328.00
225.00 328.92
225.08 329.00
225.08 330.00
225.08 331.00
226.00 331.92
226.08 332.00
226.08 333.00
227.00 333.92
227.08 334.00
228.00 334.92
228.08 335.00
229.00 335.92
229.08 336.00
229.08 337.00
230.00 337.92
230.08 338.00
231.00 338.92
232.00 338.92
232.08 339.00
233.00 339.92
233.08 340.00
234.00 340.92
234.08 341.00
235.00 341.92
236.00 341.92
236.08 342.00
237.00 342.92
238.00 342.92
238.08 343.00
239.00 343.92
240.00 343.92
241.00 343.92
241.08 344.00
242.00 344.92
243.00 344.92
244.00 344.92
244.08 345.00
245.00 345.92
246.00 345.92
247.00 345.92
248.00 345.92
248.08 346.00
249.00 346.92
250.00 346.92
251.00 346.92
252.00 346.92
252.08 347.00
253.00 347.92
254.00 347.92
255.00 347.92
256.00 347.92
256.08 348.00
257.00 348.92
258.00 348.92
259.00 348.92
259.08 349.00
260.00 349.92
261.00 349.92
262.00 349.92
262.08 350.00
263.00 350.92
264.00 350.92
265.00 350.92
266.00 350.92
267.00 350.92
267.08 351.00
268.00 351.92
269.00 351.92
270.00 351.92
271.00 351.92
272.00 351.92
273.00 351.92
274.00 351.92
275.00 351.92
276.00 351.92
276.92 351.00
277.00 350.92
278.00 350.92
279.00 350.92
280.00 350.92
280.92 350.00
281.00 349.92
281.92 349.00
282.00 348.92
283.00 348.92
283.92 348.00
283.92 347.00
284.00 346.92
284.92 346.00
285.00 345.92
285.92 345.00
285.92 344.00
286.00 343.92
286.92 343.00
286.92 342.00
286.92 341.00
286.92 340.00
286.92 339.00
287.00 338.92
287.92 338.00

Contour 5:
278.93 448.00
278.93 447.00
278.93 446.00
278.93 445.00
278.93 444.00
278.93 443.00
278.93 442.00
278.93 441.00
278.93 440.00
278.93 439.00
278.93 438.00
278.00 437.07
277.93 437.00
277.93 436.00
277.00 435.07
276.93 435.00
276.93 434.00
276.00 433.07
275.93 433.00
275.93 432.00
275.00 431.07
274.93 431.00
274.00 430.07
273.93 430.00
273.00 429.07
272.93 429.00
272.00 428.07
271.93 428.00
271.00 427.07
270.93 427.00
270.00 426.07
269.93 426.00
269.00 425.07
268.93 425.00
268.00 424.07
267.93 424.00
267.00 423.07
266.00 423.07
265.00 423.07
264.93 423.00
264.00 422.07
263.00 422.07
262.00 422.07
261.00 422.07
260.93 422.00
260.00 421.07
259.00 421.07
258.00 421.07
257.00 421.07
256.00 421.07
255.07 422.00
255.00 422.07
254.00 422.07
253.00 422.07
252.00 422.07
251.00 422.07
250.07 423.00
250.00 423.07
249.00 423.07
248.00 423.07
247.00 423.07
246.07 424.00
246.00 424.07
245.00 424.07
244.07 425.00
244.00 425.07
243.00 425.07
242.07 426.00
242.00 426.07
241.07 427.00
241.00 427.07
240.00 427.07
239.07 428.00
239.00 428.07
238.07 429.00
238.00 429.07
237.07 430.00
237.07 431.00
237.00 431.07
236.07 432.00
236.00 432.07
235.07 433.00
235.00 433.07
234.07 434.00
234.07 435.00
234.00 435.07
233.07 436.00
233.07 437.00
233.00 437.07
232.07 438.00
232.07 439.00
232.07 440.00
232.07 441.00
232.07 442.00
232.07 443.00
232.07 444.00
232.07 445.00
232.07 446.00
232.07 447.00
232.07 448.00
233.00 448.93
233.07 449.00
233.07 450.00
234.00 450.93
234.07 451.00
234.07 452.00
235.00 452.93
235.07 453.00
235.07 454.00
236.00 454.93
236.07 455.00
237.00 455.93
237.07 456.00
238.00 456.93
238.07 457.00
239.00 457.93
239.07 458.00
240.00 458.93
240.07 459.00
241.00 459.93
241.07 460.00
242.00 460.93
242.07 461.00
243.00 461.93
243.07 462.00
244.00 462.93
245.00 462.93
245.07 463.00
246.00 463.93
246.07 464.00
247.00 464.93
248.00 464.93
249.00 464.93
249.07 465.00
250.00 465.93
251.00 465.93
252.00 465.93
253.00 465.93
254.00 465.93
255.00 465.93
256.00 465.93
257.00 465.93
258.00 465.93
259.00 465.93
260.00 465.93
261.00 465.93
261.93 465.00
262.00 464.93
263.00 464.93
264.00 464.93
264.93 464.00
265.00 463.93
266.00 463.93
266.93 463.00
267.00 462.93
267.93 462.00
268.00 461.93
269.00 461.93
269.93 461.00
270.00 460.93
270.93 460.00
271.00 459.93
271.93 459.00
272.00 458.93
272.93 458.00
273.00 457.93
273.93 457.00
274.00 456.93
274.93 456.00
275.00 455.93
275.93 455.00
275.93 454.00
276.00 453.93
276.93 453.00
277.00 452.93
277.93 452.00
277.93 451.00
277.93 450.00
277.93 449.00
278.00 448.93
278.93 448.00

Contour 6:
347.94 518.00
347.94 517.00
347.94 516.00
347.94 515.00
347.94 514.00
347.94 513.00
347.94 512.00
347.00 511.06
346.94 511.00
346.94 510.00
346.94 509.00
346.94 508.00
346.94 507.00
346.00 506.06
345.94 506.00
345.94 505.00
345.94 504.00
345.94 503.00
345.00 502.06
344.94 502.00
344.94 501.00
344.00 500.06
343.94 500.00
343.94 499.00
343.00 498.06
342.94 498.00
342.00 497.06
341.94 497.00
341.94 496.00
341.00 495.06
340.94 495.00
340.00 494.06
339.94 494.00
339.00 493.06
338.94 493.00
338.00 492.06
337.94 492.00
337.00 491.06
336.94 491.00
336.00 490.06
335.94 490.00
335.00 489.06
334.94 489.00
334.00 488.06
333.00 488.06
332.94 488.00
332.00 487.06
331.94 487.00
331.00 486.06
330.00 486.06
329.94 486.00
329.00 485.06
328.00 485.06
327.94 485.00
327.00 484.06
326.00 484.06
325.94 484.00
325.00 483.06
324.00 483.06
323.94 483.00
323.00 482.06
322.00 482.06
321.00 482.06
320.94 482.00
320.00 481.06
319.00 481.06
318.94 481.00
318.00 480.06
317.00 480.06
316.00 480.06
315.00 480.06
314.94 480.00
314.00 479.06
313.00 479.06
312.00 479.06
311.00 479.06
310.00 479.06
309.00 479.06
308.00 479.06
307.00 479.06
306.00 479.06
305.00 479.06
304.00 479.06
303.00 479.06
302.00 479.06
301.00 479.06
300.00 479.06
299.00 479.06
298.06 480.00
298.00 480.06
297.00 480.06
296.06 481.00
296.00 481.06
295.00 481.06
294.06 482.00
294.00 482.06
293.00 482.06
292.06 483.00
292.00 483.06
291.06 484.00
291.00 484.06
290.06 485.00
290.00 485.06
289.06 486.00
289.06 487.00
289.00 487.06
288.06 488.00
288.00 488.06
287.06 489.00
287.06 490.00
287.00 490.06
286.06 491.00
286.06 492.00
286.06 493.00
286.06 494.00
286.06 495.00
286.06 496.00
286.06 497.00
286.06 498.00
286.06 499.00
286.06 500.00
286.06 501.00
286.06 502.00
287.00 502.94
287.06 503.00
287.06 504.00
287.06 505.00
287.06 506.00
288.00 506.94
288.06 507.00
288.06 508.00
288.06 509.00
289.00 509.94
289.06 510.00
289.06 511.00
290.00 511.94
290.06 512.00
290.06 513.00
290.06 514.00
291.00 514.94
291.06 515.00
292.00 515.94
292.06 516.00
292.06 517.00
293.00 517.94
293.06 518.00
293.06 519.00
294.00 519.94
294.06 520.00
295.00 520.94
295.06 521.00
296.00 521.94
296.06 522.00
297.00 522.94
297.06 523.00
298.00 523.94
298.06 524.00
299.00 524.94
299.06 525.00
300.00 525.94
300.06 526.00
301.00 526.94
301.06 527.00
302.00 527.94
303.00 527.94
303.06 528.00
304.00 528.94
304.06 529.00
305.00 529.94
305.06 530.00
306.00 530.94
306.06 531.00
307.00 531.94
308.00 531.94
308.06 532.00
309.00 532.94
309.06 533.00
310.00 533.94
311.00 533.94
311.06 534.00
312.00 534.94
313.00 534.94
313.06 535.00
314.00 535.94
315.00 535.94
316.00 535.94
317.00 535.94
317.06 536.00
318.00 536.94
319.00 536.94
320.00 536.94
321.00 536.94
321.06 537.00
322.00 537.94
323.00 537.94
324.00 537.94
325.00 537.94
326.00 537.94
327.00 537.94
328.00 537.94
329.00 537.94
330.00 537.94
330.94 537.00
331.00 536.94
332.00 536.94
333.00 536.94
334.00 536.94
334.94 536.00
335.00 535.94
336.00 535.94
336.94 535.00
337.00 534.94
337.94 534.00
338.00 533.94
339.00 533.94
339.94 533.00
340.00 532.94
340.94 532.00
341.00 531.94
341.94 531.00
342.00 530.94
342.94 530.00
342.94 529.00
343.00 528.94
343.94 528.00
344.00 527.94
344.94 527.00
344.94 526.00
345.00 525.94
345.94 525.00
345.94 524.00
345.94 523.00
346.00 522.94
346.94 522.00
346.94 521.00
346.94 520.00
346.94 519.00
347.00 518.94
347.94 518.00

Contour 7:
371.94 596.00
371.94 595.00
371.94 594.00
371.94 593.00
371.94 592.00
371.94 591.00
371.94 590.00
371.94 589.00
371.94 588.00
371.94 587.00
371.94 586.00
371.94 585.00
371.94 584.00
371.00 583.06
370.94 583.00
370.94 582.00
370.00 581.06
369.94 581.00
369.94 580.00
369.94 579.00
369.00 578.06
368.94 578.00
368.94 577.00
368.00 576.06
367.94 576.00
367.94 575.00
367.00 574.06
366.94 574.00
366.94 573.00
366.00 572.06
365.94 572.00
365.94 571.00
365.00 570.06
364.94 570.00
364.00 569.06
363.94 569.00
363.94 568.00
363.00 567.06
362.94 567.00
362.00 566.06
361.94 566.00
361.00 565.06
360.94 565.00
360.00 564.06
359.94 564.00
359.94 563.00
359.00 562.06
358.94 562.00
358.00 561.06
357.94 561.00
357.00 560.06
356.94 560.00
356.00 559.06
355.00 559.06
354.94 559.00
354.00 558.06
353.94 558.00
353.00 557.06
352.00 557.06
351.94 557.00
351.00 556.06
350.00 556.06
349.00 556.06
348.94 556.00
348.00 555.06
347.00 555.06
346.94 555.00
346.00 554.06
345.00 554.06
344.00 554.06
343.00 554.06
342.00 554.06
341.94 554.00
341.00 553.06
340.00 553.06
339.00 553.06
338.00 553.06
337.00 553.06
336.00 553.06
335.00 553.06
334.00 553.06
333.00 553.06
332.00 553.06
331.06 554.00
331.00 554.06
330.00 554.06
329.00 554.06
328.06 555.00
328.00 555.06
327.00 555.06
326.06 556.00
326.00 556.06
325.06 557.00
325.00 557.06
324.00 557.06
323.06 558.00
323.00 558.06
322.00 558.06
321.00 558.06
320.06 559.00
320.00 559.06
319.00 559.06
318.00 559.06
317.06 560.00
317.00 560.06
316.00 560.06
315.06 561.00
315.00 561.06
314.00 561.06
313.06 562.00
313.00 562.06
312.06 563.00
312.00 563.06
311.00 563.06
310.06 564.00
310.00 564.06
309.06 565.00
309.00 565.06
308.06 566.00
308.00 566.06
307.00 566.06
306.06 567.00
306.00 567.06
305.06 568.00
305.00 568.06
304.06 569.00
304.06 570.00
304.00 570.06
303.06 571.00
303.00 571.06
302.06 572.00
302.06 573.00
302.00 573.06
301.06 574.00
301.06 575.00
301.06 576.00
301.00 576.06
300.06 577.00
300.06 578.00
300.06 579.00
300.06 580.00
300.06 581.00
300.00 581.06
299.06 582.00
299.06 583.00
299.06 584.00
299.06 585.00
299.06 586.00
299.06 587.00
299.06 588.00
299.06 589.00
299.06 590.00
300.00 590.94
300.06 591.00
300.06 592.00
300.06 593.00
300.06 594.00
300.06 595.00
300.06 596.00
300.06 597.00
301.00 597.94
301.06 598.00
301.06 599.00
301.06 600.00
302.00 600.94
302.06 601.00
302.06 602.00
302.06 603.00
303.00 603.94
303.06 604.00
303.06 605.00
304.00 605.94
304.06 606.00
305.00 606.94
305.06 607.00
305.06 608.00
306.00 608.94
306.06 609.00
307.00 609.94
307.06 610.00
308.00 610.94
308.06 611.00
309.00 611.94
309.06 612.00
310.00 612.94
310.06 613.00
311.00 613.94
311.06 614.00
312.00 614.94
313.00 614.94
313.06 615.00
314.00 615.94
314.06 616.00
315.00 616.94
316.00 616.94
316.06 617.00
317.00 617.94
318.00 617.94
318.06 618.00
319.00 618.94
320.00 618.94
320.06 619.00
321.00 619.94
322.00 619.94
322.06 620.00
323.00 620.94
324.00 620.94
325.00 620.94
326.00 620.94
326.06 621.00
327.00 621.94
328.00 621.94
329.00 621.94
330.00 621.94
331.00 621.94
332.00 621.94
333.00 621.94
333.94 621.00
334.00 620.94
335.00 620.94
336.00 620.94
337.00 620.94
338.00 620.94
339.00 620.94
340.00 620.94
340.94 620.00
341.00 619.94
342.00 619.94
343.00 619.94
344.00 619.94
344.94 619.00
345.00 618.94
346.00 618.94
346.94 618.00
347.00 617.94
348.00 617.94
349.00 617.94
349.94 617.00
350.00 616.94
351.00 616.94
351.94 616.00
352.00 615.94
352.94 615.00
353.00 614.94
354.00 614.94
354.94 614.00
355.00 613.94
355.94 613.00
356.00 612.94
357.00 612.94
357.94 612.00
358.00 611.94
359.00 611.94
359.94 611.00
360.00 610.94
360.94 610.00
361.00 609.94
362.00 609.94
362.94 609.00
363.00 608.94
363.94 608.00
364.00 607.94
364.94 607.00
365.00 606.94
365.94 606.00
366.00 605.94
366.94 605.00
367.00 604.94
367.94 604.00
368.00 603.94
368.94 603.00
368.94 602.00
369.00 601.94
369.94 601.00
369.94 600.00
370.00 599.94
370.94 599.00
370.94 598.00
370.94 597.00
371.00 596.94
371.94 596.00

Contour 8:
384.95 910.00
384.95 909.00
384.95 908.00
384.95 907.00
384.95 906.00
384.00 905.05
383.95 905.00
383.95 904.00
383.95 903.00
383.95 902.00
383.95 901.00
383.00 900.05
382.95 900.00
382.95 899.00
382.95 898.00
382.00 897.05
381.95 897.00
381.95 896.00
381.95 895.00
381.00 894.05
380.95 894.00
380.95 893.00
380.00 892.05
379.95 892.00
379.95 891.00
379.00 890.05
378.95 890.00
378.95 889.00
378.00 888.05
377.95 888.00
377.95 887.00
377.00 886.05
376.95 886.00
376.95 885.00
376.95 884.00
376.00 883.05
375.95 883.00
375.95 882.00
375.00 881.05
374.95 881.00
374.00 880.05
373.95 880.00
373.95 879.00
373.00 878.05
372.95 878.00
372.00 877.05
371.95 877.00
371.00 876.05
370.95 876.00
370.95 875.00
370.00 874.05
369.95 874.00
369.00 873.05
368.00 873.05
367.95 873.00
367.00 872.05
366.95 872.00
366.00 871.05
365.95 871.00
365.00 870.05
364.00 870.05
363.95 870.00
363.00 869.05
362.00 869.05
361.00 869.05
360.00 869.05
359.95 869.00
359.00 868.05
358.00 868.05
357.00 868.05
356.00 868.05
355.00 868.05
354.00 868.05
353.05 869.00
353.00 869.05
352.00 869.05
351.00 869.05
350.00 869.05
349.00 869.05
348.05 870.00
348.00 870.05
347.00 870.05
346.00 870.05
345.05 871.00
345.00 871.05
344.05 872.00
344.00 872.05
343.00 872.05
342.05 873.00
342.00 873.05
341.05 874.00
341.00 874.05
340.00 874.05
339.05 875.00
339.00 875.05
338.05 876.00
338.00 876.05
337.05 877.00
337.00 877.05
336.05 878.00
336.00 878.05
335.05 879.00
335.00 879.05
334.05 880.00
334.00 880.05
333.05 881.00
333.00 881.05
332.05 882.00
332.00 882.05
331.05 883.00
331.05 884.00
331.00 884.05
330.05 885.00
330.00 885.05
329.05 886.00
329.05 887.00
329.00 887.05
328.05 888.00
328.00 888.05
327.05 889.00
327.05 890.00
327.05 891.00
327.00 891.05
326.05 892.00
326.05 893.00
326.00 893.05
325.05 894.00
325.05 895.00
325.05 896.00
325.00 896.05
324.05 897.00
324.05 898.00
324.00 898.05
323.05 899.00
323.05 900.00
323.00 900.05
322.05 901.00
322.05 902.00
322.05 903.00
322.00 903.05
321.05 904.00
321.05 905.00
321.05 906.00
321.05 907.00
321.00 907.05
320.05 908.00
320.05 909.00
320.05 910.00
320.05 911.00
320.05 912.00
320.05 913.00
320.00 913.05
319.05 914.00
320.00 914.95
320.05 915.00
320.05 916.00
320.05 917.00
320.05 918.00
320.05 919.00
320.05 920.00
320.05 921.00
321.00 921.95
321.05 922.00
321.05 923.00
321.05 924.00
322.00 924.95
322.05 925.00
322.05 926.00
323.00 926.95
323.05 927.00
324.00 927.95
324.05 928.00
324.05 929.00
325.00 929.95
325.05 930.00
326.00 930.95
326.05 931.00
326.05 932.00
327.00 932.95
327.05 933.00
328.00 933.95
328.05 934.00
329.00 934.95
329.05 935.00
330.00 935.95
330.05 936.00
331.00 936.95
332.00 936.95
332.05 937.00
333.00 937.95
333.05 938.00
334.00 938.95
335.00 938.95
335.05 939.00
336.00 939.95
337.00 939.95
337.05 940.00
338.00 940.95
339.00 940.95
340.00 940.95
340.05 941.00
341.00 941.95
342.00 941.95
343.00 941.95
343.05 942.00
344.00 942.95
345.00 942.95
346.00 942.95
347.00 942.95
348.00 942.95
348.05 943.00
349.00 943.95
350.00 943.95
351.00 943.95
352.00 943.95
353.00 943.95
354.00 943.95
355.00 943.95
356.00 943.95
357.00 943.95
358.00 943.95
359.00 943.95
360.00 943.95
361.00 943.95
362.00 943.95
363.00 943.95
363.95 943.00
364.00 942.95
365.00 942.95
366.00 942.95
366.95 942.00
367.00 941.95
368.00 941.95
368.95 941.00
369.00 940.95
369.95 940.00
370.00 939.95
371.00 939.95
371.95 939.00
372.00 938.95
372.95 938.00
373.00 937.95
373.95 937.00
374.00 936.95
374.95 936.00
375.00 935.95
375.95 935.00
375.95 934.00
376.00 933.95
376.95 933.00
377.00 932.95
377.95 932.00
377.95 931.00
378.00 930.95
378.95 930.00
378.95 929.00
379.00 928.95
379.95 928.00
379.95 927.00
380.00 926.95
380.95 926.00
380.95 925.00
381.00 924.95
381.95 924.00
381.95 923.00
381.95 922.00
382.00 921.95
382.95 921.00
382.95 920.00
382.95 919.00
382.95 918.00
382.95 917.00
383.00 916.95
383.95 916.00
383.95 915.00
383.95 914.00
383.95 913.00
383.95 912.00
383.95 911.00
384.00 910.95
384.95 910.00

Contour 9:
421.95 234.00
421.95 233.00
421.95 232.00
421.95 231.00
421.95 230.00
421.95 229.00
421.95 228.00
421.95 227.00
421.95 226.00
421.95 225.00
421.00 224.05
420.95 224.00
420.95 223.00
420.95 222.00
420.95 221.00
420.00 220.05
419.95 220.00
419.95 219.00
419.00 218.05
418.95 218.00
418.95 217.00
418.00 216.05
417.95 216.00
417.95 215.00
417.00 214.05
416.95 214.00
416.95 213.00
416.00 212.05
415.95 212.00
415.00 211.05
414.95 211.00
414.00 210.05
413.95 210.00
413.00 209.05
412.95 209.00
412.00 208.05
411.95 208.00
411.00 207.05
410.95 207.00
410.00 206.05
409.00 206.05
408.95 206.00
408.00 205.05
407.00 205.05
406.95 205.00
406.00 204.05
405.00 204.05
404.95 204.00
404.00 203.05
403.00 203.05
402.00 203.05
401.00 203.05
400.95 203.00
400.00 202.05
399.00 202.05
398.00 202.05
397.00 202.05
396.00 202.05
395.05 203.00
395.00 203.05
394.00 203.05
393.00 203.05
392.00 203.05
391.05 204.00
391.00 204.05
390.00 204.05
389.00 204.05
388.05 205.00
388.00 205.05
387.05 206.00
387.00 206.05
386.00 206.05
385.05 207.00
385.00 207.05
384.00 207.05
383.05 208.00
383.00 208.05
382.05 209.00
382.00 209.05
381.05 210.00
381.00 210.05
380.05 211.00
380.00 211.05
379.05 212.00
379.00 212.05
378.05 213.00
378.00 213.05
377.05 214.00
377.00 214.05
376.05 215.00
376.00 215.05
375.05 216.00
375.00 216.05
374.05 217.00
374.00 217.05
373.05 218.00
373.05 219.00
373.00 219.05
372.05 220.00
372.00 220.05
371.05 221.00
371.05 222.00
371.00 222.05
370.05 223.00
370.00 223.05
369.05 224.00
369.05 225.00
369.00 225.05
368.05 226.00
368.05 227.00
368.05 228.00
368.00 228.05
367.05 229.00
367.05 230.00
367.05 231.00
367.00 231.05
366.05 232.00
366.05 233.00
366.05 234.00
366.05 235.00
366.05 236.00
366.05 237.00
366.00 237.05
365.05 238.00
365.05 239.00
365.05 240.00
365.05 241.00
365.05 242.00
365.05 243.00
366.00 243.95
366.05 244.00
366.05 245.00
366.05 246.00
366.05 247.00
366.05 248.00
366.05 249.00
366.05 250.00
366.05 251.00
367.00 251.95
367.05 252.00
367.05 253.00
367.05 254.00
368.00 254.95
368.05 255.00
368.05 256.00
368.05 257.00
369.00 257.95
369.05 258.00
369.05 259.00
370.00 259.95
370.05 260.00
370.05 261.00
371.00 261.95
371.05 262.00
372.00 262.95
372.05 263.00
373.00 263.95
373.05 264.00
374.00 264.95
374.05 265.00
375.00 265.95
375.05 266.00
376.00 266.95
377.00 266.95
377.05 267.00
378.00 267.95
379.00 267.95
379.05 268.00
380.00 268.95
381.00 268.95
382.00 268.95
382.05 269.00
383.00 269.95
384.00 269.95
385.00 269.95
386.00 269.95
387.00 269.95
388.00 269.95
389.00 269.95
390.00 269.95
391.00 269.95
392.00 269.95
392.95 269.00
393.00 268.95
394.00 268.95
395.00 268.95
396.00 268.95
396.95 268.00
397.00 267.95
398.00 267.95
398.95 267.00
399.00 266.95
400.00 266.95
400.95 266.00
401.00 265.95
402.00 265.95
402.95 265.00
403.00 264.95
404.00 264.95
404.95 264.00
405.00 263.95
405.95 263.00
406.00 262.95
406.95 262.00
407.00 261.95
407.95 261.00
408.00 260.95
408.95 260.00
409.00 259.95
409.95 259.00
410.00 258.95
410.95 258.00
410.95 257.00
411.00 256.95
411.95 256.00
412.00 255.95
412.95 255.00
412.95 254.00
413.00 253.95
413.95 253.00
414.00 252.95
414.95 252.00
414.95 251.00
415.00 250.95
415.95 250.00
416.00 249.95
416.95 249.00
416.95 248.00
417.00 247.95
417.95 247.00
417.95 246.00
418.00 245.95
418.95 245.00
418.95 244.00
418.95 243.00
419.00 242.95
419.95 242.00
419.95 241.00
419.95 240.00
420.00 239.95
420.95 239.00
420.95 238.00
420.95 237.00
420.95 236.00
420.95 235.00
421.00 234.95
421.95 234.00

Contour 10:
432.96 446.00
432.96 445.00
432.96 444.00
432.96 443.00
432.96 442.00
432.96 441.00
432.96 440.00
432.96 439.00
432.96 438.00
432.96 437.00
432.96 436.00
432.96 435.00
432.96 434.00
432.96 433.00
432.96 432.00
432.96 431.00
432.00 430.04
431.96 430.00
431.96 429.00
431.96 428.00
431.00 427.04
430.96 427.00
430.96 426.00
430.00 425.04
429.96 425.00
429.96 424.00
429.00 423.04
428.96 423.00
428.96 422.00
428.00 421.04
427.96 421.00
427.96 420.00
427.00 419.04
426.96 419.00
426.96 418.00
426.00 417.04
425.96 417.00
425.00 416.04
424.96 416.00
424.96 415.00
424.00 414.04
423.00 414.04
422.96 414.00
422.00 413.04
421.96 413.00
421.00 412.04
420.96 412.00
420.00 411.04
419.00 411.04
418.96 411.00
418.00 410.04
417.96 410.00
417.00 409.04
416.00 409.04
415.96 409.00
415.00 408.04
414.00 408.04
413.96 408.00
413.00 407.04
412.00 407.04
411.00 407.04
410.96 407.00
410.00 406.04
409.00 406.04
408.00 406.04
407.00 406.04
406.00 406.04
405.00 406.04
404.00 406.04
403.00 406.04
402.00 406.04
401.00 406.04
400.00 406.04
399.00 406.04
398.00 406.04
397.00 406.04
396.00 406.04
395.00 406.04
394.00 406.04
393.00 406.04
392.00 406.04
391.04 407.00
391.00 407.04
390.00 407.04
389.00 407.04
388.04 408.00
388.00 408.04
387.00 408.04
386.04 409.00
386.00 409.04
385.00 409.04
384.04 410.00
384.00 410.04
383.00 410.04
382.04 411.00
382.00 411.04
381.00 411.04
380.04 412.00
380.00 412.04
379.04 413.00
379.00 413.04
378.04 414.00
378.00 414.04
377.04 415.00
377.00 415.04
376.04 416.00
376.00 416.04
375.04 417.00
375.00 417.04
374.04 418.00
374.00 418.04
373.04 419.00
373.04 420.00
373.00 420.04
372.04 421.00
372.00 421.04
371.04 422.00
371.04 423.00
371.00 423.04
370.04 424.00
370.04 425.00
370.00 425.04
369.04 426.00
369.04 427.00
369.04 428.00
369.04 429.00
369.00 429.04
368.04 430.00
368.04 431.00
368.04 432.00
368.04 433.00
368.00 433.04
367.04 434.00
367.04 435.00
367.04 436.00
367.04 437.00
367.04 438.00
367.04 439.00
367.04 440.00
367.04 441.00
367.04 442.00
367.04 443.00
367.04 444.00
367.04 445.00
368.00 445.96
368.04 446.00
368.04 447.00
368.04 448.00
368.04 449.00
369.00 449.96
369.04 450.00
369.04 451.00
369.04 452.00
370.00 452.96
370.04 453.00
370.04 454.00
371.00 454.96
371.04 455.00
372.00 455.96
372.04 456.00
372.04 457.00
373.00 457.96
373.04 458.00
374.00 458.96
374.04 459.00
374.04 460.00
375.00 460.96
375.04 461.00
376.00 461.96
376.04 462.00
377.00 462.96
377.04 463.00
378.00 463.96
378.04 464.00
379.00 464.96
379.04 465.00
380.00 465.96
381.00 465.96
381.04 466.00
382.00 466.96
382.04 467.00
383.00 467.96
383.04 468.00
384.00 468.96
385.00 468.96
385.04 469.00
386.00 469.96
387.00 469.96
387.04 470.00
388.00 470.96
389.00 470.96
389.04 471.00
390.00 471.96
391.00 471.96
392.00 471.96
393.00 471.96
394.00 471.96
395.00 471.96
396.00 471.96
397.00 471.96
398.00 471.96
399.00 471.96
400.00 471.96
401.00 471.96
402.00 471.96
403.00 471.96
404.00 471.96
405.00 471.96
406.00 471.96
406.96 471.00
407.00 470.96
408.00 470.96
409.00 470.96
410.00 470.96
410.96 470.00
411.00 469.96
412.00 469.96
413.00 469.96
413.96 469.00
414.00 468.96
415.00 468.96
415.96 468.00
416.00 467.96
416.96 467.00
417.00 466.96
418.00 466.96
418.96 466.00
419.00 465.96
419.96 465.00
420.00 464.96
420.96 464.00
421.00 463.96
421.96 463.00
422.00 462.96
422.96 462.00
423.00 461.96
423.96 461.00
424.00 460.96
424.96 460.00
425.00 459.96
425.96 459.00
426.00 458.96
426.96 458.00
427.00 457.96
427.96 457.00
427.96 456.00
428.00 455.96
428.96 455.00
429.00 454.96
429.96 454.00
429.96 453.00
430.00 452.96
430.96 452.00
430.96 451.00
430.96 450.00
431.00 449.96
431.96 449.00
431.96 448.00
431.96 447.00
432.00 446.96
432.96 446.00

Contour 11:
445.96 797.00
445.96 796.00
445.96 795.00
445.96 794.00
445.96 793.00
445.96 792.00
445.96 791.00
445.96 790.00
445.96 789.00
445.96 788.00
445.96 787.00
445.96 786.00
445.96 785.00
445.00 784.04
444.96 784.00
444.96 783.00
444.96 782.00
444.96 781.00
444.96 780.00
444.96 779.00
444.96 778.00
444.96 777.00
444.96 776.00
444.00 775.04
443.96 775.00
443.96 774.00
443.00 773.04
442.96 773.00
442.96 772.00
442.96 771.00
442.00 770.04
441.96 770.00
441.00 769.04
440.96 769.00
440.96 768.00
440.00 767.04
439.96 767.00
439.00 766.04
438.96 766.00
438.96 765.00
438.00 764.04
437.96 764.00
437.00 763.04
436.96 763.00
436.00 762.04
435.96 762.00
435.00 761.04
434.96 761.00
434.00 760.04
433.96 760.00
433.00 759.04
432.96 759.00
432.00 758.04
431.96 758.00
431.00 757.04
430.96 757.00
430.00 756.04
429.96 756.00
429.00 755.04
428.00 755.04
427.96 755.00
427.00 754.04
426.00 754.04
425.96 754.00
425.00 753.04
424.00 753.04
423.96 753.00
423.00 752.04
422.00 752.04
421.00 752.04
420.00 752.04
419.00 752.04
418.00 752.04
417.96 752.00
417.00 751.04
416.00 751.04
415.00 751.04
414.00 751.04
413.00 751.04
412.00 751.04
411.00 751.04
410.00 751.04
409.00 751.04
408.00 751.04
407.00 751.04
406.00 751.04
405.00 751.04
404.00 751.04
403.00 751.04
402.00 751.04
401.04 752.00
401.00 752.04
400.00 752.04
399.00 752.04
398.00 752.04
397.04 753.00
397.00 753.04
396.00 753.04
395.00 753.04
394.04 754.00
394.00 754.04
393.00 754.04
392.04 755.00
392.00 755.04
391.04 756.00
391.00 756.04
390.00 756.04
389.04 757.00
389.00 757.04
388.04 758.00
388.00 758.04
387.04 759.00
387.00 759.04
386.04 760.00
386.00 760.04
385.04 761.00
385.00 761.04
384.04 762.00
384.00 762.04
383.04 763.00
383.04 764.00
383.00 764.04
382.04 765.00
382.04 766.00
382.00 766.04
381.04 767.00
381.04 768.00
381.00 768.04
380.04 769.00
380.04 770.00
380.00 770.04
379.04 771.00
379.04 772.00
379.04 773.00
379.00 773.04
378.04 774.00
378.04 775.00
378.04 776.00
378.00 776.04
377.04 777.00
377.04 778.00
377.04 779.00
377.04 780.00
377.04 781.00
377.04 782.00
377.04 783.00
377.04 784.00
377.04 785.00
377.04 786.00
377.04 787.00
377.04 788.00
377.04 789.00
377.04 790.00
377.04 791.00
378.00 791.96
378.04 792.00
378.04 793.00
378.04 794.00
378.04 795.00
379.00 795.96
379.04 796.00
379.04 797.00
379.04 798.00
380.00 798.96
380.04 799.00
380.04 800.00
381.00 800.96
381.04 801.00
381.04 802.00
382.00 802.96
382.04 803.00
382.04 804.00
383.00 804.96
383.04 805.00
383.04 806.00
384.00 806.96
384.04 807.00
385.00 807.96
385.04 808.00
385.04 809.00
386.00 809.96
386.04 810.00
387.00 810.96
387.04 811.00
388.00 811.96
388.04 812.00
388.04 813.00
389.00 813.96
389.04 814.00
390.00 814.96
390.04 815.00
391.00 815.96
392.00 815.96
392.04 816.00
393.00 816.96
393.04 817.00
394.00 817.96
395.00 817.96
395.04 818.00
396.00 818.96
396.04 819.00
397.00 819.96
398.00 819.96
398.04 820.00
399.00 820.96
400.00 820.96
400.04 821.00
401.00 821.96
402.00 821.96
403.00 821.96
403.04 822.00
404.00 822.96
405.00 822.96
406.00 822.96
407.00 822.96
407.04 823.00
408.00 823.96
409.00 823.96
410.00 823.96
411.00 823.96
412.00 823.96
413.00 823.96
414.00 823.96
415.00 823.96
416.00 823.96
417.00 823.96
418.00 823.96
419.00 823.96
420.00 823.96
421.00 823.96
422.00 823.96
423.00 823.96
424.00 823.96
424.96 823.00
425.00 822.96
426.00 822.96
427.00 822.96
427.96 822.00
428.00 821.96
429.00 821.96
429.96 821.00
430.00 820.96
431.00 820.96
431.96 820.00
432.00 819.96
432.96 819.00
433.00 818.96
434.00 818.96
434.96 818.00
435.00 817.96
435.96 817.00
436.00 816.96
436.96 816.00
437.00 815.96
437.96 815.00
437.96 814.00
438.00 813.96
438.96 813.00
439.00 812.96
439.96 812.00
440.00 811.96
440.96 811.00
440.96 810.00
441.00 809.96
441.96 809.00
441.96 808.00
442.00 807.96
442.96 807.00
442.96 806.00
443.00 805.96
443.96 805.00
443.96 804.00
443.96 803.00
444.00 802.96
444.96 802.00
444.96 801.00
444.96 800.00
444.96 799.00
444.96 798.00
445.00 797.96
445.96 797.00

Contour 12:
472.96 647.00
472.96 646.00
472.96 645.00
472.96 644.00
472.96 643.00
472.96 642.00
472.96 641.00
472.96 640.00
472.96 639.00
472.96 638.00
472.00 637.04
471.96 637.00
471.96 636.00
471.96 635.00
471.00 634.04
470.96 634.00
470.96 633.00
470.96 632.00
470.96 631.00
470.00 630.04
469.96 630.00
469.96 629.00
469.00 628.04
468.96 628.00
468.96 627.00
468.00 626.04
467.96 626.00
467.96 625.00
467.00 624.04
466.96 624.00
466.96 623.00
466.00 622.04
465.96 622.00
465.00 621.04
464.96 621.00
464.00 620.04
463.96 620.00
463.00 619.04
462.96 619.00
462.00 618.04
461.96 618.00
461.00 617.04
460.96 617.00
460.00 616.04
459.00 616.04
458.96 616.00
458.00 615.04
457.00 615.04
456.96 615.00
456.00 614.04
455.00 614.04
454.96 614.00
454.00 613.04
453.96 613.00
453.00 612.04
452.00 612.04
451.96 612.00
451.00 611.04
450.00 611.04
449.96 611.00
449.00 610.04
448.00 610.04
447.00 610.04
446.96 610.00
446.00 609.04
445.00 609.04
444.00 609.04
443.00 609.04
442.96 609.00
442.00 608.04
441.00 608.04
440.00 608.04
439.00 608.04
438.04 609.00
438.00 609.04
437.00 609.04
436.00 609.04
435.00 609.04
434.00 609.04
433.04 610.00
433.00 610.04
432.00 610.04
431.00 610.04
430.00 610.04
429.04 611.00
429.00 611.04
428.00 611.04
427.00 611.04
426.04 612.00
426.00 612.04
425.00 612.04
424.04 613.00
424.00 613.04
423.00 613.04
422.04 614.00
422.00 614.04
421.00 614.04
420.04 615.00
420.00 615.04
419.04 616.00
419.00 616.04
418.04 617.00
418.00 617.04
417.04 618.00
417.00 618.04
416.04 619.00
416.00 619.04
415.04 620.00
415.00 620.04
414.04 621.00
414.04 622.00
414.00 622.04
413.04 623.00
413.00 623.04
412.04 624.00
412.04 625.00
412.00 625.04
411.04 626.00
411.04 627.00
411.00 627.04
410.04 628.00
410.04 629.00
410.00 629.04
409.04 630.00
409.04 631.00
409.04 632.00
409.04 633.00
409.00 633.04
408.04 634.00
408.04 635.00
408.04 636.00
408.04 637.00
408.04 638.00
408.04 639.00
408.04 640.00
408.04 641.00
408.04 642.00
408.04 643.00
408.04 644.00
408.04 645.00
408.04 646.00
408.04 647.00
408.04 648.00
409.00 648.96
409.04 649.00
409.04 650.00
409.04 651.00
410.00 651.96
410.04 652.00
410.04 653.00
411.00 653.96
411.04 654.00
411.04 655.00
411.04 656.00
412.00 656.96
412.04 657.00
412.04 658.00
413.00 658.96
413.04 659.00
414.00 659.96
414.04 660.00
414.04 661.00
415.00 661.96
415.04 662.00
416.00 662.96
416.04 663.00
417.00 663.96
417.04 664.00
418.00 664.96
418.04 665.00
419.00 665.96
419.04 666.00
420.00 666.96
420.04 667.00
421.00 667.96
421.04 668.00
422.00 668.96
423.00 668.96
423.04 669.00
424.00 669.96
424.04 670.00
425.00 670.96
425.04 671.00
426.00 671.96
427.00 671.96
427.04 672.00
428.00 672.96
428.04 673.00
429.00 673.96
430.00 673.96
431.00 673.96
431.04 674.00
432.00 674.96
433.00 674.96
434.00 674.96
434.04 675.00
435.00 675.96
436.00 675.96
437.00 675.96
438.00 675.96
439.00 675.96
440.00 675.96
441.00 675.96
442.00 675.96
443.00 675.96
444.00 675.96
445.00 675.96
446.00 675.96
447.00 675.96
447.96 675.00
448.00 674.96
449.00 674.96
450.00 674.96
451.00 674.96
451.96 674.00
452.00 673.96
453.00 673.96
453.96 673.00
454.00 672.96
455.00 672.96
455.96 672.00
456.00 671.96
457.00 671.96
457.96 671.00
458.00 670.96
459.00 670.96
459.96 670.00
460.00 669.96
461.00 669.96
461.96 669.00
462.00 668.96
462.96 668.00
463.00 667.96
463.96 667.00
464.00 666.96
464.96 666.00
464.96 665.00
465.00 664.96
465.96 664.00
466.00 663.96
466.96 663.00
467.00 662.96
467.96 662.00
467.96 661.00
468.00 660.96
468.96 660.00
468.96 659.00
469.00 658.96
469.96 658.00
469.96 657.00
470.00 656.96
470.96 656.00
470.96 655.00
470.96 654.00
471.00 653.96
471.96 653.00
471.96 652.00
471.96 651.00
471.96 650.00
471.96 649.00
471.96 648.00
472.00 647.96
472.96 647.00

Contour 13:
510.97 149.00
510.97 148.00
510.97 147.00
510.97 146.00
510.97 145.00
510.97 144.00
510.97 143.00
510.97 142.00
510.97 141.00
510.97 140.00
510.97 139.00
510.97 138.00
510.97 137.00
510.97 136.00
510.97 135.00
510.97 134.00
510.00 133.03
509.97 133.00
509.97 132.00
509.97 131.00
509.97 130.00
509.97 129.00
509.00 128.03
508.97 128.00
508.97 127.00
508.97 126.00
508.00 125.03
507.97 125.00
507.97 124.00
507.00 123.03
506.97 123.00
506.97 122.00
506.00 121.03
505.97 121.00
505.97 120.00
505.00 119.03
504.97 119.00
504.97 118.00
504.00 117.03
503.97 117.00
503.00 116.03
502.97 116.00
502.97 115.00
502.00 114.03
501.97 114.00
501.00 113.03
500.97 113.00
500.00 112.03
499.97 112.00
499.00 111.03
498.97 111.00
498.00 110.03
497.00 110.03
496.97 110.00
496.00 109.03
495.00 109.03
494.00 109.03
493.97 109.00
493.00 108.03
492.00 108.03
491.00 108.03
490.00 108.03
489.00 108.03
488.00 108.03
487.00 108.03
486.00 108.03
485.00 108.03
484.00 108.03
483.03 109.00
483.00 109.03
482.00 109.03
481.00 109.03
480.00 109.03
479.03 110.00
479.00 110.03
478.00 110.03
477.03 111.00
477.00 111.03
476.00 111.03
475.03 112.00
475.00 112.03
474.00 112.03
473.03 113.00
473.00 113.03
472.00 113.03
471.03 114.00
471.00 114.03
470.03 115.00
470.00 115.03
469.00 115.03
468.03 116.00
468.00 116.03
467.03 117.00
467.00 117.03
466.03 118.00
466.00 118.03
465.03 119.00
465.03 120.00
465.00 120.03
464.03 121.00
464.00 121.03
463.03 122.00
463.00 122.03
462.03 123.00
462.03 124.00
462.00 124.03
461.03 125.00
461.03 126.00
461.00 126.03
460.03 127.00
460.03 128.00
460.00 128.03
459.03 129.00
459.03 130.00
459.00 130.03
458.03 131.00
458.03 132.00
458.03 133.00
458.03 134.00
458.00 134.03
457.03 135.00
457.03 136.00
457.03 137.00
457.03 138.00
457.03 139.00
457.00 139.03
456.03 140.00
456.03 141.00
456.03 142.00
456.03 143.00
456.03 144.00
456.03 145.00
456.03 146.00
456.00 146.03
455.03 147.00
455.03 148.00
455.03 149.00
455.03 150.00
456.00 150.97
456.03 151.00
456.03 152.00
456.03 153.00
456.03 154.00
456.03 155.00
456.03 156.00
457.00 156.97
457.03 157.00
457.03 158.00
458.00 158.97
458.03 159.00
458.03 160.00
459.00 160.97
459.03 161.00
459.03 162.00
460.00 162.97
460.03 163.00
460.03 164.00
461.00 164.97
461.03 165.00
461.03 166.00
462.00 166.97
462.03 167.00
463.00 167.97
463.03 168.00
464.00 168.97
464.03 169.00
465.00 169.97
465.03 170.00
466.00 170.97
466.03 171.00
467.00 171.97
467.03 172.00
468.00 172.97
469.00 172.97
469.03 173.00
470.00 173.97
471.00 173.97
471.03 174.00
472.00 174.97
473.00 174.97
473.03 175.00
474.00 175.97
475.00 175.97
476.00 175.97
477.00 175.97
477.03 176.00
478.00 176.97
479.00 176.97
480.00 176.97
481.00 176.97
482.00 176.97
483.00 176.97
484.00 176.97
484.03 177.00
485.00 177.97
485.97 177.00
486.00 176.97
487.00 176.97
488.00 176.97
489.00 176.97
490.00 176.97
491.00 176.97
491.97 176.00
492.00 175.97
493.00 175.97
494.00 175.97
494.97 175.00
495.00 174.97
495.97 174.00
496.00 173.97
497.00 173.97
497.97 173.00
498.00 172.97
498.97 172.00
499.00 171.97
499.97 171.00
500.00 170.97
500.97 170.00
501.00 169.97
501.97 169.00
502.00 168.97
502.97 168.00
503.00 167.97
503.97 167.00
503.97 166.00
504.00 165.97
504.97 165.00
505.00 164.97
505.97 164.00
505.97 163.00
506.00 162.97
506.97 162.00
506.97 161.00
507.00 160.97
507.97 160.00
507.97 159.00
508.00 158.97
508.97 158.00
508.97 157.00
508.97 156.00
509.00 155.97
509.97 155.00
509.97 154.00
509.97 153.00
509.97 152.00
509.97 151.00
509.97 150.00
510.00 149.97
510.97 149.00

Contour 14:
561.97 496.00
561.97 495.00
561.97 494.00
561.97 493.00
561.97 492.00
561.97 491.00
561.97 490.00
561.97 489.00
561.97 488.00
561.97 487.00
561.97 486.00
561.97 485.00
561.97 484.00
561.00 483.03
560.97 483.00
560.97 482.00
560.97 481.00
560.97 480.00
560.97 479.00
560.00 478.03
559.97 478.00
559.97 477.00
559.00 476.03
558.97 476.00
558.97 475.00
558.00 474.03
557.97 474.00
557.00 473.03
556.97 473.00
556.97 472.00
556.00 471.03
555.97 471.00
555.00 470.03
554.97 470.00
554.97 469.00
554.00 468.03
553.97 468.00
553.00 467.03
552.97 467.00
552.00 466.03
551.97 466.00
551.97 465.00
551.00 464.03
550.97 464.00
550.00 463.03
549.97 463.00
549.00 462.03
548.00 462.03
547.97 462.00
547.00 461.03
546.97 461.00
546.00 460.03
545.00 460.03
544.97 460.00
544.00 459.03
543.00 459.03
542.97 459.00
542.00 458.03
541.00 458.03
540.00 458.03
539.97 458.00
539.00 457.03
538.00 457.03
537.00 457.03
536.97 457.00
536.00 456.03
535.00 456.03
534.00 456.03
533.00 456.03
532.00 456.03
531.00 456.03
530.00 456.03
529.00 456.03
528.00 456.03
527.00 456.03
526.03 457.00
526.00 457.03
525.00 457.03
524.00 457.03
523.03 458.00
523.00 458.03
522.00 458.03
521.03 459.00
521.00 459.03
520.00 459.03
519.03 460.00
519.00 460.03
518.03 461.00
518.00 461.03
517.00 461.03
516.03 462.00
516.00 462.03
515.03 463.00
515.00 463.03
514.00 463.03
513.03 464.00
513.00 464.03
512.03 465.00
512.00 465.03
511.03 466.00
511.00 466.03
510.03 467.00
510.00 467.03
509.03 468.00
509.00 468.03
508.03 469.00
508.00 469.03
507.03 470.00
507.00 470.03
506.03 471.00
506.00 471.03
505.03 472.00
505.00 472.03
504.03 473.00
504.00 473.03
503.03 474.00
503.03 475.00
503.00 475.03
502.03 476.00
502.00 476.03
501.03 477.00
501.03 478.00
501.03 479.00
501.00 479.03
500.03 480.00
500.03 481.00
500.00 481.03
499.03 482.00
499.03 483.00
499.03 484.00
499.03 485.00
499.03 486.00
499.00 486.03
498.03 487.00
498.03 488.00
498.03 489.00
498.03 490.00
498.03 491.00
498.03 492.00
498.03 493.00
498.03 494.00
498.03 495.00
498.03 496.00
498.03 497.00
498.03 498.00
498.03 499.00
498.03 500.00
498.03 501.00
498.03 502.00
499.00 502.97
499.03 503.00
499.03 504.00
499.03 505.00
499.03 506.00
499.03 507.00
500.00 507.97
500.03 508.00
500.03 509.00
500.03 510.00
501.00 510.97
501.03 511.00
501.03 512.00
502.00 512.97
502.03 513.00
502.03 514.00
503.00 514.97
503.03 515.00
503.03 516.00
504.00 516.97
504.03 517.00
505.00 517.97
505.03 518.00
506.00 518.97
506.03 519.00
507.00 519.97
507.03 520.00
508.00 520.97
509.00 520.97
509.03 521.00
510.00 521.97
510.03 522.00
511.00 522.97
512.00 522.97
512.03 523.00
513.00 523.97
514.00 523.97
515.00 523.97
515.03 524.00
516.00 524.97
517.00 524.97
518.00 524.97
518.03 525.00
519.00 525.97
520.00 525.97
521.00 525.97
522.00 525.97
522.03 526.00
523.00 526.97
524.00 526.97
525.00 526.97
526.00 526.97
527.00 526.97
528.00 526.97
528.97 526.00
529.00 525.97
530.00 525.97
531.00 525.97
532.00 525.97
532.97 525.00
533.00 524.97
534.00 524.97
534.97 524.00
535.00 523.97
536.00 523.97
537.00 523.97
537.97 523.00
538.00 522.97
539.00 522.97
539.97 522.00
540.00 521.97
541.00 521.97
541.97 521.00
542.00 520.97
542.97 520.00
543.00 519.97
544.00 519.97
544.97 519.00
545.00 518.97
546.00 518.97
546.97 518.00
547.00 517.97
547.97 517.00
548.00 516.97
548.97 516.00
549.00 515.97
550.00 515.97
550.97 515.00
551.00 514.97
551.97 514.00
551.97 513.00
552.00 512.97
552.97 512.00
553.00 511.97
553.97 511.00
554.00 510.97
554.97 510.00
555.00 509.97
555.97 509.00
556.00 508.97
556.97 508.00
556.97 507.00
557.00 506.97
557.97 506.00
558.00 505.97
558.97 505.00
558.97 504.00
559.00 503.97
559.97 503.00
559.97 502.00
560.00 501.97
560.97 501.00
560.97 500.00
560.97 499.00
560.97 498.00
560.97 497.00
561.00 496.97
561.97 496.00

Contour 15:
598.97 696.00
598.97 695.00
598.97 694.00
598.97 693.00
598.97 692.00
598.97 691.00
598.97 690.00
598.97 689.00
598.97 688.00
598.97 687.00
598.00 686.03
597.97 686.00
597.97 685.00
597.97 684.00
597.00 683.03
596.97 683.00
596.97 682.00
596.00 681.03
595.97 681.00
595.97 680.00
595.00 679.03
594.97 679.00
594.97 678.00
594.00 677.03
593.97 677.00
593.97 676.00
593.00 675.03
592.97 675.00
592.00 674.03
591.97 674.00
591.00 673.03
590.97 673.00
590.97 672.00
590.00 671.03
589.97 671.00
589.00 670.03
588.97 670.00
588.00 669.03
587.00 669.03
586.97 669.00
586.00 668.03
585.97 668.00
585.00 667.03
584.97 667.00
584.00 666.03
583.00 666.03
582.97 666.00
582.00 665.03
581.97 665.00
581.00 664.03
580.00 664.03
579.97 664.00
579.00 663.03
578.00 663.03
577.97 663.00
577.00 662.03
576.00 662.03
575.97 662.00
575.00 661.03
574.00 661.03
573.00 661.03
572.97 661.00
572.00 660.03
571.00 660.03
570.00 660.03
569.00 660.03
568.97 660.00
568.00 659.03
567.00 659.03
566.00 659.03
565.00 659.03
564.00 659.03
563.00 659.03
562.00 659.03
561.00 659.03
560.00 659.03
559.00 659.03
558.00 659.03
557.03 660.00
557.00 660.03
556.00 660.03
555.00 660.03
554.00 660.03
553.03 661.00
553.00 661.03
552.00 661.03
551.03 662.00
551.00 662.03
550.00 662.03
549.03 663.00
549.00 663.03
548.00 663.03
547.03 664.00
547.00 664.03
546.03 665.00
546.00 665.03
545.03 666.00
545.00 666.03
544.03 667.00
544.00 667.03
543.03 668.00
543.00 668.03
542.03 669.00
542.03 670.00
542.00 670.03
541.03 671.00
541.00 671.03
540.03 672.00
540.03 673.00
540.00 673.03
539.03 674.00
539.00 674.03
538.03 675.00
538.03 676.00
538.00 676.03
537.03 677.00
537.00 677.03
536.03 678.00
536.03 679.00
536.00 679.03
535.03 680.00
535.03 681.00
535.03 682.00
535.03 683.00
535.00 683.03
534.03 684.00
534.03 685.00
534.03 686.00
534.03 687.00
534.03 688.00
534.03 689.00
534.03 690.00
534.03 691.00
534.03 692.00
535.00 692.97
535.03 693.00
535.03 694.00
535.03 695.00
535.03 696.00
535.03 697.00
535.03 698.00
536.00 698.97
536.03 699.00
536.03 700.00
536.03 701.00
537.00 701.97
537.03 702.00
537.03 703.00
538.00 703.97
538.03 704.00
538.03 705.00
539.00 705.97
539.03 706.00
540.00 706.97
540.03 707.00
540.03 708.00
541.00 708.97
541.03 709.00
542.00 709.97
542.03 710.00
542.03 711.00
543.00 711.97
543.03 712.00
544.00 712.97
544.03 713.00
545.00 713.97
545.03 714.00
546.00 714.97
546.03 715.00
547.00 715.97
548.00 715.97
548.03 716.00
549.00 716.97
549.03 717.00
550.00 717.97
551.00 717.97
551.03 718.00
552.00 718.97
553.00 718.97
553.03 719.00
554.00 719.97
555.00 719.97
556.00 719.97
556.03 720.00
557.00 720.97
558.00 720.97
559.00 720.97
560.00 720.97
561.00 720.97
562.00 720.97
563.00 720.97
564.00 720.97
565.00 720.97
566.00 720.97
567.00 720.97
568.00 720.97
569.00 720.97
570.00 720.97
571.00 720.97
572.00 720.97
573.00 720.97
574.00 720.97
575.00 720.97
575.97 720.00
576.00 719.97
577.00 719.97
578.00 719.97
579.00 719.97
579.97 719.00
580.00 718.97
581.00 718.97
581.97 718.00
582.00 717.97
583.00 717.97
583.97 717.00
584.00 716.97
584.97 716.00
585.00 715.97
585.97 715.00
586.00 714.97
587.00 714.97
587.97 714.00
588.00 713.97
588.97 713.00
589.00 712.97
589.97 712.00
590.00 711.97
590.97 711.00
590.97 710.00
591.00 709.97
591.97 709.00
592.00 708.97
592.97 708.00
593.00 707.97
593.97 707.00
593.97 706.00
594.00 705.97
594.97 705.00
595.00 704.97
595.97 704.00
595.97 703.00
596.00 702.97
596.97 702.00
596.97 701.00
597.00 700.97
597.97 700.00
597.97 699.00
597.97 698.00
597.97 697.00
598.00 696.97
598.97 696.00

Contour 16:
679.97 557.00
679.97 556.00
679.97 555.00
679.97 554.00
679.97 553.00
679.97 552.00
679.97 551.00
679.97 550.00
679.97 549.00
679.00 548.03
678.97 548.00
678.97 547.00
678.97 546.00
678.00 545.03
677.97 545.00
677.97 544.00
677.00 543.03
676.97 543.00
676.00 542.03
675.97 542.00
675.97 541.00
675.00 540.03
674.97 540.00
674.00 539.03
673.97 539.00
673.97 538.00
673.00 537.03
672.97 537.00
672.00 536.03
671.97 536.00
671.97 535.00
671.00 534.03
670.97 534.00
670.00 533.03
669.97 533.00
669.00 532.03
668.97 532.00
668.00 531.03
667.97 531.00
667.00 530.03
666.97 530.00
666.00 529.03
665.97 529.00
665.00 528.03
664.00 528.03
663.97 528.00
663.00 527.03
662.97 527.00
662.00 526.03
661.00 526.03
660.97 526.00
660.00 525.03
659.97 525.00
659.00 524.03
658.97 524.00
658.00 523.03
657.00 523.03
656.97 523.00
656.00 522.03
655.00 522.03
654.97 522.00
654.00 521.03
653.00 521.03
652.97 521.00
652.00 520.03
651.00 520.03
650.00 520.03
649.97 520.00
649.00 519.03
648.00 519.03
647.00 519.03
646.00 519.03
645.00 519.03
644.00 519.03
643.00 519.03
642.97 519.00
642.00 518.03
641.00 518.03
640.00 518.03
639.00 518.03
638.03 519.00
638.00 519.03
637.00 519.03
636.00 519.03
635.00 519.03
634.00 519.03
633.00 519.03
632.00 519.03
631.00 519.03
630.00 519.03
629.03 520.00
629.00 520.03
628.00 520.03
627.03 521.00
627.00 521.03
626.00 521.03
625.00 521.03
624.03 522.00
624.00 522.03
623.00 522.03
622.00 522.03
621.03 523.00
621.00 523.03
620.00 523.03
619.03 524.00
619.00 524.03
618.00 524.03
617.03 525.00
617.00 525.03
616.00 525.03
615.03 526.00
615.00 526.03
614.03 527.00
614.00 527.03
613.00 527.03
612.03 528.00
612.00 528.03
611.03 529.00
611.00 529.03
610.03 530.00
610.00 530.03
609.03 531.00
609.00 531.03
608.03 532.00
608.00 532.03
607.03 533.00
607.03 534.00
607.00 534.03
606.03 535.00
606.00 535.03
605.03 536.00
605.03 537.00
605.03 538.00
605.00 538.03
604.03 539.00
604.03 540.00
604.03 541.00
604.03 542.00
604.03 543.00
604.03 544.00
604.03 545.00
604.03 546.00
604.03 547.00
604.03 548.00
604.03 549.00
605.00 549.97
605.03 550.00
605.03 551.00
605.03 552.00
605.03 553.00
606.00 553.97
606.03 554.00
606.03 555.00
607.00 555.97
607.03 556.00
607.03 557.00
607.03 558.00
608.00 558.97
608.03 559.00
608.03 560.00
608.03 561.00
609.00 561.97
609.03 562.00
609.03 563.00
610.00 563.97
610.03 564.00
610.03 565.00
611.00 565.97
611.03 566.00
611.03 567.00
612.00 567.97
612.03 568.00
612.03 569.00
612.03 570.00
613.00 570.97
613.03 571.00
613.03 572.00
614.00 572.97
614.03 573.00
614.03 574.00
615.00 574.97
615.03 575.00
615.03 576.00
616.00 576.97
616.03 577.00
616.03 578.00
617.00 578.97
617.03 579.00
618.00 579.97
618.03 580.00
619.00 580.97
619.03 581.00
620.00 581.97
620.03 582.00
621.00 582.97
621.03 583.00
622.00 583.97
622.03 584.00
623.00 584.97
624.00 584.97
624.03 585.00
625.00 585.97
625.03 586.00
626.00 586.97
627.00 586.97
627.03 587.00
628.00 587.97
629.00 587.97
629.03 588.00
630.00 588.97
631.00 588.97
631.03 589.00
632.00 589.97
633.00 589.97
634.00 589.97
634.03 590.00
635.00 590.97
636.00 590.97
637.00 590.97
638.00 590.97
638.03 591.00
639.00 591.97
640.00 591.97
641.00 591.97
642.00 591.97
643.00 591.97
644.00 591.97
645.00 591.97
646.00 591.97
647.00 591.97
648.00 591.97
649.00 591.97
650.00 591.97
651.00 591.97
652.00 591.97
653.00 591.97
654.00 591.97
655.00 591.97
655.97 591.00
656.00 590.97
657.00 590.97
657.97 590.00
658.00 589.97
659.00 589.97
659.97 589.00
660.00 588.97
660.97 588.00
661.00 587.97
662.00 587.97
662.97 587.00
663.00 586.97
663.97 586.00
664.00 585.97
664.97 585.00
665.00 584.97
665.97 584.00
666.00 583.97
666.97 583.00
667.00 582.97
667.97 582.00
668.00 581.97
668.97 581.00
668.97 580.00
669.00 579.97
669.97 579.00
670.00 578.97
670.97 578.00
670.97 577.00
671.00 576.97
671.97 576.00
671.97 575.00
671.97 574.00
672.00 573.97
672.97 573.00
672.97 572.00
673.00 571.97
673.97 571.00
673.97 570.00
673.97 569.00
674.00 568.97
674.97 568.00
674.97 567.00
675.00 566.97
675.97 566.00
675.97 565.00
676.00 564.97
676.97 564.00
676.97 563.00
677.00 562.97
677.97 562.00
677.97 561.00
678.00 560.97
678.97 560.00
678.97 559.00
678.97 558.00
679.00 557.97
679.97 557.00

Contour 17:
676.97 414.00
676.97 413.00
676.97 412.00
676.97 411.00
676.97 410.00
676.97 409.00
676.97 408.00
676.97 407.00
676.97 406.00
676.97 405.00
676.97 404.00
676.97 403.00
676.97 402.00
676.97 401.00
676.00 400.03
675.97 400.00
675.97 399.00
675.97 398.00
675.00 397.03
674.97 397.00
674.97 396.00
674.97 395.00
674.00 394.03
673.97 394.00
673.97 393.00
673.97 392.00
673.00 391.03
672.97 391.00
672.97 390.00
672.97 389.00
672.00 388.03
671.97 388.00
671.97 387.00
671.00 386.03
670.97 386.00
670.00 385.03
669.97 385.00
669.97 384.00
669.00 383.03
668.97 383.00
668.00 382.03
667.97 382.00
667.00 381.03
666.97 381.00
666.00 380.03
665.00 380.03
664.97 380.00
664.00 379.03
663.97 379.00
663.00 378.03
662.97 378.00
662.00 377.03
661.97 377.00
661.00 376.03
660.97 376.00
660.00 375.03
659.00 375.03
658.97 375.00
658.00 374.03
657.00 374.03
656.97 374.00
656.00 373.03
655.97 373.00
655.00 372.03
654.00 372.03
653.97 372.00
653.00 371.03
652.00 371.03
651.00 371.03
650.97 371.00
650.00 370.03
649.00 370.03
648.00 370.03
647.00 370.03
646.97 370.00
646.00 369.03
645.00 369.03
644.00 369.03
643.00 369.03
642.00 369.03
641.03 370.00
641.00 370.03
640.00 370.03
639.00 370.03
638.00 370.03
637.00 370.03
636.00 370.03
635.03 371.00
635.00 371.03
634.00 371.03
633.00 371.03
632.00 371.03
631.03 372.00
631.00 372.03
630.00 372.03
629.03 373.00
629.00 373.03
628.00 373.03
627.03 374.00
627.00 374.03
626.00 374.03
625.03 375.00
625.00 375.03
624.03 376.00
624.00 376.03
623.00 376.03
622.03 377.00
622.00 377.03
621.03 378.00
621.00 378.03
620.00 378.03
619.03 379.00
619.00 379.03
618.03 380.00
618.00 380.03
617.03 381.00
617.00 381.03
616.03 382.00
616.03 383.00
616.00 383.03
615.03 384.00
615.00 384.03
614.03 385.00
614.00 385.03
613.03 386.00
613.00 386.03
612.03 387.00
612.03 388.00
612.00 388.03
611.03 389.00
611.00 389.03
610.03 390.00
610.03 391.00
610.00 391.03
609.03 392.00
609.03 393.00
609.00 393.03
608.03 394.00
608.00 394.03
607.03 395.00
607.03 396.00
607.03 397.00
607.00 397.03
606.03 398.00
606.03 399.00
606.03 400.00
606.03 401.00
606.00 401.03
605.03 402.00
605.03 403.00
605.03 404.00
605.03 405.00
605.03 406.00
605.03 407.00
605.03 408.00
605.03 409.00
605.03 410.00
605.03 411.00
605.03 412.00
605.03 413.00
605.03 414.00
605.03 415.00
605.03 416.00
606.00 416.97
606.03 417.00
606.03 418.00
606.03 419.00
607.00 419.97
607.03 420.00
607.03 421.00
607.03 422.00
608.00 422.97
608.03 423.00
608.03 424.00
609.00 424.97
609.03 425.00
609.03 426.00
610.00 426.97
610.03 427.00
610.03 428.00
611.00 428.97
611.03 429.00
611.03 430.00
612.00 430.97
612.03 431.00
613.00 431.97
613.03 432.00
614.00 432.97
614.03 433.00
615.00 433.97
615.03 434.00
616.00 434.97
616.03 435.00
617.00 435.97
618.00 435.97
618.03 436.00
619.00 436.97
619.03 437.00
620.00 437.97
621.00 437.97
621.03 438.00
622.00 438.97
623.00 438.97
623.03 439.00
624.00 439.97
625.00 439.97
625.03 440.00
626.00 440.97
627.00 440.97
627.03 441.00
628.00 441.97
629.00 441.97
630.00 441.97
630.03 442.00
631.00 442.97
632.00 442.97
633.00 442.97
634.00 442.97
634.03 443.00
635.00 443.97
636.00 443.97
637.00 443.97
638.00 443.97
639.00 443.97
640.00 443.97
641.00 443.97
642.00 443.97
643.00 443.97
644.00 443.97
645.00 443.97
646.00 443.97
646.97 443.00
647.00 442.97
648.00 442.97
649.00 442.97
650.00 442.97
650.97 442.00
651.00 441.97
652.00 441.97
653.00 441.97
653.97 441.00
654.00 440.97
655.00 440.97
656.00 440.97
656.97 440.00
657.00 439.97
658.00 439.97
658.97 439.00
659.00 438.97
660.00 438.97
660.97 438.00
661.00 437.97
661.97 437.00
662.00 436.97
663.00 436.97
663.97 436.00
664.00 435.97
664.97 435.00
665.00 434.97
665.97 434.00
666.00 433.97
666.97 433.00
667.00 432.97
667.97 432.00
668.00 431.97
668.97 431.00
668.97 430.00
669.00 429.97
669.97 429.00
670.00 428.97
670.97 428.00
670.97 427.00
671.00 426.97
671.97 426.00
672.00 425.97
672.97 425.00
672.97 424.00
673.00 423.97
673.97 423.00
673.97 422.00
674.00 421.97
674.97 421.00
674.97 420.00
674.97 419.00
675.00 418.97
675.97 418.00
675.97 417.00
675.97 416.00
675.97 415.00
676.00 414.97
676.97 414.00

Contour 18:
685.98 103.00
685.98 102.00
685.98 101.00
685.98 100.00
685.98 99.00
685.98 98.00
685.98 97.00
685.98 96.00
685.98 95.00
685.98 94.00
685.98 93.00
685.98 92.00
685.98 91.00
685.00 90.03
684.98 90.00
684.98 89.00
684.98 88.00
684.98 87.00
684.98 86.00
684.98 85.00
684.98 84.00
684.98 83.00
684.98 82.00
684.00 81.03
683.98 81.00
683.98 80.00
683.98 79.00
683.00 78.03
682.98 78.00
682.98 77.00
682.00 76.03
681.98 76.00
681.98 75.00
681.00 74.03
680.98 74.00
680.00 73.03
679.98 73.00
679.98 72.00
679.00 71.03
678.98 71.00
678.00 70.03
677.98 70.00
677.00 69.03
676.98 69.00
676.00 68.03
675.00 68.03
674.98 68.00
674.00 67.03
673.98 67.00
673.00 66.03
672.98 66.00
672.00 65.03
671.98 65.00
671.00 64.03
670.98 64.00
670.00 63.02
669.00 63.02
668.98 63.00
668.00 62.02
667.00 62.02
666.98 62.00
666.00 61.02
665.98 61.00
665.00 60.02
664.00 60.02
663.98 60.00
663.00 59.02
662.00 59.02
661.00 59.02
660.98 59.00
660.00 58.02
659.00 58.02
658.00 58.02
657.00 58.02
656.98 58.00
656.00 57.02
655.00 57.02
654.00 57.02
653.00 57.02
652.00 57.02
651.00 57.02
650.02 58.00
650.00 58.02
649.00 58.02
648.00 58.02
647.00 58.02
646.00 58.02
645.02 59.00
645.00 59.02
644.00 59.02
643.00 59.02
642.02 60.00
642.00 60.02
641.02 61.00
641.00 61.02
640.00 61.02
639.02 62.00
639.00 62.02
638.00 62.02
637.02 63.00
637.00 63.02
636.02 64.00
636.00 64.03
635.02 65.00
635.00 65.03
634.02 66.00
634.00 66.03
633.02 67.00
633.00 67.03
632.02 68.00
632.02 69.00
632.00 69.03
631.02 70.00
631.00 70.03
630.02 71.00
630.02 72.00
630.00 72.03
629.02 73.00
629.02 74.00
629.02 75.00
629.02 76.00
629.00 76.03
628.02 77.00
628.02 78.00
628.02 79.00
628.02 80.00
628.02 81.00
628.00 81.03
627.02 82.00
627.02 83.00
627.02 84.00
627.02 85.00
627.02 86.00
627.02 87.00
627.02 88.00
627.02 89.00
627.02 90.00
627.02 91.00
627.02 92.00
627.02 93.00
627.02 94.00
628.00 94.97
628.02 95.00
628.02 96.00
628.02 97.00
629.00 97.97
629.02 98.00
629.02 99.00
630.00 99.97
630.02 100.00
630.02 101.00
631.00 101.97
631.02 102.00
632.00 102.97
632.02 103.00
632.02 104.00
633.00 104.97
633.02 105.00
634.00 105.97
634.02 106.00
634.02 107.00
635.00 107.97
635.02 108.00
636.00 108.97
636.02 109.00
637.00 109.97
637.02 110.00
638.00 110.97
638.02 111.00
638.02 112.00
639.00 112.97
639.02 113.00
640.00 113.97
640.02 114.00
641.00 114.97
641.02 115.00
642.00 115.97
642.02 116.00
643.00 116.97
644.00 116.97
644.02 117.00
645.00 117.97
645.02 118.00
646.00 118.97
646.02 119.00
647.00 119.97
648.00 119.97
648.02 120.00
649.00 120.97
650.00 120.97
650.02 121.00
651.00 121.97
652.00 121.97
652.02 122.00
653.00 122.97
654.00 122.97
654.02 123.00
655.00 123.97
656.00 123.97
657.00 123.97
658.00 123.97
659.00 123.97
660.00 123.97
661.00 123.97
662.00 123.97
663.00 123.97
664.00 123.97
665.00 123.97
666.00 123.97
667.00 123.97
668.00 123.97
668.98 123.00
669.00 122.97
670.00 122.97
671.00 122.97
671.98 122.00
672.00 121.97
672.98 121.00
673.00 120.97
673.98 120.00
674.00 119.97
675.00 119.97
675.98 119.00
676.00 118.97
676.98 118.00
677.00 117.97
677.98 117.00
678.00 116.97
678.98 116.00
679.00 115.97
679.98 115.00
680.00 114.97
680.98 114.00
680.98 113.00
681.00 112.97
681.98 112.00
682.00 111.97
682.98 111.00
682.98 110.00
683.00 109.97
683.98 109.00
683.98 108.00
683.98 107.00
684.00 106.97
684.98 106.00
684.98 105.00
684.98 104.00
685.00 103.97
685.98 103.00

Contour 19:
701.98 223.00
701.98 222.00
701.98 221.00
701.98 220.00
701.00 219.02
700.98 219.00
700.98 218.00
700.98 217.00
700.98 216.00
700.00 215.02
699.98 215.00
699.98 214.00
699.00 213.02
698.98 213.00
698.98 212.00
698.98 211.00
698.00 210.02
697.98 210.00
697.98 209.00
697.00 208.02
696.98 208.00
696.98 207.00
696.98 206.00
696.00 205.02
695.98 205.00
695.00 204.02
694.98 204.00
694.98 203.00
694.00 202.02
693.98 202.00
693.98 201.00
693.00 200.02
692.98 200.00
692.98 199.00
692.00 198.02
691.98 198.00
691.00 197.02
690.98 197.00
690.98 196.00
690.00 195.02
689.98 195.00
689.00 194.02
688.98 194.00
688.00 193.02
687.98 193.00
687.00 192.02
686.98 192.00
686.00 191.02
685.98 191.00
685.00 190.02
684.98 190.00
684.00 189.02
683.00 189.02
682.98 189.00
682.00 188.02
681.98 188.00
681.00 187.02
680.00 187.02
679.98 187.00
679.00 186.02
678.00 186.02
677.98 186.00
677.00 185.02
676.00 185.02
675.98 185.00
675.00 184.02
674.00 184.02
673.00 184.02
672.00 184.02
671.00 184.02
670.98 184.00
670.00 183.02
669.00 183.02
668.00 183.02
667.00 183.02
666.00 183.02
665.00 183.02
664.00 183.02
663.00 183.02
662.00 183.02
661.00 183.02
660.00 183.02
659.00 183.02
658.00 183.02
657.02 184.00
657.00 184.02
656.00 184.02
655.00 184.02
654.00 184.02
653.02 185.00
653.00 185.02
652.00 185.02
651.02 186.00
651.00 186.02
650.00 186.02
649.02 187.00
649.00 187.02
648.00 187.02
647.02 188.00
647.00 188.02
646.02 189.00
646.00 189.02
645.02 190.00
645.00 190.02
644.02 191.00
644.00 191.02
643.02 192.00
643.00 192.02
642.02 193.00
642.02 194.00
642.00 194.02
641.02 195.00
641.00 195.02
640.02 196.00
640.02 197.00
640.00 197.02
639.02 198.00
639.00 198.02
638.02 199.00
638.02 200.00
638.00 200.02
637.02 201.00
637.02 202.00
637.00 202.02
636.02 203.00
636.02 204.00
636.02 205.00
636.00 205.02
635.02 206.00
635.02 207.00
635.02 208.00
635.02 209.00
635.02 210.00
635.02 211.00
635.00 211.02
634.02 212.00
634.02 213.00
634.02 214.00
634.02 215.00
634.02 216.00
634.02 217.00
634.02 218.00
634.02 219.00
634.02 220.00
635.00 220.98
635.02 221.00
635.02 222.00
635.02 223.00
635.02 224.00
636.00 224.98
636.02 225.00
636.02 226.00
637.00 226.98
637.02 227.00
637.02 228.00
638.00 228.98
638.02 229.00
638.02 230.00
638.02 231.00
639.00 231.98
639.02 232.00
640.00 232.98
640.02 233.00
640.02 234.00
641.00 234.98
641.02 235.00
641.02 236.00
642.00 236.98
642.02 237.00
643.00 237.98
643.02 238.00
644.00 238.98
644.02 239.00
645.00 239.98
645.02 240.00
646.00 240.98
646.02 241.00
647.00 241.98
647.02 242.00
648.00 242.98
648.02 243.00
649.00 243.98
649.02 244.00
650.00 244.98
650.02 245.00
651.00 245.98
651.02 246.00
652.00 246.98
652.02 247.00
653.00 247.98
654.00 247.98
654.02 248.00
655.00 248.98
655.02 249.00
656.00 249.98
657.00 249.98
657.02 250.00
658.00 250.98
659.00 250.98
659.02 251.00
660.00 251.98
661.00 251.98
662.00 251.98
662.02 252.00
663.00 252.98
664.00 252.98
665.00 252.98
666.00 252.98
666.02 253.00
667.00 253.98
668.00 253.98
669.00 253.98
670.00 253.98
671.00 253.98
672.00 253.98
673.00 253.98
673.98 253.00
674.00 252.98
675.00 252.98
676.00 252.98
677.00 252.98
678.00 252.98
679.00 252.98
679.98 252.00
680.00 251.98
681.00 251.98
681.98 251.00
682.00 250.98
683.00 250.98
683.98 250.00
684.00 249.98
685.00 249.98
685.98 249.00
686.00 248.98
686.98 248.00
687.00 247.98
687.98 247.00
688.00 246.98
689.00 246.98
689.98 246.00
690.00 245.98
690.98 245.00
691.00 244.98
691.98 244.00
692.00 243.98
692.98 243.00
693.00 242.98
693.98 242.00
694.00 241.98
694.98 241.00
695.00 240.98
695.98 240.00
695.98 239.00
696.00 238.98
696.98 238.00
696.98 237.00
697.00 236.98
697.98 236.00
697.98 235.00
698.00 234.98
698.98 234.00
698.98 233.00
698.98 232.00
699.00 231.98
699.98 231.00
699.98 230.00
699.98 229.00
700.00 228.98
700.98 228.00
700.98 227.00
700.98 226.00
700.98 225.00
700.98 224.00
701.00 223.98
701.98 223.00

Contour 20:
719.98 870.00
719.98 869.00
719.98 868.00
719.98 867.00
719.00 866.02
718.98 866.00
718.98 865.00
718.98 864.00
718.98 863.00
718.98 862.00
718.00 861.02
717.98 861.00
717.98 860.00
717.00 859.02
716.98 859.00
716.98 858.00
716.98 857.00
716.00 856.02
715.98 856.00
715.98 855.00
715.00 854.02
714.98 854.00
714.98 853.00
714.00 852.02
713.98 852.00
713.98 851.00
713.00 850.02
712.98 850.00
712.00 849.02
711.98 849.00
711.98 848.00
711.00 847.02
710.98 847.00
710.98 846.00
710.00 845.02
709.98 845.00
709.00 844.02
708.98 844.00
708.98 843.00
708.00 842.02
707.98 842.00
707.00 841.02
706.98 841.00
706.00 840.02
705.98 840.00
705.00 839.02
704.98 839.00
704.00 838.02
703.98 838.00
703.00 837.02
702.98 837.00
702.00 836.02
701.00 836.02
700.98 836.00
700.00 835.02
699.98 835.00
699.00 834.02
698.00 834.02
697.98 834.00
697.00 833.02
696.98 833.00
696.00 832.02
695.00 832.02
694.00 832.02
693.98 832.00
693.00 831.02
692.00 831.02
691.98 831.00
691.00 830.02
690.00 830.02
689.00 830.02
688.98 830.00
688.00 829.02
687.00 829.02
686.00 829.02
685.98 829.00
685.00 828.02
684.00 828.02
683.00 828.02
682.00 828.02
681.00 828.02
680.00 828.02
679.00 828.02
678.00 828.02
677.00 828.02
676.00 828.02
675.00 828.02
674.00 828.02
673.02 829.00
673.00 829.02
672.00 829.02
671.00 829.02
670.00 829.02
669.02 830.00
669.00 830.02
668.00 830.02
667.02 831.00
667.00 831.02
666.00 831.02
665.02 832.00
665.00 832.02
664.00 832.02
663.02 833.00
663.00 833.02
662.00 833.02
661.02 834.00
661.00 834.02
660.00 834.02
659.02 835.00
659.00 835.02
658.00 835.02
657.02 836.00
657.00 836.02
656.02 837.00
656.00 837.02
655.00 837.02
654.02 838.00
654.00 838.02
653.02 839.00
653.00 839.02
652.02 840.00
652.00 840.02
651.02 841.00
651.00 841.02
650.02 842.00
650.02 843.00
650.00 843.02
649.02 844.00
649.02 845.00
649.02 846.00
649.00 846.02
648.02 847.00
648.02 848.00
648.02 849.00
648.02 850.00
648.02 851.00
648.00 851.02
647.02 852.00
648.00 852.98
648.02 853.00
648.02 854.00
648.02 855.00
648.02 856.00
648.02 857.00
649.00 857.98
649.02 858.00
649.02 859.00
650.00 859.98
650.02 860.00
651.00 860.98
651.02 861.00
651.02 862.00
652.00 862.98
652.02 863.00
652.02 864.00
653.00 864.98
653.02 865.00
654.00 865.98
654.02 866.00
654.02 867.00
655.00 867.98
655.02 868.00
656.00 868.98
656.02 869.00
657.00 869.98
657.02 870.00
657.02 871.00
658.00 871.98
658.02 872.00
659.00 872.98
659.02 873.00
660.00 873.98
660.02 874.00
661.00 874.98
661.02 875.00
662.00 875.98
662.02 876.00
663.00 876.98
663.02 877.00
664.00 877.98
664.02 878.00
665.00 878.98
665.02 879.00
666.00 879.98
666.02 880.00
667.00 880.98
667.02 881.00
668.00 881.98
668.02 882.00
669.00 882.98
669.02 883.00
670.00 883.98
670.02 884.00
671.00 884.98
671.02 885.00
672.00 885.98
673.00 885.98
673.02 886.00
674.00 886.98
674.02 887.00
675.00 887.98
676.00 887.98
676.02 888.00
677.00 888.98
677.02 889.00
678.00 889.98
679.00 889.98
679.02 890.00
680.00 890.98
681.00 890.98
681.02 891.00
682.00 891.98
683.00 891.98
683.02 892.00
684.00 892.98
685.00 892.98
686.00 892.98
686.02 893.00
687.00 893.98
688.00 893.98
689.00 893.98
689.02 894.00
690.00 894.98
691.00 894.98
692.00 894.98
693.00 894.98
694.00 894.98
695.00 894.98
696.00 894.98
697.00 894.98
698.00 894.98
699.00 894.98
700.00 894.98
700.98 894.00
701.00 893.98
702.00 893.98
703.00 893.98
703.98 893.00
704.00 892.98
705.00 892.98
705.98 892.00
706.00 891.98
706.98 891.00
707.00 890.98
708.00 890.98
708.98 890.00
709.00 889.98
709.98 889.00
710.00 888.98
710.98 888.00
711.00 887.98
711.98 887.00
712.00 886.98
712.98 886.00
712.98 885.00
713.00 884.98
713.98 884.00
714.00 883.98
714.98 883.00
714.98 882.00
715.00 881.98
715.98 881.00
716.00 880.98
716.98 880.00
716.98 879.00
717.00 878.98
717.98 878.00
717.98 877.00
717.98 876.00
718.00 875.98
718.98 875.00
718.98 874.00
718.98 873.00
718.98 872.00
718.98 871.00
719.00 870.98
719.98 870.00

Contour 21:
736.98 681.00
736.98 680.00
736.98 679.00
736.98 678.00
736.98 677.00
736.98 676.00
736.98 675.00
736.98 674.00
736.98 673.00
736.98 672.00
736.98 671.00
736.98 670.00
736.98 669.00
736.98 668.00
736.98 667.00
736.98 666.00
736.98 665.00
736.98 664.00
736.00 663.02
735.98 663.00
735.98 662.00
735.98 661.00
735.00 660.02
734.98 660.00
734.98 659.00
734.98 658.00
734.00 657.02
733.98 657.00
733.98 656.00
733.00 655.02
732.98 655.00
732.00 654.02
731.98 654.00
731.00 653.02
730.98 653.00
730.00 652.02
729.98 652.00
729.00 651.02
728.98 651.00
728.98 650.00
728.00 649.02
727.98 649.00
727.00 648.02
726.00 648.02
725.98 648.00
725.00 647.02
724.98 647.00
724.00 646.02
723.00 646.02
722.98 646.00
722.00 645.02
721.00 645.02
720.98 645.00
720.00 644.02
719.00 644.02
718.98 644.00
718.00 643.02
717.00 643.02
716.00 643.02
715.00 643.02
714.98 643.00
714.00 642.02
713.00 642.02
712.00 642.02
711.00 642.02
710.00 642.02
709.00 642.02
708.00 642.02
707.00 642.02
706.00 642.02
705.02 643.00
705.00 643.02
704.00 643.02
703.00 643.02
702.02 644.00
702.00 644.02
701.00 644.02
700.00 644.02
699.02 645.00
699.00 645.02
698.00 645.02
697.00 645.02
696.02 646.00
696.00 646.02
695.02 647.00
695.00 647.02
694.00 647.02
693.02 648.00
693.00 648.02
692.02 649.00
692.00 649.02
691.02 650.00
691.00 650.02
690.00 650.02
689.02 651.00
689.00 651.02
688.02 652.00
688.00 652.02
687.02 653.00
687.00 653.02
686.02 654.00
686.02 655.00
686.00 655.02
685.02 656.00
685.00 656.02
684.02 657.00
684.00 657.02
683.02 658.00
683.02 659.00
683.00 659.02
682.02 660.00
682.00 660.02
681.02 661.00
681.02 662.00
681.00 662.02
680.02 663.00
680.02 664.00
680.00 664.02
679.02 665.00
679.02 666.00
679.00 666.02
678.02 667.00
678.02 668.00
678.02 669.00
678.02 670.00
678.02 671.00
678.00 671.02
677.02 672.00
677.02 673.00
677.02 674.00
677.02 675.00
677.02 676.00
677.02 677.00
677.02 678.00
677.02 679.00
677.02 680.00
677.02 681.00
677.02 682.00
677.02 683.00
678.00 683.98
678.02 684.00
678.02 685.00
678.02 686.00
678.02 687.00
678.02 688.00
679.00 688.98
679.02 689.00
679.02 690.00
680.00 690.98
680.02 691.00
680.02 692.00
680.02 693.00
681.00 693.98
681.02 694.00
682.00 694.98
682.02 695.00
682.02 696.00
683.00 696.98
683.02 697.00
684.00 697.98
684.02 698.00
685.00 698.98
685.02 699.00
686.00 699.98
686.02 700.00
686.02 701.00
687.00 701.98
688.00 701.98
688.02 702.00
689.00 702.98
689.02 703.00
690.00 703.98
690.02 704.00
691.00 704.98
692.00 704.98
692.02 705.00
693.00 705.98
694.00 705.98
695.00 705.98
695.02 706.00
696.00 706.98
697.00 706.98
698.00 706.98
699.00 706.98
699.02 707.00
700.00 707.98
701.00 707.98
702.00 707.98
703.00 707.98
704.00 707.98
705.00 707.98
706.00 707.98
707.00 707.98
708.00 707.98
709.00 707.98
710.00 707.98
710.98 707.00
711.00 706.98
712.00 706.98
713.00 706.98
713.98 706.00
714.00 705.98
715.00 705.98
716.00 705.98
716.98 705.00
717.00 704.98
718.00 704.98
718.98 704.00
719.00 703.98
720.00 703.98
720.98 703.00
721.00 702.98
721.98 702.00
722.00 701.98
723.00 701.98
723.98 701.00
724.00 700.98
724.98 700.00
725.00 699.98
725.98 699.00
726.00 698.98
726.98 698.00
727.00 697.98
727.98 697.00
728.00 696.98
728.98 696.00
729.00 695.98
729.98 695.00
730.00 694.98
730.98 694.00
731.00 693.98
731.98 693.00
731.98 692.00
732.00 691.98
732.98 691.00
733.00 690.98
733.98 690.00
733.98 689.00
734.00 688.98
734.98 688.00
734.98 687.00
734.98 686.00
735.00 685.98
735.98 685.00
735.98 684.00
735.98 683.00
735.98 682.00
736.00 681.98
736.98 681.00

Contour 22:
761.98 444.00
761.98 443.00
761.98 442.00
761.98 441.00
761.98 440.00
761.98 439.00
761.98 438.00
761.98 437.00
761.98 436.00
761.98 435.00
761.98 434.00
761.98 433.00
761.98 432.00
761.98 431.00
761.00 430.02
760.98 430.00
760.98 429.00
760.98 428.00
760.00 427.02
759.98 427.00
759.98 426.00
759.00 425.02
758.98 425.00
758.98 424.00
758.00 423.02
757.98 423.00
757.98 422.00
757.00 421.02
756.98 421.00
756.00 420.02
755.98 420.00
755.98 419.00
755.00 418.02
754.98 418.00
754.98 417.00
754.00 416.02
753.98 416.00
753.00 415.02
752.98 415.00
752.98 414.00
752.00 413.02
751.98 413.00
751.98 412.00
751.00 411.02
750.98 411.00
750.00 410.02
749.98 410.00
749.00 409.02
748.98 409.00
748.00 408.02
747.98 408.00
747.00 407.02
746.98 407.00
746.00 406.02
745.00 406.02
744.98 406.00
744.00 405.02
743.98 405.00
743.00 404.02
742.00 404.02
741.00 404.02
740.00 404.02
739.00 404.02
738.00 404.02
737.00 404.02
736.00 404.02
735.00 404.02
734.00 404.02
733.00 404.02
732.02 405.00
732.00 405.02
731.00 405.02
730.00 405.02
729.02 406.00
729.00 406.02
728.02 407.00
728.00 407.02
727.00 407.02
726.02 408.00
726.00 408.02
725.02 409.00
725.00 409.02
724.02 410.00
724.00 410.02
723.02 411.00
723.00 411.02
722.02 412.00
722.02 413.00
722.00 413.02
721.02 414.00
721.02 415.00
721.00 415.02
720.02 416.00
720.02 417.00
720.00 417.02
719.02 418.00
719.02 419.00
719.00 419.02
718.02 420.00
718.02 421.00
718.00 421.02
717.02 422.00
717.02 423.00
717.02 424.00
717.00 424.02
716.02 425.00
716.02 426.00
716.02 427.00
716.00 427.02
715.02 428.00
715.02 429.00
715.02 430.00
715.02 431.00
715.00 431.02
714.02 432.00
714.02 433.00
714.02 434.00
714.00 434.02
713.02 435.00
713.02 436.00
713.02 437.00
713.00 437.02
712.02 438.00
712.02 439.00
712.02 440.00
712.02 441.00
712.02 442.00
712.02 443.00
712.00 443.02
711.02 444.00
711.02 445.00
711.02 446.00
711.02 447.00
711.02 448.00
711.02 449.00
711.02 450.00
711.02 451.00
711.02 452.00
711.02 453.00
711.02 454.00
711.02 455.00
711.02 456.00
711.02 457.00
711.02 458.00
711.02 459.00
712.00 459.98
712.02 460.00
712.02 461.00
712.02 462.00
712.02 463.00
713.00 463.98
713.02 464.00
713.02 465.00
713.02 466.00
714.00 466.98
714.02 467.00
714.02 468.00
714.02 469.00
715.00 469.98
715.02 470.00
716.00 470.98
716.02 471.00
716.02 472.00
717.00 472.98
717.02 473.00
718.00 473.98
718.02 474.00
719.00 474.98
720.00 474.98
720.02 475.00
721.00 475.98
722.00 475.98
723.00 475.98
724.00 475.98
725.00 475.98
726.00 475.98
727.00 475.98
728.00 475.98
728.98 475.00
729.00 474.98
730.00 474.98
731.00 474.98
731.98 474.00
732.00 473.98
732.98 473.00
733.00 472.98
734.00 472.98
734.98 472.00
735.00 471.98
736.00 471.98
736.98 471.00
737.00 470.98
737.98 470.00
738.00 469.98
739.00 469.98
739.98 469.00
740.00 468.98
740.98 468.00
741.00 467.98
742.00 467.98
742.98 467.00
743.00 466.98
743.98 466.00
744.00 465.98
745.00 465.98
745.98 465.00
746.00 464.98
746.98 464.00
747.00 463.98
747.98 463.00
748.00 462.98
748.98 462.00
749.00 461.98
749.98 461.00
750.00 460.98
750.98 460.00
751.00 459.98
751.98 459.00
752.00 458.98
752.98 458.00
753.00 457.98
753.98 457.00
754.00 456.98
754.98 456.00
755.00 455.98
755.98 455.00
755.98 454.00
756.00 453.98
756.98 453.00
757.00 452.98
757.98 452.00
757.98 451.00
758.00 450.98
758.98 450.00
759.00 449.98
759.98 449.00
759.98 448.00
759.98 447.00
760.00 446.98
760.98 446.00
760.98 445.00
761.00 444.98
761.98 444.00

Contour 23:
908.98 792.00
908.98 791.00
908.98 790.00
908.98 789.00
908.98 788.00
908.98 787.00
908.98 786.00
908.98 785.00
908.98 784.00
908.98 783.00
908.98 782.00
908.98 781.00
908.98 780.00
908.98 779.00
908.00 778.02
907.98 778.00
907.98 777.00
907.98 776.00
907.00 775.02
906.98 775.00
906.98 774.00
906.98 773.00
906.98 772.00
906.00 771.02
905.98 771.00
905.98 770.00
905.98 769.00
905.00 768.02
904.98 768.00
904.98 767.00
904.98 766.00
904.00 765.02
903.98 765.00
903.98 764.00
903.00 763.02
902.98 763.00
902.00 762.02
901.98 762.00
901.98 761.00
901.00 760.02
900.98 760.00
900.98 759.00
900.00 758.02
899.98 758.00
899.98 757.00
899.00 756.02
898.98 756.00
898.00 755.02
897.98 755.00
897.98 754.00
897.00 753.02
896.98 753.00
896.00 752.02
895.98 752.00
895.98 751.00
895.00 750.02
894.98 750.00
894.00 749.02
893.98 749.00
893.98 748.00
893.00 747.02
892.98 747.00
892.00 746.02
891.98 746.00
891.00 745.02
890.98 745.00
890.00 744.02
889.00 744.02
888.98 744.00
888.00 743.02
887.00 743.02
886.98 743.00
886.00 742.02
885.00 742.02
884.98 742.00
884.00 741.02
883.00 741.02
882.00 741.02
881.00 741.02
880.98 741.00
880.00 740.02
879.00 740.02
878.00 740.02
877.00 740.02
876.00 740.02
875.00 740.02
874.00 740.02
873.98 740.00
873.00 739.02
872.00 739.02
871.00 739.02
870.00 739.02
869.00 739.02
868.00 739.02
867.00 739.02
866.00 739.02
865.00 739.02
864.00 739.02
863.00 739.02
862.00 739.02
861.00 739.02
860.00 739.02
859.00 739.02
858.00 739.02
857.00 739.02
856.00 739.02
855.02 740.00
855.00 740.02
854.00 740.02
853.00 740.02
852.00 740.02
851.00 740.02
850.02 741.00
850.00 741.02
849.00 741.02
848.00 741.02
847.02 742.00
847.00 742.02
846.00 742.02
845.02 743.00
845.00 743.02
844.00 743.02
843.02 744.00
843.00 744.02
842.02 745.00
842.00 745.02
841.00 745.02
840.02 746.00
840.00 746.02
839.00 746.02
838.02 747.00
838.00 747.02
837.02 748.00
837.00 748.02
836.02 749.00
836.00 749.02
835.00 749.02
834.02 750.00
834.00 750.02
833.02 751.00
833.00 751.02
832.02 752.00
832.02 753.00
832.00 753.02
831.02 754.00
831.00 754.02
830.02 755.00
830.00 755.02
829.02 756.00
829.02 757.00
829.00 757.02
828.02 758.00
828.02 759.00
828.00 759.02
827.02 760.00
827.02 761.00
827.00 761.02
826.02 762.00
826.02 763.00
826.02 764.00
826.00 764.02
825.02 765.00
825.02 766.00
825.02 767.00
825.02 768.00
825.02 769.00
825.02 770.00
825.02 771.00
825.02 772.00
825.02 773.00
825.02 774.00
825.02 775.00
826.00 775.98
826.02 776.00
826.02 777.00
826.02 778.00
826.02 779.00
826.02 780.00
826.02 781.00
826.02 782.00
826.02 783.00
827.00 783.98
827.02 784.00
827.02 785.00
827.02 786.00
827.02 787.00
827.02 788.00
828.00 788.98
828.02 789.00
828.02 790.00
828.02 791.00
829.00 791.98
829.02 792.00
829.02 793.00
830.00 793.98
830.02 794.00
830.02 795.00
831.00 795.98
831.02 796.00
831.02 797.00
832.00 797.98
832.02 798.00
833.00 798.98
833.02 799.00
834.00 799.98
834.02 800.00
834.02 801.00
835.00 801.98
835.02 802.00
836.00 802.98
836.02 803.00
837.00 803.98
837.02 804.00
837.02 805.00
838.00 805.98
838.02 806.00
839.00 806.98
839.02 807.00
840.00 807.98
840.02 808.00
841.00 808.98
842.00 808.98
842.02 809.00
843.00 809.98
843.02 810.00
844.00 810.98
844.02 811.00
845.00 811.98
846.00 811.98
846.02 812.00
847.00 812.98
847.02 813.00
848.00 813.98
849.00 813.98
850.00 813.98
850.02 814.00
851.00 814.98
852.00 814.98
852.02 815.00
853.00 815.98
854.00 815.98
855.00 815.98
856.00 815.98
856.02 816.00
857.00 816.98
858.00 816.98
859.00 816.98
859.02 817.00
860.00 817.98
861.00 817.98
862.00 817.98
863.00 817.98
863.02 818.00
864.00 818.98
865.00 818.98
866.00 818.98
867.00 818.98
868.00 818.98
868.02 819.00
869.00 819.98
870.00 819.98
871.00 819.98
872.00 819.98
873.00 819.98
874.00 819.98
875.00 819.98
876.00 819.98
876.98 819.00
877.00 818.98
878.00 818.98
879.00 818.98
880.00 818.98
881.00 818.98
881.98 818.00
882.00 817.98
883.00 817.98
884.00 817.98
884.98 817.00
885.00 816.98
886.00 816.98
886.98 816.00
887.00 815.98
888.00 815.98
888.98 815.00
889.00 814.98
890.00 814.98
890.98 814.00
891.00 813.98
891.98 813.00
892.00 812.98
893.00 812.98
893.98 812.00
894.00 811.98
895.00 811.98
895.98 811.00
896.00 810.98
896.98 810.00
897.00 809.98
897.98 809.00
898.00 808.98
899.00 808.98
899.98 808.00
900.00 807.98
900.98 807.00
901.00 806.98
901.98 806.00
901.98 805.00
902.00 804.98
902.98 804.00
903.00 803.98
903.98 803.00
904.00 802.98
904.98 802.00
904.98 801.00
905.00 800.98
905.98 800.00
905.98 799.00
906.00 798.98
906.98 798.00
906.98 797.00
906.98 796.00
907.00 795.98
907.98 795.00
907.98 794.00
907.98 793.00
908.00 792.98
908.98 792.00

