Contour 0:
154.50 446.00
154.50 445.00
154.50 444.00
154.50 443.00
154.50 442.00
154.50 441.00
154.00 440.50
153.50 440.00
153.50 439.00
153.50 438.00
153.00 437.50
152.50 437.00
152.50 436.00
152.50 435.00
152.00 434.50
151.50 434.00
151.50 433.00
151.50 432.00
151.00 431.50
150.50 431.00
150.50 430.00
150.50 429.00
150.00 428.50
149.50 428.00
149.50 427.00
149.50 426.00
149.00 425.50
148.50 425.00
148.50 424.00
148.00 423.50
147.50 423.00
147.50 422.00
147.50 421.00
147.50 420.00
147.00 419.50
146.50 419.00
146.50 418.00
146.50 417.00
146.00 416.50
145.50 416.00
145.50 415.00
145.00 414.50
144.50 414.00
144.50 413.00
144.50 412.00
144.00 411.50
143.50 411.00
143.50 410.00
143.50 409.00
143.50 408.00
143.00 407.50
142.50 407.00
142.50 406.00
142.00 405.50
141.50 405.00
141.50 404.00
141.00 403.50
140.50 403.00
140.50 402.00
140.50 401.00
140.00 400.50
139.50 400.00
139.50 399.00
139.00 398.50
138.50 398.00
138.50 397.00
138.00 396.50
137.50 396.00
137.00 395.50
136.50 395.00
136.00 394.50
135.50 394.00
135.00 393.50
134.50 393.00
134.00 392.50
133.50 392.00
133.00 391.50
132.00 391.50
131.50 391.00
131.00 390.50
130.00 390.50
129.50 390.00
129.00 389.50
128.00 389.50
127.50 389.00
127.00 388.50
126.00 388.50
125.00 388.50
124.50 388.00
124.00 387.50
123.00 387.50
122.50 387.00
122.00 386.50
121.50 386.00
121.00 385.50
120.75 385.00
121.00 384.75
121.75 384.00
121.75 383.00
122.00 382.75
122.75 382.00
123.00 381.75
123.75 381.00
124.00 380.75
124.75 380.00
124.75 379.00
124.75 378.00
125.00 377.75
125.75 377.00
125.75 376.00
125.75 375.00
125.75 374.00
125.75 373.00
126.00 372.75
126.75 372.00
126.75 371.00
126.75 370.00
126.75 369.00
126.75 368.00
126.75 367.00
126.75 366.00
126.75 365.00
126.75 364.00
126.75 363.00
126.75 362.00
126.75 361.00
126.00 360.25
125.75 360.00
125.75 359.00
125.75 358.00
125.75 357.00
125.75 356.00
125.00 355.25
124.75 355.00
124.75 354.00
124.00 353.25
123.75 353.00
123.75 352.00
123.00 351.25
122.75 351.00
122.00 350.25
121.75 350.00
121.00 349.25
120.75 349.00
120.00 348.25
119.75 348.00
119.00 347.25
118.75 347.00
118.00 346.25
117.75 346.00
117.00 345.25
116.75 345.00
116.00 344.25
115.75 344.00
115.00 343.25
114.75 343.00
114.00 342.25
113.75 342.00
113.00 341.25
112.00 341.25
111.75 341.00
111.00 340.25
110.00 340.25
109.00 340.25
108.75 340.00
108.00 339.25
107.00 339.25
106.00 339.25
105.75 339.00
105.00 338.25
104.00 338.25
103.00 338.25
102.00 338.25
101.00 338.25
100.00 338.25
99.25 339.00
99.00 339.25
98.00 339.25
97.00 339.25
96.25 340.00
96.00 340.25
95.00 340.25
94.25 341.00
94.00 341.25
93.00 341.25
92.25 342.00
92.00 342.25
91.25 343.00
91.00 343.25
90.25 344.00
90.00 344.25
89.25 345.00
89.25 346.00
89.00 346.25
88.25 347.00
88.00 347.25
87.25 348.00
87.25 349.00
87.00 349.25
86.25 350.00
86.25 351.00
86.25 352.00
86.00 352.25
85.25 353.00
85.25 354.00
85.25 355.00
85.25 356.00
85.25 357.00
85.25 358.00
85.25 359.00
85.25 360.00
85.25 361.00
86.00 361.75
86.25 362.00
86.25 363.00
86.25 364.00
87.00 364.75
87.25 365.00
87.25 366.00
88.00 366.75
88.25 367.00
89.00 367.75
89.25 368.00
89.25 369.00
90.00 369.75
90.25 370.00
91.00 370.75
91.25 371.00
92.00 371.75
92.25 372.00
93.00 372.75
93.25 373.00
93.25 374.00
94.00 374.75
94.25 375.00
94.25 376.00
94.25 377.00
94.25 378.00
95.00 378.75
95.25 379.00
95.00 379.50
94.50 380.00
94.50 381.00
94.00 381.50
93.00 381.50
92.50 382.00
92.50 383.00
92.00 383.50
91.50 384.00
91.50 385.00
91.00 385.50
90.50 386.00
90.50 387.00
90.50 388.00
90.50 389.00
90.00 389.50
89.00 389.50
88.50 389.00
89.00 388.50
89.50 388.00
89.00 387.50
88.50 387.00
89.00 386.50
89.50 386.00
89.50 385.00
89.50 384.00
90.00 383.50
90.50 383.00
90.50 382.00
91.00 381.50
91.50 381.00
91.50 380.00
91.50 379.00
91.00 378.50
90.50 378.00
90.50 377.00
90.00 376.50
89.50 376.00
89.00 375.50
88.00 375.50
87.00 375.50
86.50 375.00
86.00 374.50
85.00 374.50
84.00 374.50
83.00 374.50
82.00 374.50
81.00 374.50
80.50 375.00
80.00 375.50
79.50 376.00
79.50 377.00
79.50 378.00
80.00 378.50
80.50 379.00
80.50 380.00
80.50 381.00
80.50 382.00
81.00 382.50
81.50 383.00
81.50 384.00
81.50 385.00
82.00 385.50
82.50 386.00
82.50 387.00
83.00 387.50
83.50 388.00
83.00 388.50
82.50 389.00
82.00 389.50
81.50 389.00
81.50 388.00
81.00 387.50
80.50 387.00
80.00 386.50
79.50 386.00
79.50 385.00
79.00 384.50
78.50 384.00
78.00 383.50
77.50 383.00
77.50 382.00
77.00 381.50
76.50 381.00
76.50 380.00
76.00 379.50
75.50 379.00
75.50 378.00
75.00 377.50
74.50 378.00
74.00 378.50
73.50 379.00
73.00 379.50
72.50 380.00
72.50 381.00
73.00 381.50
73.50 382.00
74.00 382.50
74.50 383.00
75.00 383.50
75.50 384.00
76.00 384.50
76.50 385.00
77.00 385.50
77.50 386.00
78.00 386.50
78.50 387.00
79.00 387.50
79.50 388.00
79.50 389.00
79.00 389.50
78.50 389.00
78.00 388.50
77.50 388.00
77.00 387.50
76.50 387.00
76.00 386.50
75.50 386.00
75.00 385.50
74.50 385.00
74.00 384.50
73.50 384.00
73.00 383.50
72.50 383.00
72.00 382.50
71.50 382.00
71.00 381.50
70.50 382.00
70.00 382.50
69.50 383.00
69.50 384.00
69.00 384.50
68.50 385.00
68.50 386.00
68.00 386.50
67.50 387.00
67.50 388.00
67.50 389.00
67.00 389.50
66.50 390.00
66.50 391.00
66.50 392.00
67.00 392.50
67.50 393.00
68.00 393.50
69.00 393.50
70.00 393.50
71.00 393.50
71.50 394.00
72.00 394.50
73.00 394.50
73.50 395.00
73.50 396.00
73.50 397.00
73.00 397.50
72.50 398.00
72.00 398.50
71.50 399.00
71.50 400.00
71.00 400.50
70.50 401.00
70.50 402.00
70.50 403.00
70.00 403.50
69.50 404.00
69.00 404.50
68.50 405.00
69.00 405.50
69.50 406.00
69.00 406.50
68.50 407.00
68.50 408.00
68.50 409.00
68.50 410.00
68.50 411.00
68.50 412.00
68.50 413.00
68.50 414.00
68.50 415.00
68.00 415.50
67.50 416.00
67.50 417.00
67.50 418.00
67.50 419.00
67.50 420.00
67.50 421.00
67.50 422.00
68.00 422.50
68.50 423.00
68.50 424.00
68.50 425.00
68.50 426.00
68.50 427.00
69.00 427.50
69.50 428.00
69.50 429.00
69.50 430.00
69.50 431.00
69.50 432.00
70.00 432.50
70.50 433.00
70.50 434.00
70.50 435.00
70.50 436.00
71.00 436.50
71.50 437.00
71.50 438.00
71.50 439.00
72.00 439.50
72.50 440.00
72.50 441.00
73.00 441.50
73.50 442.00
73.50 443.00
74.00 443.50
74.50 444.00
74.50 445.00
75.00 445.50
75.50 446.00
76.00 446.50
76.50 447.00
76.50 448.00
77.00 448.50
77.50 449.00
78.00 449.50
78.50 450.00
79.00 450.50
79.50 451.00
79.50 452.00
80.00 452.50
80.50 453.00
81.00 453.50
81.50 454.00
82.00 454.50
82.50 455.00
83.00 455.50
83.50 456.00
84.00 456.50
84.50 457.00
85.00 457.50
85.50 458.00
86.00 458.50
86.50 459.00
87.00 459.50
87.50 460.00
88.00 460.50
88.50 461.00
89.00 461.50
89.50 462.00
89.50 463.00
90.00 463.50
90.50 464.00
91.00 464.50
91.50 465.00
92.00 465.50
93.00 465.50
93.50 466.00
94.00 466.50
94.50 467.00
95.00 467.50
95.50 468.00
96.00 468.50
97.00 468.50
97.50 469.00
98.00 469.50
98.50 470.00
99.00 470.50
100.00 470.50
100.50 471.00
101.00 471.50
102.00 471.50
103.00 471.50
103.50 472.00
104.00 472.50
104.50 473.00
105.00 473.50
106.00 473.50
107.00 473.50
107.50 474.00
108.00 474.50
109.00 474.50
109.50 475.00
110.00 475.50
111.00 475.50
112.00 475.50
113.00 475.50
114.00 475.50
115.00 475.50
116.00 475.50
117.00 475.50
118.00 475.50
119.00 475.50
120.00 475.50
121.00 475.50
122.00 475.50
123.00 475.50
123.50 475.00
124.00 474.50
125.00 474.50
126.00 474.50
126.50 474.00
127.00 473.50
128.00 473.50
128.50 473.00
129.00 472.50
130.00 472.50
130.50 472.00
131.00 471.50
131.50 471.00
132.00 470.50
132.50 470.00
133.00 469.50
134.00 469.50
134.50 469.00
135.00 468.50
135.50 468.00
135.50 467.00
136.00 466.50
137.00 466.50
137.50 466.00
138.00 465.50
138.50 465.00
139.00 464.50
139.50 464.00
140.00 463.50
140.50 463.00
141.00 462.50
142.00 462.50
142.50 462.00
143.00 461.50
144.00 461.50
144.50 461.00
145.00 460.50
145.50 460.00
146.00 459.50
146.50 459.00
147.00 458.50
147.50 458.00
148.00 457.50
148.50 457.00
149.00 456.50
149.50 456.00
150.00 455.50
150.50 455.00
150.50 454.00
151.00 453.50
151.50 453.00
152.00 452.50
152.50 452.00
152.50 451.00
152.50 450.00
153.00 449.50
153.50 449.00
153.50 448.00
153.50 447.00
154.00 446.50
154.50 446.00

Contour 1:
219.83 431.00
219.83 430.00
219.83 429.00
219.83 428.00
219.83 427.00
219.83 426.00
219.83 425.00
219.83 424.00
219.83 423.00
219.83 422.00
219.83 421.00
219.83 420.00
219.83 419.00
219.00 418.17
218.83 418.00
218.83 417.00
218.83 416.00
218.83 415.00
218.83 414.00
218.00 413.17
217.83 413.00
217.83 412.00
217.00 411.17
216.83 411.00
216.83 410.00
216.00 409.17
215.83 409.00
215.00 408.17
214.83 408.00
214.00 407.17
213.83 407.00
213.83 406.00
213.00 405.17
212.83 405.00
212.00 404.17
211.83 404.00
211.00 403.17
210.83 403.00
210.83 402.00
210.00 401.17
209.83 401.00
209.00 400.17
208.00 400.17
207.83 400.00
207.00 399.17
206.83 399.00
206.00 398.17
205.83 398.00
205.00 397.17
204.83 397.00
204.00 396.17
203.00 396.17
202.83 396.00
202.00 395.17
201.83 395.00
201.00 394.17
200.00 394.17
199.83 394.00
199.00 393.17
198.00 393.17
197.83 393.00
197.00 392.17
196.00 392.17
195.00 392.17
194.00 392.17
193.83 392.00
193.00 391.17
192.00 391.17
191.00 391.17
190.00 391.17
189.00 391.17
188.00 391.17
187.00 391.17
186.00 391.17
185.00 391.17
184.00 391.17
183.00 391.17
182.00 391.17
181.17 392.00
181.00 392.17
180.00 392.17
179.00 392.17
178.00 392.17
177.17 393.00
177.00 393.17
176.00 393.17
175.00 393.17
174.17 394.00
174.00 394.17
173.00 394.17
172.17 395.00
172.00 395.17
171.00 395.17
170.17 396.00
170.00 396.17
169.00 396.17
168.17 397.00
168.00 397.17
167.17 398.00
167.00 398.17
166.17 399.00
166.00 399.17
165.17 400.00
165.00 400.17
164.17 401.00
164.17 402.00
164.00 402.17
163.17 403.00
163.00 403.17
162.17 404.00
162.00 404.17
161.17 405.00
161.17 406.00
161.00 406.17
160.17 407.00
160.17 408.00
160.17 409.00
160.00 409.17
159.17 410.00
159.17 411.00
159.17 412.00
159.17 413.00
159.17 414.00
159.17 415.00
159.17 416.00
159.00 416.17
158.17 417.00
158.17 418.00
158.17 419.00
158.17 420.00
158.17 421.00
159.00 421.83
159.17 422.00
159.17 423.00
159.17 424.00
159.17 425.00
159.17 426.00
159.17 427.00
160.00 427.83
160.17 428.00
160.17 429.00
160.17 430.00
161.00 430.83
161.17 431.00
161.17 432.00
162.00 432.83
162.17 433.00
163.00 433.83
163.17 434.00
164.00 434.83
164.17 435.00
164.17 436.00
165.00 436.83
165.17 437.00
166.00 437.83
166.17 438.00
167.00 438.83
167.17 439.00
167.17 440.00
168.00 440.83
168.17 441.00
169.00 441.83
169.17 442.00
170.00 442.83
170.17 443.00
171.00 443.83
171.17 444.00
172.00 444.83
172.17 445.00
173.00 445.83
173.17 446.00
174.00 446.83
174.17 447.00
175.00 447.83
175.17 448.00
176.00 448.83
176.17 449.00
177.00 449.83
178.00 449.83
178.17 450.00
179.00 450.83
180.00 450.83
180.17 451.00
181.00 451.83
182.00 451.83
183.00 451.83
184.00 451.83
184.17 452.00
185.00 452.83
186.00 452.83
187.00 452.83
188.00 452.83
189.00 452.83
190.00 452.83
191.00 452.83
192.00 452.83
193.00 452.83
194.00 452.83
195.00 452.83
195.83 452.00
196.00 451.83
197.00 451.83
198.00 451.83
199.00 451.83
200.00 451.83
201.00 451.83
201.83 451.00
202.00 450.83
203.00 450.83
204.00 450.83
204.83 450.00
205.00 449.83
206.00 449.83
206.83 449.00
207.00 448.83
208.00 448.83
208.83 448.00
209.00 447.83
209.83 447.00
210.00 446.83
210.83 446.00
211.00 445.83
211.83 445.00
212.00 444.83
212.83 444.00
213.00 443.83
213.83 443.00
214.00 442.83
214.83 442.00
214.83 441.00
215.00 440.83
215.83 440.00
215.83 439.00
216.00 438.83
216.83 438.00
216.83 437.00
217.00 436.83
217.83 436.00
217.83 435.00
218.00 434.83
218.83 434.00
218.83 433.00
218.83 432.00
219.00 431.83
219.83 431.00

Contour 2:
297.88 860.00
297.88 859.00
297.88 858.00
297.88 857.00
297.88 856.00
297.88 855.00
297.88 854.00
297.88 853.00
297.88 852.00
297.88 851.00
297.88 850.00
297.88 849.00
297.88 848.00
297.88 847.00
297.88 846.00
297.88 845.00
297.88 844.00
297.00 843.12
296.88 843.00
296.88 842.00
296.88 841.00
296.00 840.12
295.88 840.00
295.88 839.00
295.88 838.00
295.00 837.12
294.88 837.00
294.88 836.00
294.88 835.00
294.00 834.12
293.88 834.00
293.00 833.12
292.88 833.00
292.88 832.00
292.00 831.12
291.88 831.00
291.00 830.12
290.88 830.00
290.88 829.00
290.00 828.12
289.88 828.00
289.00 827.12
288.88 827.00
288.88 826.00
288.00 825.12
287.88 825.00
287.00 824.12
286.88 824.00
286.00 823.12
285.00 823.12
284.88 823.00
284.00 822.12
283.00 822.12
282.88 822.00
282.00 821.12
281.88 821.00
281.00 820.12
280.88 820.00
280.00 819.12
279.88 819.00
279.00 818.12
278.00 818.12
277.88 818.00
277.00 817.12
276.88 817.00
276.00 816.12
275.88 816.00
275.00 815.12
274.88 815.00
274.00 814.12
273.88 814.00
273.00 813.12
272.88 813.00
272.00 812.12
271.88 812.00
271.00 811.12
270.88 811.00
270.00 810.12
269.88 810.00
269.00 809.12
268.88 809.00
268.00 808.12
267.88 808.00
267.00 807.12
266.88 807.00
266.00 806.12
265.88 806.00
265.00 805.12
264.00 805.12
263.88 805.00
263.00 804.12
262.88 804.00
262.00 803.12
261.00 803.12
260.88 803.00
260.00 802.12
259.00 802.12
258.88 802.00
258.00 801.12
257.00 801.12
256.88 801.00
256.00 800.12
255.00 800.12
254.88 800.00
254.00 799.12
253.00 799.12
252.88 799.00
252.00 798.12
251.00 798.12
250.00 798.12
249.88 798.00
249.00 797.12
248.00 797.12
247.88 797.00
247.00 796.12
246.00 796.12
245.00 796.12
244.00 796.12
243.88 796.00
243.00 795.12
242.00 795.12
241.00 795.12
240.00 795.12
239.00 795.12
238.00 795.12
237.88 795.00
237.00 794.12
236.00 794.12
235.00 794.12
234.00 794.12
233.00 794.12
232.00 794.12
231.00 794.12
230.12 795.00
230.00 795.12
229.00 795.12
228.00 795.12
227.00 795.12
226.00 795.12
225.12 796.00
225.00 796.12
224.00 796.12
223.00 796.12
222.12 797.00
222.00 797.12
221.00 797.12
220.12 798.00
220.00 798.12
219.00 798.12
218.12 799.00
218.00 799.12
217.00 799.12
216.12 800.00
216.00 800.12
215.12 801.00
215.00 801.12
214.12 802.00
214.00 802.12
213.12 803.00
213.00 803.12
212.12 804.00
212.00 804.12
211.12 805.00
211.00 805.12
210.12 806.00
210.12 807.00
210.00 807.12
209.12 808.00
209.00 808.12
208.12 809.00
208.12 810.00
208.00 810.12
207.12 811.00
207.00 811.12
206.12 812.00
206.12 813.00
206.00 813.12
205.12 814.00
205.12 815.00
205.00 815.12
204.12 816.00
204.12 817.00
204.00 817.12
203.12 818.00
203.12 819.00
203.00 819.12
202.12 820.00
202.12 821.00
202.12 822.00
202.12 823.00
202.00 823.12
201.12 824.00
201.12 825.00
201.12 826.00
201.12 827.00
201.12 828.00
201.12 829.00
201.12 830.00
201.12 831.00
202.00 831.88
202.12 832.00
202.12 833.00
202.12 834.00
202.12 835.00
202.12 836.00
203.00 836.88
203.12 837.00
203.12 838.00
203.12 839.00
203.12 840.00
204.00 840.88
204.12 841.00
204.12 842.00
204.12 843.00
205.00 843.88
205.12 844.00
205.12 845.00
206.00 845.88
206.12 846.00
206.12 847.00
207.00 847.88
207.12 848.00
207.12 849.00
208.00 849.88
208.12 850.00
208.12 851.00
209.00 851.88
209.12 852.00
210.00 852.88
210.12 853.00
210.12 854.00
211.00 854.88
211.12 855.00
212.00 855.88
212.12 856.00
212.12 857.00
213.00 857.88
213.12 858.00
213.12 859.00
214.00 859.88
214.12 860.00
215.00 860.88
215.12 861.00
215.12 862.00
216.00 862.88
216.12 863.00
217.00 863.88
217.12 864.00
217.12 865.00
218.00 865.88
218.12 866.00
219.00 866.88
219.12 867.00
220.00 867.88
220.12 868.00
220.12 869.00
221.00 869.88
221.12 870.00
222.00 870.88
222.12 871.00
223.00 871.88
223.12 872.00
224.00 872.88
224.12 873.00
225.00 873.88
225.12 874.00
225.12 875.00
226.00 875.88
226.12 876.00
227.00 876.88
228.00 876.88
228.12 877.00
229.00 877.88
229.12 878.00
230.00 878.88
230.12 879.00
231.00 879.88
232.00 879.88
232.12 880.00
233.00 880.88
234.00 880.88
234.12 881.00
235.00 881.88
236.00 881.88
237.00 881.88
238.00 881.88
238.12 882.00
239.00 882.88
240.00 882.88
241.00 882.88
241.12 883.00
242.00 883.88
243.00 883.88
244.00 883.88
245.00 883.88
245.12 884.00
246.00 884.88
247.00 884.88
248.00 884.88
249.00 884.88
250.00 884.88
251.00 884.88
252.00 884.88
253.00 884.88
254.00 884.88
254.12 885.00
255.00 885.88
256.00 885.88
257.00 885.88
258.00 885.88
259.00 885.88
260.00 885.88
261.00 885.88
262.00 885.88
263.00 885.88
263.88 885.00
264.00 884.88
265.00 884.88
266.00 884.88
267.00 884.88
268.00 884.88
269.00 884.88
270.00 884.88
270.88 884.00
271.00 883.88
272.00 883.88
273.00 883.88
274.00 883.88
275.00 883.88
276.00 883.88
277.00 883.88
277.88 883.00
278.00 882.88
279.00 882.88
280.00 882.88
280.88 882.00
281.00 881.88
282.00 881.88
282.88 881.00
283.00 880.88
284.00 880.88
284.88 880.00
285.00 879.88
285.88 879.00
286.00 878.88
287.00 878.88
287.88 878.00
288.00 877.88
288.88 877.00
289.00 876.88
289.88 876.00
290.00 875.88
290.88 875.00
291.00 874.88
291.88 874.00
292.00 873.88
292.88 873.00
293.00 872.88
293.88 872.00
293.88 871.00
294.00 870.88
294.88 870.00
294.88 869.00
295.00 868.88
295.88 868.00
295.88 867.00
295.88 866.00
295.88 865.00
296.00 864.88
296.88 864.00
296.88 863.00
296.88 862.00
296.88 861.00
297.00 860.88
297.88 860.00

Contour 3:
288.90 340.00
288.90 339.00
288.90 338.00
288.90 337.00
288.90 336.00
288.90 335.00
288.90 334.00
288.90 333.00
288.90 332.00
288.00 331.10
287.90 331.00
287.90 330.00
287.90 329.00
287.90 328.00
287.00 327.10
286.90 327.00
286.90 326.00
286.00 325.10
285.90 325.00
285.90 324.00
285.00 323.10
284.90 323.00
284.00 322.10
283.90 322.00
283.90 321.00
283.00 320.10
282.90 320.00
282.00 319.10
281.90 319.00
281.00 318.10
280.90 318.00
280.00 317.10
279.90 317.00
279.00 316.10
278.90 316.00
278.00 315.10
277.90 315.00
277.00 314.10
276.90 314.00
276.00 313.10
275.90 313.00
275.00 312.10
274.00 312.10
273.90 312.00
273.00 311.10
272.90 311.00
272.00 310.10
271.90 310.00
271.00 309.10
270.00 309.10
269.90 309.00
269.00 308.10
268.90 308.00
268.00 307.10
267.90 307.00
267.00 306.10
266.00 306.10
265.90 306.00
265.00 305.10
264.90 305.00
264.00 304.10
263.00 304.10
262.90 304.00
262.00 303.10
261.00 303.10
260.90 303.00
260.00 302.10
259.00 302.10
258.90 302.00
258.00 301.10
257.00 301.10
256.00 301.10
255.90 301.00
255.00 300.10
254.00 300.10
253.00 300.10
252.00 300.10
251.90 300.00
251.00 299.10
250.00 299.10
249.00 299.10
248.00 299.10
247.00 299.10
246.10 300.00
246.00 300.10
245.00 300.10
244.00 300.10
243.00 300.10
242.10 301.00
242.00 301.10
241.00 301.10
240.00 301.10
239.00 301.10
238.10 302.00
238.00 302.10
237.00 302.10
236.10 303.00
236.00 303.10
235.00 303.10
234.10 304.00
234.00 304.10
233.00 304.10
232.10 305.00
232.00 305.10
231.10 306.00
231.00 306.10
230.00 306.10
229.10 307.00
229.00 307.10
228.10 308.00
228.10 309.00
228.00 309.10
227.10 310.00
227.00 310.10
226.10 311.00
226.10 312.00
226.00 312.10
225.10 313.00
225.10 314.00
225.00 314.10
224.10 315.00
224.10 316.00
224.10 317.00
224.10 318.00
224.00 318.10
223.10 319.00
223.10 320.00
223.10 321.00
223.10 322.00
223.10 323.00
223.10 324.00
223.10 325.00
224.00 325.90
224.10 326.00
224.10 327.00
224.10 328.00
224.10 329.00
224.10 330.00
225.00 330.90
225.10 331.00
225.10 332.00
226.00 332.90
226.10 333.00
227.00 333.90
227.10 334.00
227.10 335.00
228.00 335.90
229.00 335.90
229.10 336.00
230.00 336.90
230.10 337.00
231.00 337.90
231.10 338.00
232.00 338.90
233.00 338.90
233.10 339.00
234.00 339.90
235.00 339.90
235.10 340.00
236.00 340.90
237.00 340.90
237.10 341.00
238.00 341.90
239.00 341.90
239.10 342.00
240.00 342.90
241.00 342.90
241.10 343.00
242.00 343.90
243.00 343.90
244.00 343.90
244.10 344.00
245.00 344.90
246.00 344.90
247.00 344.90
248.00 344.90
249.00 344.90
250.00 344.90
250.10 345.00
251.00 345.90
252.00 345.90
253.00 345.90
254.00 345.90
255.00 345.90
255.10 346.00
256.00 346.90
257.00 346.90
258.00 346.90
258.10 347.00
259.00 347.90
260.00 347.90
261.00 347.90
261.10 348.00
262.00 348.90
263.00 348.90
264.00 348.90
264.10 349.00
265.00 349.90
266.00 349.90
267.00 349.90
267.10 350.00
268.00 350.90
269.00 350.90
270.00 350.90
271.00 350.90
271.10 351.00
272.00 351.90
273.00 351.90
274.00 351.90
275.00 351.90
276.00 351.90
277.00 351.90
277.90 351.00
278.00 350.90
279.00 350.90
280.00 350.90
280.90 350.00
281.00 349.90
282.00 349.90
282.90 349.00
283.00 348.90
283.90 348.00
284.00 347.90
284.90 347.00
285.00 346.90
285.90 346.00
286.00 345.90
286.90 345.00
286.90 344.00
287.00 343.90
287.90 343.00
287.90 342.00
287.90 341.00
288.00 340.90
288.90 340.00

Contour 4:
278.92 451.00
278.92 450.00
278.92 449.00
278.92 448.00
278.92 447.00
278.92 446.00
278.92 445.00
278.92 444.00
278.92 443.00
278.92 442.00
278.00 441.08
277.92 441.00
277.92 440.00
277.92 439.00
277.92 438.00
277.00 437.08
276.92 437.00
276.92 436.00
276.92 435.00
276.00 434.08
275.92 434.00
275.92 433.00
275.00 432.08
274.92 432.00
274.00 431.08
273.92 431.00
273.00 430.08
272.92 430.00
272.00 429.08
271.92 429.00
271.00 428.08
270.92 428.00
270.00 427.08
269.92 427.00
269.00 426.08
268.00 426.08
267.92 426.00
267.00 425.08
266.00 425.08
265.92 425.00
265.00 424.08
264.00 424.08
263.92 424.00
263.00 423.08
262.00 423.08
261.00 423.08
260.00 423.08
259.00 423.08
258.92 423.00
258.00 422.08
257.00 422.08
256.00 422.08
255.08 423.00
255.00 423.08
254.00 423.08
253.00 423.08
252.00 423.08
251.00 423.08
250.08 424.00
250.00 424.08
249.00 424.08
248.00 424.08
247.08 425.00
247.00 425.08
246.00 425.08
245.00 425.08
244.08 426.00
244.00 426.08
243.00 426.08
242.08 427.00
242.00 427.08
241.00 427.08
240.08 428.00
240.00 428.08
239.08 429.00
239.00 429.08
238.08 430.00
238.00 430.08
237.00 430.08
236.08 431.00
236.00 431.08
235.08 432.00
235.00 432.08
234.08 433.00
234.00 433.08
233.08 434.00
233.08 435.00
233.00 435.08
232.08 436.00
232.00 436.08
231.08 437.00
231.08 438.00
231.08 439.00
231.00 439.08
230.08 440.00
230.08 441.00
230.08 442.00
230.08 443.00
230.08 444.00
230.08 445.00
230.08 446.00
230.08 447.00
230.08 448.00
230.08 449.00
230.08 450.00
231.00 450.92
231.08 451.00
231.08 452.00
231.08 453.00
232.00 453.92
232.08 454.00
232.08 455.00
233.00 455.92
233.08 456.00
233.08 457.00
234.00 457.92
234.08 458.00
234.08 459.00
235.00 459.92
235.08 460.00
236.00 460.92
236.08 461.00
237.00 461.92
237.08 462.00
238.00 462.92
238.08 463.00
239.00 463.92
239.08 464.00
240.00 464.92
240.08 465.00
241.00 465.92
242.00 465.92
242.08 466.00
243.00 466.92
244.00 466.92
245.00 466.92
245.08 467.00
246.00 467.92
247.00 467.92
247.08 468.00
248.00 468.92
249.00 468.92
250.00 468.92
251.00 468.92
251.08 469.00
252.00 469.92
253.00 469.92
254.00 469.92
255.00 469.92
256.00 469.92
257.00 469.92
257.08 470.00
258.00 470.92
259.00 470.92
260.00 470.92
261.00 470.92
261.92 470.00
262.00 469.92
263.00 469.92
264.00 469.92
265.00 469.92
265.92 469.00
266.00 468.92
267.00 468.92
267.92 468.00
268.00 467.92
269.00 467.92
269.92 467.00
270.00 466.92
270.92 466.00
271.00 465.92
271.92 465.00
271.92 464.00
272.00 463.92
272.92 463.00
273.00 462.92
273.92 462.00
273.92 461.00
274.00 460.92
274.92 460.00
274.92 459.00
275.00 458.92
275.92 458.00
276.00 457.92
276.92 457.00
276.92 456.00
277.00 455.92
277.92 455.00
277.92 454.00
277.92 453.00
277.92 452.00
278.00 451.92
278.92 451.00

Contour 5:
348.93 524.00
348.93 523.00
348.93 522.00
348.93 521.00
348.93 520.00
348.93 519.00
348.93 518.00
348.93 517.00
348.93 516.00
348.93 515.00
348.93 514.00
348.93 513.00
348.93 512.00
348.93 511.00
348.93 510.00
348.00 509.07
347.93 509.00
347.93 508.00
347.93 507.00
347.00 506.07
346.93 506.00
346.93 505.00
346.00 504.07
345.93 504.00
345.93 503.00
345.00 502.07
344.93 502.00
344.00 501.07
343.93 501.00
343.00 500.07
342.93 500.00
342.93 499.00
342.00 498.07
341.93 498.00
341.00 497.07
340.93 497.00
340.00 496.07
339.93 496.00
339.00 495.07
338.93 495.00
338.00 494.07
337.93 494.00
337.00 493.07
336.93 493.00
336.00 492.07
335.93 492.00
335.00 491.07
334.93 491.00
334.00 490.07
333.00 490.07
332.93 490.00
332.00 489.07
331.93 489.00
331.00 488.07
330.00 488.07
329.93 488.00
329.00 487.07
328.93 487.00
328.00 486.07
327.00 486.07
326.00 486.07
325.93 486.00
325.00 485.07
324.00 485.07
323.93 485.00
323.00 484.07
322.00 484.07
321.00 484.07
320.93 484.00
320.00 483.07
319.00 483.07
318.00 483.07
317.00 483.07
316.93 483.00
316.00 482.07
315.00 482.07
314.00 482.07
313.00 482.07
312.00 482.07
311.93 482.00
311.00 481.07
310.00 481.07
309.00 481.07
308.00 481.07
307.07 482.00
307.00 482.07
306.00 482.07
305.00 482.07
304.00 482.07
303.00 482.07
302.00 482.07
301.07 483.00
301.00 483.07
300.00 483.07
299.00 483.07
298.07 484.00
298.00 484.07
297.00 484.07
296.07 485.00
296.00 485.07
295.07 486.00
295.00 486.07
294.07 487.00
294.00 487.07
293.07 488.00
293.00 488.07
292.07 489.00
292.00 489.07
291.07 490.00
291.00 490.07
290.07 491.00
290.07 492.00
290.00 492.07
289.07 493.00
289.07 494.00
289.07 495.00
289.07 496.00
289.07 497.00
289.00 497.07
288.07 498.00
288.07 499.00
288.07 500.00
288.07 501.00
288.07 502.00
288.07 503.00
288.07 504.00
289.00 504.93
289.07 505.00
289.07 506.00
289.07 507.00
289.07 508.00
289.07 509.00
290.00 509.93
290.07 510.00
290.07 511.00
290.07 512.00
291.00 512.93
291.07 513.00
291.07 514.00
292.00 514.93
292.07 515.00
292.07 516.00
292.07 517.00
293.00 517.93
293.07 518.00
293.07 519.00
294.00 519.93
294.07 520.00
294.07 521.00
295.00 521.93
295.07 522.00
296.00 522.93
296.07 523.00
296.07 524.00
297.00 524.93
297.07 525.00
298.00 525.93
298.07 526.00
299.00 526.93
299.07 527.00
300.00 527.93
300.07 528.00
301.00 528.93
301.07 529.00
302.00 529.93
303.00 529.93
303.07 530.00
303.07 531.00
304.00 531.93
305.00 531.93
305.07 532.00
306.00 532.93
306.07 533.00
307.00 533.93
307.07 534.00
308.00 534.93
308.07 535.00
309.00 535.93
310.00 535.93
310.07 536.00
311.00 536.93
312.00 536.93
312.07 537.00
313.00 537.93
314.00 537.93
314.07 538.00
315.00 538.93
316.00 538.93
316.07 539.00
317.00 539.93
318.00 539.93
319.00 539.93
320.00 539.93
321.00 539.93
321.07 540.00
322.00 540.93
323.00 540.93
324.00 540.93
325.00 540.93
326.00 540.93
327.00 540.93
327.93 540.00
328.00 539.93
329.00 539.93
330.00 539.93
331.00 539.93
332.00 539.93
332.93 539.00
333.00 538.93
334.00 538.93
335.00 538.93
335.93 538.00
336.00 537.93
337.00 537.93
337.93 537.00
338.00 536.93
339.00 536.93
339.93 536.00
340.00 535.93
340.93 535.00
341.00 534.93
342.00 534.93
342.93 534.00
342.93 533.00
343.00 532.93
343.93 532.00
344.00 531.93
344.93 531.00
345.00 530.93
345.93 530.00
345.93 529.00
346.00 528.93
346.93 528.00
347.00 527.93
347.93 527.00
347.93 526.00
347.93 525.00
348.00 524.93
348.93 524.00

Contour 6:
372.94 598.00
372.94 597.00
372.94 596.00
372.94 595.00
372.94 594.00
372.94 593.00
372.94 592.00
372.94 591.00
372.94 590.00
372.94 589.00
372.94 588.00
372.94 587.00
372.94 586.00
372.94 585.00
372.00 584.06
371.94 584.00
371.94 583.00
371.00 582.06
370.94 582.00
370.94 581.00
370.94 580.00
370.94 579.00
370.00 578.06
369.94 578.00
369.94 577.00
369.00 576.06
368.94 576.00
368.94 575.00
368.00 574.06
367.94 574.00
367.94 573.00
367.00 572.06
366.94 572.00
366.00 571.06
365.94 571.00
365.00 570.06
364.94 570.00
364.94 569.00
364.00 568.06
363.94 568.00
363.00 567.06
362.94 567.00
362.00 566.06
361.94 566.00
361.00 565.06
360.94 565.00
360.00 564.06
359.94 564.00
359.00 563.06
358.94 563.00
358.00 562.06
357.94 562.00
357.00 561.06
356.94 561.00
356.00 560.06
355.00 560.06
354.94 560.00
354.00 559.06
353.94 559.00
353.00 558.06
352.00 558.06
351.94 558.00
351.00 557.06
350.00 557.06
349.00 557.06
348.94 557.00
348.00 556.06
347.00 556.06
346.00 556.06
345.00 556.06
344.94 556.00
344.00 555.06
343.00 555.06
342.00 555.06
341.00 555.06
340.00 555.06
339.00 555.06
338.00 555.06
337.00 555.06
336.06 556.00
336.00 556.06
335.00 556.06
334.00 556.06
333.00 556.06
332.00 556.06
331.06 557.00
331.00 557.06
330.00 557.06
329.00 557.06
328.06 558.00
328.00 558.06
327.00 558.06
326.00 558.06
325.06 559.00
325.00 559.06
324.00 559.06
323.00 559.06
322.06 560.00
322.00 560.06
321.00 560.06
320.00 560.06
319.06 561.00
319.00 561.06
318.00 561.06
317.00 561.06
316.06 562.00
316.00 562.06
315.06 563.00
315.00 563.06
314.00 563.06
313.06 564.00
313.00 564.06
312.06 565.00
312.00 565.06
311.06 566.00
311.00 566.06
310.00 566.06
309.06 567.00
309.00 567.06
308.06 568.00
308.00 568.06
307.06 569.00
307.00 569.06
306.06 570.00
306.06 571.00
306.00 571.06
305.06 572.00
305.00 572.06
304.06 573.00
304.06 574.00
304.00 574.06
303.06 575.00
303.06 576.00
303.00 576.06
302.06 577.00
302.06 578.00
302.06 579.00
302.00 579.06
301.06 580.00
301.06 581.00
301.06 582.00
301.06 583.00
301.00 583.06
300.06 584.00
300.06 585.00
300.06 586.00
300.06 587.00
300.06 588.00
300.06 589.00
300.06 590.00
300.06 591.00
300.06 592.00
300.06 593.00
300.06 594.00
300.06 595.00
300.06 596.00
301.00 596.94
301.06 597.00
301.06 598.00
301.06 599.00
301.06 600.00
302.00 600.94
302.06 601.00
302.06 602.00
303.00 602.94
303.06 603.00
303.06 604.00
304.00 604.94
304.06 605.00
304.06 606.00
305.00 606.94
305.06 607.00
306.00 607.94
306.06 608.00
306.06 609.00
307.00 609.94
307.06 610.00
308.00 610.94
308.06 611.00
309.00 611.94
309.06 612.00
310.00 612.94
310.06 613.00
311.00 613.94
311.06 614.00
312.00 614.94
312.06 615.00
313.00 615.94
314.00 615.94
314.06 616.00
315.00 616.94
315.06 617.00
316.00 617.94
317.00 617.94
317.06 618.00
318.00 618.94
319.00 618.94
319.06 619.00
320.00 619.94
321.00 619.94
321.06 620.00
322.00 620.94
323.00 620.94
323.06 621.00
324.00 621.94
325.00 621.94
326.00 621.94
327.00 621.94
328.00 621.94
329.00 621.94
330.00 621.94
331.00 621.94
332.00 621.94
333.00 621.94
334.00 621.94
335.00 621.94
336.00 621.94
336.94 621.00
337.00 620.94
338.00 620.94
339.00 620.94
340.00 620.94
340.94 620.00
341.00 619.94
342.00 619.94
343.00 619.94
344.00 619.94
345.00 619.94
346.00 619.94
346.94 619.00
347.00 618.94
348.00 618.94
349.00 618.94
350.00 618.94
350.94 618.00
351.00 617.94
352.00 617.94
353.00 617.94
353.94 617.00
354.00 616.94
355.00 616.94
355.94 616.00
356.00 615.94
357.00 615.94
357.94 615.00
358.00 614.94
359.00 614.94
359.94 614.00
360.00 613.94
361.00 613.94
361.94 613.00
362.00 612.94
362.94 612.00
363.00 611.94
363.94 611.00
364.00 610.94
364.94 610.00
365.00 609.94
365.94 609.00
366.00 608.94
366.94 608.00
367.00 607.94
367.94 607.00
368.00 606.94
368.94 606.00
369.00 605.94
369.94 605.00
369.94 604.00
370.00 603.94
370.94 603.00
370.94 602.00
371.00 601.94
371.94 601.00
371.94 600.00
371.94 599.00
372.00 598.94
372.94 598.00

Contour 7:
383.94 911.00
383.94 910.00
383.94 909.00
383.94 908.00
383.94 907.00
383.94 906.00
383.94 905.00
383.94 904.00
383.94 903.00
383.94 902.00
383.94 901.00
383.94 900.00
383.00 899.06
382.94 899.00
382.94 898.00
382.94 897.00
382.00 896.06
381.94 896.00
381.94 895.00
381.94 894.00
381.00 893.06
380.94 893.00
380.94 892.00
380.00 891.06
379.94 891.00
379.94 890.00
379.94 889.00
379.00 888.06
378.94 888.00
378.94 887.00
378.00 886.06
377.94 886.00
377.94 885.00
377.00 884.06
376.94 884.00
376.94 883.00
376.94 882.00
376.00 881.06
375.94 881.00
375.00 880.06
374.94 880.00
374.94 879.00
374.00 878.06
373.94 878.00
373.94 877.00
373.00 876.06
372.94 876.00
372.00 875.06
371.94 875.00
371.00 874.06
370.94 874.00
370.00 873.06
369.94 873.00
369.00 872.06
368.94 872.00
368.00 871.06
367.00 871.06
366.94 871.00
366.00 870.06
365.94 870.00
365.00 869.06
364.00 869.06
363.00 869.06
362.94 869.00
362.00 868.06
361.00 868.06
360.00 868.06
359.00 868.06
358.00 868.06
357.00 868.06
356.00 868.06
355.00 868.06
354.00 868.06
353.00 868.06
352.06 869.00
352.00 869.06
351.00 869.06
350.06 870.00
350.00 870.06
349.00 870.06
348.06 871.00
348.00 871.06
347.00 871.06
346.06 872.00
346.00 872.06
345.06 873.00
345.00 873.06
344.00 873.06
343.06 874.00
343.00 874.06
342.06 875.00
342.00 875.06
341.06 876.00
341.00 876.06
340.06 877.00
340.00 877.06
339.06 878.00
339.00 878.06
338.06 879.00
338.00 879.06
337.06 880.00
337.00 880.06
336.06 881.00
336.00 881.06
335.06 882.00
335.00 882.06
334.06 883.00
334.06 884.00
334.00 884.06
333.06 885.00
333.00 885.06
332.06 886.00
332.00 886.06
331.06 887.00
331.06 888.00
331.00 888.06
330.06 889.00
330.00 889.06
329.06 890.00
329.00 890.06
328.06 891.00
328.06 892.00
328.00 892.06
327.06 893.00
327.00 893.06
326.06 894.00
326.06 895.00
326.00 895.06
325.06 896.00
325.00 896.06
324.06 897.00
324.06 898.00
324.00 898.06
323.06 899.00
323.06 900.00
323.00 900.06
322.06 901.00
322.06 902.00
322.00 902.06
321.06 903.00
321.06 904.00
321.06 905.00
321.06 906.00
321.00 906.06
320.06 907.00
320.06 908.00
320.06 909.00
320.06 910.00
320.06 911.00
320.06 912.00
320.00 912.06
319.06 913.00
319.06 914.00
319.06 915.00
319.06 916.00
319.06 917.00
319.06 918.00
319.06 919.00
319.06 920.00
319.06 921.00
319.06 922.00
320.00 922.94
320.06 923.00
320.06 924.00
321.00 924.94
321.06 925.00
321.06 926.00
322.00 926.94
322.06 927.00
322.06 928.00
323.00 928.94
323.06 929.00
324.00 929.94
324.06 930.00
325.00 930.94
325.06 931.00
326.00 931.94
326.06 932.00
327.00 932.94
327.06 933.00
328.00 933.94
328.06 934.00
329.00 934.94
329.06 935.00
330.00 935.94
331.00 935.94
331.06 936.00
332.00 936.94
332.06 937.00
333.00 937.94
334.00 937.94
334.06 938.00
335.00 938.94
336.00 938.94
336.06 939.00
337.00 939.94
338.00 939.94
338.06 940.00
339.00 940.94
340.00 940.94
340.06 941.00
341.00 941.94
342.00 941.94
342.06 942.00
343.00 942.94
344.00 942.94
345.00 942.94
345.06 943.00
346.00 943.94
347.00 943.94
348.00 943.94
349.00 943.94
350.00 943.94
351.00 943.94
352.00 943.94
353.00 943.94
354.00 943.94
355.00 943.94
356.00 943.94
357.00 943.94
358.00 943.94
358.94 943.00
359.00 942.94
360.00 942.94
361.00 942.94
362.00 942.94
362.94 942.00
363.00 941.94
364.00 941.94
364.94 941.00
365.00 940.94
366.00 940.94
366.94 940.00
367.00 939.94
367.94 939.00
368.00 938.94
369.00 938.94
369.94 938.00
370.00 937.94
370.94 937.00
371.00 936.94
371.94 936.00
372.00 935.94
372.94 935.00
373.00 934.94
373.94 934.00
373.94 933.00
374.00 932.94
374.94 932.00
375.00 931.94
375.94 931.00
375.94 930.00
376.00 929.94
376.94 929.00
376.94 928.00
377.00 927.94
377.94 927.00
377.94 926.00
378.00 925.94
378.94 925.00
378.94 924.00
379.00 923.94
379.94 923.00
379.94 922.00
380.00 921.94
380.94 921.00
380.94 920.00
381.00 919.94
381.94 919.00
381.94 918.00
381.94 917.00
381.94 916.00
382.00 915.94
382.94 915.00
382.94 914.00
382.94 913.00
382.94 912.00
383.00 911.94
383.94 911.00

Contour 8:
420.95 234.00
420.95 233.00
420.95 232.00
420.95 231.00
420.95 230.00
420.95 229.00
420.95 228.00
420.95 227.00
420.95 226.00
420.95 225.00
420.95 224.00
420.95 223.00
420.95 222.00
420.00 221.05
419.95 221.00
419.95 220.00
419.95 219.00
419.95 218.00
419.95 217.00
419.00 216.05
418.95 216.00
418.95 215.00
418.95 214.00
418.00 213.05
417.95 213.00
417.95 212.00
417.00 211.05
416.95 211.00
416.00 210.05
415.95 210.00
415.00 209.05
414.95 209.00
414.00 208.05
413.95 208.00
413.00 207.05
412.00 207.05
411.95 207.00
411.00 206.05
410.95 206.00
410.00 205.05
409.00 205.05
408.95 205.00
408.00 204.05
407.00 204.05
406.00 204.05
405.95 204.00
405.00 203.05
404.00 203.05
403.00 203.05
402.00 203.05
401.00 203.05
400.00 203.05
399.00 203.05
398.95 203.00
398.00 202.05
397.00 202.05
396.00 202.05
395.05 203.00
395.00 203.05
394.00 203.05
393.00 203.05
392.00 203.05
391.00 203.05
390.05 204.00
390.00 204.05
389.00 204.05
388.00 204.05
387.05 205.00
387.00 205.05
386.00 205.05
385.05 206.00
385.00 206.05
384.00 206.05
383.05 207.00
383.00 207.05
382.05 208.00
382.00 208.05
381.00 208.05
380.05 209.00
380.00 209.05
379.05 210.00
379.00 210.05
378.05 211.00
378.00 211.05
377.05 212.00
377.00 212.05
376.05 213.00
376.05 214.00
376.00 214.05
375.05 215.00
375.00 215.05
374.05 216.00
374.00 216.05
373.05 217.00
373.05 218.00
373.00 218.05
372.05 219.00
372.05 220.00
372.00 220.05
371.05 221.00
371.00 221.05
370.05 222.00
370.05 223.00
370.00 223.05
369.05 224.00
369.05 225.00
369.00 225.05
368.05 226.00
368.05 227.00
368.00 227.05
367.05 228.00
367.05 229.00
367.05 230.00
367.00 230.05
366.05 231.00
366.05 232.00
366.05 233.00
366.05 234.00
366.00 234.05
365.05 235.00
365.05 236.00
365.05 237.00
365.05 238.00
365.05 239.00
365.05 240.00
365.05 241.00
365.05 242.00
365.05 243.00
365.05 244.00
365.05 245.00
365.05 246.00
366.00 246.95
366.05 247.00
366.05 248.00
366.05 249.00
366.05 250.00
366.05 251.00
367.00 251.95
367.05 252.00
367.05 253.00
367.05 254.00
368.00 254.95
368.05 255.00
368.05 256.00
368.05 257.00
369.00 257.95
369.05 258.00
369.05 259.00
370.00 259.95
370.05 260.00
370.05 261.00
371.00 261.95
371.05 262.00
372.00 262.95
372.05 263.00
372.05 264.00
373.00 264.95
373.05 265.00
374.00 265.95
375.00 265.95
375.05 266.00
376.00 266.95
376.05 267.00
377.00 267.95
377.05 268.00
378.00 268.95
379.00 268.95
379.05 269.00
380.00 269.95
380.05 270.00
381.00 270.95
382.00 270.95
383.00 270.95
383.05 271.00
384.00 271.95
385.00 271.95
386.00 271.95
387.00 271.95
388.00 271.95
389.00 271.95
390.00 271.95
391.00 271.95
392.00 271.95
392.95 271.00
393.00 270.95
394.00 270.95
395.00 270.95
395.95 270.00
396.00 269.95
397.00 269.95
397.95 269.00
398.00 268.95
398.95 268.00
399.00 267.95
400.00 267.95
400.95 267.00
401.00 266.95
401.95 266.00
402.00 265.95
403.00 265.95
403.95 265.00
404.00 264.95
404.95 264.00
405.00 263.95
405.95 263.00
406.00 262.95
406.95 262.00
407.00 261.95
407.95 261.00
408.00 260.95
408.95 260.00
409.00 259.95
409.95 259.00
409.95 258.00
410.00 257.95
410.95 257.00
411.00 256.95
411.95 256.00
411.95 255.00
412.00 254.95
412.95 254.00
412.95 253.00
413.00 252.95
413.95 252.00
414.00 251.95
414.95 251.00
414.95 250.00
415.00 249.95
415.95 249.00
415.95 248.00
416.00 247.95
416.95 247.00
416.95 246.00
417.00 245.95
417.95 245.00
417.95 244.00
418.00 243.95
418.95 243.00
418.95 242.00
418.95 241.00
418.95 240.00
419.00 239.95
419.95 239.00
419.95 238.00
419.95 237.00
419.95 236.00
419.95 235.00
420.00 234.95
420.95 234.00

Contour 9:
432.95 447.00
432.95 446.00
432.95 445.00
432.95 444.00
432.95 443.00
432.95 442.00
432.95 441.00
432.95 440.00
432.95 439.00
432.95 438.00
432.95 437.00
432.95 436.00
432.95 435.00
432.00 434.05
431.95 434.00
431.95 433.00
431.95 432.00
431.95 431.00
431.00 430.05
430.95 430.00
430.95 429.00
430.00 428.05
429.95 428.00
429.95 427.00
429.00 426.05
428.95 426.00
428.95 425.00
428.00 424.05
427.95 424.00
427.00 423.05
426.95 423.00
426.95 422.00
426.00 421.05
425.95 421.00
425.00 420.05
424.95 420.00
424.00 419.05
423.95 419.00
423.00 418.05
422.95 418.00
422.00 417.05
421.00 417.05
420.95 417.00
420.00 416.05
419.95 416.00
419.00 415.05
418.00 415.05
417.95 415.00
417.00 414.05
416.00 414.05
415.95 414.00
415.00 413.05
414.00 413.05
413.00 413.05
412.95 413.00
412.00 412.05
411.00 412.05
410.00 412.05
409.95 412.00
409.00 411.05
408.00 411.05
407.00 411.05
406.00 411.05
405.95 411.00
405.00 410.05
404.00 410.05
403.00 410.05
402.00 410.05
401.00 410.05
400.00 410.05
399.00 410.05
398.00 410.05
397.00 410.05
396.00 410.05
395.00 410.05
394.05 411.00
394.00 411.05
393.00 411.05
392.00 411.05
391.05 412.00
391.00 412.05
390.00 412.05
389.00 412.05
388.05 413.00
388.00 413.05
387.00 413.05
386.00 413.05
385.05 414.00
385.00 414.05
384.00 414.05
383.05 415.00
383.00 415.05
382.00 415.05
381.05 416.00
381.00 416.05
380.00 416.05
379.05 417.00
379.00 417.05
378.05 418.00
378.00 418.05
377.05 419.00
377.00 419.05
376.05 420.00
376.00 420.05
375.05 421.00
375.00 421.05
374.05 422.00
374.00 422.05
373.05 423.00
373.05 424.00
373.00 424.05
372.05 425.00
372.00 425.05
371.05 426.00
371.05 427.00
371.00 427.05
370.05 428.00
370.05 429.00
370.00 429.05
369.05 430.00
369.05 431.00
369.00 431.05
368.05 432.00
368.05 433.00
368.00 433.05
367.05 434.00
367.05 435.00
367.05 436.00
367.05 437.00
367.05 438.00
367.00 438.05
366.05 439.00
366.05 440.00
366.05 441.00
366.05 442.00
366.05 443.00
366.05 444.00
366.05 445.00
366.05 446.00
366.05 447.00
366.05 448.00
366.05 449.00
366.05 450.00
367.00 450.95
367.05 451.00
367.05 452.00
367.05 453.00
368.00 453.95
368.05 454.00
368.05 455.00
368.05 456.00
369.00 456.95
369.05 457.00
369.05 458.00
369.05 459.00
370.00 459.95
370.05 460.00
371.00 460.95
371.05 461.00
371.05 462.00
372.00 462.95
372.05 463.00
373.00 463.95
373.05 464.00
374.00 464.95
374.05 465.00
375.00 465.95
375.05 466.00
376.00 466.95
376.05 467.00
377.00 467.95
377.05 468.00
378.00 468.95
379.00 468.95
379.05 469.00
380.00 469.95
380.05 470.00
381.00 470.95
382.00 470.95
382.05 471.00
383.00 471.95
384.00 471.95
385.00 471.95
385.05 472.00
386.00 472.95
387.00 472.95
388.00 472.95
389.00 472.95
389.05 473.00
390.00 473.95
391.00 473.95
392.00 473.95
393.00 473.95
394.00 473.95
394.05 474.00
395.00 474.95
396.00 474.95
397.00 474.95
398.00 474.95
399.00 474.95
400.00 474.95
401.00 474.95
402.00 474.95
402.95 474.00
403.00 473.95
404.00 473.95
405.00 473.95
406.00 473.95
407.00 473.95
408.00 473.95
408.95 473.00
409.00 472.95
410.00 472.95
411.00 472.95
411.95 472.00
412.00 471.95
413.00 471.95
414.00 471.95
414.95 471.00
415.00 470.95
415.95 470.00
416.00 469.95
417.00 469.95
417.95 469.00
418.00 468.95
418.95 468.00
419.00 467.95
420.00 467.95
420.95 467.00
421.00 466.95
421.95 466.00
422.00 465.95
422.95 465.00
423.00 464.95
423.95 464.00
424.00 463.95
424.95 463.00
424.95 462.00
425.00 461.95
425.95 461.00
426.00 460.95
426.95 460.00
426.95 459.00
427.00 458.95
427.95 458.00
428.00 457.95
428.95 457.00
428.95 456.00
429.00 455.95
429.95 455.00
429.95 454.00
430.00 453.95
430.95 453.00
430.95 452.00
431.00 451.95
431.95 451.00
431.95 450.00
431.95 449.00
431.95 448.00
432.00 447.95
432.95 447.00

Contour 10:
441.96 786.00
441.96 785.00
441.96 784.00
441.96 783.00
441.96 782.00
441.00 781.04
440.96 781.00
440.96 780.00
440.96 779.00
440.96 778.00
440.96 777.00
440.96 776.00
440.96 775.00
440.00 774.04
439.96 774.00
439.96 773.00
439.96 772.00
439.00 771.04
438.96 771.00
438.96 770.00
438.96 769.00
438.00 768.04
437.96 768.00
437.96 767.00
437.00 766.04
436.96 766.00
436.00 765.04
435.96 765.00
435.96 764.00
435.00 763.04
434.96 763.00
434.00 762.04
433.96 762.00
433.96 761.00
433.00 760.04
432.96 760.00
432.00 759.04
431.96 759.00
431.00 758.04
430.96 758.00
430.00 757.04
429.96 757.00
429.00 756.04
428.96 756.00
428.00 755.04
427.96 755.00
427.00 754.04
426.00 754.04
425.96 754.00
425.00 753.04
424.96 753.00
424.00 752.04
423.00 752.04
422.96 752.00
422.00 751.04
421.00 751.04
420.00 751.04
419.96 751.00
419.00 750.04
418.00 750.04
417.00 750.04
416.96 750.00
416.00 749.04
415.00 749.04
414.00 749.04
413.00 749.04
412.96 749.00
412.00 748.04
411.00 748.04
410.00 748.04
409.00 748.04
408.00 748.04
407.00 748.04
406.00 748.04
405.00 748.04
404.00 748.04
403.00 748.04
402.00 748.04
401.00 748.04
400.00 748.04
399.00 748.04
398.04 749.00
398.00 749.04
397.00 749.04
396.00 749.04
395.04 750.00
395.00 750.04
394.00 750.04
393.00 750.04
392.04 751.00
392.00 751.04
391.00 751.04
390.04 752.00
390.00 752.04
389.00 752.04
388.04 753.00
388.00 753.04
387.04 754.00
387.00 754.04
386.00 754.04
385.04 755.00
385.00 755.04
384.04 756.00
384.00 756.04
383.04 757.00
383.00 757.04
382.04 758.00
382.00 758.04
381.04 759.00
381.00 759.04
380.04 760.00
380.00 760.04
379.04 761.00
379.00 761.04
378.04 762.00
378.04 763.00
378.00 763.04
377.04 764.00
377.04 765.00
377.00 765.04
376.04 766.00
376.04 767.00
376.00 767.04
375.04 768.00
375.04 769.00
375.00 769.04
374.04 770.00
374.04 771.00
374.04 772.00
374.04 773.00
374.04 774.00
374.04 775.00
374.04 776.00
374.04 777.00
374.00 777.04
373.04 778.00
373.04 779.00
373.04 780.00
373.04 781.00
373.04 782.00
373.04 783.00
373.04 784.00
373.04 785.00
373.04 786.00
374.00 786.96
374.04 787.00
374.04 788.00
374.04 789.00
374.04 790.00
374.04 791.00
375.00 791.96
375.04 792.00
375.04 793.00
376.00 793.96
376.04 794.00
376.04 795.00
376.04 796.00
377.00 796.96
377.04 797.00
377.04 798.00
378.00 798.96
378.04 799.00
378.04 800.00
379.00 800.96
379.04 801.00
379.04 802.00
380.00 802.96
380.04 803.00
380.04 804.00
381.00 804.96
381.04 805.00
382.00 805.96
382.04 806.00
382.04 807.00
383.00 807.96
383.04 808.00
384.00 808.96
384.04 809.00
385.00 809.96
385.04 810.00
386.00 810.96
387.00 810.96
387.04 811.00
388.00 811.96
388.04 812.00
389.00 812.96
389.04 813.00
390.00 813.96
391.00 813.96
391.04 814.00
392.00 814.96
393.00 814.96
393.04 815.00
394.00 815.96
395.00 815.96
395.04 816.00
396.00 816.96
397.00 816.96
398.00 816.96
398.04 817.00
399.00 817.96
400.00 817.96
401.00 817.96
401.04 818.00
402.00 818.96
403.00 818.96
404.00 818.96
404.04 819.00
405.00 819.96
406.00 819.96
407.00 819.96
408.00 819.96
409.00 819.96
410.00 819.96
411.00 819.96
411.04 820.00
412.00 820.96
413.00 820.96
413.96 820.00
414.00 819.96
415.00 819.96
416.00 819.96
417.00 819.96
418.00 819.96
419.00 819.96
420.00 819.96
420.96 819.00
421.00 818.96
422.00 818.96
422.96 818.00
423.00 817.96
424.00 817.96
424.96 817.00
425.00 816.96
425.96 816.00
426.00 815.96
426.96 815.00
427.00 814.96
428.00 814.96
428.96 814.00
429.00 813.96
429.96 813.00
429.96 812.00
430.00 811.96
430.96 811.00
431.00 810.96
431.96 810.00
432.00 809.96
432.96 809.00
433.00 808.96
433.96 808.00
433.96 807.00
434.00 806.96
434.96 806.00
435.00 805.96
435.96 805.00
435.96 804.00
436.00 803.96
436.96 803.00
436.96 802.00
437.00 801.96
437.96 801.00
437.96 800.00
438.00 799.96
438.96 799.00
438.96 798.00
438.96 797.00
439.00 796.96
439.96 796.00
439.96 795.00
439.96 794.00
440.00 793.96
440.96 793.00
440.96 792.00
440.96 791.00
440.96 790.00
440.96 789.00
440.96 788.00
440.96 787.00
441.00 786.96
441.96 786.00

Contour 11:
474.96 649.00
474.96 648.00
474.96 647.00
474.96 646.00
474.96 645.00
474.96 644.00
474.96 643.00
474.96 642.00
474.96 641.00
474.96 640.00
474.96 639.00
474.96 638.00
474.00 637.04
473.96 637.00
473.96 636.00
473.96 635.00
473.96 634.00
473.00 633.04
472.96 633.00
472.96 632.00
472.96 631.00
472.00 630.04
471.96 630.00
471.96 629.00
471.00 628.04
470.96 628.00
470.96 627.00
470.00 626.04
469.96 626.00
469.96 625.00
469.00 624.04
468.96 624.00
468.00 623.04
467.96 623.00
467.00 622.04
466.96 622.00
466.00 621.04
465.96 621.00
465.00 620.04
464.96 620.00
464.00 619.04
463.00 619.04
462.96 619.00
462.00 618.04
461.96 618.00
461.00 617.04
460.00 617.04
459.96 617.00
459.00 616.04
458.96 616.00
458.00 615.04
457.00 615.04
456.96 615.00
456.00 614.04
455.00 614.04
454.96 614.00
454.00 613.04
453.96 613.00
453.00 612.04
452.00 612.04
451.96 612.00
451.00 611.04
450.00 611.04
449.96 611.00
449.00 610.04
448.00 610.04
447.00 610.04
446.96 610.00
446.00 609.04
445.00 609.04
444.00 609.04
443.00 609.04
442.00 609.04
441.00 609.04
440.00 609.04
439.00 609.04
438.00 609.04
437.00 609.04
436.04 610.00
436.00 610.04
435.00 610.04
434.00 610.04
433.00 610.04
432.04 611.00
432.00 611.04
431.00 611.04
430.00 611.04
429.04 612.00
429.00 612.04
428.00 612.04
427.00 612.04
426.04 613.00
426.00 613.04
425.00 613.04
424.04 614.00
424.00 614.04
423.00 614.04
422.04 615.00
422.00 615.04
421.04 616.00
421.00 616.04
420.04 617.00
420.00 617.04
419.04 618.00
419.00 618.04
418.04 619.00
418.00 619.04
417.00 619.04
416.04 620.00
416.04 621.00
416.00 621.04
415.04 622.00
415.00 622.04
414.04 623.00
414.00 623.04
413.04 624.00
413.04 625.00
413.00 625.04
412.04 626.00
412.00 626.04
411.04 627.00
411.04 628.00
411.04 629.00
411.00 629.04
410.04 630.00
410.04 631.00
410.04 632.00
410.00 632.04
409.04 633.00
409.04 634.00
409.04 635.00
409.04 636.00
409.00 636.04
408.04 637.00
408.04 638.00
408.04 639.00
408.04 640.00
408.04 641.00
408.04 642.00
408.04 643.00
408.04 644.00
409.00 644.96
409.04 645.00
409.04 646.00
409.04 647.00
409.04 648.00
410.00 648.96
410.04 649.00
410.04 650.00
411.00 650.96
411.04 651.00
411.04 652.00
411.04 653.00
412.00 653.96
412.04 654.00
412.04 655.00
413.00 655.96
413.04 656.00
413.04 657.00
414.00 657.96
414.04 658.00
414.04 659.00
415.00 659.96
415.04 660.00
416.00 660.96
416.04 661.00
416.04 662.00
417.00 662.96
417.04 663.00
418.00 663.96
418.04 664.00
418.04 665.00
419.00 665.96
419.04 666.00
420.00 666.96
420.04 667.00
421.00 667.96
422.00 667.96
422.04 668.00
423.00 668.96
423.04 669.00
424.00 669.96
424.04 670.00
425.00 670.96
426.00 670.96
426.04 671.00
427.00 671.96
428.00 671.96
428.04 672.00
429.00 672.96
430.00 672.96
430.04 673.00
431.00 673.96
432.00 673.96
432.04 674.00
433.00 674.96
434.00 674.96
434.04 675.00
435.00 675.96
436.00 675.96
437.00 675.96
437.04 676.00
438.00 676.96
439.00 676.96
440.00 676.96
441.00 676.96
442.00 676.96
442.04 677.00
443.00 677.96
444.00 677.96
444.96 677.00
445.00 676.96
446.00 676.96
447.00 676.96
448.00 676.96
449.00 676.96
450.00 676.96
450.96 676.00
451.00 675.96
452.00 675.96
453.00 675.96
454.00 675.96
454.96 675.00
455.00 674.96
456.00 674.96
457.00 674.96
457.96 674.00
458.00 673.96
458.96 673.00
459.00 672.96
459.96 672.00
460.00 671.96
461.00 671.96
461.96 671.00
462.00 670.96
462.96 670.00
463.00 669.96
463.96 669.00
464.00 668.96
464.96 668.00
465.00 667.96
465.96 667.00
465.96 666.00
466.00 665.96
466.96 665.00
467.00 664.96
467.96 664.00
468.00 663.96
468.96 663.00
468.96 662.00
469.00 661.96
469.96 661.00
470.00 660.96
470.96 660.00
470.96 659.00
471.00 658.96
471.96 658.00
471.96 657.00
471.96 656.00
472.00 655.96
472.96 655.00
472.96 654.00
472.96 653.00
473.00 652.96
473.96 652.00
473.96 651.00
473.96 650.00
474.00 649.96
474.96 649.00

Contour 12:
509.96 144.00
509.96 143.00
509.96 142.00
509.96 141.00
509.96 140.00
509.96 139.00
509.96 138.00
509.96 137.00
509.96 136.00
509.96 135.00
509.96 134.00
509.96 133.00
509.96 132.00
509.96 131.00
509.00 130.04
508.96 130.00
508.96 129.00
508.96 128.00
508.96 127.00
508.00 126.04
507.96 126.00
507.96 125.00
507.96 124.00
507.00 123.04
506.96 123.00
506.96 122.00
506.00 121.04
505.96 121.00
505.96 120.00
505.00 119.04
504.96 119.00
504.96 118.00
504.00 117.04
503.96 117.00
503.00 116.04
502.96 116.00
502.96 115.00
502.00 114.04
501.96 114.00
501.00 113.04
500.96 113.00
500.00 112.04
499.00 112.04
498.96 112.00
498.00 111.04
497.00 111.04
496.96 111.00
496.00 110.04
495.00 110.04
494.00 110.04
493.96 110.00
493.00 109.04
492.00 109.04
491.00 109.04
490.00 109.04
489.00 109.04
488.00 109.04
487.00 109.04
486.00 109.04
485.00 109.04
484.00 109.04
483.00 109.04
482.04 110.00
482.00 110.04
481.00 110.04
480.00 110.04
479.00 110.04
478.04 111.00
478.00 111.04
477.00 111.04
476.00 111.04
475.04 112.00
475.00 112.04
474.00 112.04
473.04 113.00
473.00 113.04
472.04 114.00
472.00 114.04
471.04 115.00
471.00 115.04
470.00 115.04
469.04 116.00
469.00 116.04
468.04 117.00
468.00 117.04
467.04 118.00
467.00 118.04
466.04 119.00
466.00 119.04
465.04 120.00
465.00 120.04
464.04 121.00
464.00 121.04
463.04 122.00
463.00 122.04
462.04 123.00
462.04 124.00
462.00 124.04
461.04 125.00
461.00 125.04
460.04 126.00
460.00 126.04
459.04 127.00
459.00 127.04
458.04 128.00
458.04 129.00
458.00 129.04
457.04 130.00
457.00 130.04
456.04 131.00
456.04 132.00
456.04 133.00
456.00 133.04
455.04 134.00
455.04 135.00
455.04 136.00
455.04 137.00
455.04 138.00
455.00 138.04
454.04 139.00
454.04 140.00
454.04 141.00
454.04 142.00
454.04 143.00
454.04 144.00
454.04 145.00
454.04 146.00
454.04 147.00
454.04 148.00
454.04 149.00
454.04 150.00
454.04 151.00
454.04 152.00
454.04 153.00
454.04 154.00
454.04 155.00
454.04 156.00
455.00 156.96
455.04 157.00
455.04 158.00
455.04 159.00
456.00 159.96
456.04 160.00
456.04 161.00
456.04 162.00
457.00 162.96
457.04 163.00
457.04 164.00
458.00 164.96
458.04 165.00
458.04 166.00
459.00 166.96
459.04 167.00
460.00 167.96
460.04 168.00
461.00 168.96
461.04 169.00
461.04 170.00
462.00 170.96
463.00 170.96
463.04 171.00
464.00 171.96
464.04 172.00
465.00 172.96
465.04 173.00
466.00 173.96
467.00 173.96
467.04 174.00
468.00 174.96
469.00 174.96
469.04 175.00
470.00 175.96
471.00 175.96
471.04 176.00
472.00 176.96
473.00 176.96
474.00 176.96
475.00 176.96
475.04 177.00
476.00 177.96
477.00 177.96
478.00 177.96
479.00 177.96
480.00 177.96
481.00 177.96
482.00 177.96
483.00 177.96
484.00 177.96
485.00 177.96
485.96 177.00
486.00 176.96
487.00 176.96
488.00 176.96
489.00 176.96
489.96 176.00
490.00 175.96
491.00 175.96
491.96 175.00
492.00 174.96
493.00 174.96
493.96 174.00
494.00 173.96
495.00 173.96
495.96 173.00
496.00 172.96
496.96 172.00
497.00 171.96
497.96 171.00
498.00 170.96
498.96 170.00
499.00 169.96
499.96 169.00
500.00 168.96
500.96 168.00
501.00 167.96
501.96 167.00
502.00 166.96
502.96 166.00
502.96 165.00
503.00 164.96
503.96 164.00
504.00 163.96
504.96 163.00
504.96 162.00
505.00 161.96
505.96 161.00
505.96 160.00
505.96 159.00
506.00 158.96
506.96 158.00
506.96 157.00
506.96 156.00
507.00 155.96
507.96 155.00
507.96 154.00
507.96 153.00
507.96 152.00
507.96 151.00
507.96 150.00
508.00 149.96
508.96 149.00
508.96 148.00
508.96 147.00
508.96 146.00
508.96 145.00
509.00 144.96
509.96 144.00

Contour 13:
560.97 486.00
560.97 485.00
560.97 484.00
560.97 483.00
560.97 482.00
560.97 481.00
560.97 480.00
560.97 479.00
560.97 478.00
560.00 477.03
559.97 477.00
559.97 476.00
559.97 475.00
559.00 474.03
558.97 474.00
558.97 473.00
558.00 472.03
557.97 472.00
557.97 471.00
557.00 470.03
556.97 470.00
556.97 469.00
556.00 468.03
555.97 468.00
555.00 467.03
554.97 467.00
554.00 466.03
553.97 466.00
553.00 465.03
552.97 465.00
552.00 464.03
551.97 464.00
551.00 463.03
550.00 463.03
549.97 463.00
549.00 462.03
548.97 462.00
548.00 461.03
547.97 461.00
547.00 460.03
546.00 460.03
545.97 460.00
545.00 459.03
544.97 459.00
544.00 458.03
543.00 458.03
542.97 458.00
542.00 457.03
541.00 457.03
540.97 457.00
540.00 456.03
539.00 456.03
538.97 456.00
538.00 455.03
537.00 455.03
536.97 455.00
536.00 454.03
535.00 454.03
534.00 454.03
533.00 454.03
532.00 454.03
531.97 454.00
531.00 453.03
530.00 453.03
529.00 453.03
528.00 453.03
527.03 454.00
527.00 454.03
526.00 454.03
525.00 454.03
524.00 454.03
523.03 455.00
523.00 455.03
522.00 455.03
521.03 456.00
521.00 456.03
520.00 456.03
519.03 457.00
519.00 457.03
518.00 457.03
517.03 458.00
517.00 458.03
516.03 459.00
516.00 459.03
515.03 460.00
515.00 460.03
514.03 461.00
514.00 461.03
513.00 461.03
512.03 462.00
512.00 462.03
511.03 463.00
511.00 463.03
510.03 464.00
510.00 464.03
509.03 465.00
509.00 465.03
508.03 466.00
508.00 466.03
507.03 467.00
507.00 467.03
506.03 468.00
506.03 469.00
506.00 469.03
505.03 470.00
505.03 471.00
505.00 471.03
504.03 472.00
504.00 472.03
503.03 473.00
503.03 474.00
503.00 474.03
502.03 475.00
502.03 476.00
502.00 476.03
501.03 477.00
501.00 477.03
500.03 478.00
500.03 479.00
500.03 480.00
500.00 480.03
499.03 481.00
499.03 482.00
499.03 483.00
499.00 483.03
498.03 484.00
498.03 485.00
498.03 486.00
498.03 487.00
498.03 488.00
498.03 489.00
498.03 490.00
498.03 491.00
498.03 492.00
498.03 493.00
498.03 494.00
498.03 495.00
498.03 496.00
498.03 497.00
498.03 498.00
499.00 498.97
499.03 499.00
499.03 500.00
499.03 501.00
499.03 502.00
499.03 503.00
500.00 503.97
500.03 504.00
500.03 505.00
500.03 506.00
501.00 506.97
501.03 507.00
501.03 508.00
502.00 508.97
502.03 509.00
502.03 510.00
503.00 510.97
503.03 511.00
503.03 512.00
504.00 512.97
504.03 513.00
505.00 513.97
505.03 514.00
506.00 514.97
506.03 515.00
507.00 515.97
507.03 516.00
508.00 516.97
508.03 517.00
509.00 517.97
510.00 517.97
510.03 518.00
511.00 518.97
512.00 518.97
512.03 519.00
513.00 519.97
514.00 519.97
515.00 519.97
515.03 520.00
516.00 520.97
517.00 520.97
518.00 520.97
519.00 520.97
520.00 520.97
521.00 520.97
522.00 520.97
523.00 520.97
524.00 520.97
525.00 520.97
526.00 520.97
527.00 520.97
528.00 520.97
529.00 520.97
529.97 520.00
530.00 519.97
531.00 519.97
532.00 519.97
533.00 519.97
534.00 519.97
535.00 519.97
535.97 519.00
536.00 518.97
537.00 518.97
538.00 518.97
538.97 518.00
539.00 517.97
540.00 517.97
541.00 517.97
541.97 517.00
542.00 516.97
543.00 516.97
543.97 516.00
544.00 515.97
545.00 515.97
545.97 515.00
546.00 514.97
546.97 514.00
547.00 513.97
548.00 513.97
548.97 513.00
549.00 512.97
549.97 512.00
550.00 511.97
550.97 511.00
551.00 510.97
551.97 510.00
552.00 509.97
552.97 509.00
553.00 508.97
553.97 508.00
553.97 507.00
554.00 506.97
554.97 506.00
555.00 505.97
555.97 505.00
555.97 504.00
556.00 503.97
556.97 503.00
556.97 502.00
557.00 501.97
557.97 501.00
557.97 500.00
557.97 499.00
557.97 498.00
558.00 497.97
558.97 497.00
558.97 496.00
558.97 495.00
559.00 494.97
559.97 494.00
559.97 493.00
559.97 492.00
559.97 491.00
559.97 490.00
559.97 489.00
559.97 488.00
559.97 487.00
560.00 486.97
560.97 486.00

Contour 14:
593.97 696.00
593.97 695.00
593.97 694.00
593.97 693.00
593.97 692.00
593.97 691.00
593.97 690.00
593.97 689.00
593.97 688.00
593.97 687.00
593.97 686.00
593.00 685.03
592.97 685.00
592.97 684.00
592.97 683.00
592.97 682.00
592.97 681.00
592.97 680.00
592.00 679.03
591.97 679.00
591.97 678.00
591.97 677.00
591.00 676.03
590.97 676.00
590.97 675.00
590.00 674.03
589.97 674.00
589.00 673.03
588.97 673.00
588.97 672.00
588.00 671.03
587.97 671.00
587.00 670.03
586.97 670.00
586.00 669.03
585.97 669.00
585.97 668.00
585.00 667.03
584.97 667.00
584.00 666.03
583.97 666.00
583.00 665.03
582.97 665.00
582.00 664.03
581.97 664.00
581.00 663.03
580.97 663.00
580.00 662.03
579.00 662.03
578.97 662.00
578.00 661.03
577.00 661.03
576.97 661.00
576.00 660.03
575.00 660.03
574.97 660.00
574.00 659.03
573.00 659.03
572.00 659.03
571.97 659.00
571.00 658.03
570.00 658.03
569.00 658.03
568.00 658.03
567.00 658.03
566.00 658.03
565.00 658.03
564.00 658.03
563.00 658.03
562.00 658.03
561.00 658.03
560.00 658.03
559.00 658.03
558.00 658.03
557.03 659.00
557.00 659.03
556.00 659.03
555.00 659.03
554.03 660.00
554.00 660.03
553.00 660.03
552.03 661.00
552.00 661.03
551.00 661.03
550.00 661.03
549.03 662.00
549.00 662.03
548.00 662.03
547.03 663.00
547.00 663.03
546.00 663.03
545.03 664.00
545.00 664.03
544.03 665.00
544.00 665.03
543.03 666.00
543.00 666.03
542.00 666.03
541.03 667.00
541.00 667.03
540.03 668.00
540.00 668.03
539.03 669.00
539.00 669.03
538.03 670.00
538.00 670.03
537.03 671.00
537.00 671.03
536.03 672.00
536.00 672.03
535.03 673.00
535.00 673.03
534.03 674.00
534.03 675.00
534.00 675.03
533.03 676.00
533.03 677.00
533.00 677.03
532.03 678.00
532.03 679.00
532.00 679.03
531.03 680.00
531.03 681.00
531.03 682.00
531.03 683.00
531.03 684.00
531.03 685.00
531.03 686.00
531.03 687.00
531.03 688.00
531.03 689.00
531.03 690.00
531.03 691.00
532.00 691.97
532.03 692.00
532.03 693.00
532.03 694.00
532.03 695.00
532.03 696.00
533.00 696.97
533.03 697.00
533.03 698.00
533.03 699.00
534.00 699.97
534.03 700.00
534.03 701.00
534.03 702.00
535.00 702.97
535.03 703.00
535.03 704.00
536.00 704.97
536.03 705.00
536.03 706.00
537.00 706.97
537.03 707.00
537.03 708.00
538.00 708.97
538.03 709.00
539.00 709.97
539.03 710.00
540.00 710.97
540.03 711.00
541.00 711.97
541.03 712.00
542.00 712.97
542.03 713.00
543.00 713.97
544.00 713.97
544.03 714.00
545.00 714.97
546.00 714.97
546.03 715.00
547.00 715.97
547.03 716.00
548.00 716.97
549.00 716.97
549.03 717.00
550.00 717.97
551.00 717.97
552.00 717.97
552.03 718.00
553.00 718.97
554.00 718.97
554.03 719.00
555.00 719.97
556.00 719.97
557.00 719.97
558.00 719.97
559.00 719.97
559.03 720.00
560.00 720.97
561.00 720.97
562.00 720.97
563.00 720.97
564.00 720.97
565.00 720.97
566.00 720.97
567.00 720.97
568.00 720.97
569.00 720.97
570.00 720.97
571.00 720.97
571.97 720.00
572.00 719.97
573.00 719.97
574.00 719.97
575.00 719.97
575.97 719.00
576.00 718.97
577.00 718.97
578.00 718.97
578.97 718.00
579.00 717.97
579.97 717.00
580.00 716.97
581.00 716.97
581.97 716.00
582.00 715.97
582.97 715.00
583.00 714.97
583.97 714.00
584.00 713.97
584.97 713.00
585.00 712.97
585.97 712.00
586.00 711.97
586.97 711.00
587.00 710.97
587.97 710.00
587.97 709.00
588.00 708.97
588.97 708.00
589.00 707.97
589.97 707.00
589.97 706.00
590.00 705.97
590.97 705.00
590.97 704.00
591.00 703.97
591.97 703.00
591.97 702.00
591.97 701.00
592.00 700.97
592.97 700.00
592.97 699.00
592.97 698.00
592.97 697.00
593.00 696.97
593.97 696.00

Contour 15:
675.97 408.00
675.97 407.00
675.97 406.00
675.97 405.00
675.97 404.00
675.97 403.00
675.97 402.00
675.00 401.03
674.97 401.00
674.97 400.00
674.97 399.00
674.97 398.00
674.97 397.00
674.97 396.00
674.97 395.00
674.00 394.03
673.97 394.00
673.97 393.00
673.97 392.00
673.00 391.03
672.97 391.00
672.97 390.00
672.97 389.00
672.00 388.03
671.97 388.00
671.97 387.00
671.97 386.00
671.00 385.03
670.97 385.00
670.97 384.00
670.00 383.03
669.97 383.00
669.00 382.03
668.97 382.00
668.97 381.00
668.00 380.03
667.97 380.00
667.00 379.03
666.97 379.00
666.00 378.03
665.97 378.00
665.00 377.03
664.97 377.00
664.00 376.03
663.97 376.00
663.00 375.03
662.00 375.03
661.97 375.00
661.00 374.03
660.97 374.00
660.00 373.03
659.00 373.03
658.97 373.00
658.00 372.03
657.00 372.03
656.97 372.00
656.00 371.03
655.00 371.03
654.97 371.00
654.00 370.03
653.00 370.03
652.97 370.00
652.00 369.03
651.00 369.03
650.00 369.03
649.97 369.00
649.00 368.03
648.00 368.03
647.00 368.03
646.00 368.03
645.00 368.03
644.00 368.03
643.00 368.03
642.00 368.03
641.00 368.03
640.00 368.03
639.00 368.03
638.00 368.03
637.00 368.03
636.00 368.03
635.00 368.03
634.03 369.00
634.00 369.03
633.00 369.03
632.00 369.03
631.03 370.00
631.00 370.03
630.00 370.03
629.03 371.00
629.00 371.03
628.00 371.03
627.03 372.00
627.00 372.03
626.00 372.03
625.03 373.00
625.00 373.03
624.00 373.03
623.03 374.00
623.00 374.03
622.00 374.03
621.03 375.00
621.00 375.03
620.00 375.03
619.03 376.00
619.00 376.03
618.03 377.00
618.00 377.03
617.00 377.03
616.03 378.00
616.00 378.03
615.03 379.00
615.00 379.03
614.03 380.00
614.00 380.03
613.03 381.00
613.00 381.03
612.03 382.00
612.00 382.03
611.03 383.00
611.03 384.00
611.00 384.03
610.03 385.00
610.00 385.03
609.03 386.00
609.03 387.00
609.00 387.03
608.03 388.00
608.00 388.03
607.03 389.00
607.03 390.00
607.00 390.03
606.03 391.00
606.03 392.00
606.00 392.03
605.03 393.00
605.03 394.00
605.00 394.03
604.03 395.00
604.03 396.00
604.00 396.03
603.03 397.00
603.03 398.00
603.03 399.00
603.03 400.00
603.00 400.03
602.03 401.00
602.03 402.00
602.03 403.00
602.03 404.00
602.03 405.00
602.03 406.00
602.03 407.00
602.03 408.00
603.00 408.97
603.03 409.00
603.03 410.00
603.03 411.00
603.03 412.00
604.00 412.97
604.03 413.00
604.03 414.00
604.03 415.00
604.03 416.00
605.00 416.97
605.03 417.00
605.03 418.00
606.00 418.97
606.03 419.00
606.03 420.00
607.00 420.97
607.03 421.00
607.03 422.00
608.00 422.97
608.03 423.00
608.03 424.00
609.00 424.97
609.03 425.00
609.03 426.00
610.00 426.97
610.03 427.00
611.00 427.97
611.03 428.00
612.00 428.97
612.03 429.00
613.00 429.97
613.03 430.00
614.00 430.97
614.03 431.00
615.00 431.97
615.03 432.00
616.00 432.97
616.03 433.00
617.00 433.97
617.03 434.00
618.00 434.97
618.03 435.00
619.00 435.97
620.00 435.97
620.03 436.00
621.00 436.97
622.00 436.97
622.03 437.00
623.00 437.97
624.00 437.97
624.03 438.00
625.00 438.97
626.00 438.97
627.00 438.97
627.03 439.00
628.00 439.97
629.00 439.97
630.00 439.97
630.03 440.00
631.00 440.97
632.00 440.97
633.00 440.97
634.00 440.97
634.03 441.00
635.00 441.97
636.00 441.97
637.00 441.97
638.00 441.97
639.00 441.97
640.00 441.97
641.00 441.97
642.00 441.97
643.00 441.97
644.00 441.97
645.00 441.97
646.00 441.97
647.00 441.97
648.00 441.97
649.00 441.97
649.97 441.00
650.00 440.97
651.00 440.97
652.00 440.97
652.97 440.00
653.00 439.97
654.00 439.97
655.00 439.97
655.97 439.00
656.00 438.97
657.00 438.97
657.97 438.00
658.00 437.97
658.97 437.00
659.00 436.97
660.00 436.97
660.97 436.00
661.00 435.97
661.97 435.00
662.00 434.97
662.97 434.00
663.00 433.97
663.97 433.00
664.00 432.97
664.97 432.00
665.00 431.97
665.97 431.00
666.00 430.97
666.97 430.00
667.00 429.97
667.97 429.00
667.97 428.00
668.00 427.97
668.97 427.00
669.00 426.97
669.97 426.00
669.97 425.00
670.00 424.97
670.97 424.00
670.97 423.00
671.00 422.97
671.97 422.00
671.97 421.00
672.00 420.97
672.97 420.00
672.97 419.00
672.97 418.00
673.00 417.97
673.97 417.00
673.97 416.00
674.00 415.97
674.97 415.00
674.97 414.00
674.97 413.00
674.97 412.00
674.97 411.00
674.97 410.00
674.97 409.00
675.00 408.97
675.97 408.00

Contour 16:
680.97 558.00
680.97 557.00
680.97 556.00
680.97 555.00
680.97 554.00
680.97 553.00
680.97 552.00
680.97 551.00
680.97 550.00
680.00 549.03
679.97 549.00
679.97 548.00
679.97 547.00
679.97 546.00
679.97 545.00
679.00 544.03
678.97 544.00
678.97 543.00
678.00 542.03
677.97 542.00
677.97 541.00
677.00 540.03
676.97 540.00
676.97 539.00
676.97 538.00
676.00 537.03
675.97 537.00
675.00 536.03
674.97 536.00
674.97 535.00
674.00 534.03
673.97 534.00
673.97 533.00
673.00 532.03
672.97 532.00
672.00 531.03
671.00 531.03
670.97 531.00
670.00 530.03
669.97 530.00
669.00 529.03
668.00 529.03
667.97 529.00
667.00 528.03
666.97 528.00
666.00 527.03
665.97 527.00
665.00 526.03
664.97 526.00
664.00 525.03
663.00 525.03
662.97 525.00
662.00 524.03
661.97 524.00
661.00 523.03
660.00 523.03
659.97 523.00
659.00 522.03
658.97 522.00
658.00 521.03
657.00 521.03
656.97 521.00
656.00 520.03
655.00 520.03
654.00 520.03
653.97 520.00
653.00 519.03
652.00 519.03
651.00 519.03
650.00 519.03
649.97 519.00
649.00 518.03
648.00 518.03
647.00 518.03
646.00 518.03
645.97 518.00
645.00 517.03
644.00 517.03
643.00 517.03
642.00 517.03
641.00 517.03
640.00 517.03
639.00 517.03
638.00 517.03
637.00 517.03
636.00 517.03
635.03 518.00
635.00 518.03
634.00 518.03
633.00 518.03
632.00 518.03
631.00 518.03
630.03 519.00
630.00 519.03
629.00 519.03
628.00 519.03
627.03 520.00
627.00 520.03
626.00 520.03
625.00 520.03
624.03 521.00
624.00 521.03
623.00 521.03
622.03 522.00
622.00 522.03
621.00 522.03
620.03 523.00
620.00 523.03
619.00 523.03
618.03 524.00
618.00 524.03
617.00 524.03
616.03 525.00
616.00 525.03
615.03 526.00
615.00 526.03
614.03 527.00
614.00 527.03
613.03 528.00
613.00 528.03
612.03 529.00
612.00 529.03
611.03 530.00
611.00 530.03
610.03 531.00
610.00 531.03
609.03 532.00
609.03 533.00
609.00 533.03
608.03 534.00
608.03 535.00
608.00 535.03
607.03 536.00
607.03 537.00
607.03 538.00
607.03 539.00
607.03 540.00
607.03 541.00
607.03 542.00
607.03 543.00
607.03 544.00
607.03 545.00
607.03 546.00
607.03 547.00
608.00 547.97
608.03 548.00
608.03 549.00
608.03 550.00
608.03 551.00
609.00 551.97
609.03 552.00
609.03 553.00
609.03 554.00
609.03 555.00
609.03 556.00
610.00 556.97
610.03 557.00
610.03 558.00
610.03 559.00
610.03 560.00
610.03 561.00
611.00 561.97
611.03 562.00
611.03 563.00
611.03 564.00
611.03 565.00
612.00 565.97
612.03 566.00
612.03 567.00
612.03 568.00
613.00 568.97
613.03 569.00
613.03 570.00
613.03 571.00
614.00 571.97
614.03 572.00
615.00 572.97
615.03 573.00
615.03 574.00
616.00 574.97
616.03 575.00
617.00 575.97
617.03 576.00
617.03 577.00
618.00 577.97
618.03 578.00
619.00 578.97
619.03 579.00
620.00 579.97
620.03 580.00
621.00 580.97
621.03 581.00
622.00 581.97
623.00 581.97
623.03 582.00
624.00 582.97
624.03 583.00
625.00 583.97
626.00 583.97
626.03 584.00
627.00 584.97
627.03 585.00
628.00 585.97
629.00 585.97
629.03 586.00
630.00 586.97
631.00 586.97
631.03 587.00
632.00 587.97
633.00 587.97
634.00 587.97
634.03 588.00
635.00 588.97
636.00 588.97
637.00 588.97
637.03 589.00
638.00 589.97
639.00 589.97
640.00 589.97
641.00 589.97
641.03 590.00
642.00 590.97
643.00 590.97
644.00 590.97
645.00 590.97
646.00 590.97
647.00 590.97
648.00 590.97
649.00 590.97
650.00 590.97
651.00 590.97
652.00 590.97
653.00 590.97
654.00 590.97
655.00 590.97
655.97 590.00
656.00 589.97
657.00 589.97
658.00 589.97
658.97 589.00
659.00 588.97
660.00 588.97
660.97 588.00
661.00 587.97
661.97 587.00
662.00 586.97
663.00 586.97
663.97 586.00
664.00 585.97
664.97 585.00
665.00 584.97
665.97 584.00
666.00 583.97
666.97 583.00
667.00 582.97
667.97 582.00
668.00 581.97
668.97 581.00
669.00 580.97
669.97 580.00
669.97 579.00
670.00 578.97
670.97 578.00
670.97 577.00
671.00 576.97
671.97 576.00
672.00 575.97
672.97 575.00
672.97 574.00
673.00 573.97
673.97 573.00
673.97 572.00
674.00 571.97
674.97 571.00
674.97 570.00
675.00 569.97
675.97 569.00
675.97 568.00
676.00 567.97
676.97 567.00
676.97 566.00
677.00 565.97
677.97 565.00
677.97 564.00
678.00 563.97
678.97 563.00
678.97 562.00
679.00 561.97
679.97 561.00
679.97 560.00
679.97 559.00
680.00 558.97
680.97 558.00

Contour 17:
684.97 96.00
684.97 95.00
684.97 94.00
684.97 93.00
684.97 92.00
684.97 91.00
684.97 90.00
684.97 89.00
684.97 88.00
684.97 87.00
684.97 86.00
684.97 85.00
684.97 84.00
684.97 83.00
684.97 82.00
684.97 81.00
684.97 80.00
684.00 79.03
683.97 79.00
683.97 78.00
683.97 77.00
683.00 76.03
682.97 76.00
682.97 75.00
682.00 74.03
681.97 74.00
681.00 73.03
680.97 73.00
680.97 72.00
680.00 71.03
679.97 71.00
679.00 70.03
678.97 70.00
678.00 69.03
677.97 69.00
677.00 68.03
676.97 68.00
676.97 67.00
676.00 66.03
675.97 66.00
675.00 65.03
674.97 65.00
674.00 64.03
673.97 64.00
673.00 63.03
672.97 63.00
672.00 62.03
671.00 62.03
670.97 62.00
670.00 61.03
669.97 61.00
669.00 60.03
668.97 60.00
668.00 59.03
667.00 59.03
666.97 59.00
666.00 58.03
665.00 58.03
664.97 58.00
664.00 57.03
663.00 57.03
662.97 57.00
662.00 56.03
661.00 56.03
660.00 56.03
659.00 56.03
658.00 56.03
657.00 56.03
656.00 56.03
655.00 56.03
654.00 56.03
653.00 56.03
652.00 56.03
651.00 56.03
650.00 56.03
649.03 57.00
649.00 57.03
648.00 57.03
647.00 57.03
646.03 58.00
646.00 58.03
645.00 58.03
644.03 59.00
644.00 59.03
643.03 60.00
643.00 60.03
642.00 60.03
641.03 61.00
641.00 61.03
640.03 62.00
640.00 62.03
639.03 63.00
639.00 63.03
638.03 64.00
638.00 64.03
637.03 65.00
637.00 65.03
636.03 66.00
636.00 66.03
635.03 67.00
635.00 67.03
634.03 68.00
634.00 68.03
633.03 69.00
633.03 70.00
633.00 70.03
632.03 71.00
632.00 71.03
631.03 72.00
631.03 73.00
631.00 73.03
630.03 74.00
630.03 75.00
630.00 75.03
629.03 76.00
629.03 77.00
629.03 78.00
629.00 78.03
628.03 79.00
628.03 80.00
628.03 81.00
628.03 82.00
628.03 83.00
628.03 84.00
628.03 85.00
628.03 86.00
628.03 87.00
628.03 88.00
628.03 89.00
628.03 90.00
628.03 91.00
629.00 91.97
629.03 92.00
629.03 93.00
629.03 94.00
630.00 94.97
630.03 95.00
630.03 96.00
631.00 96.97
631.03 97.00
631.03 98.00
632.00 98.97
632.03 99.00
632.03 100.00
633.00 100.97
633.03 101.00
633.03 102.00
634.00 102.97
634.03 103.00
634.03 104.00
635.00 104.97
635.03 105.00
635.03 106.00
636.00 106.97
636.03 107.00
637.00 107.97
637.03 108.00
637.03 109.00
638.00 109.97
638.03 110.00
639.00 110.97
639.03 111.00
640.00 111.97
640.03 112.00
641.00 112.97
641.03 113.00
641.03 114.00
642.00 114.97
643.00 114.97
643.03 115.00
644.00 115.97
644.03 116.00
645.00 116.97
645.03 117.00
646.00 117.97
647.00 117.97
647.03 118.00
648.00 118.97
649.00 118.97
649.03 119.00
650.00 119.97
650.03 120.00
651.00 120.97
652.00 120.97
653.00 120.97
653.03 121.00
654.00 121.97
655.00 121.97
656.00 121.97
657.00 121.97
658.00 121.97
659.00 121.97
660.00 121.97
661.00 121.97
662.00 121.97
663.00 121.97
664.00 121.97
665.00 121.97
666.00 121.97
666.97 121.00
667.00 120.97
668.00 120.97
668.97 120.00
669.00 119.97
670.00 119.97
670.97 119.00
671.00 118.97
672.00 118.97
672.97 118.00
673.00 117.97
673.97 117.00
674.00 116.97
674.97 116.00
675.00 115.97
675.97 115.00
676.00 114.97
676.97 114.00
676.97 113.00
677.00 112.97
677.97 112.00
678.00 111.97
678.97 111.00
678.97 110.00
679.00 109.97
679.97 109.00
680.00 108.97
680.97 108.00
680.97 107.00
680.97 106.00
681.00 105.97
681.97 105.00
681.97 104.00
682.00 103.97
682.97 103.00
682.97 102.00
682.97 101.00
683.00 100.97
683.97 100.00
683.97 99.00
683.97 98.00
683.97 97.00
684.00 96.97
684.97 96.00

Contour 18:
700.98 225.00
700.98 224.00
700.98 223.00
700.98 222.00
700.98 221.00
700.98 220.00
700.98 219.00
700.00 218.03
699.98 218.00
699.98 217.00
699.98 216.00
699.98 215.00
699.98 214.00
699.00 213.03
698.98 213.00
698.98 212.00
698.98 211.00
698.00 210.03
697.98 210.00
697.98 209.00
697.00 208.03
696.98 208.00
696.00 207.03
695.98 207.00
695.98 206.00
695.00 205.03
694.98 205.00
694.98 204.00
694.00 203.03
693.98 203.00
693.00 202.03
692.98 202.00
692.98 201.00
692.00 200.03
691.98 200.00
691.00 199.03
690.98 199.00
690.00 198.03
689.98 198.00
689.98 197.00
689.00 196.03
688.98 196.00
688.00 195.03
687.98 195.00
687.00 194.03
686.98 194.00
686.00 193.03
685.98 193.00
685.00 192.03
684.98 192.00
684.00 191.03
683.98 191.00
683.00 190.03
682.00 190.03
681.98 190.00
681.00 189.03
680.98 189.00
680.00 188.03
679.00 188.03
678.98 188.00
678.00 187.03
677.00 187.03
676.98 187.00
676.00 186.03
675.00 186.03
674.98 186.00
674.00 185.03
673.00 185.03
672.98 185.00
672.00 184.03
671.00 184.03
670.00 184.03
669.00 184.03
668.00 184.03
667.00 184.03
666.00 184.03
665.98 184.00
665.00 183.03
664.00 183.03
663.00 183.03
662.00 183.03
661.02 184.00
661.00 184.03
660.00 184.03
659.00 184.03
658.00 184.03
657.00 184.03
656.00 184.03
655.02 185.00
655.00 185.03
654.00 185.03
653.02 186.00
653.00 186.03
652.00 186.03
651.00 186.03
650.02 187.00
650.00 187.03
649.00 187.03
648.02 188.00
648.00 188.03
647.02 189.00
647.00 189.03
646.00 189.03
645.02 190.00
645.00 190.03
644.02 191.00
644.00 191.03
643.02 192.00
643.00 192.03
642.02 193.00
642.02 194.00
642.00 194.03
641.02 195.00
641.00 195.03
640.02 196.00
640.00 196.03
639.02 197.00
639.02 198.00
639.00 198.03
638.02 199.00
638.02 200.00
638.00 200.03
637.02 201.00
637.02 202.00
637.02 203.00
637.00 203.03
636.02 204.00
636.02 205.00
636.02 206.00
636.02 207.00
636.00 207.03
635.02 208.00
635.02 209.00
635.02 210.00
635.02 211.00
635.02 212.00
635.02 213.00
635.02 214.00
635.02 215.00
635.02 216.00
635.02 217.00
635.02 218.00
635.02 219.00
635.02 220.00
636.00 220.97
636.02 221.00
636.02 222.00
636.02 223.00
636.02 224.00
637.00 224.97
637.02 225.00
637.02 226.00
638.00 226.97
638.02 227.00
638.02 228.00
638.02 229.00
639.00 229.97
639.02 230.00
639.02 231.00
640.00 231.97
640.02 232.00
640.02 233.00
641.00 233.97
641.02 234.00
642.00 234.97
642.02 235.00
642.02 236.00
643.00 236.97
643.02 237.00
644.00 237.97
644.02 238.00
644.02 239.00
645.00 239.97
645.02 240.00
646.00 240.97
646.02 241.00
647.00 241.97
647.02 242.00
648.00 242.97
648.02 243.00
649.00 243.97
649.02 244.00
650.00 244.97
650.02 245.00
651.00 245.97
651.02 246.00
652.00 246.97
653.00 246.97
653.02 247.00
654.00 247.97
655.00 247.97
655.02 248.00
656.00 248.97
657.00 248.97
657.02 249.00
658.00 249.97
659.00 249.97
660.00 249.97
661.00 249.97
661.02 250.00
662.00 250.97
663.00 250.97
664.00 250.97
665.00 250.97
666.00 250.97
666.02 251.00
667.00 251.97
668.00 251.97
669.00 251.97
670.00 251.97
671.00 251.97
672.00 251.97
673.00 251.97
674.00 251.97
675.00 251.97
676.00 251.97
677.00 251.97
677.98 251.00
678.00 250.97
679.00 250.97
680.00 250.97
681.00 250.97
681.98 250.00
682.00 249.97
683.00 249.97
683.98 249.00
684.00 248.97
685.00 248.97
685.98 248.00
686.00 247.97
687.00 247.97
687.98 247.00
688.00 246.97
688.98 246.00
689.00 245.97
689.98 245.00
690.00 244.97
690.98 244.00
691.00 243.97
691.98 243.00
692.00 242.97
692.98 242.00
693.00 241.97
693.98 241.00
694.00 240.97
694.98 240.00
695.00 239.97
695.98 239.00
696.00 238.97
696.98 238.00
696.98 237.00
697.00 236.97
697.98 236.00
697.98 235.00
698.00 234.97
698.98 234.00
698.98 233.00
698.98 232.00
699.00 231.97
699.98 231.00
699.98 230.00
699.98 229.00
699.98 228.00
699.98 227.00
699.98 226.00
700.00 225.97
700.98 225.00

Contour 19:
719.98 874.00
719.98 873.00
719.98 872.00
719.98 871.00
719.98 870.00
719.98 869.00
719.98 868.00
719.98 867.00
719.98 866.00
719.00 865.02
718.98 865.00
718.98 864.00
718.98 863.00
718.98 862.00
718.00 861.02
717.98 861.00
717.98 860.00
717.00 859.02
716.98 859.00
716.98 858.00
716.98 857.00
716.00 856.02
715.98 856.00
715.98 855.00
715.00 854.02
714.98 854.00
714.98 853.00
714.00 852.02
713.98 852.00
713.00 851.02
712.98 851.00
712.98 850.00
712.00 849.02
711.98 849.00
711.00 848.02
710.98 848.00
710.98 847.00
710.00 846.02
709.98 846.00
709.00 845.02
708.98 845.00
708.00 844.02
707.98 844.00
707.98 843.00
707.00 842.02
706.98 842.00
706.00 841.02
705.98 841.00
705.00 840.02
704.00 840.02
703.98 840.00
703.00 839.02
702.98 839.00
702.00 838.02
701.98 838.00
701.00 837.02
700.00 837.02
699.98 837.00
699.00 836.02
698.98 836.00
698.00 835.02
697.98 835.00
697.00 834.02
696.98 834.00
696.00 833.02
695.98 833.00
695.00 832.02
694.00 832.02
693.98 832.00
693.00 831.02
692.00 831.02
691.00 831.02
690.98 831.00
690.00 830.02
689.00 830.02
688.00 830.02
687.98 830.00
687.00 829.02
686.00 829.02
685.00 829.02
684.00 829.02
683.00 829.02
682.00 829.02
681.02 830.00
681.00 830.02
680.00 830.02
679.00 830.02
678.00 830.02
677.00 830.02
676.00 830.02
675.02 831.00
675.00 831.02
674.00 831.02
673.00 831.02
672.00 831.02
671.00 831.02
670.02 832.00
670.00 832.02
669.00 832.02
668.00 832.02
667.02 833.00
667.00 833.02
666.00 833.02
665.00 833.02
664.02 834.00
664.00 834.02
663.00 834.02
662.02 835.00
662.00 835.02
661.00 835.02
660.02 836.00
660.00 836.02
659.00 836.02
658.02 837.00
658.00 837.02
657.02 838.00
657.00 838.02
656.00 838.02
655.02 839.00
655.00 839.02
654.02 840.00
654.00 840.02
653.02 841.00
653.02 842.00
653.00 842.02
652.02 843.00
652.00 843.02
651.02 844.00
651.02 845.00
651.00 845.02
650.02 846.00
650.02 847.00
650.02 848.00
650.00 848.02
649.02 849.00
649.02 850.00
649.02 851.00
649.02 852.00
649.02 853.00
650.00 853.98
650.02 854.00
650.02 855.00
650.02 856.00
650.02 857.00
650.02 858.00
651.00 858.98
651.02 859.00
651.02 860.00
651.02 861.00
652.00 861.98
652.02 862.00
652.02 863.00
653.00 863.98
653.02 864.00
653.02 865.00
654.00 865.98
654.02 866.00
655.00 866.98
655.02 867.00
655.02 868.00
656.00 868.98
656.02 869.00
657.00 869.98
657.02 870.00
658.00 870.98
658.02 871.00
658.02 872.00
659.00 872.98
659.02 873.00
660.00 873.98
660.02 874.00
661.00 874.98
661.02 875.00
662.00 875.98
662.02 876.00
663.00 876.98
663.02 877.00
664.00 877.98
664.02 878.00
665.00 878.98
665.02 879.00
666.00 879.98
666.02 880.00
666.02 881.00
667.00 881.98
667.02 882.00
668.00 882.98
669.00 882.98
669.02 883.00
670.00 883.98
670.02 884.00
671.00 884.98
671.02 885.00
672.00 885.98
672.02 886.00
673.00 886.98
673.02 887.00
674.00 887.98
674.02 888.00
675.00 888.98
675.02 889.00
676.00 889.98
676.02 890.00
677.00 890.98
677.02 891.00
678.00 891.98
679.00 891.98
679.02 892.00
680.00 892.98
681.00 892.98
681.02 893.00
682.00 893.98
683.00 893.98
683.02 894.00
684.00 894.98
685.00 894.98
686.00 894.98
686.02 895.00
687.00 895.98
688.00 895.98
689.00 895.98
690.00 895.98
691.00 895.98
692.00 895.98
693.00 895.98
694.00 895.98
695.00 895.98
696.00 895.98
697.00 895.98
697.98 895.00
698.00 894.98
699.00 894.98
700.00 894.98
701.00 894.98
702.00 894.98
702.98 894.00
703.00 893.98
704.00 893.98
704.98 893.00
705.00 892.98
706.00 892.98
706.98 892.00
707.00 891.98
708.00 891.98
708.98 891.00
709.00 890.98
709.98 890.00
710.00 889.98
710.98 889.00
711.00 888.98
711.98 888.00
712.00 887.98
712.98 887.00
713.00 886.98
713.98 886.00
714.00 885.98
714.98 885.00
714.98 884.00
715.00 883.98
715.98 883.00
716.00 882.98
716.98 882.00
716.98 881.00
717.00 880.98
717.98 880.00
717.98 879.00
717.98 878.00
718.00 877.98
718.98 877.00
718.98 876.00
718.98 875.00
719.00 874.98
719.98 874.00

Contour 20:
737.98 681.00
737.98 680.00
737.98 679.00
737.98 678.00
737.98 677.00
737.98 676.00
737.98 675.00
737.98 674.00
737.98 673.00
737.98 672.00
737.98 671.00
737.98 670.00
737.98 669.00
737.98 668.00
737.00 667.02
736.98 667.00
736.98 666.00
736.98 665.00
736.00 664.02
735.98 664.00
735.98 663.00
735.00 662.02
734.98 662.00
734.98 661.00
734.98 660.00
734.00 659.02
733.98 659.00
733.00 658.02
732.98 658.00
732.98 657.00
732.00 656.02
731.98 656.00
731.00 655.02
730.98 655.00
730.98 654.00
730.00 653.02
729.98 653.00
729.00 652.02
728.98 652.00
728.00 651.02
727.98 651.00
727.00 650.02
726.98 650.00
726.00 649.02
725.98 649.00
725.00 648.02
724.98 648.00
724.00 647.02
723.00 647.02
722.98 647.00
722.00 646.02
721.00 646.02
720.98 646.00
720.00 645.02
719.00 645.02
718.00 645.02
717.98 645.00
717.00 644.02
716.00 644.02
715.00 644.02
714.98 644.00
714.00 643.02
713.00 643.02
712.00 643.02
711.00 643.02
710.00 643.02
709.00 643.02
708.00 643.02
707.00 643.02
706.00 643.02
705.00 643.02
704.02 644.00
704.00 644.02
703.00 644.02
702.02 645.00
702.00 645.02
701.00 645.02
700.02 646.00
700.00 646.02
699.00 646.02
698.02 647.00
698.00 647.02
697.00 647.02
696.02 648.00
696.00 648.02
695.02 649.00
695.00 649.02
694.00 649.02
693.02 650.00
693.00 650.02
692.02 651.00
692.00 651.02
691.00 651.02
690.02 652.00
690.00 652.02
689.02 653.00
689.00 653.02
688.02 654.00
688.00 654.02
687.02 655.00
687.00 655.02
686.02 656.00
686.02 657.00
686.00 657.02
685.02 658.00
685.00 658.02
684.02 659.00
684.02 660.00
684.00 660.02
683.02 661.00
683.02 662.00
683.00 662.02
682.02 663.00
682.02 664.00
682.00 664.02
681.02 665.00
681.02 666.00
681.02 667.00
681.00 667.02
680.02 668.00
680.02 669.00
680.02 670.00
680.02 671.00
680.00 671.02
679.02 672.00
679.02 673.00
679.02 674.00
679.02 675.00
679.02 676.00
679.02 677.00
679.00 677.02
678.02 678.00
678.02 679.00
678.02 680.00
678.02 681.00
679.00 681.98
679.02 682.00
679.02 683.00
679.02 684.00
679.02 685.00
679.02 686.00
679.02 687.00
680.00 687.98
680.02 688.00
680.02 689.00
680.02 690.00
681.00 690.98
681.02 691.00
681.02 692.00
681.02 693.00
682.00 693.98
682.02 694.00
682.02 695.00
683.00 695.98
683.02 696.00
683.02 697.00
684.00 697.98
684.02 698.00
685.00 698.98
685.02 699.00
685.02 700.00
686.00 700.98
686.02 701.00
687.00 701.98
687.02 702.00
688.00 702.98
688.02 703.00
689.00 703.98
690.00 703.98
690.02 704.00
691.00 704.98
691.02 705.00
692.00 705.98
693.00 705.98
693.02 706.00
694.00 706.98
695.00 706.98
695.02 707.00
696.00 707.98
697.00 707.98
697.02 708.00
698.00 708.98
699.00 708.98
700.00 708.98
701.00 708.98
702.00 708.98
702.02 709.00
703.00 709.98
704.00 709.98
705.00 709.98
706.00 709.98
707.00 709.98
708.00 709.98
709.00 709.98
709.98 709.00
710.00 708.98
711.00 708.98
712.00 708.98
713.00 708.98
714.00 708.98
714.98 708.00
715.00 707.98
716.00 707.98
716.98 707.00
717.00 706.98
718.00 706.98
718.98 706.00
719.00 705.98
720.00 705.98
720.98 705.00
721.00 704.98
722.00 704.98
722.98 704.00
723.00 703.98
723.98 703.00
724.00 702.98
725.00 702.98
725.98 702.00
726.00 701.98
726.98 701.00
727.00 700.98
727.98 700.00
728.00 699.98
728.98 699.00
729.00 698.98
729.98 698.00
730.00 697.98
730.98 697.00
731.00 696.98
731.98 696.00
732.00 695.98
732.98 695.00
732.98 694.00
733.00 693.98
733.98 693.00
734.00 692.98
734.98 692.00
734.98 691.00
735.00 690.98
735.98 690.00
735.98 689.00
735.98 688.00
736.00 687.98
736.98 687.00
736.98 686.00
736.98 685.00
736.98 684.00
736.98 683.00
736.98 682.00
737.00 681.98
737.98 681.00

Contour 21:
762.98 439.00
762.98 438.00
762.98 437.00
762.98 436.00
762.98 435.00
762.98 434.00
762.98 433.00
762.98 432.00
762.98 431.00
762.98 430.00
762.98 429.00
762.00 428.02
761.98 428.00
761.98 427.00
761.98 426.00
761.00 425.02
760.98 425.00
760.98 424.00
760.00 423.02
759.98 423.00
759.98 422.00
759.00 421.02
758.98 421.00
758.00 420.02
757.98 420.00
757.98 419.00
757.00 418.02
756.98 418.00
756.00 417.02
755.98 417.00
755.00 416.02
754.98 416.00
754.00 415.02
753.98 415.00
753.98 414.00
753.00 413.02
752.98 413.00
752.00 412.02
751.98 412.00
751.00 411.02
750.00 411.02
749.98 411.00
749.00 410.02
748.98 410.00
748.00 409.02
747.98 409.00
747.00 408.02
746.98 408.00
746.00 407.02
745.98 407.00
745.00 406.02
744.00 406.02
743.98 406.00
743.00 405.02
742.00 405.02
741.98 405.00
741.00 404.02
740.00 404.02
739.00 404.02
738.00 404.02
737.00 404.02
736.00 404.02
735.00 404.02
734.00 404.02
733.00 404.02
732.02 405.00
732.00 405.02
731.00 405.02
730.02 406.00
730.00 406.02
729.00 406.02
728.02 407.00
728.00 407.02
727.00 407.02
726.02 408.00
726.00 408.02
725.02 409.00
725.00 409.02
724.02 410.00
724.00 410.02
723.02 411.00
723.02 412.00
723.00 412.02
722.02 413.00
722.00 413.02
721.02 414.00
721.02 415.00
721.00 415.02
720.02 416.00
720.00 416.02
719.02 417.00
719.02 418.00
719.00 418.02
718.02 419.00
718.02 420.00
718.00 420.02
717.02 421.00
717.02 422.00
717.02 423.00
717.00 423.02
716.02 424.00
716.02 425.00
716.00 425.02
715.02 426.00
715.02 427.00
715.02 428.00
715.02 429.00
715.00 429.02
714.02 430.00
714.02 431.00
714.02 432.00
714.02 433.00
714.00 433.02
713.02 434.00
713.02 435.00
713.02 436.00
713.00 436.02
712.02 437.00
712.02 438.00
712.02 439.00
712.00 439.02
711.02 440.00
711.02 441.00
711.02 442.00
711.02 443.00
711.02 444.00
711.02 445.00
711.02 446.00
711.02 447.00
711.02 448.00
711.02 449.00
711.02 450.00
711.00 450.02
710.02 451.00
710.02 452.00
710.02 453.00
710.02 454.00
711.00 454.98
711.02 455.00
711.02 456.00
711.02 457.00
711.02 458.00
711.02 459.00
712.00 459.98
712.02 460.00
712.02 461.00
712.02 462.00
712.02 463.00
712.02 464.00
712.02 465.00
713.00 465.98
713.02 466.00
713.02 467.00
714.00 467.98
714.02 468.00
714.02 469.00
714.02 470.00
715.00 470.98
715.02 471.00
716.00 471.98
716.02 472.00
716.02 473.00
717.00 473.98
717.02 474.00
718.00 474.98
719.00 474.98
719.02 475.00
720.00 475.98
721.00 475.98
722.00 475.98
723.00 475.98
724.00 475.98
725.00 475.98
726.00 475.98
727.00 475.98
728.00 475.98
729.00 475.98
729.98 475.00
730.00 474.98
731.00 474.98
732.00 474.98
732.98 474.00
733.00 473.98
734.00 473.98
734.98 473.00
735.00 472.98
736.00 472.98
737.00 472.98
737.98 472.00
738.00 471.98
739.00 471.98
739.98 471.00
740.00 470.98
740.98 470.00
741.00 469.98
741.98 469.00
742.00 468.98
743.00 468.98
743.98 468.00
743.98 467.00
744.00 466.98
745.00 466.98
745.98 466.00
745.98 465.00
746.00 464.98
747.00 464.98
747.98 464.00
748.00 463.98
748.98 463.00
749.00 462.98
749.98 462.00
750.00 461.98
750.98 461.00
751.00 460.98
751.98 460.00
751.98 459.00
752.00 458.98
752.98 458.00
753.00 457.98
753.98 457.00
754.00 456.98
754.98 456.00
755.00 455.98
755.98 455.00
755.98 454.00
756.00 453.98
756.98 453.00
756.98 452.00
757.00 451.98
757.98 451.00
758.00 450.98
758.98 450.00
758.98 449.00
759.00 448.98
759.98 448.00
759.98 447.00
759.98 446.00
760.00 445.98
760.98 445.00
760.98 444.00
760.98 443.00
761.00 442.98
761.98 442.00
761.98 441.00
761.98 440.00
762.00 439.98
762.98 439.00

Contour 22:
910.98 793.00
910.98 792.00
910.98 791.00
910.98 790.00
910.98 789.00
910.98 788.00
910.98 787.00
910.98 786.00
910.98 785.00
910.98 784.00
910.98 783.00
910.98 782.00
910.98 781.00
910.98 780.00
910.98 779.00
910.98 778.00
910.98 777.00
910.98 776.00
910.98 775.00
910.00 774.02
909.98 774.00
909.98 773.00
909.98 772.00
909.00 771.02
908.98 771.00
908.98 770.00
908.00 769.02
907.98 769.00
907.98 768.00
907.00 767.02
906.98 767.00
906.00 766.02
905.98 766.00
905.98 765.00
905.00 764.02
904.98 764.00
904.98 763.00
904.00 762.02
903.98 762.00
903.00 761.02
902.98 761.00
902.98 760.00
902.00 759.02
901.98 759.00
901.98 758.00
901.00 757.02
900.98 757.00
900.98 756.00
900.00 755.02
899.98 755.00
899.00 754.02
898.98 754.00
898.98 753.00
898.00 752.02
897.98 752.00
897.00 751.02
896.98 751.00
896.00 750.02
895.98 750.00
895.00 749.02
894.98 749.00
894.00 748.02
893.00 748.02
892.98 748.00
892.00 747.02
891.98 747.00
891.00 746.02
890.00 746.02
889.98 746.00
889.00 745.02
888.00 745.02
887.00 745.02
886.98 745.00
886.00 744.02
885.00 744.02
884.00 744.02
883.00 744.02
882.98 744.00
882.00 743.02
881.00 743.02
880.00 743.02
879.00 743.02
878.00 743.02
877.98 743.00
877.00 742.02
876.00 742.02
875.00 742.02
874.00 742.02
873.00 742.02
872.98 742.00
872.00 741.02
871.00 741.02
870.00 741.02
869.00 741.02
868.00 741.02
867.00 741.02
866.00 741.02
865.00 741.02
864.00 741.02
863.00 741.02
862.00 741.02
861.02 742.00
861.00 742.02
860.00 742.02
859.00 742.02
858.00 742.02
857.00 742.02
856.02 743.00
856.00 743.02
855.00 743.02
854.02 744.00
854.00 744.02
853.00 744.02
852.02 745.00
852.00 745.02
851.00 745.02
850.02 746.00
850.00 746.02
849.00 746.02
848.02 747.00
848.00 747.02
847.02 748.00
847.00 748.02
846.00 748.02
845.02 749.00
845.00 749.02
844.02 750.00
844.00 750.02
843.00 750.02
842.02 751.00
842.00 751.02
841.02 752.00
841.00 752.02
840.02 753.00
840.00 753.02
839.02 754.00
839.00 754.02
838.02 755.00
838.00 755.02
837.02 756.00
837.00 756.02
836.02 757.00
836.00 757.02
835.02 758.00
835.00 758.02
834.02 759.00
834.02 760.00
834.00 760.02
833.02 761.00
833.00 761.02
832.02 762.00
832.02 763.00
832.00 763.02
831.02 764.00
831.00 764.02
830.02 765.00
830.02 766.00
830.00 766.02
829.02 767.00
829.02 768.00
829.00 768.02
828.02 769.00
828.02 770.00
828.00 770.02
827.02 771.00
827.02 772.00
827.02 773.00
827.02 774.00
827.00 774.02
826.02 775.00
826.02 776.00
826.02 777.00
826.02 778.00
826.02 779.00
826.02 780.00
826.02 781.00
826.02 782.00
826.02 783.00
827.00 783.98
827.02 784.00
827.02 785.00
827.02 786.00
827.02 787.00
827.02 788.00
827.02 789.00
828.00 789.98
828.02 790.00
828.02 791.00
828.02 792.00
828.02 793.00
829.00 793.98
829.02 794.00
829.02 795.00
830.00 795.98
830.02 796.00
830.02 797.00
831.00 797.98
831.02 798.00
832.00 798.98
832.02 799.00
833.00 799.98
833.02 800.00
834.00 800.98
834.02 801.00
835.00 801.98
835.02 802.00
836.00 802.98
837.00 802.98
837.02 803.00
838.00 803.98
838.02 804.00
839.00 804.98
839.02 805.00
839.02 806.00
840.00 806.98
840.02 807.00
841.00 807.98
841.02 808.00
842.00 808.98
842.02 809.00
843.00 809.98
843.02 810.00
844.00 810.98
844.02 811.00
845.00 811.98
845.02 812.00
846.00 812.98
847.00 812.98
847.02 813.00
848.00 813.98
849.00 813.98
849.02 814.00
850.00 814.98
851.00 814.98
851.02 815.00
852.00 815.98
853.00 815.98
853.02 816.00
854.00 816.98
855.00 816.98
856.00 816.98
856.02 817.00
857.00 817.98
858.00 817.98
859.00 817.98
859.02 818.00
860.00 818.98
861.00 818.98
862.00 818.98
863.00 818.98
863.02 819.00
864.00 819.98
865.00 819.98
866.00 819.98
867.00 819.98
868.00 819.98
869.00 819.98
870.00 819.98
871.00 819.98
872.00 819.98
873.00 819.98
874.00 819.98
875.00 819.98
875.02 820.00
876.00 820.98
877.00 820.98
878.00 820.98
879.00 820.98
879.98 820.00
880.00 819.98
881.00 819.98
882.00 819.98
883.00 819.98
884.00 819.98
885.00 819.98
885.98 819.00
886.00 818.98
887.00 818.98
888.00 818.98
888.98 818.00
889.00 817.98
890.00 817.98
890.98 817.00
891.00 816.98
892.00 816.98
892.98 816.00
893.00 815.98
893.98 815.00
894.00 814.98
895.00 814.98
895.98 814.00
896.00 813.98
896.98 813.00
897.00 812.98
897.98 812.00
898.00 811.98
898.98 811.00
899.00 810.98
899.98 810.00
900.00 809.98
900.98 809.00
901.00 808.98
901.98 808.00
902.00 807.98
902.98 807.00
903.00 806.98
903.98 806.00
904.00 805.98
904.98 805.00
904.98 804.00
905.00 803.98
905.98 803.00
906.00 802.98
906.98 802.00
906.98 801.00
907.00 800.98
907.98 800.00
908.00 799.98
908.98 799.00
908.98 798.00
909.00 797.98
909.98 797.00
909.98 796.00
909.98 795.00
909.98 794.00
910.00 793.98
910.98 793.00

