Contour 0:
156.50 455.00
156.50 454.00
156.50 453.00
156.50 452.00
156.50 451.00
156.50 450.00
156.50 449.00
156.50 448.00
156.50 447.00
156.00 446.50
155.50 446.00
155.50 445.00
155.50 444.00
155.00 443.50
154.50 443.00
154.50 442.00
154.00 441.50
153.50 441.00
153.50 440.00
153.50 439.00
153.50 438.00
153.00 437.50
152.50 437.00
152.50 436.00
152.50 435.00
152.50 434.00
152.50 433.00
152.00 432.50
151.50 432.00
151.50 431.00
151.50 430.00
151.50 429.00
151.00 428.50
150.50 428.00
150.50 427.00
150.50 426.00
150.50 425.00
150.50 424.00
150.50 423.00
150.00 422.50
149.50 422.00
149.50 421.00
149.00 420.50
148.50 420.00
148.50 419.00
148.00 418.50
147.50 418.00
147.50 417.00
147.50 416.00
147.00 415.50
146.50 415.00
146.50 414.00
146.00 413.50
145.50 413.00
145.50 412.00
145.50 411.00
145.00 410.50
144.50 410.00
144.50 409.00
144.00 408.50
143.50 408.00
143.00 407.50
142.50 407.00
142.50 406.00
142.00 405.50
141.50 405.00
141.00 404.50
140.50 404.00
140.50 403.00
140.00 402.50
139.50 402.00
139.00 401.50
138.50 401.00
138.00 400.50
137.50 400.00
137.00 399.50
136.00 399.50
135.50 399.00
135.00 398.50
134.50 398.00
134.00 397.50
133.50 397.00
133.00 396.50
132.00 396.50
131.50 396.00
131.00 395.50
130.00 395.50
129.50 395.00
129.00 394.50
128.50 394.00
128.00 393.50
127.00 393.50
126.00 393.50
125.50 393.00
125.00 392.50
124.00 392.50
123.00 392.50
122.00 392.50
121.00 392.50
120.50 392.00
120.00 391.50
119.00 391.50
118.50 391.00
118.75 390.00
118.75 389.00
118.75 388.00
119.00 387.75
119.75 387.00
120.00 386.75
120.75 386.00
121.00 385.75
121.75 385.00
121.75 384.00
122.00 383.75
122.75 383.00
122.75 382.00
122.75 381.00
123.00 380.75
123.75 380.00
123.75 379.00
123.75 378.00
123.75 377.00
123.75 376.00
123.75 375.00
123.75 374.00
123.75 373.00
123.75 372.00
123.75 371.00
123.75 370.00
123.00 369.25
122.75 369.00
122.75 368.00
122.75 367.00
122.00 366.25
121.75 366.00
121.75 365.00
121.75 364.00
121.00 363.25
120.75 363.00
120.75 362.00
120.75 361.00
120.00 360.25
119.75 360.00
119.75 359.00
119.00 358.25
118.75 358.00
118.00 357.25
117.75 357.00
117.00 356.25
116.75 356.00
116.75 355.00
116.00 354.25
115.00 354.25
114.75 354.00
114.00 353.25
113.75 353.00
113.00 352.25
112.75 352.00
112.00 351.25
111.75 351.00
111.00 350.25
110.75 350.00
110.00 349.25
109.00 349.25
108.75 349.00
108.00 348.25
107.00 348.25
106.75 348.00
106.00 347.25
105.00 347.25
104.75 347.00
104.00 346.25
103.00 346.25
102.75 346.00
102.00 345.25
101.00 345.25
100.00 345.25
99.00 345.25
98.00 345.25
97.00 345.25
96.00 345.25
95.00 345.25
94.00 345.25
93.00 345.25
92.25 346.00
92.00 346.25
91.00 346.25
90.25 347.00
90.00 347.25
89.00 347.25
88.25 348.00
88.00 348.25
87.25 349.00
87.00 349.25
86.00 349.25
85.25 350.00
85.00 350.25
84.25 351.00
84.00 351.25
83.25 352.00
83.25 353.00
83.00 353.25
82.25 354.00
82.00 354.25
81.25 355.00
81.25 356.00
81.25 357.00
81.00 357.25
80.25 358.00
80.25 359.00
80.25 360.00
80.25 361.00
80.25 362.00
80.25 363.00
80.25 364.00
80.25 365.00
80.25 366.00
80.25 367.00
80.25 368.00
81.00 368.75
81.25 369.00
81.25 370.00
82.00 370.75
82.25 371.00
82.25 372.00
82.25 373.00
83.00 373.75
83.25 374.00
84.00 374.75
84.25 375.00
84.25 376.00
85.00 376.75
85.25 377.00
86.00 377.75
86.25 378.00
86.25 379.00
87.00 379.75
87.25 380.00
88.00 380.75
88.25 381.00
88.25 382.00
88.00 382.50
87.00 382.50
86.00 382.50
85.00 382.50
84.00 382.50
83.00 382.50
82.00 382.50
81.00 382.50
80.00 382.50
79.00 382.50
78.00 382.50
77.50 383.00
77.00 383.50
76.00 383.50
75.00 383.50
74.50 384.00
74.00 384.50
73.50 385.00
73.00 385.50
72.00 385.50
71.50 386.00
71.00 386.50
70.50 387.00
70.00 387.50
69.50 388.00
69.00 388.50
68.00 388.50
67.50 389.00
67.50 390.00
67.00 390.50
66.50 391.00
66.00 391.50
65.50 392.00
65.00 392.50
64.50 393.00
64.50 394.00
64.00 394.50
63.50 395.00
63.50 396.00
63.00 396.50
62.50 397.00
62.50 398.00
62.00 398.50
61.50 399.00
61.50 400.00
61.50 401.00
61.50 402.00
61.50 403.00
61.00 403.50
60.50 404.00
60.50 405.00
60.50 406.00
61.00 406.50
61.50 407.00
61.50 408.00
61.50 409.00
61.50 410.00
61.50 411.00
61.50 412.00
62.00 412.50
62.50 413.00
62.50 414.00
62.50 415.00
62.50 416.00
62.50 417.00
63.00 417.50
63.50 418.00
63.50 419.00
64.00 419.50
64.50 420.00
64.50 421.00
65.00 421.50
65.50 422.00
65.50 423.00
65.50 424.00
66.00 424.50
66.50 425.00
66.50 426.00
66.50 427.00
66.50 428.00
66.50 429.00
66.50 430.00
66.50 431.00
66.50 432.00
66.50 433.00
66.50 434.00
66.50 435.00
67.00 435.50
67.50 436.00
67.50 437.00
67.50 438.00
67.50 439.00
68.00 439.50
68.50 440.00
68.50 441.00
69.00 441.50
69.50 442.00
69.50 443.00
70.00 443.50
70.50 444.00
70.50 445.00
71.00 445.50
71.50 446.00
71.50 447.00
72.00 447.50
72.50 448.00
72.50 449.00
73.00 449.50
73.50 450.00
73.50 451.00
74.00 451.50
74.50 452.00
75.00 452.50
75.50 453.00
75.50 454.00
76.00 454.50
76.50 455.00
77.00 455.50
77.50 456.00
77.50 457.00
78.00 457.50
78.50 458.00
79.00 458.50
79.50 459.00
80.00 459.50
80.50 460.00
81.00 460.50
81.50 461.00
81.50 462.00
82.00 462.50
82.50 463.00
83.00 463.50
83.50 464.00
84.00 464.50
84.50 465.00
85.00 465.50
86.00 465.50
86.50 466.00
87.00 466.50
87.50 467.00
88.00 467.50
88.50 468.00
89.00 468.50
89.50 469.00
90.00 469.50
90.50 470.00
91.00 470.50
91.50 471.00
92.00 471.50
92.50 472.00
93.00 472.50
93.50 473.00
94.00 473.50
94.50 474.00
95.00 474.50
96.00 474.50
96.50 475.00
97.00 475.50
97.50 476.00
98.00 476.50
98.50 477.00
99.00 477.50
99.50 478.00
100.00 478.50
101.00 478.50
101.50 479.00
102.00 479.50
103.00 479.50
103.50 480.00
104.00 480.50
105.00 480.50
105.50 481.00
106.00 481.50
107.00 481.50
108.00 481.50
108.50 482.00
109.00 482.50
110.00 482.50
111.00 482.50
112.00 482.50
112.50 483.00
113.00 483.50
114.00 483.50
115.00 483.50
116.00 483.50
117.00 483.50
118.00 483.50
119.00 483.50
120.00 483.50
121.00 483.50
122.00 483.50
123.00 483.50
124.00 483.50
125.00 483.50
125.50 483.00
126.00 482.50
127.00 482.50
128.00 482.50
128.50 482.00
129.00 481.50
130.00 481.50
130.50 481.00
131.00 480.50
132.00 480.50
132.50 480.00
133.00 479.50
134.00 479.50
134.50 479.00
135.00 478.50
135.50 478.00
136.00 477.50
136.50 477.00
137.00 476.50
137.50 476.00
138.00 475.50
138.50 475.00
139.00 474.50
140.00 474.50
140.50 474.00
141.00 473.50
141.50 473.00
142.00 472.50
142.50 472.00
143.00 471.50
143.50 471.00
144.00 470.50
145.00 470.50
145.50 470.00
146.00 469.50
146.50 469.00
147.00 468.50
147.50 468.00
148.00 467.50
149.00 467.50
149.50 467.00
150.00 466.50
150.50 466.00
151.00 465.50
151.50 465.00
151.50 464.00
152.00 463.50
152.50 463.00
153.00 462.50
153.50 462.00
153.50 461.00
154.00 460.50
154.50 460.00
155.00 459.50
155.50 459.00
155.50 458.00
155.50 457.00
155.50 456.00
156.00 455.50
156.50 455.00

Contour 1:
217.83 431.00
217.83 430.00
217.83 429.00
217.83 428.00
217.83 427.00
217.83 426.00
217.83 425.00
217.83 424.00
217.83 423.00
217.83 422.00
217.83 421.00
217.83 420.00
217.83 419.00
217.83 418.00
217.83 417.00
217.83 416.00
217.00 415.17
216.83 415.00
216.83 414.00
216.83 413.00
216.00 412.17
215.83 412.00
215.83 411.00
215.83 410.00
215.00 409.17
214.83 409.00
214.83 408.00
214.00 407.17
213.83 407.00
213.00 406.17
212.83 406.00
212.83 405.00
212.00 404.17
211.83 404.00
211.00 403.17
210.83 403.00
210.00 402.17
209.83 402.00
209.00 401.17
208.83 401.00
208.83 400.00
208.00 399.17
207.00 399.17
206.83 399.00
206.00 398.17
205.83 398.00
205.00 397.17
204.83 397.00
204.00 396.17
203.83 396.00
203.00 395.17
202.00 395.17
201.83 395.00
201.00 394.17
200.83 394.00
200.00 393.17
199.00 393.17
198.83 393.00
198.00 392.17
197.00 392.17
196.83 392.00
196.00 391.17
195.00 391.17
194.00 391.17
193.83 391.00
193.00 390.17
192.00 390.17
191.00 390.17
190.83 390.00
190.00 389.17
189.00 389.17
188.00 389.17
187.00 389.17
186.00 389.17
185.00 389.17
184.00 389.17
183.00 389.17
182.17 390.00
182.00 390.17
181.00 390.17
180.00 390.17
179.00 390.17
178.17 391.00
178.00 391.17
177.00 391.17
176.17 392.00
176.00 392.17
175.00 392.17
174.17 393.00
174.00 393.17
173.00 393.17
172.17 394.00
172.00 394.17
171.00 394.17
170.17 395.00
170.00 395.17
169.17 396.00
169.00 396.17
168.17 397.00
168.00 397.17
167.17 398.00
167.00 398.17
166.17 399.00
166.17 400.00
166.00 400.17
165.17 401.00
165.00 401.17
164.17 402.00
164.17 403.00
164.00 403.17
163.17 404.00
163.17 405.00
163.00 405.17
162.17 406.00
162.17 407.00
162.00 407.17
161.17 408.00
161.17 409.00
161.17 410.00
161.17 411.00
161.17 412.00
161.00 412.17
160.17 413.00
160.17 414.00
160.17 415.00
160.17 416.00
160.17 417.00
160.17 418.00
160.17 419.00
160.17 420.00
160.17 421.00
160.17 422.00
160.17 423.00
161.00 423.83
161.17 424.00
161.17 425.00
161.17 426.00
161.17 427.00
161.17 428.00
162.00 428.83
162.17 429.00
162.17 430.00
162.17 431.00
163.00 431.83
163.17 432.00
163.17 433.00
163.17 434.00
164.00 434.83
164.17 435.00
164.17 436.00
164.17 437.00
165.00 437.83
165.17 438.00
165.17 439.00
166.00 439.83
166.17 440.00
167.00 440.83
167.17 441.00
167.17 442.00
168.00 442.83
168.17 443.00
169.00 443.83
169.17 444.00
170.00 444.83
170.17 445.00
171.00 445.83
171.17 446.00
172.00 446.83
172.17 447.00
173.00 447.83
173.17 448.00
174.00 448.83
174.17 449.00
175.00 449.83
176.00 449.83
176.17 450.00
177.00 450.83
178.00 450.83
178.17 451.00
179.00 451.83
180.00 451.83
180.17 452.00
181.00 452.83
182.00 452.83
183.00 452.83
184.00 452.83
185.00 452.83
186.00 452.83
187.00 452.83
188.00 452.83
189.00 452.83
190.00 452.83
191.00 452.83
192.00 452.83
193.00 452.83
194.00 452.83
195.00 452.83
196.00 452.83
196.83 452.00
197.00 451.83
198.00 451.83
199.00 451.83
200.00 451.83
200.83 451.00
201.00 450.83
202.00 450.83
203.00 450.83
203.83 450.00
204.00 449.83
205.00 449.83
205.83 449.00
206.00 448.83
207.00 448.83
207.83 448.00
208.00 447.83
208.83 447.00
209.00 446.83
210.00 446.83
210.83 446.00
211.00 445.83
211.83 445.00
212.00 444.83
212.83 444.00
212.83 443.00
213.00 442.83
213.83 442.00
214.00 441.83
214.83 441.00
214.83 440.00
214.83 439.00
215.00 438.83
215.83 438.00
215.83 437.00
215.83 436.00
215.83 435.00
216.00 434.83
216.83 434.00
216.83 433.00
216.83 432.00
217.00 431.83
217.83 431.00

Contour 2:
295.88 864.00
295.88 863.00
295.88 862.00
295.88 861.00
295.88 860.00
295.88 859.00
295.88 858.00
295.88 857.00
295.88 856.00
295.88 855.00
295.88 854.00
295.88 853.00
295.88 852.00
295.00 851.12
294.88 851.00
294.88 850.00
294.88 849.00
294.88 848.00
294.88 847.00
294.00 846.12
293.88 846.00
293.88 845.00
293.88 844.00
293.00 843.12
292.88 843.00
292.88 842.00
292.88 841.00
292.00 840.12
291.88 840.00
291.88 839.00
291.00 838.12
290.88 838.00
290.88 837.00
290.00 836.12
289.88 836.00
289.88 835.00
289.00 834.12
288.88 834.00
288.00 833.12
287.88 833.00
287.88 832.00
287.00 831.12
286.88 831.00
286.00 830.12
285.88 830.00
285.88 829.00
285.00 828.12
284.88 828.00
284.00 827.12
283.88 827.00
283.88 826.00
283.00 825.12
282.88 825.00
282.00 824.12
281.88 824.00
281.88 823.00
281.00 822.12
280.88 822.00
280.00 821.12
279.88 821.00
279.00 820.12
278.88 820.00
278.00 819.12
277.88 819.00
277.00 818.12
276.88 818.00
276.00 817.12
275.88 817.00
275.00 816.12
274.88 816.00
274.00 815.12
273.88 815.00
273.88 814.00
273.00 813.12
272.88 813.00
272.00 812.12
271.88 812.00
271.00 811.12
270.88 811.00
270.00 810.12
269.88 810.00
269.00 809.12
268.88 809.00
268.00 808.12
267.88 808.00
267.00 807.12
266.88 807.00
266.00 806.12
265.00 806.12
264.88 806.00
264.88 805.00
264.00 804.12
263.00 804.12
262.88 804.00
262.00 803.12
261.00 803.12
260.88 803.00
260.00 802.12
259.88 802.00
259.00 801.12
258.00 801.12
257.88 801.00
257.00 800.12
256.00 800.12
255.88 800.00
255.00 799.12
254.00 799.12
253.00 799.12
252.88 799.00
252.00 798.12
251.00 798.12
250.88 798.00
250.00 797.12
249.00 797.12
248.00 797.12
247.00 797.12
246.88 797.00
246.00 796.12
245.00 796.12
244.00 796.12
243.88 796.00
243.00 795.12
242.00 795.12
241.00 795.12
240.00 795.12
239.88 795.00
239.00 794.12
238.00 794.12
237.00 794.12
236.00 794.12
235.00 794.12
234.00 794.12
233.00 794.12
232.00 794.12
231.00 794.12
230.00 794.12
229.00 794.12
228.00 794.12
227.12 795.00
227.00 795.12
226.00 795.12
225.00 795.12
224.00 795.12
223.12 796.00
223.00 796.12
222.00 796.12
221.00 796.12
220.00 796.12
219.12 797.00
219.00 797.12
218.00 797.12
217.12 798.00
217.00 798.12
216.00 798.12
215.12 799.00
215.00 799.12
214.00 799.12
213.12 800.00
213.00 800.12
212.12 801.00
212.00 801.12
211.12 802.00
211.00 802.12
210.12 803.00
210.00 803.12
209.12 804.00
209.00 804.12
208.12 805.00
208.00 805.12
207.12 806.00
207.00 806.12
206.12 807.00
206.00 807.12
205.12 808.00
205.00 808.12
204.12 809.00
204.12 810.00
204.00 810.12
203.12 811.00
203.00 811.12
202.12 812.00
202.12 813.00
202.12 814.00
202.00 814.12
201.12 815.00
201.12 816.00
201.00 816.12
200.12 817.00
200.12 818.00
200.12 819.00
200.12 820.00
200.00 820.12
199.12 821.00
199.12 822.00
199.12 823.00
199.12 824.00
199.12 825.00
199.12 826.00
199.12 827.00
199.12 828.00
199.00 828.12
198.12 829.00
198.12 830.00
198.12 831.00
198.12 832.00
198.12 833.00
198.12 834.00
199.00 834.88
199.12 835.00
199.12 836.00
199.12 837.00
199.12 838.00
200.00 838.88
200.12 839.00
200.12 840.00
200.12 841.00
201.00 841.88
201.12 842.00
201.12 843.00
201.12 844.00
202.00 844.88
202.12 845.00
202.12 846.00
203.00 846.88
203.12 847.00
203.12 848.00
204.00 848.88
204.12 849.00
205.00 849.88
205.12 850.00
206.00 850.88
206.12 851.00
206.12 852.00
207.00 852.88
207.12 853.00
207.12 854.00
208.00 854.88
208.12 855.00
209.00 855.88
209.12 856.00
209.12 857.00
210.00 857.88
210.12 858.00
210.12 859.00
211.00 859.88
211.12 860.00
212.00 860.88
212.12 861.00
212.12 862.00
213.00 862.88
213.12 863.00
213.12 864.00
214.00 864.88
214.12 865.00
214.12 866.00
215.00 866.88
215.12 867.00
215.12 868.00
216.00 868.88
216.12 869.00
217.00 869.88
217.12 870.00
217.12 871.00
218.00 871.88
218.12 872.00
218.12 873.00
219.00 873.88
219.12 874.00
220.00 874.88
220.12 875.00
221.00 875.88
221.12 876.00
222.00 876.88
222.12 877.00
223.00 877.88
223.12 878.00
224.00 878.88
224.12 879.00
225.00 879.88
225.12 880.00
226.00 880.88
227.00 880.88
227.12 881.00
228.00 881.88
228.12 882.00
229.00 882.88
229.12 883.00
230.00 883.88
231.00 883.88
231.12 884.00
232.00 884.88
233.00 884.88
233.12 885.00
234.00 885.88
234.12 886.00
235.00 886.88
236.00 886.88
236.12 887.00
237.00 887.88
238.00 887.88
239.00 887.88
239.12 888.00
240.00 888.88
241.00 888.88
242.00 888.88
242.12 889.00
243.00 889.88
244.00 889.88
245.00 889.88
246.00 889.88
247.00 889.88
248.00 889.88
249.00 889.88
250.00 889.88
251.00 889.88
252.00 889.88
253.00 889.88
254.00 889.88
254.88 889.00
255.00 888.88
256.00 888.88
257.00 888.88
257.88 888.00
258.00 887.88
259.00 887.88
260.00 887.88
261.00 887.88
261.88 887.00
262.00 886.88
263.00 886.88
264.00 886.88
265.00 886.88
266.00 886.88
266.88 886.00
267.00 885.88
268.00 885.88
269.00 885.88
270.00 885.88
271.00 885.88
272.00 885.88
273.00 885.88
274.00 885.88
274.88 885.00
275.00 884.88
276.00 884.88
277.00 884.88
278.00 884.88
278.88 884.00
279.00 883.88
280.00 883.88
281.00 883.88
282.00 883.88
282.88 883.00
283.00 882.88
284.00 882.88
284.88 882.00
285.00 881.88
285.88 881.00
286.00 880.88
286.88 880.00
287.00 879.88
287.88 879.00
288.00 878.88
288.88 878.00
288.88 877.00
289.00 876.88
289.88 876.00
290.00 875.88
290.88 875.00
290.88 874.00
291.00 873.88
291.88 873.00
291.88 872.00
292.00 871.88
292.88 871.00
292.88 870.00
293.00 869.88
293.88 869.00
293.88 868.00
294.00 867.88
294.88 867.00
294.88 866.00
294.88 865.00
295.00 864.88
295.88 864.00

Contour 3:
300.90 333.00
300.90 332.00
300.90 331.00
300.90 330.00
300.90 329.00
300.90 328.00
300.90 327.00
300.00 326.10
299.90 326.00
299.90 325.00
299.90 324.00
299.90 323.00
299.90 322.00
299.00 321.10
298.90 321.00
298.90 320.00
298.00 319.10
297.90 319.00
297.00 318.10
296.90 318.00
296.90 317.00
296.00 316.10
295.90 316.00
295.00 315.10
294.90 315.00
294.00 314.10
293.90 314.00
293.00 313.10
292.00 313.10
291.90 313.00
291.00 312.10
290.90 312.00
290.00 311.10
289.00 311.10
288.90 311.00
288.00 310.10
287.90 310.00
287.00 309.10
286.00 309.10
285.90 309.00
285.00 308.10
284.00 308.10
283.90 308.00
283.00 307.10
282.00 307.10
281.90 307.00
281.00 306.10
280.00 306.10
279.00 306.10
278.90 306.00
278.00 305.10
277.00 305.10
276.00 305.10
275.90 305.00
275.00 304.10
274.00 304.10
273.00 304.10
272.00 304.10
271.00 304.10
270.90 304.00
270.00 303.10
269.00 303.10
268.00 303.10
267.00 303.10
266.00 303.10
265.00 303.10
264.90 303.00
264.00 302.10
263.00 302.10
262.90 302.00
262.00 301.10
261.00 301.10
260.00 301.10
259.90 301.00
259.00 300.10
258.00 300.10
257.00 300.10
256.00 300.10
255.00 300.10
254.00 300.10
253.00 300.10
252.90 300.00
252.00 299.10
251.00 299.10
250.00 299.10
249.10 300.00
249.00 300.10
248.00 300.10
247.00 300.10
246.00 300.10
245.00 300.10
244.10 301.00
244.00 301.10
243.00 301.10
242.00 301.10
241.10 302.00
241.00 302.10
240.00 302.10
239.10 303.00
239.00 303.10
238.00 303.10
237.10 304.00
237.00 304.10
236.10 305.00
236.00 305.10
235.10 306.00
235.00 306.10
234.10 307.00
234.00 307.10
233.10 308.00
233.00 308.10
232.10 309.00
232.00 309.10
231.10 310.00
231.00 310.10
230.10 311.00
230.10 312.00
230.00 312.10
229.10 313.00
229.10 314.00
229.00 314.10
228.10 315.00
228.10 316.00
228.10 317.00
228.00 317.10
227.10 318.00
227.10 319.00
227.10 320.00
227.10 321.00
227.10 322.00
227.10 323.00
227.10 324.00
227.10 325.00
227.10 326.00
228.00 326.90
228.10 327.00
228.10 328.00
228.10 329.00
228.10 330.00
229.00 330.90
229.10 331.00
229.10 332.00
229.10 333.00
230.00 333.90
230.10 334.00
231.00 334.90
231.10 335.00
231.10 336.00
232.00 336.90
232.10 337.00
233.00 337.90
233.10 338.00
234.00 338.90
235.00 338.90
235.10 339.00
236.00 339.90
237.00 339.90
237.10 340.00
238.00 340.90
239.00 340.90
239.10 341.00
240.00 341.90
241.00 341.90
242.00 341.90
242.10 342.00
243.00 342.90
244.00 342.90
245.00 342.90
245.10 343.00
246.00 343.90
247.00 343.90
247.10 344.00
248.00 344.90
249.00 344.90
249.10 345.00
250.00 345.90
251.00 345.90
251.10 346.00
252.00 346.90
252.10 347.00
253.00 347.90
254.00 347.90
255.00 347.90
255.10 348.00
256.00 348.90
257.00 348.90
257.10 349.00
258.00 349.90
259.00 349.90
259.10 350.00
260.00 350.90
261.00 350.90
261.10 351.00
262.00 351.90
263.00 351.90
263.10 352.00
264.00 352.90
265.00 352.90
266.00 352.90
266.10 353.00
267.00 353.90
268.00 353.90
269.00 353.90
269.10 354.00
270.00 354.90
271.00 354.90
272.00 354.90
272.10 355.00
273.00 355.90
274.00 355.90
275.00 355.90
276.00 355.90
276.10 356.00
277.00 356.90
278.00 356.90
279.00 356.90
280.00 356.90
281.00 356.90
281.90 356.00
282.00 355.90
283.00 355.90
284.00 355.90
285.00 355.90
285.90 355.00
286.00 354.90
287.00 354.90
287.90 354.00
288.00 353.90
289.00 353.90
289.90 353.00
290.00 352.90
290.90 352.00
291.00 351.90
291.90 351.00
292.00 350.90
292.90 350.00
293.00 349.90
293.90 349.00
293.90 348.00
294.00 347.90
294.90 347.00
295.00 346.90
295.90 346.00
295.90 345.00
296.00 344.90
296.90 344.00
296.90 343.00
297.00 342.90
297.90 342.00
297.90 341.00
298.00 340.90
298.90 340.00
298.90 339.00
298.90 338.00
299.00 337.90
299.90 337.00
299.90 336.00
299.90 335.00
299.90 334.00
300.00 333.90
300.90 333.00

Contour 4:
281.92 446.00
281.92 445.00
281.92 444.00
281.92 443.00
281.92 442.00
281.92 441.00
281.00 440.08
280.92 440.00
280.92 439.00
280.92 438.00
280.92 437.00
280.92 436.00
280.00 435.08
279.92 435.00
279.92 434.00
279.00 433.08
278.92 433.00
278.00 432.08
277.92 432.00
277.00 431.08
276.92 431.00
276.92 430.00
276.00 429.08
275.92 429.00
275.00 428.08
274.92 428.00
274.00 427.08
273.92 427.00
273.00 426.08
272.00 426.08
271.92 426.00
271.00 425.08
270.92 425.00
270.00 424.08
269.00 424.08
268.92 424.00
268.00 423.08
267.00 423.08
266.92 423.00
266.00 422.08
265.00 422.08
264.92 422.00
264.00 421.08
263.00 421.08
262.00 421.08
261.00 421.08
260.92 421.00
260.00 420.08
259.00 420.08
258.00 420.08
257.08 421.00
257.00 421.08
256.00 421.08
255.00 421.08
254.00 421.08
253.00 421.08
252.00 421.08
251.00 421.08
250.08 422.00
250.00 422.08
249.00 422.08
248.00 422.08
247.00 422.08
246.08 423.00
246.00 423.08
245.00 423.08
244.00 423.08
243.08 424.00
243.00 424.08
242.00 424.08
241.08 425.00
241.00 425.08
240.00 425.08
239.08 426.00
239.00 426.08
238.08 427.00
238.00 427.08
237.00 427.08
236.08 428.00
236.00 428.08
235.08 429.00
235.00 429.08
234.08 430.00
234.00 430.08
233.00 430.08
232.08 431.00
232.08 432.00
232.00 432.08
231.08 433.00
231.00 433.08
230.08 434.00
230.08 435.00
230.00 435.08
229.08 436.00
229.08 437.00
229.00 437.08
228.08 438.00
228.08 439.00
228.08 440.00
228.08 441.00
228.08 442.00
228.08 443.00
228.08 444.00
228.08 445.00
228.00 445.08
227.08 446.00
227.08 447.00
227.08 448.00
227.08 449.00
227.08 450.00
228.00 450.92
228.08 451.00
228.08 452.00
228.08 453.00
228.08 454.00
229.00 454.92
229.08 455.00
229.08 456.00
230.00 456.92
230.08 457.00
230.08 458.00
231.00 458.92
231.08 459.00
232.00 459.92
232.08 460.00
233.00 460.92
233.08 461.00
233.08 462.00
234.00 462.92
234.08 463.00
235.00 463.92
235.08 464.00
236.00 464.92
236.08 465.00
237.00 465.92
238.00 465.92
238.08 466.00
239.00 466.92
239.08 467.00
240.00 467.92
241.00 467.92
241.08 468.00
242.00 468.92
243.00 468.92
244.00 468.92
244.08 469.00
245.00 469.92
246.00 469.92
247.00 469.92
247.08 470.00
248.00 470.92
249.00 470.92
250.00 470.92
250.08 471.00
251.00 471.92
252.00 471.92
253.00 471.92
254.00 471.92
255.00 471.92
256.00 471.92
257.00 471.92
258.00 471.92
259.00 471.92
260.00 471.92
261.00 471.92
262.00 471.92
262.92 471.00
263.00 470.92
264.00 470.92
265.00 470.92
265.92 470.00
266.00 469.92
267.00 469.92
267.92 469.00
268.00 468.92
268.92 468.00
269.00 467.92
269.92 467.00
270.00 466.92
270.92 466.00
271.00 465.92
271.92 465.00
272.00 464.92
272.92 464.00
273.00 463.92
273.92 463.00
274.00 462.92
274.92 462.00
275.00 461.92
275.92 461.00
275.92 460.00
276.00 459.92
276.92 459.00
276.92 458.00
277.00 457.92
277.92 457.00
277.92 456.00
278.00 455.92
278.92 455.00
278.92 454.00
279.00 453.92
279.92 453.00
279.92 452.00
280.00 451.92
280.92 451.00
280.92 450.00
280.92 449.00
280.92 448.00
280.92 447.00
281.00 446.92
281.92 446.00

Contour 5:
349.93 526.00
349.93 525.00
349.93 524.00
349.93 523.00
349.93 522.00
349.93 521.00
349.93 520.00
349.93 519.00
349.93 518.00
349.00 517.07
348.93 517.00
348.93 516.00
348.93 515.00
348.93 514.00
348.00 513.07
347.93 513.00
347.93 512.00
347.00 511.07
346.93 511.00
346.93 510.00
346.00 509.07
345.93 509.00
345.93 508.00
345.00 507.07
344.93 507.00
344.00 506.07
343.93 506.00
343.93 505.00
343.00 504.07
342.93 504.00
342.00 503.07
341.93 503.00
341.00 502.07
340.93 502.00
340.00 501.07
339.93 501.00
339.93 500.00
339.00 499.07
338.93 499.00
338.00 498.07
337.00 498.07
336.93 498.00
336.00 497.07
335.93 497.00
335.00 496.07
334.93 496.00
334.00 495.07
333.93 495.00
333.00 494.07
332.00 494.07
331.93 494.00
331.00 493.07
330.00 493.07
329.93 493.00
329.00 492.07
328.00 492.07
327.93 492.00
327.00 491.07
326.00 491.07
325.93 491.00
325.00 490.07
324.00 490.07
323.00 490.07
322.93 490.00
322.00 489.07
321.00 489.07
320.00 489.07
319.93 489.00
319.00 488.07
318.00 488.07
317.00 488.07
316.00 488.07
315.00 488.07
314.00 488.07
313.00 488.07
312.93 488.00
312.00 487.07
311.00 487.07
310.00 487.07
309.00 487.07
308.07 488.00
308.00 488.07
307.00 488.07
306.00 488.07
305.00 488.07
304.00 488.07
303.00 488.07
302.00 488.07
301.07 489.00
301.00 489.07
300.00 489.07
299.00 489.07
298.07 490.00
298.00 490.07
297.00 490.07
296.07 491.00
296.00 491.07
295.07 492.00
295.00 492.07
294.07 493.00
294.00 493.07
293.07 494.00
293.00 494.07
292.07 495.00
292.00 495.07
291.07 496.00
291.00 496.07
290.07 497.00
290.07 498.00
290.00 498.07
289.07 499.00
289.07 500.00
289.07 501.00
289.07 502.00
289.00 502.07
288.07 503.00
288.07 504.00
288.07 505.00
288.07 506.00
288.07 507.00
288.07 508.00
288.07 509.00
288.07 510.00
288.07 511.00
288.07 512.00
288.07 513.00
289.00 513.93
289.07 514.00
289.07 515.00
289.07 516.00
289.07 517.00
289.07 518.00
290.00 518.93
290.07 519.00
290.07 520.00
291.00 520.93
291.07 521.00
291.07 522.00
291.07 523.00
292.00 523.93
292.07 524.00
292.07 525.00
293.00 525.93
293.07 526.00
294.00 526.93
294.07 527.00
294.07 528.00
295.00 528.93
295.07 529.00
296.00 529.93
296.07 530.00
296.07 531.00
297.00 531.93
297.07 532.00
298.00 532.93
298.07 533.00
299.00 533.93
299.07 534.00
300.00 534.93
300.07 535.00
301.00 535.93
301.07 536.00
302.00 536.93
302.07 537.00
303.00 537.93
303.07 538.00
304.00 538.93
304.07 539.00
305.00 539.93
306.00 539.93
306.07 540.00
307.00 540.93
307.07 541.00
308.00 541.93
309.00 541.93
309.07 542.00
310.00 542.93
311.00 542.93
312.00 542.93
312.07 543.00
313.00 543.93
314.00 543.93
315.00 543.93
315.07 544.00
316.00 544.93
317.00 544.93
318.00 544.93
319.00 544.93
319.07 545.00
320.00 545.93
321.00 545.93
322.00 545.93
323.00 545.93
324.00 545.93
325.00 545.93
326.00 545.93
327.00 545.93
328.00 545.93
329.00 545.93
329.93 545.00
330.00 544.93
331.00 544.93
332.00 544.93
333.00 544.93
334.00 544.93
334.93 544.00
335.00 543.93
336.00 543.93
337.00 543.93
337.93 543.00
338.00 542.93
339.00 542.93
339.93 542.00
340.00 541.93
340.93 541.00
341.00 540.93
342.00 540.93
342.93 540.00
342.93 539.00
343.00 538.93
343.93 538.00
344.00 537.93
344.93 537.00
345.00 536.93
345.93 536.00
345.93 535.00
346.00 534.93
346.93 534.00
346.93 533.00
347.00 532.93
347.93 532.00
347.93 531.00
347.93 530.00
348.00 529.93
348.93 529.00
348.93 528.00
348.93 527.00
349.00 526.93
349.93 526.00

Contour 6:
373.94 99.00
373.94 98.00
373.00 97.06
372.94 97.00
372.94 96.00
372.94 95.00
372.94 94.00
372.00 93.06
371.94 93.00
371.94 92.00
371.00 91.06
370.94 91.00
370.94 90.00
370.00 89.06
369.94 89.00
369.94 88.00
369.00 87.06
368.94 87.00
368.00 86.06
367.94 86.00
367.94 85.00
367.00 84.06
366.94 84.00
366.94 83.00
366.00 82.06
365.94 82.00
365.00 81.06
364.94 81.00
364.00 80.06
363.94 80.00
363.00 79.06
362.00 79.06
361.94 79.00
361.00 78.06
360.00 78.06
359.94 78.00
359.00 77.06
358.00 77.06
357.94 77.00
357.00 76.06
356.00 76.06
355.00 76.06
354.94 76.00
354.00 75.06
353.00 75.06
352.00 75.06
351.00 75.06
350.94 75.00
350.00 74.06
349.00 74.06
348.00 74.06
347.00 74.06
346.94 74.00
346.00 73.06
345.00 73.06
344.00 73.06
343.00 73.06
342.00 73.06
341.00 73.06
340.00 73.06
339.00 73.06
338.00 73.06
337.00 73.06
336.00 73.06
335.00 73.06
334.00 73.06
333.00 73.06
332.00 73.06
331.06 74.00
331.00 74.06
330.00 74.06
329.00 74.06
328.00 74.06
327.06 75.00
327.00 75.06
326.00 75.06
325.06 76.00
325.00 76.06
324.06 77.00
324.00 77.06
323.00 77.06
322.06 78.00
322.00 78.06
321.06 79.00
321.00 79.06
320.00 79.06
319.06 80.00
319.00 80.06
318.06 81.00
318.00 81.06
317.00 81.06
316.06 82.00
316.00 82.06
315.06 83.00
315.00 83.06
314.06 84.00
314.06 85.00
314.00 85.06
313.06 86.00
313.00 86.06
312.06 87.00
312.00 87.06
311.06 88.00
311.00 88.06
310.06 89.00
310.00 89.06
309.06 90.00
309.00 90.06
308.06 91.00
308.00 91.06
307.06 92.00
307.06 93.00
307.00 93.06
306.06 94.00
306.00 94.06
305.06 95.00
305.06 96.00
305.00 96.06
304.06 97.00
304.06 98.00
304.06 99.00
304.00 99.06
303.06 100.00
303.06 101.00
303.06 102.00
303.00 102.06
302.06 103.00
302.06 104.00
302.06 105.00
302.06 106.00
302.06 107.00
302.06 108.00
302.06 109.00
302.06 110.00
302.06 111.00
302.06 112.00
302.06 113.00
302.06 114.00
302.06 115.00
302.06 116.00
302.06 117.00
302.06 118.00
303.00 118.94
303.06 119.00
303.06 120.00
303.06 121.00
303.06 122.00
304.00 122.94
304.06 123.00
304.06 124.00
305.00 124.94
305.06 125.00
305.06 126.00
306.00 126.94
306.06 127.00
307.00 127.94
307.06 128.00
308.00 128.94
308.06 129.00
309.00 129.94
309.06 130.00
310.00 130.94
310.06 131.00
311.00 131.94
311.06 132.00
312.00 132.94
312.06 133.00
313.00 133.94
314.00 133.94
315.00 133.94
315.06 134.00
316.00 134.94
317.00 134.94
317.06 135.00
318.00 135.94
319.00 135.94
320.00 135.94
320.06 136.00
321.00 136.94
322.00 136.94
323.00 136.94
324.00 136.94
324.06 137.00
325.00 137.94
326.00 137.94
327.00 137.94
328.00 137.94
329.00 137.94
330.00 137.94
331.00 137.94
332.00 137.94
333.00 137.94
334.00 137.94
335.00 137.94
336.00 137.94
337.00 137.94
337.94 137.00
338.00 136.94
339.00 136.94
340.00 136.94
341.00 136.94
341.94 136.00
342.00 135.94
343.00 135.94
344.00 135.94
344.94 135.00
345.00 134.94
346.00 134.94
346.94 134.00
347.00 133.94
348.00 133.94
348.94 133.00
349.00 132.94
350.00 132.94
350.94 132.00
351.00 131.94
351.94 131.00
352.00 130.94
353.00 130.94
353.94 130.00
354.00 129.94
354.94 129.00
355.00 128.94
356.00 128.94
356.94 128.00
357.00 127.94
357.94 127.00
358.00 126.94
358.94 126.00
359.00 125.94
359.94 125.00
360.00 124.94
360.94 124.00
361.00 123.94
361.94 123.00
362.00 122.94
362.94 122.00
363.00 121.94
363.94 121.00
363.94 120.00
364.00 119.94
364.94 119.00
365.00 118.94
365.94 118.00
365.94 117.00
366.00 116.94
366.94 116.00
367.00 115.94
367.94 115.00
368.00 114.94
368.94 114.00
368.94 113.00
369.00 112.94
369.94 112.00
369.94 111.00
370.00 110.94
370.94 110.00
370.94 109.00
371.00 108.94
371.94 108.00
371.94 107.00
371.94 106.00
372.00 105.94
372.94 105.00
372.94 104.00
372.94 103.00
372.94 102.00
372.94 101.00
372.94 100.00
373.00 99.94
373.94 99.00

Contour 7:
375.94 596.00
375.94 595.00
375.94 594.00
375.94 593.00
375.94 592.00
375.94 591.00
375.94 590.00
375.94 589.00
375.94 588.00
375.94 587.00
375.00 586.06
374.94 586.00
374.94 585.00
374.94 584.00
374.00 583.06
373.94 583.00
373.94 582.00
373.00 581.06
372.94 581.00
372.94 580.00
372.94 579.00
372.00 578.06
371.94 578.00
371.00 577.06
370.94 577.00
370.94 576.00
370.00 575.06
369.94 575.00
369.94 574.00
369.00 573.06
368.94 573.00
368.00 572.06
367.94 572.00
367.94 571.00
367.00 570.06
366.94 570.00
366.00 569.06
365.94 569.00
365.00 568.06
364.94 568.00
364.94 567.00
364.00 566.06
363.94 566.00
363.00 565.06
362.94 565.00
362.00 564.06
361.00 564.06
360.94 564.00
360.00 563.06
359.94 563.00
359.00 562.06
358.94 562.00
358.00 561.06
357.00 561.06
356.94 561.00
356.00 560.06
355.00 560.06
354.94 560.00
354.00 559.06
353.00 559.06
352.00 559.06
351.94 559.00
351.00 558.06
350.00 558.06
349.00 558.06
348.00 558.06
347.00 558.06
346.94 558.00
346.00 557.06
345.00 557.06
344.00 557.06
343.00 557.06
342.06 558.00
342.00 558.06
341.00 558.06
340.00 558.06
339.00 558.06
338.00 558.06
337.00 558.06
336.06 559.00
336.00 559.06
335.00 559.06
334.00 559.06
333.00 559.06
332.00 559.06
331.00 559.06
330.06 560.00
330.00 560.06
329.00 560.06
328.00 560.06
327.00 560.06
326.06 561.00
326.00 561.06
325.00 561.06
324.00 561.06
323.00 561.06
322.06 562.00
322.00 562.06
321.00 562.06
320.06 563.00
320.00 563.06
319.00 563.06
318.00 563.06
317.06 564.00
317.00 564.06
316.00 564.06
315.06 565.00
315.00 565.06
314.00 565.06
313.06 566.00
313.00 566.06
312.06 567.00
312.00 567.06
311.00 567.06
310.06 568.00
310.00 568.06
309.06 569.00
309.06 570.00
309.00 570.06
308.06 571.00
308.00 571.06
307.06 572.00
307.06 573.00
307.00 573.06
306.06 574.00
306.06 575.00
306.00 575.06
305.06 576.00
305.06 577.00
305.00 577.06
304.06 578.00
304.06 579.00
304.06 580.00
304.00 580.06
303.06 581.00
303.06 582.00
303.06 583.00
303.06 584.00
303.00 584.06
302.06 585.00
302.06 586.00
302.06 587.00
302.06 588.00
302.06 589.00
302.06 590.00
302.06 591.00
302.06 592.00
302.06 593.00
302.06 594.00
302.06 595.00
302.06 596.00
302.06 597.00
302.06 598.00
302.06 599.00
303.00 599.94
303.06 600.00
303.06 601.00
303.06 602.00
303.06 603.00
303.06 604.00
304.00 604.94
304.06 605.00
304.06 606.00
305.00 606.94
305.06 607.00
305.06 608.00
306.00 608.94
306.06 609.00
306.06 610.00
307.00 610.94
307.06 611.00
307.06 612.00
308.00 612.94
308.06 613.00
309.00 613.94
309.06 614.00
310.00 614.94
310.06 615.00
311.00 615.94
311.06 616.00
312.00 616.94
312.06 617.00
313.00 617.94
313.06 618.00
314.00 618.94
315.00 618.94
315.06 619.00
316.00 619.94
317.00 619.94
317.06 620.00
318.00 620.94
319.00 620.94
319.06 621.00
320.00 621.94
321.00 621.94
321.06 622.00
322.00 622.94
323.00 622.94
324.00 622.94
324.06 623.00
325.00 623.94
326.00 623.94
327.00 623.94
328.00 623.94
329.00 623.94
330.00 623.94
331.00 623.94
332.00 623.94
333.00 623.94
334.00 623.94
335.00 623.94
336.00 623.94
337.00 623.94
338.00 623.94
339.00 623.94
340.00 623.94
341.00 623.94
341.94 623.00
342.00 622.94
343.00 622.94
344.00 622.94
345.00 622.94
345.94 622.00
346.00 621.94
347.00 621.94
348.00 621.94
348.94 621.00
349.00 620.94
350.00 620.94
351.00 620.94
351.94 620.00
352.00 619.94
353.00 619.94
353.94 619.00
354.00 618.94
355.00 618.94
355.94 618.00
356.00 617.94
357.00 617.94
357.94 617.00
358.00 616.94
359.00 616.94
359.94 616.00
360.00 615.94
361.00 615.94
361.94 615.00
362.00 614.94
363.00 614.94
363.94 614.00
364.00 613.94
365.00 613.94
365.94 613.00
366.00 612.94
366.94 612.00
367.00 611.94
367.94 611.00
368.00 610.94
368.94 610.00
369.00 609.94
369.94 609.00
370.00 608.94
370.94 608.00
370.94 607.00
371.00 606.94
371.94 606.00
371.94 605.00
372.00 604.94
372.94 604.00
372.94 603.00
373.00 602.94
373.94 602.00
373.94 601.00
374.00 600.94
374.94 600.00
374.94 599.00
374.94 598.00
374.94 597.00
375.00 596.94
375.94 596.00

Contour 8:
387.95 907.00
387.95 906.00
387.95 905.00
387.95 904.00
387.95 903.00
387.95 902.00
387.95 901.00
387.95 900.00
387.95 899.00
387.95 898.00
387.95 897.00
387.95 896.00
387.00 895.05
386.95 895.00
386.95 894.00
386.95 893.00
386.95 892.00
386.00 891.05
385.95 891.00
385.95 890.00
385.95 889.00
385.00 888.05
384.95 888.00
384.95 887.00
384.00 886.05
383.95 886.00
383.95 885.00
383.95 884.00
383.00 883.05
382.95 883.00
382.95 882.00
382.00 881.05
381.95 881.00
381.95 880.00
381.00 879.05
380.95 879.00
380.00 878.05
379.95 878.00
379.95 877.00
379.00 876.05
378.95 876.00
378.95 875.00
378.00 874.05
377.95 874.00
377.95 873.00
377.00 872.05
376.95 872.00
376.95 871.00
376.00 870.05
375.95 870.00
375.00 869.05
374.95 869.00
374.00 868.05
373.95 868.00
373.00 867.05
372.95 867.00
372.00 866.05
371.95 866.00
371.00 865.05
370.95 865.00
370.00 864.05
369.95 864.00
369.00 863.05
368.00 863.05
367.00 863.05
366.95 863.00
366.00 862.05
365.00 862.05
364.00 862.05
363.95 862.00
363.00 861.05
362.00 861.05
361.00 861.05
360.00 861.05
359.00 861.05
358.00 861.05
357.00 861.05
356.00 861.05
355.05 862.00
355.00 862.05
354.00 862.05
353.00 862.05
352.00 862.05
351.05 863.00
351.00 863.05
350.00 863.05
349.05 864.00
349.00 864.05
348.05 865.00
348.00 865.05
347.00 865.05
346.05 866.00
346.00 866.05
345.05 867.00
345.00 867.05
344.05 868.00
344.00 868.05
343.05 869.00
343.00 869.05
342.05 870.00
342.00 870.05
341.05 871.00
341.00 871.05
340.05 872.00
340.00 872.05
339.05 873.00
339.05 874.00
339.00 874.05
338.05 875.00
338.05 876.00
338.00 876.05
337.05 877.00
337.05 878.00
337.00 878.05
336.05 879.00
336.05 880.00
336.00 880.05
335.05 881.00
335.05 882.00
335.00 882.05
334.05 883.00
334.05 884.00
334.05 885.00
334.00 885.05
333.05 886.00
333.05 887.00
333.00 887.05
332.05 888.00
332.05 889.00
332.05 890.00
332.00 890.05
331.05 891.00
331.05 892.00
331.05 893.00
331.00 893.05
330.05 894.00
330.05 895.00
330.00 895.05
329.05 896.00
329.05 897.00
329.00 897.05
328.05 898.00
328.05 899.00
328.05 900.00
328.00 900.05
327.05 901.00
327.05 902.00
327.05 903.00
327.05 904.00
327.05 905.00
327.05 906.00
327.05 907.00
327.05 908.00
327.05 909.00
327.05 910.00
327.05 911.00
327.05 912.00
327.05 913.00
327.05 914.00
328.00 914.95
328.05 915.00
328.05 916.00
328.05 917.00
329.00 917.95
329.05 918.00
329.05 919.00
330.00 919.95
330.05 920.00
330.05 921.00
330.05 922.00
331.00 922.95
331.05 923.00
332.00 923.95
332.05 924.00
332.05 925.00
333.00 925.95
333.05 926.00
334.00 926.95
334.05 927.00
335.00 927.95
335.05 928.00
336.00 928.95
336.05 929.00
337.00 929.95
337.05 930.00
338.00 930.95
338.05 931.00
339.00 931.95
340.00 931.95
340.05 932.00
341.00 932.95
342.00 932.95
342.05 933.00
343.00 933.95
344.00 933.95
345.00 933.95
345.05 934.00
346.00 934.95
347.00 934.95
347.05 935.00
348.00 935.95
349.00 935.95
350.00 935.95
351.00 935.95
351.05 936.00
352.00 936.95
353.00 936.95
354.00 936.95
355.00 936.95
356.00 936.95
357.00 936.95
358.00 936.95
359.00 936.95
360.00 936.95
361.00 936.95
362.00 936.95
363.00 936.95
363.95 936.00
364.00 935.95
365.00 935.95
366.00 935.95
367.00 935.95
368.00 935.95
368.95 935.00
369.00 934.95
370.00 934.95
370.95 934.00
371.00 933.95
372.00 933.95
372.95 933.00
373.00 932.95
374.00 932.95
374.95 932.00
375.00 931.95
375.95 931.00
376.00 930.95
376.95 930.00
377.00 929.95
377.95 929.00
378.00 928.95
378.95 928.00
379.00 927.95
379.95 927.00
379.95 926.00
380.00 925.95
380.95 925.00
381.00 924.95
381.95 924.00
381.95 923.00
382.00 922.95
382.95 922.00
382.95 921.00
383.00 920.95
383.95 920.00
383.95 919.00
384.00 918.95
384.95 918.00
384.95 917.00
384.95 916.00
385.00 915.95
385.95 915.00
385.95 914.00
386.00 913.95
386.95 913.00
386.95 912.00
386.95 911.00
386.95 910.00
386.95 909.00
386.95 908.00
387.00 907.95
387.95 907.00

Contour 9:
430.95 795.00
430.95 794.00
430.95 793.00
430.95 792.00
430.95 791.00
430.95 790.00
430.95 789.00
430.95 788.00
430.95 787.00
430.95 786.00
430.95 785.00
430.95 784.00
430.95 783.00
430.95 782.00
430.95 781.00
430.95 780.00
430.95 779.00
430.00 778.05
429.95 778.00
429.95 777.00
429.95 776.00
429.95 775.00
429.00 774.05
428.95 774.00
428.95 773.00
428.00 772.05
427.95 772.00
427.95 771.00
427.00 770.05
426.95 770.00
426.95 769.00
426.00 768.05
425.95 768.00
425.95 767.00
425.00 766.05
424.95 766.00
424.00 765.05
423.95 765.00
423.95 764.00
423.00 763.05
422.95 763.00
422.00 762.05
421.95 762.00
421.00 761.05
420.00 761.05
419.95 761.00
419.00 760.05
418.95 760.00
418.00 759.05
417.95 759.00
417.00 758.05
416.00 758.05
415.95 758.00
415.00 757.05
414.95 757.00
414.00 756.05
413.95 756.00
413.00 755.05
412.00 755.05
411.95 755.00
411.00 754.05
410.00 754.05
409.95 754.00
409.00 753.05
408.00 753.05
407.95 753.00
407.00 752.05
406.00 752.05
405.95 752.00
405.00 751.05
404.00 751.05
403.00 751.05
402.00 751.05
401.00 751.05
400.95 751.00
400.00 750.05
399.00 750.05
398.00 750.05
397.00 750.05
396.00 750.05
395.00 750.05
394.00 750.05
393.00 750.05
392.00 750.05
391.00 750.05
390.00 750.05
389.00 750.05
388.05 751.00
388.00 751.05
387.00 751.05
386.00 751.05
385.05 752.00
385.00 752.05
384.00 752.05
383.00 752.05
382.05 753.00
382.00 753.05
381.00 753.05
380.05 754.00
380.00 754.05
379.00 754.05
378.00 754.05
377.05 755.00
377.00 755.05
376.05 756.00
376.00 756.05
375.00 756.05
374.05 757.00
374.00 757.05
373.05 758.00
373.00 758.05
372.05 759.00
372.00 759.05
371.00 759.05
370.05 760.00
370.00 760.05
369.05 761.00
369.05 762.00
369.00 762.05
368.05 763.00
368.00 763.05
367.05 764.00
367.05 765.00
367.00 765.05
366.05 766.00
366.00 766.05
365.05 767.00
365.05 768.00
365.00 768.05
364.05 769.00
364.05 770.00
364.05 771.00
364.00 771.05
363.05 772.00
363.05 773.00
363.05 774.00
363.05 775.00
363.00 775.05
362.05 776.00
362.05 777.00
362.05 778.00
362.05 779.00
362.05 780.00
362.05 781.00
362.05 782.00
362.05 783.00
362.05 784.00
362.05 785.00
362.05 786.00
362.05 787.00
362.05 788.00
362.05 789.00
363.00 789.95
363.05 790.00
363.05 791.00
363.05 792.00
363.05 793.00
364.00 793.95
364.05 794.00
364.05 795.00
364.05 796.00
365.00 796.95
365.05 797.00
365.05 798.00
366.00 798.95
366.05 799.00
366.05 800.00
367.00 800.95
367.05 801.00
367.05 802.00
368.00 802.95
368.05 803.00
368.05 804.00
369.00 804.95
369.05 805.00
369.05 806.00
370.00 806.95
370.05 807.00
371.00 807.95
371.05 808.00
372.00 808.95
372.05 809.00
373.00 809.95
373.05 810.00
374.00 810.95
374.05 811.00
375.00 811.95
375.05 812.00
376.00 812.95
376.05 813.00
377.00 813.95
378.00 813.95
378.05 814.00
379.00 814.95
379.05 815.00
380.00 815.95
381.00 815.95
381.05 816.00
382.00 816.95
383.00 816.95
383.05 817.00
384.00 817.95
385.00 817.95
385.05 818.00
386.00 818.95
387.00 818.95
387.05 819.00
388.00 819.95
389.00 819.95
390.00 819.95
390.05 820.00
391.00 820.95
392.00 820.95
393.00 820.95
393.05 821.00
394.00 821.95
395.00 821.95
396.00 821.95
397.00 821.95
398.00 821.95
398.05 822.00
399.00 822.95
400.00 822.95
401.00 822.95
402.00 822.95
403.00 822.95
404.00 822.95
405.00 822.95
406.00 822.95
407.00 822.95
408.00 822.95
408.95 822.00
409.00 821.95
410.00 821.95
411.00 821.95
412.00 821.95
412.95 821.00
413.00 820.95
414.00 820.95
414.95 820.00
415.00 819.95
416.00 819.95
416.95 819.00
417.00 818.95
418.00 818.95
418.95 818.00
419.00 817.95
419.95 817.00
420.00 816.95
420.95 816.00
421.00 815.95
421.95 815.00
422.00 814.95
422.95 814.00
423.00 813.95
423.95 813.00
424.00 812.95
424.95 812.00
424.95 811.00
425.00 810.95
425.95 810.00
426.00 809.95
426.95 809.00
426.95 808.00
427.00 807.95
427.95 807.00
427.95 806.00
427.95 805.00
428.00 804.95
428.95 804.00
428.95 803.00
428.95 802.00
428.95 801.00
429.00 800.95
429.95 800.00
429.95 799.00
429.95 798.00
429.95 797.00
429.95 796.00
430.00 795.95
430.95 795.00

Contour 10:
421.96 232.00
421.96 231.00
421.96 230.00
421.96 229.00
421.96 228.00
421.00 227.04
420.96 227.00
420.96 226.00
420.96 225.00
420.96 224.00
420.96 223.00
420.96 222.00
420.00 221.04
419.96 221.00
419.96 220.00
419.96 219.00
419.00 218.04
418.96 218.00
418.96 217.00
418.00 216.04
417.96 216.00
417.96 215.00
417.00 214.04
416.96 214.00
416.96 213.00
416.00 212.04
415.96 212.00
415.96 211.00
415.00 210.04
414.96 210.00
414.00 209.04
413.96 209.00
413.96 208.00
413.00 207.04
412.96 207.00
412.00 206.04
411.96 206.00
411.00 205.04
410.00 205.04
409.96 205.00
409.00 204.04
408.96 204.00
408.00 203.04
407.96 203.00
407.00 202.04
406.00 202.04
405.96 202.00
405.00 201.04
404.00 201.04
403.96 201.00
403.00 200.04
402.00 200.04
401.00 200.04
400.00 200.04
399.00 200.04
398.00 200.04
397.00 200.04
396.00 200.04
395.00 200.04
394.00 200.04
393.00 200.04
392.00 200.04
391.04 201.00
391.00 201.04
390.00 201.04
389.00 201.04
388.00 201.04
387.04 202.00
387.00 202.04
386.00 202.04
385.00 202.04
384.04 203.00
384.00 203.04
383.04 204.00
383.00 204.04
382.00 204.04
381.04 205.00
381.00 205.04
380.00 205.04
379.04 206.00
379.00 206.04
378.04 207.00
378.00 207.04
377.04 208.00
377.00 208.04
376.04 209.00
376.00 209.04
375.04 210.00
375.00 210.04
374.04 211.00
374.00 211.04
373.04 212.00
373.04 213.00
373.00 213.04
372.04 214.00
372.00 214.04
371.04 215.00
371.04 216.00
371.00 216.04
370.04 217.00
370.04 218.00
370.00 218.04
369.04 219.00
369.04 220.00
369.00 220.04
368.04 221.00
368.04 222.00
368.04 223.00
368.00 223.04
367.04 224.00
367.04 225.00
367.04 226.00
367.00 226.04
366.04 227.00
366.04 228.00
366.04 229.00
366.04 230.00
366.00 230.04
365.04 231.00
365.04 232.00
365.04 233.00
365.04 234.00
365.04 235.00
365.04 236.00
365.00 236.04
364.04 237.00
364.04 238.00
364.04 239.00
364.04 240.00
364.04 241.00
364.04 242.00
365.00 242.96
365.04 243.00
365.04 244.00
365.04 245.00
365.04 246.00
365.04 247.00
365.04 248.00
366.00 248.96
366.04 249.00
366.04 250.00
366.04 251.00
366.04 252.00
367.00 252.96
367.04 253.00
367.04 254.00
367.04 255.00
368.00 255.96
368.04 256.00
368.04 257.00
369.00 257.96
369.04 258.00
369.04 259.00
369.04 260.00
370.00 260.96
370.04 261.00
371.00 261.96
371.04 262.00
371.04 263.00
372.00 263.96
372.04 264.00
373.00 264.96
373.04 265.00
374.00 265.96
374.04 266.00
375.00 266.96
376.00 266.96
376.04 267.00
377.00 267.96
377.04 268.00
378.00 268.96
379.00 268.96
379.04 269.00
380.00 269.96
381.00 269.96
382.00 269.96
382.04 270.00
383.00 270.96
384.00 270.96
385.00 270.96
386.00 270.96
387.00 270.96
388.00 270.96
389.00 270.96
390.00 270.96
391.00 270.96
391.96 270.00
392.00 269.96
393.00 269.96
394.00 269.96
394.96 269.00
395.00 268.96
396.00 268.96
397.00 268.96
397.96 268.00
398.00 267.96
399.00 267.96
399.96 267.00
400.00 266.96
401.00 266.96
401.96 266.00
402.00 265.96
402.96 265.00
403.00 264.96
404.00 264.96
404.96 264.00
405.00 263.96
405.96 263.00
406.00 262.96
406.96 262.00
407.00 261.96
407.96 261.00
408.00 260.96
408.96 260.00
409.00 259.96
409.96 259.00
410.00 258.96
410.96 258.00
411.00 257.96
411.96 257.00
412.00 256.96
412.96 256.00
412.96 255.00
413.00 254.96
413.96 254.00
413.96 253.00
414.00 252.96
414.96 252.00
415.00 251.96
415.96 251.00
415.96 250.00
416.00 249.96
416.96 249.00
416.96 248.00
416.96 247.00
417.00 246.96
417.96 246.00
417.96 245.00
418.00 244.96
418.96 244.00
418.96 243.00
418.96 242.00
419.00 241.96
419.96 241.00
419.96 240.00
419.96 239.00
420.00 238.96
420.96 238.00
420.96 237.00
420.96 236.00
420.96 235.00
420.96 234.00
420.96 233.00
421.00 232.96
421.96 232.00

Contour 11:
448.96 449.00
448.96 448.00
448.96 447.00
448.96 446.00
448.96 445.00
448.96 444.00
448.96 443.00
448.96 442.00
448.96 441.00
448.96 440.00
448.96 439.00
448.96 438.00
448.00 437.04
447.96 437.00
447.96 436.00
447.96 435.00
447.96 434.00
447.00 433.04
446.96 433.00
446.96 432.00
446.00 431.04
445.96 431.00
445.96 430.00
445.00 429.04
444.96 429.00
444.96 428.00
444.00 427.04
443.96 427.00
443.96 426.00
443.00 425.04
442.96 425.00
442.96 424.00
442.00 423.04
441.96 423.00
441.00 422.04
440.96 422.00
440.00 421.04
439.96 421.00
439.00 420.04
438.96 420.00
438.00 419.04
437.96 419.00
437.00 418.04
436.96 418.00
436.00 417.04
435.96 417.00
435.00 416.04
434.96 416.00
434.00 415.04
433.96 415.00
433.00 414.04
432.00 414.04
431.96 414.00
431.00 413.04
430.96 413.00
430.00 412.04
429.00 412.04
428.96 412.00
428.00 411.04
427.00 411.04
426.96 411.00
426.00 410.04
425.00 410.04
424.96 410.00
424.00 409.04
423.00 409.04
422.96 409.00
422.00 408.04
421.00 408.04
420.00 408.04
419.00 408.04
418.00 408.04
417.00 408.04
416.00 408.04
415.00 408.04
414.00 408.04
413.00 408.04
412.00 408.04
411.00 408.04
410.00 408.04
409.00 408.04
408.04 409.00
408.00 409.04
407.00 409.04
406.00 409.04
405.00 409.04
404.04 410.00
404.00 410.04
403.00 410.04
402.00 410.04
401.04 411.00
401.00 411.04
400.00 411.04
399.04 412.00
399.00 412.04
398.00 412.04
397.04 413.00
397.00 413.04
396.04 414.00
396.00 414.04
395.00 414.04
394.04 415.00
394.00 415.04
393.04 416.00
393.00 416.04
392.04 417.00
392.00 417.04
391.00 417.04
390.04 418.00
390.00 418.04
389.04 419.00
389.00 419.04
388.04 420.00
388.00 420.04
387.04 421.00
387.00 421.04
386.04 422.00
386.04 423.00
386.00 423.04
385.04 424.00
385.00 424.04
384.04 425.00
384.00 425.04
383.04 426.00
383.04 427.00
383.00 427.04
382.04 428.00
382.00 428.04
381.04 429.00
381.04 430.00
381.00 430.04
380.04 431.00
380.04 432.00
380.04 433.00
380.00 433.04
379.04 434.00
379.04 435.00
379.04 436.00
379.04 437.00
379.04 438.00
379.00 438.04
378.04 439.00
378.04 440.00
378.04 441.00
379.00 441.96
379.04 442.00
379.04 443.00
379.04 444.00
379.04 445.00
379.04 446.00
380.00 446.96
380.04 447.00
380.04 448.00
380.04 449.00
381.00 449.96
381.04 450.00
381.04 451.00
381.04 452.00
382.00 452.96
382.04 453.00
382.04 454.00
382.04 455.00
383.00 455.96
383.04 456.00
383.04 457.00
384.00 457.96
384.04 458.00
384.04 459.00
385.00 459.96
385.04 460.00
386.00 460.96
386.04 461.00
387.00 461.96
387.04 462.00
388.00 462.96
388.04 463.00
389.00 463.96
389.04 464.00
390.00 464.96
390.04 465.00
391.00 465.96
391.04 466.00
391.04 467.00
392.00 467.96
393.00 467.96
393.04 468.00
394.00 468.96
394.04 469.00
395.00 469.96
395.04 470.00
396.00 470.96
397.00 470.96
397.04 471.00
398.00 471.96
398.04 472.00
399.00 472.96
400.00 472.96
400.04 473.00
401.00 473.96
401.04 474.00
402.00 474.96
403.00 474.96
403.04 475.00
404.00 475.96
405.00 475.96
406.00 475.96
406.04 476.00
407.00 476.96
408.00 476.96
409.00 476.96
410.00 476.96
411.00 476.96
411.04 477.00
412.00 477.96
413.00 477.96
414.00 477.96
415.00 477.96
416.00 477.96
417.00 477.96
418.00 477.96
419.00 477.96
419.96 477.00
420.00 476.96
421.00 476.96
422.00 476.96
423.00 476.96
424.00 476.96
425.00 476.96
425.96 476.00
426.00 475.96
427.00 475.96
428.00 475.96
429.00 475.96
429.96 475.00
430.00 474.96
431.00 474.96
431.96 474.00
432.00 473.96
433.00 473.96
433.96 473.00
434.00 472.96
434.96 472.00
435.00 471.96
436.00 471.96
436.96 471.00
437.00 470.96
437.96 470.00
438.00 469.96
438.96 469.00
439.00 468.96
439.96 468.00
440.00 467.96
440.96 467.00
441.00 466.96
441.96 466.00
442.00 465.96
442.96 465.00
442.96 464.00
443.00 463.96
443.96 463.00
443.96 462.00
444.00 461.96
444.96 461.00
444.96 460.00
445.00 459.96
445.96 459.00
445.96 458.00
446.00 457.96
446.96 457.00
446.96 456.00
446.96 455.00
447.00 454.96
447.96 454.00
447.96 453.00
447.96 452.00
447.96 451.00
447.96 450.00
448.00 449.96
448.96 449.00

Contour 12:
464.96 645.00
464.96 644.00
464.96 643.00
464.96 642.00
464.96 641.00
464.00 640.04
463.96 640.00
463.96 639.00
463.96 638.00
463.96 637.00
463.96 636.00
463.96 635.00
463.00 634.04
462.96 634.00
462.96 633.00
462.00 632.04
461.96 632.00
461.96 631.00
461.96 630.00
461.00 629.04
460.96 629.00
460.00 628.04
459.96 628.00
459.96 627.00
459.00 626.04
458.96 626.00
458.00 625.04
457.96 625.00
457.00 624.04
456.96 624.00
456.00 623.04
455.96 623.00
455.00 622.04
454.96 622.00
454.00 621.04
453.96 621.00
453.00 620.04
452.00 620.04
451.96 620.00
451.00 619.04
450.96 619.00
450.00 618.04
449.00 618.04
448.96 618.00
448.00 617.04
447.00 617.04
446.96 617.00
446.00 616.04
445.00 616.04
444.96 616.00
444.00 615.04
443.00 615.04
442.96 615.00
442.00 614.04
441.00 614.04
440.00 614.04
439.96 614.00
439.00 613.04
438.00 613.04
437.00 613.04
436.00 613.04
435.96 613.00
435.00 612.04
434.00 612.04
433.00 612.04
432.00 612.04
431.00 612.04
430.04 613.00
430.00 613.04
429.00 613.04
428.00 613.04
427.00 613.04
426.04 614.00
426.00 614.04
425.00 614.04
424.00 614.04
423.04 615.00
423.00 615.04
422.00 615.04
421.04 616.00
421.00 616.04
420.00 616.04
419.04 617.00
419.00 617.04
418.00 617.04
417.04 618.00
417.00 618.04
416.04 619.00
416.00 619.04
415.04 620.00
415.00 620.04
414.00 620.04
413.04 621.00
413.00 621.04
412.04 622.00
412.00 622.04
411.04 623.00
411.04 624.00
411.00 624.04
410.04 625.00
410.00 625.04
409.04 626.00
409.00 626.04
408.04 627.00
408.04 628.00
408.00 628.04
407.04 629.00
407.04 630.00
407.00 630.04
406.04 631.00
406.04 632.00
406.00 632.04
405.04 633.00
405.04 634.00
405.00 634.04
404.04 635.00
404.04 636.00
404.04 637.00
404.04 638.00
404.04 639.00
404.00 639.04
403.04 640.00
403.04 641.00
403.04 642.00
403.04 643.00
403.04 644.00
403.04 645.00
403.04 646.00
403.04 647.00
403.04 648.00
403.04 649.00
403.04 650.00
403.04 651.00
403.04 652.00
404.00 652.96
404.04 653.00
404.04 654.00
404.04 655.00
404.04 656.00
405.00 656.96
405.04 657.00
405.04 658.00
405.04 659.00
406.00 659.96
406.04 660.00
406.04 661.00
406.04 662.00
407.00 662.96
407.04 663.00
407.04 664.00
408.00 664.96
408.04 665.00
408.04 666.00
409.00 666.96
409.04 667.00
410.00 667.96
410.04 668.00
411.00 668.96
411.04 669.00
411.04 670.00
412.00 670.96
412.04 671.00
413.00 671.96
414.00 671.96
414.04 672.00
415.00 672.96
415.04 673.00
416.00 673.96
417.00 673.96
417.04 674.00
418.00 674.96
419.00 674.96
419.04 675.00
420.00 675.96
421.00 675.96
422.00 675.96
422.04 676.00
423.00 676.96
424.00 676.96
425.00 676.96
425.04 677.00
426.00 677.96
427.00 677.96
428.00 677.96
429.00 677.96
430.00 677.96
431.00 677.96
432.00 677.96
433.00 677.96
434.00 677.96
435.00 677.96
435.96 677.00
436.00 676.96
437.00 676.96
438.00 676.96
439.00 676.96
440.00 676.96
441.00 676.96
442.00 676.96
442.96 676.00
443.00 675.96
444.00 675.96
445.00 675.96
445.96 675.00
446.00 674.96
447.00 674.96
448.00 674.96
448.96 674.00
449.00 673.96
450.00 673.96
450.96 673.00
451.00 672.96
452.00 672.96
452.96 672.00
453.00 671.96
453.96 671.00
454.00 670.96
454.96 670.00
455.00 669.96
455.96 669.00
456.00 668.96
456.96 668.00
457.00 667.96
457.96 667.00
458.00 666.96
458.96 666.00
459.00 665.96
459.96 665.00
459.96 664.00
460.00 663.96
460.96 663.00
460.96 662.00
461.00 661.96
461.96 661.00
461.96 660.00
461.96 659.00
462.00 658.96
462.96 658.00
462.96 657.00
462.96 656.00
462.96 655.00
462.96 654.00
463.00 653.96
463.96 653.00
463.96 652.00
463.96 651.00
463.96 650.00
463.96 649.00
463.96 648.00
463.96 647.00
463.96 646.00
464.00 645.96
464.96 645.00

Contour 13:
505.97 148.00
505.97 147.00
505.97 146.00
505.97 145.00
505.97 144.00
505.97 143.00
505.97 142.00
505.97 141.00
505.97 140.00
505.97 139.00
505.97 138.00
505.97 137.00
505.97 136.00
505.97 135.00
505.00 134.03
504.97 134.00
504.97 133.00
504.97 132.00
504.97 131.00
504.97 130.00
504.97 129.00
504.97 128.00
504.97 127.00
504.00 126.03
503.97 126.00
503.97 125.00
503.97 124.00
503.00 123.03
502.97 123.00
502.97 122.00
502.00 121.03
501.97 121.00
501.97 120.00
501.00 119.03
500.97 119.00
500.97 118.00
500.00 117.03
499.97 117.00
499.00 116.03
498.97 116.00
498.97 115.00
498.00 114.03
497.97 114.00
497.00 113.03
496.97 113.00
496.00 112.03
495.00 112.03
494.97 112.00
494.00 111.03
493.00 111.03
492.97 111.00
492.00 110.03
491.00 110.03
490.97 110.00
490.00 109.03
489.00 109.03
488.00 109.03
487.00 109.03
486.97 109.00
486.00 108.03
485.00 108.03
484.00 108.03
483.00 108.03
482.00 108.03
481.00 108.03
480.03 109.00
480.00 109.03
479.00 109.03
478.00 109.03
477.00 109.03
476.00 109.03
475.03 110.00
475.00 110.03
474.00 110.03
473.03 111.00
473.00 111.03
472.00 111.03
471.00 111.03
470.03 112.00
470.00 112.03
469.00 112.03
468.03 113.00
468.00 113.03
467.03 114.00
467.00 114.03
466.00 114.03
465.03 115.00
465.00 115.03
464.03 116.00
464.00 116.03
463.03 117.00
463.00 117.03
462.03 118.00
462.00 118.03
461.03 119.00
461.00 119.03
460.03 120.00
460.00 120.03
459.03 121.00
459.00 121.03
458.03 122.00
458.03 123.00
458.00 123.03
457.03 124.00
457.00 124.03
456.03 125.00
456.03 126.00
456.00 126.03
455.03 127.00
455.00 127.03
454.03 128.00
454.03 129.00
454.00 129.03
453.03 130.00
453.00 130.03
452.03 131.00
452.03 132.00
452.03 133.00
452.00 133.03
451.03 134.00
451.03 135.00
451.03 136.00
451.00 136.03
450.03 137.00
450.03 138.00
450.00 138.03
449.03 139.00
449.03 140.00
449.03 141.00
449.03 142.00
449.03 143.00
449.00 143.03
448.03 144.00
448.03 145.00
448.03 146.00
448.03 147.00
448.03 148.00
448.03 149.00
448.03 150.00
448.03 151.00
448.03 152.00
448.03 153.00
448.03 154.00
448.03 155.00
448.03 156.00
449.00 156.97
449.03 157.00
449.03 158.00
450.00 158.97
450.03 159.00
450.03 160.00
451.00 160.97
451.03 161.00
451.03 162.00
452.00 162.97
452.03 163.00
452.03 164.00
453.00 164.97
453.03 165.00
453.03 166.00
454.00 166.97
454.03 167.00
455.00 167.97
455.03 168.00
455.03 169.00
456.00 169.97
456.03 170.00
457.00 170.97
457.03 171.00
458.00 171.97
458.03 172.00
459.00 172.97
459.03 173.00
460.00 173.97
460.03 174.00
461.00 174.97
462.00 174.97
462.03 175.00
463.00 175.97
464.00 175.97
465.00 175.97
465.03 176.00
466.00 176.97
467.00 176.97
468.00 176.97
468.03 177.00
469.00 177.97
470.00 177.97
471.00 177.97
472.00 177.97
472.03 178.00
473.00 178.97
474.00 178.97
475.00 178.97
476.00 178.97
477.00 178.97
478.00 178.97
479.00 178.97
480.00 178.97
480.97 178.00
481.00 177.97
482.00 177.97
483.00 177.97
484.00 177.97
484.97 177.00
485.00 176.97
486.00 176.97
486.97 176.00
487.00 175.97
488.00 175.97
488.97 175.00
489.00 174.97
490.00 174.97
490.97 174.00
491.00 173.97
492.00 173.97
492.97 173.00
493.00 172.97
493.97 172.00
494.00 171.97
494.97 171.00
495.00 170.97
495.97 170.00
496.00 169.97
496.97 169.00
497.00 168.97
497.97 168.00
498.00 167.97
498.97 167.00
499.00 166.97
499.97 166.00
499.97 165.00
500.00 164.97
500.97 164.00
501.00 163.97
501.97 163.00
501.97 162.00
502.00 161.97
502.97 161.00
502.97 160.00
502.97 159.00
503.00 158.97
503.97 158.00
503.97 157.00
503.97 156.00
504.00 155.97
504.97 155.00
504.97 154.00
504.97 153.00
504.97 152.00
504.97 151.00
504.97 150.00
504.97 149.00
505.00 148.97
505.97 148.00

Contour 14:
562.97 503.00
562.97 502.00
562.97 501.00
562.97 500.00
562.97 499.00
562.97 498.00
562.97 497.00
562.97 496.00
562.97 495.00
562.97 494.00
562.97 493.00
562.97 492.00
562.97 491.00
562.00 490.03
561.97 490.00
561.97 489.00
561.97 488.00
561.00 487.03
560.97 487.00
560.97 486.00
560.97 485.00
560.00 484.03
559.97 484.00
559.97 483.00
559.00 482.03
558.97 482.00
558.00 481.03
557.97 481.00
557.97 480.00
557.00 479.03
556.97 479.00
556.00 478.03
555.97 478.00
555.00 477.03
554.97 477.00
554.00 476.03
553.97 476.00
553.00 475.03
552.97 475.00
552.00 474.03
551.97 474.00
551.00 473.03
550.97 473.00
550.00 472.03
549.00 472.03
548.97 472.00
548.00 471.03
547.97 471.00
547.00 470.03
546.00 470.03
545.97 470.00
545.00 469.03
544.97 469.00
544.00 468.03
543.00 468.03
542.97 468.00
542.00 467.03
541.97 467.00
541.00 466.03
540.00 466.03
539.00 466.03
538.97 466.00
538.00 465.03
537.00 465.03
536.00 465.03
535.97 465.00
535.00 464.03
534.00 464.03
533.00 464.03
532.00 464.03
531.00 464.03
530.00 464.03
529.03 465.00
529.00 465.03
528.00 465.03
527.00 465.03
526.00 465.03
525.00 465.03
524.03 466.00
524.00 466.03
523.00 466.03
522.00 466.03
521.03 467.00
521.00 467.03
520.00 467.03
519.03 468.00
519.00 468.03
518.00 468.03
517.03 469.00
517.00 469.03
516.03 470.00
516.00 470.03
515.00 470.03
514.03 471.00
514.00 471.03
513.03 472.00
513.00 472.03
512.03 473.00
512.00 473.03
511.03 474.00
511.03 475.00
511.00 475.03
510.03 476.00
510.00 476.03
509.03 477.00
509.00 477.03
508.03 478.00
508.00 478.03
507.03 479.00
507.03 480.00
507.00 480.03
506.03 481.00
506.00 481.03
505.03 482.00
505.03 483.00
505.03 484.00
505.00 484.03
504.03 485.00
504.03 486.00
504.00 486.03
503.03 487.00
503.03 488.00
503.00 488.03
502.03 489.00
502.03 490.00
502.03 491.00
502.00 491.03
501.03 492.00
501.03 493.00
501.00 493.03
500.03 494.00
500.03 495.00
500.03 496.00
500.03 497.00
500.03 498.00
500.03 499.00
500.03 500.00
500.03 501.00
500.03 502.00
500.03 503.00
500.03 504.00
500.03 505.00
500.03 506.00
500.03 507.00
501.00 507.97
501.03 508.00
501.03 509.00
501.03 510.00
501.03 511.00
502.00 511.97
502.03 512.00
502.03 513.00
503.00 513.97
503.03 514.00
503.03 515.00
504.00 515.97
504.03 516.00
504.03 517.00
505.00 517.97
505.03 518.00
505.03 519.00
506.00 519.97
506.03 520.00
507.00 520.97
507.03 521.00
508.00 521.97
508.03 522.00
509.00 522.97
509.03 523.00
510.00 523.97
510.03 524.00
511.00 524.97
511.03 525.00
512.00 525.97
512.03 526.00
513.00 526.97
514.00 526.97
514.03 527.00
515.00 527.97
516.00 527.97
516.03 528.00
517.00 528.97
518.00 528.97
518.03 529.00
519.00 529.97
520.00 529.97
521.00 529.97
522.00 529.97
523.00 529.97
524.00 529.97
525.00 529.97
526.00 529.97
527.00 529.97
528.00 529.97
529.00 529.97
529.97 529.00
530.00 528.97
531.00 528.97
532.00 528.97
533.00 528.97
533.97 528.00
534.00 527.97
535.00 527.97
536.00 527.97
536.97 527.00
537.00 526.97
538.00 526.97
539.00 526.97
539.97 526.00
540.00 525.97
541.00 525.97
542.00 525.97
542.97 525.00
543.00 524.97
544.00 524.97
544.97 524.00
545.00 523.97
546.00 523.97
547.00 523.97
547.97 523.00
548.00 522.97
549.00 522.97
549.97 522.00
550.00 521.97
550.97 521.00
551.00 520.97
552.00 520.97
552.97 520.00
553.00 519.97
553.97 519.00
554.00 518.97
554.97 518.00
555.00 517.97
555.97 517.00
556.00 516.97
556.97 516.00
557.00 515.97
557.97 515.00
557.97 514.00
558.00 513.97
558.97 513.00
558.97 512.00
559.00 511.97
559.97 511.00
559.97 510.00
560.00 509.97
560.97 509.00
560.97 508.00
560.97 507.00
561.00 506.97
561.97 506.00
561.97 505.00
561.97 504.00
562.00 503.97
562.97 503.00

Contour 15:
591.97 695.00
591.97 694.00
591.97 693.00
591.97 692.00
591.97 691.00
591.97 690.00
591.97 689.00
591.97 688.00
591.97 687.00
591.97 686.00
591.97 685.00
591.97 684.00
591.00 683.03
590.97 683.00
590.97 682.00
590.97 681.00
590.00 680.03
589.97 680.00
589.00 679.03
588.97 679.00
588.97 678.00
588.00 677.03
587.97 677.00
587.97 676.00
587.00 675.03
586.97 675.00
586.97 674.00
586.00 673.03
585.97 673.00
585.97 672.00
585.00 671.03
584.97 671.00
584.00 670.03
583.97 670.00
583.97 669.00
583.00 668.03
582.00 668.03
581.97 668.00
581.00 667.03
580.97 667.00
580.00 666.03
579.97 666.00
579.00 665.03
578.97 665.00
578.00 664.03
577.00 664.03
576.97 664.00
576.00 663.03
575.00 663.03
574.00 663.03
573.97 663.00
573.00 662.03
572.00 662.03
571.00 662.03
570.00 662.03
569.97 662.00
569.00 661.03
568.00 661.03
567.00 661.03
566.00 661.03
565.00 661.03
564.00 661.03
563.00 661.03
562.97 661.00
562.00 660.03
561.00 660.03
560.03 661.00
560.00 661.03
559.00 661.03
558.00 661.03
557.00 661.03
556.00 661.03
555.00 661.03
554.03 662.00
554.00 662.03
553.00 662.03
552.00 662.03
551.03 663.00
551.00 663.03
550.00 663.03
549.03 664.00
549.00 664.03
548.00 664.03
547.03 665.00
547.00 665.03
546.00 665.03
545.03 666.00
545.00 666.03
544.00 666.03
543.03 667.00
543.00 667.03
542.03 668.00
542.00 668.03
541.00 668.03
540.03 669.00
540.00 669.03
539.03 670.00
539.00 670.03
538.00 670.03
537.03 671.00
537.00 671.03
536.03 672.00
536.00 672.03
535.03 673.00
535.00 673.03
534.03 674.00
534.00 674.03
533.03 675.00
533.00 675.03
532.03 676.00
532.00 676.03
531.03 677.00
531.00 677.03
530.03 678.00
530.03 679.00
530.00 679.03
529.03 680.00
529.03 681.00
529.00 681.03
528.03 682.00
528.03 683.00
528.03 684.00
528.00 684.03
527.03 685.00
527.03 686.00
527.03 687.00
527.03 688.00
527.03 689.00
527.03 690.00
527.03 691.00
527.03 692.00
527.03 693.00
527.03 694.00
527.03 695.00
527.03 696.00
527.03 697.00
527.03 698.00
528.00 698.97
528.03 699.00
528.03 700.00
528.03 701.00
528.03 702.00
529.00 702.97
529.03 703.00
529.03 704.00
530.00 704.97
530.03 705.00
530.03 706.00
531.00 706.97
531.03 707.00
531.03 708.00
532.00 708.97
532.03 709.00
532.03 710.00
533.00 710.97
533.03 711.00
534.00 711.97
534.03 712.00
535.00 712.97
535.03 713.00
535.03 714.00
536.00 714.97
536.03 715.00
537.00 715.97
537.03 716.00
538.00 716.97
538.03 717.00
539.00 717.97
539.03 718.00
540.00 718.97
540.03 719.00
541.00 719.97
541.03 720.00
542.00 720.97
543.00 720.97
543.03 721.00
544.00 721.97
544.03 722.00
545.00 722.97
546.00 722.97
546.03 723.00
547.00 723.97
548.00 723.97
549.00 723.97
549.03 724.00
550.00 724.97
551.00 724.97
552.00 724.97
553.00 724.97
553.03 725.00
554.00 725.97
555.00 725.97
556.00 725.97
557.00 725.97
558.00 725.97
559.00 725.97
560.00 725.97
561.00 725.97
562.00 725.97
563.00 725.97
564.00 725.97
565.00 725.97
565.97 725.00
566.00 724.97
567.00 724.97
568.00 724.97
569.00 724.97
569.97 724.00
570.00 723.97
571.00 723.97
571.97 723.00
572.00 722.97
573.00 722.97
573.97 722.00
574.00 721.97
575.00 721.97
575.97 721.00
576.00 720.97
577.00 720.97
577.97 720.00
578.00 719.97
578.97 719.00
579.00 718.97
579.97 718.00
580.00 717.97
580.97 717.00
581.00 716.97
581.97 716.00
582.00 715.97
582.97 715.00
583.00 714.97
583.97 714.00
584.00 713.97
584.97 713.00
584.97 712.00
585.00 711.97
585.97 711.00
585.97 710.00
586.00 709.97
586.97 709.00
587.00 708.97
587.97 708.00
587.97 707.00
587.97 706.00
588.00 705.97
588.97 705.00
588.97 704.00
589.00 703.97
589.97 703.00
589.97 702.00
589.97 701.00
590.00 700.97
590.97 700.00
590.97 699.00
590.97 698.00
590.97 697.00
590.97 696.00
591.00 695.97
591.97 695.00

Contour 16:
680.97 409.00
680.97 408.00
680.97 407.00
680.97 406.00
680.97 405.00
680.97 404.00
680.97 403.00
680.97 402.00
680.97 401.00
680.97 400.00
680.97 399.00
680.97 398.00
680.97 397.00
680.00 396.03
679.97 396.00
679.97 395.00
679.97 394.00
679.97 393.00
679.00 392.03
678.97 392.00
678.97 391.00
678.97 390.00
678.97 389.00
678.00 388.03
677.97 388.00
677.97 387.00
677.97 386.00
677.00 385.03
676.97 385.00
676.97 384.00
676.00 383.03
675.97 383.00
675.97 382.00
675.00 381.03
674.97 381.00
674.00 380.03
673.97 380.00
673.97 379.00
673.00 378.03
672.97 378.00
672.00 377.03
671.97 377.00
671.00 376.03
670.97 376.00
670.00 375.03
669.97 375.00
669.00 374.03
668.00 374.03
667.97 374.00
667.00 373.03
666.97 373.00
666.00 372.03
665.97 372.00
665.00 371.03
664.00 371.03
663.97 371.00
663.00 370.03
662.97 370.00
662.00 369.03
661.00 369.03
660.00 369.03
659.97 369.00
659.00 368.03
658.00 368.03
657.97 368.00
657.00 367.03
656.00 367.03
655.00 367.03
654.97 367.00
654.00 366.03
653.00 366.03
652.00 366.03
651.00 366.03
650.00 366.03
649.97 366.00
649.00 365.03
648.00 365.03
647.00 365.03
646.00 365.03
645.00 365.03
644.00 365.03
643.03 366.00
643.00 366.03
642.00 366.03
641.00 366.03
640.00 366.03
639.00 366.03
638.03 367.00
638.00 367.03
637.00 367.03
636.00 367.03
635.00 367.03
634.03 368.00
634.00 368.03
633.00 368.03
632.03 369.00
632.00 369.03
631.00 369.03
630.03 370.00
630.00 370.03
629.00 370.03
628.03 371.00
628.00 371.03
627.00 371.03
626.03 372.00
626.00 372.03
625.00 372.03
624.03 373.00
624.00 373.03
623.03 374.00
623.00 374.03
622.00 374.03
621.03 375.00
621.00 375.03
620.03 376.00
620.00 376.03
619.03 377.00
619.00 377.03
618.03 378.00
618.03 379.00
618.00 379.03
617.03 380.00
617.00 380.03
616.03 381.00
616.00 381.03
615.03 382.00
615.03 383.00
615.00 383.03
614.03 384.00
614.00 384.03
613.03 385.00
613.03 386.00
613.00 386.03
612.03 387.00
612.03 388.00
612.00 388.03
611.03 389.00
611.03 390.00
611.00 390.03
610.03 391.00
610.03 392.00
610.03 393.00
610.00 393.03
609.03 394.00
609.03 395.00
609.03 396.00
609.03 397.00
609.03 398.00
609.00 398.03
608.03 399.00
608.03 400.00
608.03 401.00
608.03 402.00
608.03 403.00
608.03 404.00
608.03 405.00
608.03 406.00
608.03 407.00
608.03 408.00
608.03 409.00
608.03 410.00
608.03 411.00
608.03 412.00
609.00 412.97
609.03 413.00
609.03 414.00
609.03 415.00
610.00 415.97
610.03 416.00
610.03 417.00
610.03 418.00
611.00 418.97
611.03 419.00
611.03 420.00
612.00 420.97
612.03 421.00
612.03 422.00
613.00 422.97
613.03 423.00
614.00 423.97
614.03 424.00
614.03 425.00
615.00 425.97
615.03 426.00
616.00 426.97
616.03 427.00
617.00 427.97
617.03 428.00
617.03 429.00
618.00 429.97
618.03 430.00
619.00 430.97
619.03 431.00
620.00 431.97
620.03 432.00
621.00 432.97
621.03 433.00
622.00 433.97
622.03 434.00
623.00 434.97
624.00 434.97
624.03 435.00
625.00 435.97
625.03 436.00
626.00 436.97
627.00 436.97
627.03 437.00
628.00 437.97
629.00 437.97
630.00 437.97
630.03 438.00
631.00 438.97
632.00 438.97
632.03 439.00
633.00 439.97
634.00 439.97
635.00 439.97
636.00 439.97
636.03 440.00
637.00 440.97
638.00 440.97
639.00 440.97
640.00 440.97
641.00 440.97
642.00 440.97
643.00 440.97
643.97 440.00
644.00 439.97
645.00 439.97
646.00 439.97
647.00 439.97
648.00 439.97
649.00 439.97
650.00 439.97
650.97 439.00
651.00 438.97
652.00 438.97
653.00 438.97
654.00 438.97
655.00 438.97
655.97 438.00
656.00 437.97
657.00 437.97
658.00 437.97
658.97 437.00
659.00 436.97
660.00 436.97
660.97 436.00
661.00 435.97
662.00 435.97
662.97 435.00
663.00 434.97
663.97 434.00
664.00 433.97
664.97 433.00
665.00 432.97
666.00 432.97
666.97 432.00
667.00 431.97
667.97 431.00
668.00 430.97
668.97 430.00
669.00 429.97
669.97 429.00
670.00 428.97
670.97 428.00
671.00 427.97
671.97 427.00
672.00 426.97
672.97 426.00
672.97 425.00
673.00 424.97
673.97 424.00
674.00 423.97
674.97 423.00
674.97 422.00
675.00 421.97
675.97 421.00
675.97 420.00
676.00 419.97
676.97 419.00
676.97 418.00
677.00 417.97
677.97 417.00
677.97 416.00
678.00 415.97
678.97 415.00
678.97 414.00
678.97 413.00
679.00 412.97
679.97 412.00
679.97 411.00
679.97 410.00
680.00 409.97
680.97 409.00

Contour 17:
683.97 564.00
683.97 563.00
683.97 562.00
683.97 561.00
683.97 560.00
683.97 559.00
683.97 558.00
683.97 557.00
683.97 556.00
683.97 555.00
683.97 554.00
683.97 553.00
683.97 552.00
683.00 551.03
682.97 551.00
682.97 550.00
682.00 549.03
681.97 549.00
681.97 548.00
681.97 547.00
681.00 546.03
680.97 546.00
680.97 545.00
680.00 544.03
679.97 544.00
679.97 543.00
679.97 542.00
679.00 541.03
678.97 541.00
678.00 540.03
677.97 540.00
677.97 539.00
677.00 538.03
676.97 538.00
676.00 537.03
675.97 537.00
675.97 536.00
675.00 535.03
674.97 535.00
674.00 534.03
673.97 534.00
673.00 533.03
672.97 533.00
672.00 532.03
671.97 532.00
671.97 531.00
671.00 530.03
670.97 530.00
670.00 529.03
669.00 529.03
668.97 529.00
668.00 528.03
667.97 528.00
667.00 527.03
666.00 527.03
665.97 527.00
665.00 526.03
664.97 526.00
664.00 525.03
663.97 525.00
663.00 524.03
662.00 524.03
661.97 524.00
661.00 523.03
660.00 523.03
659.97 523.00
659.00 522.03
658.00 522.03
657.00 522.03
656.97 522.00
656.00 521.03
655.00 521.03
654.00 521.03
653.00 521.03
652.97 521.00
652.00 520.03
651.00 520.03
650.00 520.03
649.00 520.03
648.00 520.03
647.00 520.03
646.97 520.00
646.00 519.03
645.00 519.03
644.00 519.03
643.00 519.03
642.00 519.03
641.00 519.03
640.00 519.03
639.00 519.03
638.00 519.03
637.03 520.00
637.00 520.03
636.00 520.03
635.00 520.03
634.00 520.03
633.00 520.03
632.00 520.03
631.03 521.00
631.00 521.03
630.00 521.03
629.00 521.03
628.03 522.00
628.00 522.03
627.00 522.03
626.00 522.03
625.03 523.00
625.00 523.03
624.00 523.03
623.03 524.00
623.00 524.03
622.03 525.00
622.00 525.03
621.03 526.00
621.00 526.03
620.00 526.03
619.03 527.00
619.00 527.03
618.03 528.00
618.00 528.03
617.03 529.00
617.00 529.03
616.03 530.00
616.00 530.03
615.03 531.00
615.03 532.00
615.00 532.03
614.03 533.00
614.00 533.03
613.03 534.00
613.00 534.03
612.03 535.00
612.03 536.00
612.00 536.03
611.03 537.00
611.03 538.00
611.03 539.00
611.00 539.03
610.03 540.00
610.03 541.00
610.03 542.00
610.03 543.00
610.03 544.00
610.03 545.00
610.03 546.00
611.00 546.97
611.03 547.00
611.03 548.00
611.03 549.00
612.00 549.97
612.03 550.00
612.03 551.00
612.03 552.00
613.00 552.97
613.03 553.00
613.03 554.00
613.03 555.00
613.03 556.00
614.00 556.97
614.03 557.00
614.03 558.00
614.03 559.00
614.03 560.00
614.03 561.00
614.03 562.00
615.00 562.97
615.03 563.00
615.03 564.00
615.03 565.00
615.03 566.00
615.03 567.00
615.03 568.00
616.00 568.97
616.03 569.00
616.03 570.00
616.03 571.00
616.03 572.00
617.00 572.97
617.03 573.00
617.03 574.00
618.00 574.97
618.03 575.00
618.03 576.00
619.00 576.97
619.03 577.00
620.00 577.97
620.03 578.00
621.00 578.97
621.03 579.00
622.00 579.97
622.03 580.00
622.03 581.00
623.00 581.97
623.03 582.00
624.00 582.97
625.00 582.97
625.03 583.00
626.00 583.97
626.03 584.00
627.00 584.97
627.03 585.00
628.00 585.97
628.03 586.00
629.00 586.97
630.00 586.97
630.03 587.00
631.00 587.97
632.00 587.97
632.03 588.00
633.00 588.97
634.00 588.97
634.03 589.00
635.00 589.97
636.00 589.97
636.03 590.00
637.00 590.97
638.00 590.97
638.03 591.00
639.00 591.97
640.00 591.97
641.00 591.97
641.03 592.00
642.00 592.97
643.00 592.97
644.00 592.97
645.00 592.97
646.00 592.97
646.03 593.00
647.00 593.97
648.00 593.97
649.00 593.97
650.00 593.97
651.00 593.97
652.00 593.97
653.00 593.97
654.00 593.97
655.00 593.97
656.00 593.97
657.00 593.97
658.00 593.97
658.97 593.00
659.00 592.97
660.00 592.97
661.00 592.97
661.97 592.00
662.00 591.97
663.00 591.97
664.00 591.97
664.97 591.00
665.00 590.97
665.97 590.00
666.00 589.97
666.97 589.00
667.00 588.97
667.97 588.00
668.00 587.97
668.97 587.00
669.00 586.97
669.97 586.00
670.00 585.97
670.97 585.00
671.00 584.97
671.97 584.00
672.00 583.97
672.97 583.00
672.97 582.00
673.00 581.97
673.97 581.00
674.00 580.97
674.97 580.00
674.97 579.00
675.00 578.97
675.97 578.00
676.00 577.97
676.97 577.00
676.97 576.00
677.00 575.97
677.97 575.00
677.97 574.00
678.00 573.97
678.97 573.00
679.00 572.97
679.97 572.00
679.97 571.00
680.00 570.97
680.97 570.00
681.00 569.97
681.97 569.00
681.97 568.00
682.00 567.97
682.97 567.00
682.97 566.00
682.97 565.00
683.00 564.97
683.97 564.00

Contour 18:
685.98 100.00
685.98 99.00
685.98 98.00
685.98 97.00
685.98 96.00
685.98 95.00
685.98 94.00
685.98 93.00
685.98 92.00
685.98 91.00
685.98 90.00
685.98 89.00
685.98 88.00
685.00 87.03
684.98 87.00
684.98 86.00
684.98 85.00
684.98 84.00
684.98 83.00
684.98 82.00
684.98 81.00
684.00 80.03
683.98 80.00
683.98 79.00
683.98 78.00
683.98 77.00
683.00 76.03
682.98 76.00
682.98 75.00
682.00 74.03
681.98 74.00
681.98 73.00
681.00 72.03
680.98 72.00
680.00 71.03
679.98 71.00
679.98 70.00
679.00 69.03
678.98 69.00
678.00 68.03
677.98 68.00
677.00 67.03
676.98 67.00
676.00 66.03
675.98 66.00
675.00 65.03
674.98 65.00
674.00 64.03
673.98 64.00
673.00 63.02
672.00 63.02
671.98 63.00
671.00 62.02
670.00 62.02
669.98 62.00
669.00 61.02
668.98 61.00
668.00 60.02
667.00 60.02
666.98 60.00
666.00 59.02
665.00 59.02
664.98 59.00
664.00 58.02
663.00 58.02
662.00 58.02
661.98 58.00
661.00 57.02
660.00 57.02
659.00 57.02
658.98 57.00
658.00 56.02
657.00 56.02
656.00 56.02
655.00 56.02
654.00 56.02
653.00 56.02
652.00 56.02
651.00 56.02
650.02 57.00
650.00 57.02
649.00 57.02
648.00 57.02
647.02 58.00
647.00 58.02
646.00 58.02
645.02 59.00
645.00 59.02
644.00 59.02
643.00 59.02
642.02 60.00
642.00 60.02
641.02 61.00
641.00 61.02
640.02 62.00
640.00 62.02
639.00 62.02
638.02 63.00
638.00 63.02
637.02 64.00
637.00 64.03
636.02 65.00
636.00 65.03
635.02 66.00
635.02 67.00
635.00 67.03
634.02 68.00
634.00 68.03
633.02 69.00
633.00 69.03
632.02 70.00
632.02 71.00
632.00 71.03
631.02 72.00
631.00 72.03
630.02 73.00
630.02 74.00
630.00 74.03
629.02 75.00
629.02 76.00
629.02 77.00
629.02 78.00
629.00 78.03
628.02 79.00
628.02 80.00
628.02 81.00
628.02 82.00
628.02 83.00
628.02 84.00
628.02 85.00
628.00 85.03
627.02 86.00
627.02 87.00
627.02 88.00
627.02 89.00
627.02 90.00
627.02 91.00
627.02 92.00
627.02 93.00
628.00 93.97
628.02 94.00
628.02 95.00
628.02 96.00
629.00 96.97
629.02 97.00
629.02 98.00
629.02 99.00
630.00 99.97
630.02 100.00
630.02 101.00
631.00 101.97
631.02 102.00
631.02 103.00
632.00 103.97
632.02 104.00
632.02 105.00
633.00 105.97
633.02 106.00
634.00 106.97
634.02 107.00
634.02 108.00
635.00 108.97
635.02 109.00
636.00 109.97
636.02 110.00
637.00 110.97
637.02 111.00
638.00 111.97
638.02 112.00
639.00 112.97
639.02 113.00
640.00 113.97
640.02 114.00
641.00 114.97
641.02 115.00
642.00 115.97
642.02 116.00
643.00 116.97
643.02 117.00
644.00 117.97
644.02 118.00
645.00 118.97
645.02 119.00
646.00 119.97
647.00 119.97
647.02 120.00
648.00 120.97
649.00 120.97
649.02 121.00
650.00 121.97
651.00 121.97
651.02 122.00
652.00 122.97
653.00 122.97
654.00 122.97
654.02 123.00
655.00 123.97
656.00 123.97
657.00 123.97
658.00 123.97
659.00 123.97
659.02 124.00
660.00 124.97
661.00 124.97
662.00 124.97
663.00 124.97
664.00 124.97
665.00 124.97
665.98 124.00
666.00 123.97
667.00 123.97
668.00 123.97
668.98 123.00
669.00 122.97
670.00 122.97
670.98 122.00
671.00 121.97
672.00 121.97
672.98 121.00
673.00 120.97
674.00 120.97
674.98 120.00
675.00 119.97
675.98 119.00
676.00 118.97
676.98 118.00
677.00 117.97
677.98 117.00
677.98 116.00
678.00 115.97
678.98 115.00
679.00 114.97
679.98 114.00
680.00 113.97
680.98 113.00
680.98 112.00
681.00 111.97
681.98 111.00
681.98 110.00
682.00 109.97
682.98 109.00
682.98 108.00
683.00 107.97
683.98 107.00
683.98 106.00
683.98 105.00
684.00 104.97
684.98 104.00
684.98 103.00
684.98 102.00
684.98 101.00
685.00 100.97
685.98 100.00

Contour 19:
704.98 225.00
704.98 224.00
704.00 223.02
703.98 223.00
703.98 222.00
703.98 221.00
703.98 220.00
703.98 219.00
703.98 218.00
703.00 217.02
702.98 217.00
702.98 216.00
702.98 215.00
702.00 214.02
701.98 214.00
701.98 213.00
701.00 212.02
700.98 212.00
700.98 211.00
700.00 210.02
699.98 210.00
699.98 209.00
699.98 208.00
699.00 207.02
698.98 207.00
698.00 206.02
697.98 206.00
697.98 205.00
697.00 204.02
696.98 204.00
696.00 203.02
695.98 203.00
695.00 202.02
694.98 202.00
694.00 201.02
693.98 201.00
693.00 200.02
692.98 200.00
692.00 199.02
691.98 199.00
691.00 198.02
690.00 198.02
689.98 198.00
689.00 197.02
688.98 197.00
688.00 196.02
687.00 196.02
686.98 196.00
686.00 195.02
685.98 195.00
685.00 194.02
684.00 194.02
683.98 194.00
683.00 193.02
682.98 193.00
682.00 192.02
681.00 192.02
680.98 192.00
680.00 191.02
679.98 191.00
679.00 190.02
678.00 190.02
677.98 190.00
677.00 189.02
676.00 189.02
675.98 189.00
675.00 188.02
674.00 188.02
673.98 188.00
673.00 187.02
672.00 187.02
671.98 187.00
671.00 186.02
670.00 186.02
669.00 186.02
668.98 186.00
668.00 185.02
667.00 185.02
666.00 185.02
665.00 185.02
664.00 185.02
663.00 185.02
662.00 185.02
661.00 185.02
660.02 186.00
660.00 186.02
659.00 186.02
658.00 186.02
657.00 186.02
656.02 187.00
656.00 187.02
655.00 187.02
654.02 188.00
654.00 188.02
653.00 188.02
652.02 189.00
652.00 189.02
651.00 189.02
650.00 189.02
649.02 190.00
649.00 190.02
648.02 191.00
648.00 191.02
647.00 191.02
646.02 192.00
646.00 192.02
645.02 193.00
645.00 193.02
644.02 194.00
644.00 194.02
643.02 195.00
643.00 195.02
642.02 196.00
642.00 196.02
641.02 197.00
641.00 197.02
640.02 198.00
640.00 198.02
639.02 199.00
639.02 200.00
639.00 200.02
638.02 201.00
638.02 202.00
638.00 202.02
637.02 203.00
637.02 204.00
637.00 204.02
636.02 205.00
636.02 206.00
636.02 207.00
636.00 207.02
635.02 208.00
635.02 209.00
635.02 210.00
635.02 211.00
635.00 211.02
634.02 212.00
634.02 213.00
634.02 214.00
634.02 215.00
634.02 216.00
634.02 217.00
634.02 218.00
634.02 219.00
634.02 220.00
634.02 221.00
634.02 222.00
634.02 223.00
634.02 224.00
634.02 225.00
635.00 225.98
635.02 226.00
635.02 227.00
636.00 227.98
636.02 228.00
636.02 229.00
636.02 230.00
637.00 230.98
637.02 231.00
638.00 231.98
638.02 232.00
638.02 233.00
639.00 233.98
639.02 234.00
640.00 234.98
640.02 235.00
640.02 236.00
641.00 236.98
641.02 237.00
642.00 237.98
642.02 238.00
642.02 239.00
643.00 239.98
643.02 240.00
644.00 240.98
644.02 241.00
645.00 241.98
645.02 242.00
646.00 242.98
646.02 243.00
647.00 243.98
647.02 244.00
648.00 244.98
648.02 245.00
649.00 245.98
649.02 246.00
650.00 246.98
650.02 247.00
651.00 247.98
652.00 247.98
652.02 248.00
653.00 248.98
653.02 249.00
654.00 249.98
655.00 249.98
655.02 250.00
656.00 250.98
657.00 250.98
657.02 251.00
658.00 251.98
659.00 251.98
660.00 251.98
660.02 252.00
661.00 252.98
662.00 252.98
663.00 252.98
663.02 253.00
664.00 253.98
665.00 253.98
666.00 253.98
667.00 253.98
668.00 253.98
668.02 254.00
669.00 254.98
670.00 254.98
671.00 254.98
672.00 254.98
673.00 254.98
674.00 254.98
675.00 254.98
676.00 254.98
677.00 254.98
678.00 254.98
679.00 254.98
680.00 254.98
680.98 254.00
681.00 253.98
682.00 253.98
683.00 253.98
683.98 253.00
684.00 252.98
685.00 252.98
686.00 252.98
686.98 252.00
687.00 251.98
687.98 251.00
688.00 250.98
689.00 250.98
689.98 250.00
690.00 249.98
691.00 249.98
691.98 249.00
692.00 248.98
692.98 248.00
693.00 247.98
693.98 247.00
694.00 246.98
694.98 246.00
695.00 245.98
695.98 245.00
696.00 244.98
696.98 244.00
697.00 243.98
697.98 243.00
697.98 242.00
698.00 241.98
698.98 241.00
699.00 240.98
699.98 240.00
699.98 239.00
700.00 238.98
700.98 238.00
700.98 237.00
701.00 236.98
701.98 236.00
701.98 235.00
702.00 234.98
702.98 234.00
702.98 233.00
702.98 232.00
702.98 231.00
703.00 230.98
703.98 230.00
703.98 229.00
703.98 228.00
703.98 227.00
703.98 226.00
704.00 225.98
704.98 225.00

Contour 20:
724.98 872.00
724.98 871.00
724.98 870.00
724.98 869.00
724.98 868.00
724.98 867.00
724.98 866.00
724.98 865.00
724.98 864.00
724.00 863.02
723.98 863.00
723.98 862.00
723.98 861.00
723.98 860.00
723.00 859.02
722.98 859.00
722.98 858.00
722.98 857.00
722.00 856.02
721.98 856.00
721.98 855.00
721.98 854.00
721.00 853.02
720.98 853.00
720.98 852.00
720.98 851.00
720.00 850.02
719.98 850.00
719.98 849.00
719.98 848.00
719.98 847.00
719.00 846.02
718.98 846.00
718.98 845.00
718.00 844.02
717.98 844.00
717.98 843.00
717.00 842.02
716.98 842.00
716.98 841.00
716.00 840.02
715.98 840.00
715.98 839.00
715.00 838.02
714.98 838.00
714.00 837.02
713.98 837.00
713.00 836.02
712.98 836.00
712.00 835.02
711.98 835.00
711.00 834.02
710.98 834.00
710.98 833.00
710.00 832.02
709.98 832.00
709.00 831.02
708.00 831.02
707.98 831.00
707.00 830.02
706.98 830.00
706.00 829.02
705.98 829.00
705.00 828.02
704.98 828.00
704.00 827.02
703.00 827.02
702.98 827.00
702.00 826.02
701.98 826.00
701.00 825.02
700.00 825.02
699.98 825.00
699.00 824.02
698.00 824.02
697.00 824.02
696.98 824.00
696.00 823.02
695.00 823.02
694.00 823.02
693.00 823.02
692.98 823.00
692.00 822.02
691.00 822.02
690.00 822.02
689.00 822.02
688.00 822.02
687.00 822.02
686.00 822.02
685.00 822.02
684.00 822.02
683.00 822.02
682.00 822.02
681.00 822.02
680.00 822.02
679.00 822.02
678.00 822.02
677.02 823.00
677.00 823.02
676.00 823.02
675.00 823.02
674.02 824.00
674.00 824.02
673.00 824.02
672.02 825.00
672.00 825.02
671.00 825.02
670.00 825.02
669.02 826.00
669.00 826.02
668.02 827.00
668.00 827.02
667.00 827.02
666.02 828.00
666.00 828.02
665.02 829.00
665.00 829.02
664.02 830.00
664.00 830.02
663.02 831.00
663.00 831.02
662.02 832.00
662.00 832.02
661.02 833.00
661.02 834.00
661.00 834.02
660.02 835.00
660.02 836.00
660.00 836.02
659.02 837.00
659.02 838.00
659.02 839.00
659.02 840.00
659.02 841.00
659.02 842.00
659.02 843.00
659.02 844.00
659.02 845.00
659.02 846.00
659.02 847.00
659.02 848.00
660.00 848.98
660.02 849.00
660.02 850.00
660.02 851.00
661.00 851.98
661.02 852.00
661.02 853.00
662.00 853.98
662.02 854.00
662.02 855.00
662.02 856.00
663.00 856.98
663.02 857.00
663.02 858.00
664.00 858.98
664.02 859.00
664.02 860.00
665.00 860.98
665.02 861.00
665.02 862.00
666.00 862.98
666.02 863.00
666.02 864.00
667.00 864.98
667.02 865.00
667.02 866.00
668.00 866.98
668.02 867.00
668.02 868.00
669.00 868.98
669.02 869.00
669.02 870.00
670.00 870.98
670.02 871.00
671.00 871.98
671.02 872.00
671.02 873.00
672.00 873.98
672.02 874.00
673.00 874.98
673.02 875.00
673.02 876.00
674.00 876.98
674.02 877.00
675.00 877.98
675.02 878.00
676.00 878.98
676.02 879.00
677.00 879.98
677.02 880.00
677.02 881.00
678.00 881.98
678.02 882.00
679.00 882.98
679.02 883.00
680.00 883.98
680.02 884.00
681.00 884.98
681.02 885.00
682.00 885.98
683.00 885.98
683.02 886.00
684.00 886.98
684.02 887.00
685.00 887.98
686.00 887.98
686.02 888.00
687.00 888.98
688.00 888.98
688.02 889.00
689.00 889.98
690.00 889.98
690.02 890.00
691.00 890.98
692.00 890.98
693.00 890.98
693.02 891.00
694.00 891.98
695.00 891.98
696.00 891.98
697.00 891.98
698.00 891.98
699.00 891.98
700.00 891.98
701.00 891.98
702.00 891.98
703.00 891.98
704.00 891.98
705.00 891.98
706.00 891.98
706.98 891.00
707.00 890.98
708.00 890.98
709.00 890.98
709.98 890.00
710.00 889.98
711.00 889.98
711.98 889.00
712.00 888.98
712.98 888.00
713.00 887.98
714.00 887.98
714.98 887.00
715.00 886.98
715.98 886.00
716.00 885.98
716.98 885.00
717.00 884.98
717.98 884.00
718.00 883.98
718.98 883.00
719.00 882.98
719.98 882.00
720.00 881.98
720.98 881.00
720.98 880.00
721.00 879.98
721.98 879.00
722.00 878.98
722.98 878.00
722.98 877.00
722.98 876.00
723.00 875.98
723.98 875.00
723.98 874.00
723.98 873.00
724.00 872.98
724.98 872.00

Contour 21:
735.98 686.00
735.98 685.00
735.98 684.00
735.98 683.00
735.98 682.00
735.98 681.00
735.98 680.00
735.98 679.00
735.98 678.00
735.98 677.00
735.98 676.00
735.98 675.00
735.98 674.00
735.98 673.00
735.00 672.02
734.98 672.00
734.98 671.00
734.98 670.00
734.98 669.00
734.00 668.02
733.98 668.00
733.98 667.00
733.98 666.00
733.00 665.02
732.98 665.00
732.98 664.00
732.98 663.00
732.00 662.02
731.98 662.00
731.98 661.00
731.00 660.02
730.98 660.00
730.00 659.02
729.98 659.00
729.98 658.00
729.00 657.02
728.98 657.00
728.00 656.02
727.98 656.00
727.00 655.02
726.98 655.00
726.00 654.02
725.98 654.00
725.00 653.02
724.00 653.02
723.98 653.00
723.00 652.02
722.98 652.00
722.00 651.02
721.00 651.02
720.98 651.00
720.00 650.02
719.00 650.02
718.98 650.00
718.00 649.02
717.00 649.02
716.00 649.02
715.98 649.00
715.00 648.02
714.00 648.02
713.00 648.02
712.00 648.02
711.00 648.02
710.00 648.02
709.00 648.02
708.00 648.02
707.00 648.02
706.00 648.02
705.00 648.02
704.02 649.00
704.00 649.02
703.00 649.02
702.00 649.02
701.00 649.02
700.02 650.00
700.00 650.02
699.00 650.02
698.02 651.00
698.00 651.02
697.00 651.02
696.00 651.02
695.02 652.00
695.00 652.02
694.00 652.02
693.02 653.00
693.00 653.02
692.00 653.02
691.02 654.00
691.00 654.02
690.02 655.00
690.00 655.02
689.00 655.02
688.02 656.00
688.00 656.02
687.02 657.00
687.00 657.02
686.02 658.00
686.00 658.02
685.02 659.00
685.00 659.02
684.02 660.00
684.00 660.02
683.02 661.00
683.00 661.02
682.02 662.00
682.02 663.00
682.00 663.02
681.02 664.00
681.00 664.02
680.02 665.00
680.00 665.02
679.02 666.00
679.02 667.00
679.02 668.00
679.00 668.02
678.02 669.00
678.02 670.00
678.00 670.02
677.02 671.00
677.02 672.00
677.02 673.00
677.02 674.00
677.00 674.02
676.02 675.00
676.02 676.00
676.02 677.00
676.02 678.00
676.02 679.00
676.02 680.00
676.02 681.00
676.02 682.00
676.02 683.00
676.02 684.00
676.02 685.00
676.02 686.00
676.02 687.00
676.02 688.00
676.02 689.00
677.00 689.98
677.02 690.00
677.02 691.00
677.02 692.00
677.02 693.00
678.00 693.98
678.02 694.00
678.02 695.00
678.02 696.00
679.00 696.98
679.02 697.00
679.02 698.00
679.02 699.00
680.00 699.98
680.02 700.00
680.02 701.00
681.00 701.98
681.02 702.00
681.02 703.00
682.00 703.98
682.02 704.00
682.02 705.00
683.00 705.98
683.02 706.00
684.00 706.98
684.02 707.00
685.00 707.98
685.02 708.00
686.00 708.98
686.02 709.00
687.00 709.98
687.02 710.00
688.00 710.98
689.00 710.98
689.02 711.00
690.00 711.98
691.00 711.98
691.02 712.00
692.00 712.98
693.00 712.98
694.00 712.98
695.00 712.98
695.02 713.00
696.00 713.98
697.00 713.98
698.00 713.98
699.00 713.98
700.00 713.98
701.00 713.98
702.00 713.98
703.00 713.98
704.00 713.98
705.00 713.98
706.00 713.98
707.00 713.98
708.00 713.98
709.00 713.98
709.98 713.00
710.00 712.98
711.00 712.98
712.00 712.98
713.00 712.98
714.00 712.98
714.98 712.00
715.00 711.98
716.00 711.98
717.00 711.98
717.98 711.00
718.00 710.98
719.00 710.98
720.00 710.98
720.98 710.00
721.00 709.98
722.00 709.98
722.98 709.00
723.00 708.98
723.98 708.00
724.00 707.98
725.00 707.98
725.98 707.00
726.00 706.98
726.98 706.00
727.00 705.98
727.98 705.00
728.00 704.98
728.98 704.00
728.98 703.00
729.00 702.98
729.98 702.00
730.00 701.98
730.98 701.00
730.98 700.00
731.00 699.98
731.98 699.00
732.00 698.98
732.98 698.00
732.98 697.00
732.98 696.00
733.00 695.98
733.98 695.00
733.98 694.00
733.98 693.00
734.00 692.98
734.98 692.00
734.98 691.00
734.98 690.00
734.98 689.00
734.98 688.00
734.98 687.00
735.00 686.98
735.98 686.00

Contour 22:
762.98 445.00
762.98 444.00
762.98 443.00
762.98 442.00
762.98 441.00
762.98 440.00
762.98 439.00
762.98 438.00
762.98 437.00
762.98 436.00
762.98 435.00
762.98 434.00
762.00 433.02
761.98 433.00
761.98 432.00
761.98 431.00
761.00 430.02
760.98 430.00
760.98 429.00
760.98 428.00
760.00 427.02
759.98 427.00
759.98 426.00
759.00 425.02
758.98 425.00
758.98 424.00
758.00 423.02
757.98 423.00
757.00 422.02
756.98 422.00
756.00 421.02
755.98 421.00
755.98 420.00
755.00 419.02
754.98 419.00
754.00 418.02
753.98 418.00
753.98 417.00
753.00 416.02
752.98 416.00
752.00 415.02
751.98 415.00
751.00 414.02
750.98 414.00
750.00 413.02
749.98 413.00
749.00 412.02
748.98 412.00
748.00 411.02
747.98 411.00
747.00 410.02
746.00 410.02
745.98 410.00
745.00 409.02
744.98 409.00
744.00 408.02
743.00 408.02
742.98 408.00
742.00 407.02
741.00 407.02
740.00 407.02
739.00 407.02
738.00 407.02
737.00 407.02
736.00 407.02
735.00 407.02
734.02 408.00
734.00 408.02
733.00 408.02
732.00 408.02
731.02 409.00
731.00 409.02
730.00 409.02
729.02 410.00
729.00 410.02
728.00 410.02
727.02 411.00
727.00 411.02
726.00 411.02
725.02 412.00
725.00 412.02
724.02 413.00
724.00 413.02
723.02 414.00
723.00 414.02
722.02 415.00
722.00 415.02
721.02 416.00
721.02 417.00
721.00 417.02
720.02 418.00
720.00 418.02
719.02 419.00
719.02 420.00
719.00 420.02
718.02 421.00
718.02 422.00
718.02 423.00
718.00 423.02
717.02 424.00
717.02 425.00
717.02 426.00
717.00 426.02
716.02 427.00
716.02 428.00
716.02 429.00
716.00 429.02
715.02 430.00
715.02 431.00
715.00 431.02
714.02 432.00
714.02 433.00
714.02 434.00
714.02 435.00
714.02 436.00
714.00 436.02
713.02 437.00
713.02 438.00
713.02 439.00
713.02 440.00
713.00 440.02
712.02 441.00
712.02 442.00
712.02 443.00
712.02 444.00
712.02 445.00
712.02 446.00
712.02 447.00
712.00 447.02
711.02 448.00
711.02 449.00
711.02 450.00
711.02 451.00
711.02 452.00
711.02 453.00
711.02 454.00
711.02 455.00
711.02 456.00
711.02 457.00
711.02 458.00
711.02 459.00
711.02 460.00
711.02 461.00
711.02 462.00
712.00 462.98
712.02 463.00
712.02 464.00
712.02 465.00
712.02 466.00
713.00 466.98
713.02 467.00
713.02 468.00
713.02 469.00
714.00 469.98
714.02 470.00
714.02 471.00
714.02 472.00
715.00 472.98
715.02 473.00
715.02 474.00
716.00 474.98
716.02 475.00
716.02 476.00
717.00 476.98
718.00 476.98
718.02 477.00
719.00 477.98
719.02 478.00
720.00 478.98
721.00 478.98
721.02 479.00
722.00 479.98
723.00 479.98
724.00 479.98
725.00 479.98
726.00 479.98
727.00 479.98
728.00 479.98
728.98 479.00
729.00 478.98
730.00 478.98
731.00 478.98
732.00 478.98
732.98 478.00
733.00 477.98
734.00 477.98
734.98 477.00
735.00 476.98
735.98 476.00
736.00 475.98
737.00 475.98
737.98 475.00
738.00 474.98
738.98 474.00
739.00 473.98
739.98 473.00
740.00 472.98
741.00 472.98
741.98 472.00
742.00 471.98
742.98 471.00
743.00 470.98
743.98 470.00
744.00 469.98
744.98 469.00
745.00 468.98
745.98 468.00
746.00 467.98
746.98 467.00
747.00 466.98
747.98 466.00
748.00 465.98
748.98 465.00
749.00 464.98
749.98 464.00
750.00 463.98
750.98 463.00
750.98 462.00
751.00 461.98
751.98 461.00
752.00 460.98
752.98 460.00
753.00 459.98
753.98 459.00
754.00 458.98
754.98 458.00
755.00 457.98
755.98 457.00
756.00 456.98
756.98 456.00
756.98 455.00
757.00 454.98
757.98 454.00
758.00 453.98
758.98 453.00
759.00 452.98
759.98 452.00
759.98 451.00
760.00 450.98
760.98 450.00
760.98 449.00
761.00 448.98
761.98 448.00
761.98 447.00
761.98 446.00
762.00 445.98
762.98 445.00

Contour 23:
912.98 787.00
912.98 786.00
912.98 785.00
912.98 784.00
912.98 783.00
912.98 782.00
912.98 781.00
912.98 780.00
912.98 779.00
912.98 778.00
912.98 777.00
912.98 776.00
912.98 775.00
912.98 774.00
912.98 773.00
912.98 772.00
912.98 771.00
912.00 770.02
911.98 770.00
911.98 769.00
911.98 768.00
911.98 767.00
911.00 766.02
910.98 766.00
910.98 765.00
910.98 764.00
910.98 763.00
910.00 762.02
909.98 762.00
909.98 761.00
909.98 760.00
909.98 759.00
909.00 758.02
908.98 758.00
908.98 757.00
908.98 756.00
908.98 755.00
908.00 754.02
907.98 754.00
907.98 753.00
907.00 752.02
906.98 752.00
906.98 751.00
906.00 750.02
905.98 750.00
905.98 749.00
905.98 748.00
905.00 747.02
904.98 747.00
904.00 746.02
903.98 746.00
903.98 745.00
903.00 744.02
902.98 744.00
902.00 743.02
901.98 743.00
901.00 742.02
900.98 742.00
900.00 741.02
899.98 741.00
899.00 740.02
898.00 740.02
897.98 740.00
897.00 739.02
896.98 739.00
896.00 738.02
895.00 738.02
894.98 738.00
894.00 737.02
893.00 737.02
892.98 737.00
892.00 736.02
891.98 736.00
891.00 735.02
890.00 735.02
889.00 735.02
888.98 735.00
888.00 734.02
887.00 734.02
886.00 734.02
885.98 734.00
885.00 733.02
884.00 733.02
883.00 733.02
882.00 733.02
881.00 733.02
880.00 733.02
879.00 733.02
878.00 733.02
877.00 733.02
876.00 733.02
875.00 733.02
874.00 733.02
873.00 733.02
872.00 733.02
871.02 734.00
871.00 734.02
870.00 734.02
869.00 734.02
868.00 734.02
867.00 734.02
866.00 734.02
865.00 734.02
864.00 734.02
863.02 735.00
863.00 735.02
862.00 735.02
861.00 735.02
860.00 735.02
859.00 735.02
858.02 736.00
858.00 736.02
857.00 736.02
856.02 737.00
856.00 737.02
855.00 737.02
854.02 738.00
854.00 738.02
853.00 738.02
852.02 739.00
852.00 739.02
851.02 740.00
851.00 740.02
850.00 740.02
849.02 741.00
849.00 741.02
848.02 742.00
848.00 742.02
847.02 743.00
847.00 743.02
846.02 744.00
846.00 744.02
845.02 745.00
845.00 745.02
844.02 746.00
844.00 746.02
843.02 747.00
843.00 747.02
842.02 748.00
842.00 748.02
841.02 749.00
841.00 749.02
840.02 750.00
840.00 750.02
839.02 751.00
839.00 751.02
838.02 752.00
838.02 753.00
838.00 753.02
837.02 754.00
837.00 754.02
836.02 755.00
836.02 756.00
836.00 756.02
835.02 757.00
835.02 758.00
835.00 758.02
834.02 759.00
834.02 760.00
834.00 760.02
833.02 761.00
833.02 762.00
833.02 763.00
833.00 763.02
832.02 764.00
832.02 765.00
832.00 765.02
831.02 766.00
831.02 767.00
831.02 768.00
831.02 769.00
831.00 769.02
830.02 770.00
830.02 771.00
830.02 772.00
830.02 773.00
830.02 774.00
830.02 775.00
830.00 775.02
829.02 776.00
829.02 777.00
829.02 778.00
829.02 779.00
829.02 780.00
829.02 781.00
829.02 782.00
829.02 783.00
829.02 784.00
830.00 784.98
830.02 785.00
830.02 786.00
830.02 787.00
830.02 788.00
830.02 789.00
831.00 789.98
831.02 790.00
831.02 791.00
831.02 792.00
832.00 792.98
832.02 793.00
832.02 794.00
832.02 795.00
833.00 795.98
833.02 796.00
833.02 797.00
834.00 797.98
834.02 798.00
835.00 798.98
835.02 799.00
835.02 800.00
836.00 800.98
836.02 801.00
837.00 801.98
837.02 802.00
837.02 803.00
838.00 803.98
838.02 804.00
839.00 804.98
839.02 805.00
840.00 805.98
840.02 806.00
841.00 806.98
841.02 807.00
842.00 807.98
842.02 808.00
843.00 808.98
843.02 809.00
844.00 809.98
845.00 809.98
845.02 810.00
846.00 810.98
846.02 811.00
847.00 811.98
848.00 811.98
848.02 812.00
849.00 812.98
850.00 812.98
850.02 813.00
851.00 813.98
852.00 813.98
852.02 814.00
853.00 814.98
854.00 814.98
855.00 814.98
855.02 815.00
856.00 815.98
857.00 815.98
858.00 815.98
858.02 816.00
859.00 816.98
860.00 816.98
861.00 816.98
862.00 816.98
863.00 816.98
864.00 816.98
865.00 816.98
866.00 816.98
867.00 816.98
868.00 816.98
869.00 816.98
870.00 816.98
871.00 816.98
872.00 816.98
873.00 816.98
874.00 816.98
875.00 816.98
876.00 816.98
877.00 816.98
878.00 816.98
879.00 816.98
879.98 816.00
880.00 815.98
881.00 815.98
882.00 815.98
883.00 815.98
884.00 815.98
884.98 815.00
885.00 814.98
886.00 814.98
886.98 814.00
887.00 813.98
888.00 813.98
888.98 813.00
889.00 812.98
890.00 812.98
890.98 812.00
891.00 811.98
892.00 811.98
892.98 811.00
893.00 810.98
893.98 810.00
894.00 809.98
895.00 809.98
895.98 809.00
896.00 808.98
897.00 808.98
897.98 808.00
898.00 807.98
898.98 807.00
899.00 806.98
899.98 806.00
900.00 805.98
900.98 805.00
901.00 804.98
901.98 804.00
902.00 803.98
902.98 803.00
903.00 802.98
903.98 802.00
904.00 801.98
904.98 801.00
904.98 800.00
905.00 799.98
905.98 799.00
906.00 798.98
906.98 798.00
907.00 797.98
907.98 797.00
908.00 796.98
908.98 796.00
909.00 795.98
909.98 795.00
909.98 794.00
910.00 793.98
910.98 793.00
910.98 792.00
910.98 791.00
911.00 790.98
911.98 790.00
911.98 789.00
911.98 788.00
912.00 787.98
912.98 787.00

