Contour 0:
153.50 459.00
153.50 458.00
153.50 457.00
153.50 456.00
153.50 455.00
153.50 454.00
153.50 453.00
153.50 452.00
153.50 451.00
153.50 450.00
153.50 449.00
153.50 448.00
153.50 447.00
153.00 446.50
152.50 446.00
152.50 445.00
152.50 444.00
152.50 443.00
152.00 442.50
151.50 442.00
151.50 441.00
151.00 440.50
150.50 440.00
150.50 439.00
150.50 438.00
150.00 437.50
149.50 437.00
149.50 436.00
149.50 435.00
149.00 434.50
148.50 434.00
148.50 433.00
148.50 432.00
148.50 431.00
148.50 430.00
148.00 429.50
147.50 429.00
147.50 428.00
147.50 427.00
147.50 426.00
147.00 425.50
146.50 425.00
146.50 424.00
146.50 423.00
146.50 422.00
146.00 421.50
145.50 421.00
145.50 420.00
145.50 419.00
145.50 418.00
145.00 417.50
144.50 417.00
144.50 416.00
144.00 415.50
143.50 415.00
143.50 414.00
143.00 413.50
142.50 413.00
142.50 412.00
142.00 411.50
141.50 411.00
141.00 410.50
140.50 410.00
140.50 409.00
140.00 408.50
139.50 408.00
139.00 407.50
138.50 407.00
138.00 406.50
137.50 406.00
137.00 405.50
136.50 405.00
136.50 404.00
136.00 403.50
135.50 403.00
135.00 402.50
134.50 402.00
134.00 401.50
133.50 401.00
133.00 400.50
132.50 400.00
132.00 399.50
131.00 399.50
130.50 399.00
130.00 398.50
129.50 398.00
129.00 397.50
128.00 397.50
127.50 397.00
127.00 396.50
126.00 396.50
125.00 396.50
124.50 396.00
124.00 395.50
123.00 395.50
122.00 395.50
121.50 395.00
121.00 394.50
120.00 394.50
119.00 394.50
118.00 394.50
117.00 394.50
116.00 394.50
115.50 394.00
115.00 393.50
114.00 393.50
113.50 393.00
113.00 392.50
112.75 392.00
112.75 391.00
113.00 390.75
113.75 390.00
113.75 389.00
114.00 388.75
114.75 388.00
114.75 387.00
115.00 386.75
115.75 386.00
115.75 385.00
116.00 384.75
116.75 384.00
116.75 383.00
116.75 382.00
116.75 381.00
116.75 380.00
116.75 379.00
116.75 378.00
116.75 377.00
116.75 376.00
116.75 375.00
116.75 374.00
116.75 373.00
116.00 372.25
115.75 372.00
115.75 371.00
115.75 370.00
115.00 369.25
114.75 369.00
114.75 368.00
114.00 367.25
113.75 367.00
113.75 366.00
113.00 365.25
112.75 365.00
112.75 364.00
112.00 363.25
111.75 363.00
111.75 362.00
111.00 361.25
110.75 361.00
110.00 360.25
109.75 360.00
109.00 359.25
108.75 359.00
108.00 358.25
107.75 358.00
107.00 357.25
106.75 357.00
106.00 356.25
105.75 356.00
105.00 355.25
104.75 355.00
104.00 354.25
103.00 354.25
102.75 354.00
102.00 353.25
101.00 353.25
100.75 353.00
100.00 352.25
99.00 352.25
98.75 352.00
98.00 351.25
97.00 351.25
96.00 351.25
95.75 351.00
95.00 350.25
94.00 350.25
93.00 350.25
92.75 350.00
92.00 349.25
91.00 349.25
90.00 349.25
89.75 349.00
89.00 348.25
88.00 348.25
87.00 348.25
86.25 349.00
86.00 349.25
85.00 349.25
84.00 349.25
83.25 350.00
83.00 350.25
82.00 350.25
81.25 351.00
81.00 351.25
80.00 351.25
79.25 352.00
79.00 352.25
78.25 353.00
78.00 353.25
77.25 354.00
77.00 354.25
76.00 354.25
75.25 355.00
75.00 355.25
74.25 356.00
74.25 357.00
74.00 357.25
73.25 358.00
73.00 358.25
72.25 359.00
72.25 360.00
72.00 360.25
71.25 361.00
71.25 362.00
71.25 363.00
71.25 364.00
71.25 365.00
71.25 366.00
71.25 367.00
71.25 368.00
71.25 369.00
72.00 369.75
72.25 370.00
72.25 371.00
72.25 372.00
72.25 373.00
73.00 373.75
73.25 374.00
73.25 375.00
74.00 375.75
74.25 376.00
74.25 377.00
75.00 377.75
75.25 378.00
76.00 378.75
76.25 379.00
76.25 380.00
77.00 380.75
77.25 381.00
78.00 381.75
78.25 382.00
79.00 382.75
79.25 383.00
80.00 383.75
80.25 384.00
81.00 384.75
81.25 385.00
81.25 386.00
81.00 386.50
80.00 386.50
79.50 387.00
79.00 387.50
78.00 387.50
77.00 387.50
76.00 387.50
75.00 387.50
74.00 387.50
73.50 388.00
73.00 388.50
72.00 388.50
71.00 388.50
70.50 389.00
70.00 389.50
69.00 389.50
68.50 390.00
68.00 390.50
67.50 391.00
67.00 391.50
66.00 391.50
65.50 392.00
65.00 392.50
64.50 393.00
64.00 393.50
63.50 394.00
63.00 394.50
62.50 395.00
62.50 396.00
62.00 396.50
61.50 397.00
61.50 398.00
61.00 398.50
60.50 399.00
60.50 400.00
60.00 400.50
59.50 401.00
59.50 402.00
59.50 403.00
59.00 403.50
58.50 404.00
58.50 405.00
58.50 406.00
58.50 407.00
58.50 408.00
58.50 409.00
58.50 410.00
58.00 410.50
57.50 411.00
57.50 412.00
58.00 412.50
58.50 413.00
58.50 414.00
58.50 415.00
58.50 416.00
58.50 417.00
58.50 418.00
59.00 418.50
59.50 419.00
59.50 420.00
59.50 421.00
59.50 422.00
59.50 423.00
60.00 423.50
60.50 424.00
60.50 425.00
60.50 426.00
61.00 426.50
61.50 427.00
61.50 428.00
62.00 428.50
62.50 429.00
62.50 430.00
62.50 431.00
63.00 431.50
63.50 432.00
63.50 433.00
63.50 434.00
63.50 435.00
64.00 435.50
64.50 436.00
64.50 437.00
64.50 438.00
64.50 439.00
64.50 440.00
64.50 441.00
64.50 442.00
64.50 443.00
65.00 443.50
65.50 444.00
65.50 445.00
65.50 446.00
65.50 447.00
66.00 447.50
66.50 448.00
66.50 449.00
67.00 449.50
67.50 450.00
67.50 451.00
68.00 451.50
68.50 452.00
68.50 453.00
69.00 453.50
69.50 454.00
70.00 454.50
70.50 455.00
70.50 456.00
71.00 456.50
71.50 457.00
72.00 457.50
72.50 458.00
73.00 458.50
73.50 459.00
74.00 459.50
74.50 460.00
74.50 461.00
75.00 461.50
75.50 462.00
76.00 462.50
76.50 463.00
77.00 463.50
77.50 464.00
78.00 464.50
79.00 464.50
79.50 465.00
80.00 465.50
80.50 466.00
81.00 466.50
81.50 467.00
82.00 467.50
82.50 468.00
83.00 468.50
83.50 469.00
84.00 469.50
85.00 469.50
85.50 470.00
86.00 470.50
86.50 471.00
87.00 471.50
87.50 472.00
88.00 472.50
88.50 473.00
89.00 473.50
90.00 473.50
90.50 474.00
91.00 474.50
91.50 475.00
92.00 475.50
92.50 476.00
93.00 476.50
94.00 476.50
94.50 477.00
95.00 477.50
95.50 478.00
96.00 478.50
97.00 478.50
97.50 479.00
98.00 479.50
99.00 479.50
99.50 480.00
100.00 480.50
101.00 480.50
101.50 481.00
102.00 481.50
103.00 481.50
103.50 482.00
104.00 482.50
105.00 482.50
106.00 482.50
106.50 483.00
107.00 483.50
108.00 483.50
108.50 484.00
109.00 484.50
110.00 484.50
111.00 484.50
112.00 484.50
112.50 485.00
113.00 485.50
114.00 485.50
115.00 485.50
116.00 485.50
117.00 485.50
118.00 485.50
119.00 485.50
120.00 485.50
121.00 485.50
122.00 485.50
123.00 485.50
124.00 485.50
125.00 485.50
125.50 485.00
126.00 484.50
127.00 484.50
128.00 484.50
128.50 484.00
129.00 483.50
130.00 483.50
130.50 483.00
131.00 482.50
132.00 482.50
132.50 482.00
133.00 481.50
133.50 481.00
134.00 480.50
134.50 480.00
135.00 479.50
135.50 479.00
136.00 478.50
137.00 478.50
137.50 478.00
138.00 477.50
138.50 477.00
138.50 476.00
139.00 475.50
140.00 475.50
140.50 475.00
141.00 474.50
141.50 474.00
142.00 473.50
142.50 473.00
143.00 472.50
143.50 472.00
144.00 471.50
144.50 471.00
145.00 470.50
145.50 470.00
146.00 469.50
146.50 469.00
147.00 468.50
147.50 468.00
148.00 467.50
148.50 467.00
149.00 466.50
149.50 466.00
149.50 465.00
150.00 464.50
150.50 464.00
151.00 463.50
151.50 463.00
151.50 462.00
152.00 461.50
152.50 461.00
152.50 460.00
153.00 459.50
153.50 459.00

Contour 1:
147.83 91.00
147.83 90.00
147.83 89.00
147.83 88.00
147.83 87.00
147.83 86.00
147.83 85.00
147.83 84.00
147.83 83.00
147.83 82.00
147.00 81.17
146.83 81.00
146.83 80.00
146.83 79.00
146.00 78.17
145.83 78.00
145.83 77.00
145.00 76.17
144.83 76.00
144.83 75.00
144.00 74.17
143.83 74.00
143.83 73.00
143.00 72.17
142.83 72.00
142.00 71.17
141.83 71.00
141.00 70.17
140.83 70.00
140.83 69.00
140.00 68.17
139.83 68.00
139.83 67.00
139.00 66.17
138.83 66.00
138.00 65.17
137.83 65.00
137.00 64.17
136.83 64.00
136.00 63.17
135.83 63.00
135.83 62.00
135.00 61.17
134.83 61.00
134.00 60.17
133.83 60.00
133.00 59.17
132.00 59.17
131.83 59.00
131.00 58.17
130.83 58.00
130.00 57.17
129.00 57.17
128.83 57.00
128.00 56.17
127.00 56.17
126.00 56.17
125.83 56.00
125.00 55.17
124.00 55.17
123.00 55.17
122.00 55.17
121.00 55.17
120.00 55.17
119.00 55.17
118.00 55.17
117.17 56.00
117.00 56.17
116.00 56.17
115.00 56.17
114.17 57.00
114.00 57.17
113.00 57.17
112.00 57.17
111.17 58.00
111.00 58.17
110.00 58.17
109.17 59.00
109.00 59.17
108.00 59.17
107.17 60.00
107.00 60.17
106.00 60.17
105.17 61.00
105.00 61.17
104.00 61.17
103.17 62.00
103.00 62.17
102.17 63.00
102.00 63.17
101.17 64.00
101.00 64.17
100.17 65.00
100.00 65.17
99.17 66.00
99.00 66.17
98.17 67.00
98.00 67.17
97.17 68.00
97.00 68.17
96.17 69.00
96.17 70.00
96.00 70.17
95.17 71.00
95.00 71.17
94.17 72.00
94.17 73.00
94.00 73.17
93.17 74.00
93.17 75.00
93.00 75.17
92.17 76.00
92.17 77.00
92.17 78.00
92.17 79.00
92.17 80.00
92.17 81.00
92.17 82.00
92.17 83.00
92.17 84.00
92.17 85.00
92.17 86.00
92.17 87.00
92.17 88.00
92.17 89.00
93.00 89.83
93.17 90.00
93.17 91.00
93.17 92.00
94.00 92.83
94.17 93.00
94.17 94.00
95.00 94.83
95.17 95.00
96.00 95.83
96.17 96.00
97.00 96.83
97.17 97.00
98.00 97.83
98.17 98.00
99.00 98.83
99.17 99.00
100.00 99.83
101.00 99.83
101.17 100.00
102.00 100.83
102.17 101.00
103.00 101.83
104.00 101.83
104.17 102.00
105.00 102.83
106.00 102.83
106.17 103.00
107.00 103.83
108.00 103.83
109.00 103.83
109.17 104.00
110.00 104.83
111.00 104.83
112.00 104.83
112.17 105.00
113.00 105.83
114.00 105.83
115.00 105.83
115.17 106.00
116.00 106.83
117.00 106.83
118.00 106.83
119.00 106.83
120.00 106.83
121.00 106.83
122.00 106.83
123.00 106.83
124.00 106.83
125.00 106.83
126.00 106.83
127.00 106.83
128.00 106.83
129.00 106.83
130.00 106.83
131.00 106.83
132.00 106.83
132.83 106.00
133.00 105.83
134.00 105.83
135.00 105.83
135.83 105.00
136.00 104.83
137.00 104.83
137.83 104.00
138.00 103.83
138.83 103.00
139.00 102.83
139.83 102.00
140.00 101.83
140.83 101.00
141.00 100.83
141.83 100.00
142.00 99.83
142.83 99.00
143.00 98.83
143.83 98.00
144.00 97.83
144.83 97.00
144.83 96.00
145.00 95.83
145.83 95.00
145.83 94.00
146.00 93.83
146.83 93.00
146.83 92.00
147.00 91.83
147.83 91.00

Contour 2:
216.88 433.00
216.88 432.00
216.88 431.00
216.88 430.00
216.88 429.00
216.88 428.00
216.88 427.00
216.88 426.00
216.88 425.00
216.88 424.00
216.88 423.00
216.88 422.00
216.88 421.00
216.88 420.00
216.88 419.00
216.00 418.12
215.88 418.00
215.88 417.00
215.88 416.00
215.88 415.00
215.00 414.12
214.88 414.00
214.88 413.00
214.00 412.12
213.88 412.00
213.88 411.00
213.00 410.12
212.88 410.00
212.00 409.12
211.88 409.00
211.88 408.00
211.00 407.12
210.88 407.00
210.00 406.12
209.88 406.00
209.00 405.12
208.88 405.00
208.88 404.00
208.00 403.12
207.88 403.00
207.00 402.12
206.88 402.00
206.00 401.12
205.88 401.00
205.00 400.12
204.88 400.00
204.00 399.12
203.00 399.12
202.88 399.00
202.00 398.12
201.00 398.12
200.88 398.00
200.00 397.12
199.88 397.00
199.00 396.12
198.00 396.12
197.88 396.00
197.00 395.12
196.00 395.12
195.88 395.00
195.00 394.12
194.00 394.12
193.88 394.00
193.00 393.12
192.00 393.12
191.00 393.12
190.88 393.00
190.00 392.12
189.00 392.12
188.00 392.12
187.00 392.12
186.00 392.12
185.00 392.12
184.00 392.12
183.00 392.12
182.00 392.12
181.00 392.12
180.12 393.00
180.00 393.12
179.00 393.12
178.00 393.12
177.12 394.00
177.00 394.12
176.00 394.12
175.00 394.12
174.12 395.00
174.00 395.12
173.00 395.12
172.00 395.12
171.12 396.00
171.00 396.12
170.00 396.12
169.12 397.00
169.00 397.12
168.12 398.00
168.00 398.12
167.00 398.12
166.12 399.00
166.00 399.12
165.12 400.00
165.00 400.12
164.12 401.00
164.00 401.12
163.12 402.00
163.00 402.12
162.12 403.00
162.00 403.12
161.12 404.00
161.00 404.12
160.12 405.00
160.12 406.00
160.00 406.12
159.12 407.00
159.12 408.00
159.00 408.12
158.12 409.00
158.12 410.00
158.12 411.00
158.00 411.12
157.12 412.00
157.12 413.00
157.12 414.00
157.12 415.00
157.12 416.00
157.12 417.00
157.12 418.00
157.12 419.00
157.12 420.00
157.12 421.00
157.12 422.00
157.12 423.00
157.12 424.00
157.12 425.00
158.00 425.88
158.12 426.00
158.12 427.00
158.12 428.00
158.12 429.00
159.00 429.88
159.12 430.00
159.12 431.00
159.12 432.00
159.12 433.00
160.00 433.88
160.12 434.00
160.12 435.00
161.00 435.88
161.12 436.00
161.12 437.00
161.12 438.00
162.00 438.88
162.12 439.00
162.12 440.00
163.00 440.88
163.12 441.00
163.12 442.00
164.00 442.88
164.12 443.00
165.00 443.88
165.12 444.00
165.12 445.00
166.00 445.88
166.12 446.00
167.00 446.88
167.12 447.00
168.00 447.88
168.12 448.00
169.00 448.88
169.12 449.00
170.00 449.88
170.12 450.00
171.00 450.88
172.00 450.88
172.12 451.00
173.00 451.88
173.12 452.00
174.00 452.88
175.00 452.88
175.12 453.00
176.00 453.88
177.00 453.88
177.12 454.00
178.00 454.88
179.00 454.88
180.00 454.88
180.12 455.00
181.00 455.88
182.00 455.88
183.00 455.88
184.00 455.88
185.00 455.88
185.12 456.00
186.00 456.88
187.00 456.88
188.00 456.88
189.00 456.88
190.00 456.88
191.00 456.88
192.00 456.88
193.00 456.88
193.88 456.00
194.00 455.88
195.00 455.88
196.00 455.88
197.00 455.88
198.00 455.88
198.88 455.00
199.00 454.88
200.00 454.88
201.00 454.88
201.88 454.00
202.00 453.88
203.00 453.88
203.88 453.00
204.00 452.88
204.88 452.00
205.00 451.88
206.00 451.88
206.88 451.00
207.00 450.88
207.88 450.00
208.00 449.88
208.88 449.00
209.00 448.88
209.88 448.00
210.00 447.88
210.88 447.00
211.00 446.88
211.88 446.00
211.88 445.00
212.00 444.88
212.88 444.00
212.88 443.00
213.00 442.88
213.88 442.00
213.88 441.00
214.00 440.88
214.88 440.00
214.88 439.00
214.88 438.00
215.00 437.88
215.88 437.00
215.88 436.00
215.88 435.00
215.88 434.00
216.00 433.88
216.88 433.00

Contour 3:
293.90 854.00
293.00 853.10
292.90 853.00
293.00 852.90
293.90 852.00
293.90 851.00
293.90 850.00
293.90 849.00
293.90 848.00
293.90 847.00
293.90 846.00
293.00 845.10
292.90 845.00
292.90 844.00
292.00 843.10
291.90 843.00
291.90 842.00
291.00 841.10
290.90 841.00
290.90 840.00
290.90 839.00
290.00 838.10
289.90 838.00
289.90 837.00
289.00 836.10
288.90 836.00
288.90 835.00
288.00 834.10
287.90 834.00
287.90 833.00
287.00 832.10
286.90 832.00
286.90 831.00
286.00 830.10
285.90 830.00
285.90 829.00
285.00 828.10
284.90 828.00
284.90 827.00
284.00 826.10
283.90 826.00
283.00 825.10
282.90 825.00
282.00 824.10
281.90 824.00
281.00 823.10
280.90 823.00
280.00 822.10
279.90 822.00
279.00 821.10
278.90 821.00
278.00 820.10
277.90 820.00
277.00 819.10
276.90 819.00
276.90 818.00
276.00 817.10
275.90 817.00
275.00 816.10
274.90 816.00
274.90 815.00
274.00 814.10
273.90 814.00
273.00 813.10
272.90 813.00
272.00 812.10
271.90 812.00
271.00 811.10
270.90 811.00
270.00 810.10
269.90 810.00
269.00 809.10
268.90 809.00
268.90 808.00
268.00 807.10
267.90 807.00
267.00 806.10
266.90 806.00
266.00 805.10
265.90 805.00
265.00 804.10
264.00 804.10
263.90 804.00
263.00 803.10
262.90 803.00
262.00 802.10
261.90 802.00
261.00 801.10
260.90 801.00
260.00 800.10
259.00 800.10
258.90 800.00
258.00 799.10
257.00 799.10
256.90 799.00
256.00 798.10
255.90 798.00
255.00 797.10
254.00 797.10
253.00 797.10
252.90 797.00
252.00 796.10
251.00 796.10
250.00 796.10
249.00 796.10
248.90 796.00
248.00 795.10
247.00 795.10
246.00 795.10
245.00 795.10
244.90 795.00
244.00 794.10
243.00 794.10
242.00 794.10
241.00 794.10
240.00 794.10
239.00 794.10
238.00 794.10
237.00 794.10
236.00 794.10
235.00 794.10
234.00 794.10
233.00 794.10
232.00 794.10
231.10 795.00
231.00 795.10
230.00 795.10
229.00 795.10
228.00 795.10
227.00 795.10
226.00 795.10
225.00 795.10
224.10 796.00
224.00 796.10
223.00 796.10
222.00 796.10
221.00 796.10
220.00 796.10
219.00 796.10
218.10 797.00
218.00 797.10
217.00 797.10
216.00 797.10
215.10 798.00
215.00 798.10
214.00 798.10
213.10 799.00
213.00 799.10
212.00 799.10
211.10 800.00
211.00 800.10
210.10 801.00
210.00 801.10
209.00 801.10
208.10 802.00
208.00 802.10
207.10 803.00
207.00 803.10
206.10 804.00
206.00 804.10
205.10 805.00
205.00 805.10
204.10 806.00
204.00 806.10
203.10 807.00
203.10 808.00
203.00 808.10
202.10 809.00
202.10 810.00
202.00 810.10
201.10 811.00
201.10 812.00
201.10 813.00
201.10 814.00
201.00 814.10
200.10 815.00
200.10 816.00
200.10 817.00
200.10 818.00
200.10 819.00
200.10 820.00
200.00 820.10
199.10 821.00
199.10 822.00
199.10 823.00
199.10 824.00
199.10 825.00
199.10 826.00
199.10 827.00
199.10 828.00
199.10 829.00
199.10 830.00
199.10 831.00
199.10 832.00
199.10 833.00
199.10 834.00
199.10 835.00
200.00 835.90
200.10 836.00
200.10 837.00
200.10 838.00
200.10 839.00
201.00 839.90
201.10 840.00
201.10 841.00
201.10 842.00
202.00 842.90
202.10 843.00
202.10 844.00
202.10 845.00
203.00 845.90
203.10 846.00
203.10 847.00
204.00 847.90
204.10 848.00
205.00 848.90
205.10 849.00
205.10 850.00
206.00 850.90
206.10 851.00
206.10 852.00
207.00 852.90
207.10 853.00
207.10 854.00
208.00 854.90
208.10 855.00
208.10 856.00
209.00 856.90
209.10 857.00
209.10 858.00
210.00 858.90
210.10 859.00
210.10 860.00
211.00 860.90
211.10 861.00
211.10 862.00
212.00 862.90
212.10 863.00
212.10 864.00
213.00 864.90
213.10 865.00
214.00 865.90
214.10 866.00
214.10 867.00
215.00 867.90
215.10 868.00
216.00 868.90
216.10 869.00
217.00 869.90
217.10 870.00
218.00 870.90
218.10 871.00
219.00 871.90
219.10 872.00
220.00 872.90
220.10 873.00
221.00 873.90
221.10 874.00
222.00 874.90
222.10 875.00
223.00 875.90
223.10 876.00
224.00 876.90
224.10 877.00
225.00 877.90
226.00 877.90
226.10 878.00
227.00 878.90
228.00 878.90
228.10 879.00
229.00 879.90
230.00 879.90
230.10 880.00
231.00 880.90
232.00 880.90
232.10 881.00
233.00 881.90
234.00 881.90
234.10 882.00
235.00 882.90
236.00 882.90
236.10 883.00
237.00 883.90
238.00 883.90
238.10 884.00
239.00 884.90
240.00 884.90
241.00 884.90
241.10 885.00
242.00 885.90
243.00 885.90
244.00 885.90
244.10 886.00
245.00 886.90
246.00 886.90
247.00 886.90
248.00 886.90
249.00 886.90
249.10 887.00
250.00 887.90
251.00 887.90
252.00 887.90
253.00 887.90
254.00 887.90
255.00 887.90
256.00 887.90
257.00 887.90
258.00 887.90
259.00 887.90
260.00 887.90
261.00 887.90
261.90 887.00
262.00 886.90
263.00 886.90
264.00 886.90
265.00 886.90
266.00 886.90
267.00 886.90
268.00 886.90
268.90 886.00
269.00 885.90
270.00 885.90
271.00 885.90
271.90 885.00
272.00 884.90
273.00 884.90
274.00 884.90
274.90 884.00
275.00 883.90
276.00 883.90
277.00 883.90
277.90 883.00
278.00 882.90
279.00 882.90
279.90 882.00
280.00 881.90
280.90 881.00
281.00 880.90
281.90 880.00
282.00 879.90
282.90 879.00
283.00 878.90
283.90 878.00
284.00 877.90
284.90 877.00
285.00 876.90
285.90 876.00
285.90 875.00
285.90 874.00
286.00 873.90
286.90 873.00
287.00 872.90
287.90 872.00
287.90 871.00
288.00 870.90
288.90 870.00
288.90 869.00
289.00 868.90
289.90 868.00
290.00 867.90
290.90 867.00
290.90 866.00
290.90 865.00
291.00 864.90
291.90 864.00
291.90 863.00
291.90 862.00
291.90 861.00
292.00 860.90
292.90 860.00
292.90 859.00
292.90 858.00
292.90 857.00
292.90 856.00
292.90 855.00
293.00 854.90
293.90 854.00

Contour 4:
279.92 448.00
279.92 447.00
279.92 446.00
279.92 445.00
279.92 444.00
279.92 443.00
279.92 442.00
279.92 441.00
279.92 440.00
279.92 439.00
279.92 438.00
279.92 437.00
279.92 436.00
279.92 435.00
279.92 434.00
279.92 433.00
279.00 432.08
278.92 432.00
278.92 431.00
278.00 430.08
277.92 430.00
277.00 429.08
276.92 429.00
276.00 428.08
275.92 428.00
275.00 427.08
274.92 427.00
274.00 426.08
273.92 426.00
273.00 425.08
272.00 425.08
271.92 425.00
271.00 424.08
270.92 424.00
270.00 423.08
269.00 423.08
268.92 423.00
268.00 422.08
267.00 422.08
266.92 422.00
266.00 421.08
265.00 421.08
264.00 421.08
263.92 421.00
263.00 420.08
262.00 420.08
261.00 420.08
260.00 420.08
259.00 420.08
258.00 420.08
257.92 420.00
257.00 419.08
256.00 419.08
255.00 419.08
254.00 419.08
253.00 419.08
252.08 420.00
252.00 420.08
251.00 420.08
250.00 420.08
249.08 421.00
249.00 421.08
248.00 421.08
247.00 421.08
246.08 422.00
246.00 422.08
245.00 422.08
244.00 422.08
243.08 423.00
243.00 423.08
242.00 423.08
241.00 423.08
240.08 424.00
240.00 424.08
239.00 424.08
238.08 425.00
238.00 425.08
237.00 425.08
236.08 426.00
236.00 426.08
235.08 427.00
235.00 427.08
234.00 427.08
233.08 428.00
233.00 428.08
232.08 429.00
232.00 429.08
231.00 429.08
230.08 430.00
230.00 430.08
229.08 431.00
229.00 431.08
228.08 432.00
228.00 432.08
227.08 433.00
227.08 434.00
227.00 434.08
226.08 435.00
226.00 435.08
225.08 436.00
225.08 437.00
225.00 437.08
224.08 438.00
224.08 439.00
224.08 440.00
224.00 440.08
223.08 441.00
223.08 442.00
223.08 443.00
223.08 444.00
223.08 445.00
223.00 445.08
222.08 446.00
222.08 447.00
222.08 448.00
222.08 449.00
223.00 449.92
223.08 450.00
223.08 451.00
223.08 452.00
223.08 453.00
223.08 454.00
224.00 454.92
224.08 455.00
224.08 456.00
225.00 456.92
225.08 457.00
225.08 458.00
226.00 458.92
226.08 459.00
226.08 460.00
227.00 460.92
227.08 461.00
228.00 461.92
228.08 462.00
228.08 463.00
229.00 463.92
229.08 464.00
230.00 464.92
230.08 465.00
231.00 465.92
231.08 466.00
232.00 466.92
232.08 467.00
233.00 467.92
234.00 467.92
234.08 468.00
235.00 468.92
235.08 469.00
236.00 469.92
237.00 469.92
237.08 470.00
238.00 470.92
239.00 470.92
239.08 471.00
240.00 471.92
241.00 471.92
241.08 472.00
242.00 472.92
243.00 472.92
244.00 472.92
245.00 472.92
246.00 472.92
246.08 473.00
247.00 473.92
248.00 473.92
249.00 473.92
250.00 473.92
251.00 473.92
251.92 473.00
252.00 472.92
253.00 472.92
254.00 472.92
255.00 472.92
256.00 472.92
257.00 472.92
257.92 472.00
258.00 471.92
259.00 471.92
259.92 471.00
260.00 470.92
261.00 470.92
262.00 470.92
262.92 470.00
263.00 469.92
264.00 469.92
264.92 469.00
265.00 468.92
265.92 468.00
266.00 467.92
267.00 467.92
267.92 467.00
268.00 466.92
268.92 466.00
269.00 465.92
269.92 465.00
270.00 464.92
270.92 464.00
271.00 463.92
271.92 463.00
272.00 462.92
272.92 462.00
272.92 461.00
273.00 460.92
273.92 460.00
274.00 459.92
274.92 459.00
274.92 458.00
275.00 457.92
275.92 457.00
276.00 456.92
276.92 456.00
276.92 455.00
277.00 454.92
277.92 454.00
277.92 453.00
277.92 452.00
278.00 451.92
278.92 451.00
278.92 450.00
278.92 449.00
279.00 448.92
279.92 448.00

Contour 5:
302.93 341.00
302.93 340.00
302.93 339.00
302.93 338.00
302.93 337.00
302.93 336.00
302.93 335.00
302.93 334.00
302.93 333.00
302.93 332.00
302.93 331.00
302.93 330.00
302.93 329.00
302.00 328.07
301.93 328.00
301.93 327.00
301.93 326.00
301.00 325.07
300.93 325.00
300.93 324.00
300.00 323.07
299.93 323.00
299.00 322.07
298.93 322.00
298.00 321.07
297.93 321.00
297.93 320.00
297.00 319.07
296.93 319.00
296.00 318.07
295.93 318.00
295.00 317.07
294.93 317.00
294.00 316.07
293.93 316.00
293.00 315.07
292.93 315.00
292.00 314.07
291.93 314.00
291.00 313.07
290.93 313.00
290.00 312.07
289.00 312.07
288.93 312.00
288.00 311.07
287.00 311.07
286.93 311.00
286.00 310.07
285.93 310.00
285.00 309.07
284.00 309.07
283.93 309.00
283.00 308.07
282.00 308.07
281.93 308.00
281.00 307.07
280.00 307.07
279.93 307.00
279.00 306.07
278.00 306.07
277.00 306.07
276.93 306.00
276.00 305.07
275.00 305.07
274.93 305.00
274.00 304.07
273.00 304.07
272.00 304.07
271.93 304.00
271.00 303.07
270.00 303.07
269.00 303.07
268.00 303.07
267.93 303.00
267.00 302.07
266.00 302.07
265.00 302.07
264.00 302.07
263.93 302.00
263.00 301.07
262.00 301.07
261.00 301.07
260.00 301.07
259.00 301.07
258.00 301.07
257.00 301.07
256.00 301.07
255.00 301.07
254.00 301.07
253.00 301.07
252.00 301.07
251.00 301.07
250.07 302.00
250.00 302.07
249.00 302.07
248.00 302.07
247.00 302.07
246.00 302.07
245.00 302.07
244.07 303.00
244.00 303.07
243.00 303.07
242.00 303.07
241.07 304.00
241.00 304.07
240.00 304.07
239.07 305.00
239.00 305.07
238.00 305.07
237.07 306.00
237.00 306.07
236.07 307.00
236.00 307.07
235.00 307.07
234.07 308.00
234.00 308.07
233.07 309.00
233.00 309.07
232.07 310.00
232.00 310.07
231.07 311.00
231.07 312.00
231.00 312.07
230.07 313.00
230.00 313.07
229.07 314.00
229.07 315.00
229.07 316.00
229.07 317.00
229.00 317.07
228.07 318.00
228.07 319.00
228.00 319.07
227.07 320.00
227.07 321.00
227.07 322.00
227.07 323.00
227.07 324.00
227.07 325.00
227.07 326.00
227.07 327.00
227.07 328.00
227.07 329.00
227.07 330.00
228.00 330.93
228.07 331.00
228.07 332.00
229.00 332.93
229.07 333.00
229.07 334.00
230.00 334.93
230.07 335.00
230.07 336.00
231.00 336.93
231.07 337.00
232.00 337.93
232.07 338.00
233.00 338.93
233.07 339.00
234.00 339.93
234.07 340.00
235.00 340.93
235.07 341.00
236.00 341.93
236.07 342.00
237.00 342.93
238.00 342.93
238.07 343.00
239.00 343.93
240.00 343.93
240.07 344.00
241.00 344.93
242.00 344.93
242.07 345.00
243.00 345.93
244.00 345.93
245.00 345.93
245.07 346.00
246.00 346.93
247.00 346.93
247.07 347.00
248.00 347.93
249.00 347.93
249.07 348.00
250.00 348.93
251.00 348.93
251.07 349.00
252.00 349.93
253.00 349.93
253.07 350.00
254.00 350.93
255.00 350.93
255.07 351.00
256.00 351.93
257.00 351.93
257.07 352.00
258.00 352.93
259.00 352.93
259.07 353.00
260.00 353.93
261.00 353.93
261.07 354.00
262.00 354.93
262.07 355.00
263.00 355.93
264.00 355.93
264.07 356.00
265.00 356.93
266.00 356.93
266.07 357.00
267.00 357.93
268.00 357.93
269.00 357.93
269.07 358.00
270.00 358.93
271.00 358.93
271.07 359.00
272.00 359.93
273.00 359.93
274.00 359.93
275.00 359.93
275.07 360.00
276.00 360.93
277.00 360.93
278.00 360.93
279.00 360.93
280.00 360.93
281.00 360.93
282.00 360.93
283.00 360.93
284.00 360.93
284.93 360.00
285.00 359.93
286.00 359.93
287.00 359.93
287.93 359.00
288.00 358.93
289.00 358.93
290.00 358.93
290.93 358.00
291.00 357.93
291.93 357.00
292.00 356.93
293.00 356.93
293.93 356.00
294.00 355.93
294.93 355.00
295.00 354.93
295.93 354.00
296.00 353.93
296.93 353.00
297.00 352.93
297.93 352.00
298.00 351.93
298.93 351.00
298.93 350.00
299.00 349.93
299.93 349.00
300.00 348.93
300.93 348.00
300.93 347.00
300.93 346.00
301.00 345.93
301.93 345.00
301.93 344.00
301.93 343.00
301.93 342.00
302.00 341.93
302.93 341.00

Contour 6:
260.94 633.00
260.94 632.00
260.94 631.00
260.94 630.00
260.94 629.00
260.00 628.06
259.94 628.00
259.94 627.00
259.94 626.00
259.00 625.06
258.94 625.00
258.94 624.00
258.00 623.06
257.94 623.00
257.00 622.06
256.94 622.00
256.00 621.06
255.94 621.00
255.00 620.06
254.00 620.06
253.94 620.00
253.00 619.06
252.00 619.06
251.00 619.06
250.94 619.00
250.00 618.06
249.00 618.06
248.00 618.06
247.00 618.06
246.00 618.06
245.00 618.06
244.06 619.00
244.00 619.06
243.00 619.06
242.00 619.06
241.06 620.00
241.00 620.06
240.00 620.06
239.06 621.00
239.00 621.06
238.00 621.06
237.06 622.00
237.00 622.06
236.00 622.06
235.06 623.00
235.00 623.06
234.06 624.00
234.00 624.06
233.06 625.00
233.00 625.06
232.06 626.00
232.00 626.06
231.06 627.00
231.00 627.06
230.06 628.00
230.06 629.00
230.00 629.06
229.06 630.00
229.06 631.00
229.00 631.06
228.06 632.00
228.06 633.00
228.00 633.06
227.06 634.00
227.06 635.00
227.06 636.00
227.06 637.00
227.06 638.00
227.06 639.00
227.06 640.00
227.06 641.00
228.00 641.94
228.06 642.00
228.06 643.00
228.06 644.00
229.00 644.94
229.06 645.00
229.06 646.00
230.00 646.94
230.06 647.00
231.00 647.94
231.06 648.00
232.00 648.94
233.00 648.94
233.06 649.00
234.00 649.94
235.00 649.94
235.06 650.00
236.00 650.94
237.00 650.94
238.00 650.94
239.00 650.94
240.00 650.94
241.00 650.94
242.00 650.94
243.00 650.94
244.00 650.94
245.00 650.94
245.94 650.00
246.00 649.94
247.00 649.94
247.94 649.00
248.00 648.94
249.00 648.94
249.94 648.00
250.00 647.94
250.94 647.00
251.00 646.94
251.94 646.00
252.00 645.94
252.94 645.00
253.00 644.94
253.94 644.00
253.94 643.00
254.00 642.94
254.94 642.00
255.00 641.94
255.94 641.00
256.00 640.94
256.94 640.00
257.00 639.94
257.94 639.00
257.94 638.00
258.00 637.94
258.94 637.00
258.94 636.00
259.00 635.94
259.94 635.00
259.94 634.00
260.00 633.94
260.94 633.00

Contour 7:
350.94 532.00
350.94 531.00
350.94 530.00
350.94 529.00
350.94 528.00
350.94 527.00
350.94 526.00
350.94 525.00
350.94 524.00
350.94 523.00
350.94 522.00
350.00 521.06
349.94 521.00
349.94 520.00
349.94 519.00
349.94 518.00
349.00 517.06
348.94 517.00
348.94 516.00
348.94 515.00
348.94 514.00
348.00 513.06
347.94 513.00
347.94 512.00
347.00 511.06
346.94 511.00
346.94 510.00
346.00 509.06
345.94 509.00
345.94 508.00
345.00 507.06
344.94 507.00
344.00 506.06
343.94 506.00
343.00 505.06
342.94 505.00
342.94 504.00
342.00 503.06
341.94 503.00
341.00 502.06
340.00 502.06
339.94 502.00
339.00 501.06
338.94 501.00
338.00 500.06
337.94 500.00
337.00 499.06
336.94 499.00
336.00 498.06
335.94 498.00
335.00 497.06
334.94 497.00
334.00 496.06
333.00 496.06
332.94 496.00
332.00 495.06
331.94 495.00
331.00 494.06
330.94 494.00
330.00 493.06
329.00 493.06
328.94 493.00
328.00 492.06
327.00 492.06
326.94 492.00
326.00 491.06
325.00 491.06
324.94 491.00
324.00 490.06
323.00 490.06
322.00 490.06
321.94 490.00
321.00 489.06
320.00 489.06
319.00 489.06
318.00 489.06
317.00 489.06
316.00 489.06
315.00 489.06
314.00 489.06
313.00 489.06
312.00 489.06
311.00 489.06
310.00 489.06
309.06 490.00
309.00 490.06
308.00 490.06
307.00 490.06
306.00 490.06
305.00 490.06
304.06 491.00
304.00 491.06
303.00 491.06
302.06 492.00
302.00 492.06
301.00 492.06
300.06 493.00
300.00 493.06
299.06 494.00
299.00 494.06
298.00 494.06
297.06 495.00
297.00 495.06
296.06 496.00
296.06 497.00
296.00 497.06
295.06 498.00
295.00 498.06
294.06 499.00
294.06 500.00
294.00 500.06
293.06 501.00
293.06 502.00
293.00 502.06
292.06 503.00
292.06 504.00
292.06 505.00
292.06 506.00
292.06 507.00
292.06 508.00
292.06 509.00
292.00 509.06
291.06 510.00
292.00 510.94
292.06 511.00
292.06 512.00
292.06 513.00
292.06 514.00
292.06 515.00
292.06 516.00
292.06 517.00
292.06 518.00
292.06 519.00
293.00 519.94
293.06 520.00
293.06 521.00
293.06 522.00
294.00 522.94
294.06 523.00
294.06 524.00
294.06 525.00
295.00 525.94
295.06 526.00
295.06 527.00
296.00 527.94
296.06 528.00
296.06 529.00
297.00 529.94
297.06 530.00
297.06 531.00
298.00 531.94
298.06 532.00
299.00 532.94
299.06 533.00
300.00 533.94
300.06 534.00
300.06 535.00
301.00 535.94
301.06 536.00
302.00 536.94
302.06 537.00
303.00 537.94
303.06 538.00
304.00 538.94
304.06 539.00
305.00 539.94
305.06 540.00
306.00 540.94
306.06 541.00
307.00 541.94
307.06 542.00
308.00 542.94
309.00 542.94
309.06 543.00
310.00 543.94
310.06 544.00
311.00 544.94
311.06 545.00
312.00 545.94
313.00 545.94
313.06 546.00
314.00 546.94
315.00 546.94
315.06 547.00
316.00 547.94
317.00 547.94
317.06 548.00
318.00 548.94
319.00 548.94
320.00 548.94
320.06 549.00
321.00 549.94
322.00 549.94
323.00 549.94
324.00 549.94
325.00 549.94
326.00 549.94
327.00 549.94
328.00 549.94
328.06 550.00
329.00 550.94
330.00 550.94
331.00 550.94
332.00 550.94
332.94 550.00
333.00 549.94
334.00 549.94
335.00 549.94
336.00 549.94
337.00 549.94
337.94 549.00
338.00 548.94
339.00 548.94
339.94 548.00
340.00 547.94
341.00 547.94
341.94 547.00
342.00 546.94
342.94 546.00
343.00 545.94
343.94 545.00
344.00 544.94
344.94 544.00
345.00 543.94
345.94 543.00
345.94 542.00
346.00 541.94
346.94 541.00
347.00 540.94
347.94 540.00
347.94 539.00
348.00 538.94
348.94 538.00
348.94 537.00
348.94 536.00
349.00 535.94
349.94 535.00
349.94 534.00
349.94 533.00
350.00 532.94
350.94 532.00

Contour 8:
378.95 597.00
378.95 596.00
378.95 595.00
378.95 594.00
378.95 593.00
378.95 592.00
378.95 591.00
378.95 590.00
378.95 589.00
378.00 588.05
377.95 588.00
377.95 587.00
377.95 586.00
377.00 585.05
376.95 585.00
376.95 584.00
376.95 583.00
376.00 582.05
375.95 582.00
375.95 581.00
375.00 580.05
374.95 580.00
374.95 579.00
374.00 578.05
373.95 578.00
373.00 577.05
372.95 577.00
372.00 576.05
371.95 576.00
371.95 575.00
371.00 574.05
370.95 574.00
370.00 573.05
369.95 573.00
369.00 572.05
368.95 572.00
368.00 571.05
367.95 571.00
367.00 570.05
366.95 570.00
366.00 569.05
365.95 569.00
365.00 568.05
364.95 568.00
364.00 567.05
363.95 567.00
363.00 566.05
362.95 566.00
362.00 565.05
361.95 565.00
361.00 564.05
360.95 564.00
360.00 563.05
359.00 563.05
358.95 563.00
358.00 562.05
357.95 562.00
357.00 561.05
356.95 561.00
356.00 560.05
355.00 560.05
354.95 560.00
354.00 559.05
353.00 559.05
352.00 559.05
351.95 559.00
351.00 558.05
350.00 558.05
349.00 558.05
348.00 558.05
347.00 558.05
346.00 558.05
345.00 558.05
344.00 558.05
343.00 558.05
342.00 558.05
341.05 559.00
341.00 559.05
340.00 559.05
339.00 559.05
338.00 559.05
337.05 560.00
337.00 560.05
336.00 560.05
335.00 560.05
334.00 560.05
333.05 561.00
333.00 561.05
332.00 561.05
331.00 561.05
330.00 561.05
329.05 562.00
329.00 562.05
328.00 562.05
327.00 562.05
326.05 563.00
326.00 563.05
325.00 563.05
324.00 563.05
323.05 564.00
323.00 564.05
322.00 564.05
321.00 564.05
320.05 565.00
320.00 565.05
319.05 566.00
319.00 566.05
318.00 566.05
317.05 567.00
317.00 567.05
316.05 568.00
316.00 568.05
315.05 569.00
315.00 569.05
314.05 570.00
314.00 570.05
313.05 571.00
313.00 571.05
312.05 572.00
312.00 572.05
311.05 573.00
311.05 574.00
311.00 574.05
310.05 575.00
310.00 575.05
309.05 576.00
309.05 577.00
309.00 577.05
308.05 578.00
308.05 579.00
308.00 579.05
307.05 580.00
307.05 581.00
307.00 581.05
306.05 582.00
306.05 583.00
306.05 584.00
306.05 585.00
306.00 585.05
305.05 586.00
305.05 587.00
305.05 588.00
305.05 589.00
305.05 590.00
305.05 591.00
305.00 591.05
304.05 592.00
305.00 592.95
305.05 593.00
305.05 594.00
305.05 595.00
305.05 596.00
305.05 597.00
305.05 598.00
305.05 599.00
306.00 599.95
306.05 600.00
306.05 601.00
306.05 602.00
306.05 603.00
307.00 603.95
307.05 604.00
307.05 605.00
308.00 605.95
308.05 606.00
308.05 607.00
309.00 607.95
309.05 608.00
309.05 609.00
310.00 609.95
310.05 610.00
311.00 610.95
311.05 611.00
311.05 612.00
312.00 612.95
312.05 613.00
313.00 613.95
313.05 614.00
314.00 614.95
314.05 615.00
315.00 615.95
315.05 616.00
316.00 616.95
316.05 617.00
317.00 617.95
318.00 617.95
318.05 618.00
319.00 618.95
319.05 619.00
320.00 619.95
320.05 620.00
321.00 620.95
322.00 620.95
322.05 621.00
323.00 621.95
324.00 621.95
324.05 622.00
325.00 622.95
326.00 622.95
326.05 623.00
327.00 623.95
328.00 623.95
328.05 624.00
329.00 624.95
330.00 624.95
331.00 624.95
332.00 624.95
332.05 625.00
333.00 625.95
334.00 625.95
335.00 625.95
336.00 625.95
337.00 625.95
338.00 625.95
339.00 625.95
340.00 625.95
341.00 625.95
342.00 625.95
343.00 625.95
343.95 625.00
344.00 624.95
345.00 624.95
346.00 624.95
347.00 624.95
348.00 624.95
349.00 624.95
350.00 624.95
351.00 624.95
351.95 624.00
352.00 623.95
353.00 623.95
354.00 623.95
354.95 623.00
355.00 622.95
356.00 622.95
357.00 622.95
357.95 622.00
358.00 621.95
359.00 621.95
359.95 621.00
360.00 620.95
360.95 620.00
361.00 619.95
362.00 619.95
362.95 619.00
363.00 618.95
363.95 618.00
364.00 617.95
365.00 617.95
365.95 617.00
366.00 616.95
366.95 616.00
367.00 615.95
367.95 615.00
368.00 614.95
368.95 614.00
369.00 613.95
369.95 613.00
370.00 612.95
370.95 612.00
371.00 611.95
371.95 611.00
372.00 610.95
372.95 610.00
373.00 609.95
373.95 609.00
373.95 608.00
374.00 607.95
374.95 607.00
375.00 606.95
375.95 606.00
375.95 605.00
376.00 604.95
376.95 604.00
376.95 603.00
376.95 602.00
377.00 601.95
377.95 601.00
377.95 600.00
377.95 599.00
377.95 598.00
378.00 597.95
378.95 597.00

Contour 9:
387.95 907.00
387.95 906.00
387.95 905.00
387.95 904.00
387.95 903.00
387.95 902.00
387.95 901.00
387.95 900.00
387.95 899.00
387.95 898.00
387.95 897.00
387.95 896.00
387.95 895.00
387.00 894.05
386.95 894.00
386.95 893.00
386.95 892.00
386.00 891.05
385.95 891.00
385.95 890.00
385.95 889.00
385.00 888.05
384.95 888.00
384.95 887.00
384.95 886.00
384.00 885.05
383.95 885.00
383.95 884.00
383.00 883.05
382.95 883.00
382.95 882.00
382.95 881.00
382.00 880.05
381.95 880.00
381.95 879.00
381.00 878.05
380.95 878.00
380.00 877.05
379.95 877.00
379.95 876.00
379.00 875.05
378.95 875.00
378.95 874.00
378.00 873.05
377.95 873.00
377.00 872.05
376.95 872.00
376.00 871.05
375.95 871.00
375.00 870.05
374.95 870.00
374.00 869.05
373.00 869.05
372.95 869.00
372.00 868.05
371.00 868.05
370.95 868.00
370.00 867.05
369.95 867.00
369.00 866.05
368.00 866.05
367.95 866.00
367.00 865.05
366.00 865.05
365.00 865.05
364.95 865.00
364.00 864.05
363.00 864.05
362.00 864.05
361.95 864.00
361.00 863.05
360.00 863.05
359.00 863.05
358.00 863.05
357.00 863.05
356.00 863.05
355.00 863.05
354.05 864.00
354.00 864.05
353.00 864.05
352.00 864.05
351.05 865.00
351.00 865.05
350.00 865.05
349.00 865.05
348.05 866.00
348.00 866.05
347.00 866.05
346.05 867.00
346.00 867.05
345.05 868.00
345.00 868.05
344.05 869.00
344.00 869.05
343.05 870.00
343.00 870.05
342.00 870.05
341.05 871.00
341.00 871.05
340.05 872.00
340.00 872.05
339.05 873.00
339.00 873.05
338.05 874.00
338.05 875.00
338.00 875.05
337.05 876.00
337.00 876.05
336.05 877.00
336.00 877.05
335.05 878.00
335.00 878.05
334.05 879.00
334.05 880.00
334.00 880.05
333.05 881.00
333.05 882.00
333.05 883.00
333.00 883.05
332.05 884.00
332.05 885.00
332.05 886.00
332.00 886.05
331.05 887.00
331.05 888.00
331.05 889.00
331.00 889.05
330.05 890.00
330.05 891.00
330.00 891.05
329.05 892.00
329.05 893.00
329.00 893.05
328.05 894.00
328.05 895.00
328.05 896.00
328.00 896.05
327.05 897.00
327.05 898.00
327.05 899.00
327.05 900.00
327.00 900.05
326.05 901.00
326.05 902.00
326.05 903.00
326.05 904.00
326.05 905.00
326.05 906.00
326.05 907.00
326.00 907.05
325.05 908.00
325.05 909.00
325.05 910.00
325.05 911.00
325.05 912.00
325.05 913.00
325.05 914.00
325.05 915.00
325.05 916.00
325.05 917.00
326.00 917.95
326.05 918.00
326.05 919.00
326.05 920.00
326.05 921.00
327.00 921.95
327.05 922.00
327.05 923.00
328.00 923.95
328.05 924.00
328.05 925.00
329.00 925.95
329.05 926.00
329.05 927.00
330.00 927.95
330.05 928.00
331.00 928.95
331.05 929.00
332.00 929.95
332.05 930.00
333.00 930.95
333.05 931.00
334.00 931.95
334.05 932.00
335.00 932.95
335.05 933.00
336.00 933.95
336.05 934.00
337.00 934.95
338.00 934.95
338.05 935.00
339.00 935.95
339.05 936.00
340.00 936.95
341.00 936.95
341.05 937.00
342.00 937.95
343.00 937.95
344.00 937.95
344.05 938.00
345.00 938.95
346.00 938.95
347.00 938.95
348.00 938.95
349.00 938.95
350.00 938.95
350.05 939.00
351.00 939.95
351.95 939.00
352.00 938.95
353.00 938.95
354.00 938.95
355.00 938.95
356.00 938.95
357.00 938.95
358.00 938.95
359.00 938.95
360.00 938.95
361.00 938.95
362.00 938.95
363.00 938.95
364.00 938.95
364.95 938.00
365.00 937.95
366.00 937.95
367.00 937.95
367.95 937.00
368.00 936.95
369.00 936.95
370.00 936.95
370.95 936.00
371.00 935.95
372.00 935.95
372.95 935.00
373.00 934.95
373.95 934.00
374.00 933.95
375.00 933.95
375.95 933.00
376.00 932.95
376.95 932.00
377.00 931.95
377.95 931.00
378.00 930.95
378.95 930.00
378.95 929.00
379.00 928.95
379.95 928.00
380.00 927.95
380.95 927.00
380.95 926.00
381.00 925.95
381.95 925.00
382.00 924.95
382.95 924.00
382.95 923.00
382.95 922.00
383.00 921.95
383.95 921.00
383.95 920.00
384.00 919.95
384.95 919.00
384.95 918.00
384.95 917.00
385.00 916.95
385.95 916.00
385.95 915.00
385.95 914.00
385.95 913.00
386.00 912.95
386.95 912.00
386.95 911.00
386.95 910.00
386.95 909.00
386.95 908.00
387.00 907.95
387.95 907.00

Contour 10:
432.96 796.00
432.96 795.00
432.96 794.00
432.96 793.00
432.96 792.00
432.96 791.00
432.96 790.00
432.96 789.00
432.96 788.00
432.96 787.00
432.96 786.00
432.96 785.00
432.96 784.00
432.96 783.00
432.96 782.00
432.00 781.04
431.96 781.00
431.96 780.00
431.96 779.00
431.96 778.00
431.00 777.04
430.96 777.00
430.96 776.00
430.00 775.04
429.96 775.00
429.96 774.00
429.00 773.04
428.96 773.00
428.96 772.00
428.96 771.00
428.00 770.04
427.96 770.00
427.96 769.00
427.00 768.04
426.96 768.00
426.00 767.04
425.96 767.00
425.96 766.00
425.00 765.04
424.96 765.00
424.00 764.04
423.96 764.00
423.00 763.04
422.96 763.00
422.00 762.04
421.96 762.00
421.00 761.04
420.96 761.00
420.00 760.04
419.96 760.00
419.00 759.04
418.00 759.04
417.96 759.00
417.00 758.04
416.96 758.00
416.00 757.04
415.00 757.04
414.96 757.00
414.00 756.04
413.00 756.04
412.96 756.00
412.00 755.04
411.00 755.04
410.96 755.00
410.00 754.04
409.00 754.04
408.96 754.00
408.00 753.04
407.00 753.04
406.96 753.00
406.00 752.04
405.00 752.04
404.00 752.04
403.00 752.04
402.96 752.00
402.00 751.04
401.00 751.04
400.00 751.04
399.96 751.00
399.00 750.04
398.00 750.04
397.00 750.04
396.00 750.04
395.00 750.04
394.00 750.04
393.00 750.04
392.00 750.04
391.00 750.04
390.00 750.04
389.00 750.04
388.00 750.04
387.00 750.04
386.04 751.00
386.00 751.04
385.00 751.04
384.00 751.04
383.04 752.00
383.00 752.04
382.00 752.04
381.00 752.04
380.04 753.00
380.00 753.04
379.00 753.04
378.04 754.00
378.00 754.04
377.00 754.04
376.04 755.00
376.00 755.04
375.00 755.04
374.04 756.00
374.00 756.04
373.04 757.00
373.00 757.04
372.00 757.04
371.04 758.00
371.00 758.04
370.04 759.00
370.00 759.04
369.04 760.00
369.00 760.04
368.04 761.00
368.00 761.04
367.04 762.00
367.00 762.04
366.04 763.00
366.00 763.04
365.04 764.00
365.00 764.04
364.04 765.00
364.04 766.00
364.00 766.04
363.04 767.00
363.04 768.00
363.00 768.04
362.04 769.00
362.00 769.04
361.04 770.00
361.04 771.00
361.04 772.00
361.04 773.00
361.04 774.00
361.00 774.04
360.04 775.00
360.04 776.00
360.04 777.00
360.04 778.00
360.04 779.00
360.04 780.00
360.04 781.00
360.04 782.00
361.00 782.96
361.04 783.00
361.04 784.00
361.04 785.00
361.04 786.00
361.04 787.00
362.00 787.96
362.04 788.00
362.04 789.00
362.04 790.00
363.00 790.96
363.04 791.00
363.04 792.00
363.04 793.00
364.00 793.96
364.04 794.00
364.04 795.00
365.00 795.96
365.04 796.00
365.04 797.00
365.04 798.00
366.00 798.96
366.04 799.00
366.04 800.00
367.00 800.96
367.04 801.00
367.04 802.00
368.00 802.96
368.04 803.00
369.00 803.96
369.04 804.00
369.04 805.00
370.00 805.96
370.04 806.00
371.00 806.96
371.04 807.00
372.00 807.96
372.04 808.00
373.00 808.96
373.04 809.00
374.00 809.96
374.04 810.00
375.00 810.96
375.04 811.00
376.00 811.96
376.04 812.00
377.00 812.96
377.04 813.00
378.00 813.96
379.00 813.96
379.04 814.00
380.00 814.96
381.00 814.96
381.04 815.00
382.00 815.96
383.00 815.96
383.04 816.00
384.00 816.96
385.00 816.96
386.00 816.96
386.04 817.00
387.00 817.96
388.00 817.96
388.04 818.00
389.00 818.96
390.00 818.96
390.04 819.00
391.00 819.96
392.00 819.96
393.00 819.96
394.00 819.96
395.00 819.96
396.00 819.96
397.00 819.96
398.00 819.96
399.00 819.96
400.00 819.96
401.00 819.96
402.00 819.96
403.00 819.96
404.00 819.96
405.00 819.96
406.00 819.96
407.00 819.96
408.00 819.96
409.00 819.96
409.96 819.00
410.00 818.96
411.00 818.96
412.00 818.96
413.00 818.96
413.96 818.00
414.00 817.96
415.00 817.96
416.00 817.96
416.96 817.00
417.00 816.96
418.00 816.96
418.96 816.00
419.00 815.96
419.96 815.00
420.00 814.96
421.00 814.96
421.96 814.00
422.00 813.96
422.96 813.00
423.00 812.96
423.96 812.00
424.00 811.96
424.96 811.00
425.00 810.96
425.96 810.00
426.00 809.96
426.96 809.00
427.00 808.96
427.96 808.00
427.96 807.00
428.00 806.96
428.96 806.00
428.96 805.00
429.00 804.96
429.96 804.00
429.96 803.00
430.00 802.96
430.96 802.00
430.96 801.00
430.96 800.00
431.00 799.96
431.96 799.00
431.96 798.00
431.96 797.00
432.00 796.96
432.96 796.00

Contour 11:
421.96 235.00
421.96 234.00
421.96 233.00
421.96 232.00
421.96 231.00
421.96 230.00
421.96 229.00
421.96 228.00
421.96 227.00
421.96 226.00
421.96 225.00
421.96 224.00
421.00 223.04
420.96 223.00
420.96 222.00
420.96 221.00
420.00 220.04
419.96 220.00
419.96 219.00
419.96 218.00
419.96 217.00
419.00 216.04
418.96 216.00
418.96 215.00
418.00 214.04
417.96 214.00
417.96 213.00
417.00 212.04
416.96 212.00
416.96 211.00
416.00 210.04
415.96 210.00
415.00 209.04
414.96 209.00
414.96 208.00
414.00 207.04
413.96 207.00
413.00 206.04
412.96 206.00
412.00 205.04
411.00 205.04
410.96 205.00
410.00 204.04
409.96 204.00
409.00 203.04
408.00 203.04
407.96 203.00
407.00 202.04
406.96 202.00
406.00 201.04
405.00 201.04
404.00 201.04
403.96 201.00
403.00 200.04
402.00 200.04
401.00 200.04
400.00 200.04
399.00 200.04
398.00 200.04
397.00 200.04
396.00 200.04
395.00 200.04
394.00 200.04
393.00 200.04
392.00 200.04
391.04 201.00
391.00 201.04
390.00 201.04
389.00 201.04
388.00 201.04
387.04 202.00
387.00 202.04
386.00 202.04
385.04 203.00
385.00 203.04
384.00 203.04
383.04 204.00
383.00 204.04
382.00 204.04
381.04 205.00
381.00 205.04
380.00 205.04
379.04 206.00
379.00 206.04
378.04 207.00
378.00 207.04
377.04 208.00
377.00 208.04
376.04 209.00
376.00 209.04
375.04 210.00
375.00 210.04
374.04 211.00
374.00 211.04
373.04 212.00
373.00 212.04
372.04 213.00
372.04 214.00
372.00 214.04
371.04 215.00
371.00 215.04
370.04 216.00
370.04 217.00
370.00 217.04
369.04 218.00
369.04 219.00
369.00 219.04
368.04 220.00
368.04 221.00
368.04 222.00
368.00 222.04
367.04 223.00
367.04 224.00
367.04 225.00
367.00 225.04
366.04 226.00
366.04 227.00
366.04 228.00
366.04 229.00
366.04 230.00
366.00 230.04
365.04 231.00
365.04 232.00
365.04 233.00
365.04 234.00
365.04 235.00
365.04 236.00
365.04 237.00
365.04 238.00
365.04 239.00
365.04 240.00
365.04 241.00
365.04 242.00
365.04 243.00
365.04 244.00
366.00 244.96
366.04 245.00
366.04 246.00
366.04 247.00
366.04 248.00
366.04 249.00
367.00 249.96
367.04 250.00
367.04 251.00
368.00 251.96
368.04 252.00
368.04 253.00
368.04 254.00
369.00 254.96
369.04 255.00
369.04 256.00
369.04 257.00
370.00 257.96
370.04 258.00
371.00 258.96
371.04 259.00
371.04 260.00
372.00 260.96
372.04 261.00
373.00 261.96
373.04 262.00
374.00 262.96
374.04 263.00
375.00 263.96
375.04 264.00
376.00 264.96
376.04 265.00
377.00 265.96
377.04 266.00
378.00 266.96
379.00 266.96
379.04 267.00
380.00 267.96
381.00 267.96
381.04 268.00
382.00 268.96
383.00 268.96
383.04 269.00
384.00 269.96
385.00 269.96
386.00 269.96
387.00 269.96
388.00 269.96
389.00 269.96
390.00 269.96
391.00 269.96
392.00 269.96
393.00 269.96
394.00 269.96
395.00 269.96
396.00 269.96
396.96 269.00
397.00 268.96
398.00 268.96
399.00 268.96
400.00 268.96
400.96 268.00
401.00 267.96
402.00 267.96
402.96 267.00
403.00 266.96
403.96 266.00
404.00 265.96
404.96 265.00
405.00 264.96
405.96 264.00
406.00 263.96
406.96 263.00
407.00 262.96
407.96 262.00
408.00 261.96
408.96 261.00
409.00 260.96
409.96 260.00
410.00 259.96
410.96 259.00
410.96 258.00
411.00 257.96
411.96 257.00
412.00 256.96
412.96 256.00
412.96 255.00
413.00 254.96
413.96 254.00
413.96 253.00
414.00 252.96
414.96 252.00
415.00 251.96
415.96 251.00
415.96 250.00
416.00 249.96
416.96 249.00
416.96 248.00
417.00 247.96
417.96 247.00
417.96 246.00
418.00 245.96
418.96 245.00
418.96 244.00
418.96 243.00
419.00 242.96
419.96 242.00
419.96 241.00
419.96 240.00
420.00 239.96
420.96 239.00
420.96 238.00
420.96 237.00
420.96 236.00
421.00 235.96
421.96 235.00

Contour 12:
452.96 448.00
452.96 447.00
452.96 446.00
452.96 445.00
452.96 444.00
452.96 443.00
452.96 442.00
452.96 441.00
452.00 440.04
451.96 440.00
451.96 439.00
451.96 438.00
451.96 437.00
451.00 436.04
450.96 436.00
450.96 435.00
450.96 434.00
450.96 433.00
450.00 432.04
449.96 432.00
449.96 431.00
449.00 430.04
448.96 430.00
448.96 429.00
448.00 428.04
447.96 428.00
447.96 427.00
447.00 426.04
446.96 426.00
446.00 425.04
445.96 425.00
445.00 424.04
444.96 424.00
444.96 423.00
444.00 422.04
443.96 422.00
443.00 421.04
442.96 421.00
442.00 420.04
441.96 420.00
441.00 419.04
440.00 419.04
439.96 419.00
439.00 418.04
438.96 418.00
438.00 417.04
437.00 417.04
436.96 417.00
436.00 416.04
435.96 416.00
435.00 415.04
434.00 415.04
433.96 415.00
433.00 414.04
432.00 414.04
431.96 414.00
431.00 413.04
430.00 413.04
429.96 413.00
429.00 412.04
428.00 412.04
427.00 412.04
426.00 412.04
425.96 412.00
425.00 411.04
424.00 411.04
423.00 411.04
422.00 411.04
421.00 411.04
420.00 411.04
419.00 411.04
418.00 411.04
417.00 411.04
416.00 411.04
415.00 411.04
414.00 411.04
413.00 411.04
412.00 411.04
411.00 411.04
410.00 411.04
409.00 411.04
408.04 412.00
408.00 412.04
407.00 412.04
406.00 412.04
405.04 413.00
405.00 413.04
404.00 413.04
403.00 413.04
402.04 414.00
402.00 414.04
401.00 414.04
400.04 415.00
400.00 415.04
399.04 416.00
399.00 416.04
398.00 416.04
397.04 417.00
397.00 417.04
396.04 418.00
396.00 418.04
395.04 419.00
395.00 419.04
394.04 420.00
394.00 420.04
393.04 421.00
393.00 421.04
392.04 422.00
392.00 422.04
391.04 423.00
391.00 423.04
390.04 424.00
390.00 424.04
389.04 425.00
389.04 426.00
389.00 426.04
388.04 427.00
388.00 427.04
387.04 428.00
387.04 429.00
387.00 429.04
386.04 430.00
386.00 430.04
385.04 431.00
385.04 432.00
385.00 432.04
384.04 433.00
384.04 434.00
384.04 435.00
384.00 435.04
383.04 436.00
383.04 437.00
383.04 438.00
383.00 438.04
382.04 439.00
382.04 440.00
382.04 441.00
382.04 442.00
382.04 443.00
382.04 444.00
382.04 445.00
382.04 446.00
382.04 447.00
382.04 448.00
382.04 449.00
382.04 450.00
382.04 451.00
382.04 452.00
382.04 453.00
383.00 453.96
383.04 454.00
383.04 455.00
383.04 456.00
383.04 457.00
384.00 457.96
384.04 458.00
384.04 459.00
384.04 460.00
385.00 460.96
385.04 461.00
385.04 462.00
386.00 462.96
386.04 463.00
386.04 464.00
387.00 464.96
387.04 465.00
387.04 466.00
388.00 466.96
388.04 467.00
388.04 468.00
389.00 468.96
389.04 469.00
390.00 469.96
390.04 470.00
391.00 470.96
391.04 471.00
392.00 471.96
392.04 472.00
393.00 472.96
393.04 473.00
394.00 473.96
395.00 473.96
395.04 474.00
396.00 474.96
396.04 475.00
397.00 475.96
398.00 475.96
398.04 476.00
399.00 476.96
400.00 476.96
400.04 477.00
401.00 477.96
402.00 477.96
403.00 477.96
403.04 478.00
404.00 478.96
405.00 478.96
406.00 478.96
406.04 479.00
407.00 479.96
408.00 479.96
409.00 479.96
410.00 479.96
410.04 480.00
411.00 480.96
412.00 480.96
413.00 480.96
414.00 480.96
415.00 480.96
416.00 480.96
417.00 480.96
418.00 480.96
419.00 480.96
420.00 480.96
421.00 480.96
422.00 480.96
423.00 480.96
423.96 480.00
424.00 479.96
425.00 479.96
426.00 479.96
427.00 479.96
428.00 479.96
428.96 479.00
429.00 478.96
430.00 478.96
431.00 478.96
431.96 478.00
432.00 477.96
433.00 477.96
434.00 477.96
434.96 477.00
435.00 476.96
436.00 476.96
436.96 476.00
437.00 475.96
438.00 475.96
438.96 475.00
439.00 474.96
439.96 474.00
440.00 473.96
440.96 473.00
441.00 472.96
441.96 472.00
442.00 471.96
442.96 471.00
443.00 470.96
443.96 470.00
444.00 469.96
444.96 469.00
444.96 468.00
445.00 467.96
445.96 467.00
446.00 466.96
446.96 466.00
447.00 465.96
447.96 465.00
447.96 464.00
448.00 463.96
448.96 463.00
448.96 462.00
449.00 461.96
449.96 461.00
449.96 460.00
449.96 459.00
450.00 458.96
450.96 458.00
450.96 457.00
450.96 456.00
450.96 455.00
451.00 454.96
451.96 454.00
451.96 453.00
451.96 452.00
451.96 451.00
451.96 450.00
451.96 449.00
452.00 448.96
452.96 448.00

Contour 13:
460.97 656.00
460.97 655.00
460.00 654.03
459.97 654.00
459.97 653.00
459.97 652.00
459.97 651.00
459.97 650.00
459.97 649.00
459.97 648.00
459.97 647.00
459.00 646.03
458.97 646.00
458.97 645.00
458.97 644.00
458.00 643.03
457.97 643.00
457.97 642.00
457.97 641.00
457.00 640.03
456.97 640.00
456.97 639.00
456.00 638.03
455.97 638.00
455.00 637.03
454.97 637.00
454.97 636.00
454.00 635.03
453.97 635.00
453.00 634.03
452.97 634.00
452.97 633.00
452.00 632.03
451.97 632.00
451.00 631.03
450.97 631.00
450.00 630.03
449.97 630.00
449.00 629.03
448.97 629.00
448.00 628.03
447.97 628.00
447.00 627.03
446.00 627.03
445.97 627.00
445.00 626.03
444.97 626.00
444.00 625.03
443.00 625.03
442.97 625.00
442.00 624.03
441.00 624.03
440.97 624.00
440.00 623.03
439.00 623.03
438.00 623.03
437.97 623.00
437.00 622.03
436.00 622.03
435.00 622.03
434.00 622.03
433.97 622.00
433.00 621.03
432.00 621.03
431.00 621.03
430.00 621.03
429.00 621.03
428.00 621.03
427.00 621.03
426.00 621.03
425.00 621.03
424.03 622.00
424.00 622.03
423.00 622.03
422.00 622.03
421.00 622.03
420.03 623.00
420.00 623.03
419.00 623.03
418.00 623.03
417.03 624.00
417.00 624.03
416.00 624.03
415.03 625.00
415.00 625.03
414.00 625.03
413.03 626.00
413.00 626.03
412.00 626.03
411.03 627.00
411.00 627.03
410.00 627.03
409.03 628.00
409.00 628.03
408.03 629.00
408.00 629.03
407.03 630.00
407.00 630.03
406.03 631.00
406.00 631.03
405.03 632.00
405.00 632.03
404.03 633.00
404.00 633.03
403.03 634.00
403.00 634.03
402.03 635.00
402.00 635.03
401.03 636.00
401.00 636.03
400.03 637.00
400.03 638.00
400.00 638.03
399.03 639.00
399.00 639.03
398.03 640.00
398.00 640.03
397.03 641.00
397.03 642.00
397.00 642.03
396.03 643.00
396.03 644.00
396.00 644.03
395.03 645.00
395.03 646.00
395.03 647.00
395.00 647.03
394.03 648.00
394.03 649.00
394.03 650.00
394.03 651.00
394.03 652.00
394.00 652.03
393.03 653.00
393.03 654.00
393.03 655.00
393.03 656.00
393.03 657.00
393.03 658.00
393.03 659.00
393.03 660.00
393.03 661.00
394.00 661.97
394.03 662.00
394.03 663.00
395.00 663.97
395.03 664.00
395.03 665.00
395.03 666.00
396.00 666.97
396.03 667.00
397.00 667.97
397.03 668.00
397.03 669.00
398.00 669.97
398.03 670.00
398.03 671.00
399.00 671.97
399.03 672.00
400.00 672.97
400.03 673.00
401.00 673.97
401.03 674.00
402.00 674.97
402.03 675.00
402.03 676.00
403.00 676.97
404.00 676.97
404.03 677.00
405.00 677.97
405.03 678.00
406.00 678.97
406.03 679.00
407.00 679.97
407.03 680.00
408.00 680.97
409.00 680.97
409.03 681.00
410.00 681.97
411.00 681.97
411.03 682.00
412.00 682.97
412.03 683.00
413.00 683.97
414.00 683.97
414.03 684.00
415.00 684.97
416.00 684.97
416.03 685.00
417.00 685.97
418.00 685.97
419.00 685.97
419.03 686.00
420.00 686.97
421.00 686.97
422.00 686.97
423.00 686.97
424.00 686.97
425.00 686.97
426.00 686.97
427.00 686.97
428.00 686.97
429.00 686.97
430.00 686.97
431.00 686.97
432.00 686.97
433.00 686.97
433.97 686.00
434.00 685.97
435.00 685.97
436.00 685.97
437.00 685.97
437.97 685.00
438.00 684.97
439.00 684.97
439.97 684.00
440.00 683.97
441.00 683.97
441.97 683.00
442.00 682.97
443.00 682.97
443.97 682.00
444.00 681.97
444.97 681.00
445.00 680.97
446.00 680.97
446.97 680.00
447.00 679.97
447.97 679.00
448.00 678.97
448.97 678.00
449.00 677.97
449.97 677.00
450.00 676.97
450.97 676.00
451.00 675.97
451.97 675.00
452.00 674.97
452.97 674.00
453.00 673.97
453.97 673.00
453.97 672.00
454.00 671.97
454.97 671.00
454.97 670.00
455.00 669.97
455.97 669.00
456.00 668.97
456.97 668.00
456.97 667.00
457.00 666.97
457.97 666.00
457.97 665.00
458.00 664.97
458.97 664.00
458.97 663.00
458.97 662.00
459.00 661.97
459.97 661.00
459.97 660.00
459.97 659.00
459.97 658.00
459.97 657.00
460.00 656.97
460.97 656.00

Contour 14:
503.97 144.00
503.97 143.00
503.97 142.00
503.97 141.00
503.97 140.00
503.97 139.00
503.97 138.00
503.97 137.00
503.97 136.00
503.97 135.00
503.97 134.00
503.97 133.00
503.97 132.00
503.00 131.03
502.97 131.00
502.97 130.00
502.97 129.00
502.00 128.03
501.97 128.00
501.97 127.00
501.97 126.00
501.00 125.03
500.97 125.00
500.97 124.00
500.00 123.03
499.97 123.00
499.00 122.03
498.97 122.00
498.97 121.00
498.00 120.03
497.97 120.00
497.00 119.03
496.97 119.00
496.00 118.03
495.97 118.00
495.00 117.03
494.97 117.00
494.00 116.03
493.97 116.00
493.00 115.03
492.00 115.03
491.97 115.00
491.00 114.03
490.00 114.03
489.97 114.00
489.00 113.03
488.00 113.03
487.00 113.03
486.97 113.00
486.00 112.03
485.00 112.03
484.00 112.03
483.00 112.03
482.00 112.03
481.00 112.03
480.00 112.03
479.00 112.03
478.00 112.03
477.00 112.03
476.03 113.00
476.00 113.03
475.00 113.03
474.00 113.03
473.03 114.00
473.00 114.03
472.00 114.03
471.03 115.00
471.00 115.03
470.00 115.03
469.00 115.03
468.03 116.00
468.00 116.03
467.00 116.03
466.03 117.00
466.00 117.03
465.03 118.00
465.00 118.03
464.00 118.03
463.03 119.00
463.00 119.03
462.03 120.00
462.03 121.00
462.00 121.03
461.00 121.03
460.03 122.00
460.03 123.00
460.00 123.03
459.03 124.00
459.00 124.03
458.03 125.00
458.00 125.03
457.03 126.00
457.00 126.03
456.03 127.00
456.00 127.03
455.03 128.00
455.00 128.03
454.03 129.00
454.00 129.03
453.03 130.00
453.00 130.03
452.03 131.00
452.00 131.03
451.03 132.00
451.03 133.00
451.00 133.03
450.03 134.00
450.00 134.03
449.03 135.00
449.03 136.00
449.00 136.03
448.03 137.00
448.03 138.00
448.00 138.03
447.03 139.00
447.03 140.00
447.00 140.03
446.03 141.00
446.03 142.00
446.03 143.00
446.00 143.03
445.03 144.00
445.03 145.00
445.03 146.00
445.03 147.00
445.00 147.03
444.03 148.00
444.03 149.00
444.03 150.00
444.03 151.00
444.03 152.00
444.03 153.00
444.03 154.00
444.03 155.00
445.00 155.97
445.03 156.00
445.03 157.00
445.03 158.00
446.00 158.97
446.03 159.00
446.03 160.00
447.00 160.97
447.03 161.00
447.03 162.00
448.00 162.97
448.03 163.00
448.03 164.00
448.03 165.00
449.00 165.97
449.03 166.00
449.03 167.00
450.00 167.97
450.03 168.00
451.00 168.97
451.03 169.00
451.03 170.00
452.00 170.97
452.03 171.00
453.00 171.97
453.03 172.00
454.00 172.97
454.03 173.00
455.00 173.97
455.03 174.00
456.00 174.97
457.00 174.97
457.03 175.00
458.00 175.97
458.03 176.00
459.00 176.97
460.00 176.97
460.03 177.00
461.00 177.97
462.00 177.97
462.03 178.00
463.00 178.97
464.00 178.97
465.00 178.97
465.03 179.00
466.00 179.97
467.00 179.97
468.00 179.97
468.03 180.00
469.00 180.97
470.00 180.97
471.00 180.97
472.00 180.97
473.00 180.97
474.00 180.97
475.00 180.97
476.00 180.97
477.00 180.97
478.00 180.97
478.97 180.00
479.00 179.97
480.00 179.97
481.00 179.97
481.97 179.00
482.00 178.97
483.00 178.97
484.00 178.97
484.97 178.00
485.00 177.97
486.00 177.97
486.97 177.00
487.00 176.97
487.97 176.00
488.00 175.97
489.00 175.97
489.97 175.00
490.00 174.97
490.97 174.00
491.00 173.97
491.97 173.00
492.00 172.97
492.97 172.00
493.00 171.97
493.97 171.00
493.97 170.00
494.00 169.97
494.97 169.00
495.00 168.97
495.97 168.00
496.00 167.97
496.97 167.00
496.97 166.00
497.00 165.97
497.97 165.00
497.97 164.00
498.00 163.97
498.97 163.00
498.97 162.00
498.97 161.00
499.00 160.97
499.97 160.00
499.97 159.00
499.97 158.00
500.00 157.97
500.97 157.00
500.97 156.00
500.97 155.00
501.00 154.97
501.97 154.00
501.97 153.00
501.97 152.00
501.97 151.00
501.97 150.00
502.00 149.97
502.97 149.00
502.97 148.00
502.97 147.00
502.97 146.00
502.97 145.00
503.00 144.97
503.97 144.00

Contour 15:
561.97 508.00
561.97 507.00
561.97 506.00
561.97 505.00
561.97 504.00
561.97 503.00
561.97 502.00
561.97 501.00
561.97 500.00
561.97 499.00
561.97 498.00
561.97 497.00
561.97 496.00
561.00 495.03
560.97 495.00
560.97 494.00
560.97 493.00
560.00 492.03
559.97 492.00
559.97 491.00
559.00 490.03
558.97 490.00
558.97 489.00
558.97 488.00
558.00 487.03
557.97 487.00
557.00 486.03
556.97 486.00
556.97 485.00
556.00 484.03
555.97 484.00
555.00 483.03
554.97 483.00
554.97 482.00
554.00 481.03
553.97 481.00
553.00 480.03
552.97 480.00
552.00 479.03
551.97 479.00
551.00 478.03
550.97 478.00
550.00 477.03
549.97 477.00
549.00 476.03
548.00 476.03
547.97 476.00
547.00 475.03
546.97 475.00
546.00 474.03
545.97 474.00
545.00 473.03
544.00 473.03
543.97 473.00
543.00 472.03
542.00 472.03
541.00 472.03
540.97 472.00
540.00 471.03
539.00 471.03
538.00 471.03
537.00 471.03
536.97 471.00
536.00 470.03
535.00 470.03
534.00 470.03
533.00 470.03
532.00 470.03
531.00 470.03
530.00 470.03
529.00 470.03
528.00 470.03
527.03 471.00
527.00 471.03
526.00 471.03
525.00 471.03
524.00 471.03
523.03 472.00
523.00 472.03
522.00 472.03
521.00 472.03
520.03 473.00
520.00 473.03
519.00 473.03
518.00 473.03
517.03 474.00
517.00 474.03
516.00 474.03
515.03 475.00
515.00 475.03
514.00 475.03
513.03 476.00
513.00 476.03
512.00 476.03
511.03 477.00
511.00 477.03
510.00 477.03
509.03 478.00
509.00 478.03
508.03 479.00
508.00 479.03
507.00 479.03
506.03 480.00
506.00 480.03
505.03 481.00
505.00 481.03
504.03 482.00
504.03 483.00
504.00 483.03
503.03 484.00
503.00 484.03
502.03 485.00
502.00 485.03
501.03 486.00
501.03 487.00
501.00 487.03
500.03 488.00
500.03 489.00
500.00 489.03
499.03 490.00
499.03 491.00
499.00 491.03
498.03 492.00
498.03 493.00
498.03 494.00
498.00 494.03
497.03 495.00
497.03 496.00
497.03 497.00
497.00 497.03
496.03 498.00
496.03 499.00
496.03 500.00
496.00 500.03
495.03 501.00
495.03 502.00
495.03 503.00
495.03 504.00
495.03 505.00
495.03 506.00
495.03 507.00
496.00 507.97
496.03 508.00
496.03 509.00
496.03 510.00
496.03 511.00
496.03 512.00
497.00 512.97
497.03 513.00
497.03 514.00
497.03 515.00
497.03 516.00
498.00 516.97
498.03 517.00
498.03 518.00
499.00 518.97
499.03 519.00
499.03 520.00
499.03 521.00
500.00 521.97
500.03 522.00
500.03 523.00
501.00 523.97
501.03 524.00
501.03 525.00
502.00 525.97
502.03 526.00
503.00 526.97
503.03 527.00
504.00 527.97
504.03 528.00
505.00 528.97
505.03 529.00
506.00 529.97
506.03 530.00
507.00 530.97
507.03 531.00
508.00 531.97
509.00 531.97
509.03 532.00
510.00 532.97
511.00 532.97
511.03 533.00
512.00 533.97
513.00 533.97
514.00 533.97
514.03 534.00
515.00 534.97
516.00 534.97
517.00 534.97
518.00 534.97
519.00 534.97
519.03 535.00
520.00 535.97
521.00 535.97
522.00 535.97
523.00 535.97
524.00 535.97
525.00 535.97
526.00 535.97
527.00 535.97
528.00 535.97
528.97 535.00
529.00 534.97
530.00 534.97
531.00 534.97
532.00 534.97
533.00 534.97
534.00 534.97
534.97 534.00
535.00 533.97
536.00 533.97
537.00 533.97
538.00 533.97
538.97 533.00
539.00 532.97
540.00 532.97
541.00 532.97
541.97 532.00
542.00 531.97
543.00 531.97
543.97 531.00
544.00 530.97
545.00 530.97
545.97 530.00
546.00 529.97
546.97 529.00
547.00 528.97
547.97 528.00
548.00 527.97
549.00 527.97
549.97 527.00
550.00 526.97
550.97 526.00
551.00 525.97
551.97 525.00
552.00 524.97
552.97 524.00
553.00 523.97
553.97 523.00
553.97 522.00
554.00 521.97
554.97 521.00
555.00 520.97
555.97 520.00
556.00 519.97
556.97 519.00
556.97 518.00
557.00 517.97
557.97 517.00
557.97 516.00
558.00 515.97
558.97 515.00
558.97 514.00
559.00 513.97
559.97 513.00
559.97 512.00
560.00 511.97
560.97 511.00
560.97 510.00
560.97 509.00
561.00 508.97
561.97 508.00

Contour 16:
592.97 709.00
592.97 708.00
592.97 707.00
592.97 706.00
592.97 705.00
592.97 704.00
592.97 703.00
592.97 702.00
592.97 701.00
592.97 700.00
592.97 699.00
592.97 698.00
592.97 697.00
592.00 696.03
591.97 696.00
591.97 695.00
591.97 694.00
591.97 693.00
591.00 692.03
590.97 692.00
590.97 691.00
590.97 690.00
590.00 689.03
589.97 689.00
589.97 688.00
589.00 687.03
588.97 687.00
588.97 686.00
588.97 685.00
588.00 684.03
587.97 684.00
587.97 683.00
587.00 682.03
586.97 682.00
586.00 681.03
585.97 681.00
585.97 680.00
585.00 679.03
584.97 679.00
584.00 678.03
583.97 678.00
583.00 677.03
582.97 677.00
582.00 676.03
581.00 676.03
580.97 676.00
580.00 675.03
579.97 675.00
579.00 674.03
578.00 674.03
577.97 674.00
577.00 673.03
576.00 673.03
575.00 673.03
574.97 673.00
574.00 672.03
573.00 672.03
572.00 672.03
571.97 672.00
571.00 671.03
570.00 671.03
569.00 671.03
568.00 671.03
567.00 671.03
566.00 671.03
565.00 671.03
564.00 671.03
563.00 671.03
562.00 671.03
561.00 671.03
560.00 671.03
559.00 671.03
558.00 671.03
557.00 671.03
556.00 671.03
555.00 671.03
554.03 672.00
554.00 672.03
553.00 672.03
552.00 672.03
551.00 672.03
550.03 673.00
550.00 673.03
549.00 673.03
548.00 673.03
547.03 674.00
547.00 674.03
546.00 674.03
545.00 674.03
544.03 675.00
544.00 675.03
543.00 675.03
542.03 676.00
542.00 676.03
541.00 676.03
540.03 677.00
540.00 677.03
539.03 678.00
539.00 678.03
538.00 678.03
537.03 679.00
537.00 679.03
536.03 680.00
536.00 680.03
535.03 681.00
535.00 681.03
534.03 682.00
534.00 682.03
533.03 683.00
533.03 684.00
533.00 684.03
532.03 685.00
532.03 686.00
532.00 686.03
531.03 687.00
531.03 688.00
531.00 688.03
530.03 689.00
530.03 690.00
530.03 691.00
530.00 691.03
529.03 692.00
529.03 693.00
529.03 694.00
529.03 695.00
529.00 695.03
528.03 696.00
528.03 697.00
528.03 698.00
528.03 699.00
528.03 700.00
528.03 701.00
528.03 702.00
528.03 703.00
528.03 704.00
528.03 705.00
529.00 705.97
529.03 706.00
529.03 707.00
529.03 708.00
529.03 709.00
529.03 710.00
530.00 710.97
530.03 711.00
530.03 712.00
530.03 713.00
531.00 713.97
531.03 714.00
531.03 715.00
532.00 715.97
532.03 716.00
532.03 717.00
533.00 717.97
533.03 718.00
533.03 719.00
534.00 719.97
534.03 720.00
535.00 720.97
535.03 721.00
535.03 722.00
536.00 722.97
536.03 723.00
537.00 723.97
537.03 724.00
538.00 724.97
538.03 725.00
539.00 725.97
539.03 726.00
540.00 726.97
540.03 727.00
541.00 727.97
542.00 727.97
542.03 728.00
543.00 728.97
543.03 729.00
544.00 729.97
545.00 729.97
545.03 730.00
546.00 730.97
547.00 730.97
547.03 731.00
548.00 731.97
549.00 731.97
549.03 732.00
550.00 732.97
551.00 732.97
552.00 732.97
552.03 733.00
553.00 733.97
554.00 733.97
555.00 733.97
555.03 734.00
556.00 734.97
557.00 734.97
558.00 734.97
559.00 734.97
560.00 734.97
561.00 734.97
562.00 734.97
563.00 734.97
564.00 734.97
565.00 734.97
566.00 734.97
567.00 734.97
568.00 734.97
568.97 734.00
569.00 733.97
570.00 733.97
571.00 733.97
572.00 733.97
572.97 733.00
573.00 732.97
574.00 732.97
574.97 732.00
575.00 731.97
575.97 731.00
576.00 730.97
577.00 730.97
577.97 730.00
578.00 729.97
578.97 729.00
579.00 728.97
580.00 728.97
580.97 728.00
581.00 727.97
581.97 727.00
582.00 726.97
582.97 726.00
583.00 725.97
583.97 725.00
584.00 724.97
584.97 724.00
585.00 723.97
585.97 723.00
585.97 722.00
586.00 721.97
586.97 721.00
587.00 720.97
587.97 720.00
588.00 719.97
588.97 719.00
588.97 718.00
589.00 717.97
589.97 717.00
589.97 716.00
590.00 715.97
590.97 715.00
590.97 714.00
591.00 713.97
591.97 713.00
591.97 712.00
591.97 711.00
591.97 710.00
592.00 709.97
592.97 709.00

Contour 17:
681.97 406.00
681.97 405.00
681.97 404.00
681.97 403.00
681.97 402.00
681.97 401.00
681.97 400.00
681.97 399.00
681.97 398.00
681.97 397.00
681.97 396.00
681.97 395.00
681.97 394.00
681.97 393.00
681.97 392.00
681.00 391.03
680.97 391.00
680.97 390.00
680.97 389.00
680.97 388.00
680.00 387.03
679.97 387.00
679.97 386.00
679.00 385.03
678.97 385.00
678.97 384.00
678.00 383.03
677.97 383.00
677.97 382.00
677.00 381.03
676.97 381.00
676.00 380.03
675.97 380.00
675.97 379.00
675.00 378.03
674.97 378.00
674.00 377.03
673.97 377.00
673.97 376.00
673.00 375.03
672.97 375.00
672.00 374.03
671.97 374.00
671.00 373.03
670.97 373.00
670.00 372.03
669.97 372.00
669.00 371.03
668.97 371.00
668.00 370.03
667.00 370.03
666.97 370.00
666.00 369.03
665.97 369.00
665.00 368.03
664.00 368.03
663.97 368.00
663.00 367.03
662.00 367.03
661.97 367.00
661.00 366.03
660.97 366.00
660.00 365.03
659.00 365.03
658.00 365.03
657.97 365.00
657.00 364.03
656.00 364.03
655.00 364.03
654.97 364.00
654.00 363.03
653.00 363.03
652.97 363.00
652.00 362.03
651.00 362.03
650.00 362.03
649.00 362.03
648.00 362.03
647.97 362.00
647.00 361.03
646.00 361.03
645.00 361.03
644.00 361.03
643.00 361.03
642.00 361.03
641.00 361.03
640.03 362.00
640.00 362.03
639.00 362.03
638.00 362.03
637.00 362.03
636.03 363.00
636.00 363.03
635.00 363.03
634.00 363.03
633.03 364.00
633.00 364.03
632.00 364.03
631.03 365.00
631.00 365.03
630.00 365.03
629.03 366.00
629.00 366.03
628.00 366.03
627.03 367.00
627.00 367.03
626.03 368.00
626.00 368.03
625.00 368.03
624.03 369.00
624.00 369.03
623.03 370.00
623.00 370.03
622.03 371.00
622.00 371.03
621.03 372.00
621.00 372.03
620.03 373.00
620.00 373.03
619.03 374.00
619.00 374.03
618.03 375.00
618.03 376.00
618.00 376.03
617.03 377.00
617.00 377.03
616.03 378.00
616.03 379.00
616.03 380.00
616.00 380.03
615.03 381.00
615.03 382.00
615.03 383.00
615.00 383.03
614.03 384.00
614.03 385.00
614.03 386.00
614.00 386.03
613.03 387.00
613.03 388.00
613.03 389.00
613.03 390.00
613.00 390.03
612.03 391.00
612.03 392.00
612.03 393.00
612.03 394.00
612.03 395.00
612.03 396.00
612.03 397.00
612.03 398.00
612.03 399.00
612.03 400.00
612.03 401.00
612.03 402.00
612.03 403.00
612.03 404.00
612.03 405.00
612.03 406.00
612.03 407.00
613.00 407.97
613.03 408.00
613.03 409.00
613.03 410.00
614.00 410.97
614.03 411.00
614.03 412.00
614.03 413.00
615.00 413.97
615.03 414.00
615.03 415.00
616.00 415.97
616.03 416.00
616.03 417.00
617.00 417.97
617.03 418.00
618.00 418.97
618.03 419.00
618.03 420.00
619.00 420.97
619.03 421.00
620.00 421.97
620.03 422.00
620.03 423.00
621.00 423.97
621.03 424.00
622.00 424.97
622.03 425.00
623.00 425.97
623.03 426.00
624.00 426.97
624.03 427.00
625.00 427.97
626.00 427.97
626.03 428.00
627.00 428.97
627.03 429.00
628.00 429.97
628.03 430.00
629.00 430.97
630.00 430.97
630.03 431.00
631.00 431.97
632.00 431.97
632.03 432.00
633.00 432.97
634.00 432.97
634.03 433.00
635.00 433.97
636.00 433.97
637.00 433.97
637.03 434.00
638.00 434.97
639.00 434.97
640.00 434.97
640.03 435.00
641.00 435.97
642.00 435.97
643.00 435.97
644.00 435.97
645.00 435.97
646.00 435.97
647.00 435.97
648.00 435.97
649.00 435.97
650.00 435.97
651.00 435.97
652.00 435.97
653.00 435.97
654.00 435.97
654.97 435.00
655.00 434.97
656.00 434.97
657.00 434.97
658.00 434.97
658.97 434.00
659.00 433.97
660.00 433.97
661.00 433.97
661.97 433.00
662.00 432.97
663.00 432.97
663.97 432.00
664.00 431.97
665.00 431.97
665.97 431.00
666.00 430.97
667.00 430.97
667.97 430.00
668.00 429.97
668.97 429.00
669.00 428.97
669.97 428.00
670.00 427.97
670.97 427.00
671.00 426.97
671.97 426.00
672.00 425.97
672.97 425.00
673.00 424.97
673.97 424.00
674.00 423.97
674.97 423.00
675.00 422.97
675.97 422.00
675.97 421.00
676.00 420.97
676.97 420.00
676.97 419.00
677.00 418.97
677.97 418.00
677.97 417.00
678.00 416.97
678.97 416.00
678.97 415.00
679.00 414.97
679.97 414.00
679.97 413.00
679.97 412.00
680.00 411.97
680.97 411.00
680.97 410.00
680.97 409.00
680.97 408.00
680.97 407.00
681.00 406.97
681.97 406.00

Contour 18:
689.98 563.00
689.98 562.00
689.98 561.00
689.98 560.00
689.98 559.00
689.98 558.00
689.98 557.00
689.00 556.02
688.98 556.00
688.98 555.00
688.98 554.00
688.98 553.00
688.98 552.00
688.00 551.02
687.98 551.00
687.98 550.00
687.98 549.00
687.98 548.00
687.00 547.02
686.98 547.00
686.98 546.00
686.98 545.00
686.00 544.02
685.98 544.00
685.98 543.00
685.00 542.02
684.98 542.00
684.98 541.00
684.00 540.02
683.98 540.00
683.98 539.00
683.00 538.02
682.98 538.00
682.00 537.02
681.98 537.00
681.00 536.02
680.98 536.00
680.98 535.00
680.00 534.02
679.98 534.00
679.00 533.02
678.98 533.00
678.00 532.02
677.98 532.00
677.00 531.02
676.98 531.00
676.00 530.02
675.98 530.00
675.00 529.02
674.98 529.00
674.00 528.02
673.98 528.00
673.00 527.02
672.00 527.02
671.98 527.00
671.00 526.02
670.00 526.02
669.98 526.00
669.00 525.02
668.98 525.00
668.00 524.02
667.00 524.02
666.98 524.00
666.00 523.02
665.00 523.02
664.98 523.00
664.00 522.02
663.00 522.02
662.98 522.00
662.00 521.02
661.00 521.02
660.98 521.00
660.00 520.02
659.00 520.02
658.00 520.02
657.00 520.02
656.98 520.00
656.00 519.02
655.00 519.02
654.00 519.02
653.00 519.02
652.00 519.02
651.00 519.02
650.00 519.02
649.00 519.02
648.00 519.02
647.00 519.02
646.00 519.02
645.00 519.02
644.02 520.00
644.00 520.02
643.00 520.02
642.00 520.02
641.00 520.02
640.02 521.00
640.00 521.02
639.00 521.02
638.00 521.02
637.02 522.00
637.00 522.02
636.00 522.02
635.00 522.02
634.02 523.00
634.00 523.02
633.02 524.00
633.00 524.02
632.00 524.02
631.02 525.00
631.00 525.02
630.00 525.02
629.02 526.00
629.00 526.02
628.00 526.02
627.02 527.00
627.00 527.02
626.02 528.00
626.00 528.02
625.00 528.02
624.02 529.00
624.00 529.02
623.02 530.00
623.00 530.02
622.02 531.00
622.00 531.02
621.02 532.00
621.02 533.00
621.00 533.02
620.02 534.00
620.02 535.00
620.02 536.00
620.00 536.02
619.02 537.00
619.02 538.00
619.02 539.00
619.02 540.00
619.02 541.00
619.02 542.00
619.02 543.00
619.00 543.02
618.02 544.00
618.02 545.00
618.02 546.00
618.02 547.00
618.02 548.00
618.02 549.00
618.02 550.00
618.02 551.00
618.02 552.00
618.02 553.00
618.02 554.00
618.02 555.00
618.02 556.00
618.02 557.00
618.02 558.00
618.02 559.00
618.02 560.00
619.00 560.98
619.02 561.00
619.02 562.00
619.02 563.00
619.02 564.00
619.02 565.00
620.00 565.98
620.02 566.00
620.02 567.00
620.02 568.00
621.00 568.98
621.02 569.00
621.02 570.00
622.00 570.98
622.02 571.00
622.02 572.00
623.00 572.98
623.02 573.00
624.00 573.98
624.02 574.00
625.00 574.98
625.02 575.00
625.02 576.00
626.00 576.98
626.02 577.00
627.00 577.98
627.02 578.00
628.00 578.98
628.02 579.00
629.00 579.98
629.02 580.00
630.00 580.98
630.02 581.00
631.00 581.98
631.02 582.00
632.00 582.98
632.02 583.00
633.00 583.98
634.00 583.98
634.02 584.00
635.00 584.98
635.02 585.00
636.00 585.98
637.00 585.98
637.02 586.00
638.00 586.98
638.02 587.00
639.00 587.98
640.00 587.98
640.02 588.00
641.00 588.98
642.00 588.98
642.02 589.00
643.00 589.98
644.00 589.98
645.00 589.98
645.02 590.00
646.00 590.98
647.00 590.98
647.02 591.00
648.00 591.98
649.00 591.98
650.00 591.98
651.00 591.98
652.00 591.98
652.02 592.00
653.00 592.98
654.00 592.98
655.00 592.98
656.00 592.98
657.00 592.98
658.00 592.98
659.00 592.98
660.00 592.98
661.00 592.98
661.98 592.00
662.00 591.98
663.00 591.98
664.00 591.98
665.00 591.98
665.98 591.00
666.00 590.98
667.00 590.98
667.98 590.00
668.00 589.98
669.00 589.98
669.98 589.00
670.00 588.98
671.00 588.98
671.98 588.00
672.00 587.98
673.00 587.98
673.98 587.00
674.00 586.98
674.98 586.00
675.00 585.98
675.98 585.00
676.00 584.98
676.98 584.00
677.00 583.98
677.98 583.00
678.00 582.98
678.98 582.00
678.98 581.00
679.00 580.98
679.98 580.00
680.00 579.98
680.98 579.00
681.00 578.98
681.98 578.00
682.00 577.98
682.98 577.00
682.98 576.00
683.00 575.98
683.98 575.00
684.00 574.98
684.98 574.00
685.00 573.98
685.98 573.00
685.98 572.00
686.00 571.98
686.98 571.00
686.98 570.00
687.00 569.98
687.98 569.00
687.98 568.00
688.00 567.98
688.98 567.00
688.98 566.00
688.98 565.00
688.98 564.00
689.00 563.98
689.98 563.00

Contour 19:
689.98 101.00
689.98 100.00
689.98 99.00
689.98 98.00
689.98 97.00
689.98 96.00
689.98 95.00
689.98 94.00
689.98 93.00
689.98 92.00
689.98 91.00
689.98 90.00
689.98 89.00
689.98 88.00
689.98 87.00
689.00 86.02
688.98 86.00
688.98 85.00
688.98 84.00
688.98 83.00
688.00 82.02
687.98 82.00
687.98 81.00
687.00 80.02
686.98 80.00
686.98 79.00
686.00 78.02
685.98 78.00
685.98 77.00
685.00 76.02
684.98 76.00
684.98 75.00
684.00 74.02
683.98 74.00
683.00 73.02
682.98 73.00
682.98 72.00
682.00 71.02
681.98 71.00
681.00 70.02
680.98 70.00
680.00 69.02
679.98 69.00
679.00 68.02
678.98 68.00
678.00 67.02
677.98 67.00
677.00 66.02
676.98 66.00
676.00 65.02
675.00 65.02
674.98 65.00
674.00 64.02
673.98 64.00
673.00 63.02
672.00 63.02
671.98 63.00
671.00 62.02
670.00 62.02
669.98 62.00
669.00 61.02
668.00 61.02
667.98 61.00
667.00 60.02
666.00 60.02
665.00 60.02
664.98 60.00
664.00 59.02
663.00 59.02
662.00 59.02
661.98 59.00
661.00 58.02
660.00 58.02
659.00 58.02
658.00 58.02
657.00 58.02
656.00 58.02
655.00 58.02
654.00 58.02
653.00 58.02
652.02 59.00
652.00 59.02
651.00 59.02
650.00 59.02
649.00 59.02
648.02 60.00
648.00 60.02
647.00 60.02
646.02 61.00
646.00 61.02
645.00 61.02
644.02 62.00
644.00 62.02
643.00 62.02
642.02 63.00
642.00 63.02
641.02 64.00
641.00 64.02
640.00 64.02
639.02 65.00
639.00 65.02
638.02 66.00
638.02 67.00
638.00 67.02
637.02 68.00
637.00 68.02
636.02 69.00
636.00 69.02
635.02 70.00
635.02 71.00
635.00 71.02
634.02 72.00
634.02 73.00
634.00 73.02
633.02 74.00
633.02 75.00
633.02 76.00
633.00 76.02
632.02 77.00
632.02 78.00
632.02 79.00
632.02 80.00
632.02 81.00
632.00 81.02
631.02 82.00
631.02 83.00
631.02 84.00
631.02 85.00
631.02 86.00
631.02 87.00
631.02 88.00
631.02 89.00
631.02 90.00
631.02 91.00
632.00 91.98
632.02 92.00
632.02 93.00
632.02 94.00
632.02 95.00
632.02 96.00
633.00 96.98
633.02 97.00
633.02 98.00
633.02 99.00
634.00 99.98
634.02 100.00
634.02 101.00
634.02 102.00
635.00 102.98
635.02 103.00
635.02 104.00
636.00 104.98
636.02 105.00
637.00 105.98
637.02 106.00
638.00 106.98
638.02 107.00
639.00 107.98
639.02 108.00
640.00 108.98
640.02 109.00
641.00 109.98
641.02 110.00
642.00 110.98
642.02 111.00
643.00 111.98
643.02 112.00
644.00 112.98
645.00 112.98
645.02 113.00
646.00 113.98
646.02 114.00
647.00 114.98
647.02 115.00
648.00 115.98
648.02 116.00
649.00 116.98
650.00 116.98
650.02 117.00
651.00 117.98
651.02 118.00
652.00 118.98
653.00 118.98
653.02 119.00
654.00 119.98
655.00 119.98
655.02 120.00
656.00 120.98
657.00 120.98
657.02 121.00
658.00 121.98
659.00 121.98
660.00 121.98
661.00 121.98
661.02 122.00
662.00 122.98
663.00 122.98
664.00 122.98
665.00 122.98
666.00 122.98
667.00 122.98
668.00 122.98
669.00 122.98
670.00 122.98
671.00 122.98
672.00 122.98
672.98 122.00
673.00 121.98
674.00 121.98
675.00 121.98
675.98 121.00
676.00 120.98
677.00 120.98
678.00 120.98
678.98 120.00
679.00 119.98
679.98 119.00
680.00 118.98
680.98 118.00
681.00 117.98
681.98 117.00
682.00 116.98
682.98 116.00
683.00 115.98
683.98 115.00
683.98 114.00
684.00 113.98
684.98 113.00
685.00 112.98
685.98 112.00
685.98 111.00
686.00 110.98
686.98 110.00
686.98 109.00
687.00 108.98
687.98 108.00
687.98 107.00
687.98 106.00
687.98 105.00
688.00 104.98
688.98 104.00
688.98 103.00
688.98 102.00
689.00 101.98
689.98 101.00

Contour 20:
699.98 233.00
699.98 232.00
699.98 231.00
699.98 230.00
699.98 229.00
699.98 228.00
699.98 227.00
699.98 226.00
699.98 225.00
699.98 224.00
699.98 223.00
699.98 222.00
699.98 221.00
699.98 220.00
699.98 219.00
699.00 218.02
698.98 218.00
698.98 217.00
698.98 216.00
698.00 215.02
697.98 215.00
697.98 214.00
697.98 213.00
697.00 212.02
696.98 212.00
696.98 211.00
696.00 210.02
695.98 210.00
695.98 209.00
695.00 208.02
694.98 208.00
694.00 207.02
693.98 207.00
693.00 206.02
692.98 206.00
692.98 205.00
692.00 204.02
691.98 204.00
691.00 203.02
690.98 203.00
690.00 202.02
689.98 202.00
689.00 201.02
688.98 201.00
688.00 200.02
687.00 200.02
686.98 200.00
686.00 199.02
685.98 199.00
685.00 198.02
684.98 198.00
684.00 197.02
683.00 197.02
682.98 197.00
682.00 196.02
681.98 196.00
681.00 195.02
680.00 195.02
679.98 195.00
679.00 194.02
678.98 194.00
678.00 193.02
677.00 193.02
676.98 193.00
676.00 192.02
675.00 192.02
674.98 192.00
674.00 191.02
673.00 191.02
672.98 191.00
672.00 190.02
671.00 190.02
670.00 190.02
669.98 190.00
669.00 189.02
668.00 189.02
667.00 189.02
666.00 189.02
665.98 189.00
665.00 188.02
664.00 188.02
663.00 188.02
662.00 188.02
661.00 188.02
660.00 188.02
659.00 188.02
658.02 189.00
658.00 189.02
657.00 189.02
656.00 189.02
655.00 189.02
654.00 189.02
653.02 190.00
653.00 190.02
652.00 190.02
651.00 190.02
650.02 191.00
650.00 191.02
649.00 191.02
648.00 191.02
647.02 192.00
647.00 192.02
646.02 193.00
646.00 193.02
645.00 193.02
644.02 194.00
644.00 194.02
643.02 195.00
643.00 195.02
642.02 196.00
642.00 196.02
641.02 197.00
641.00 197.02
640.02 198.00
640.00 198.02
639.02 199.00
639.00 199.02
638.02 200.00
638.00 200.02
637.02 201.00
637.02 202.00
637.00 202.02
636.02 203.00
636.00 203.02
635.02 204.00
635.02 205.00
635.00 205.02
634.02 206.00
634.02 207.00
634.00 207.02
633.02 208.00
633.02 209.00
633.02 210.00
633.00 210.02
632.02 211.00
632.02 212.00
632.02 213.00
632.02 214.00
632.02 215.00
632.02 216.00
632.02 217.00
632.02 218.00
632.02 219.00
633.00 219.98
633.02 220.00
633.02 221.00
633.02 222.00
633.02 223.00
634.00 223.98
634.02 224.00
634.02 225.00
634.02 226.00
635.00 226.98
635.02 227.00
635.02 228.00
635.02 229.00
636.00 229.98
636.02 230.00
636.02 231.00
637.00 231.98
637.02 232.00
637.02 233.00
638.00 233.98
638.02 234.00
638.02 235.00
639.00 235.98
639.02 236.00
639.02 237.00
640.00 237.98
640.02 238.00
641.00 238.98
641.02 239.00
641.02 240.00
642.00 240.98
642.02 241.00
643.00 241.98
643.02 242.00
644.00 242.98
644.02 243.00
645.00 243.98
645.02 244.00
646.00 244.98
646.02 245.00
647.00 245.98
647.02 246.00
648.00 246.98
649.00 246.98
649.02 247.00
650.00 247.98
650.02 248.00
651.00 248.98
651.02 249.00
652.00 249.98
653.00 249.98
653.02 250.00
654.00 250.98
655.00 250.98
655.02 251.00
656.00 251.98
657.00 251.98
657.02 252.00
658.00 252.98
659.00 252.98
660.00 252.98
660.02 253.00
661.00 253.98
662.00 253.98
662.02 254.00
663.00 254.98
664.00 254.98
665.00 254.98
666.00 254.98
667.00 254.98
667.02 255.00
668.00 255.98
669.00 255.98
670.00 255.98
671.00 255.98
671.98 255.00
672.00 254.98
673.00 254.98
674.00 254.98
675.00 254.98
676.00 254.98
677.00 254.98
678.00 254.98
678.98 254.00
679.00 253.98
680.00 253.98
681.00 253.98
681.98 253.00
682.00 252.98
683.00 252.98
684.00 252.98
684.98 252.00
685.00 251.98
686.00 251.98
686.98 251.00
687.00 250.98
687.98 250.00
688.00 249.98
689.00 249.98
689.98 249.00
690.00 248.98
690.98 248.00
691.00 247.98
691.98 247.00
692.00 246.98
692.98 246.00
693.00 245.98
693.98 245.00
693.98 244.00
694.00 243.98
694.98 243.00
694.98 242.00
695.00 241.98
695.98 241.00
696.00 240.98
696.98 240.00
696.98 239.00
697.00 238.98
697.98 238.00
697.98 237.00
698.00 236.98
698.98 236.00
698.98 235.00
698.98 234.00
699.00 233.98
699.98 233.00

Contour 21:
727.98 865.00
727.98 864.00
727.98 863.00
727.98 862.00
727.98 861.00
727.98 860.00
727.98 859.00
727.98 858.00
727.00 857.02
726.98 857.00
726.98 856.00
726.98 855.00
726.98 854.00
726.00 853.02
725.98 853.00
725.98 852.00
725.98 851.00
725.98 850.00
725.00 849.02
724.98 849.00
724.98 848.00
724.98 847.00
724.00 846.02
723.98 846.00
723.98 845.00
723.98 844.00
723.00 843.02
722.98 843.00
722.98 842.00
722.00 841.02
721.98 841.00
721.98 840.00
721.00 839.02
720.98 839.00
720.98 838.00
720.00 837.02
719.98 837.00
719.00 836.02
718.98 836.00
718.98 835.00
718.00 834.02
717.98 834.00
717.00 833.02
716.98 833.00
716.00 832.02
715.98 832.00
715.00 831.02
714.98 831.00
714.00 830.02
713.98 830.00
713.00 829.02
712.00 829.02
711.98 829.00
711.00 828.02
710.98 828.00
710.00 827.02
709.98 827.00
709.00 826.02
708.00 826.02
707.98 826.00
707.00 825.02
706.98 825.00
706.00 824.02
705.00 824.02
704.98 824.00
704.00 823.02
703.98 823.00
703.00 822.02
702.00 822.02
701.98 822.00
701.00 821.02
700.00 821.02
699.00 821.02
698.98 821.00
698.00 820.02
697.00 820.02
696.98 820.00
696.00 819.02
695.00 819.02
694.00 819.02
693.00 819.02
692.00 819.02
691.00 819.02
690.00 819.02
689.00 819.02
688.00 819.02
687.00 819.02
686.00 819.02
685.00 819.02
684.00 819.02
683.00 819.02
682.00 819.02
681.00 819.02
680.02 820.00
680.00 820.02
679.00 820.02
678.00 820.02
677.00 820.02
676.02 821.00
676.00 821.02
675.00 821.02
674.00 821.02
673.02 822.00
673.00 822.02
672.00 822.02
671.02 823.00
671.00 823.02
670.00 823.02
669.02 824.00
669.00 824.02
668.00 824.02
667.02 825.00
667.00 825.02
666.02 826.00
666.00 826.02
665.02 827.00
665.00 827.02
664.02 828.00
664.00 828.02
663.02 829.00
663.00 829.02
662.02 830.00
662.00 830.02
661.02 831.00
661.02 832.00
661.00 832.02
660.02 833.00
660.02 834.00
660.02 835.00
660.00 835.02
659.02 836.00
659.02 837.00
659.02 838.00
659.02 839.00
659.02 840.00
659.02 841.00
659.02 842.00
659.02 843.00
659.02 844.00
659.02 845.00
659.02 846.00
659.02 847.00
660.00 847.98
660.02 848.00
660.02 849.00
661.00 849.98
661.02 850.00
661.02 851.00
662.00 851.98
662.02 852.00
663.00 852.98
663.02 853.00
663.02 854.00
664.00 854.98
664.02 855.00
664.02 856.00
665.00 856.98
665.02 857.00
665.02 858.00
666.00 858.98
666.02 859.00
667.00 859.98
667.02 860.00
667.02 861.00
668.00 861.98
668.02 862.00
669.00 862.98
669.02 863.00
670.00 863.98
670.02 864.00
670.02 865.00
671.00 865.98
671.02 866.00
672.00 866.98
672.02 867.00
672.02 868.00
673.00 868.98
673.02 869.00
674.00 869.98
674.02 870.00
675.00 870.98
675.02 871.00
676.00 871.98
676.02 872.00
677.00 872.98
677.02 873.00
678.00 873.98
678.02 874.00
678.02 875.00
679.00 875.98
679.02 876.00
680.00 876.98
681.00 876.98
681.02 877.00
682.00 877.98
682.02 878.00
683.00 878.98
683.02 879.00
684.00 879.98
684.02 880.00
685.00 880.98
686.00 880.98
686.02 881.00
687.00 881.98
688.00 881.98
688.02 882.00
689.00 882.98
690.00 882.98
691.00 882.98
691.02 883.00
692.00 883.98
693.00 883.98
694.00 883.98
694.02 884.00
695.00 884.98
696.00 884.98
697.00 884.98
698.00 884.98
699.00 884.98
700.00 884.98
701.00 884.98
702.00 884.98
703.00 884.98
704.00 884.98
705.00 884.98
706.00 884.98
707.00 884.98
708.00 884.98
709.00 884.98
710.00 884.98
710.98 884.00
711.00 883.98
712.00 883.98
713.00 883.98
713.98 883.00
714.00 882.98
715.00 882.98
715.98 882.00
716.00 881.98
716.98 881.00
717.00 880.98
717.98 880.00
718.00 879.98
719.00 879.98
719.98 879.00
720.00 878.98
720.98 878.00
720.98 877.00
721.00 876.98
721.98 876.00
722.00 875.98
722.98 875.00
723.00 874.98
723.98 874.00
723.98 873.00
724.00 872.98
724.98 872.00
725.00 871.98
725.98 871.00
725.98 870.00
725.98 869.00
726.00 868.98
726.98 868.00
726.98 867.00
726.98 866.00
727.00 865.98
727.98 865.00

Contour 22:
735.98 687.00
735.98 686.00
735.98 685.00
735.98 684.00
735.98 683.00
735.98 682.00
735.98 681.00
735.98 680.00
735.98 679.00
735.98 678.00
735.98 677.00
735.98 676.00
735.98 675.00
735.98 674.00
735.98 673.00
735.98 672.00
735.98 671.00
735.98 670.00
735.98 669.00
735.00 668.02
734.98 668.00
734.98 667.00
734.98 666.00
734.00 665.02
733.98 665.00
733.98 664.00
733.00 663.02
732.98 663.00
732.00 662.02
731.98 662.00
731.00 661.02
730.98 661.00
730.98 660.00
730.00 659.02
729.98 659.00
729.00 658.02
728.00 658.02
727.98 658.00
727.00 657.02
726.98 657.00
726.00 656.02
725.98 656.00
725.00 655.02
724.00 655.02
723.98 655.00
723.00 654.02
722.00 654.02
721.98 654.00
721.00 653.02
720.98 653.00
720.00 652.02
719.00 652.02
718.98 652.00
718.00 651.02
717.00 651.02
716.98 651.00
716.00 650.02
715.00 650.02
714.00 650.02
713.00 650.02
712.00 650.02
711.98 650.00
711.00 649.02
710.00 649.02
709.02 650.00
709.00 650.02
708.00 650.02
707.00 650.02
706.00 650.02
705.00 650.02
704.02 651.00
704.00 651.02
703.00 651.02
702.00 651.02
701.02 652.00
701.00 652.02
700.00 652.02
699.00 652.02
698.02 653.00
698.00 653.02
697.00 653.02
696.02 654.00
696.00 654.02
695.00 654.02
694.02 655.00
694.00 655.02
693.00 655.02
692.02 656.00
692.00 656.02
691.02 657.00
691.00 657.02
690.00 657.02
689.02 658.00
689.00 658.02
688.02 659.00
688.00 659.02
687.00 659.02
686.02 660.00
686.00 660.02
685.02 661.00
685.00 661.02
684.02 662.00
684.00 662.02
683.02 663.00
683.00 663.02
682.02 664.00
682.00 664.02
681.02 665.00
681.00 665.02
680.02 666.00
680.00 666.02
679.02 667.00
679.02 668.00
679.00 668.02
678.02 669.00
678.00 669.02
677.02 670.00
677.02 671.00
677.02 672.00
677.00 672.02
676.02 673.00
676.02 674.00
676.00 674.02
675.02 675.00
675.02 676.00
675.00 676.02
674.02 677.00
674.02 678.00
674.02 679.00
674.02 680.00
674.02 681.00
674.00 681.02
673.02 682.00
673.02 683.00
673.02 684.00
673.02 685.00
673.02 686.00
674.00 686.98
674.02 687.00
674.02 688.00
674.02 689.00
674.02 690.00
674.02 691.00
675.00 691.98
675.02 692.00
675.02 693.00
675.02 694.00
676.00 694.98
676.02 695.00
676.02 696.00
676.02 697.00
677.00 697.98
677.02 698.00
678.00 698.98
678.02 699.00
678.02 700.00
679.00 700.98
679.02 701.00
679.02 702.00
680.00 702.98
680.02 703.00
681.00 703.98
681.02 704.00
682.00 704.98
682.02 705.00
683.00 705.98
683.02 706.00
684.00 706.98
684.02 707.00
685.00 707.98
685.02 708.00
686.00 708.98
687.00 708.98
687.02 709.00
688.00 709.98
689.00 709.98
689.02 710.00
690.00 710.98
691.00 710.98
692.00 710.98
692.02 711.00
693.00 711.98
694.00 711.98
695.00 711.98
696.00 711.98
696.02 712.00
697.00 712.98
698.00 712.98
699.00 712.98
700.00 712.98
701.00 712.98
702.00 712.98
703.00 712.98
704.00 712.98
705.00 712.98
706.00 712.98
707.00 712.98
708.00 712.98
709.00 712.98
710.00 712.98
711.00 712.98
712.00 712.98
713.00 712.98
713.98 712.00
714.00 711.98
715.00 711.98
716.00 711.98
717.00 711.98
717.98 711.00
718.00 710.98
719.00 710.98
719.98 710.00
720.00 709.98
720.98 709.00
721.00 708.98
722.00 708.98
722.98 708.00
723.00 707.98
723.98 707.00
724.00 706.98
724.98 706.00
725.00 705.98
725.98 705.00
726.00 704.98
726.98 704.00
727.00 703.98
727.98 703.00
728.00 702.98
728.98 702.00
729.00 701.98
729.98 701.00
729.98 700.00
730.00 699.98
730.98 699.00
731.00 698.98
731.98 698.00
731.98 697.00
732.00 696.98
732.98 696.00
732.98 695.00
732.98 694.00
733.00 693.98
733.98 693.00
733.98 692.00
734.00 691.98
734.98 691.00
734.98 690.00
734.98 689.00
734.98 688.00
735.00 687.98
735.98 687.00

Contour 23:
762.98 441.00
762.98 440.00
762.98 439.00
762.98 438.00
762.98 437.00
762.98 436.00
762.98 435.00
762.98 434.00
762.98 433.00
762.98 432.00
762.98 431.00
762.00 430.02
761.98 430.00
761.98 429.00
761.98 428.00
761.00 427.02
760.98 427.00
760.98 426.00
760.00 425.02
759.98 425.00
759.98 424.00
759.00 423.02
758.98 423.00
758.00 422.02
757.98 422.00
757.00 421.02
756.98 421.00
756.00 420.02
755.98 420.00
755.00 419.02
754.98 419.00
754.00 418.02
753.98 418.00
753.00 417.02
752.98 417.00
752.00 416.02
751.98 416.00
751.00 415.02
750.98 415.00
750.00 414.02
749.98 414.00
749.00 413.02
748.98 413.00
748.00 412.02
747.98 412.00
747.00 411.02
746.98 411.00
746.00 410.02
745.98 410.00
745.00 409.02
744.98 409.00
744.00 408.02
743.00 408.02
742.98 408.00
742.00 407.02
741.00 407.02
740.98 407.00
740.00 406.02
739.00 406.02
738.00 406.02
737.00 406.02
736.00 406.02
735.00 406.02
734.00 406.02
733.00 406.02
732.02 407.00
732.00 407.02
731.00 407.02
730.00 407.02
729.02 408.00
729.00 408.02
728.00 408.02
727.02 409.00
727.00 409.02
726.02 410.00
726.00 410.02
725.02 411.00
725.00 411.02
724.02 412.00
724.00 412.02
723.02 413.00
723.00 413.02
722.02 414.00
722.02 415.00
722.00 415.02
721.02 416.00
721.00 416.02
720.02 417.00
720.02 418.00
720.02 419.00
720.00 419.02
719.02 420.00
719.02 421.00
719.00 421.02
718.02 422.00
718.02 423.00
718.02 424.00
718.00 424.02
717.02 425.00
717.02 426.00
717.02 427.00
717.00 427.02
716.02 428.00
716.02 429.00
716.02 430.00
716.02 431.00
716.02 432.00
716.02 433.00
716.02 434.00
716.02 435.00
716.02 436.00
716.00 436.02
715.02 437.00
715.02 438.00
715.02 439.00
715.02 440.00
715.02 441.00
715.02 442.00
715.02 443.00
715.02 444.00
715.02 445.00
715.02 446.00
715.02 447.00
715.02 448.00
715.00 448.02
714.02 449.00
714.02 450.00
714.02 451.00
714.02 452.00
714.02 453.00
714.02 454.00
714.02 455.00
714.02 456.00
714.02 457.00
714.02 458.00
715.00 458.98
715.02 459.00
715.02 460.00
715.02 461.00
715.02 462.00
716.00 462.98
716.02 463.00
716.02 464.00
716.02 465.00
716.02 466.00
716.02 467.00
717.00 467.98
717.02 468.00
717.02 469.00
718.00 469.98
718.02 470.00
718.02 471.00
719.00 471.98
719.02 472.00
720.00 472.98
720.02 473.00
721.00 473.98
721.02 474.00
722.00 474.98
723.00 474.98
723.02 475.00
724.00 475.98
725.00 475.98
726.00 475.98
727.00 475.98
727.02 476.00
728.00 476.98
729.00 476.98
729.98 476.00
730.00 475.98
731.00 475.98
732.00 475.98
733.00 475.98
733.98 475.00
734.00 474.98
735.00 474.98
735.98 474.00
736.00 473.98
736.98 473.00
737.00 472.98
738.00 472.98
738.98 472.00
739.00 471.98
740.00 471.98
740.98 471.00
741.00 470.98
741.98 470.00
742.00 469.98
743.00 469.98
743.98 469.00
744.00 468.98
744.98 468.00
745.00 467.98
745.98 467.00
746.00 466.98
746.98 466.00
747.00 465.98
747.98 465.00
748.00 464.98
748.98 464.00
749.00 463.98
749.98 463.00
750.00 462.98
750.98 462.00
751.00 461.98
751.98 461.00
752.00 460.98
752.98 460.00
753.00 459.98
753.98 459.00
754.00 458.98
754.98 458.00
754.98 457.00
755.00 456.98
755.98 456.00
756.00 455.98
756.98 455.00
757.00 454.98
757.98 454.00
757.98 453.00
758.00 452.98
758.98 452.00
758.98 451.00
759.00 450.98
759.98 450.00
759.98 449.00
760.00 448.98
760.98 448.00
760.98 447.00
761.00 446.98
761.98 446.00
761.98 445.00
761.98 444.00
761.98 443.00
761.98 442.00
762.00 441.98
762.98 441.00

Contour 24:
916.98 776.00
916.98 775.00
916.98 774.00
916.00 773.02
915.98 773.00
915.98 772.00
915.98 771.00
915.98 770.00
915.98 769.00
915.00 768.02
914.98 768.00
914.98 767.00
914.98 766.00
914.98 765.00
914.00 764.02
913.98 764.00
913.98 763.00
913.98 762.00
913.98 761.00
913.00 760.02
912.98 760.00
912.98 759.00
912.98 758.00
912.00 757.02
911.98 757.00
911.98 756.00
911.98 755.00
911.00 754.02
910.98 754.00
910.98 753.00
910.00 752.02
909.98 752.00
909.98 751.00
909.00 750.02
908.98 750.00
908.00 749.02
907.98 749.00
907.98 748.00
907.00 747.02
906.98 747.00
906.00 746.02
905.98 746.00
905.00 745.02
904.98 745.00
904.00 744.02
903.98 744.00
903.00 743.02
902.98 743.00
902.00 742.02
901.98 742.00
901.00 741.02
900.98 741.00
900.00 740.02
899.98 740.00
899.00 739.02
898.00 739.02
897.98 739.00
897.00 738.02
896.98 738.00
896.00 737.02
895.00 737.02
894.98 737.00
894.00 736.02
893.00 736.02
892.98 736.00
892.00 735.02
891.00 735.02
890.00 735.02
889.98 735.00
889.00 734.02
888.00 734.02
887.98 734.00
887.00 733.02
886.00 733.02
885.98 733.00
885.00 732.02
884.00 732.02
883.00 732.02
882.98 732.00
882.00 731.02
881.00 731.02
880.00 731.02
879.98 731.00
879.00 730.02
878.00 730.02
877.00 730.02
876.98 730.00
876.00 729.02
875.00 729.02
874.00 729.02
873.00 729.02
872.00 729.02
871.00 729.02
870.00 729.02
869.00 729.02
868.00 729.02
867.00 729.02
866.00 729.02
865.00 729.02
864.00 729.02
863.00 729.02
862.00 729.02
861.02 730.00
861.00 730.02
860.00 730.02
859.00 730.02
858.02 731.00
858.00 731.02
857.00 731.02
856.00 731.02
855.00 731.02
854.02 732.00
854.00 732.02
853.00 732.02
852.02 733.00
852.00 733.02
851.00 733.02
850.00 733.02
849.02 734.00
849.00 734.02
848.02 735.00
848.00 735.02
847.00 735.02
846.02 736.00
846.00 736.02
845.00 736.02
844.02 737.00
844.00 737.02
843.02 738.00
843.00 738.02
842.02 739.00
842.00 739.02
841.02 740.00
841.00 740.02
840.02 741.00
840.00 741.02
839.02 742.00
839.00 742.02
838.02 743.00
838.00 743.02
837.02 744.00
837.00 744.02
836.02 745.00
836.00 745.02
835.02 746.00
835.00 746.02
834.02 747.00
834.02 748.00
834.00 748.02
833.02 749.00
833.00 749.02
832.02 750.00
832.02 751.00
832.00 751.02
831.02 752.00
831.02 753.00
831.02 754.00
831.02 755.00
831.00 755.02
830.02 756.00
830.02 757.00
830.02 758.00
830.02 759.00
830.02 760.00
830.02 761.00
830.00 761.02
829.02 762.00
829.02 763.00
829.02 764.00
829.02 765.00
829.02 766.00
829.02 767.00
829.02 768.00
829.02 769.00
829.02 770.00
829.02 771.00
829.02 772.00
829.02 773.00
829.02 774.00
829.02 775.00
830.00 775.98
830.02 776.00
830.02 777.00
830.02 778.00
830.02 779.00
830.02 780.00
830.02 781.00
831.00 781.98
831.02 782.00
831.02 783.00
831.02 784.00
831.02 785.00
832.00 785.98
832.02 786.00
832.02 787.00
832.02 788.00
832.02 789.00
833.00 789.98
833.02 790.00
833.02 791.00
834.00 791.98
834.02 792.00
834.02 793.00
835.00 793.98
835.02 794.00
836.00 794.98
836.02 795.00
836.02 796.00
837.00 796.98
837.02 797.00
838.00 797.98
838.02 798.00
839.00 798.98
839.02 799.00
840.00 799.98
840.02 800.00
841.00 800.98
841.02 801.00
842.00 801.98
842.02 802.00
843.00 802.98
844.00 802.98
844.02 803.00
845.00 803.98
845.02 804.00
846.00 804.98
847.00 804.98
847.02 805.00
848.00 805.98
848.02 806.00
849.00 806.98
850.00 806.98
850.02 807.00
851.00 807.98
852.00 807.98
852.02 808.00
853.00 808.98
854.00 808.98
854.02 809.00
855.00 809.98
856.00 809.98
856.02 810.00
857.00 810.98
858.00 810.98
858.02 811.00
859.00 811.98
860.00 811.98
861.00 811.98
861.02 812.00
862.00 812.98
863.00 812.98
864.00 812.98
864.02 813.00
865.00 813.98
866.00 813.98
867.00 813.98
868.00 813.98
868.02 814.00
869.00 814.98
870.00 814.98
871.00 814.98
872.00 814.98
873.00 814.98
874.00 814.98
875.00 814.98
876.00 814.98
877.00 814.98
878.00 814.98
879.00 814.98
880.00 814.98
881.00 814.98
882.00 814.98
883.00 814.98
884.00 814.98
885.00 814.98
885.98 814.00
886.00 813.98
887.00 813.98
888.00 813.98
889.00 813.98
889.98 813.00
890.00 812.98
891.00 812.98
892.00 812.98
892.98 812.00
893.00 811.98
894.00 811.98
894.98 811.00
895.00 810.98
896.00 810.98
896.98 810.00
897.00 809.98
898.00 809.98
898.98 809.00
899.00 808.98
899.98 808.00
900.00 807.98
901.00 807.98
901.98 807.00
902.00 806.98
902.98 806.00
903.00 805.98
903.98 805.00
904.00 804.98
904.98 804.00
905.00 803.98
905.98 803.00
906.00 802.98
906.98 802.00
907.00 801.98
907.98 801.00
907.98 800.00
908.00 799.98
908.98 799.00
909.00 798.98
909.98 798.00
910.00 797.98
910.98 797.00
910.98 796.00
911.00 795.98
911.98 795.00
911.98 794.00
912.00 793.98
912.98 793.00
912.98 792.00
913.00 791.98
913.98 791.00
913.98 790.00
914.00 789.98
914.98 789.00
914.98 788.00
914.98 787.00
914.98 786.00
915.00 785.98
915.98 785.00
915.98 784.00
915.98 783.00
915.98 782.00
915.98 781.00
915.98 780.00
915.98 779.00
915.98 778.00
915.98 777.00
916.00 776.98
916.98 776.00

