Contour 0:
0.00 826.50
0.50 827.00
0.50 828.00
1.00 828.50
1.50 829.00
1.50 830.00
1.50 831.00
1.50 832.00
2.00 832.50
2.50 833.00
2.50 834.00
3.00 834.50
3.50 835.00
4.00 835.50
5.00 835.50
5.50 836.00
6.00 836.50
6.50 837.00
6.50 838.00
7.00 838.50
7.50 839.00
7.50 840.00
7.50 841.00
7.50 842.00
8.00 842.50
8.50 843.00
9.00 843.50
10.00 843.50
10.50 843.00
11.00 842.50
11.50 842.00
12.00 841.50
13.00 841.50
14.00 841.50
15.00 841.50
15.50 841.00
16.00 840.50
17.00 840.50
18.00 840.50
19.00 840.50
19.50 840.00
20.00 839.50
21.00 839.50
22.00 839.50
22.50 839.00
23.00 838.50
23.50 838.00
24.00 837.50
25.00 837.50
25.50 837.00
26.00 836.50
26.50 836.00
26.50 835.00
27.00 834.50
27.50 834.00
28.00 833.50
28.50 833.00
28.50 832.00
29.00 831.50
29.50 831.00
29.50 830.00
30.00 829.50
30.50 829.00
31.00 828.50
31.50 828.00
31.50 827.00
31.50 826.00
31.50 825.00
32.00 824.50
32.50 824.00
32.50 823.00
32.50 822.00
32.50 821.00
32.50 820.00
32.50 819.00
32.50 818.00
32.50 817.00
32.00 816.50
31.50 816.00
31.50 815.00
31.00 814.50
30.00 814.50
29.00 814.50
28.50 814.00
28.50 813.00
28.50 812.00
28.50 811.00
28.50 810.00
28.50 809.00
28.50 808.00
28.50 807.00
28.00 806.50
27.50 806.00
27.00 805.50
26.50 805.00
26.00 804.50
25.00 804.50
24.00 804.50
23.50 804.00
23.00 803.50
22.00 803.50
21.00 803.50
20.00 803.50
19.00 803.50
18.00 803.50
17.00 803.50
16.00 803.50
15.00 803.50
14.00 803.50
13.00 803.50
12.00 803.50
11.00 803.50
10.00 803.50
9.00 803.50
8.50 804.00
8.00 804.50
7.00 804.50
6.00 804.50
5.00 804.50
4.50 805.00
4.50 806.00
4.00 806.50
3.50 807.00
3.50 808.00
3.00 808.50
2.50 809.00
2.50 810.00
2.00 810.50
1.50 811.00
1.50 812.00
1.50 813.00
1.00 813.50
0.50 814.00
0.50 815.00
0.50 816.00
0.00 816.50

Contour 1:
64.75 187.00
64.75 186.00
64.75 185.00
64.75 184.00
64.00 183.25
63.75 183.00
63.75 182.00
63.75 181.00
63.00 180.25
62.75 180.00
62.75 179.00
62.00 178.25
61.75 178.00
61.75 177.00
61.00 176.25
60.75 176.00
60.00 175.25
59.75 175.00
59.00 174.25
58.75 174.00
58.75 173.00
58.00 172.25
57.75 172.00
57.00 171.25
56.75 171.00
56.00 170.25
55.75 170.00
55.00 169.25
54.00 169.25
53.75 169.00
53.00 168.25
52.75 168.00
52.00 167.25
51.00 167.25
50.75 167.00
50.00 166.25
49.75 166.00
49.00 165.25
48.75 165.00
48.00 164.25
47.00 164.25
46.75 164.00
46.00 163.25
45.75 163.00
45.00 162.25
44.00 162.25
43.75 162.00
43.00 161.25
42.00 161.25
41.75 161.00
41.00 160.25
40.00 160.25
39.00 160.25
38.75 160.00
38.00 159.25
37.00 159.25
36.00 159.25
35.75 159.00
35.00 158.25
34.00 158.25
33.00 158.25
32.00 158.25
31.00 158.25
30.75 158.00
30.00 157.25
29.00 157.25
28.00 157.25
27.00 157.25
26.00 157.25
25.00 157.25
24.00 157.25
23.00 157.25
22.00 157.25
21.25 158.00
21.00 158.25
20.00 158.25
19.00 158.25
18.00 158.25
17.25 159.00
17.00 159.25
16.00 159.25
15.25 160.00
15.00 160.25
14.00 160.25
13.25 161.00
13.00 161.25
12.25 162.00
12.00 162.25
11.00 162.25
10.25 163.00
10.00 163.25
9.25 164.00
9.00 164.25
8.25 165.00
8.25 166.00
8.00 166.25
7.25 167.00
7.25 168.00
7.00 168.25
6.25 169.00
6.25 170.00
6.00 170.25
5.25 171.00
5.25 172.00
5.25 173.00
5.00 173.25
4.25 174.00
4.25 175.00
4.25 176.00
4.25 177.00
4.25 178.00
4.00 178.25
3.25 179.00
3.25 180.00
3.25 181.00
3.25 182.00
3.00 182.25
2.25 183.00
2.25 184.00
2.25 185.00
2.25 186.00
2.25 187.00
2.00 187.25
1.25 188.00
1.25 189.00
1.25 190.00
1.25 191.00
1.25 192.00
1.25 193.00
1.25 194.00
1.25 195.00
1.25 196.00
1.25 197.00
2.00 197.75
2.25 198.00
2.25 199.00
2.25 200.00
3.00 200.75
3.25 201.00
4.00 201.75
4.25 202.00
5.00 202.75
5.25 203.00
6.00 203.75
6.25 204.00
7.00 204.75
7.25 205.00
8.00 205.75
8.25 206.00
9.00 206.75
9.25 207.00
10.00 207.75
11.00 207.75
11.25 208.00
12.00 208.75
13.00 208.75
13.25 209.00
14.00 209.75
15.00 209.75
15.25 210.00
16.00 210.75
17.00 210.75
18.00 210.75
19.00 210.75
19.25 211.00
20.00 211.75
21.00 211.75
22.00 211.75
23.00 211.75
24.00 211.75
25.00 211.75
25.25 212.00
26.00 212.75
27.00 212.75
28.00 212.75
29.00 212.75
30.00 212.75
31.00 212.75
32.00 212.75
33.00 212.75
33.75 212.00
34.00 211.75
35.00 211.75
36.00 211.75
37.00 211.75
38.00 211.75
39.00 211.75
39.75 211.00
40.00 210.75
41.00 210.75
42.00 210.75
42.75 210.00
43.00 209.75
44.00 209.75
44.75 209.00
45.00 208.75
46.00 208.75
46.75 208.00
47.00 207.75
47.75 207.00
48.00 206.75
49.00 206.75
49.75 206.00
50.00 205.75
50.75 205.00
51.00 204.75
52.00 204.75
52.75 204.00
53.00 203.75
53.75 203.00
54.00 202.75
54.75 202.00
55.00 201.75
56.00 201.75
56.75 201.00
57.00 200.75
57.75 200.00
57.75 199.00
58.00 198.75
58.75 198.00
59.00 197.75
59.75 197.00
60.00 196.75
60.75 196.00
60.75 195.00
61.00 194.75
61.75 194.00
62.00 193.75
62.75 193.00
62.75 192.00
62.75 191.00
63.00 190.75
63.75 190.00
63.75 189.00
63.75 188.00
64.00 187.75
64.75 187.00

Contour 2:
152.83 483.00
152.83 482.00
152.83 481.00
152.83 480.00
152.00 479.17
151.83 479.00
151.83 478.00
151.83 477.00
151.83 476.00
151.83 475.00
151.00 474.17
150.83 474.00
150.83 473.00
150.83 472.00
150.00 471.17
149.83 471.00
149.83 470.00
149.00 469.17
148.83 469.00
148.83 468.00
148.00 467.17
147.83 467.00
147.83 466.00
147.00 465.17
146.83 465.00
146.00 464.17
145.83 464.00
145.00 463.17
144.83 463.00
144.83 462.00
144.00 461.17
143.00 461.17
142.83 461.00
142.00 460.17
141.83 460.00
141.00 459.17
140.83 459.00
140.00 458.17
139.83 458.00
139.00 457.17
138.83 457.00
138.00 456.17
137.83 456.00
137.00 455.17
136.83 455.00
136.00 454.17
135.83 454.00
135.83 453.00
135.00 452.17
134.83 452.00
134.00 451.17
133.83 451.00
133.83 450.00
133.00 449.17
132.83 449.00
132.00 448.17
131.00 448.17
130.83 448.00
130.00 447.17
129.83 447.00
129.00 446.17
128.83 446.00
128.00 445.17
127.00 445.17
126.83 445.00
126.00 444.17
125.83 444.00
125.00 443.17
124.00 443.17
123.00 443.17
122.83 443.00
122.00 442.17
121.00 442.17
120.00 442.17
119.00 442.17
118.83 442.00
118.00 441.17
117.00 441.17
116.00 441.17
115.00 441.17
114.83 441.00
114.88 440.00
114.88 439.00
115.00 438.88
115.88 438.00
116.00 437.88
116.88 437.00
117.00 436.88
117.88 436.00
118.00 435.88
118.88 435.00
118.88 434.00
119.00 433.88
119.88 433.00
120.00 432.88
120.88 432.00
120.88 431.00
121.00 430.88
121.88 430.00
121.88 429.00
121.88 428.00
122.00 427.88
122.88 427.00
122.88 426.00
122.88 425.00
122.88 424.00
122.88 423.00
122.88 422.00
122.88 421.00
122.88 420.00
122.88 419.00
122.88 418.00
122.88 417.00
122.88 416.00
122.00 415.12
121.88 415.00
121.88 414.00
121.88 413.00
121.00 412.12
120.88 412.00
120.88 411.00
120.00 410.12
119.88 410.00
119.88 409.00
119.00 408.12
118.88 408.00
118.88 407.00
118.00 406.12
117.88 406.00
117.88 405.00
117.00 404.12
116.88 404.00
116.00 403.12
115.88 403.00
115.00 402.12
114.88 402.00
114.00 401.12
113.00 401.12
112.88 401.00
112.00 400.12
111.00 400.12
110.88 400.00
110.00 399.12
109.00 399.12
108.00 399.12
107.00 399.12
106.00 399.12
105.00 399.12
104.00 399.12
103.00 399.12
102.12 400.00
102.00 400.12
101.00 400.12
100.12 401.00
100.00 401.12
99.00 401.12
98.12 402.00
98.00 402.12
97.12 403.00
97.00 403.12
96.12 404.00
96.00 404.12
95.12 405.00
95.12 406.00
95.00 406.12
94.12 407.00
94.12 408.00
94.00 408.12
93.12 409.00
93.12 410.00
93.12 411.00
93.00 411.12
92.12 412.00
92.12 413.00
92.12 414.00
92.12 415.00
92.12 416.00
92.12 417.00
92.12 418.00
93.00 418.88
93.12 419.00
93.12 420.00
93.12 421.00
94.00 421.88
94.12 422.00
94.12 423.00
94.12 424.00
95.00 424.88
95.12 425.00
95.12 426.00
95.12 427.00
96.00 427.88
96.12 428.00
96.12 429.00
96.12 430.00
97.00 430.88
97.12 431.00
97.12 432.00
98.00 432.88
98.12 433.00
98.12 434.00
99.00 434.88
99.12 435.00
99.12 436.00
100.00 436.88
100.12 437.00
100.12 438.00
100.00 438.17
99.00 438.17
98.00 438.17
97.83 438.00
97.00 437.17
96.00 437.17
95.83 437.00
95.00 436.17
94.83 436.00
94.00 435.17
93.00 435.17
92.83 435.00
92.00 434.17
91.00 434.17
90.00 434.17
89.83 434.00
89.00 433.17
88.00 433.17
87.00 433.17
86.00 433.17
85.00 433.17
84.00 433.17
83.00 433.17
82.00 433.17
81.00 433.17
80.00 433.17
79.17 434.00
79.00 434.17
78.00 434.17
77.17 435.00
77.00 435.17
76.00 435.17
75.17 436.00
75.00 436.17
74.17 437.00
74.00 437.17
73.17 438.00
73.00 438.17
72.17 439.00
72.00 439.17
71.17 440.00
71.00 440.17
70.17 441.00
70.17 442.00
70.00 442.17
69.17 443.00
69.00 443.17
68.17 444.00
68.17 445.00
68.17 446.00
68.00 446.17
67.17 447.00
67.17 448.00
67.17 449.00
67.17 450.00
67.17 451.00
67.17 452.00
67.00 452.17
66.17 453.00
66.17 454.00
66.17 455.00
66.17 456.00
66.17 457.00
66.17 458.00
66.17 459.00
66.17 460.00
66.17 461.00
66.17 462.00
66.17 463.00
66.17 464.00
66.17 465.00
66.17 466.00
66.17 467.00
66.17 468.00
66.17 469.00
66.17 470.00
66.17 471.00
66.17 472.00
66.00 472.17
65.17 473.00
65.17 474.00
65.17 475.00
65.17 476.00
65.17 477.00
66.00 477.83
66.17 478.00
66.17 479.00
66.17 480.00
66.17 481.00
66.17 482.00
66.17 483.00
66.17 484.00
66.17 485.00
67.00 485.83
67.17 486.00
67.17 487.00
67.17 488.00
68.00 488.83
68.17 489.00
68.17 490.00
69.00 490.83
69.17 491.00
69.17 492.00
70.00 492.83
70.17 493.00
70.17 494.00
71.00 494.83
71.17 495.00
72.00 495.83
72.17 496.00
72.17 497.00
73.00 497.83
73.17 498.00
74.00 498.83
74.17 499.00
74.17 500.00
75.00 500.83
75.17 501.00
76.00 501.83
76.17 502.00
76.17 503.00
77.00 503.83
77.17 504.00
78.00 504.83
78.17 505.00
79.00 505.83
79.17 506.00
80.00 506.83
80.17 507.00
81.00 507.83
81.17 508.00
82.00 508.83
82.17 509.00
83.00 509.83
83.17 510.00
84.00 510.83
84.17 511.00
85.00 511.83
85.17 512.00
86.00 512.83
86.17 513.00
87.00 513.83
87.17 514.00
88.00 514.83
88.17 515.00
89.00 515.83
90.00 515.83
90.17 516.00
91.00 516.83
91.17 517.00
92.00 517.83
92.17 518.00
93.00 518.83
94.00 518.83
94.17 519.00
95.00 519.83
95.17 520.00
96.00 520.83
96.17 521.00
97.00 521.83
98.00 521.83
98.17 522.00
99.00 522.83
99.17 523.00
100.00 523.83
101.00 523.83
101.17 524.00
102.00 524.83
103.00 524.83
104.00 524.83
104.17 525.00
105.00 525.83
106.00 525.83
107.00 525.83
108.00 525.83
109.00 525.83
109.17 526.00
110.00 526.83
110.83 526.00
111.00 525.83
112.00 525.83
113.00 525.83
114.00 525.83
115.00 525.83
115.83 525.00
116.00 524.83
117.00 524.83
117.83 524.00
118.00 523.83
118.83 523.00
119.00 522.83
119.83 522.00
120.00 521.83
120.83 521.00
121.00 520.83
121.83 520.00
122.00 519.83
123.00 519.83
123.83 519.00
124.00 518.83
125.00 518.83
125.83 518.00
126.00 517.83
126.83 517.00
127.00 516.83
128.00 516.83
128.83 516.00
129.00 515.83
129.83 515.00
130.00 514.83
131.00 514.83
131.83 514.00
132.00 513.83
133.00 513.83
133.83 513.00
134.00 512.83
135.00 512.83
135.83 512.00
136.00 511.83
137.00 511.83
137.83 511.00
138.00 510.83
138.83 510.00
139.00 509.83
139.83 509.00
140.00 508.83
141.00 508.83
141.83 508.00
142.00 507.83
142.83 507.00
143.00 506.83
143.83 506.00
144.00 505.83
144.83 505.00
145.00 504.83
145.83 504.00
145.83 503.00
146.00 502.83
146.83 502.00
146.83 501.00
146.83 500.00
147.00 499.83
147.83 499.00
147.83 498.00
147.83 497.00
148.00 496.83
148.83 496.00
148.83 495.00
149.00 494.83
149.83 494.00
149.83 493.00
150.00 492.83
150.83 492.00
150.83 491.00
150.83 490.00
151.00 489.83
151.83 489.00
151.83 488.00
151.83 487.00
151.83 486.00
151.83 485.00
151.83 484.00
152.00 483.83
152.83 483.00

Contour 3:
159.90 545.00
159.90 544.00
159.90 543.00
159.90 542.00
159.90 541.00
159.90 540.00
159.00 539.10
158.90 539.00
158.00 538.10
157.90 538.00
157.00 537.10
156.90 537.00
156.00 536.10
155.00 536.10
154.90 536.00
154.00 535.10
153.00 535.10
152.00 535.10
151.00 535.10
150.00 535.10
149.00 535.10
148.00 535.10
147.00 535.10
146.10 536.00
146.00 536.10
145.00 536.10
144.10 537.00
144.00 537.10
143.10 538.00
143.00 538.10
142.10 539.00
142.00 539.10
141.00 539.10
140.10 540.00
140.00 540.10
139.10 541.00
139.00 541.10
138.10 542.00
138.00 542.10
137.10 543.00
137.00 543.10
136.10 544.00
136.10 545.00
136.00 545.10
135.10 546.00
135.10 547.00
135.00 547.10
134.10 548.00
134.10 549.00
134.10 550.00
134.10 551.00
134.10 552.00
134.10 553.00
134.10 554.00
135.00 554.90
135.10 555.00
135.10 556.00
135.10 557.00
135.10 558.00
136.00 558.90
136.10 559.00
136.10 560.00
137.00 560.90
137.10 561.00
137.10 562.00
138.00 562.90
138.10 563.00
139.00 563.90
139.10 564.00
140.00 564.90
141.00 564.90
141.10 565.00
142.00 565.90
143.00 565.90
144.00 565.90
145.00 565.90
145.90 565.00
146.00 564.90
146.90 564.00
147.00 563.90
147.90 563.00
148.00 562.90
148.90 562.00
149.00 561.90
149.90 561.00
149.90 560.00
149.90 559.00
150.00 558.90
150.90 558.00
150.90 557.00
151.00 556.90
151.90 556.00
151.90 555.00
152.00 554.90
152.90 554.00
153.00 553.90
153.90 553.00
154.00 552.90
154.90 552.00
155.00 551.90
155.90 551.00
156.00 550.90
156.90 550.00
157.00 549.90
157.90 549.00
157.90 548.00
158.00 547.90
158.90 547.00
158.90 546.00
159.00 545.90
159.90 545.00

Contour 4:
213.92 182.00
213.92 181.00
213.92 180.00
213.92 179.00
213.92 178.00
213.92 177.00
213.92 176.00
213.92 175.00
213.92 174.00
213.92 173.00
213.00 172.08
212.92 172.00
212.92 171.00
212.92 170.00
212.00 169.08
211.92 169.00
211.92 168.00
211.92 167.00
211.00 166.08
210.92 166.00
210.92 165.00
210.92 164.00
210.00 163.08
209.92 163.00
209.92 162.00
209.92 161.00
209.00 160.08
208.92 160.00
208.92 159.00
208.92 158.00
208.00 157.08
207.92 157.00
207.00 156.08
206.92 156.00
206.00 155.08
205.92 155.00
205.92 154.00
205.00 153.08
204.92 153.00
204.00 152.08
203.92 152.00
203.00 151.08
202.92 151.00
202.00 150.08
201.92 150.00
201.00 149.08
200.92 149.00
200.00 148.08
199.92 148.00
199.00 147.08
198.00 147.08
197.92 147.00
197.00 146.08
196.00 146.08
195.92 146.00
195.00 145.08
194.00 145.08
193.00 145.08
192.92 145.00
192.00 144.08
191.00 144.08
190.00 144.08
189.92 144.00
189.00 143.08
188.00 143.08
187.00 143.08
186.00 143.08
185.00 143.08
184.92 143.00
184.00 142.08
183.00 142.08
182.00 142.08
181.00 142.08
180.00 142.08
179.00 142.08
178.00 142.08
177.00 142.08
176.00 142.08
175.00 142.08
174.00 142.08
173.00 142.08
172.00 142.08
171.08 143.00
171.00 143.08
170.00 143.08
169.00 143.08
168.00 143.08
167.00 143.08
166.00 143.08
165.08 144.00
165.00 144.08
164.00 144.08
163.00 144.08
162.00 144.08
161.08 145.00
161.00 145.08
160.00 145.08
159.00 145.08
158.08 146.00
158.00 146.08
157.00 146.08
156.08 147.00
156.00 147.08
155.08 148.00
155.00 148.08
154.08 149.00
154.00 149.08
153.08 150.00
153.00 150.08
152.08 151.00
152.00 151.08
151.08 152.00
151.00 152.08
150.08 153.00
150.00 153.08
149.08 154.00
149.00 154.08
148.08 155.00
148.00 155.08
147.08 156.00
147.08 157.00
147.00 157.08
146.08 158.00
146.00 158.08
145.08 159.00
145.08 160.00
145.08 161.00
145.00 161.08
144.08 162.00
144.08 163.00
144.00 163.08
143.08 164.00
143.08 165.00
143.08 166.00
143.00 166.08
142.08 167.00
142.08 168.00
142.08 169.00
142.00 169.08
141.08 170.00
141.08 171.00
141.08 172.00
141.08 173.00
141.08 174.00
141.08 175.00
141.08 176.00
141.08 177.00
141.00 177.08
140.08 178.00
140.08 179.00
140.08 180.00
140.08 181.00
140.08 182.00
140.08 183.00
140.08 184.00
141.00 184.92
141.08 185.00
141.08 186.00
141.08 187.00
141.08 188.00
142.00 188.92
142.08 189.00
142.08 190.00
142.08 191.00
142.08 192.00
143.00 192.92
143.08 193.00
143.08 194.00
144.00 194.92
144.08 195.00
144.08 196.00
145.00 196.92
145.08 197.00
145.08 198.00
146.00 198.92
146.08 199.00
147.00 199.92
147.08 200.00
148.00 200.92
148.08 201.00
149.00 201.92
149.08 202.00
150.00 202.92
150.08 203.00
151.00 203.92
152.00 203.92
152.08 204.00
153.00 204.92
153.08 205.00
154.00 205.92
155.00 205.92
155.08 206.00
156.00 206.92
157.00 206.92
157.08 207.00
158.00 207.92
158.08 208.00
159.00 208.92
160.00 208.92
161.00 208.92
161.08 209.00
162.00 209.92
163.00 209.92
163.08 210.00
164.00 210.92
165.00 210.92
166.00 210.92
167.00 210.92
167.08 211.00
168.00 211.92
169.00 211.92
170.00 211.92
171.00 211.92
172.00 211.92
172.08 212.00
173.00 212.92
174.00 212.92
175.00 212.92
176.00 212.92
177.00 212.92
177.92 212.00
178.00 211.92
179.00 211.92
180.00 211.92
181.00 211.92
182.00 211.92
183.00 211.92
183.92 211.00
184.00 210.92
185.00 210.92
186.00 210.92
187.00 210.92
187.92 210.00
188.00 209.92
189.00 209.92
190.00 209.92
191.00 209.92
191.92 209.00
192.00 208.92
193.00 208.92
194.00 208.92
194.92 208.00
195.00 207.92
196.00 207.92
196.92 207.00
197.00 206.92
197.92 206.00
198.00 205.92
199.00 205.92
199.92 205.00
200.00 204.92
200.92 204.00
201.00 203.92
201.92 203.00
202.00 202.92
202.92 202.00
203.00 201.92
203.92 201.00
204.00 200.92
204.92 200.00
205.00 199.92
205.92 199.00
205.92 198.00
206.00 197.92
206.92 197.00
207.00 196.92
207.92 196.00
207.92 195.00
208.00 194.92
208.92 194.00
208.92 193.00
209.00 192.92
209.92 192.00
209.92 191.00
210.00 190.92
210.92 190.00
210.92 189.00
211.00 188.92
211.92 188.00
211.92 187.00
211.92 186.00
212.00 185.92
212.92 185.00
212.92 184.00
212.92 183.00
213.00 182.92
213.92 182.00

Contour 5:
218.93 453.00
218.93 452.00
218.93 451.00
218.93 450.00
218.93 449.00
218.93 448.00
218.93 447.00
218.00 446.07
217.93 446.00
217.93 445.00
217.93 444.00
217.93 443.00
217.93 442.00
217.00 441.07
216.93 441.00
216.93 440.00
216.93 439.00
216.93 438.00
216.00 437.07
215.93 437.00
215.93 436.00
215.00 435.07
214.93 435.00
214.93 434.00
214.93 433.00
214.00 432.07
213.93 432.00
213.93 431.00
213.00 430.07
212.93 430.00
212.93 429.00
212.00 428.07
211.93 428.00
211.00 427.07
210.93 427.00
210.00 426.07
209.93 426.00
209.00 425.07
208.93 425.00
208.00 424.07
207.93 424.00
207.00 423.07
206.93 423.00
206.00 422.07
205.93 422.00
205.00 421.07
204.00 421.07
203.93 421.00
203.00 420.07
202.93 420.00
202.00 419.07
201.00 419.07
200.93 419.00
200.00 418.07
199.00 418.07
198.00 418.07
197.93 418.00
197.00 417.07
196.00 417.07
195.93 417.00
195.00 416.07
194.00 416.07
193.00 416.07
192.00 416.07
191.00 416.07
190.93 416.00
190.00 415.07
189.00 415.07
188.00 415.07
187.00 415.07
186.00 415.07
185.00 415.07
184.07 416.00
184.00 416.07
183.00 416.07
182.00 416.07
181.07 417.00
181.00 417.07
180.00 417.07
179.00 417.07
178.07 418.00
178.00 418.07
177.00 418.07
176.07 419.00
176.00 419.07
175.00 419.07
174.07 420.00
174.00 420.07
173.00 420.07
172.07 421.00
172.00 421.07
171.07 422.00
171.00 422.07
170.00 422.07
169.07 423.00
169.00 423.07
168.07 424.00
168.00 424.07
167.07 425.00
167.00 425.07
166.07 426.00
166.00 426.07
165.07 427.00
165.00 427.07
164.07 428.00
164.00 428.07
163.07 429.00
163.00 429.07
162.07 430.00
162.07 431.00
162.00 431.07
161.07 432.00
161.07 433.00
161.00 433.07
160.07 434.00
160.07 435.00
160.07 436.00
160.00 436.07
159.07 437.00
159.07 438.00
159.07 439.00
159.07 440.00
159.07 441.00
159.07 442.00
159.07 443.00
159.07 444.00
159.07 445.00
159.07 446.00
159.07 447.00
159.07 448.00
159.07 449.00
159.07 450.00
159.07 451.00
159.07 452.00
159.07 453.00
159.07 454.00
160.00 454.93
160.07 455.00
160.07 456.00
160.07 457.00
161.00 457.93
161.07 458.00
161.07 459.00
162.00 459.93
162.07 460.00
162.07 461.00
163.00 461.93
163.07 462.00
163.07 463.00
164.00 463.93
164.07 464.00
164.07 465.00
165.00 465.93
165.07 466.00
166.00 466.93
166.07 467.00
166.07 468.00
167.00 468.93
167.07 469.00
168.00 469.93
168.07 470.00
169.00 470.93
170.00 470.93
170.07 471.00
171.00 471.93
171.07 472.00
172.00 472.93
173.00 472.93
173.07 473.00
174.00 473.93
175.00 473.93
175.07 474.00
176.00 474.93
177.00 474.93
177.07 475.00
178.00 475.93
179.00 475.93
179.07 476.00
180.00 476.93
181.00 476.93
182.00 476.93
182.07 477.00
183.00 477.93
184.00 477.93
185.00 477.93
186.00 477.93
187.00 477.93
188.00 477.93
188.07 478.00
189.00 478.93
190.00 478.93
191.00 478.93
192.00 478.93
193.00 478.93
194.00 478.93
195.00 478.93
196.00 478.93
197.00 478.93
198.00 478.93
198.93 478.00
199.00 477.93
200.00 477.93
201.00 477.93
201.93 477.00
202.00 476.93
203.00 476.93
203.93 476.00
204.00 475.93
205.00 475.93
205.93 475.00
206.00 474.93
206.93 474.00
207.00 473.93
207.93 473.00
208.00 472.93
208.93 472.00
209.00 471.93
209.93 471.00
210.00 470.93
210.93 470.00
211.00 469.93
211.93 469.00
212.00 468.93
212.93 468.00
213.00 467.93
213.93 467.00
213.93 466.00
214.00 465.93
214.93 465.00
214.93 464.00
215.00 463.93
215.93 463.00
215.93 462.00
216.00 461.93
216.93 461.00
216.93 460.00
216.93 459.00
217.00 458.93
217.93 458.00
217.93 457.00
217.93 456.00
217.93 455.00
217.93 454.00
218.00 453.93
218.93 453.00

Contour 6:
250.94 584.00
250.94 583.00
250.94 582.00
250.94 581.00
250.94 580.00
250.94 579.00
250.94 578.00
250.94 577.00
250.94 576.00
250.94 575.00
250.94 574.00
250.00 573.06
249.94 573.00
249.94 572.00
249.94 571.00
249.94 570.00
249.00 569.06
248.94 569.00
248.94 568.00
248.94 567.00
248.00 566.06
247.94 566.00
247.94 565.00
247.94 564.00
247.00 563.06
246.94 563.00
246.94 562.00
246.00 561.06
245.94 561.00
245.94 560.00
245.00 559.06
244.94 559.00
244.00 558.06
243.94 558.00
243.94 557.00
243.00 556.06
242.94 556.00
242.00 555.06
241.94 555.00
241.00 554.06
240.94 554.00
240.94 553.00
240.00 552.06
239.00 552.06
238.00 552.06
237.94 552.00
237.00 551.06
236.00 551.06
235.00 551.06
234.00 551.06
233.94 551.00
233.00 550.06
232.00 550.06
231.00 550.06
230.00 550.06
229.00 550.06
228.00 550.06
227.00 550.06
226.00 550.06
225.94 550.00
225.00 549.06
224.00 549.06
223.00 549.06
222.00 549.06
221.00 549.06
220.06 550.00
220.00 550.06
219.00 550.06
218.00 550.06
217.00 550.06
216.00 550.06
215.00 550.06
214.00 550.06
213.06 551.00
213.00 551.06
212.00 551.06
211.00 551.06
210.06 552.00
210.00 552.06
209.00 552.06
208.00 552.06
207.06 553.00
207.00 553.06
206.00 553.06
205.06 554.00
205.00 554.06
204.00 554.06
203.06 555.00
203.00 555.06
202.06 556.00
202.00 556.06
201.06 557.00
201.00 557.06
200.06 558.00
200.00 558.06
199.06 559.00
199.00 559.06
198.06 560.00
198.00 560.06
197.06 561.00
197.00 561.06
196.06 562.00
196.06 563.00
196.00 563.06
195.06 564.00
195.00 564.06
194.06 565.00
194.00 565.06
193.06 566.00
193.00 566.06
192.06 567.00
192.06 568.00
192.00 568.06
191.06 569.00
191.00 569.06
190.06 570.00
190.00 570.06
189.06 571.00
189.06 572.00
189.00 572.06
188.06 573.00
188.00 573.06
187.06 574.00
187.00 574.06
186.06 575.00
186.06 576.00
186.06 577.00
186.00 577.06
185.06 578.00
185.06 579.00
185.06 580.00
185.06 581.00
185.00 581.06
184.06 582.00
184.06 583.00
184.06 584.00
184.06 585.00
184.06 586.00
184.06 587.00
184.06 588.00
185.00 588.94
185.06 589.00
185.06 590.00
185.06 591.00
186.00 591.94
186.06 592.00
186.06 593.00
187.00 593.94
187.06 594.00
187.06 595.00
188.00 595.94
188.06 596.00
188.06 597.00
189.00 597.94
189.06 598.00
189.06 599.00
190.00 599.94
190.06 600.00
190.06 601.00
191.00 601.94
191.06 602.00
191.06 603.00
192.00 603.94
192.06 604.00
193.00 604.94
193.06 605.00
193.06 606.00
194.00 606.94
195.00 606.94
195.06 607.00
195.06 608.00
196.00 608.94
197.00 608.94
197.06 609.00
198.00 609.94
198.06 610.00
199.00 610.94
199.06 611.00
200.00 611.94
200.06 612.00
201.00 612.94
201.06 613.00
202.00 613.94
202.06 614.00
203.00 614.94
204.00 614.94
205.00 614.94
205.06 615.00
206.00 615.94
207.00 615.94
208.00 615.94
209.00 615.94
209.06 616.00
210.00 616.94
211.00 616.94
212.00 616.94
213.00 616.94
214.00 616.94
215.00 616.94
216.00 616.94
217.00 616.94
218.00 616.94
219.00 616.94
220.00 616.94
221.00 616.94
222.00 616.94
223.00 616.94
224.00 616.94
224.94 616.00
225.00 615.94
226.00 615.94
227.00 615.94
228.00 615.94
228.94 615.00
229.00 614.94
230.00 614.94
230.94 614.00
231.00 613.94
231.94 613.00
232.00 612.94
233.00 612.94
233.94 612.00
234.00 611.94
235.00 611.94
235.94 611.00
236.00 610.94
236.94 610.00
237.00 609.94
237.94 609.00
238.00 608.94
238.94 608.00
239.00 607.94
239.94 607.00
240.00 606.94
240.94 606.00
241.00 605.94
241.94 605.00
241.94 604.00
242.00 603.94
242.94 603.00
243.00 602.94
243.94 602.00
244.00 601.94
244.94 601.00
244.94 600.00
245.00 599.94
245.94 599.00
245.94 598.00
246.00 597.94
246.94 597.00
246.94 596.00
246.94 595.00
247.00 594.94
247.94 594.00
247.94 593.00
248.00 592.94
248.94 592.00
248.94 591.00
248.94 590.00
249.00 589.94
249.94 589.00
249.94 588.00
249.94 587.00
249.94 586.00
249.94 585.00
250.00 584.94
250.94 584.00

Contour 7:
311.94 881.00
311.94 880.00
311.94 879.00
311.94 878.00
311.94 877.00
311.94 876.00
311.94 875.00
311.94 874.00
311.94 873.00
311.94 872.00
311.94 871.00
311.94 870.00
311.94 869.00
311.94 868.00
311.94 867.00
311.00 866.06
310.94 866.00
310.94 865.00
310.94 864.00
310.94 863.00
310.94 862.00
310.00 861.06
309.94 861.00
309.94 860.00
309.94 859.00
309.00 858.06
308.94 858.00
308.94 857.00
308.94 856.00
308.00 855.06
307.94 855.00
307.94 854.00
307.00 853.06
306.94 853.00
306.94 852.00
306.00 851.06
305.94 851.00
305.94 850.00
305.00 849.06
304.94 849.00
304.94 848.00
304.94 847.00
304.00 846.06
303.94 846.00
303.00 845.06
302.94 845.00
302.94 844.00
302.00 843.06
301.94 843.00
301.94 842.00
301.00 841.06
300.94 841.00
300.00 840.06
299.94 840.00
299.94 839.00
299.00 838.06
298.94 838.00
298.00 837.06
297.94 837.00
297.94 836.00
297.00 835.06
296.94 835.00
296.00 834.06
295.94 834.00
295.94 833.00
295.00 832.06
294.94 832.00
294.00 831.06
293.94 831.00
293.94 830.00
293.00 829.06
292.94 829.00
292.00 828.06
291.94 828.00
291.00 827.06
290.94 827.00
290.00 826.06
289.94 826.00
289.00 825.06
288.94 825.00
288.00 824.06
287.94 824.00
287.00 823.06
286.94 823.00
286.00 822.06
285.94 822.00
285.00 821.06
284.00 821.06
283.94 821.00
283.00 820.06
282.94 820.00
282.00 819.06
281.00 819.06
280.94 819.00
280.00 818.06
279.94 818.00
279.00 817.06
278.00 817.06
277.94 817.00
277.00 816.06
276.00 816.06
275.94 816.00
275.00 815.06
274.00 815.06
273.94 815.00
273.00 814.06
272.00 814.06
271.94 814.00
271.00 813.06
270.00 813.06
269.00 813.06
268.94 813.00
268.00 812.06
267.00 812.06
266.00 812.06
265.00 812.06
264.94 812.00
264.00 811.06
263.00 811.06
262.00 811.06
261.00 811.06
260.00 811.06
259.00 811.06
258.00 811.06
257.00 811.06
256.00 811.06
255.00 811.06
254.00 811.06
253.00 811.06
252.00 811.06
251.00 811.06
250.00 811.06
249.00 811.06
248.00 811.06
247.06 812.00
247.00 812.06
246.00 812.06
245.00 812.06
244.00 812.06
243.00 812.06
242.00 812.06
241.06 813.00
241.00 813.06
240.00 813.06
239.00 813.06
238.00 813.06
237.06 814.00
237.00 814.06
236.00 814.06
235.00 814.06
234.06 815.00
234.00 815.06
233.00 815.06
232.06 816.00
232.00 816.06
231.06 817.00
231.00 817.06
230.00 817.06
229.06 818.00
229.00 818.06
228.06 819.00
228.00 819.06
227.06 820.00
227.00 820.06
226.06 821.00
226.00 821.06
225.06 822.00
225.00 822.06
224.06 823.00
224.06 824.00
224.00 824.06
223.06 825.00
223.00 825.06
222.06 826.00
222.00 826.06
221.06 827.00
221.06 828.00
221.00 828.06
220.06 829.00
220.06 830.00
220.00 830.06
219.06 831.00
219.06 832.00
219.06 833.00
219.00 833.06
218.06 834.00
218.06 835.00
218.06 836.00
218.00 836.06
217.06 837.00
217.06 838.00
217.06 839.00
217.06 840.00
217.06 841.00
217.06 842.00
217.06 843.00
217.06 844.00
217.06 845.00
217.06 846.00
217.06 847.00
217.06 848.00
217.06 849.00
217.06 850.00
217.06 851.00
217.06 852.00
217.06 853.00
217.06 854.00
217.06 855.00
217.06 856.00
218.00 856.94
218.06 857.00
218.06 858.00
218.06 859.00
218.06 860.00
218.06 861.00
219.00 861.94
219.06 862.00
219.06 863.00
219.06 864.00
219.06 865.00
219.06 866.00
219.06 867.00
220.00 867.94
220.06 868.00
220.06 869.00
220.06 870.00
221.00 870.94
221.06 871.00
221.06 872.00
221.06 873.00
222.00 873.94
222.06 874.00
222.06 875.00
223.00 875.94
223.06 876.00
223.06 877.00
223.06 878.00
224.00 878.94
224.06 879.00
224.06 880.00
225.00 880.94
225.06 881.00
225.06 882.00
226.00 882.94
226.06 883.00
227.00 883.94
227.06 884.00
227.06 885.00
228.00 885.94
228.06 886.00
228.06 887.00
229.00 887.94
229.06 888.00
230.00 888.94
230.06 889.00
231.00 889.94
231.06 890.00
231.06 891.00
232.00 891.94
232.06 892.00
233.00 892.94
233.06 893.00
234.00 893.94
234.06 894.00
235.00 894.94
235.06 895.00
236.00 895.94
236.06 896.00
237.00 896.94
237.06 897.00
237.06 898.00
238.00 898.94
238.06 899.00
239.00 899.94
239.06 900.00
240.00 900.94
240.06 901.00
241.00 901.94
241.06 902.00
242.00 902.94
242.06 903.00
243.00 903.94
243.06 904.00
244.00 904.94
244.06 905.00
245.00 905.94
245.06 906.00
246.00 906.94
246.06 907.00
247.00 907.94
248.00 907.94
248.06 908.00
249.00 908.94
249.06 909.00
250.00 909.94
250.06 910.00
251.00 910.94
252.00 910.94
252.06 911.00
253.00 911.94
254.00 911.94
254.06 912.00
255.00 912.94
256.00 912.94
256.06 913.00
257.00 913.94
258.00 913.94
259.00 913.94
259.06 914.00
260.00 914.94
261.00 914.94
261.06 915.00
262.00 915.94
263.00 915.94
264.00 915.94
264.06 916.00
265.00 916.94
266.00 916.94
267.00 916.94
268.00 916.94
269.00 916.94
270.00 916.94
271.00 916.94
272.00 916.94
273.00 916.94
274.00 916.94
275.00 916.94
276.00 916.94
277.00 916.94
277.94 916.00
278.00 915.94
279.00 915.94
280.00 915.94
281.00 915.94
282.00 915.94
283.00 915.94
283.94 915.00
284.00 914.94
285.00 914.94
286.00 914.94
286.94 914.00
287.00 913.94
288.00 913.94
289.00 913.94
289.94 913.00
290.00 912.94
290.94 912.00
291.00 911.94
292.00 911.94
292.94 911.00
293.00 910.94
294.00 910.94
294.94 910.00
295.00 909.94
295.94 909.00
296.00 908.94
296.94 908.00
297.00 907.94
297.94 907.00
298.00 906.94
298.94 906.00
299.00 905.94
299.94 905.00
300.00 904.94
300.94 904.00
301.00 903.94
301.94 903.00
302.00 902.94
302.94 902.00
302.94 901.00
303.00 900.94
303.94 900.00
304.00 899.94
304.94 899.00
304.94 898.00
305.00 897.94
305.94 897.00
305.94 896.00
306.00 895.94
306.94 895.00
306.94 894.00
307.00 893.94
307.94 893.00
307.94 892.00
308.00 891.94
308.94 891.00
308.94 890.00
308.94 889.00
309.00 888.94
309.94 888.00
309.94 887.00
309.94 886.00
310.00 885.94
310.94 885.00
310.94 884.00
310.94 883.00
310.94 882.00
311.00 881.94
311.94 881.00

Contour 8:
284.95 460.00
284.95 459.00
284.95 458.00
284.95 457.00
284.95 456.00
284.95 455.00
284.95 454.00
284.95 453.00
284.95 452.00
284.95 451.00
284.95 450.00
284.00 449.05
283.95 449.00
283.95 448.00
283.95 447.00
283.95 446.00
283.00 445.05
282.95 445.00
282.95 444.00
282.95 443.00
282.00 442.05
281.95 442.00
281.95 441.00
281.00 440.05
280.95 440.00
280.00 439.05
279.95 439.00
279.00 438.05
278.95 438.00
278.00 437.05
277.95 437.00
277.00 436.05
276.95 436.00
276.00 435.05
275.95 435.00
275.00 434.05
274.00 434.05
273.95 434.00
273.00 433.05
272.00 433.05
271.95 433.00
271.00 432.05
270.00 432.05
269.00 432.05
268.00 432.05
267.95 432.00
267.00 431.05
266.00 431.05
265.00 431.05
264.00 431.05
263.00 431.05
262.00 431.05
261.00 431.05
260.00 431.05
259.00 431.05
258.00 431.05
257.00 431.05
256.00 431.05
255.00 431.05
254.00 431.05
253.00 431.05
252.00 431.05
251.00 431.05
250.00 431.05
249.05 432.00
249.00 432.05
248.00 432.05
247.00 432.05
246.00 432.05
245.05 433.00
245.00 433.05
244.00 433.05
243.00 433.05
242.05 434.00
242.00 434.05
241.00 434.05
240.00 434.05
239.05 435.00
239.00 435.05
238.00 435.05
237.05 436.00
237.00 436.05
236.05 437.00
236.00 437.05
235.00 437.05
234.05 438.00
234.00 438.05
233.05 439.00
233.00 439.05
232.05 440.00
232.00 440.05
231.05 441.00
231.00 441.05
230.05 442.00
230.00 442.05
229.05 443.00
229.00 443.05
228.05 444.00
228.00 444.05
227.05 445.00
227.00 445.05
226.05 446.00
226.00 446.05
225.05 447.00
225.05 448.00
225.00 448.05
224.05 449.00
224.05 450.00
224.05 451.00
224.00 451.05
223.05 452.00
223.05 453.00
223.05 454.00
223.05 455.00
223.00 455.05
222.05 456.00
222.05 457.00
222.05 458.00
222.05 459.00
222.05 460.00
222.05 461.00
222.05 462.00
222.05 463.00
222.05 464.00
222.05 465.00
222.05 466.00
222.05 467.00
223.00 467.95
223.05 468.00
223.05 469.00
223.05 470.00
224.00 470.95
224.05 471.00
225.00 471.95
225.05 472.00
225.05 473.00
226.00 473.95
226.05 474.00
226.05 475.00
227.00 475.95
227.05 476.00
227.05 477.00
228.00 477.95
228.05 478.00
229.00 478.95
229.05 479.00
230.00 479.95
230.05 480.00
231.00 480.95
231.05 481.00
232.00 481.95
232.05 482.00
233.00 482.95
234.00 482.95
234.05 483.00
235.00 483.95
236.00 483.95
236.05 484.00
237.00 484.95
238.00 484.95
238.05 485.00
239.00 485.95
240.00 485.95
241.00 485.95
241.05 486.00
242.00 486.95
243.00 486.95
244.00 486.95
245.00 486.95
246.00 486.95
246.05 487.00
247.00 487.95
248.00 487.95
249.00 487.95
250.00 487.95
251.00 487.95
252.00 487.95
252.95 487.00
253.00 486.95
254.00 486.95
255.00 486.95
256.00 486.95
257.00 486.95
258.00 486.95
258.95 486.00
259.00 485.95
260.00 485.95
261.00 485.95
262.00 485.95
262.95 485.00
263.00 484.95
264.00 484.95
265.00 484.95
265.95 484.00
266.00 483.95
267.00 483.95
268.00 483.95
268.95 483.00
269.00 482.95
269.95 482.00
270.00 481.95
271.00 481.95
271.95 481.00
272.00 480.95
272.95 480.00
273.00 479.95
273.95 479.00
274.00 478.95
275.00 478.95
275.95 478.00
276.00 477.95
276.95 477.00
276.95 476.00
277.00 475.95
277.95 475.00
278.00 474.95
278.95 474.00
279.00 473.95
279.95 473.00
279.95 472.00
280.00 471.95
280.95 471.00
281.00 470.95
281.95 470.00
281.95 469.00
282.00 468.95
282.95 468.00
282.95 467.00
283.00 466.95
283.95 466.00
283.95 465.00
283.95 464.00
283.95 463.00
283.95 462.00
283.95 461.00
284.00 460.95
284.95 460.00

Contour 9:
298.95 154.00
298.95 153.00
298.95 152.00
298.95 151.00
298.95 150.00
298.95 149.00
298.95 148.00
298.95 147.00
298.95 146.00
298.00 145.05
297.95 145.00
297.95 144.00
297.95 143.00
297.95 142.00
297.95 141.00
297.00 140.05
296.95 140.00
296.95 139.00
296.95 138.00
296.95 137.00
296.00 136.05
295.95 136.00
295.95 135.00
295.00 134.05
294.95 134.00
294.95 133.00
294.00 132.05
293.95 132.00
293.00 131.05
292.95 131.00
292.95 130.00
292.00 129.05
291.95 129.00
291.00 128.05
290.95 128.00
290.00 127.05
289.95 127.00
289.00 126.05
288.95 126.00
288.00 125.05
287.95 125.00
287.00 124.05
286.00 124.05
285.95 124.00
285.00 123.05
284.95 123.00
284.00 122.05
283.95 122.00
283.00 121.05
282.00 121.05
281.95 121.00
281.00 120.05
280.00 120.05
279.95 120.00
279.00 119.05
278.00 119.05
277.95 119.00
277.00 118.05
276.95 118.00
276.00 117.05
275.00 117.05
274.00 117.05
273.95 117.00
273.00 116.05
272.00 116.05
271.95 116.00
271.00 115.05
270.00 115.05
269.95 115.00
269.00 114.05
268.00 114.05
267.00 114.05
266.00 114.05
265.95 114.00
265.00 113.05
264.00 113.05
263.00 113.05
262.00 113.05
261.95 113.00
261.00 112.05
260.00 112.05
259.00 112.05
258.00 112.05
257.00 112.05
256.00 112.05
255.00 112.05
254.00 112.05
253.00 112.05
252.05 113.00
252.00 113.05
251.00 113.05
250.00 113.05
249.00 113.05
248.00 113.05
247.00 113.05
246.05 114.00
246.00 114.05
245.00 114.05
244.00 114.05
243.05 115.00
243.00 115.05
242.00 115.05
241.00 115.05
240.05 116.00
240.00 116.05
239.00 116.05
238.05 117.00
238.00 117.05
237.00 117.05
236.00 117.05
235.05 118.00
235.00 118.05
234.00 118.05
233.05 119.00
233.00 119.05
232.05 120.00
232.00 120.05
231.00 120.05
230.05 121.00
230.00 121.05
229.05 122.00
229.00 122.05
228.05 123.00
228.05 124.00
228.00 124.05
227.05 125.00
227.00 125.05
226.05 126.00
226.05 127.00
226.00 127.05
225.05 128.00
225.05 129.00
225.00 129.05
224.05 130.00
224.05 131.00
224.05 132.00
224.05 133.00
224.00 133.05
223.05 134.00
223.05 135.00
223.05 136.00
223.05 137.00
223.05 138.00
223.05 139.00
223.05 140.00
223.05 141.00
223.05 142.00
223.05 143.00
224.00 143.95
224.05 144.00
224.05 145.00
224.05 146.00
224.05 147.00
224.05 148.00
225.00 148.95
225.05 149.00
225.05 150.00
226.00 150.95
226.05 151.00
226.05 152.00
227.00 152.95
227.05 153.00
227.05 154.00
228.00 154.95
228.05 155.00
228.05 156.00
229.00 156.95
229.05 157.00
229.05 158.00
230.00 158.95
230.05 159.00
231.00 159.95
231.05 160.00
232.00 160.95
232.05 161.00
233.00 161.95
233.05 162.00
234.00 162.95
234.05 163.00
234.05 164.00
235.00 164.95
236.00 164.95
236.05 165.00
237.00 165.95
237.05 166.00
238.00 166.95
238.05 167.00
239.00 167.95
240.00 167.95
240.05 168.00
241.00 168.95
242.00 168.95
242.05 169.00
243.00 169.95
243.05 170.00
244.00 170.95
245.00 170.95
246.00 170.95
246.05 171.00
247.00 171.95
248.00 171.95
249.00 171.95
249.05 172.00
250.00 172.95
251.00 172.95
252.00 172.95
252.05 173.00
253.00 173.95
254.00 173.95
255.00 173.95
256.00 173.95
256.05 174.00
257.00 174.95
258.00 174.95
258.05 175.00
259.00 175.95
260.00 175.95
261.00 175.95
262.00 175.95
263.00 175.95
263.05 176.00
264.00 176.95
265.00 176.95
266.00 176.95
267.00 176.95
268.00 176.95
269.00 176.95
270.00 176.95
271.00 176.95
272.00 176.95
273.00 176.95
274.00 176.95
275.00 176.95
276.00 176.95
277.00 176.95
278.00 176.95
279.00 176.95
279.95 176.00
280.00 175.95
281.00 175.95
282.00 175.95
282.95 175.00
283.00 174.95
284.00 174.95
284.95 174.00
285.00 173.95
286.00 173.95
286.95 173.00
287.00 172.95
287.95 172.00
288.00 171.95
288.95 171.00
289.00 170.95
289.95 170.00
290.00 169.95
290.95 169.00
291.00 168.95
291.95 168.00
292.00 167.95
292.95 167.00
293.00 166.95
293.95 166.00
293.95 165.00
294.00 164.95
294.95 164.00
294.95 163.00
295.00 162.95
295.95 162.00
295.95 161.00
296.00 160.95
296.95 160.00
296.95 159.00
297.00 158.95
297.95 158.00
297.95 157.00
297.95 156.00
297.95 155.00
298.00 154.95
298.95 154.00

Contour 10:
284.96 718.00
284.96 717.00
284.96 716.00
284.96 715.00
284.96 714.00
284.96 713.00
284.96 712.00
284.96 711.00
284.00 710.04
283.96 710.00
283.96 709.00
283.96 708.00
283.96 707.00
283.00 706.04
282.96 706.00
282.96 705.00
282.96 704.00
282.96 703.00
282.00 702.04
281.96 702.00
281.96 701.00
281.00 700.04
280.96 700.00
280.00 699.04
279.96 699.00
279.00 698.04
278.96 698.00
278.96 697.00
278.00 696.04
277.96 696.00
277.00 695.04
276.96 695.00
276.00 694.04
275.96 694.00
275.00 693.04
274.96 693.00
274.00 692.04
273.00 692.04
272.96 692.00
272.00 691.04
271.96 691.00
271.00 690.04
270.00 690.04
269.96 690.00
269.00 689.04
268.00 689.04
267.96 689.00
267.00 688.04
266.00 688.04
265.96 688.00
265.00 687.04
264.96 687.00
264.00 686.04
263.00 686.04
262.00 686.04
261.96 686.00
261.00 685.04
260.00 685.04
259.00 685.04
258.00 685.04
257.00 685.04
256.00 685.04
255.00 685.04
254.00 685.04
253.00 685.04
252.00 685.04
251.04 686.00
251.00 686.04
250.00 686.04
249.00 686.04
248.00 686.04
247.04 687.00
247.00 687.04
246.00 687.04
245.00 687.04
244.04 688.00
244.00 688.04
243.00 688.04
242.00 688.04
241.04 689.00
241.00 689.04
240.00 689.04
239.04 690.00
239.00 690.04
238.00 690.04
237.04 691.00
237.00 691.04
236.00 691.04
235.04 692.00
235.00 692.04
234.00 692.04
233.04 693.00
233.00 693.04
232.00 693.04
231.04 694.00
231.00 694.04
230.04 695.00
230.00 695.04
229.04 696.00
229.00 696.04
228.04 697.00
228.00 697.04
227.04 698.00
227.00 698.04
226.04 699.00
226.00 699.04
225.04 700.00
225.04 701.00
225.04 702.00
225.00 702.04
224.04 703.00
224.04 704.00
224.04 705.00
224.04 706.00
224.04 707.00
224.04 708.00
224.00 708.04
223.04 709.00
224.00 709.96
224.04 710.00
224.04 711.00
224.04 712.00
224.04 713.00
224.04 714.00
225.00 714.96
225.04 715.00
225.04 716.00
226.00 716.96
226.04 717.00
227.00 717.96
227.04 718.00
228.00 718.96
228.04 719.00
229.00 719.96
230.00 719.96
230.04 720.00
231.00 720.96
231.04 721.00
232.00 721.96
233.00 721.96
233.04 722.00
234.00 722.96
235.00 722.96
235.04 723.00
236.00 723.96
237.00 723.96
238.00 723.96
238.04 724.00
239.00 724.96
240.00 724.96
241.00 724.96
242.00 724.96
243.00 724.96
243.04 725.00
244.00 725.96
245.00 725.96
246.00 725.96
246.04 726.00
247.00 726.96
248.00 726.96
249.00 726.96
249.04 727.00
250.00 727.96
250.04 728.00
251.00 728.96
252.00 728.96
252.04 729.00
253.00 729.96
253.04 730.00
254.00 730.96
254.04 731.00
255.00 731.96
255.04 732.00
256.00 732.96
256.04 733.00
257.00 733.96
257.04 734.00
258.00 734.96
259.00 734.96
259.04 735.00
260.00 735.96
261.00 735.96
262.00 735.96
263.00 735.96
264.00 735.96
264.04 736.00
265.00 736.96
265.96 736.00
266.00 735.96
267.00 735.96
268.00 735.96
269.00 735.96
270.00 735.96
271.00 735.96
271.96 735.00
272.00 734.96
273.00 734.96
273.96 734.00
274.00 733.96
275.00 733.96
275.96 733.00
276.00 732.96
276.96 732.00
277.00 731.96
277.96 731.00
278.00 730.96
278.96 730.00
279.00 729.96
279.96 729.00
280.00 728.96
280.96 728.00
280.96 727.00
281.00 726.96
281.96 726.00
282.00 725.96
282.96 725.00
282.96 724.00
282.96 723.00
283.00 722.96
283.96 722.00
283.96 721.00
283.96 720.00
283.96 719.00
284.00 718.96
284.96 718.00

Contour 11:
303.96 347.00
303.96 346.00
303.96 345.00
303.96 344.00
303.96 343.00
303.96 342.00
303.96 341.00
303.96 340.00
303.96 339.00
303.96 338.00
303.96 337.00
303.96 336.00
303.96 335.00
303.96 334.00
303.00 333.04
302.96 333.00
302.96 332.00
302.96 331.00
302.96 330.00
302.96 329.00
302.96 328.00
302.96 327.00
302.00 326.04
301.96 326.00
301.96 325.00
301.96 324.00
301.00 323.04
300.96 323.00
300.00 322.04
299.96 322.00
299.96 321.00
299.00 320.04
298.96 320.00
298.00 319.04
297.96 319.00
297.00 318.04
296.96 318.00
296.00 317.04
295.96 317.00
295.00 316.04
294.96 316.00
294.00 315.04
293.96 315.00
293.00 314.04
292.96 314.00
292.00 313.04
291.96 313.00
291.00 312.04
290.96 312.00
290.00 311.04
289.96 311.00
289.00 310.04
288.00 310.04
287.96 310.00
287.00 309.04
286.96 309.00
286.00 308.04
285.00 308.04
284.96 308.00
284.00 307.04
283.00 307.04
282.96 307.00
282.00 306.04
281.00 306.04
280.96 306.00
280.00 305.04
279.00 305.04
278.96 305.00
278.00 304.04
277.00 304.04
276.96 304.00
276.00 303.04
275.00 303.04
274.00 303.04
273.96 303.00
273.00 302.04
272.00 302.04
271.96 302.00
271.00 301.04
270.00 301.04
269.96 301.00
269.00 300.04
268.00 300.04
267.96 300.00
267.00 299.04
266.00 299.04
265.00 299.04
264.96 299.00
264.00 298.04
263.00 298.04
262.00 298.04
261.00 298.04
260.00 298.04
259.00 298.04
258.00 298.04
257.00 298.04
256.00 298.04
255.00 298.04
254.00 298.04
253.00 298.04
252.00 298.04
251.00 298.04
250.04 299.00
250.00 299.04
249.00 299.04
248.00 299.04
247.04 300.00
247.00 300.04
246.00 300.04
245.00 300.04
244.04 301.00
244.00 301.04
243.00 301.04
242.04 302.00
242.00 302.04
241.00 302.04
240.04 303.00
240.00 303.04
239.00 303.04
238.04 304.00
238.00 304.04
237.04 305.00
237.00 305.04
236.04 306.00
236.00 306.04
235.00 306.04
234.04 307.00
234.00 307.04
233.04 308.00
233.00 308.04
232.04 309.00
232.00 309.04
231.04 310.00
231.04 311.00
231.00 311.04
230.04 312.00
230.00 312.04
229.04 313.00
229.04 314.00
229.00 314.04
228.04 315.00
228.04 316.00
228.00 316.04
227.04 317.00
227.04 318.00
227.04 319.00
227.00 319.04
226.04 320.00
226.04 321.00
226.00 321.04
225.04 322.00
225.04 323.00
225.04 324.00
225.04 325.00
225.04 326.00
225.04 327.00
225.00 327.04
224.04 328.00
224.04 329.00
225.00 329.96
225.04 330.00
225.04 331.00
225.04 332.00
225.04 333.00
225.04 334.00
225.04 335.00
226.00 335.96
226.04 336.00
226.04 337.00
226.04 338.00
226.04 339.00
226.04 340.00
227.00 340.96
227.04 341.00
227.04 342.00
228.00 342.96
228.04 343.00
228.04 344.00
229.00 344.96
229.04 345.00
229.04 346.00
230.00 346.96
230.04 347.00
231.00 347.96
231.04 348.00
232.00 348.96
232.04 349.00
232.04 350.00
233.00 350.96
234.00 350.96
234.04 351.00
234.04 352.00
235.00 352.96
235.04 353.00
236.00 353.96
236.04 354.00
237.00 354.96
237.04 355.00
238.00 355.96
238.04 356.00
239.00 356.96
239.04 357.00
240.00 357.96
241.00 357.96
241.04 358.00
242.00 358.96
242.04 359.00
243.00 359.96
243.04 360.00
244.00 360.96
245.00 360.96
245.04 361.00
246.00 361.96
247.00 361.96
247.04 362.00
248.00 362.96
249.00 362.96
249.04 363.00
250.00 363.96
251.00 363.96
251.04 364.00
252.00 364.96
253.00 364.96
254.00 364.96
254.04 365.00
255.00 365.96
256.00 365.96
256.04 366.00
257.00 366.96
258.00 366.96
259.00 366.96
259.04 367.00
260.00 367.96
261.00 367.96
262.00 367.96
263.00 367.96
263.04 368.00
264.00 368.96
265.00 368.96
266.00 368.96
267.00 368.96
267.04 369.00
268.00 369.96
269.00 369.96
270.00 369.96
271.00 369.96
272.00 369.96
273.00 369.96
274.00 369.96
275.00 369.96
276.00 369.96
277.00 369.96
278.00 369.96
279.00 369.96
280.00 369.96
281.00 369.96
282.00 369.96
282.96 369.00
283.00 368.96
284.00 368.96
285.00 368.96
286.00 368.96
286.96 368.00
287.00 367.96
288.00 367.96
289.00 367.96
289.96 367.00
290.00 366.96
291.00 366.96
291.96 366.00
292.00 365.96
292.96 365.00
293.00 364.96
294.00 364.96
294.96 364.00
295.00 363.96
295.96 363.00
296.00 362.96
296.96 362.00
297.00 361.96
297.96 361.00
297.96 360.00
298.00 359.96
298.96 359.00
299.00 358.96
299.96 358.00
299.96 357.00
300.00 356.96
300.96 356.00
300.96 355.00
301.00 354.96
301.96 354.00
301.96 353.00
301.96 352.00
302.00 351.96
302.96 351.00
302.96 350.00
302.96 349.00
302.96 348.00
303.00 347.96
303.96 347.00

Contour 12:
367.96 944.00
367.96 943.00
367.96 942.00
367.96 941.00
367.96 940.00
367.96 939.00
367.96 938.00
367.96 937.00
367.96 936.00
367.96 935.00
367.96 934.00
367.96 933.00
367.00 932.04
366.96 932.00
366.96 931.00
366.96 930.00
366.96 929.00
366.96 928.00
366.00 927.04
365.96 927.00
365.96 926.00
365.96 925.00
365.00 924.04
364.96 924.00
364.96 923.00
364.96 922.00
364.00 921.04
363.96 921.00
363.96 920.00
363.00 919.04
362.96 919.00
362.96 918.00
362.96 917.00
362.00 916.04
361.96 916.00
361.96 915.00
361.96 914.00
361.00 913.04
360.96 913.00
360.96 912.00
360.00 911.04
359.96 911.00
359.96 910.00
359.00 909.04
358.96 909.00
358.96 908.00
358.00 907.04
357.96 907.00
357.00 906.04
356.96 906.00
356.00 905.04
355.96 905.00
355.96 904.00
355.00 903.04
354.00 903.04
353.96 903.00
353.00 902.04
352.96 902.00
352.00 901.04
351.96 901.00
351.00 900.04
350.00 900.04
349.00 900.04
348.96 900.00
348.00 899.04
347.00 899.04
346.00 899.04
345.00 899.04
344.96 899.00
344.00 898.04
343.00 898.04
342.00 898.04
341.00 898.04
340.00 898.04
339.00 898.04
338.00 898.04
337.00 898.04
336.04 899.00
336.00 899.04
335.00 899.04
334.00 899.04
333.00 899.04
332.00 899.04
331.04 900.00
331.00 900.04
330.00 900.04
329.00 900.04
328.04 901.00
328.00 901.04
327.00 901.04
326.04 902.00
326.00 902.04
325.00 902.04
324.04 903.00
324.00 903.04
323.00 903.04
322.04 904.00
322.00 904.04
321.04 905.00
321.00 905.04
320.00 905.04
319.04 906.00
319.00 906.04
318.04 907.00
318.00 907.04
317.04 908.00
317.00 908.04
316.04 909.00
316.00 909.04
315.04 910.00
315.04 911.00
315.00 911.04
314.04 912.00
314.00 912.04
313.04 913.00
313.00 913.04
312.04 914.00
312.00 914.04
311.04 915.00
311.00 915.04
310.04 916.00
310.00 916.04
309.04 917.00
309.00 917.04
308.04 918.00
308.00 918.04
307.04 919.00
307.00 919.04
306.04 920.00
306.00 920.04
305.04 921.00
305.00 921.04
304.04 922.00
304.04 923.00
304.00 923.04
303.04 924.00
303.04 925.00
303.00 925.04
302.04 926.00
302.04 927.00
302.04 928.00
302.00 928.04
301.04 929.00
301.04 930.00
301.04 931.00
301.04 932.00
301.00 932.04
300.04 933.00
300.04 934.00
300.04 935.00
300.04 936.00
300.04 937.00
300.04 938.00
300.04 939.00
300.00 939.04
299.04 940.00
299.04 941.00
299.04 942.00
299.04 943.00
299.04 944.00
299.04 945.00
299.04 946.00
300.00 946.96
300.04 947.00
300.04 948.00
300.04 949.00
300.04 950.00
301.00 950.96
301.04 951.00
301.04 952.00
302.00 952.96
302.04 953.00
303.00 953.96
303.04 954.00
303.04 955.00
304.00 955.96
304.04 956.00
305.00 956.96
305.04 957.00
306.00 957.96
306.04 958.00
307.00 958.96
307.04 959.00
308.00 959.96
308.04 960.00
309.00 960.96
309.04 961.00
309.04 962.00
310.00 962.96
310.04 963.00
311.00 963.96
311.04 964.00
312.00 964.96
313.00 964.96
313.04 965.00
314.00 965.96
314.04 966.00
315.00 966.96
315.04 967.00
316.00 967.96
317.00 967.96
317.04 968.00
318.00 968.96
319.00 968.96
319.04 969.00
320.00 969.96
321.00 969.96
321.04 970.00
322.00 970.96
323.00 970.96
324.00 970.96
324.04 971.00
325.00 971.96
326.00 971.96
327.00 971.96
328.00 971.96
328.04 972.00
329.00 972.96
330.00 972.96
331.00 972.96
332.00 972.96
333.00 972.96
334.00 972.96
335.00 972.96
336.00 972.96
337.00 972.96
338.00 972.96
338.96 972.00
339.00 971.96
340.00 971.96
341.00 971.96
342.00 971.96
342.96 971.00
343.00 970.96
344.00 970.96
345.00 970.96
346.00 970.96
346.96 970.00
347.00 969.96
348.00 969.96
349.00 969.96
349.96 969.00
350.00 968.96
351.00 968.96
351.96 968.00
352.00 967.96
352.96 967.00
353.00 966.96
353.96 966.00
354.00 965.96
354.96 965.00
355.00 964.96
355.96 964.00
356.00 963.96
356.96 963.00
357.00 962.96
357.96 962.00
358.00 961.96
358.96 961.00
358.96 960.00
359.00 959.96
359.96 959.00
359.96 958.00
360.00 957.96
360.96 957.00
361.00 956.96
361.96 956.00
361.96 955.00
362.00 954.96
362.96 954.00
363.00 953.96
363.96 953.00
363.96 952.00
364.00 951.96
364.96 951.00
364.96 950.00
365.00 949.96
365.96 949.00
365.96 948.00
366.00 947.96
366.96 947.00
366.96 946.00
366.96 945.00
367.00 944.96
367.96 944.00

Contour 13:
386.97 552.00
386.97 551.00
386.97 550.00
386.97 549.00
386.97 548.00
386.97 547.00
386.97 546.00
386.97 545.00
386.97 544.00
386.00 543.03
385.97 543.00
385.97 542.00
385.97 541.00
385.97 540.00
385.00 539.03
384.97 539.00
384.97 538.00
384.00 537.03
383.97 537.00
383.97 536.00
383.00 535.03
382.97 535.00
382.00 534.03
381.97 534.00
381.00 533.03
380.97 533.00
380.00 532.03
379.97 532.00
379.00 531.03
378.97 531.00
378.00 530.03
377.00 530.03
376.97 530.00
376.00 529.03
375.00 529.03
374.97 529.00
374.00 528.03
373.00 528.03
372.97 528.00
372.00 527.03
371.00 527.03
370.00 527.03
369.00 527.03
368.97 527.00
368.00 526.03
367.00 526.03
366.00 526.03
365.00 526.03
364.97 526.00
364.00 525.03
363.00 525.03
362.00 525.03
361.00 525.03
360.00 525.03
359.00 525.03
358.00 525.03
357.00 525.03
356.00 525.03
355.00 525.03
354.00 525.03
353.00 525.03
352.03 526.00
352.00 526.03
351.00 526.03
350.00 526.03
349.00 526.03
348.00 526.03
347.00 526.03
346.03 527.00
346.00 527.03
345.00 527.03
344.00 527.03
343.03 528.00
343.00 528.03
342.00 528.03
341.03 529.00
341.00 529.03
340.00 529.03
339.03 530.00
339.00 530.03
338.00 530.03
337.03 531.00
337.00 531.03
336.03 532.00
336.00 532.03
335.03 533.00
335.00 533.03
334.03 534.00
334.00 534.03
333.03 535.00
333.00 535.03
332.03 536.00
332.00 536.03
331.03 537.00
331.00 537.03
330.03 538.00
330.00 538.03
329.03 539.00
329.03 540.00
329.00 540.03
328.03 541.00
328.00 541.03
327.03 542.00
327.03 543.00
327.00 543.03
326.03 544.00
326.03 545.00
326.00 545.03
325.03 546.00
325.03 547.00
325.03 548.00
325.00 548.03
324.03 549.00
324.03 550.00
324.00 550.03
323.03 551.00
323.03 552.00
323.03 553.00
323.03 554.00
323.00 554.03
322.03 555.00
322.03 556.00
322.03 557.00
322.03 558.00
322.03 559.00
322.03 560.00
322.03 561.00
322.03 562.00
323.00 562.97
323.03 563.00
323.03 564.00
323.03 565.00
323.03 566.00
324.00 566.97
324.03 567.00
324.03 568.00
325.00 568.97
325.03 569.00
325.03 570.00
326.00 570.97
326.03 571.00
326.03 572.00
327.00 572.97
327.03 573.00
327.03 574.00
328.00 574.97
328.03 575.00
329.00 575.97
329.03 576.00
330.00 576.97
330.03 577.00
331.00 577.97
331.03 578.00
332.00 578.97
332.03 579.00
333.00 579.97
333.03 580.00
334.00 580.97
335.00 580.97
335.03 581.00
336.00 581.97
337.00 581.97
337.03 582.00
338.00 582.97
339.00 582.97
340.00 582.97
340.03 583.00
341.00 583.97
342.00 583.97
343.00 583.97
344.00 583.97
345.00 583.97
345.03 584.00
346.00 584.97
347.00 584.97
348.00 584.97
349.00 584.97
350.00 584.97
351.00 584.97
352.00 584.97
353.00 584.97
353.97 584.00
354.00 583.97
355.00 583.97
356.00 583.97
357.00 583.97
358.00 583.97
359.00 583.97
359.97 583.00
360.00 582.97
361.00 582.97
362.00 582.97
362.97 582.00
363.00 581.97
364.00 581.97
365.00 581.97
365.97 581.00
366.00 580.97
366.97 580.00
367.00 579.97
368.00 579.97
368.97 579.00
369.00 578.97
369.97 578.00
370.00 577.97
370.97 577.00
371.00 576.97
371.97 576.00
372.00 575.97
373.00 575.97
373.97 575.00
374.00 574.97
374.97 574.00
374.97 573.00
375.00 572.97
375.97 572.00
376.00 571.97
376.97 571.00
377.00 570.97
377.97 570.00
378.00 569.97
378.97 569.00
379.00 568.97
379.97 568.00
379.97 567.00
380.00 566.97
380.97 566.00
381.00 565.97
381.97 565.00
381.97 564.00
382.00 563.97
382.97 563.00
382.97 562.00
383.00 561.97
383.97 561.00
383.97 560.00
384.00 559.97
384.97 559.00
384.97 558.00
385.00 557.97
385.97 557.00
385.97 556.00
385.97 555.00
385.97 554.00
385.97 553.00
386.00 552.97
386.97 552.00

Contour 14:
399.97 464.00
399.97 463.00
399.97 462.00
399.97 461.00
399.97 460.00
399.97 459.00
399.97 458.00
399.97 457.00
399.97 456.00
399.97 455.00
399.97 454.00
399.00 453.03
398.97 453.00
398.97 452.00
398.97 451.00
398.97 450.00
398.97 449.00
398.00 448.03
397.97 448.00
397.97 447.00
397.00 446.03
396.97 446.00
396.00 445.03
395.97 445.00
395.00 444.03
394.97 444.00
394.00 443.03
393.97 443.00
393.00 442.03
392.97 442.00
392.00 441.03
391.97 441.00
391.00 440.03
390.00 440.03
389.97 440.00
389.00 439.03
388.00 439.03
387.00 439.03
386.97 439.00
386.00 438.03
385.00 438.03
384.00 438.03
383.00 438.03
382.00 438.03
381.00 438.03
380.00 438.03
379.00 438.03
378.00 438.03
377.00 438.03
376.00 438.03
375.03 439.00
375.00 439.03
374.00 439.03
373.00 439.03
372.00 439.03
371.03 440.00
371.00 440.03
370.00 440.03
369.03 441.00
369.00 441.03
368.00 441.03
367.03 442.00
367.00 442.03
366.00 442.03
365.03 443.00
365.00 443.03
364.03 444.00
364.00 444.03
363.00 444.03
362.03 445.00
362.00 445.03
361.03 446.00
361.00 446.03
360.03 447.00
360.00 447.03
359.03 448.00
359.00 448.03
358.00 448.03
357.03 449.00
357.00 449.03
356.03 450.00
356.03 451.00
356.00 451.03
355.03 452.00
355.00 452.03
354.03 453.00
354.00 453.03
353.03 454.00
353.00 454.03
352.03 455.00
352.00 455.03
351.03 456.00
351.00 456.03
350.03 457.00
350.03 458.00
350.00 458.03
349.03 459.00
349.03 460.00
349.03 461.00
349.00 461.03
348.03 462.00
348.03 463.00
348.03 464.00
348.00 464.03
347.03 465.00
347.03 466.00
347.03 467.00
347.03 468.00
347.03 469.00
347.00 469.03
346.03 470.00
346.03 471.00
346.03 472.00
346.03 473.00
346.03 474.00
346.00 474.03
345.03 475.00
345.03 476.00
345.03 477.00
345.03 478.00
345.03 479.00
345.03 480.00
345.00 480.03
344.03 481.00
344.03 482.00
345.00 482.97
345.03 483.00
345.03 484.00
345.03 485.00
345.03 486.00
346.00 486.97
346.03 487.00
346.03 488.00
347.00 488.97
347.03 489.00
348.00 489.97
348.03 490.00
349.00 490.97
349.03 491.00
350.00 491.97
350.03 492.00
351.00 492.97
352.00 492.97
352.03 493.00
353.00 493.97
354.00 493.97
354.03 494.00
355.00 494.97
356.00 494.97
356.03 495.00
357.00 495.97
358.00 495.97
359.00 495.97
360.00 495.97
360.03 496.00
361.00 496.97
362.00 496.97
363.00 496.97
364.00 496.97
365.00 496.97
366.00 496.97
367.00 496.97
368.00 496.97
369.00 496.97
370.00 496.97
371.00 496.97
371.97 496.00
372.00 495.97
373.00 495.97
374.00 495.97
375.00 495.97
375.97 495.00
376.00 494.97
377.00 494.97
378.00 494.97
378.97 494.00
379.00 493.97
380.00 493.97
381.00 493.97
382.00 493.97
382.97 493.00
383.00 492.97
384.00 492.97
384.97 492.00
385.00 491.97
386.00 491.97
386.97 491.00
387.00 490.97
387.97 490.00
388.00 489.97
388.97 489.00
388.97 488.00
389.00 487.97
389.97 487.00
389.97 486.00
390.00 485.97
390.97 485.00
390.97 484.00
391.00 483.97
391.97 483.00
391.97 482.00
392.00 481.97
392.97 481.00
392.97 480.00
393.00 479.97
393.97 479.00
393.97 478.00
394.00 477.97
394.97 477.00
394.97 476.00
395.00 475.97
395.97 475.00
395.97 474.00
396.00 473.97
396.97 473.00
396.97 472.00
397.00 471.97
397.97 471.00
397.97 470.00
397.97 469.00
398.00 468.97
398.97 468.00
398.97 467.00
398.97 466.00
398.97 465.00
399.00 464.97
399.97 464.00

Contour 15:
416.97 729.00
416.97 728.00
416.97 727.00
416.97 726.00
416.97 725.00
416.00 724.03
415.97 724.00
415.97 723.00
415.97 722.00
415.97 721.00
415.97 720.00
415.00 719.03
414.97 719.00
414.97 718.00
414.97 717.00
414.97 716.00
414.00 715.03
413.97 715.00
413.97 714.00
413.97 713.00
413.97 712.00
413.00 711.03
412.97 711.00
412.97 710.00
412.97 709.00
412.00 708.03
411.97 708.00
411.00 707.03
410.97 707.00
410.97 706.00
410.00 705.03
409.97 705.00
409.97 704.00
409.00 703.03
408.97 703.00
408.00 702.03
407.97 702.00
407.00 701.03
406.97 701.00
406.00 700.03
405.97 700.00
405.00 699.03
404.97 699.00
404.00 698.03
403.97 698.00
403.00 697.03
402.97 697.00
402.00 696.03
401.97 696.00
401.00 695.03
400.97 695.00
400.00 694.03
399.00 694.03
398.97 694.00
398.00 693.03
397.97 693.00
397.00 692.03
396.00 692.03
395.97 692.00
395.00 691.03
394.97 691.00
394.00 690.03
393.00 690.03
392.97 690.00
392.00 689.03
391.00 689.03
390.97 689.00
390.00 688.03
389.00 688.03
388.97 688.00
388.00 687.03
387.00 687.03
386.00 687.03
385.97 687.00
385.00 686.03
384.00 686.03
383.00 686.03
382.00 686.03
381.00 686.03
380.97 686.00
380.00 685.03
379.03 686.00
379.00 686.03
378.00 686.03
377.00 686.03
376.00 686.03
375.00 686.03
374.00 686.03
373.00 686.03
372.00 686.03
371.03 687.00
371.00 687.03
370.00 687.03
369.00 687.03
368.03 688.00
368.00 688.03
367.00 688.03
366.03 689.00
366.00 689.03
365.00 689.03
364.00 689.03
363.03 690.00
363.00 690.03
362.03 691.00
362.00 691.03
361.00 691.03
360.03 692.00
360.00 692.03
359.00 692.03
358.03 693.00
358.00 693.03
357.03 694.00
357.00 694.03
356.03 695.00
356.00 695.03
355.03 696.00
355.00 696.03
354.03 697.00
354.00 697.03
353.00 697.03
352.03 698.00
352.03 699.00
352.00 699.03
351.03 700.00
351.00 700.03
350.03 701.00
350.00 701.03
349.03 702.00
349.03 703.00
349.00 703.03
348.03 704.00
348.03 705.00
348.03 706.00
348.00 706.03
347.03 707.00
347.03 708.00
347.03 709.00
347.03 710.00
347.03 711.00
347.03 712.00
347.03 713.00
347.03 714.00
347.03 715.00
347.03 716.00
347.03 717.00
347.03 718.00
347.03 719.00
347.03 720.00
347.03 721.00
347.03 722.00
347.03 723.00
347.03 724.00
347.03 725.00
347.03 726.00
347.03 727.00
347.03 728.00
348.00 728.97
348.03 729.00
348.03 730.00
348.03 731.00
349.00 731.97
349.03 732.00
349.03 733.00
349.03 734.00
350.00 734.97
350.03 735.00
350.03 736.00
350.03 737.00
351.00 737.97
351.03 738.00
351.03 739.00
352.00 739.97
352.03 740.00
352.03 741.00
353.00 741.97
353.03 742.00
353.03 743.00
354.00 743.97
354.03 744.00
355.00 744.97
355.03 745.00
355.03 746.00
356.00 746.97
356.03 747.00
357.00 747.97
357.03 748.00
358.00 748.97
358.03 749.00
359.00 749.97
359.03 750.00
360.00 750.97
360.03 751.00
361.00 751.97
361.03 752.00
362.00 752.97
363.00 752.97
363.03 753.00
364.00 753.97
364.03 754.00
365.00 754.97
366.00 754.97
366.03 755.00
367.00 755.97
368.00 755.97
369.00 755.97
369.03 756.00
370.00 756.97
371.00 756.97
372.00 756.97
372.03 757.00
373.00 757.97
374.00 757.97
375.00 757.97
375.03 758.00
376.00 758.97
377.00 758.97
378.00 758.97
379.00 758.97
380.00 758.97
381.00 758.97
381.03 759.00
382.00 759.97
383.00 759.97
384.00 759.97
385.00 759.97
386.00 759.97
387.00 759.97
388.00 759.97
389.00 759.97
390.00 759.97
391.00 759.97
392.00 759.97
393.00 759.97
393.97 759.00
394.00 758.97
395.00 758.97
396.00 758.97
396.97 758.00
397.00 757.97
398.00 757.97
398.97 757.00
399.00 756.97
400.00 756.97
400.97 756.00
401.00 755.97
401.97 755.00
402.00 754.97
403.00 754.97
403.97 754.00
404.00 753.97
404.97 753.00
405.00 752.97
405.97 752.00
406.00 751.97
406.97 751.00
407.00 750.97
407.97 750.00
408.00 749.97
408.97 749.00
409.00 748.97
409.97 748.00
410.00 747.97
410.97 747.00
410.97 746.00
411.00 745.97
411.97 745.00
412.00 744.97
412.97 744.00
412.97 743.00
413.00 742.97
413.97 742.00
413.97 741.00
413.97 740.00
413.97 739.00
414.00 738.97
414.97 738.00
414.97 737.00
414.97 736.00
414.97 735.00
415.00 734.97
415.97 734.00
415.97 733.00
415.97 732.00
415.97 731.00
415.97 730.00
416.00 729.97
416.97 729.00

Contour 16:
423.97 223.00
423.97 222.00
423.97 221.00
423.97 220.00
423.97 219.00
423.97 218.00
423.97 217.00
423.97 216.00
423.97 215.00
423.97 214.00
423.97 213.00
423.97 212.00
423.97 211.00
423.97 210.00
423.97 209.00
423.97 208.00
423.97 207.00
423.97 206.00
423.97 205.00
423.00 204.03
422.97 204.00
422.97 203.00
422.97 202.00
422.97 201.00
422.00 200.03
421.97 200.00
421.97 199.00
421.00 198.03
420.97 198.00
420.00 197.03
419.97 197.00
419.97 196.00
419.00 195.03
418.97 195.00
418.00 194.03
417.97 194.00
417.00 193.03
416.97 193.00
416.00 192.03
415.97 192.00
415.00 191.03
414.97 191.00
414.00 190.03
413.97 190.00
413.00 189.03
412.00 189.03
411.97 189.00
411.00 188.03
410.00 188.03
409.97 188.00
409.00 187.03
408.00 187.03
407.97 187.00
407.00 186.03
406.00 186.03
405.00 186.03
404.00 186.03
403.97 186.00
403.00 185.03
402.00 185.03
401.00 185.03
400.00 185.03
399.00 185.03
398.00 185.03
397.00 185.03
396.00 185.03
395.00 185.03
394.00 185.03
393.03 186.00
393.00 186.03
392.00 186.03
391.00 186.03
390.03 187.00
390.00 187.03
389.00 187.03
388.00 187.03
387.03 188.00
387.00 188.03
386.03 189.00
386.00 189.03
385.00 189.03
384.03 190.00
384.00 190.03
383.00 190.03
382.03 191.00
382.00 191.03
381.03 192.00
381.00 192.03
380.03 193.00
380.00 193.03
379.03 194.00
379.00 194.03
378.03 195.00
378.00 195.03
377.03 196.00
377.03 197.00
377.00 197.03
376.03 198.00
376.03 199.00
376.00 199.03
375.03 200.00
375.00 200.03
374.03 201.00
374.03 202.00
374.00 202.03
373.03 203.00
373.00 203.03
372.03 204.00
372.03 205.00
372.00 205.03
371.03 206.00
371.03 207.00
371.00 207.03
370.03 208.00
370.03 209.00
370.00 209.03
369.03 210.00
369.03 211.00
369.03 212.00
369.00 212.03
368.03 213.00
368.03 214.00
368.03 215.00
368.00 215.03
367.03 216.00
367.03 217.00
367.03 218.00
367.03 219.00
367.03 220.00
367.03 221.00
367.03 222.00
367.03 223.00
367.03 224.00
367.03 225.00
367.03 226.00
367.03 227.00
368.00 227.97
368.03 228.00
368.03 229.00
368.03 230.00
368.03 231.00
368.03 232.00
368.03 233.00
368.03 234.00
369.00 234.97
369.03 235.00
369.03 236.00
369.03 237.00
369.03 238.00
370.00 238.97
370.03 239.00
370.03 240.00
371.00 240.97
371.03 241.00
371.03 242.00
371.03 243.00
372.00 243.97
372.03 244.00
372.03 245.00
373.00 245.97
373.03 246.00
374.00 246.97
374.03 247.00
374.03 248.00
375.00 248.97
375.03 249.00
376.00 249.97
376.03 250.00
377.00 250.97
377.03 251.00
378.00 251.97
379.00 251.97
379.03 252.00
380.00 252.97
381.00 252.97
381.03 253.00
382.00 253.97
383.00 253.97
383.03 254.00
384.00 254.97
385.00 254.97
385.03 255.00
386.00 255.97
387.00 255.97
388.00 255.97
389.00 255.97
390.00 255.97
391.00 255.97
392.00 255.97
393.00 255.97
394.00 255.97
395.00 255.97
396.00 255.97
397.00 255.97
397.97 255.00
398.00 254.97
399.00 254.97
400.00 254.97
400.97 254.00
401.00 253.97
402.00 253.97
402.97 253.00
403.00 252.97
404.00 252.97
404.97 252.00
405.00 251.97
406.00 251.97
406.97 251.00
407.00 250.97
407.97 250.00
408.00 249.97
409.00 249.97
409.97 249.00
410.00 248.97
410.97 248.00
411.00 247.97
411.97 247.00
412.00 246.97
412.97 246.00
413.00 245.97
413.97 245.00
413.97 244.00
414.00 243.97
414.97 243.00
415.00 242.97
415.97 242.00
416.00 241.97
416.97 241.00
417.00 240.97
417.97 240.00
417.97 239.00
418.00 238.97
418.97 238.00
418.97 237.00
419.00 236.97
419.97 236.00
419.97 235.00
420.00 234.97
420.97 234.00
420.97 233.00
420.97 232.00
421.00 231.97
421.97 231.00
421.97 230.00
421.97 229.00
422.00 228.97
422.97 228.00
422.97 227.00
422.97 226.00
422.97 225.00
422.97 224.00
423.00 223.97
423.97 223.00

Contour 17:
458.97 382.00
458.97 381.00
458.97 380.00
458.97 379.00
458.97 378.00
458.97 377.00
458.97 376.00
458.97 375.00
458.97 374.00
458.97 373.00
458.97 372.00
458.97 371.00
458.97 370.00
458.00 369.03
457.97 369.00
457.97 368.00
457.97 367.00
457.00 366.03
456.97 366.00
456.00 365.03
455.97 365.00
455.00 364.03
454.97 364.00
454.00 363.03
453.97 363.00
453.00 362.03
452.00 362.03
451.97 362.00
451.00 361.03
450.00 361.03
449.97 361.00
449.00 360.03
448.00 360.03
447.00 360.03
446.00 360.03
445.00 360.03
444.00 360.03
443.00 360.03
442.00 360.03
441.00 360.03
440.03 361.00
440.00 361.03
439.00 361.03
438.00 361.03
437.03 362.00
437.00 362.03
436.00 362.03
435.03 363.00
435.00 363.03
434.03 364.00
434.00 364.03
433.03 365.00
433.00 365.03
432.03 366.00
432.00 366.03
431.03 367.00
431.00 367.03
430.03 368.00
430.00 368.03
429.03 369.00
429.00 369.03
428.00 369.03
427.03 370.00
427.03 371.00
427.00 371.03
426.03 372.00
426.00 372.03
425.03 373.00
425.00 373.03
424.03 374.00
424.03 375.00
424.00 375.03
423.03 376.00
423.00 376.03
422.03 377.00
422.03 378.00
422.00 378.03
421.03 379.00
421.00 379.03
420.03 380.00
420.00 380.03
419.03 381.00
419.03 382.00
419.00 382.03
418.03 383.00
418.00 383.03
417.03 384.00
417.03 385.00
417.00 385.03
416.03 386.00
416.00 386.03
415.03 387.00
415.03 388.00
415.00 388.03
414.03 389.00
414.03 390.00
414.00 390.03
413.03 391.00
413.03 392.00
413.00 392.03
412.03 393.00
412.03 394.00
412.00 394.03
411.03 395.00
411.03 396.00
411.03 397.00
411.00 397.03
410.03 398.00
410.03 399.00
410.03 400.00
410.03 401.00
410.00 401.03
409.03 402.00
409.03 403.00
409.03 404.00
409.03 405.00
409.03 406.00
409.03 407.00
409.03 408.00
409.03 409.00
409.03 410.00
410.00 410.97
410.03 411.00
410.03 412.00
411.00 412.97
411.03 413.00
412.00 413.97
412.03 414.00
413.00 414.97
414.00 414.97
414.03 415.00
415.00 415.97
416.00 415.97
417.00 415.97
417.03 416.00
418.00 416.97
419.00 416.97
420.00 416.97
421.00 416.97
422.00 416.97
423.00 416.97
423.03 417.00
424.00 417.97
425.00 417.97
426.00 417.97
427.00 417.97
428.00 417.97
429.00 417.97
430.00 417.97
431.00 417.97
431.97 417.00
432.00 416.97
433.00 416.97
434.00 416.97
435.00 416.97
436.00 416.97
437.00 416.97
437.97 416.00
438.00 415.97
439.00 415.97
439.97 415.00
440.00 414.97
440.97 414.00
441.00 413.97
442.00 413.97
442.97 413.00
443.00 412.97
443.97 412.00
444.00 411.97
444.97 411.00
445.00 410.97
445.97 410.00
446.00 409.97
446.97 409.00
447.00 408.97
447.97 408.00
447.97 407.00
448.00 406.97
448.97 406.00
449.00 405.97
449.97 405.00
449.97 404.00
450.00 403.97
450.97 403.00
450.97 402.00
451.00 401.97
451.97 401.00
452.00 400.97
452.97 400.00
452.97 399.00
453.00 398.97
453.97 398.00
453.97 397.00
453.97 396.00
454.00 395.97
454.97 395.00
454.97 394.00
455.00 393.97
455.97 393.00
455.97 392.00
455.97 391.00
456.00 390.97
456.97 390.00
456.97 389.00
456.97 388.00
456.97 387.00
457.00 386.97
457.97 386.00
457.97 385.00
457.97 384.00
457.97 383.00
458.00 382.97
458.97 382.00

Contour 18:
514.98 754.00
514.98 753.00
514.98 752.00
514.98 751.00
514.98 750.00
514.98 749.00
514.98 748.00
514.98 747.00
514.98 746.00
514.00 745.02
513.98 745.00
513.98 744.00
513.98 743.00
513.98 742.00
513.98 741.00
513.98 740.00
513.98 739.00
513.00 738.02
512.98 738.00
512.98 737.00
512.98 736.00
512.00 735.02
511.98 735.00
511.98 734.00
511.98 733.00
511.00 732.02
510.98 732.00
510.98 731.00
510.00 730.02
509.98 730.00
509.98 729.00
509.00 728.02
508.98 728.00
508.00 727.02
507.98 727.00
507.00 726.02
506.98 726.00
506.00 725.02
505.98 725.00
505.00 724.02
504.98 724.00
504.00 723.02
503.98 723.00
503.00 722.02
502.98 722.00
502.98 721.00
502.00 720.02
501.98 720.00
501.00 719.02
500.00 719.02
499.98 719.00
499.00 718.02
498.98 718.00
498.00 717.02
497.00 717.02
496.98 717.00
496.00 716.02
495.00 716.02
494.00 716.02
493.98 716.00
493.00 715.02
492.00 715.02
491.00 715.02
490.98 715.00
490.00 714.02
489.00 714.02
488.00 714.02
487.98 714.00
487.00 713.02
486.00 713.02
485.00 713.02
484.00 713.02
483.00 713.02
482.00 713.02
481.00 713.02
480.00 713.02
479.00 713.02
478.00 713.02
477.00 713.02
476.00 713.02
475.00 713.02
474.00 713.02
473.00 713.02
472.02 714.00
472.00 714.02
471.00 714.02
470.00 714.02
469.02 715.00
469.00 715.02
468.00 715.02
467.02 716.00
467.00 716.02
466.00 716.02
465.00 716.02
464.02 717.00
464.00 717.02
463.02 718.00
463.00 718.02
462.00 718.02
461.02 719.00
461.00 719.02
460.02 720.00
460.00 720.02
459.00 720.02
458.02 721.00
458.00 721.02
457.02 722.00
457.00 722.02
456.02 723.00
456.00 723.02
455.02 724.00
455.00 724.02
454.02 725.00
454.00 725.02
453.02 726.00
453.02 727.00
453.00 727.02
452.02 728.00
452.00 728.02
451.02 729.00
451.02 730.00
451.00 730.02
450.02 731.00
450.02 732.00
450.00 732.02
449.02 733.00
449.02 734.00
449.02 735.00
449.02 736.00
449.00 736.02
448.02 737.00
448.02 738.00
448.02 739.00
448.02 740.00
448.02 741.00
448.02 742.00
448.00 742.02
447.02 743.00
447.02 744.00
447.02 745.00
447.02 746.00
447.02 747.00
447.02 748.00
447.02 749.00
447.02 750.00
447.02 751.00
447.02 752.00
448.00 752.98
448.02 753.00
448.02 754.00
448.02 755.00
448.02 756.00
448.02 757.00
449.00 757.98
449.02 758.00
449.02 759.00
449.02 760.00
450.00 760.98
450.02 761.00
450.02 762.00
450.02 763.00
451.00 763.98
451.02 764.00
451.02 765.00
452.00 765.98
452.02 766.00
452.02 767.00
453.00 767.98
453.02 768.00
454.00 768.98
454.02 769.00
454.02 770.00
455.00 770.98
455.02 771.00
455.02 772.00
456.00 772.98
456.02 773.00
457.00 773.98
457.02 774.00
457.02 775.00
458.00 775.98
458.02 776.00
459.00 776.98
459.02 777.00
460.00 777.98
460.02 778.00
461.00 778.98
461.02 779.00
462.00 779.98
462.02 780.00
463.00 780.98
463.02 781.00
464.00 781.98
464.02 782.00
465.00 782.98
465.02 783.00
466.00 783.98
467.00 783.98
468.00 783.98
468.02 784.00
469.00 784.98
470.00 784.98
470.02 785.00
471.00 785.98
472.00 785.98
473.00 785.98
473.02 786.00
474.00 786.98
475.00 786.98
476.00 786.98
477.00 786.98
478.00 786.98
479.00 786.98
480.00 786.98
481.00 786.98
482.00 786.98
483.00 786.98
484.00 786.98
485.00 786.98
486.00 786.98
487.00 786.98
488.00 786.98
488.98 786.00
489.00 785.98
490.00 785.98
491.00 785.98
491.98 785.00
492.00 784.98
493.00 784.98
493.98 784.00
494.00 783.98
495.00 783.98
495.98 783.00
496.00 782.98
497.00 782.98
497.98 782.00
498.00 781.98
499.00 781.98
499.98 781.00
500.00 780.98
500.98 780.00
501.00 779.98
501.98 779.00
502.00 778.98
502.98 778.00
503.00 777.98
503.98 777.00
504.00 776.98
504.98 776.00
505.00 775.98
505.98 775.00
505.98 774.00
506.00 773.98
506.98 773.00
507.00 772.98
507.98 772.00
508.00 771.98
508.98 771.00
508.98 770.00
509.00 769.98
509.98 769.00
509.98 768.00
510.00 767.98
510.98 767.00
510.98 766.00
511.00 765.98
511.98 765.00
511.98 764.00
512.00 763.98
512.98 763.00
512.98 762.00
512.98 761.00
512.98 760.00
513.00 759.98
513.98 759.00
513.98 758.00
513.98 757.00
513.98 756.00
513.98 755.00
514.00 754.98
514.98 754.00

Contour 19:
550.98 104.00
550.98 103.00
550.98 102.00
550.98 101.00
550.98 100.00
550.98 99.00
550.98 98.00
550.98 97.00
550.98 96.00
550.00 95.02
549.98 95.00
549.98 94.00
549.00 93.02
548.98 93.00
548.98 92.00
548.00 91.02
547.98 91.00
547.98 90.00
547.00 89.02
546.98 89.00
546.00 88.02
545.98 88.00
545.00 87.02
544.98 87.00
544.98 86.00
544.00 85.02
543.00 85.02
542.98 85.00
542.00 84.02
541.98 84.00
541.00 83.02
540.98 83.00
540.00 82.02
539.00 82.02
538.98 82.00
538.00 81.02
537.00 81.02
536.98 81.00
536.00 80.02
535.00 80.02
534.00 80.02
533.98 80.00
533.00 79.02
532.00 79.02
531.00 79.02
530.00 79.02
529.00 79.02
528.00 79.02
527.00 79.02
526.98 79.00
526.00 78.02
525.00 78.02
524.00 78.02
523.00 78.02
522.02 79.00
522.00 79.02
521.00 79.02
520.00 79.02
519.00 79.02
518.00 79.02
517.00 79.02
516.00 79.02
515.00 79.02
514.02 80.00
514.00 80.02
513.00 80.02
512.00 80.02
511.02 81.00
511.00 81.02
510.00 81.02
509.00 81.02
508.02 82.00
508.00 82.02
507.00 82.02
506.00 82.02
505.02 83.00
505.00 83.02
504.02 84.00
504.00 84.02
503.00 84.02
502.02 85.00
502.00 85.02
501.00 85.02
500.02 86.00
500.00 86.02
499.02 87.00
499.00 87.02
498.00 87.02
497.02 88.00
497.00 88.02
496.02 89.00
496.00 89.02
495.02 90.00
495.00 90.02
494.02 91.00
494.00 91.02
493.02 92.00
493.00 92.02
492.02 93.00
492.00 93.02
491.02 94.00
491.00 94.02
490.02 95.00
490.00 95.02
489.02 96.00
489.02 97.00
489.00 97.02
488.02 98.00
488.00 98.02
487.02 99.00
487.02 100.00
487.00 100.02
486.02 101.00
486.02 102.00
486.00 102.02
485.02 103.00
485.02 104.00
485.02 105.00
485.00 105.02
484.02 106.00
484.02 107.00
484.02 108.00
484.02 109.00
484.02 110.00
484.02 111.00
484.02 112.00
484.02 113.00
484.02 114.00
484.02 115.00
484.02 116.00
484.02 117.00
485.00 117.98
485.02 118.00
485.02 119.00
485.02 120.00
485.02 121.00
486.00 121.98
486.02 122.00
486.02 123.00
486.02 124.00
486.02 125.00
487.00 125.98
487.02 126.00
487.02 127.00
488.00 127.98
488.02 128.00
488.02 129.00
489.00 129.98
489.02 130.00
489.02 131.00
490.00 131.98
490.02 132.00
490.02 133.00
491.00 133.98
491.02 134.00
492.00 134.98
492.02 135.00
493.00 135.98
493.02 136.00
494.00 136.98
494.02 137.00
495.00 137.98
496.00 137.98
496.02 138.00
497.00 138.98
498.00 138.98
498.02 139.00
499.00 139.98
500.00 139.98
500.02 140.00
501.00 140.98
502.00 140.98
503.00 140.98
504.00 140.98
504.02 141.00
505.00 141.98
506.00 141.98
507.00 141.98
508.00 141.98
509.00 141.98
510.00 141.98
511.00 141.98
512.00 141.98
513.00 141.98
514.00 141.98
515.00 141.98
516.00 141.98
517.00 141.98
518.00 141.98
518.98 141.00
519.00 140.98
520.00 140.98
521.00 140.98
522.00 140.98
523.00 140.98
523.98 140.00
524.00 139.98
525.00 139.98
525.98 139.00
526.00 138.98
527.00 138.98
527.98 138.00
528.00 137.98
528.98 137.00
529.00 136.98
530.00 136.98
530.98 136.00
531.00 135.98
531.98 135.00
532.00 134.98
532.98 134.00
533.00 133.98
533.98 133.00
534.00 132.98
534.98 132.00
535.00 131.98
535.98 131.00
536.00 130.98
536.98 130.00
537.00 129.98
537.98 129.00
538.00 128.98
538.98 128.00
539.00 127.98
539.98 127.00
540.00 126.98
540.98 126.00
541.00 125.98
541.98 125.00
542.00 124.98
542.98 124.00
542.98 123.00
543.00 122.98
543.98 122.00
544.00 121.98
544.98 121.00
545.00 120.98
545.98 120.00
545.98 119.00
546.00 118.98
546.98 118.00
546.98 117.00
547.00 116.98
547.98 116.00
547.98 115.00
547.98 114.00
548.00 113.98
548.98 113.00
548.98 112.00
548.98 111.00
549.00 110.98
549.98 110.00
549.98 109.00
549.98 108.00
549.98 107.00
549.98 106.00
549.98 105.00
550.00 104.98
550.98 104.00

Contour 20:
590.98 601.00
590.98 600.00
590.98 599.00
590.98 598.00
590.98 597.00
590.98 596.00
590.98 595.00
590.98 594.00
590.98 593.00
590.98 592.00
590.98 591.00
590.98 590.00
590.00 589.02
589.98 589.00
589.98 588.00
589.98 587.00
589.98 586.00
589.98 585.00
589.00 584.02
588.98 584.00
588.98 583.00
588.98 582.00
588.00 581.02
587.98 581.00
587.98 580.00
587.00 579.02
586.98 579.00
586.98 578.00
586.00 577.02
585.98 577.00
585.98 576.00
585.00 575.02
584.98 575.00
584.98 574.00
584.00 573.02
583.98 573.00
583.98 572.00
583.00 571.02
582.98 571.00
582.00 570.02
581.98 570.00
581.98 569.00
581.00 568.02
580.98 568.00
580.98 567.00
580.00 566.02
579.98 566.00
579.00 565.02
578.98 565.00
578.00 564.02
577.98 564.00
577.00 563.02
576.98 563.00
576.98 562.00
576.00 561.02
575.98 561.00
575.00 560.02
574.98 560.00
574.00 559.02
573.00 559.02
572.98 559.00
572.00 558.02
571.98 558.00
571.00 557.02
570.00 557.02
569.98 557.00
569.00 556.02
568.98 556.00
568.00 555.02
567.00 555.02
566.00 555.02
565.98 555.00
565.00 554.02
564.00 554.02
563.00 554.02
562.00 554.02
561.00 554.02
560.00 554.02
559.00 554.02
558.00 554.02
557.00 554.02
556.00 554.02
555.00 554.02
554.02 555.00
554.00 555.02
553.00 555.02
552.00 555.02
551.02 556.00
551.00 556.02
550.00 556.02
549.00 556.02
548.02 557.00
548.00 557.02
547.00 557.02
546.02 558.00
546.00 558.02
545.00 558.02
544.02 559.00
544.00 559.02
543.02 560.00
543.00 560.02
542.02 561.00
542.00 561.02
541.02 562.00
541.00 562.02
540.00 562.02
539.02 563.00
539.00 563.02
538.02 564.00
538.00 564.02
537.02 565.00
537.00 565.02
536.02 566.00
536.02 567.00
536.00 567.02
535.02 568.00
535.00 568.02
534.02 569.00
534.00 569.02
533.02 570.00
533.02 571.00
533.00 571.02
532.02 572.00
532.00 572.02
531.02 573.00
531.02 574.00
531.00 574.02
530.02 575.00
530.02 576.00
530.02 577.00
530.00 577.02
529.02 578.00
529.02 579.00
529.00 579.02
528.02 580.00
528.02 581.00
528.02 582.00
528.02 583.00
528.02 584.00
528.00 584.02
527.02 585.00
527.02 586.00
527.02 587.00
527.02 588.00
527.02 589.00
527.02 590.00
527.02 591.00
527.02 592.00
527.02 593.00
527.02 594.00
527.02 595.00
527.02 596.00
527.02 597.00
527.02 598.00
527.02 599.00
527.02 600.00
528.00 600.98
528.02 601.00
528.02 602.00
528.02 603.00
528.02 604.00
529.00 604.98
529.02 605.00
529.02 606.00
530.00 606.98
530.02 607.00
530.02 608.00
531.00 608.98
531.02 609.00
532.00 609.98
532.02 610.00
532.02 611.00
533.00 611.98
533.02 612.00
534.00 612.98
534.02 613.00
535.00 613.98
535.02 614.00
536.00 614.98
536.02 615.00
537.00 615.98
537.02 616.00
538.00 616.98
538.02 617.00
539.00 617.98
539.02 618.00
540.00 618.98
540.02 619.00
541.00 619.98
542.00 619.98
542.02 620.00
543.00 620.98
543.02 621.00
544.00 621.98
545.00 621.98
545.02 622.00
546.00 622.98
547.00 622.98
547.02 623.00
548.00 623.98
549.00 623.98
549.02 624.00
550.00 624.98
551.00 624.98
552.00 624.98
552.02 625.00
553.00 625.98
554.00 625.98
555.00 625.98
556.00 625.98
557.00 625.98
558.00 625.98
559.00 625.98
560.00 625.98
561.00 625.98
562.00 625.98
563.00 625.98
564.00 625.98
565.00 625.98
566.00 625.98
566.98 625.00
567.00 624.98
568.00 624.98
569.00 624.98
569.98 624.00
570.00 623.98
571.00 623.98
572.00 623.98
572.98 623.00
573.00 622.98
574.00 622.98
574.98 622.00
575.00 621.98
576.00 621.98
576.98 621.00
577.00 620.98
578.00 620.98
578.98 620.00
579.00 619.98
579.98 619.00
580.00 618.98
580.98 618.00
581.00 617.98
581.98 617.00
582.00 616.98
582.98 616.00
583.00 615.98
583.98 615.00
584.00 614.98
584.98 614.00
585.00 613.98
585.98 613.00
585.98 612.00
586.00 611.98
586.98 611.00
586.98 610.00
587.00 609.98
587.98 609.00
588.00 608.98
588.98 608.00
588.98 607.00
588.98 606.00
589.00 605.98
589.98 605.00
589.98 604.00
589.98 603.00
589.98 602.00
590.00 601.98
590.98 601.00

Contour 21:
653.98 555.00
653.98 554.00
653.98 553.00
653.98 552.00
653.00 551.02
652.98 551.00
652.98 550.00
652.98 549.00
652.98 548.00
652.00 547.02
651.98 547.00
651.98 546.00
651.00 545.02
650.98 545.00
650.98 544.00
650.00 543.02
649.98 543.00
649.98 542.00
649.00 541.02
648.98 541.00
648.98 540.00
648.00 539.02
647.98 539.00
647.00 538.02
646.98 538.00
646.98 537.00
646.00 536.02
645.98 536.00
645.00 535.02
644.98 535.00
644.00 534.02
643.98 534.00
643.98 533.00
643.00 532.02
642.98 532.00
642.00 531.02
641.98 531.00
641.98 530.00
641.00 529.02
640.98 529.00
640.00 528.02
639.98 528.00
639.00 527.02
638.98 527.00
638.00 526.02
637.98 526.00
637.00 525.02
636.98 525.00
636.00 524.02
635.98 524.00
635.00 523.02
634.98 523.00
634.00 522.02
633.00 522.02
632.98 522.00
632.00 521.02
631.00 521.02
630.98 521.00
630.00 520.02
629.00 520.02
628.98 520.00
628.00 519.02
627.00 519.02
626.98 519.00
626.00 518.02
625.00 518.02
624.00 518.02
623.00 518.02
622.98 518.00
622.00 517.02
621.00 517.02
620.00 517.02
619.00 517.02
618.00 517.02
617.00 517.02
616.00 517.02
615.00 517.02
614.00 517.02
613.00 517.02
612.00 517.02
611.00 517.02
610.00 517.02
609.00 517.02
608.00 517.02
607.00 517.02
606.02 518.00
606.00 518.02
605.00 518.02
604.00 518.02
603.02 519.00
603.00 519.02
602.00 519.02
601.00 519.02
600.02 520.00
600.00 520.02
599.00 520.02
598.02 521.00
598.00 521.02
597.00 521.02
596.02 522.00
596.00 522.02
595.02 523.00
595.00 523.02
594.00 523.02
593.02 524.00
593.00 524.02
592.02 525.00
592.00 525.02
591.02 526.00
591.02 527.00
591.00 527.02
590.02 528.00
590.00 528.02
589.02 529.00
589.00 529.02
588.02 530.00
588.00 530.02
587.02 531.00
587.02 532.00
587.00 532.02
586.02 533.00
586.02 534.00
586.00 534.02
585.02 535.00
585.02 536.00
585.00 536.02
584.02 537.00
584.02 538.00
584.02 539.00
584.02 540.00
584.02 541.00
584.02 542.00
584.02 543.00
584.02 544.00
584.02 545.00
584.02 546.00
584.02 547.00
584.02 548.00
584.02 549.00
585.00 549.98
585.02 550.00
585.02 551.00
585.02 552.00
585.02 553.00
585.02 554.00
585.02 555.00
585.02 556.00
585.02 557.00
586.00 557.98
586.02 558.00
586.02 559.00
586.02 560.00
586.02 561.00
586.02 562.00
586.02 563.00
587.00 563.98
587.02 564.00
587.02 565.00
587.02 566.00
587.02 567.00
588.00 567.98
588.02 568.00
588.02 569.00
589.00 569.98
589.02 570.00
589.02 571.00
590.00 571.98
590.02 572.00
590.02 573.00
591.00 573.98
591.02 574.00
591.02 575.00
592.00 575.98
592.02 576.00
593.00 576.98
593.02 577.00
594.00 577.98
594.02 578.00
595.00 578.98
596.00 578.98
596.02 579.00
597.00 579.98
597.02 580.00
598.00 580.98
599.00 580.98
599.02 581.00
600.00 581.98
600.02 582.00
601.00 582.98
602.00 582.98
602.02 583.00
603.00 583.98
604.00 583.98
604.02 584.00
605.00 584.98
606.00 584.98
606.02 585.00
607.00 585.98
608.00 585.98
609.00 585.98
609.02 586.00
610.00 586.98
611.00 586.98
612.00 586.98
612.02 587.00
613.00 587.98
614.00 587.98
615.00 587.98
616.00 587.98
617.00 587.98
618.00 587.98
619.00 587.98
620.00 587.98
621.00 587.98
622.00 587.98
623.00 587.98
624.00 587.98
625.00 587.98
626.00 587.98
627.00 587.98
628.00 587.98
628.98 587.00
629.00 586.98
630.00 586.98
631.00 586.98
631.98 586.00
632.00 585.98
633.00 585.98
633.98 585.00
634.00 584.98
635.00 584.98
635.98 584.00
636.00 583.98
637.00 583.98
637.98 583.00
638.00 582.98
638.98 582.00
639.00 581.98
639.98 581.00
640.00 580.98
640.98 580.00
641.00 579.98
641.98 579.00
642.00 578.98
642.98 578.00
643.00 577.98
643.98 577.00
644.00 576.98
644.98 576.00
644.98 575.00
645.00 574.98
645.98 574.00
646.00 573.98
646.98 573.00
646.98 572.00
647.00 571.98
647.98 571.00
647.98 570.00
648.00 569.98
648.98 569.00
649.00 568.98
649.98 568.00
649.98 567.00
649.98 566.00
650.00 565.98
650.98 565.00
650.98 564.00
651.00 563.98
651.98 563.00
651.98 562.00
652.00 561.98
652.98 561.00
652.98 560.00
652.98 559.00
652.98 558.00
652.98 557.00
652.98 556.00
653.00 555.98
653.98 555.00

Contour 22:
662.98 781.00
662.98 780.00
662.98 779.00
662.98 778.00
662.98 777.00
662.98 776.00
662.00 775.02
661.98 775.00
661.98 774.00
661.98 773.00
661.98 772.00
661.98 771.00
661.00 770.02
660.98 770.00
660.98 769.00
660.98 768.00
660.00 767.02
659.98 767.00
659.98 766.00
659.98 765.00
659.00 764.02
658.98 764.00
658.00 763.02
657.98 763.00
657.00 762.02
656.98 762.00
656.00 761.02
655.98 761.00
655.98 760.00
655.00 759.02
654.00 759.02
653.98 759.00
653.00 758.02
652.98 758.00
652.00 757.02
651.98 757.00
651.00 756.02
650.00 756.02
649.98 756.00
649.00 755.02
648.98 755.00
648.00 754.02
647.00 754.02
646.98 754.00
646.00 753.02
645.00 753.02
644.00 753.02
643.98 753.00
643.00 752.02
642.00 752.02
641.00 752.02
640.98 752.00
640.00 751.02
639.00 751.02
638.00 751.02
637.00 751.02
636.00 751.02
635.00 751.02
634.00 751.02
633.00 751.02
632.00 751.02
631.00 751.02
630.00 751.02
629.00 751.02
628.02 752.00
628.00 752.02
627.00 752.02
626.00 752.02
625.02 753.00
625.00 753.02
624.00 753.02
623.02 754.00
623.00 754.02
622.00 754.02
621.00 754.02
620.02 755.00
620.00 755.02
619.02 756.00
619.00 756.02
618.00 756.02
617.02 757.00
617.00 757.02
616.02 758.00
616.00 758.02
615.02 759.00
615.00 759.02
614.00 759.02
613.02 760.00
613.00 760.02
612.02 761.00
612.00 761.02
611.02 762.00
611.00 762.02
610.02 763.00
610.00 763.02
609.02 764.00
609.02 765.00
609.00 765.02
608.02 766.00
608.00 766.02
607.02 767.00
607.00 767.02
606.02 768.00
606.00 768.02
605.02 769.00
605.02 770.00
605.00 770.02
604.02 771.00
604.02 772.00
604.02 773.00
604.00 773.02
603.02 774.00
603.02 775.00
603.02 776.00
603.02 777.00
603.00 777.02
602.02 778.00
602.02 779.00
602.02 780.00
602.02 781.00
602.02 782.00
602.02 783.00
602.02 784.00
602.02 785.00
602.02 786.00
602.02 787.00
602.02 788.00
603.00 788.98
603.02 789.00
603.02 790.00
603.02 791.00
604.00 791.98
604.02 792.00
604.02 793.00
605.00 793.98
605.02 794.00
605.02 795.00
606.00 795.98
606.02 796.00
607.00 796.98
607.02 797.00
607.02 798.00
608.00 798.98
608.02 799.00
609.00 799.98
609.02 800.00
610.00 800.98
610.02 801.00
611.00 801.98
611.02 802.00
612.00 802.98
612.02 803.00
613.00 803.98
614.00 803.98
614.02 804.00
615.00 804.98
615.02 805.00
616.00 805.98
617.00 805.98
617.02 806.00
618.00 806.98
619.00 806.98
619.02 807.00
620.00 807.98
621.00 807.98
621.02 808.00
622.00 808.98
623.00 808.98
624.00 808.98
625.00 808.98
625.02 809.00
626.00 809.98
627.00 809.98
628.00 809.98
628.02 810.00
629.00 810.98
630.00 810.98
631.00 810.98
632.00 810.98
633.00 810.98
634.00 810.98
635.00 810.98
636.00 810.98
637.00 810.98
638.00 810.98
639.00 810.98
640.00 810.98
641.00 810.98
641.98 810.00
642.00 809.98
643.00 809.98
644.00 809.98
645.00 809.98
645.98 809.00
646.00 808.98
647.00 808.98
647.98 808.00
648.00 807.98
648.98 807.00
649.00 806.98
650.00 806.98
650.98 806.00
651.00 805.98
651.98 805.00
652.00 804.98
652.98 804.00
653.00 803.98
653.98 803.00
653.98 802.00
654.00 801.98
654.98 801.00
655.00 800.98
655.98 800.00
655.98 799.00
656.00 798.98
656.98 798.00
657.00 797.98
657.98 797.00
657.98 796.00
658.00 795.98
658.98 795.00
658.98 794.00
659.00 793.98
659.98 793.00
659.98 792.00
660.00 791.98
660.98 791.00
660.98 790.00
660.98 789.00
661.00 788.98
661.98 788.00
661.98 787.00
661.98 786.00
661.98 785.00
661.98 784.00
661.98 783.00
661.98 782.00
662.00 781.98
662.98 781.00

Contour 23:
740.98 672.00
740.98 671.00
740.98 670.00
740.98 669.00
740.98 668.00
740.98 667.00
740.00 666.02
739.98 666.00
739.98 665.00
739.98 664.00
739.98 663.00
739.98 662.00
739.00 661.02
738.98 661.00
738.98 660.00
738.98 659.00
738.98 658.00
738.98 657.00
738.98 656.00
738.00 655.02
737.98 655.00
737.98 654.00
737.98 653.00
737.98 652.00
737.98 651.00
737.00 650.02
736.98 650.00
736.98 649.00
736.00 648.02
735.98 648.00
735.98 647.00
735.00 646.02
734.98 646.00
734.00 645.02
733.98 645.00
733.00 644.02
732.98 644.00
732.00 643.02
731.98 643.00
731.00 642.02
730.98 642.00
730.00 641.02
729.98 641.00
729.00 640.02
728.98 640.00
728.00 639.02
727.00 639.02
726.98 639.00
726.00 638.02
725.98 638.00
725.00 637.02
724.00 637.02
723.98 637.00
723.00 636.02
722.00 636.02
721.00 636.02
720.98 636.00
720.00 635.02
719.00 635.02
718.00 635.02
717.98 635.00
717.00 634.02
716.00 634.02
715.00 634.02
714.00 634.02
713.00 634.02
712.00 634.02
711.00 634.02
710.00 634.02
709.00 634.02
708.00 634.02
707.00 634.02
706.00 634.02
705.02 635.00
705.00 635.02
704.00 635.02
703.00 635.02
702.00 635.02
701.00 635.02
700.00 635.02
699.00 635.02
698.02 636.00
698.00 636.02
697.00 636.02
696.00 636.02
695.02 637.00
695.00 637.02
694.00 637.02
693.02 638.00
693.00 638.02
692.00 638.02
691.02 639.00
691.00 639.02
690.00 639.02
689.02 640.00
689.00 640.02
688.02 641.00
688.00 641.02
687.02 642.00
687.00 642.02
686.00 642.02
685.02 643.00
685.00 643.02
684.02 644.00
684.02 645.00
684.00 645.02
683.02 646.00
683.00 646.02
682.02 647.00
682.00 647.02
681.02 648.00
681.02 649.00
681.00 649.02
680.02 650.00
680.02 651.00
680.00 651.02
679.02 652.00
679.02 653.00
679.00 653.02
678.02 654.00
678.02 655.00
678.02 656.00
678.00 656.02
677.02 657.00
677.02 658.00
677.02 659.00
677.02 660.00
677.02 661.00
677.02 662.00
677.02 663.00
677.02 664.00
677.02 665.00
677.02 666.00
677.02 667.00
677.02 668.00
677.02 669.00
677.02 670.00
677.02 671.00
678.00 671.98
678.02 672.00
678.02 673.00
678.02 674.00
679.00 674.98
679.02 675.00
679.02 676.00
680.00 676.98
680.02 677.00
681.00 677.98
681.02 678.00
681.02 679.00
682.00 679.98
682.02 680.00
683.00 680.98
683.02 681.00
683.02 682.00
684.00 682.98
684.02 683.00
685.00 683.98
685.02 684.00
686.00 684.98
686.02 685.00
686.02 686.00
687.00 686.98
687.02 687.00
688.00 687.98
689.00 687.98
689.02 688.00
690.00 688.98
690.02 689.00
691.00 689.98
691.02 690.00
692.00 690.98
693.00 690.98
693.02 691.00
694.00 691.98
694.02 692.00
695.00 692.98
696.00 692.98
696.02 693.00
697.00 693.98
698.00 693.98
698.02 694.00
699.00 694.98
700.00 694.98
701.00 694.98
701.02 695.00
702.00 695.98
703.00 695.98
704.00 695.98
704.02 696.00
705.00 696.98
706.00 696.98
707.00 696.98
708.00 696.98
709.00 696.98
709.02 697.00
710.00 697.98
711.00 697.98
712.00 697.98
713.00 697.98
714.00 697.98
715.00 697.98
715.98 697.00
716.00 696.98
717.00 696.98
718.00 696.98
719.00 696.98
720.00 696.98
721.00 696.98
721.98 696.00
722.00 695.98
723.00 695.98
723.98 695.00
724.00 694.98
725.00 694.98
725.98 694.00
726.00 693.98
727.00 693.98
727.98 693.00
728.00 692.98
728.98 692.00
729.00 691.98
729.98 691.00
730.00 690.98
731.00 690.98
731.98 690.00
731.98 689.00
732.00 688.98
732.98 688.00
733.00 687.98
733.98 687.00
734.00 686.98
734.98 686.00
735.00 685.98
735.98 685.00
735.98 684.00
736.00 683.98
736.98 683.00
736.98 682.00
737.00 681.98
737.98 681.00
737.98 680.00
738.00 679.98
738.98 679.00
738.98 678.00
739.00 677.98
739.98 677.00
739.98 676.00
739.98 675.00
739.98 674.00
739.98 673.00
740.00 672.98
740.98 672.00

Contour 24:
756.98 468.00
756.98 467.00
756.98 466.00
756.98 465.00
756.98 464.00
756.98 463.00
756.98 462.00
756.98 461.00
756.98 460.00
756.98 459.00
756.98 458.00
756.98 457.00
756.00 456.02
755.98 456.00
755.98 455.00
755.98 454.00
755.98 453.00
755.98 452.00
755.98 451.00
755.98 450.00
755.00 449.02
754.98 449.00
754.98 448.00
754.98 447.00
754.98 446.00
754.00 445.02
753.98 445.00
753.98 444.00
753.98 443.00
753.00 442.02
752.98 442.00
752.98 441.00
752.00 440.02
751.98 440.00
751.00 439.02
750.98 439.00
750.98 438.00
750.00 437.02
749.98 437.00
749.00 436.02
748.98 436.00
748.00 435.02
747.98 435.00
747.00 434.02
746.98 434.00
746.00 433.02
745.00 433.02
744.98 433.00
744.00 432.02
743.00 432.02
742.98 432.00
742.00 431.02
741.00 431.02
740.00 431.02
739.00 431.02
738.98 431.00
738.00 430.02
737.00 430.02
736.02 431.00
736.00 431.02
735.00 431.02
734.00 431.02
733.00 431.02
732.00 431.02
731.02 432.00
731.00 432.02
730.00 432.02
729.02 433.00
729.00 433.02
728.00 433.02
727.02 434.00
727.00 434.02
726.02 435.00
726.00 435.02
725.00 435.02
724.02 436.00
724.00 436.02
723.02 437.00
723.00 437.02
722.02 438.00
722.00 438.02
721.02 439.00
721.00 439.02
720.02 440.00
720.00 440.02
719.02 441.00
719.00 441.02
718.02 442.00
718.00 442.02
717.02 443.00
717.02 444.00
717.00 444.02
716.02 445.00
716.02 446.00
716.00 446.02
715.02 447.00
715.02 448.00
715.00 448.02
714.02 449.00
714.02 450.00
714.00 450.02
713.02 451.00
713.02 452.00
713.00 452.02
712.02 453.00
712.02 454.00
712.00 454.02
711.02 455.00
711.02 456.00
711.02 457.00
711.00 457.02
710.02 458.00
710.02 459.00
710.00 459.02
709.02 460.00
709.02 461.00
709.02 462.00
709.00 462.02
708.02 463.00
708.02 464.00
708.02 465.00
708.02 466.00
708.00 466.02
707.02 467.00
707.02 468.00
707.02 469.00
707.02 470.00
707.02 471.00
707.02 472.00
707.02 473.00
707.02 474.00
707.02 475.00
707.02 476.00
707.02 477.00
707.02 478.00
707.02 479.00
707.02 480.00
707.02 481.00
707.02 482.00
707.02 483.00
708.00 483.98
708.02 484.00
708.02 485.00
708.02 486.00
709.00 486.98
709.02 487.00
709.02 488.00
709.02 489.00
710.00 489.98
710.02 490.00
710.02 491.00
711.00 491.98
711.02 492.00
711.02 493.00
711.02 494.00
712.00 494.98
712.02 495.00
712.02 496.00
713.00 496.98
713.02 497.00
713.02 498.00
714.00 498.98
714.02 499.00
715.00 499.98
715.02 500.00
716.00 500.98
716.02 501.00
717.00 501.98
717.02 502.00
718.00 502.98
719.00 502.98
719.02 503.00
720.00 503.98
721.00 503.98
722.00 503.98
722.02 504.00
723.00 504.98
724.00 504.98
725.00 504.98
726.00 504.98
727.00 504.98
728.00 504.98
729.00 504.98
730.00 504.98
731.00 504.98
731.98 504.00
732.00 503.98
733.00 503.98
734.00 503.98
734.98 503.00
735.00 502.98
735.98 502.00
736.00 501.98
737.00 501.98
737.98 501.00
738.00 500.98
738.98 500.00
739.00 499.98
739.98 499.00
740.00 498.98
740.98 498.00
741.00 497.98
741.98 497.00
742.00 496.98
742.98 496.00
743.00 495.98
743.98 495.00
744.00 494.98
744.98 494.00
745.00 493.98
745.98 493.00
745.98 492.00
746.00 491.98
746.98 491.00
747.00 490.98
747.98 490.00
747.98 489.00
748.00 488.98
748.98 488.00
749.00 487.98
749.98 487.00
749.98 486.00
750.00 485.98
750.98 485.00
750.98 484.00
750.98 483.00
751.00 482.98
751.98 482.00
751.98 481.00
752.00 480.98
752.98 480.00
752.98 479.00
753.00 478.98
753.98 478.00
753.98 477.00
754.00 476.98
754.98 476.00
754.98 475.00
754.98 474.00
755.00 473.98
755.98 473.00
755.98 472.00
755.98 471.00
755.98 470.00
755.98 469.00
756.00 468.98
756.98 468.00

Contour 25:
786.98 899.00
786.98 898.00
786.98 897.00
786.98 896.00
786.98 895.00
786.98 894.00
786.98 893.00
786.98 892.00
786.98 891.00
786.98 890.00
786.98 889.00
786.98 888.00
786.00 887.02
785.98 887.00
785.98 886.00
785.98 885.00
785.00 884.02
784.98 884.00
784.98 883.00
784.00 882.02
783.98 882.00
783.98 881.00
783.00 880.02
782.98 880.00
782.98 879.00
782.00 878.02
781.98 878.00
781.98 877.00
781.00 876.02
780.98 876.00
780.00 875.02
779.98 875.00
779.00 874.02
778.98 874.00
778.98 873.00
778.00 872.02
777.98 872.00
777.98 871.00
777.00 870.02
776.98 870.00
776.00 869.02
775.98 869.00
775.00 868.02
774.98 868.00
774.00 867.02
773.98 867.00
773.00 866.02
772.98 866.00
772.00 865.02
771.00 865.02
770.98 865.00
770.00 864.02
769.98 864.00
769.00 863.02
768.00 863.02
767.98 863.00
767.00 862.02
766.00 862.02
765.98 862.00
765.00 861.02
764.00 861.02
763.98 861.00
763.00 860.02
762.00 860.02
761.98 860.00
761.00 859.02
760.00 859.02
759.00 859.02
758.00 859.02
757.98 859.00
757.00 858.02
756.00 858.02
755.00 858.02
754.98 858.00
754.00 857.02
753.00 857.02
752.00 857.02
751.98 857.00
751.00 856.02
750.00 856.02
749.00 856.02
748.00 856.02
747.98 856.00
747.00 855.02
746.00 855.02
745.00 855.02
744.00 855.02
743.00 855.02
742.00 855.02
741.02 856.00
741.00 856.02
740.00 856.02
739.00 856.02
738.00 856.02
737.02 857.00
737.00 857.02
736.00 857.02
735.00 857.02
734.02 858.00
734.00 858.02
733.00 858.02
732.02 859.00
732.00 859.02
731.00 859.02
730.02 860.00
730.00 860.02
729.00 860.02
728.02 861.00
728.00 861.02
727.02 862.00
727.00 862.02
726.02 863.00
726.00 863.02
725.02 864.00
725.00 864.02
724.02 865.00
724.00 865.02
723.02 866.00
723.00 866.02
722.02 867.00
722.00 867.02
721.02 868.00
721.00 868.02
720.02 869.00
720.02 870.00
720.00 870.02
719.02 871.00
719.02 872.00
719.00 872.02
718.02 873.00
718.02 874.00
718.00 874.02
717.02 875.00
717.02 876.00
717.02 877.00
717.02 878.00
717.02 879.00
717.02 880.00
717.02 881.00
717.02 882.00
717.02 883.00
717.02 884.00
717.02 885.00
717.02 886.00
718.00 886.98
718.02 887.00
718.02 888.00
718.02 889.00
719.00 889.98
719.02 890.00
719.02 891.00
720.00 891.98
720.02 892.00
720.02 893.00
721.00 893.98
721.02 894.00
722.00 894.98
722.02 895.00
722.02 896.00
723.00 896.98
723.02 897.00
724.00 897.98
724.02 898.00
725.00 898.98
725.02 899.00
726.00 899.98
726.02 900.00
726.02 901.00
727.00 901.98
727.02 902.00
728.00 902.98
728.02 903.00
729.00 903.98
729.02 904.00
730.00 904.98
731.00 904.98
731.02 905.00
732.00 905.98
732.02 906.00
733.00 906.98
733.02 907.00
734.00 907.98
734.02 908.00
735.00 908.98
735.02 909.00
736.00 909.98
737.00 909.98
737.02 910.00
738.00 910.98
738.02 911.00
739.00 911.98
739.02 912.00
740.00 912.98
741.00 912.98
741.02 913.00
742.00 913.98
742.02 914.00
743.00 914.98
744.00 914.98
744.02 915.00
745.00 915.98
746.00 915.98
746.02 916.00
747.00 916.98
748.00 916.98
748.02 917.00
749.00 917.98
750.00 917.98
750.02 918.00
751.00 918.98
752.00 918.98
753.00 918.98
753.02 919.00
754.00 919.98
755.00 919.98
756.00 919.98
757.00 919.98
757.02 920.00
758.00 920.98
759.00 920.98
760.00 920.98
761.00 920.98
762.00 920.98
763.00 920.98
764.00 920.98
765.00 920.98
766.00 920.98
766.98 920.00
767.00 919.98
768.00 919.98
769.00 919.98
770.00 919.98
770.98 919.00
771.00 918.98
772.00 918.98
772.98 918.00
773.00 917.98
773.98 917.00
774.00 916.98
775.00 916.98
775.98 916.00
776.00 915.98
776.98 915.00
777.00 914.98
777.98 914.00
777.98 913.00
778.00 912.98
778.98 912.00
779.00 911.98
779.98 911.00
780.00 910.98
780.98 910.00
781.00 909.98
781.98 909.00
781.98 908.00
782.00 907.98
782.98 907.00
783.00 906.98
783.98 906.00
783.98 905.00
784.00 904.98
784.98 904.00
784.98 903.00
785.00 902.98
785.98 902.00
785.98 901.00
785.98 900.00
786.00 899.98
786.98 899.00

Contour 26:
934.98 749.00
934.98 748.00
934.98 747.00
934.98 746.00
934.98 745.00
934.98 744.00
934.98 743.00
934.98 742.00
934.98 741.00
934.00 740.02
933.98 740.00
933.98 739.00
933.98 738.00
933.00 737.02
932.98 737.00
932.98 736.00
932.00 735.02
931.98 735.00
931.98 734.00
931.00 733.02
930.98 733.00
930.98 732.00
930.00 731.02
929.98 731.00
929.98 730.00
929.00 729.02
928.98 729.00
928.98 728.00
928.00 727.02
927.98 727.00
927.98 726.00
927.00 725.02
926.98 725.00
926.00 724.02
925.98 724.00
925.98 723.00
925.00 722.02
924.98 722.00
924.00 721.02
923.98 721.00
923.98 720.00
923.00 719.02
922.98 719.00
922.00 718.02
921.98 718.00
921.98 717.00
921.00 716.02
920.98 716.00
920.00 715.02
919.98 715.00
919.00 714.02
918.98 714.00
918.00 713.02
917.98 713.00
917.00 712.02
916.98 712.00
916.00 711.02
915.98 711.00
915.00 710.02
914.98 710.00
914.00 709.02
913.00 709.02
912.98 709.00
912.00 708.02
911.00 708.02
910.98 708.00
910.00 707.02
909.00 707.02
908.98 707.00
908.00 706.02
907.00 706.02
906.98 706.00
906.00 705.02
905.00 705.02
904.00 705.02
903.98 705.00
903.00 704.02
902.00 704.02
901.00 704.02
900.00 704.02
899.00 704.02
898.00 704.02
897.98 704.00
897.00 703.02
896.00 703.02
895.00 703.02
894.00 703.02
893.00 703.02
892.00 703.02
891.00 703.02
890.00 703.02
889.00 703.02
888.00 703.02
887.00 703.02
886.00 703.02
885.02 704.00
885.00 704.02
884.00 704.02
883.00 704.02
882.00 704.02
881.00 704.02
880.02 705.00
880.00 705.02
879.00 705.02
878.02 706.00
878.00 706.02
877.00 706.02
876.00 706.02
875.02 707.00
875.00 707.02
874.00 707.02
873.02 708.00
873.00 708.02
872.00 708.02
871.02 709.00
871.00 709.02
870.00 709.02
869.00 709.02
868.02 710.00
868.00 710.02
867.00 710.02
866.02 711.00
866.00 711.02
865.02 712.00
865.00 712.02
864.00 712.02
863.02 713.00
863.00 713.02
862.02 714.00
862.00 714.02
861.00 714.02
860.02 715.00
860.00 715.02
859.02 716.00
859.00 716.02
858.02 717.00
858.00 717.02
857.02 718.00
857.00 718.02
856.02 719.00
856.00 719.02
855.02 720.00
855.00 720.02
854.02 721.00
854.02 722.00
854.00 722.02
853.02 723.00
853.00 723.02
852.02 724.00
852.02 725.00
852.00 725.02
851.02 726.00
851.00 726.02
850.02 727.00
850.02 728.00
850.00 728.02
849.02 729.00
849.02 730.00
849.00 730.02
848.02 731.00
848.02 732.00
848.00 732.02
847.02 733.00
847.02 734.00
847.00 734.02
846.02 735.00
846.02 736.00
846.02 737.00
846.00 737.02
845.02 738.00
845.02 739.00
845.02 740.00
845.02 741.00
845.02 742.00
845.00 742.02
844.02 743.00
844.02 744.00
844.02 745.00
844.02 746.00
844.02 747.00
844.02 748.00
844.02 749.00
844.02 750.00
844.02 751.00
844.02 752.00
845.00 752.98
845.02 753.00
845.02 754.00
845.02 755.00
846.00 755.98
846.02 756.00
846.02 757.00
847.00 757.98
847.02 758.00
847.02 759.00
847.02 760.00
848.00 760.98
848.02 761.00
848.02 762.00
849.00 762.98
849.02 763.00
850.00 763.98
850.02 764.00
850.02 765.00
851.00 765.98
851.02 766.00
852.00 766.98
852.02 767.00
853.00 767.98
853.02 768.00
854.00 768.98
854.02 769.00
855.00 769.98
855.02 770.00
856.00 770.98
856.02 771.00
857.00 771.98
857.02 772.00
858.00 772.98
858.02 773.00
859.00 773.98
860.00 773.98
860.02 774.00
861.00 774.98
861.02 775.00
862.00 775.98
863.00 775.98
863.02 776.00
864.00 776.98
865.00 776.98
865.02 777.00
866.00 777.98
867.00 777.98
867.02 778.00
868.00 778.98
869.00 778.98
870.00 778.98
870.02 779.00
871.00 779.98
872.00 779.98
873.00 779.98
873.02 780.00
874.00 780.98
875.00 780.98
875.02 781.00
876.00 781.98
877.00 781.98
877.02 782.00
878.00 782.98
879.00 782.98
880.00 782.98
880.02 783.00
881.00 783.98
882.00 783.98
883.00 783.98
883.02 784.00
884.00 784.98
885.00 784.98
886.00 784.98
886.02 785.00
887.00 785.98
888.00 785.98
889.00 785.98
890.00 785.98
890.02 786.00
891.00 786.98
892.00 786.98
893.00 786.98
894.00 786.98
895.00 786.98
896.00 786.98
897.00 786.98
898.00 786.98
899.00 786.98
900.00 786.98
901.00 786.98
901.98 786.00
902.00 785.98
903.00 785.98
904.00 785.98
904.98 785.00
905.00 784.98
906.00 784.98
907.00 784.98
907.98 784.00
908.00 783.98
909.00 783.98
910.00 783.98
910.98 783.00
911.00 782.98
912.00 782.98
912.98 782.00
913.00 781.98
914.00 781.98
914.98 781.00
915.00 780.98
916.00 780.98
916.98 780.00
917.00 779.98
917.98 779.00
918.00 778.98
918.98 778.00
919.00 777.98
919.98 777.00
920.00 776.98
921.00 776.98
921.98 776.00
922.00 775.98
922.98 775.00
923.00 774.98
923.98 774.00
924.00 773.98
924.98 773.00
925.00 772.98
925.98 772.00
926.00 771.98
926.98 771.00
926.98 770.00
927.00 769.98
927.98 769.00
928.00 768.98
928.98 768.00
928.98 767.00
929.00 766.98
929.98 766.00
929.98 765.00
930.00 764.98
930.98 764.00
930.98 763.00
931.00 762.98
931.98 762.00
931.98 761.00
931.98 760.00
932.00 759.98
932.98 759.00
932.98 758.00
932.98 757.00
932.98 756.00
932.98 755.00
933.00 754.98
933.98 754.00
933.98 753.00
933.98 752.00
933.98 751.00
933.98 750.00
934.00 749.98
934.98 749.00

