Contour 0:
74.50 569.00
74.50 568.00
74.50 567.00
74.50 566.00
74.00 565.50
73.50 565.00
73.50 564.00
73.50 563.00
73.50 562.00
73.50 561.00
73.00 560.50
72.50 560.00
72.50 559.00
72.50 558.00
72.00 557.50
71.50 557.00
71.50 556.00
71.50 555.00
71.00 554.50
70.50 554.00
70.00 553.50
69.50 553.00
69.50 552.00
69.00 551.50
68.50 551.00
68.00 550.50
67.50 550.00
67.00 549.50
66.50 549.00
66.00 548.50
65.50 548.00
65.00 547.50
64.50 547.00
64.00 546.50
63.50 546.00
63.00 545.50
62.50 545.00
62.00 544.50
61.00 544.50
60.50 544.00
60.00 543.50
59.50 543.00
59.00 542.50
58.00 542.50
57.50 542.00
57.00 541.50
56.00 541.50
55.50 541.00
55.00 540.50
54.00 540.50
53.50 540.00
53.00 539.50
52.00 539.50
51.00 539.50
50.50 539.00
50.00 538.50
49.00 538.50
48.00 538.50
47.00 538.50
46.00 538.50
45.00 538.50
44.00 538.50
43.00 538.50
42.00 538.50
41.00 538.50
40.00 538.50
39.00 538.50
38.00 538.50
37.50 539.00
37.00 539.50
36.00 539.50
35.00 539.50
34.00 539.50
33.50 540.00
33.00 540.50
32.00 540.50
31.50 541.00
31.00 541.50
30.00 541.50
29.50 542.00
29.00 542.50
28.00 542.50
27.50 543.00
27.00 543.50
26.00 543.50
25.50 544.00
25.00 544.50
24.50 545.00
24.00 545.50
23.00 545.50
22.50 546.00
22.00 546.50
21.50 547.00
21.00 547.50
20.50 548.00
20.00 548.50
19.50 549.00
19.00 549.50
18.50 550.00
18.00 550.50
17.50 551.00
17.00 551.50
16.50 552.00
16.50 553.00
16.00 553.50
15.50 554.00
15.50 555.00
15.00 555.50
14.50 556.00
14.50 557.00
14.50 558.00
14.00 558.50
13.50 559.00
13.50 560.00
13.00 560.50
12.50 561.00
12.50 562.00
12.50 563.00
12.50 564.00
12.50 565.00
12.50 566.00
12.50 567.00
12.50 568.00
12.50 569.00
12.50 570.00
13.00 570.50
13.50 571.00
13.50 572.00
13.50 573.00
13.50 574.00
14.00 574.50
14.50 575.00
14.50 576.00
14.50 577.00
15.00 577.50
15.50 578.00
15.50 579.00
15.50 580.00
16.00 580.50
16.50 581.00
16.50 582.00
17.00 582.50
17.50 583.00
17.50 584.00
18.00 584.50
18.50 585.00
19.00 585.50
19.50 586.00
20.00 586.50
20.50 587.00
21.00 587.50
21.50 588.00
22.00 588.50
22.50 589.00
23.00 589.50
23.50 590.00
24.00 590.50
25.00 590.50
25.50 591.00
26.00 591.50
26.50 592.00
27.00 592.50
27.50 593.00
28.00 593.50
29.00 593.50
29.50 594.00
30.00 594.50
31.00 594.50
31.50 595.00
32.00 595.50
33.00 595.50
34.00 595.50
35.00 595.50
35.50 596.00
36.00 596.50
37.00 596.50
38.00 596.50
39.00 596.50
39.50 597.00
40.00 597.50
41.00 597.50
41.50 597.00
42.00 596.50
43.00 596.50
44.00 596.50
45.00 596.50
46.00 596.50
47.00 596.50
47.50 596.00
48.00 595.50
49.00 595.50
50.00 595.50
51.00 595.50
52.00 595.50
53.00 595.50
54.00 595.50
54.50 595.00
55.00 594.50
56.00 594.50
57.00 594.50
58.00 594.50
58.50 594.00
59.00 593.50
59.50 593.00
60.00 592.50
61.00 592.50
61.50 592.00
62.00 591.50
62.50 591.00
63.00 590.50
64.00 590.50
64.50 590.00
64.50 589.00
65.00 588.50
65.50 588.00
66.00 587.50
67.00 587.50
67.50 587.00
68.00 586.50
68.50 586.00
69.00 585.50
69.50 585.00
69.50 584.00
70.00 583.50
70.50 583.00
70.50 582.00
71.00 581.50
71.50 581.00
71.50 580.00
72.00 579.50
72.50 579.00
72.50 578.00
72.50 577.00
73.00 576.50
73.50 576.00
73.50 575.00
73.50 574.00
73.50 573.00
73.50 572.00
73.50 571.00
73.50 570.00
74.00 569.50
74.50 569.00

Contour 1:
133.75 217.00
133.75 216.00
133.75 215.00
133.75 214.00
133.75 213.00
133.75 212.00
133.75 211.00
133.75 210.00
133.75 209.00
133.75 208.00
133.75 207.00
133.75 206.00
133.75 205.00
133.75 204.00
133.75 203.00
133.75 202.00
133.75 201.00
133.75 200.00
133.75 199.00
133.00 198.25
132.75 198.00
132.75 197.00
132.75 196.00
132.75 195.00
132.75 194.00
132.75 193.00
132.75 192.00
132.75 191.00
132.75 190.00
132.75 189.00
132.75 188.00
132.75 187.00
132.75 186.00
132.75 185.00
132.75 184.00
132.75 183.00
132.75 182.00
132.00 181.25
131.75 181.00
131.75 180.00
131.75 179.00
131.75 178.00
131.75 177.00
131.75 176.00
131.75 175.00
131.00 174.25
130.75 174.00
130.75 173.00
130.00 172.25
129.75 172.00
129.75 171.00
129.00 170.25
128.75 170.00
128.75 169.00
128.00 168.25
127.75 168.00
127.75 167.00
127.00 166.25
126.75 166.00
126.00 165.25
125.75 165.00
125.00 164.25
124.75 164.00
124.00 163.25
123.75 163.00
123.00 162.25
122.00 162.25
121.75 162.00
121.00 161.25
120.00 161.25
119.75 161.00
119.00 160.25
118.00 160.25
117.75 160.00
117.00 159.25
116.00 159.25
115.00 159.25
114.00 159.25
113.75 159.00
113.00 158.25
112.00 158.25
111.00 158.25
110.00 158.25
109.00 158.25
108.00 158.25
107.00 158.25
106.00 158.25
105.00 158.25
104.25 159.00
104.00 159.25
103.00 159.25
102.00 159.25
101.00 159.25
100.00 159.25
99.25 160.00
99.00 160.25
98.00 160.25
97.00 160.25
96.25 161.00
96.00 161.25
95.00 161.25
94.25 162.00
94.00 162.25
93.25 163.00
93.00 163.25
92.00 163.25
91.25 164.00
91.00 164.25
90.25 165.00
90.00 165.25
89.00 165.25
88.25 166.00
88.00 166.25
87.25 167.00
87.00 167.25
86.00 167.25
85.25 168.00
85.00 168.25
84.25 169.00
84.00 169.25
83.25 170.00
83.00 170.25
82.25 171.00
82.00 171.25
81.25 172.00
81.00 172.25
80.25 173.00
80.00 173.25
79.25 174.00
79.25 175.00
79.00 175.25
78.25 176.00
78.00 176.25
77.25 177.00
77.25 178.00
77.00 178.25
76.25 179.00
76.00 179.25
75.25 180.00
75.25 181.00
75.00 181.25
74.25 182.00
74.25 183.00
74.00 183.25
73.25 184.00
73.00 184.25
72.25 185.00
72.25 186.00
72.00 186.25
71.25 187.00
71.25 188.00
71.00 188.25
70.25 189.00
70.25 190.00
70.25 191.00
70.25 192.00
70.25 193.00
70.25 194.00
70.25 195.00
70.25 196.00
70.25 197.00
70.25 198.00
70.25 199.00
70.25 200.00
70.25 201.00
70.25 202.00
70.25 203.00
70.25 204.00
70.25 205.00
70.25 206.00
71.00 206.75
71.25 207.00
71.25 208.00
71.25 209.00
72.00 209.75
72.25 210.00
72.25 211.00
73.00 211.75
73.25 212.00
73.25 213.00
74.00 213.75
74.25 214.00
75.00 214.75
75.25 215.00
75.25 216.00
76.00 216.75
76.25 217.00
77.00 217.75
77.25 218.00
78.00 218.75
78.25 219.00
78.25 220.00
79.00 220.75
79.25 221.00
80.00 221.75
80.25 222.00
81.00 222.75
82.00 222.75
82.25 223.00
83.00 223.75
83.25 224.00
84.00 224.75
85.00 224.75
86.00 224.75
86.25 225.00
87.00 225.75
88.00 225.75
88.25 226.00
89.00 226.75
90.00 226.75
90.25 227.00
91.00 227.75
92.00 227.75
92.25 228.00
93.00 228.75
94.00 228.75
94.25 229.00
95.00 229.75
96.00 229.75
96.25 230.00
97.00 230.75
98.00 230.75
99.00 230.75
99.25 231.00
100.00 231.75
101.00 231.75
102.00 231.75
103.00 231.75
103.25 232.00
104.00 232.75
105.00 232.75
106.00 232.75
107.00 232.75
108.00 232.75
109.00 232.75
110.00 232.75
111.00 232.75
112.00 232.75
113.00 232.75
114.00 232.75
115.00 232.75
115.75 232.00
116.00 231.75
117.00 231.75
118.00 231.75
119.00 231.75
119.75 231.00
120.00 230.75
121.00 230.75
122.00 230.75
122.75 230.00
123.00 229.75
124.00 229.75
124.75 229.00
125.00 228.75
125.75 228.00
126.00 227.75
126.75 227.00
127.00 226.75
127.75 226.00
128.00 225.75
128.75 225.00
129.00 224.75
129.75 224.00
129.75 223.00
130.00 222.75
130.75 222.00
131.00 221.75
131.75 221.00
131.75 220.00
132.00 219.75
132.75 219.00
132.75 218.00
133.00 217.75
133.75 217.00

Contour 2:
212.83 836.00
212.83 835.00
212.83 834.00
212.83 833.00
212.83 832.00
212.83 831.00
212.83 830.00
212.83 829.00
212.83 828.00
212.83 827.00
212.83 826.00
212.83 825.00
212.83 824.00
212.00 823.17
211.83 823.00
211.83 822.00
211.00 821.17
210.83 821.00
210.83 820.00
210.00 819.17
209.83 819.00
209.83 818.00
209.00 817.17
208.83 817.00
208.00 816.17
207.83 816.00
207.83 815.00
207.00 814.17
206.83 814.00
206.00 813.17
205.83 813.00
205.00 812.17
204.83 812.00
204.00 811.17
203.83 811.00
203.00 810.17
202.83 810.00
202.00 809.17
201.83 809.00
201.00 808.17
200.83 808.00
200.00 807.17
199.83 807.00
199.00 806.17
198.83 806.00
198.00 805.17
197.83 805.00
197.00 804.17
196.83 804.00
196.00 803.17
195.00 803.17
194.83 803.00
194.00 802.17
193.83 802.00
193.00 801.17
192.00 801.17
191.83 801.00
191.00 800.17
190.00 800.17
189.83 800.00
189.00 799.17
188.00 799.17
187.00 799.17
186.00 799.17
185.83 799.00
185.00 798.17
184.00 798.17
183.83 798.00
183.00 797.17
182.00 797.17
181.00 797.17
180.00 797.17
179.83 797.00
179.00 796.17
178.00 796.17
177.00 796.17
176.00 796.17
175.00 796.17
174.00 796.17
173.00 796.17
172.17 797.00
172.00 797.17
171.00 797.17
170.00 797.17
169.17 798.00
169.00 798.17
168.00 798.17
167.00 798.17
166.17 799.00
166.00 799.17
165.00 799.17
164.00 799.17
163.17 800.00
163.00 800.17
162.00 800.17
161.17 801.00
161.00 801.17
160.17 802.00
160.00 802.17
159.17 803.00
159.00 803.17
158.17 804.00
158.00 804.17
157.17 805.00
157.17 806.00
157.00 806.17
156.17 807.00
156.00 807.17
155.17 808.00
155.00 808.17
154.17 809.00
154.17 810.00
154.00 810.17
153.17 811.00
153.17 812.00
153.17 813.00
153.00 813.17
152.17 814.00
152.17 815.00
152.17 816.00
152.17 817.00
152.00 817.17
151.17 818.00
151.17 819.00
151.17 820.00
151.17 821.00
151.17 822.00
151.17 823.00
151.17 824.00
151.17 825.00
151.17 826.00
151.17 827.00
151.17 828.00
151.17 829.00
151.17 830.00
151.17 831.00
152.00 831.83
152.17 832.00
152.17 833.00
152.17 834.00
152.17 835.00
153.00 835.83
153.17 836.00
153.17 837.00
153.17 838.00
153.17 839.00
154.00 839.83
154.17 840.00
154.17 841.00
155.00 841.83
155.17 842.00
155.17 843.00
156.00 843.83
156.17 844.00
156.17 845.00
157.00 845.83
157.17 846.00
157.17 847.00
158.00 847.83
158.17 848.00
159.00 848.83
159.17 849.00
160.00 849.83
160.17 850.00
161.00 850.83
161.17 851.00
161.17 852.00
162.00 852.83
162.17 853.00
163.00 853.83
163.17 854.00
164.00 854.83
164.17 855.00
165.00 855.83
165.17 856.00
166.00 856.83
167.00 856.83
167.17 857.00
168.00 857.83
168.17 858.00
169.00 858.83
170.00 858.83
170.17 859.00
171.00 859.83
171.17 860.00
172.00 860.83
173.00 860.83
173.17 861.00
174.00 861.83
175.00 861.83
176.00 861.83
176.17 862.00
177.00 862.83
178.00 862.83
178.17 863.00
179.00 863.83
180.00 863.83
181.00 863.83
182.00 863.83
183.00 863.83
184.00 863.83
185.00 863.83
186.00 863.83
187.00 863.83
188.00 863.83
189.00 863.83
189.83 863.00
190.00 862.83
191.00 862.83
192.00 862.83
192.83 862.00
193.00 861.83
194.00 861.83
195.00 861.83
195.83 861.00
196.00 860.83
197.00 860.83
197.83 860.00
198.00 859.83
198.83 859.00
199.00 858.83
200.00 858.83
200.83 858.00
201.00 857.83
201.83 857.00
202.00 856.83
202.83 856.00
203.00 855.83
203.83 855.00
204.00 854.83
204.83 854.00
205.00 853.83
205.83 853.00
206.00 852.83
206.83 852.00
206.83 851.00
207.00 850.83
207.83 850.00
208.00 849.83
208.83 849.00
208.83 848.00
208.83 847.00
209.00 846.83
209.83 846.00
209.83 845.00
209.83 844.00
210.00 843.83
210.83 843.00
210.83 842.00
211.00 841.83
211.83 841.00
211.83 840.00
211.83 839.00
211.83 838.00
211.83 837.00
212.00 836.83
212.83 836.00

Contour 3:
248.88 82.00
248.88 81.00
248.88 80.00
248.88 79.00
248.88 78.00
248.88 77.00
248.88 76.00
248.00 75.12
247.88 75.00
247.88 74.00
247.88 73.00
247.88 72.00
247.00 71.12
246.88 71.00
246.88 70.00
246.88 69.00
246.88 68.00
246.00 67.12
245.88 67.00
245.88 66.00
245.00 65.12
244.88 65.00
244.00 64.12
243.88 64.00
243.88 63.00
243.00 62.12
242.88 62.00
242.00 61.12
241.88 61.00
241.00 60.12
240.88 60.00
240.00 59.12
239.88 59.00
239.00 58.12
238.88 58.00
238.00 57.12
237.88 57.00
237.00 56.12
236.00 56.12
235.88 56.00
235.00 55.12
234.88 55.00
234.88 54.00
234.00 53.12
233.00 53.12
232.88 53.00
232.00 52.12
231.88 52.00
231.00 51.12
230.88 51.00
230.00 50.12
229.88 50.00
229.00 49.12
228.88 49.00
228.00 48.12
227.00 48.12
226.88 48.00
226.00 47.12
225.00 47.12
224.88 47.00
224.00 46.12
223.88 46.00
223.00 45.12
222.00 45.12
221.88 45.00
221.00 44.12
220.00 44.12
219.88 44.00
219.00 43.12
218.00 43.12
217.00 43.12
216.88 43.00
216.00 42.12
215.00 42.12
214.00 42.12
213.00 42.12
212.88 42.00
212.00 41.12
211.00 41.12
210.00 41.12
209.00 41.12
208.00 41.12
207.88 41.00
207.00 40.12
206.00 40.12
205.00 40.12
204.00 40.12
203.00 40.12
202.00 40.12
201.00 40.12
200.00 40.12
199.00 40.12
198.00 40.12
197.00 40.12
196.00 40.12
195.12 41.00
195.00 41.12
194.00 41.12
193.00 41.12
192.12 42.00
192.00 42.12
191.00 42.12
190.00 42.12
189.12 43.00
189.00 43.12
188.00 43.12
187.00 43.12
186.00 43.12
185.12 44.00
185.00 44.12
184.00 44.12
183.12 45.00
183.00 45.12
182.00 45.12
181.12 46.00
181.00 46.12
180.00 46.12
179.12 47.00
179.00 47.12
178.12 48.00
178.00 48.12
177.00 48.12
176.12 49.00
176.00 49.12
175.12 50.00
175.00 50.12
174.00 50.12
173.12 51.00
173.00 51.12
172.12 52.00
172.00 52.12
171.12 53.00
171.00 53.12
170.00 53.12
169.12 54.00
169.00 54.12
168.12 55.00
168.00 55.12
167.12 56.00
167.00 56.12
166.12 57.00
166.00 57.12
165.12 58.00
165.00 58.12
164.12 59.00
164.12 60.00
164.00 60.12
163.12 61.00
163.00 61.12
162.12 62.00
162.12 63.00
162.12 64.00
162.00 64.12
161.12 65.00
161.12 66.00
161.12 67.00
161.00 67.12
160.12 68.00
160.12 69.00
160.12 70.00
160.12 71.00
160.12 72.00
160.12 73.00
160.00 73.12
159.12 74.00
160.00 74.88
160.12 75.00
160.12 76.00
160.12 77.00
160.12 78.00
160.12 79.00
160.12 80.00
160.12 81.00
161.00 81.88
161.12 82.00
161.12 83.00
161.12 84.00
162.00 84.88
162.12 85.00
162.12 86.00
162.12 87.00
162.12 88.00
163.00 88.88
163.12 89.00
163.12 90.00
163.12 91.00
164.00 91.88
164.12 92.00
164.12 93.00
164.12 94.00
165.00 94.88
165.12 95.00
165.12 96.00
166.00 96.88
166.12 97.00
166.12 98.00
167.00 98.88
167.12 99.00
168.00 99.88
168.12 100.00
168.12 101.00
169.00 101.88
169.12 102.00
169.12 103.00
170.00 103.88
170.12 104.00
171.00 104.88
171.12 105.00
172.00 105.88
172.12 106.00
173.00 106.88
174.00 106.88
174.12 107.00
175.00 107.88
175.12 108.00
176.00 108.88
177.00 108.88
177.12 109.00
178.00 109.88
178.12 110.00
179.00 110.88
180.00 110.88
180.12 111.00
181.00 111.88
181.12 112.00
182.00 112.88
183.00 112.88
183.12 113.00
184.00 113.88
185.00 113.88
185.12 114.00
186.00 114.88
187.00 114.88
188.00 114.88
188.12 115.00
189.00 115.88
190.00 115.88
190.12 116.00
191.00 116.88
192.00 116.88
193.00 116.88
194.00 116.88
195.00 116.88
196.00 116.88
197.00 116.88
198.00 116.88
199.00 116.88
200.00 116.88
201.00 116.88
201.12 117.00
202.00 117.88
203.00 117.88
204.00 117.88
205.00 117.88
205.88 117.00
206.00 116.88
207.00 116.88
208.00 116.88
209.00 116.88
210.00 116.88
210.88 116.00
211.00 115.88
212.00 115.88
213.00 115.88
214.00 115.88
215.00 115.88
216.00 115.88
216.88 115.00
217.00 114.88
218.00 114.88
218.88 114.00
219.00 113.88
220.00 113.88
220.88 113.00
221.00 112.88
222.00 112.88
222.88 112.00
223.00 111.88
224.00 111.88
224.88 111.00
225.00 110.88
226.00 110.88
227.00 110.88
227.88 110.00
228.00 109.88
229.00 109.88
229.88 109.00
230.00 108.88
230.88 108.00
231.00 107.88
232.00 107.88
232.88 107.00
233.00 106.88
233.88 106.00
234.00 105.88
234.88 105.00
235.00 104.88
235.88 104.00
236.00 103.88
236.88 103.00
237.00 102.88
237.88 102.00
238.00 101.88
238.88 101.00
239.00 100.88
239.88 100.00
240.00 99.88
240.88 99.00
240.88 98.00
241.00 97.88
241.88 97.00
242.00 96.88
242.88 96.00
242.88 95.00
243.00 94.88
243.88 94.00
244.00 93.88
244.88 93.00
244.88 92.00
245.00 91.88
245.88 91.00
245.88 90.00
245.88 89.00
246.00 88.88
246.88 88.00
246.88 87.00
246.88 86.00
247.00 85.88
247.88 85.00
247.88 84.00
247.88 83.00
248.00 82.88
248.88 82.00

Contour 4:
336.90 397.00
336.90 396.00
336.90 395.00
336.90 394.00
336.90 393.00
336.90 392.00
336.90 391.00
336.90 390.00
336.90 389.00
336.00 388.10
335.90 388.00
335.90 387.00
335.90 386.00
335.90 385.00
335.90 384.00
335.00 383.10
334.90 383.00
334.90 382.00
334.90 381.00
334.00 380.10
333.90 380.00
333.90 379.00
333.00 378.10
332.90 378.00
332.90 377.00
332.00 376.10
331.90 376.00
331.00 375.10
330.90 375.00
330.90 374.00
330.00 373.10
329.90 373.00
329.00 372.10
328.90 372.00
328.00 371.10
327.90 371.00
327.00 370.10
326.90 370.00
326.00 369.10
325.90 369.00
325.00 368.10
324.00 368.10
323.90 368.00
323.00 367.10
322.00 367.10
321.90 367.00
321.00 366.10
320.00 366.10
319.90 366.00
319.00 365.10
318.00 365.10
317.00 365.10
316.00 365.10
315.90 365.00
315.00 364.10
314.00 364.10
313.00 364.10
312.00 364.10
311.90 364.00
311.00 363.10
310.00 363.10
309.00 363.10
308.00 363.10
307.00 363.10
306.00 363.10
305.10 364.00
305.00 364.10
304.00 364.10
303.00 364.10
302.00 364.10
301.10 365.00
301.00 365.10
300.00 365.10
299.00 365.10
298.00 365.10
297.10 366.00
297.00 366.10
296.00 366.10
295.10 367.00
295.00 367.10
294.00 367.10
293.00 367.10
292.10 368.00
292.00 368.10
291.00 368.10
290.10 369.00
290.00 369.10
289.10 370.00
289.00 370.10
288.10 371.00
288.00 371.10
287.10 372.00
287.00 372.10
286.10 373.00
286.00 373.10
285.10 374.00
285.00 374.10
284.00 374.10
283.10 375.00
283.00 375.10
282.10 376.00
282.00 376.10
281.10 377.00
281.10 378.00
281.00 378.10
280.10 379.00
280.10 380.00
280.00 380.10
279.10 381.00
279.10 382.00
279.00 382.10
278.10 383.00
278.10 384.00
278.10 385.00
278.10 386.00
278.10 387.00
278.00 387.10
277.10 388.00
277.10 389.00
277.10 390.00
277.10 391.00
277.10 392.00
277.00 392.10
276.10 393.00
276.10 394.00
276.10 395.00
276.10 396.00
276.10 397.00
276.10 398.00
276.10 399.00
276.10 400.00
276.10 401.00
276.10 402.00
276.10 403.00
276.10 404.00
276.00 404.10
275.10 405.00
275.10 406.00
276.00 406.90
276.10 407.00
276.10 408.00
276.10 409.00
276.10 410.00
276.10 411.00
277.00 411.90
277.10 412.00
277.10 413.00
278.00 413.90
278.10 414.00
278.10 415.00
279.00 415.90
279.10 416.00
279.10 417.00
280.00 417.90
280.10 418.00
280.10 419.00
281.00 419.90
281.10 420.00
282.00 420.90
282.10 421.00
282.10 422.00
283.00 422.90
283.10 423.00
284.00 423.90
284.10 424.00
285.00 424.90
286.00 424.90
286.10 425.00
287.00 425.90
287.10 426.00
288.00 426.90
288.10 427.00
289.00 427.90
290.00 427.90
290.10 428.00
291.00 428.90
291.10 429.00
292.00 429.90
292.10 430.00
293.00 430.90
294.00 430.90
294.10 431.00
295.00 431.90
295.10 432.00
296.00 432.90
297.00 432.90
298.00 432.90
298.10 433.00
299.00 433.90
300.00 433.90
301.00 433.90
302.00 433.90
303.00 433.90
304.00 433.90
304.10 434.00
305.00 434.90
306.00 434.90
307.00 434.90
308.00 434.90
309.00 434.90
310.00 434.90
311.00 434.90
311.90 434.00
312.00 433.90
313.00 433.90
314.00 433.90
315.00 433.90
316.00 433.90
316.90 433.00
317.00 432.90
318.00 432.90
318.90 432.00
319.00 431.90
320.00 431.90
320.90 431.00
321.00 430.90
322.00 430.90
322.90 430.00
323.00 429.90
323.90 429.00
324.00 428.90
324.90 428.00
325.00 427.90
325.90 427.00
325.90 426.00
326.00 425.90
326.90 425.00
326.90 424.00
327.00 423.90
327.90 423.00
327.90 422.00
328.00 421.90
328.90 421.00
328.90 420.00
329.00 419.90
329.90 419.00
329.90 418.00
330.00 417.90
330.90 417.00
330.90 416.00
331.00 415.90
331.90 415.00
331.90 414.00
331.90 413.00
332.00 412.90
332.90 412.00
332.90 411.00
332.90 410.00
333.00 409.90
333.90 409.00
333.90 408.00
333.90 407.00
334.00 406.90
334.90 406.00
334.90 405.00
334.90 404.00
335.00 403.90
335.90 403.00
335.90 402.00
335.90 401.00
335.90 400.00
335.90 399.00
335.90 398.00
336.00 397.90
336.90 397.00

Contour 5:
362.92 508.00
362.92 507.00
362.92 506.00
362.92 505.00
362.92 504.00
362.92 503.00
362.92 502.00
362.92 501.00
362.92 500.00
362.92 499.00
362.92 498.00
362.92 497.00
362.92 496.00
362.92 495.00
362.92 494.00
362.00 493.08
361.92 493.00
361.92 492.00
361.92 491.00
361.92 490.00
361.00 489.08
360.92 489.00
360.92 488.00
360.00 487.08
359.92 487.00
359.00 486.08
358.92 486.00
358.00 485.08
357.92 485.00
357.00 484.08
356.92 484.00
356.00 483.08
355.92 483.00
355.00 482.08
354.00 482.08
353.92 482.00
353.00 481.08
352.92 481.00
352.00 480.08
351.92 480.00
351.00 479.08
350.92 479.00
350.00 478.08
349.00 478.08
348.92 478.00
348.00 477.08
347.00 477.08
346.00 477.08
345.92 477.00
345.00 476.08
344.00 476.08
343.00 476.08
342.92 476.00
342.00 475.08
341.00 475.08
340.00 475.08
339.92 475.00
339.00 474.08
338.00 474.08
337.00 474.08
336.92 474.00
336.00 473.08
335.00 473.08
334.00 473.08
333.00 473.08
332.00 473.08
331.00 473.08
330.00 473.08
329.92 473.00
329.00 472.08
328.00 472.08
327.00 472.08
326.00 472.08
325.00 472.08
324.00 472.08
323.00 472.08
322.00 472.08
321.00 472.08
320.00 472.08
319.00 472.08
318.00 472.08
317.00 472.08
316.08 473.00
316.00 473.08
315.00 473.08
314.00 473.08
313.08 474.00
313.00 474.08
312.00 474.08
311.08 475.00
311.00 475.08
310.08 476.00
310.00 476.08
309.00 476.08
308.08 477.00
308.00 477.08
307.08 478.00
307.00 478.08
306.08 479.00
306.00 479.08
305.08 480.00
305.00 480.08
304.08 481.00
304.00 481.08
303.08 482.00
303.08 483.00
303.00 483.08
302.08 484.00
302.08 485.00
302.00 485.08
301.08 486.00
301.08 487.00
301.08 488.00
301.08 489.00
301.08 490.00
301.08 491.00
301.08 492.00
301.08 493.00
301.08 494.00
301.08 495.00
301.08 496.00
301.08 497.00
302.00 497.92
302.08 498.00
302.08 499.00
302.08 500.00
303.00 500.92
303.08 501.00
303.08 502.00
303.08 503.00
304.00 503.92
304.08 504.00
304.08 505.00
305.00 505.92
305.08 506.00
306.00 506.92
306.08 507.00
306.08 508.00
307.00 508.92
307.08 509.00
307.08 510.00
308.00 510.92
308.08 511.00
308.08 512.00
309.00 512.92
309.08 513.00
310.00 513.92
310.08 514.00
310.08 515.00
311.00 515.92
311.08 516.00
312.00 516.92
312.08 517.00
313.00 517.92
314.00 517.92
314.08 518.00
315.00 518.92
315.08 519.00
316.00 519.92
316.08 520.00
317.00 520.92
318.00 520.92
318.08 521.00
319.00 521.92
320.00 521.92
321.00 521.92
321.08 522.00
322.00 522.92
322.08 523.00
323.00 523.92
324.00 523.92
325.00 523.92
325.08 524.00
326.00 524.92
326.08 525.00
327.00 525.92
328.00 525.92
328.08 526.00
329.00 526.92
330.00 526.92
331.00 526.92
332.00 526.92
333.00 526.92
334.00 526.92
335.00 526.92
336.00 526.92
337.00 526.92
338.00 526.92
339.00 526.92
340.00 526.92
341.00 526.92
342.00 526.92
343.00 526.92
343.92 526.00
344.00 525.92
345.00 525.92
346.00 525.92
347.00 525.92
347.92 525.00
348.00 524.92
349.00 524.92
349.92 524.00
350.00 523.92
351.00 523.92
351.92 523.00
352.00 522.92
352.92 522.00
353.00 521.92
353.92 521.00
354.00 520.92
355.00 520.92
355.92 520.00
356.00 519.92
356.92 519.00
357.00 518.92
357.92 518.00
358.00 517.92
358.92 517.00
358.92 516.00
359.00 515.92
359.92 515.00
359.92 514.00
360.00 513.92
360.92 513.00
360.92 512.00
361.00 511.92
361.92 511.00
361.92 510.00
361.92 509.00
362.00 508.92
362.92 508.00

Contour 6:
451.93 156.00
451.93 155.00
451.93 154.00
451.93 153.00
451.93 152.00
451.93 151.00
451.93 150.00
451.93 149.00
451.93 148.00
451.93 147.00
451.93 146.00
451.00 145.07
450.93 145.00
450.93 144.00
450.93 143.00
450.93 142.00
450.00 141.07
449.93 141.00
449.93 140.00
449.93 139.00
449.00 138.07
448.93 138.00
448.93 137.00
448.93 136.00
448.00 135.07
447.93 135.00
447.93 134.00
447.00 133.07
446.93 133.00
446.93 132.00
446.00 131.07
445.93 131.00
445.93 130.00
445.00 129.07
444.93 129.00
444.93 128.00
444.00 127.07
443.93 127.00
443.93 126.00
443.00 125.07
442.93 125.00
442.93 124.00
442.00 123.07
441.93 123.00
441.00 122.07
440.93 122.00
440.00 121.07
439.93 121.00
439.00 120.07
438.93 120.00
438.00 119.07
437.93 119.00
437.00 118.07
436.93 118.00
436.00 117.07
435.93 117.00
435.00 116.07
434.93 116.00
434.00 115.07
433.00 115.07
432.93 115.00
432.00 114.07
431.00 114.07
430.93 114.00
430.00 113.07
429.93 113.00
429.00 112.07
428.00 112.07
427.00 112.07
426.93 112.00
426.00 111.07
425.00 111.07
424.00 111.07
423.00 111.07
422.93 111.00
422.00 110.07
421.00 110.07
420.00 110.07
419.00 110.07
418.00 110.07
417.00 110.07
416.00 110.07
415.00 110.07
414.00 110.07
413.00 110.07
412.00 110.07
411.00 110.07
410.00 110.07
409.07 111.00
409.00 111.07
408.00 111.07
407.00 111.07
406.00 111.07
405.00 111.07
404.00 111.07
403.07 112.00
403.00 112.07
402.00 112.07
401.00 112.07
400.00 112.07
399.00 112.07
398.07 113.00
398.00 113.07
397.00 113.07
396.00 113.07
395.07 114.00
395.00 114.07
394.00 114.07
393.07 115.00
393.00 115.07
392.07 116.00
392.00 116.07
391.07 117.00
391.00 117.07
390.07 118.00
390.00 118.07
389.07 119.00
389.00 119.07
388.07 120.00
388.00 120.07
387.07 121.00
387.00 121.07
386.07 122.00
386.07 123.00
386.00 123.07
385.07 124.00
385.00 124.07
384.07 125.00
384.07 126.00
384.00 126.07
383.07 127.00
383.07 128.00
383.00 128.07
382.07 129.00
382.07 130.00
382.07 131.00
382.00 131.07
381.07 132.00
381.07 133.00
381.07 134.00
381.07 135.00
381.00 135.07
380.07 136.00
380.07 137.00
380.07 138.00
380.07 139.00
380.07 140.00
380.07 141.00
380.07 142.00
380.07 143.00
380.07 144.00
380.07 145.00
380.07 146.00
380.07 147.00
380.07 148.00
380.07 149.00
380.07 150.00
380.07 151.00
381.00 151.93
381.07 152.00
381.07 153.00
381.07 154.00
381.07 155.00
382.00 155.93
382.07 156.00
382.07 157.00
382.07 158.00
382.07 159.00
383.00 159.93
383.07 160.00
383.07 161.00
384.00 161.93
384.07 162.00
384.07 163.00
385.00 163.93
385.07 164.00
385.07 165.00
386.00 165.93
386.07 166.00
386.07 167.00
387.00 167.93
387.07 168.00
388.00 168.93
388.07 169.00
388.07 170.00
389.00 170.93
389.07 171.00
390.00 171.93
390.07 172.00
391.00 172.93
391.07 173.00
391.07 174.00
392.00 174.93
392.07 175.00
393.00 175.93
393.07 176.00
394.00 176.93
394.07 177.00
395.00 177.93
395.07 178.00
396.00 178.93
396.07 179.00
397.00 179.93
397.07 180.00
398.00 180.93
399.00 180.93
399.07 181.00
400.00 181.93
400.07 182.00
401.00 182.93
402.00 182.93
402.07 183.00
403.00 183.93
404.00 183.93
404.07 184.00
405.00 184.93
406.00 184.93
407.00 184.93
407.07 185.00
408.00 185.93
409.00 185.93
410.00 185.93
410.07 186.00
411.00 186.93
412.00 186.93
413.00 186.93
414.00 186.93
414.07 187.00
415.00 187.93
416.00 187.93
417.00 187.93
418.00 187.93
419.00 187.93
420.00 187.93
421.00 187.93
422.00 187.93
423.00 187.93
424.00 187.93
425.00 187.93
426.00 187.93
427.00 187.93
427.93 187.00
428.00 186.93
429.00 186.93
430.00 186.93
431.00 186.93
431.93 186.00
432.00 185.93
433.00 185.93
433.93 185.00
434.00 184.93
435.00 184.93
435.93 184.00
436.00 183.93
437.00 183.93
437.93 183.00
438.00 182.93
438.93 182.00
439.00 181.93
439.93 181.00
440.00 180.93
441.00 180.93
441.93 180.00
442.00 179.93
442.93 179.00
443.00 178.93
443.93 178.00
444.00 177.93
444.93 177.00
444.93 176.00
445.00 175.93
445.93 175.00
446.00 174.93
446.93 174.00
446.93 173.00
447.00 172.93
447.93 172.00
448.00 171.93
448.93 171.00
448.93 170.00
448.93 169.00
449.00 168.93
449.93 168.00
449.93 167.00
449.93 166.00
449.93 165.00
450.00 164.93
450.93 164.00
450.93 163.00
450.93 162.00
450.93 161.00
450.93 160.00
450.93 159.00
450.93 158.00
450.93 157.00
451.00 156.93
451.93 156.00

Contour 7:
478.94 449.00
478.94 448.00
478.94 447.00
478.94 446.00
478.94 445.00
478.94 444.00
478.94 443.00
478.94 442.00
478.94 441.00
478.94 440.00
478.94 439.00
478.94 438.00
478.94 437.00
478.94 436.00
478.94 435.00
478.94 434.00
478.00 433.06
477.94 433.00
477.94 432.00
477.94 431.00
477.00 430.06
476.94 430.00
476.94 429.00
476.94 428.00
476.94 427.00
476.00 426.06
475.94 426.00
475.94 425.00
475.94 424.00
475.00 423.06
474.94 423.00
474.94 422.00
474.94 421.00
474.00 420.06
473.94 420.00
473.00 419.06
472.94 419.00
472.94 418.00
472.00 417.06
471.94 417.00
471.94 416.00
471.00 415.06
470.94 415.00
470.00 414.06
469.94 414.00
469.00 413.06
468.94 413.00
468.00 412.06
467.94 412.00
467.00 411.06
466.94 411.00
466.00 410.06
465.94 410.00
465.00 409.06
464.94 409.00
464.00 408.06
463.00 408.06
462.94 408.00
462.00 407.06
461.00 407.06
460.94 407.00
460.00 406.06
459.00 406.06
458.94 406.00
458.00 405.06
457.00 405.06
456.00 405.06
455.94 405.00
455.00 404.06
454.00 404.06
453.94 404.00
453.00 403.06
452.00 403.06
451.00 403.06
450.94 403.00
450.00 402.06
449.00 402.06
448.00 402.06
447.00 402.06
446.94 402.00
446.00 401.06
445.00 401.06
444.00 401.06
443.00 401.06
442.94 401.00
442.00 400.06
441.00 400.06
440.00 400.06
439.00 400.06
438.00 400.06
437.00 400.06
436.00 400.06
435.00 400.06
434.00 400.06
433.06 401.00
433.00 401.06
432.00 401.06
431.00 401.06
430.06 402.00
430.00 402.06
429.00 402.06
428.06 403.00
428.00 403.06
427.00 403.06
426.06 404.00
426.00 404.06
425.06 405.00
425.00 405.06
424.06 406.00
424.00 406.06
423.06 407.00
423.00 407.06
422.06 408.00
422.06 409.00
422.00 409.06
421.06 410.00
421.06 411.00
421.00 411.06
420.06 412.00
420.06 413.00
420.00 413.06
419.06 414.00
419.06 415.00
419.00 415.06
418.06 416.00
418.06 417.00
418.06 418.00
418.06 419.00
418.06 420.00
418.06 421.00
418.06 422.00
418.06 423.00
418.06 424.00
418.06 425.00
418.06 426.00
418.06 427.00
418.06 428.00
418.06 429.00
418.06 430.00
418.06 431.00
418.06 432.00
418.06 433.00
418.00 433.06
417.06 434.00
417.06 435.00
417.06 436.00
418.00 436.94
418.06 437.00
418.06 438.00
418.06 439.00
419.00 439.94
419.06 440.00
419.06 441.00
420.00 441.94
420.06 442.00
420.06 443.00
421.00 443.94
421.06 444.00
422.00 444.94
422.06 445.00
423.00 445.94
423.06 446.00
424.00 446.94
425.00 446.94
425.06 447.00
426.00 447.94
426.06 448.00
427.00 448.94
427.06 449.00
428.00 449.94
428.06 450.00
429.00 450.94
429.06 451.00
430.00 451.94
430.06 452.00
431.00 452.94
431.06 453.00
431.06 454.00
432.00 454.94
432.06 455.00
433.00 455.94
433.06 456.00
434.00 456.94
434.06 457.00
435.00 457.94
435.06 458.00
436.00 458.94
436.06 459.00
437.00 459.94
437.06 460.00
438.00 460.94
439.00 460.94
439.06 461.00
440.00 461.94
440.06 462.00
441.00 462.94
442.00 462.94
442.06 463.00
443.00 463.94
444.00 463.94
444.06 464.00
445.00 464.94
446.00 464.94
446.06 465.00
447.00 465.94
448.00 465.94
448.06 466.00
449.00 466.94
450.00 466.94
451.00 466.94
451.06 467.00
452.00 467.94
453.00 467.94
454.00 467.94
455.00 467.94
455.06 468.00
456.00 468.94
457.00 468.94
458.00 468.94
459.00 468.94
460.00 468.94
460.94 468.00
461.00 467.94
462.00 467.94
463.00 467.94
464.00 467.94
464.94 467.00
465.00 466.94
466.00 466.94
466.94 466.00
467.00 465.94
467.94 465.00
468.00 464.94
469.00 464.94
469.94 464.00
470.00 463.94
470.94 463.00
471.00 462.94
471.94 462.00
472.00 461.94
472.94 461.00
473.00 460.94
473.94 460.00
473.94 459.00
474.00 458.94
474.94 458.00
475.00 457.94
475.94 457.00
475.94 456.00
476.00 455.94
476.94 455.00
476.94 454.00
477.00 453.94
477.94 453.00
477.94 452.00
477.94 451.00
477.94 450.00
478.00 449.94
478.94 449.00

Contour 8:
511.94 241.00
511.94 240.00
511.94 239.00
511.94 238.00
511.94 237.00
511.94 236.00
511.94 235.00
511.94 234.00
511.94 233.00
511.94 232.00
511.94 231.00
511.94 230.00
511.94 229.00
511.00 228.06
510.94 228.00
510.94 227.00
510.94 226.00
510.00 225.06
509.94 225.00
509.94 224.00
509.94 223.00
509.00 222.06
508.94 222.00
508.00 221.06
507.94 221.00
507.94 220.00
507.00 219.06
506.94 219.00
506.00 218.06
505.94 218.00
505.00 217.06
504.94 217.00
504.00 216.06
503.94 216.00
503.00 215.06
502.00 215.06
501.94 215.00
501.00 214.06
500.94 214.00
500.00 213.06
499.00 213.06
498.00 213.06
497.94 213.00
497.00 212.06
496.00 212.06
495.94 212.00
495.00 211.06
494.00 211.06
493.94 211.00
493.00 210.06
492.00 210.06
491.94 210.00
491.00 209.06
490.00 209.06
489.00 209.06
488.00 209.06
487.00 209.06
486.94 209.00
486.00 208.06
485.00 208.06
484.00 208.06
483.94 208.00
483.00 207.06
482.00 207.06
481.00 207.06
480.00 207.06
479.00 207.06
478.00 207.06
477.00 207.06
476.00 207.06
475.00 207.06
474.06 208.00
474.00 208.06
473.00 208.06
472.00 208.06
471.00 208.06
470.00 208.06
469.00 208.06
468.06 209.00
468.00 209.06
467.00 209.06
466.00 209.06
465.00 209.06
464.00 209.06
463.06 210.00
463.00 210.06
462.00 210.06
461.06 211.00
461.00 211.06
460.00 211.06
459.06 212.00
459.00 212.06
458.00 212.06
457.00 212.06
456.00 212.06
455.06 213.00
455.00 213.06
454.00 213.06
453.06 214.00
453.00 214.06
452.00 214.06
451.00 214.06
450.00 214.06
449.06 215.00
449.00 215.06
448.00 215.06
447.06 216.00
447.00 216.06
446.00 216.06
445.06 217.00
445.00 217.06
444.00 217.06
443.06 218.00
443.00 218.06
442.00 218.06
441.06 219.00
441.00 219.06
440.00 219.06
439.06 220.00
439.00 220.06
438.00 220.06
437.06 221.00
437.00 221.06
436.06 222.00
436.00 222.06
435.00 222.06
434.06 223.00
434.00 223.06
433.00 223.06
432.06 224.00
432.00 224.06
431.06 225.00
431.00 225.06
430.06 226.00
430.00 226.06
429.06 227.00
429.00 227.06
428.06 228.00
428.00 228.06
427.06 229.00
427.00 229.06
426.06 230.00
426.00 230.06
425.06 231.00
425.00 231.06
424.06 232.00
424.06 233.00
424.00 233.06
423.06 234.00
423.06 235.00
423.00 235.06
422.06 236.00
422.06 237.00
422.00 237.06
421.06 238.00
421.06 239.00
421.06 240.00
421.06 241.00
421.00 241.06
420.06 242.00
420.06 243.00
420.06 244.00
420.06 245.00
420.06 246.00
421.00 246.94
421.06 247.00
421.06 248.00
421.06 249.00
421.06 250.00
421.06 251.00
422.00 251.94
422.06 252.00
422.06 253.00
422.06 254.00
423.00 254.94
423.06 255.00
423.06 256.00
423.06 257.00
424.00 257.94
424.06 258.00
424.06 259.00
425.00 259.94
425.06 260.00
426.00 260.94
426.06 261.00
426.06 262.00
427.00 262.94
427.06 263.00
428.00 263.94
428.06 264.00
429.00 264.94
429.06 265.00
430.00 265.94
430.06 266.00
431.00 266.94
432.00 266.94
432.06 267.00
433.00 267.94
433.06 268.00
434.00 268.94
434.06 269.00
435.00 269.94
436.00 269.94
436.06 270.00
437.00 270.94
438.00 270.94
438.06 271.00
439.00 271.94
440.00 271.94
440.06 272.00
441.00 272.94
442.00 272.94
442.06 273.00
443.00 273.94
444.00 273.94
445.00 273.94
446.00 273.94
446.06 274.00
447.00 274.94
448.00 274.94
449.00 274.94
450.00 274.94
450.06 275.00
451.00 275.94
452.00 275.94
453.00 275.94
454.00 275.94
455.00 275.94
456.00 275.94
457.00 275.94
458.00 275.94
459.00 275.94
460.00 275.94
461.00 275.94
462.00 275.94
463.00 275.94
464.00 275.94
465.00 275.94
466.00 275.94
466.94 275.00
467.00 274.94
468.00 274.94
469.00 274.94
470.00 274.94
471.00 274.94
471.94 274.00
472.00 273.94
473.00 273.94
474.00 273.94
475.00 273.94
476.00 273.94
476.94 273.00
477.00 272.94
478.00 272.94
479.00 272.94
479.94 272.00
480.00 271.94
481.00 271.94
482.00 271.94
482.94 271.00
483.00 270.94
484.00 270.94
485.00 270.94
485.94 270.00
486.00 269.94
487.00 269.94
487.94 269.00
488.00 268.94
489.00 268.94
489.94 268.00
490.00 267.94
490.94 267.00
491.00 266.94
492.00 266.94
492.94 266.00
493.00 265.94
494.00 265.94
494.94 265.00
495.00 264.94
495.94 264.00
496.00 263.94
496.94 263.00
497.00 262.94
498.00 262.94
498.94 262.00
499.00 261.94
499.94 261.00
500.00 260.94
500.94 260.00
501.00 259.94
501.94 259.00
502.00 258.94
502.94 258.00
503.00 257.94
503.94 257.00
504.00 256.94
504.94 256.00
505.00 255.94
505.94 255.00
505.94 254.00
506.00 253.94
506.94 253.00
507.00 252.94
507.94 252.00
507.94 251.00
508.00 250.94
508.94 250.00
508.94 249.00
509.00 248.94
509.94 248.00
509.94 247.00
509.94 246.00
510.00 245.94
510.94 245.00
510.94 244.00
510.94 243.00
510.94 242.00
511.00 241.94
511.94 241.00

Contour 9:
529.95 678.00
529.95 677.00
529.95 676.00
529.95 675.00
529.95 674.00
529.95 673.00
529.95 672.00
529.95 671.00
529.95 670.00
529.95 669.00
529.95 668.00
529.00 667.05
528.95 667.00
528.95 666.00
528.95 665.00
528.00 664.05
527.95 664.00
527.95 663.00
527.95 662.00
527.00 661.05
526.95 661.00
526.95 660.00
526.00 659.05
525.95 659.00
525.95 658.00
525.00 657.05
524.95 657.00
524.95 656.00
524.00 655.05
523.95 655.00
523.00 654.05
522.95 654.00
522.95 653.00
522.00 652.05
521.95 652.00
521.00 651.05
520.95 651.00
520.95 650.00
520.00 649.05
519.95 649.00
519.00 648.05
518.00 648.05
517.95 648.00
517.00 647.05
516.00 647.05
515.95 647.00
515.00 646.05
514.00 646.05
513.00 646.05
512.95 646.00
512.00 645.05
511.00 645.05
510.00 645.05
509.00 645.05
508.00 645.05
507.95 645.00
507.00 644.05
506.00 644.05
505.00 644.05
504.00 644.05
503.00 644.05
502.00 644.05
501.00 644.05
500.00 644.05
499.00 644.05
498.00 644.05
497.05 645.00
497.00 645.05
496.00 645.05
495.00 645.05
494.00 645.05
493.05 646.00
493.00 646.05
492.00 646.05
491.00 646.05
490.05 647.00
490.00 647.05
489.00 647.05
488.05 648.00
488.00 648.05
487.00 648.05
486.05 649.00
486.00 649.05
485.05 650.00
485.00 650.05
484.00 650.05
483.05 651.00
483.00 651.05
482.05 652.00
482.00 652.05
481.05 653.00
481.00 653.05
480.00 653.05
479.05 654.00
479.05 655.00
479.00 655.05
478.05 656.00
478.00 656.05
477.05 657.00
477.00 657.05
476.05 658.00
476.05 659.00
476.00 659.05
475.05 660.00
475.05 661.00
475.00 661.05
474.05 662.00
474.05 663.00
474.00 663.05
473.05 664.00
473.05 665.00
473.00 665.05
472.05 666.00
472.05 667.00
472.00 667.05
471.05 668.00
471.05 669.00
471.05 670.00
471.00 670.05
470.05 671.00
470.05 672.00
470.05 673.00
470.05 674.00
470.00 674.05
469.05 675.00
469.05 676.00
469.05 677.00
469.05 678.00
469.05 679.00
469.05 680.00
469.05 681.00
469.05 682.00
469.05 683.00
469.05 684.00
469.05 685.00
470.00 685.95
470.05 686.00
470.05 687.00
470.05 688.00
470.05 689.00
471.00 689.95
471.05 690.00
471.05 691.00
471.05 692.00
472.00 692.95
472.05 693.00
472.05 694.00
472.05 695.00
473.00 695.95
473.05 696.00
473.05 697.00
474.00 697.95
474.05 698.00
475.00 698.95
475.05 699.00
475.05 700.00
476.00 700.95
476.05 701.00
477.00 701.95
477.05 702.00
478.00 702.95
478.05 703.00
479.00 703.95
479.05 704.00
480.00 704.95
480.05 705.00
481.00 705.95
481.05 706.00
482.00 706.95
482.05 707.00
483.00 707.95
484.00 707.95
484.05 708.00
485.00 708.95
486.00 708.95
486.05 709.00
487.00 709.95
488.00 709.95
489.00 709.95
489.05 710.00
490.00 710.95
491.00 710.95
492.00 710.95
493.00 710.95
494.00 710.95
495.00 710.95
496.00 710.95
496.95 710.00
497.00 709.95
498.00 709.95
499.00 709.95
500.00 709.95
501.00 709.95
501.95 709.00
502.00 708.95
503.00 708.95
504.00 708.95
504.95 708.00
505.00 707.95
506.00 707.95
506.95 707.00
507.00 706.95
508.00 706.95
508.95 706.00
509.00 705.95
509.95 705.00
510.00 704.95
511.00 704.95
511.95 704.00
512.00 703.95
512.95 703.00
513.00 702.95
513.95 702.00
514.00 701.95
514.95 701.00
515.00 700.95
515.95 700.00
516.00 699.95
517.00 699.95
517.95 699.00
518.00 698.95
518.95 698.00
519.00 697.95
519.95 697.00
520.00 696.95
520.95 696.00
521.00 695.95
521.95 695.00
522.00 694.95
522.95 694.00
523.00 693.95
523.95 693.00
524.00 692.95
524.95 692.00
525.00 691.95
525.95 691.00
525.95 690.00
526.00 689.95
526.95 689.00
526.95 688.00
526.95 687.00
527.00 686.95
527.95 686.00
527.95 685.00
527.95 684.00
528.00 683.95
528.95 683.00
528.95 682.00
528.95 681.00
528.95 680.00
528.95 679.00
529.00 678.95
529.95 678.00

Contour 10:
556.95 330.00
556.95 329.00
556.95 328.00
556.95 327.00
556.95 326.00
556.95 325.00
556.95 324.00
556.95 323.00
556.95 322.00
556.95 321.00
556.95 320.00
556.95 319.00
556.95 318.00
556.00 317.05
555.95 317.00
555.95 316.00
555.95 315.00
555.00 314.05
554.95 314.00
554.95 313.00
554.95 312.00
554.00 311.05
553.95 311.00
553.95 310.00
553.00 309.05
552.95 309.00
552.95 308.00
552.00 307.05
551.95 307.00
551.00 306.05
550.95 306.00
550.00 305.05
549.95 305.00
549.00 304.05
548.95 304.00
548.00 303.05
547.00 303.05
546.95 303.00
546.00 302.05
545.95 302.00
545.00 301.05
544.95 301.00
544.00 300.05
543.95 300.00
543.00 299.05
542.00 299.05
541.95 299.00
541.00 298.05
540.95 298.00
540.00 297.05
539.00 297.05
538.95 297.00
538.00 296.05
537.00 296.05
536.00 296.05
535.00 296.05
534.00 296.05
533.00 296.05
532.00 296.05
531.00 296.05
530.00 296.05
529.00 296.05
528.00 296.05
527.05 297.00
527.00 297.05
526.00 297.05
525.00 297.05
524.00 297.05
523.00 297.05
522.05 298.00
522.00 298.05
521.00 298.05
520.00 298.05
519.00 298.05
518.00 298.05
517.05 299.00
517.00 299.05
516.00 299.05
515.05 300.00
515.00 300.05
514.00 300.05
513.05 301.00
513.00 301.05
512.00 301.05
511.05 302.00
511.00 302.05
510.00 302.05
509.05 303.00
509.00 303.05
508.00 303.05
507.05 304.00
507.00 304.05
506.05 305.00
506.00 305.05
505.00 305.05
504.05 306.00
504.00 306.05
503.05 307.00
503.05 308.00
503.00 308.05
502.05 309.00
502.05 310.00
502.00 310.05
501.05 311.00
501.05 312.00
501.00 312.05
500.05 313.00
500.05 314.00
500.05 315.00
500.05 316.00
500.05 317.00
500.00 317.05
499.05 318.00
499.05 319.00
499.05 320.00
499.05 321.00
499.05 322.00
499.05 323.00
500.00 323.95
500.05 324.00
500.05 325.00
500.05 326.00
501.00 326.95
501.05 327.00
501.05 328.00
501.05 329.00
502.00 329.95
502.05 330.00
502.05 331.00
502.05 332.00
503.00 332.95
503.05 333.00
503.05 334.00
504.00 334.95
504.05 335.00
504.05 336.00
505.00 336.95
505.05 337.00
506.00 337.95
506.05 338.00
506.05 339.00
507.00 339.95
507.05 340.00
508.00 340.95
508.05 341.00
509.00 341.95
509.05 342.00
510.00 342.95
510.05 343.00
511.00 343.95
511.05 344.00
512.00 344.95
512.05 345.00
513.00 345.95
514.00 345.95
514.05 346.00
515.00 346.95
516.00 346.95
516.05 347.00
517.00 347.95
518.00 347.95
518.05 348.00
519.00 348.95
520.00 348.95
521.00 348.95
522.00 348.95
522.05 349.00
523.00 349.95
524.00 349.95
525.00 349.95
526.00 349.95
527.00 349.95
527.05 350.00
528.00 350.95
529.00 350.95
530.00 350.95
531.00 350.95
532.00 350.95
533.00 350.95
534.00 350.95
535.00 350.95
536.00 350.95
537.00 350.95
538.00 350.95
539.00 350.95
539.95 350.00
540.00 349.95
541.00 349.95
542.00 349.95
543.00 349.95
543.95 349.00
544.00 348.95
545.00 348.95
546.00 348.95
546.95 348.00
547.00 347.95
547.95 347.00
548.00 346.95
549.00 346.95
549.95 346.00
550.00 345.95
550.95 345.00
551.00 344.95
551.95 344.00
551.95 343.00
552.00 342.95
552.95 342.00
553.00 341.95
553.95 341.00
553.95 340.00
553.95 339.00
554.00 338.95
554.95 338.00
554.95 337.00
554.95 336.00
555.00 335.95
555.95 335.00
555.95 334.00
555.95 333.00
555.95 332.00
555.95 331.00
556.00 330.95
556.95 330.00

Contour 11:
565.96 520.00
565.96 519.00
565.96 518.00
565.96 517.00
565.96 516.00
565.96 515.00
565.96 514.00
565.96 513.00
565.96 512.00
565.96 511.00
565.96 510.00
565.96 509.00
565.96 508.00
565.00 507.04
564.96 507.00
564.96 506.00
564.96 505.00
564.00 504.04
563.96 504.00
563.96 503.00
563.96 502.00
563.00 501.04
562.96 501.00
562.00 500.04
561.96 500.00
561.96 499.00
561.00 498.04
560.96 498.00
560.00 497.04
559.96 497.00
559.00 496.04
558.96 496.00
558.00 495.04
557.96 495.00
557.00 494.04
556.96 494.00
556.00 493.04
555.96 493.00
555.00 492.04
554.96 492.00
554.00 491.04
553.00 491.04
552.96 491.00
552.00 490.04
551.96 490.00
551.00 489.04
550.96 489.00
550.00 488.04
549.96 488.00
549.00 487.04
548.00 487.04
547.96 487.00
547.00 486.04
546.00 486.04
545.00 486.04
544.96 486.00
544.00 485.04
543.00 485.04
542.00 485.04
541.00 485.04
540.00 485.04
539.00 485.04
538.00 485.04
537.00 485.04
536.00 485.04
535.00 485.04
534.00 485.04
533.00 485.04
532.00 485.04
531.00 485.04
530.04 486.00
530.00 486.04
529.00 486.04
528.00 486.04
527.04 487.00
527.00 487.04
526.00 487.04
525.04 488.00
525.00 488.04
524.00 488.04
523.04 489.00
523.00 489.04
522.00 489.04
521.04 490.00
521.00 490.04
520.04 491.00
520.00 491.04
519.00 491.04
518.04 492.00
518.00 492.04
517.04 493.00
517.00 493.04
516.04 494.00
516.00 494.04
515.04 495.00
515.00 495.04
514.04 496.00
514.04 497.00
514.00 497.04
513.04 498.00
513.04 499.00
513.00 499.04
512.04 500.00
512.04 501.00
512.00 501.04
511.04 502.00
511.04 503.00
511.04 504.00
511.04 505.00
511.04 506.00
511.00 506.04
510.04 507.00
510.04 508.00
510.04 509.00
510.04 510.00
510.04 511.00
510.04 512.00
510.04 513.00
510.04 514.00
511.00 514.96
511.04 515.00
511.04 516.00
511.04 517.00
511.04 518.00
512.00 518.96
512.04 519.00
512.04 520.00
512.04 521.00
513.00 521.96
513.04 522.00
513.04 523.00
514.00 523.96
514.04 524.00
515.00 524.96
515.04 525.00
515.04 526.00
516.00 526.96
516.04 527.00
516.04 528.00
517.00 528.96
517.04 529.00
518.00 529.96
518.04 530.00
519.00 530.96
519.04 531.00
519.04 532.00
520.00 532.96
520.04 533.00
521.00 533.96
521.04 534.00
522.00 534.96
522.04 535.00
522.04 536.00
523.00 536.96
523.04 537.00
524.00 537.96
524.04 538.00
525.00 538.96
525.04 539.00
525.04 540.00
526.00 540.96
527.00 540.96
527.04 541.00
527.04 542.00
528.00 542.96
529.00 542.96
529.04 543.00
530.00 543.96
531.00 543.96
531.04 544.00
532.00 544.96
533.00 544.96
534.00 544.96
535.00 544.96
536.00 544.96
537.00 544.96
537.04 545.00
538.00 545.96
539.00 545.96
540.00 545.96
541.00 545.96
542.00 545.96
542.96 545.00
543.00 544.96
544.00 544.96
545.00 544.96
546.00 544.96
547.00 544.96
547.96 544.00
548.00 543.96
549.00 543.96
550.00 543.96
550.96 543.00
551.00 542.96
551.96 542.00
552.00 541.96
553.00 541.96
553.96 541.00
554.00 540.96
554.96 540.00
555.00 539.96
556.00 539.96
556.96 539.00
557.00 538.96
557.96 538.00
558.00 537.96
558.96 537.00
559.00 536.96
559.96 536.00
559.96 535.00
560.00 534.96
560.96 534.00
561.00 533.96
561.96 533.00
561.96 532.00
562.00 531.96
562.96 531.00
562.96 530.00
563.00 529.96
563.96 529.00
563.96 528.00
563.96 527.00
564.00 526.96
564.96 526.00
564.96 525.00
564.96 524.00
564.96 523.00
564.96 522.00
564.96 521.00
565.00 520.96
565.96 520.00

Contour 12:
570.96 444.00
570.96 443.00
570.96 442.00
570.96 441.00
570.96 440.00
570.96 439.00
570.96 438.00
570.96 437.00
570.96 436.00
570.00 435.04
569.96 435.00
569.96 434.00
569.96 433.00
569.00 432.04
568.96 432.00
568.96 431.00
568.00 430.04
567.96 430.00
567.96 429.00
567.00 428.04
566.96 428.00
566.96 427.00
566.00 426.04
565.96 426.00
565.96 425.00
565.00 424.04
564.96 424.00
564.00 423.04
563.96 423.00
563.96 422.00
563.00 421.04
562.96 421.00
562.00 420.04
561.96 420.00
561.00 419.04
560.96 419.00
560.96 418.00
560.00 417.04
559.96 417.00
559.00 416.04
558.96 416.00
558.00 415.04
557.96 415.00
557.00 414.04
556.96 414.00
556.00 413.04
555.96 413.00
555.00 412.04
554.00 412.04
553.96 412.00
553.00 411.04
552.96 411.00
552.00 410.04
551.96 410.00
551.00 409.04
550.00 409.04
549.96 409.00
549.00 408.04
548.00 408.04
547.96 408.00
547.00 407.04
546.00 407.04
545.96 407.00
545.00 406.04
544.00 406.04
543.96 406.00
543.00 405.04
542.00 405.04
541.00 405.04
540.96 405.00
540.00 404.04
539.00 404.04
538.00 404.04
537.00 404.04
536.00 404.04
535.00 404.04
534.00 404.04
533.00 404.04
532.04 405.00
532.00 405.04
531.00 405.04
530.00 405.04
529.00 405.04
528.04 406.00
528.00 406.04
527.00 406.04
526.00 406.04
525.04 407.00
525.00 407.04
524.00 407.04
523.04 408.00
523.00 408.04
522.00 408.04
521.04 409.00
521.00 409.04
520.04 410.00
520.00 410.04
519.00 410.04
518.04 411.00
518.00 411.04
517.04 412.00
517.00 412.04
516.04 413.00
516.00 413.04
515.04 414.00
515.00 414.04
514.04 415.00
514.00 415.04
513.04 416.00
513.04 417.00
513.00 417.04
512.04 418.00
512.04 419.00
512.00 419.04
511.04 420.00
511.04 421.00
511.04 422.00
511.04 423.00
511.04 424.00
511.04 425.00
511.04 426.00
511.04 427.00
511.04 428.00
511.04 429.00
511.04 430.00
511.04 431.00
511.04 432.00
511.04 433.00
511.04 434.00
511.04 435.00
511.04 436.00
511.04 437.00
511.04 438.00
512.00 438.96
512.04 439.00
512.04 440.00
512.04 441.00
512.04 442.00
513.00 442.96
513.04 443.00
513.04 444.00
514.00 444.96
514.04 445.00
514.04 446.00
515.00 446.96
515.04 447.00
515.04 448.00
516.00 448.96
516.04 449.00
517.00 449.96
517.04 450.00
517.04 451.00
518.00 451.96
518.04 452.00
518.04 453.00
519.00 453.96
519.04 454.00
520.00 454.96
520.04 455.00
521.00 455.96
521.04 456.00
522.00 456.96
522.04 457.00
523.00 457.96
524.00 457.96
524.04 458.00
525.00 458.96
525.04 459.00
526.00 459.96
527.00 459.96
527.04 460.00
528.00 460.96
528.04 461.00
529.00 461.96
530.00 461.96
531.00 461.96
531.04 462.00
532.00 462.96
533.00 462.96
534.00 462.96
535.00 462.96
535.04 463.00
536.00 463.96
537.00 463.96
538.00 463.96
539.00 463.96
540.00 463.96
541.00 463.96
542.00 463.96
543.00 463.96
544.00 463.96
545.00 463.96
546.00 463.96
547.00 463.96
548.00 463.96
548.96 463.00
549.00 462.96
550.00 462.96
551.00 462.96
552.00 462.96
552.96 462.00
553.00 461.96
554.00 461.96
554.96 461.00
555.00 460.96
555.96 460.00
556.00 459.96
557.00 459.96
557.96 459.00
558.00 458.96
559.00 458.96
559.96 458.00
560.00 457.96
561.00 457.96
561.96 457.00
562.00 456.96
563.00 456.96
563.96 456.00
564.00 455.96
564.96 455.00
565.00 454.96
565.96 454.00
565.96 453.00
566.00 452.96
566.96 452.00
567.00 451.96
567.96 451.00
567.96 450.00
568.00 449.96
568.96 449.00
568.96 448.00
569.00 447.96
569.96 447.00
569.96 446.00
569.96 445.00
570.00 444.96
570.96 444.00

Contour 13:
612.96 639.00
612.96 638.00
612.96 637.00
612.00 636.04
611.96 636.00
611.96 635.00
611.96 634.00
611.96 633.00
611.96 632.00
611.96 631.00
611.00 630.04
610.96 630.00
610.96 629.00
610.96 628.00
610.96 627.00
610.00 626.04
609.96 626.00
609.96 625.00
609.96 624.00
609.00 623.04
608.96 623.00
608.96 622.00
608.00 621.04
607.96 621.00
607.96 620.00
607.00 619.04
606.96 619.00
606.00 618.04
605.96 618.00
605.96 617.00
605.00 616.04
604.96 616.00
604.00 615.04
603.96 615.00
603.00 614.04
602.96 614.00
602.00 613.04
601.00 613.04
600.96 613.00
600.00 612.04
599.96 612.00
599.00 611.04
598.96 611.00
598.00 610.04
597.00 610.04
596.96 610.00
596.00 609.04
595.00 609.04
594.96 609.00
594.00 608.04
593.00 608.04
592.96 608.00
592.00 607.04
591.00 607.04
590.00 607.04
589.96 607.00
589.00 606.04
588.00 606.04
587.00 606.04
586.00 606.04
585.00 606.04
584.00 606.04
583.00 606.04
582.00 606.04
581.00 606.04
580.00 606.04
579.00 606.04
578.00 606.04
577.00 606.04
576.00 606.04
575.04 607.00
575.00 607.04
574.00 607.04
573.00 607.04
572.04 608.00
572.00 608.04
571.00 608.04
570.04 609.00
570.00 609.04
569.00 609.04
568.04 610.00
568.00 610.04
567.00 610.04
566.04 611.00
566.00 611.04
565.04 612.00
565.00 612.04
564.04 613.00
564.00 613.04
563.00 613.04
562.04 614.00
562.00 614.04
561.04 615.00
561.00 615.04
560.04 616.00
560.00 616.04
559.04 617.00
559.00 617.04
558.04 618.00
558.04 619.00
558.00 619.04
557.04 620.00
557.00 620.04
556.04 621.00
556.04 622.00
556.00 622.04
555.04 623.00
555.04 624.00
555.00 624.04
554.04 625.00
554.04 626.00
554.04 627.00
554.00 627.04
553.04 628.00
553.04 629.00
553.04 630.00
553.00 630.04
552.04 631.00
552.04 632.00
552.04 633.00
552.04 634.00
552.04 635.00
552.04 636.00
552.00 636.04
551.04 637.00
551.04 638.00
551.04 639.00
551.04 640.00
551.04 641.00
551.04 642.00
551.04 643.00
552.00 643.96
552.04 644.00
552.04 645.00
552.04 646.00
552.04 647.00
552.04 648.00
552.04 649.00
552.04 650.00
552.04 651.00
553.00 651.96
553.04 652.00
553.04 653.00
553.04 654.00
554.00 654.96
554.04 655.00
554.04 656.00
555.00 656.96
555.04 657.00
555.04 658.00
556.00 658.96
556.04 659.00
556.04 660.00
557.00 660.96
557.04 661.00
558.00 661.96
558.04 662.00
559.00 662.96
559.04 663.00
560.00 663.96
560.04 664.00
561.00 664.96
561.04 665.00
562.00 665.96
562.04 666.00
563.00 666.96
563.04 667.00
564.00 667.96
564.04 668.00
565.00 668.96
565.04 669.00
566.00 669.96
566.04 670.00
567.00 670.96
567.04 671.00
568.00 671.96
569.00 671.96
570.00 671.96
570.04 672.00
571.00 672.96
572.00 672.96
573.00 672.96
573.04 673.00
574.00 673.96
575.00 673.96
576.00 673.96
577.00 673.96
578.00 673.96
579.00 673.96
580.00 673.96
581.00 673.96
582.00 673.96
583.00 673.96
584.00 673.96
585.00 673.96
586.00 673.96
587.00 673.96
587.96 673.00
588.00 672.96
589.00 672.96
590.00 672.96
590.96 672.00
591.00 671.96
592.00 671.96
593.00 671.96
593.96 671.00
594.00 670.96
595.00 670.96
595.96 670.00
596.00 669.96
596.96 669.00
597.00 668.96
598.00 668.96
598.96 668.00
599.00 667.96
599.96 667.00
600.00 666.96
600.96 666.00
601.00 665.96
601.96 665.00
602.00 664.96
602.96 664.00
603.00 663.96
603.96 663.00
603.96 662.00
604.00 661.96
604.96 661.00
605.00 660.96
605.96 660.00
606.00 659.96
606.96 659.00
606.96 658.00
607.00 657.96
607.96 657.00
608.00 656.96
608.96 656.00
608.96 655.00
608.96 654.00
609.00 653.96
609.96 653.00
609.96 652.00
609.96 651.00
610.00 650.96
610.96 650.00
610.96 649.00
610.96 648.00
610.96 647.00
611.00 646.96
611.96 646.00
611.96 645.00
611.96 644.00
611.96 643.00
611.96 642.00
611.96 641.00
611.96 640.00
612.00 639.96
612.96 639.00

Contour 14:
625.97 350.00
625.97 349.00
625.97 348.00
625.97 347.00
625.97 346.00
625.97 345.00
625.97 344.00
625.97 343.00
625.97 342.00
625.97 341.00
625.97 340.00
625.97 339.00
625.97 338.00
625.00 337.03
624.97 337.00
624.97 336.00
624.97 335.00
624.00 334.03
623.97 334.00
623.97 333.00
623.00 332.03
622.97 332.00
622.97 331.00
622.00 330.03
621.97 330.00
621.00 329.03
620.97 329.00
620.00 328.03
619.97 328.00
619.00 327.03
618.00 327.03
617.97 327.00
617.00 326.03
616.97 326.00
616.00 325.03
615.00 325.03
614.97 325.00
614.00 324.03
613.97 324.00
613.00 323.03
612.00 323.03
611.97 323.00
611.00 322.03
610.97 322.00
610.00 321.03
609.00 321.03
608.97 321.00
608.00 320.03
607.00 320.03
606.97 320.00
606.00 319.03
605.00 319.03
604.00 319.03
603.97 319.00
603.00 318.03
602.00 318.03
601.00 318.03
600.00 318.03
599.00 318.03
598.00 318.03
597.00 318.03
596.00 318.03
595.00 318.03
594.00 318.03
593.00 318.03
592.00 318.03
591.00 318.03
590.00 318.03
589.00 318.03
588.00 318.03
587.00 318.03
586.00 318.03
585.00 318.03
584.00 318.03
583.03 319.00
583.00 319.03
582.00 319.03
581.00 319.03
580.00 319.03
579.03 320.00
579.00 320.03
578.00 320.03
577.00 320.03
576.03 321.00
576.00 321.03
575.00 321.03
574.03 322.00
574.00 322.03
573.00 322.03
572.03 323.00
572.00 323.03
571.00 323.03
570.03 324.00
570.00 324.03
569.00 324.03
568.03 325.00
568.00 325.03
567.03 326.00
567.00 326.03
566.03 327.00
566.00 327.03
565.00 327.03
564.03 328.00
564.03 329.00
564.00 329.03
563.03 330.00
563.00 330.03
562.03 331.00
562.00 331.03
561.03 332.00
561.03 333.00
561.00 333.03
560.03 334.00
560.03 335.00
560.03 336.00
560.00 336.03
559.03 337.00
559.03 338.00
559.03 339.00
559.03 340.00
559.00 340.03
558.03 341.00
558.03 342.00
558.03 343.00
558.03 344.00
558.03 345.00
558.03 346.00
558.03 347.00
558.03 348.00
558.03 349.00
559.00 349.97
559.03 350.00
559.03 351.00
559.03 352.00
560.00 352.97
560.03 353.00
560.03 354.00
561.00 354.97
561.03 355.00
562.00 355.97
562.03 356.00
562.03 357.00
563.00 357.97
563.03 358.00
563.03 359.00
564.00 359.97
564.03 360.00
565.00 360.97
565.03 361.00
566.00 361.97
566.03 362.00
567.00 362.97
567.03 363.00
568.00 363.97
569.00 363.97
569.03 364.00
570.00 364.97
570.03 365.00
571.00 365.97
572.00 365.97
572.03 366.00
573.00 366.97
573.03 367.00
574.00 367.97
575.00 367.97
575.03 368.00
576.00 368.97
577.00 368.97
577.03 369.00
578.00 369.97
579.00 369.97
580.00 369.97
580.03 370.00
581.00 370.97
582.00 370.97
583.00 370.97
584.00 370.97
585.00 370.97
586.00 370.97
587.00 370.97
588.00 370.97
589.00 370.97
590.00 370.97
591.00 370.97
592.00 370.97
593.00 370.97
594.00 370.97
595.00 370.97
595.97 370.00
596.00 369.97
597.00 369.97
598.00 369.97
599.00 369.97
600.00 369.97
600.97 369.00
601.00 368.97
602.00 368.97
603.00 368.97
603.97 368.00
604.00 367.97
605.00 367.97
606.00 367.97
607.00 367.97
607.97 367.00
608.00 366.97
609.00 366.97
610.00 366.97
610.97 366.00
611.00 365.97
612.00 365.97
612.97 365.00
613.00 364.97
613.97 364.00
614.00 363.97
615.00 363.97
615.97 363.00
616.00 362.97
616.97 362.00
617.00 361.97
618.00 361.97
618.97 361.00
619.00 360.97
619.97 360.00
620.00 359.97
620.97 359.00
621.00 358.97
621.97 358.00
622.00 357.97
622.97 357.00
622.97 356.00
623.00 355.97
623.97 355.00
623.97 354.00
624.00 353.97
624.97 353.00
624.97 352.00
624.97 351.00
625.00 350.97
625.97 350.00

Contour 15:
635.97 519.00
635.97 518.00
635.97 517.00
635.97 516.00
635.97 515.00
635.97 514.00
635.00 513.03
634.97 513.00
634.97 512.00
634.97 511.00
634.00 510.03
633.97 510.00
633.97 509.00
633.00 508.03
632.97 508.00
632.97 507.00
632.00 506.03
631.97 506.00
631.97 505.00
631.00 504.03
630.97 504.00
630.97 503.00
630.97 502.00
630.00 501.03
629.97 501.00
629.97 500.00
629.97 499.00
629.00 498.03
628.97 498.00
628.97 497.00
628.00 496.03
627.97 496.00
627.97 495.00
627.00 494.03
626.97 494.00
626.97 493.00
626.00 492.03
625.97 492.00
625.97 491.00
625.00 490.03
624.97 490.00
624.97 489.00
624.00 488.03
623.97 488.00
623.97 487.00
623.00 486.03
622.97 486.00
622.00 485.03
621.97 485.00
621.00 484.03
620.97 484.00
620.97 483.00
620.00 482.03
619.00 482.03
618.97 482.00
618.00 481.03
617.97 481.00
617.00 480.03
616.00 480.03
615.97 480.00
615.00 479.03
614.00 479.03
613.00 479.03
612.97 479.00
612.00 478.03
611.00 478.03
610.00 478.03
609.00 478.03
608.00 478.03
607.00 478.03
606.00 478.03
605.00 478.03
604.00 478.03
603.00 478.03
602.00 478.03
601.00 478.03
600.00 478.03
599.03 479.00
599.00 479.03
598.00 479.03
597.00 479.03
596.03 480.00
596.00 480.03
595.00 480.03
594.03 481.00
594.00 481.03
593.00 481.03
592.03 482.00
592.00 482.03
591.00 482.03
590.03 483.00
590.00 483.03
589.03 484.00
589.00 484.03
588.03 485.00
588.00 485.03
587.03 486.00
587.00 486.03
586.03 487.00
586.00 487.03
585.03 488.00
585.00 488.03
584.03 489.00
584.00 489.03
583.03 490.00
583.00 490.03
582.03 491.00
582.00 491.03
581.03 492.00
581.03 493.00
581.00 493.03
580.03 494.00
580.00 494.03
579.03 495.00
579.03 496.00
579.00 496.03
578.03 497.00
578.03 498.00
578.03 499.00
578.00 499.03
577.03 500.00
577.03 501.00
577.03 502.00
577.03 503.00
577.03 504.00
577.00 504.03
576.03 505.00
576.03 506.00
576.03 507.00
576.03 508.00
576.03 509.00
577.00 509.97
577.03 510.00
577.03 511.00
577.03 512.00
577.03 513.00
577.03 514.00
577.03 515.00
578.00 515.97
578.03 516.00
578.03 517.00
578.03 518.00
579.00 518.97
579.03 519.00
579.03 520.00
579.03 521.00
580.00 521.97
580.03 522.00
580.03 523.00
581.00 523.97
581.03 524.00
582.00 524.97
582.03 525.00
582.03 526.00
583.00 526.97
583.03 527.00
584.00 527.97
584.03 528.00
585.00 528.97
585.03 529.00
586.00 529.97
586.03 530.00
587.00 530.97
587.03 531.00
588.00 531.97
589.00 531.97
589.03 532.00
590.00 532.97
591.00 532.97
591.03 533.00
592.00 533.97
593.00 533.97
593.03 534.00
594.00 534.97
595.00 534.97
595.03 535.00
596.00 535.97
597.00 535.97
598.00 535.97
598.03 536.00
599.00 536.97
600.00 536.97
601.00 536.97
602.00 536.97
602.03 537.00
603.00 537.97
604.00 537.97
605.00 537.97
606.00 537.97
607.00 537.97
607.03 538.00
608.00 538.97
609.00 538.97
610.00 538.97
611.00 538.97
612.00 538.97
613.00 538.97
614.00 538.97
615.00 538.97
616.00 538.97
617.00 538.97
618.00 538.97
618.97 538.00
619.00 537.97
620.00 537.97
621.00 537.97
621.97 537.00
622.00 536.97
623.00 536.97
624.00 536.97
624.97 536.00
625.00 535.97
625.97 535.00
626.00 534.97
627.00 534.97
627.97 534.00
627.97 533.00
628.00 532.97
628.97 532.00
629.00 531.97
629.97 531.00
630.00 530.97
630.97 530.00
631.00 529.97
631.97 529.00
631.97 528.00
632.00 527.97
632.97 527.00
632.97 526.00
633.00 525.97
633.97 525.00
633.97 524.00
634.00 523.97
634.97 523.00
634.97 522.00
634.97 521.00
634.97 520.00
635.00 519.97
635.97 519.00

Contour 16:
681.97 439.00
681.97 438.00
681.97 437.00
681.97 436.00
681.97 435.00
681.97 434.00
681.00 433.03
680.97 433.00
680.97 432.00
680.97 431.00
680.97 430.00
680.97 429.00
680.97 428.00
680.97 427.00
680.97 426.00
680.00 425.03
679.97 425.00
679.97 424.00
679.97 423.00
679.97 422.00
679.00 421.03
678.97 421.00
678.97 420.00
678.00 419.03
677.97 419.00
677.97 418.00
677.00 417.03
676.97 417.00
676.00 416.03
675.97 416.00
675.97 415.00
675.00 414.03
674.97 414.00
674.00 413.03
673.97 413.00
673.00 412.03
672.97 412.00
672.00 411.03
671.00 411.03
670.97 411.00
670.00 410.03
669.97 410.00
669.00 409.03
668.00 409.03
667.97 409.00
667.00 408.03
666.00 408.03
665.97 408.00
665.00 407.03
664.00 407.03
663.00 407.03
662.97 407.00
662.00 406.03
661.00 406.03
660.00 406.03
659.00 406.03
658.00 406.03
657.97 406.00
657.00 405.03
656.00 405.03
655.00 405.03
654.03 406.00
654.00 406.03
653.00 406.03
652.00 406.03
651.00 406.03
650.00 406.03
649.00 406.03
648.03 407.00
648.00 407.03
647.00 407.03
646.00 407.03
645.03 408.00
645.00 408.03
644.00 408.03
643.00 408.03
642.03 409.00
642.00 409.03
641.00 409.03
640.00 409.03
639.03 410.00
639.00 410.03
638.00 410.03
637.00 410.03
636.03 411.00
636.00 411.03
635.00 411.03
634.03 412.00
634.00 412.03
633.00 412.03
632.03 413.00
632.00 413.03
631.03 414.00
631.00 414.03
630.03 415.00
630.00 415.03
629.00 415.03
628.03 416.00
628.00 416.03
627.03 417.00
627.00 417.03
626.03 418.00
626.00 418.03
625.03 419.00
625.03 420.00
625.00 420.03
624.03 421.00
624.00 421.03
623.03 422.00
623.03 423.00
623.03 424.00
623.00 424.03
622.03 425.00
622.03 426.00
622.03 427.00
622.00 427.03
621.03 428.00
621.03 429.00
621.03 430.00
621.03 431.00
621.03 432.00
621.03 433.00
621.03 434.00
621.00 434.03
620.03 435.00
620.03 436.00
620.03 437.00
620.03 438.00
620.03 439.00
621.00 439.97
621.03 440.00
621.03 441.00
621.03 442.00
621.03 443.00
622.00 443.97
622.03 444.00
622.03 445.00
622.03 446.00
623.00 446.97
623.03 447.00
623.03 448.00
623.03 449.00
624.00 449.97
624.03 450.00
625.00 450.97
625.03 451.00
625.03 452.00
626.00 452.97
626.03 453.00
627.00 453.97
627.03 454.00
628.00 454.97
628.03 455.00
629.00 455.97
629.03 456.00
630.00 456.97
630.03 457.00
631.00 457.97
632.00 457.97
632.03 458.00
633.00 458.97
634.00 458.97
634.03 459.00
635.00 459.97
636.00 459.97
637.00 459.97
637.03 460.00
638.00 460.97
639.00 460.97
640.00 460.97
641.00 460.97
642.00 460.97
643.00 460.97
644.00 460.97
645.00 460.97
646.00 460.97
647.00 460.97
648.00 460.97
649.00 460.97
649.97 460.00
650.00 459.97
651.00 459.97
652.00 459.97
653.00 459.97
654.00 459.97
654.97 459.00
655.00 458.97
656.00 458.97
657.00 458.97
658.00 458.97
658.97 458.00
659.00 457.97
660.00 457.97
661.00 457.97
661.97 457.00
662.00 456.97
663.00 456.97
664.00 456.97
664.97 456.00
665.00 455.97
666.00 455.97
666.97 455.00
667.00 454.97
668.00 454.97
668.97 454.00
669.00 453.97
670.00 453.97
670.97 453.00
671.00 452.97
671.97 452.00
672.00 451.97
673.00 451.97
673.97 451.00
674.00 450.97
674.97 450.00
675.00 449.97
675.97 449.00
676.00 448.97
676.97 448.00
677.00 447.97
677.97 447.00
678.00 446.97
678.97 446.00
679.00 445.97
679.97 445.00
679.97 444.00
680.00 443.97
680.97 443.00
680.97 442.00
680.97 441.00
680.97 440.00
681.00 439.97
681.97 439.00

Contour 17:
714.97 633.00
714.97 632.00
714.97 631.00
714.97 630.00
714.97 629.00
714.97 628.00
714.97 627.00
714.97 626.00
714.97 625.00
714.97 624.00
714.97 623.00
714.97 622.00
714.00 621.03
713.97 621.00
713.97 620.00
713.97 619.00
713.97 618.00
713.00 617.03
712.97 617.00
712.97 616.00
712.97 615.00
712.00 614.03
711.97 614.00
711.97 613.00
711.00 612.03
710.97 612.00
710.97 611.00
710.00 610.03
709.97 610.00
709.00 609.03
708.97 609.00
708.00 608.03
707.97 608.00
707.00 607.03
706.97 607.00
706.00 606.03
705.97 606.00
705.00 605.03
704.97 605.00
704.00 604.03
703.97 604.00
703.00 603.03
702.97 603.00
702.00 602.03
701.00 602.03
700.97 602.00
700.00 601.03
699.97 601.00
699.00 600.03
698.00 600.03
697.00 600.03
696.97 600.00
696.00 599.03
695.00 599.03
694.97 599.00
694.00 598.03
693.00 598.03
692.00 598.03
691.00 598.03
690.00 598.03
689.00 598.03
688.00 598.03
687.00 598.03
686.00 598.03
685.00 598.03
684.03 599.00
684.00 599.03
683.00 599.03
682.00 599.03
681.03 600.00
681.00 600.03
680.00 600.03
679.03 601.00
679.00 601.03
678.00 601.03
677.03 602.00
677.00 602.03
676.03 603.00
676.00 603.03
675.00 603.03
674.03 604.00
674.00 604.03
673.03 605.00
673.00 605.03
672.03 606.00
672.00 606.03
671.03 607.00
671.00 607.03
670.03 608.00
670.00 608.03
669.03 609.00
669.00 609.03
668.03 610.00
668.00 610.03
667.03 611.00
667.03 612.00
667.00 612.03
666.03 613.00
666.00 613.03
665.03 614.00
665.03 615.00
665.00 615.03
664.03 616.00
664.00 616.03
663.03 617.00
663.00 617.03
662.03 618.00
662.03 619.00
662.00 619.03
661.03 620.00
661.00 620.03
660.03 621.00
660.03 622.00
660.00 622.03
659.03 623.00
659.00 623.03
658.03 624.00
658.03 625.00
658.00 625.03
657.03 626.00
657.03 627.00
657.03 628.00
657.00 628.03
656.03 629.00
656.03 630.00
656.00 630.03
655.03 631.00
655.03 632.00
655.03 633.00
655.00 633.03
654.03 634.00
654.03 635.00
654.03 636.00
654.03 637.00
654.00 637.03
653.03 638.00
653.03 639.00
653.03 640.00
653.03 641.00
653.03 642.00
653.03 643.00
653.03 644.00
653.03 645.00
653.03 646.00
653.03 647.00
653.03 648.00
653.03 649.00
653.03 650.00
654.00 650.97
654.03 651.00
654.03 652.00
654.03 653.00
654.03 654.00
655.00 654.97
655.03 655.00
655.03 656.00
656.00 656.97
656.03 657.00
656.03 658.00
657.00 658.97
657.03 659.00
658.00 659.97
658.03 660.00
659.00 660.97
659.03 661.00
660.00 661.97
660.03 662.00
661.00 662.97
661.03 663.00
662.00 663.97
662.03 664.00
663.00 664.97
664.00 664.97
664.03 665.00
665.00 665.97
665.03 666.00
666.00 666.97
667.00 666.97
667.03 667.00
668.00 667.97
669.00 667.97
669.03 668.00
670.00 668.97
671.00 668.97
672.00 668.97
673.00 668.97
673.03 669.00
674.00 669.97
675.00 669.97
676.00 669.97
677.00 669.97
678.00 669.97
679.00 669.97
680.00 669.97
681.00 669.97
682.00 669.97
682.97 669.00
683.00 668.97
684.00 668.97
685.00 668.97
686.00 668.97
687.00 668.97
688.00 668.97
688.97 668.00
689.00 667.97
690.00 667.97
690.97 667.00
691.00 666.97
692.00 666.97
693.00 666.97
693.97 666.00
694.00 665.97
695.00 665.97
695.97 665.00
696.00 664.97
696.97 664.00
697.00 663.97
697.97 663.00
698.00 662.97
698.97 662.00
699.00 661.97
699.97 661.00
700.00 660.97
700.97 660.00
701.00 659.97
701.97 659.00
702.00 658.97
702.97 658.00
703.00 657.97
703.97 657.00
704.00 656.97
704.97 656.00
704.97 655.00
705.00 654.97
705.97 654.00
706.00 653.97
706.97 653.00
706.97 652.00
707.00 651.97
707.97 651.00
708.00 650.97
708.97 650.00
708.97 649.00
709.00 648.97
709.97 648.00
709.97 647.00
710.00 646.97
710.97 646.00
710.97 645.00
711.00 644.97
711.97 644.00
711.97 643.00
711.97 642.00
712.00 641.97
712.97 641.00
712.97 640.00
712.97 639.00
713.00 638.97
713.97 638.00
713.97 637.00
713.97 636.00
713.97 635.00
713.97 634.00
714.00 633.97
714.97 633.00

Contour 18:
793.98 872.00
793.98 871.00
793.98 870.00
793.98 869.00
793.98 868.00
793.98 867.00
793.98 866.00
793.98 865.00
793.98 864.00
793.00 863.02
792.98 863.00
792.98 862.00
792.98 861.00
792.98 860.00
792.98 859.00
792.00 858.02
791.98 858.00
791.98 857.00
791.98 856.00
791.00 855.02
790.98 855.00
790.98 854.00
790.00 853.02
789.98 853.00
789.00 852.02
788.98 852.00
788.00 851.02
787.98 851.00
787.98 850.00
787.00 849.02
786.98 849.00
786.00 848.02
785.98 848.00
785.00 847.02
784.98 847.00
784.00 846.02
783.98 846.00
783.98 845.00
783.00 844.02
782.98 844.00
782.00 843.02
781.98 843.00
781.00 842.02
780.98 842.00
780.00 841.02
779.98 841.00
779.00 840.02
778.00 840.02
777.98 840.00
777.00 839.02
776.98 839.00
776.00 838.02
775.00 838.02
774.98 838.00
774.00 837.02
773.00 837.02
772.98 837.00
772.00 836.02
771.00 836.02
770.98 836.00
770.00 835.02
769.00 835.02
768.00 835.02
767.98 835.00
767.00 834.02
766.00 834.02
765.00 834.02
764.00 834.02
763.00 834.02
762.00 834.02
761.00 834.02
760.98 834.00
760.00 833.02
759.00 833.02
758.00 833.02
757.00 833.02
756.00 833.02
755.00 833.02
754.00 833.02
753.00 833.02
752.02 834.00
752.00 834.02
751.00 834.02
750.00 834.02
749.00 834.02
748.00 834.02
747.02 835.00
747.00 835.02
746.00 835.02
745.02 836.00
745.00 836.02
744.02 837.00
744.00 837.02
743.00 837.02
742.02 838.00
742.00 838.02
741.02 839.00
741.00 839.02
740.02 840.00
740.00 840.02
739.02 841.00
739.00 841.02
738.02 842.00
738.00 842.02
737.02 843.00
737.00 843.02
736.02 844.00
736.00 844.02
735.02 845.00
735.00 845.02
734.02 846.00
734.02 847.00
734.00 847.02
733.02 848.00
733.00 848.02
732.02 849.00
732.02 850.00
732.00 850.02
731.02 851.00
731.02 852.00
731.02 853.00
731.00 853.02
730.02 854.00
730.02 855.00
730.02 856.00
730.02 857.00
730.02 858.00
730.02 859.00
730.02 860.00
730.02 861.00
730.02 862.00
730.00 862.02
729.02 863.00
730.00 863.98
730.02 864.00
730.02 865.00
730.02 866.00
730.02 867.00
730.02 868.00
730.02 869.00
730.02 870.00
730.02 871.00
730.02 872.00
730.00 872.02
729.02 873.00
729.00 873.03
728.00 873.03
727.97 873.00
727.00 872.03
726.00 872.03
725.00 872.03
724.97 872.00
724.00 871.03
723.00 871.03
722.97 871.00
722.00 870.03
721.97 870.00
721.00 869.03
720.00 869.03
719.00 869.03
718.97 869.00
718.00 868.03
717.00 868.03
716.97 868.00
716.00 867.03
715.00 867.03
714.97 867.00
714.00 866.03
713.00 866.03
712.97 866.00
712.00 865.03
711.00 865.03
710.00 865.03
709.97 865.00
709.00 864.03
708.00 864.03
707.00 864.03
706.97 864.00
706.00 863.03
705.00 863.03
704.00 863.03
703.00 863.03
702.00 863.03
701.00 863.03
700.00 863.03
699.00 863.03
698.03 864.00
698.00 864.03
697.00 864.03
696.03 865.00
696.00 865.03
695.00 865.03
694.00 865.03
693.03 866.00
693.00 866.03
692.00 866.03
691.00 866.03
690.00 866.03
689.03 867.00
689.03 868.00
689.00 868.03
688.03 869.00
688.03 870.00
688.00 870.03
687.00 870.03
686.03 871.00
686.00 871.03
685.03 872.00
685.00 872.03
684.03 873.00
684.00 873.03
683.03 874.00
683.03 875.00
683.00 875.03
682.03 876.00
682.03 877.00
682.03 878.00
682.00 878.03
681.03 879.00
681.03 880.00
681.03 881.00
681.03 882.00
681.03 883.00
681.03 884.00
681.03 885.00
681.03 886.00
681.00 886.03
680.03 887.00
680.03 888.00
681.00 888.97
681.03 889.00
681.03 890.00
681.03 891.00
681.03 892.00
681.00 892.03
680.03 893.00
680.03 894.00
680.03 895.00
680.03 896.00
681.00 896.97
681.03 897.00
681.03 898.00
681.03 899.00
682.00 899.97
682.03 900.00
682.03 901.00
683.00 901.97
683.03 902.00
683.03 903.00
684.00 903.97
684.03 904.00
685.00 904.97
685.03 905.00
685.03 906.00
686.00 906.97
686.03 907.00
687.00 907.97
687.03 908.00
688.00 908.97
688.03 909.00
689.00 909.97
689.03 910.00
690.00 910.97
690.03 911.00
691.00 911.97
692.00 911.97
692.03 912.00
693.00 912.97
694.00 912.97
694.03 913.00
695.00 913.97
695.03 914.00
696.00 914.97
697.00 914.97
697.03 915.00
698.00 915.97
699.00 915.97
699.03 916.00
700.00 916.97
701.00 916.97
702.00 916.97
702.03 917.00
703.00 917.97
704.00 917.97
705.00 917.97
706.00 917.97
706.03 918.00
707.00 918.97
708.00 918.97
709.00 918.97
710.00 918.97
711.00 918.97
712.00 918.97
713.00 918.97
714.00 918.97
714.97 918.00
715.00 917.97
716.00 917.97
717.00 917.97
718.00 917.97
719.00 917.97
720.00 917.97
720.97 917.00
721.00 916.97
722.00 916.97
723.00 916.97
724.00 916.97
724.97 916.00
725.00 915.97
726.00 915.97
727.00 915.97
727.97 915.00
728.00 914.97
729.00 914.97
729.97 914.00
730.00 913.97
731.00 913.97
731.97 913.00
732.00 912.97
733.00 912.97
733.97 912.00
734.00 911.97
734.97 911.00
735.00 910.97
735.97 910.00
736.00 909.97
736.97 909.00
737.00 908.97
737.97 908.00
738.00 907.97
738.97 907.00
738.97 906.00
739.00 905.97
739.97 905.00
740.00 904.97
740.97 904.00
740.97 903.00
740.97 902.00
741.00 901.97
741.97 901.00
741.97 900.00
741.97 899.00
741.97 898.00
742.00 897.97
742.97 897.00
742.97 896.00
743.00 895.97
743.97 895.00
744.00 894.98
744.98 894.00
745.00 893.98
746.00 893.98
746.02 894.00
747.00 894.98
748.00 894.98
749.00 894.98
749.02 895.00
750.00 895.98
751.00 895.98
752.00 895.98
752.02 896.00
753.00 896.98
754.00 896.98
755.00 896.98
756.00 896.98
756.02 897.00
757.00 897.98
758.00 897.98
759.00 897.98
760.00 897.98
761.00 897.98
762.00 897.98
763.00 897.98
764.00 897.98
765.00 897.98
766.00 897.98
767.00 897.98
768.00 897.98
769.00 897.98
769.98 897.00
770.00 896.98
771.00 896.98
772.00 896.98
773.00 896.98
773.98 896.00
774.00 895.98
775.00 895.98
776.00 895.98
776.98 895.00
777.00 894.98
778.00 894.98
778.98 894.00
779.00 893.98
780.00 893.98
780.98 893.00
781.00 892.98
782.00 892.98
782.98 892.00
783.00 891.98
783.98 891.00
784.00 890.98
784.98 890.00
785.00 889.98
785.98 889.00
786.00 888.98
786.98 888.00
786.98 887.00
787.00 886.98
787.98 886.00
787.98 885.00
788.00 884.98
788.98 884.00
789.00 883.98
789.98 883.00
789.98 882.00
790.00 881.98
790.98 881.00
790.98 880.00
791.00 879.98
791.98 879.00
791.98 878.00
791.98 877.00
792.00 876.98
792.98 876.00
792.98 875.00
792.98 874.00
792.98 873.00
793.00 872.98
793.98 872.00

Contour 19:
782.98 528.00
782.98 527.00
782.98 526.00
782.98 525.00
782.98 524.00
782.98 523.00
782.98 522.00
782.98 521.00
782.00 520.02
781.98 520.00
781.98 519.00
781.98 518.00
781.00 517.02
780.98 517.00
780.98 516.00
780.98 515.00
780.00 514.02
779.98 514.00
779.98 513.00
779.98 512.00
779.00 511.02
778.98 511.00
778.98 510.00
778.98 509.00
778.00 508.02
777.98 508.00
777.98 507.00
777.98 506.00
777.98 505.00
777.98 504.00
777.00 503.02
776.98 503.00
776.98 502.00
776.98 501.00
776.98 500.00
776.00 499.02
775.98 499.00
775.98 498.00
775.00 497.02
774.98 497.00
774.98 496.00
774.00 495.02
773.98 495.00
773.00 494.02
772.00 494.02
771.98 494.00
771.00 493.02
770.98 493.00
770.00 492.02
769.98 492.00
769.00 491.02
768.98 491.00
768.00 490.02
767.00 490.02
766.98 490.00
766.00 489.02
765.00 489.02
764.98 489.00
764.00 488.02
763.00 488.02
762.00 488.02
761.00 488.02
760.00 488.02
759.00 488.02
758.00 488.02
757.00 488.02
756.00 488.02
755.00 488.02
754.00 488.02
753.02 489.00
753.00 489.02
752.00 489.02
751.02 490.00
751.00 490.02
750.00 490.02
749.02 491.00
749.00 491.02
748.02 492.00
748.00 492.02
747.00 492.02
746.02 493.00
746.00 493.02
745.02 494.00
745.00 494.02
744.02 495.00
744.00 495.02
743.02 496.00
743.02 497.00
743.00 497.02
742.02 498.00
742.00 498.02
741.02 499.00
741.02 500.00
741.00 500.02
740.02 501.00
740.02 502.00
740.00 502.02
739.02 503.00
739.02 504.00
739.02 505.00
739.00 505.02
738.02 506.00
738.02 507.00
738.00 507.02
737.02 508.00
737.02 509.00
737.00 509.02
736.02 510.00
736.02 511.00
736.00 511.02
735.02 512.00
735.02 513.00
735.02 514.00
735.00 514.02
734.02 515.00
734.02 516.00
734.02 517.00
734.00 517.02
733.02 518.00
733.02 519.00
733.02 520.00
733.02 521.00
733.00 521.02
732.02 522.00
732.02 523.00
732.02 524.00
732.02 525.00
732.02 526.00
732.02 527.00
732.02 528.00
732.02 529.00
732.02 530.00
732.02 531.00
732.02 532.00
732.02 533.00
733.00 533.98
733.02 534.00
733.02 535.00
733.02 536.00
734.00 536.98
734.02 537.00
734.02 538.00
734.02 539.00
735.00 539.98
735.02 540.00
735.02 541.00
736.00 541.98
736.02 542.00
737.00 542.98
737.02 543.00
737.02 544.00
738.00 544.98
738.02 545.00
739.00 545.98
739.02 546.00
739.02 547.00
740.00 547.98
740.02 548.00
741.00 548.98
741.02 549.00
742.00 549.98
742.02 550.00
743.00 550.98
743.02 551.00
744.00 551.98
744.02 552.00
745.00 552.98
746.00 552.98
746.02 553.00
747.00 553.98
748.00 553.98
748.02 554.00
749.00 554.98
750.00 554.98
750.02 555.00
751.00 555.98
752.00 555.98
753.00 555.98
754.00 555.98
755.00 555.98
755.02 556.00
756.00 556.98
757.00 556.98
758.00 556.98
759.00 556.98
760.00 556.98
761.00 556.98
762.00 556.98
762.98 556.00
763.00 555.98
764.00 555.98
765.00 555.98
766.00 555.98
766.98 555.00
767.00 554.98
768.00 554.98
769.00 554.98
769.98 554.00
770.00 553.98
770.98 553.00
771.00 552.98
772.00 552.98
772.98 552.00
773.00 551.98
773.98 551.00
774.00 550.98
774.98 550.00
775.00 549.98
775.98 549.00
776.00 548.98
776.98 548.00
776.98 547.00
777.00 546.98
777.98 546.00
777.98 545.00
778.00 544.98
778.98 544.00
778.98 543.00
779.00 542.98
779.98 542.00
779.98 541.00
780.00 540.98
780.98 540.00
780.98 539.00
780.98 538.00
780.98 537.00
781.00 536.98
781.98 536.00
781.98 535.00
781.98 534.00
781.98 533.00
781.98 532.00
781.98 531.00
781.98 530.00
781.98 529.00
782.00 528.98
782.98 528.00

Contour 20:
946.98 727.00
946.98 726.00
946.98 725.00
946.98 724.00
946.98 723.00
946.00 722.02
945.98 722.00
945.98 721.00
945.98 720.00
945.98 719.00
945.98 718.00
945.00 717.02
944.98 717.00
944.98 716.00
944.98 715.00
944.00 714.02
943.98 714.00
943.98 713.00
943.98 712.00
943.00 711.02
942.98 711.00
942.00 710.02
941.98 710.00
941.98 709.00
941.00 708.02
940.98 708.00
940.98 707.00
940.98 706.00
940.00 705.02
939.98 705.00
939.00 704.02
938.98 704.00
938.98 703.00
938.00 702.02
937.98 702.00
937.98 701.00
937.00 700.02
936.98 700.00
936.00 699.02
935.98 699.00
935.98 698.00
935.00 697.02
934.98 697.00
934.00 696.02
933.00 696.02
932.98 696.00
932.00 695.02
931.00 695.02
930.98 695.00
930.00 694.02
929.98 694.00
929.00 693.02
928.00 693.02
927.98 693.00
927.00 692.02
926.00 692.02
925.98 692.00
925.00 691.02
924.00 691.02
923.98 691.00
923.00 690.02
922.00 690.02
921.98 690.00
921.00 689.02
920.00 689.02
919.98 689.00
919.00 688.02
918.00 688.02
917.98 688.00
917.00 687.02
916.00 687.02
915.00 687.02
914.00 687.02
913.98 687.00
913.00 686.02
912.00 686.02
911.00 686.02
910.00 686.02
909.00 686.02
908.00 686.02
907.00 686.02
906.00 686.02
905.00 686.02
904.00 686.02
903.00 686.02
902.02 687.00
902.00 687.02
901.00 687.02
900.00 687.02
899.00 687.02
898.02 688.00
898.00 688.02
897.00 688.02
896.02 689.00
896.00 689.02
895.02 690.00
895.00 690.02
894.02 691.00
894.00 691.02
893.02 692.00
893.00 692.02
892.02 693.00
892.00 693.02
891.02 694.00
891.00 694.02
890.02 695.00
890.02 696.00
890.00 696.02
889.02 697.00
889.00 697.02
888.02 698.00
888.02 699.00
888.00 699.02
887.02 700.00
887.02 701.00
887.02 702.00
887.00 702.02
886.02 703.00
886.02 704.00
886.02 705.00
886.00 705.02
885.02 706.00
885.02 707.00
885.02 708.00
885.00 708.02
884.02 709.00
884.02 710.00
884.02 711.00
884.02 712.00
884.00 712.02
883.02 713.00
883.02 714.00
883.02 715.00
883.02 716.00
883.02 717.00
883.02 718.00
883.02 719.00
883.02 720.00
883.02 721.00
883.02 722.00
883.02 723.00
883.02 724.00
883.02 725.00
884.00 725.98
884.02 726.00
884.02 727.00
884.02 728.00
884.02 729.00
884.02 730.00
884.02 731.00
885.00 731.98
885.02 732.00
885.02 733.00
885.02 734.00
886.00 734.98
886.02 735.00
886.02 736.00
887.00 736.98
887.02 737.00
887.02 738.00
888.00 738.98
888.02 739.00
889.00 739.98
889.02 740.00
889.02 741.00
890.00 741.98
890.02 742.00
891.00 742.98
891.02 743.00
892.00 743.98
892.02 744.00
893.00 744.98
893.02 745.00
894.00 745.98
894.02 746.00
895.00 746.98
895.02 747.00
896.00 747.98
896.02 748.00
897.00 748.98
897.02 749.00
898.00 749.98
899.00 749.98
899.02 750.00
900.00 750.98
901.00 750.98
901.02 751.00
902.00 751.98
903.00 751.98
903.02 752.00
904.00 752.98
905.00 752.98
906.00 752.98
907.00 752.98
907.02 753.00
908.00 753.98
909.00 753.98
910.00 753.98
911.00 753.98
912.00 753.98
913.00 753.98
914.00 753.98
915.00 753.98
915.02 754.00
916.00 754.98
917.00 754.98
918.00 754.98
919.00 754.98
920.00 754.98
921.00 754.98
922.00 754.98
923.00 754.98
924.00 754.98
925.00 754.98
926.00 754.98
926.98 754.00
927.00 753.98
928.00 753.98
929.00 753.98
929.98 753.00
930.00 752.98
931.00 752.98
932.00 752.98
932.98 752.00
933.00 751.98
934.00 751.98
934.98 751.00
935.00 750.98
935.98 750.00
936.00 749.98
936.98 749.00
937.00 748.98
937.98 748.00
938.00 747.98
938.98 747.00
939.00 746.98
939.98 746.00
940.00 745.98
940.98 745.00
940.98 744.00
941.00 743.98
941.98 743.00
942.00 742.98
942.98 742.00
942.98 741.00
943.00 740.98
943.98 740.00
943.98 739.00
943.98 738.00
944.00 737.98
944.98 737.00
944.98 736.00
944.98 735.00
944.98 734.00
945.00 733.98
945.98 733.00
945.98 732.00
945.98 731.00
945.98 730.00
945.98 729.00
945.98 728.00
946.00 727.98
946.98 727.00

