Contour 0:
76.50 572.00
76.50 571.00
76.50 570.00
76.50 569.00
76.50 568.00
76.50 567.00
76.50 566.00
76.50 565.00
76.50 564.00
76.50 563.00
76.50 562.00
76.00 561.50
75.50 561.00
75.50 560.00
75.00 559.50
74.50 559.00
74.50 558.00
74.00 557.50
73.50 557.00
73.50 556.00
73.00 555.50
72.50 555.00
72.50 554.00
72.00 553.50
71.50 553.00
71.00 552.50
70.50 552.00
70.00 551.50
69.50 551.00
69.00 550.50
68.50 550.00
68.00 549.50
67.50 549.00
67.00 548.50
66.50 548.00
66.00 547.50
65.50 547.00
65.00 546.50
64.00 546.50
63.50 546.00
63.00 545.50
62.50 545.00
62.00 544.50
61.50 544.00
61.00 543.50
60.00 543.50
59.50 543.00
59.00 542.50
58.00 542.50
57.50 542.00
57.00 541.50
56.00 541.50
55.00 541.50
54.50 541.00
54.00 540.50
53.00 540.50
52.00 540.50
51.50 540.00
51.00 539.50
50.00 539.50
49.00 539.50
48.00 539.50
47.00 539.50
46.00 539.50
45.00 539.50
44.00 539.50
43.00 539.50
42.00 539.50
41.00 539.50
40.50 540.00
40.00 540.50
39.00 540.50
38.00 540.50
37.50 541.00
37.00 541.50
36.00 541.50
35.00 541.50
34.50 542.00
34.00 542.50
33.00 542.50
32.00 542.50
31.50 543.00
31.00 543.50
30.00 543.50
29.50 544.00
29.00 544.50
28.00 544.50
27.50 545.00
27.00 545.50
26.00 545.50
25.50 546.00
25.00 546.50
24.50 547.00
24.00 547.50
23.50 548.00
23.00 548.50
22.50 549.00
22.00 549.50
21.50 550.00
21.50 551.00
21.00 551.50
20.50 552.00
20.00 552.50
19.50 553.00
19.50 554.00
19.00 554.50
18.50 555.00
18.50 556.00
18.00 556.50
17.50 557.00
17.00 557.50
16.50 558.00
16.50 559.00
16.00 559.50
15.50 560.00
15.50 561.00
15.50 562.00
15.00 562.50
14.50 563.00
14.50 564.00
14.50 565.00
14.00 565.50
13.50 566.00
13.50 567.00
13.50 568.00
13.50 569.00
13.50 570.00
13.50 571.00
14.00 571.50
14.50 572.00
14.50 573.00
14.50 574.00
14.50 575.00
14.50 576.00
14.50 577.00
14.50 578.00
14.50 579.00
15.00 579.50
15.50 580.00
15.50 581.00
15.50 582.00
16.00 582.50
16.50 583.00
16.50 584.00
17.00 584.50
17.50 585.00
17.50 586.00
18.00 586.50
18.50 587.00
19.00 587.50
19.50 588.00
20.00 588.50
20.50 589.00
21.00 589.50
21.50 590.00
22.00 590.50
22.50 591.00
23.00 591.50
23.50 592.00
24.00 592.50
25.00 592.50
25.50 593.00
26.00 593.50
26.50 594.00
27.00 594.50
27.50 595.00
28.00 595.50
29.00 595.50
29.50 596.00
30.00 596.50
31.00 596.50
31.50 597.00
32.00 597.50
33.00 597.50
33.50 598.00
34.00 598.50
35.00 598.50
35.50 599.00
36.00 599.50
37.00 599.50
38.00 599.50
39.00 599.50
39.50 600.00
40.00 600.50
41.00 600.50
42.00 600.50
43.00 600.50
44.00 600.50
44.50 600.00
45.00 599.50
46.00 599.50
47.00 599.50
48.00 599.50
49.00 599.50
50.00 599.50
51.00 599.50
51.50 599.00
52.00 598.50
53.00 598.50
54.00 598.50
54.50 598.00
55.00 597.50
56.00 597.50
57.00 597.50
57.50 597.00
58.00 596.50
58.50 596.00
59.00 595.50
60.00 595.50
60.50 595.00
61.00 594.50
61.50 594.00
62.00 593.50
63.00 593.50
63.50 593.00
64.00 592.50
65.00 592.50
65.50 592.00
66.00 591.50
66.50 591.00
67.00 590.50
67.50 590.00
68.00 589.50
68.50 589.00
69.00 588.50
69.50 588.00
69.50 587.00
70.00 586.50
70.50 586.00
71.00 585.50
71.50 585.00
71.50 584.00
72.00 583.50
72.50 583.00
72.50 582.00
73.00 581.50
73.50 581.00
73.50 580.00
74.00 579.50
74.50 579.00
74.50 578.00
74.50 577.00
75.00 576.50
75.50 576.00
75.50 575.00
75.50 574.00
75.50 573.00
76.00 572.50
76.50 572.00

Contour 1:
130.75 212.00
130.75 211.00
130.75 210.00
130.75 209.00
130.00 208.25
129.75 208.00
129.75 207.00
129.75 206.00
129.75 205.00
129.75 204.00
129.75 203.00
129.75 202.00
129.75 201.00
129.75 200.00
129.75 199.00
129.75 198.00
129.75 197.00
129.75 196.00
129.75 195.00
129.75 194.00
129.75 193.00
129.75 192.00
129.75 191.00
129.75 190.00
129.75 189.00
129.75 188.00
129.75 187.00
129.75 186.00
129.75 185.00
129.00 184.25
128.75 184.00
128.75 183.00
128.75 182.00
128.75 181.00
128.75 180.00
128.00 179.25
127.75 179.00
127.75 178.00
127.00 177.25
126.75 177.00
126.75 176.00
126.00 175.25
125.75 175.00
125.00 174.25
124.75 174.00
124.00 173.25
123.75 173.00
123.00 172.25
122.75 172.00
122.00 171.25
121.75 171.00
121.00 170.25
120.75 170.00
120.00 169.25
119.00 169.25
118.75 169.00
118.00 168.25
117.00 168.25
116.75 168.00
116.00 167.25
115.00 167.25
114.00 167.25
113.75 167.00
113.00 166.25
112.00 166.25
111.00 166.25
110.00 166.25
109.00 166.25
108.00 166.25
107.00 166.25
106.00 166.25
105.00 166.25
104.00 166.25
103.00 166.25
102.00 166.25
101.00 166.25
100.00 166.25
99.00 166.25
98.00 166.25
97.25 167.00
97.00 167.25
96.00 167.25
95.00 167.25
94.25 168.00
94.00 168.25
93.00 168.25
92.25 169.00
92.00 169.25
91.00 169.25
90.25 170.00
90.00 170.25
89.00 170.25
88.25 171.00
88.00 171.25
87.00 171.25
86.25 172.00
86.00 172.25
85.00 172.25
84.25 173.00
84.00 173.25
83.25 174.00
83.00 174.25
82.00 174.25
81.25 175.00
81.00 175.25
80.25 176.00
80.00 176.25
79.25 177.00
79.00 177.25
78.25 178.00
78.00 178.25
77.25 179.00
77.00 179.25
76.25 180.00
76.25 181.00
76.00 181.25
75.25 182.00
75.00 182.25
74.25 183.00
74.00 183.25
73.25 184.00
73.25 185.00
73.00 185.25
72.25 186.00
72.00 186.25
71.25 187.00
71.25 188.00
71.00 188.25
70.25 189.00
70.25 190.00
70.00 190.25
69.25 191.00
69.25 192.00
69.25 193.00
69.00 193.25
68.25 194.00
68.25 195.00
68.25 196.00
68.25 197.00
68.00 197.25
67.25 198.00
67.25 199.00
67.25 200.00
67.25 201.00
67.25 202.00
67.25 203.00
67.25 204.00
67.25 205.00
67.00 205.25
66.25 206.00
66.25 207.00
67.00 207.75
67.25 208.00
67.25 209.00
67.25 210.00
67.25 211.00
68.00 211.75
68.25 212.00
68.25 213.00
69.00 213.75
69.25 214.00
69.25 215.00
69.25 216.00
70.00 216.75
70.25 217.00
70.25 218.00
71.00 218.75
71.25 219.00
72.00 219.75
72.25 220.00
72.25 221.00
73.00 221.75
73.25 222.00
74.00 222.75
74.25 223.00
75.00 223.75
75.25 224.00
75.25 225.00
76.00 225.75
77.00 225.75
77.25 226.00
78.00 226.75
78.25 227.00
79.00 227.75
79.25 228.00
80.00 228.75
81.00 228.75
81.25 229.00
82.00 229.75
83.00 229.75
83.25 230.00
84.00 230.75
84.25 231.00
85.00 231.75
86.00 231.75
86.25 232.00
87.00 232.75
88.00 232.75
88.25 233.00
89.00 233.75
89.25 234.00
90.00 234.75
91.00 234.75
91.25 235.00
92.00 235.75
93.00 235.75
93.25 236.00
94.00 236.75
95.00 236.75
95.25 237.00
96.00 237.75
97.00 237.75
98.00 237.75
99.00 237.75
99.25 238.00
100.00 238.75
101.00 238.75
102.00 238.75
103.00 238.75
104.00 238.75
105.00 238.75
106.00 238.75
107.00 238.75
108.00 238.75
109.00 238.75
109.75 238.00
110.00 237.75
111.00 237.75
112.00 237.75
113.00 237.75
114.00 237.75
114.75 237.00
115.00 236.75
116.00 236.75
117.00 236.75
117.75 236.00
118.00 235.75
119.00 235.75
119.75 235.00
120.00 234.75
121.00 234.75
121.75 234.00
122.00 233.75
123.00 233.75
123.75 233.00
124.00 232.75
124.75 232.00
125.00 231.75
125.75 231.00
125.75 230.00
126.00 229.75
126.75 229.00
126.75 228.00
127.00 227.75
127.75 227.00
127.75 226.00
127.75 225.00
128.00 224.75
128.75 224.00
128.75 223.00
128.75 222.00
128.75 221.00
129.00 220.75
129.75 220.00
129.75 219.00
129.75 218.00
129.75 217.00
129.75 216.00
129.75 215.00
129.75 214.00
129.75 213.00
130.00 212.75
130.75 212.00

Contour 2:
166.83 664.00
166.83 663.00
166.83 662.00
166.00 661.17
165.83 661.00
165.83 660.00
165.83 659.00
165.83 658.00
165.83 657.00
165.83 656.00
166.00 655.83
166.83 655.00
166.00 654.17
165.83 654.00
165.00 653.17
164.83 653.00
164.00 652.17
163.83 652.00
163.00 651.17
162.83 651.00
162.83 650.00
162.00 649.17
161.00 649.17
160.83 649.00
160.00 648.17
159.83 648.00
159.00 647.17
158.83 647.00
158.00 646.17
157.00 646.17
156.83 646.00
156.00 645.17
155.00 645.17
154.00 645.17
153.00 645.17
152.00 645.17
151.00 645.17
150.00 645.17
149.00 645.17
148.00 645.17
147.17 646.00
147.00 646.17
146.00 646.17
145.17 647.00
145.00 647.17
144.00 647.17
143.17 648.00
143.00 648.17
142.17 649.00
142.00 649.17
141.17 650.00
141.00 650.17
140.17 651.00
140.00 651.17
139.17 652.00
139.00 652.17
138.17 653.00
138.00 653.17
137.17 654.00
137.17 655.00
137.00 655.17
136.17 656.00
136.17 657.00
136.00 657.17
135.17 658.00
135.17 659.00
135.00 659.17
134.17 660.00
134.17 661.00
134.17 662.00
134.00 662.17
133.17 663.00
133.17 664.00
133.17 665.00
133.17 666.00
133.17 667.00
133.17 668.00
133.17 669.00
134.00 669.83
134.17 670.00
134.17 671.00
135.00 671.83
135.17 672.00
136.00 672.83
137.00 672.83
138.00 672.83
139.00 672.83
139.83 672.00
140.00 671.83
141.00 671.83
141.17 672.00
142.00 672.83
143.00 672.83
144.00 672.83
145.00 672.83
146.00 672.83
147.00 672.83
148.00 672.83
149.00 672.83
150.00 672.83
150.83 672.00
151.00 671.83
152.00 671.83
153.00 671.83
154.00 671.83
155.00 671.83
156.00 671.83
157.00 671.83
157.83 671.00
158.00 670.83
159.00 670.83
160.00 670.83
160.83 670.00
161.00 669.83
161.83 669.00
162.00 668.83
162.83 668.00
163.00 667.83
163.83 667.00
164.00 666.83
164.83 666.00
165.00 665.83
165.83 665.00
166.00 664.83
166.83 664.00

Contour 3:
218.88 829.00
218.88 828.00
218.88 827.00
218.88 826.00
218.88 825.00
218.88 824.00
218.88 823.00
218.88 822.00
218.88 821.00
218.88 820.00
218.00 819.12
217.88 819.00
217.88 818.00
217.88 817.00
217.00 816.12
216.88 816.00
216.88 815.00
216.88 814.00
216.00 813.12
215.88 813.00
215.88 812.00
215.00 811.12
214.88 811.00
214.00 810.12
213.88 810.00
213.00 809.12
212.88 809.00
212.00 808.12
211.00 808.12
210.88 808.00
210.00 807.12
209.88 807.00
209.00 806.12
208.00 806.12
207.88 806.00
207.00 805.12
206.00 805.12
205.88 805.00
205.00 804.12
204.00 804.12
203.88 804.00
203.00 803.12
202.00 803.12
201.88 803.00
201.00 802.12
200.00 802.12
199.88 802.00
199.00 801.12
198.00 801.12
197.00 801.12
196.88 801.00
196.00 800.12
195.00 800.12
194.00 800.12
193.00 800.12
192.00 800.12
191.00 800.12
190.00 800.12
189.00 800.12
188.00 800.12
187.00 800.12
186.00 800.12
185.00 800.12
184.00 800.12
183.00 800.12
182.00 800.12
181.12 801.00
181.00 801.12
180.00 801.12
179.00 801.12
178.00 801.12
177.12 802.00
177.00 802.12
176.00 802.12
175.00 802.12
174.12 803.00
174.00 803.12
173.12 804.00
173.00 804.12
172.00 804.12
171.12 805.00
171.00 805.12
170.00 805.12
169.12 806.00
169.00 806.12
168.00 806.12
167.12 807.00
167.00 807.12
166.12 808.00
166.00 808.12
165.00 808.12
164.12 809.00
164.00 809.12
163.12 810.00
163.00 810.12
162.12 811.00
162.00 811.12
161.12 812.00
161.00 812.12
160.12 813.00
160.00 813.12
159.12 814.00
159.12 815.00
159.00 815.12
158.12 816.00
158.12 817.00
158.00 817.12
157.12 818.00
157.00 818.12
156.12 819.00
156.12 820.00
156.00 820.12
155.12 821.00
155.12 822.00
155.00 822.12
154.12 823.00
154.12 824.00
154.00 824.12
153.12 825.00
153.12 826.00
153.12 827.00
153.12 828.00
153.00 828.12
152.12 829.00
152.12 830.00
152.12 831.00
152.12 832.00
152.12 833.00
152.00 833.12
151.12 834.00
151.12 835.00
151.12 836.00
151.12 837.00
151.12 838.00
152.00 838.88
152.12 839.00
152.12 840.00
152.12 841.00
152.12 842.00
152.12 843.00
153.00 843.88
153.12 844.00
153.12 845.00
153.12 846.00
154.00 846.88
154.12 847.00
154.12 848.00
155.00 848.88
155.12 849.00
155.12 850.00
156.00 850.88
156.12 851.00
157.00 851.88
157.12 852.00
157.12 853.00
158.00 853.88
158.12 854.00
159.00 854.88
159.12 855.00
160.00 855.88
160.12 856.00
161.00 856.88
161.12 857.00
162.00 857.88
162.12 858.00
163.00 858.88
163.12 859.00
164.00 859.88
165.00 859.88
165.12 860.00
166.00 860.88
167.00 860.88
167.12 861.00
168.00 861.88
169.00 861.88
170.00 861.88
171.00 861.88
171.12 862.00
172.00 862.88
173.00 862.88
174.00 862.88
175.00 862.88
176.00 862.88
177.00 862.88
178.00 862.88
179.00 862.88
180.00 862.88
181.00 862.88
182.00 862.88
183.00 862.88
183.88 862.00
184.00 861.88
185.00 861.88
186.00 861.88
187.00 861.88
188.00 861.88
188.88 861.00
189.00 860.88
190.00 860.88
190.88 860.00
191.00 859.88
192.00 859.88
193.00 859.88
193.88 859.00
194.00 858.88
195.00 858.88
195.88 858.00
196.00 857.88
197.00 857.88
198.00 857.88
198.88 857.00
199.00 856.88
200.00 856.88
200.88 856.00
201.00 855.88
201.88 855.00
202.00 854.88
203.00 854.88
203.88 854.00
204.00 853.88
204.88 853.00
205.00 852.88
205.88 852.00
206.00 851.88
206.88 851.00
207.00 850.88
207.88 850.00
208.00 849.88
208.88 849.00
209.00 848.88
209.88 848.00
210.00 847.88
210.88 847.00
211.00 846.88
211.88 846.00
212.00 845.88
212.88 845.00
212.88 844.00
213.00 843.88
213.88 843.00
213.88 842.00
214.00 841.88
214.88 841.00
214.88 840.00
215.00 839.88
215.88 839.00
215.88 838.00
216.00 837.88
216.88 837.00
216.88 836.00
216.88 835.00
217.00 834.88
217.88 834.00
217.88 833.00
217.88 832.00
217.88 831.00
217.88 830.00
218.00 829.88
218.88 829.00

Contour 4:
246.90 81.00
246.90 80.00
246.90 79.00
246.90 78.00
246.90 77.00
246.90 76.00
246.90 75.00
246.90 74.00
246.90 73.00
246.00 72.10
245.90 72.00
245.90 71.00
245.90 70.00
245.00 69.10
244.90 69.00
244.90 68.00
244.00 67.10
243.90 67.00
243.90 66.00
243.00 65.10
242.90 65.00
242.00 64.10
241.90 64.00
241.90 63.00
241.00 62.10
240.90 62.00
240.00 61.10
239.90 61.00
239.00 60.10
238.90 60.00
238.00 59.10
237.90 59.00
237.00 58.10
236.90 58.00
236.00 57.10
235.90 57.00
235.00 56.10
234.90 56.00
234.00 55.10
233.90 55.00
233.00 54.10
232.90 54.00
232.00 53.10
231.90 53.00
231.00 52.10
230.00 52.10
229.90 52.00
229.00 51.10
228.90 51.00
228.00 50.10
227.00 50.10
226.90 50.00
226.00 49.10
225.00 49.10
224.90 49.00
224.00 48.10
223.90 48.00
223.00 47.10
222.00 47.10
221.90 47.00
221.00 46.10
220.00 46.10
219.90 46.00
219.00 45.10
218.00 45.10
217.90 45.00
217.00 44.10
216.00 44.10
215.90 44.00
215.00 43.10
214.00 43.10
213.00 43.10
212.90 43.00
212.00 42.10
211.00 42.10
210.00 42.10
209.00 42.10
208.00 42.10
207.00 42.10
206.00 42.10
205.00 42.10
204.00 42.10
203.90 42.00
203.00 41.10
202.00 41.10
201.00 41.10
200.00 41.10
199.00 41.10
198.00 41.10
197.00 41.10
196.00 41.10
195.00 41.10
194.00 41.10
193.00 41.10
192.10 42.00
192.00 42.10
191.00 42.10
190.00 42.10
189.00 42.10
188.00 42.10
187.10 43.00
187.00 43.10
186.00 43.10
185.00 43.10
184.10 44.00
184.00 44.10
183.00 44.10
182.00 44.10
181.10 45.00
181.00 45.10
180.00 45.10
179.10 46.00
179.00 46.10
178.00 46.10
177.10 47.00
177.00 47.10
176.00 47.10
175.10 48.00
175.00 48.10
174.10 49.00
174.00 49.10
173.10 50.00
173.00 50.10
172.00 50.10
171.10 51.00
171.00 51.10
170.10 52.00
170.00 52.10
169.10 53.00
169.00 53.10
168.10 54.00
168.00 54.10
167.10 55.00
167.00 55.10
166.10 56.00
166.00 56.10
165.10 57.00
165.00 57.10
164.10 58.00
164.00 58.10
163.10 59.00
163.10 60.00
163.00 60.10
162.10 61.00
162.00 61.10
161.10 62.00
161.10 63.00
161.00 63.10
160.10 64.00
160.00 64.10
159.10 65.00
159.10 66.00
159.00 66.10
158.10 67.00
158.10 68.00
158.10 69.00
158.10 70.00
158.00 70.10
157.10 71.00
157.10 72.00
157.10 73.00
157.00 73.10
156.10 74.00
156.10 75.00
156.10 76.00
156.10 77.00
156.10 78.00
156.10 79.00
156.10 80.00
157.00 80.90
157.10 81.00
157.10 82.00
157.10 83.00
157.10 84.00
158.00 84.90
158.10 85.00
158.10 86.00
158.10 87.00
159.00 87.90
159.10 88.00
159.10 89.00
159.10 90.00
160.00 90.90
160.10 91.00
160.10 92.00
161.00 92.90
161.10 93.00
161.10 94.00
162.00 94.90
162.10 95.00
162.10 96.00
163.00 96.90
163.10 97.00
163.10 98.00
164.00 98.90
164.10 99.00
164.10 100.00
165.00 100.90
165.10 101.00
166.00 101.90
166.10 102.00
167.00 102.90
167.10 103.00
167.10 104.00
168.00 104.90
168.10 105.00
169.00 105.90
169.10 106.00
170.00 106.90
170.10 107.00
171.00 107.90
171.10 108.00
172.00 108.90
172.10 109.00
173.00 109.90
174.00 109.90
174.10 110.00
175.00 110.90
175.10 111.00
176.00 111.90
177.00 111.90
177.10 112.00
178.00 112.90
179.00 112.90
179.10 113.00
180.00 113.90
181.00 113.90
181.10 114.00
182.00 114.90
183.00 114.90
183.10 115.00
184.00 115.90
185.00 115.90
186.00 115.90
186.10 116.00
187.00 116.90
188.00 116.90
189.00 116.90
189.10 117.00
190.00 117.90
191.00 117.90
192.00 117.90
193.00 117.90
193.10 118.00
194.00 118.90
195.00 118.90
196.00 118.90
197.00 118.90
198.00 118.90
199.00 118.90
200.00 118.90
201.00 118.90
202.00 118.90
203.00 118.90
204.00 118.90
205.00 118.90
206.00 118.90
206.90 118.00
207.00 117.90
208.00 117.90
209.00 117.90
210.00 117.90
210.90 117.00
211.00 116.90
212.00 116.90
213.00 116.90
214.00 116.90
214.90 116.00
215.00 115.90
216.00 115.90
216.90 115.00
217.00 114.90
218.00 114.90
218.90 114.00
219.00 113.90
220.00 113.90
220.90 113.00
221.00 112.90
222.00 112.90
222.90 112.00
223.00 111.90
224.00 111.90
224.90 111.00
225.00 110.90
225.90 110.00
226.00 109.90
227.00 109.90
227.90 109.00
228.00 108.90
229.00 108.90
229.90 108.00
230.00 107.90
230.90 107.00
231.00 106.90
231.90 106.00
232.00 105.90
233.00 105.90
233.90 105.00
234.00 104.90
234.90 104.00
235.00 103.90
235.90 103.00
236.00 102.90
236.90 102.00
236.90 101.00
237.00 100.90
237.90 100.00
238.00 99.90
238.90 99.00
238.90 98.00
239.00 97.90
239.90 97.00
239.90 96.00
240.00 95.90
240.90 95.00
240.90 94.00
241.00 93.90
241.90 93.00
241.90 92.00
242.00 91.90
242.90 91.00
242.90 90.00
243.00 89.90
243.90 89.00
243.90 88.00
244.00 87.90
244.90 87.00
244.90 86.00
244.90 85.00
245.00 84.90
245.90 84.00
245.90 83.00
245.90 82.00
246.00 81.90
246.90 81.00

Contour 5:
334.92 401.00
334.92 400.00
334.92 399.00
334.92 398.00
334.92 397.00
334.92 396.00
334.92 395.00
334.92 394.00
334.92 393.00
334.92 392.00
334.92 391.00
334.92 390.00
334.00 389.08
333.92 389.00
333.92 388.00
333.92 387.00
333.92 386.00
333.00 385.08
332.92 385.00
332.92 384.00
332.92 383.00
332.00 382.08
331.92 382.00
331.92 381.00
331.00 380.08
330.92 380.00
330.92 379.00
330.00 378.08
329.92 378.00
329.00 377.08
328.92 377.00
328.00 376.08
327.92 376.00
327.00 375.08
326.92 375.00
326.00 374.08
325.92 374.00
325.00 373.08
324.92 373.00
324.00 372.08
323.00 372.08
322.92 372.00
322.00 371.08
321.92 371.00
321.00 370.08
320.92 370.00
320.00 369.08
319.92 369.00
319.00 368.08
318.00 368.08
317.92 368.00
317.00 367.08
316.00 367.08
315.00 367.08
314.92 367.00
314.00 366.08
313.00 366.08
312.00 366.08
311.92 366.00
311.00 365.08
310.00 365.08
309.00 365.08
308.00 365.08
307.00 365.08
306.00 365.08
305.00 365.08
304.00 365.08
303.00 365.08
302.08 366.00
302.00 366.08
301.00 366.08
300.00 366.08
299.00 366.08
298.08 367.00
298.00 367.08
297.00 367.08
296.08 368.00
296.00 368.08
295.00 368.08
294.08 369.00
294.00 369.08
293.08 370.00
293.00 370.08
292.08 371.00
292.00 371.08
291.00 371.08
290.08 372.00
290.00 372.08
289.08 373.00
289.00 373.08
288.08 374.00
288.00 374.08
287.08 375.00
287.00 375.08
286.08 376.00
286.00 376.08
285.08 377.00
285.00 377.08
284.00 377.08
283.08 378.00
283.00 378.08
282.08 379.00
282.00 379.08
281.08 380.00
281.08 381.00
281.00 381.08
280.08 382.00
280.00 382.08
279.08 383.00
279.08 384.00
279.00 384.08
278.08 385.00
278.08 386.00
278.00 386.08
277.08 387.00
277.08 388.00
277.08 389.00
277.00 389.08
276.08 390.00
276.08 391.00
276.08 392.00
276.08 393.00
276.00 393.08
275.08 394.00
275.08 395.00
275.08 396.00
275.08 397.00
275.08 398.00
275.08 399.00
275.08 400.00
275.08 401.00
275.08 402.00
275.08 403.00
275.08 404.00
275.08 405.00
275.08 406.00
275.08 407.00
275.08 408.00
275.08 409.00
275.08 410.00
276.00 410.92
276.08 411.00
276.08 412.00
277.00 412.92
277.08 413.00
277.08 414.00
278.00 414.92
278.08 415.00
278.08 416.00
279.00 416.92
279.08 417.00
279.08 418.00
280.00 418.92
280.08 419.00
280.08 420.00
281.00 420.92
281.08 421.00
282.00 421.92
282.08 422.00
283.00 422.92
283.08 423.00
284.00 423.92
284.08 424.00
285.00 424.92
285.08 425.00
286.00 425.92
286.08 426.00
287.00 426.92
287.08 427.00
288.00 427.92
288.08 428.00
289.00 428.92
289.08 429.00
290.00 429.92
290.08 430.00
291.00 430.92
292.00 430.92
292.08 431.00
293.00 431.92
293.08 432.00
294.00 432.92
295.00 432.92
295.08 433.00
296.00 433.92
297.00 433.92
298.00 433.92
299.00 433.92
299.08 434.00
300.00 434.92
301.00 434.92
302.00 434.92
302.08 435.00
303.00 435.92
304.00 435.92
305.00 435.92
306.00 435.92
307.00 435.92
308.00 435.92
309.00 435.92
310.00 435.92
311.00 435.92
312.00 435.92
312.92 435.00
313.00 434.92
314.00 434.92
315.00 434.92
316.00 434.92
316.92 434.00
317.00 433.92
318.00 433.92
318.92 433.00
319.00 432.92
320.00 432.92
320.92 432.00
321.00 431.92
321.92 431.00
322.00 430.92
322.92 430.00
323.00 429.92
323.92 429.00
324.00 428.92
324.92 428.00
325.00 427.92
325.92 427.00
325.92 426.00
326.00 425.92
326.92 425.00
326.92 424.00
327.00 423.92
327.92 423.00
327.92 422.00
328.00 421.92
328.92 421.00
328.92 420.00
328.92 419.00
329.00 418.92
329.92 418.00
329.92 417.00
329.92 416.00
330.00 415.92
330.92 415.00
330.92 414.00
330.92 413.00
331.00 412.92
331.92 412.00
331.92 411.00
331.92 410.00
332.00 409.92
332.92 409.00
332.92 408.00
332.92 407.00
332.92 406.00
333.00 405.92
333.92 405.00
333.92 404.00
333.92 403.00
333.92 402.00
334.00 401.92
334.92 401.00

Contour 6:
359.93 507.00
359.93 506.00
359.93 505.00
359.93 504.00
359.93 503.00
359.93 502.00
359.93 501.00
359.93 500.00
359.93 499.00
359.93 498.00
359.93 497.00
359.93 496.00
359.93 495.00
359.00 494.07
358.93 494.00
358.93 493.00
358.00 492.07
357.93 492.00
357.93 491.00
357.93 490.00
357.00 489.07
356.93 489.00
356.93 488.00
356.00 487.07
355.93 487.00
355.00 486.07
354.93 486.00
354.00 485.07
353.93 485.00
353.00 484.07
352.93 484.00
352.00 483.07
351.93 483.00
351.00 482.07
350.93 482.00
350.00 481.07
349.93 481.00
349.00 480.07
348.00 480.07
347.93 480.00
347.00 479.07
346.00 479.07
345.93 479.00
345.00 478.07
344.00 478.07
343.93 478.00
343.00 477.07
342.00 477.07
341.00 477.07
340.93 477.00
340.00 476.07
339.00 476.07
338.00 476.07
337.93 476.00
337.00 475.07
336.00 475.07
335.00 475.07
334.00 475.07
333.00 475.07
332.00 475.07
331.00 475.07
330.00 475.07
329.00 475.07
328.00 475.07
327.00 475.07
326.00 475.07
325.00 475.07
324.00 475.07
323.00 475.07
322.00 475.07
321.00 475.07
320.00 475.07
319.00 475.07
318.00 475.07
317.07 476.00
317.00 476.07
316.00 476.07
315.00 476.07
314.07 477.00
314.00 477.07
313.00 477.07
312.00 477.07
311.00 477.07
310.07 478.00
310.00 478.07
309.00 478.07
308.00 478.07
307.07 479.00
307.00 479.07
306.00 479.07
305.07 480.00
305.00 480.07
304.07 481.00
304.00 481.07
303.07 482.00
303.00 482.07
302.07 483.00
302.00 483.07
301.07 484.00
301.00 484.07
300.07 485.00
300.07 486.00
300.00 486.07
299.07 487.00
299.00 487.07
298.07 488.00
298.07 489.00
298.07 490.00
298.00 490.07
297.07 491.00
297.07 492.00
297.07 493.00
297.07 494.00
297.07 495.00
297.07 496.00
297.07 497.00
297.07 498.00
297.07 499.00
298.00 499.93
298.07 500.00
298.07 501.00
298.07 502.00
298.07 503.00
298.07 504.00
299.00 504.93
299.07 505.00
299.07 506.00
300.00 506.93
300.07 507.00
300.07 508.00
301.00 508.93
301.07 509.00
301.07 510.00
302.00 510.93
302.07 511.00
303.00 511.93
303.07 512.00
303.07 513.00
304.00 513.93
304.07 514.00
305.00 514.93
305.07 515.00
306.00 515.93
307.00 515.93
307.07 516.00
308.00 516.93
308.07 517.00
309.00 517.93
309.07 518.00
310.00 518.93
310.07 519.00
311.00 519.93
312.00 519.93
312.07 520.00
313.00 520.93
313.07 521.00
314.00 521.93
315.00 521.93
315.07 522.00
316.00 522.93
316.07 523.00
317.00 523.93
318.00 523.93
318.07 524.00
319.00 524.93
320.00 524.93
321.00 524.93
321.07 525.00
322.00 525.93
323.00 525.93
324.00 525.93
324.07 526.00
325.00 526.93
326.00 526.93
327.00 526.93
328.00 526.93
329.00 526.93
330.00 526.93
330.07 527.00
331.00 527.93
332.00 527.93
333.00 527.93
334.00 527.93
335.00 527.93
335.93 527.00
336.00 526.93
337.00 526.93
338.00 526.93
339.00 526.93
340.00 526.93
341.00 526.93
341.93 526.00
342.00 525.93
343.00 525.93
344.00 525.93
344.93 525.00
345.00 524.93
346.00 524.93
346.93 524.00
347.00 523.93
347.93 523.00
348.00 522.93
348.93 522.00
349.00 521.93
350.00 521.93
350.93 521.00
351.00 520.93
351.93 520.00
352.00 519.93
352.93 519.00
353.00 518.93
353.93 518.00
354.00 517.93
354.93 517.00
355.00 516.93
355.93 516.00
355.93 515.00
356.00 514.93
356.93 514.00
356.93 513.00
357.00 512.93
357.93 512.00
357.93 511.00
358.00 510.93
358.93 510.00
358.93 509.00
358.93 508.00
359.00 507.93
359.93 507.00

Contour 7:
450.94 151.00
450.94 150.00
450.94 149.00
450.94 148.00
450.94 147.00
450.94 146.00
450.94 145.00
450.94 144.00
450.94 143.00
450.94 142.00
450.94 141.00
450.00 140.06
449.94 140.00
449.94 139.00
449.94 138.00
449.94 137.00
449.94 136.00
449.00 135.06
448.94 135.00
448.94 134.00
448.00 133.06
447.94 133.00
447.94 132.00
447.94 131.00
447.00 130.06
446.94 130.00
446.94 129.00
446.94 128.00
446.94 127.00
446.00 126.06
445.94 126.00
445.94 125.00
445.00 124.06
444.94 124.00
444.94 123.00
444.00 122.06
443.94 122.00
443.00 121.06
442.94 121.00
442.00 120.06
441.94 120.00
441.00 119.06
440.94 119.00
440.94 118.00
440.00 117.06
439.94 117.00
439.00 116.06
438.94 116.00
438.00 115.06
437.94 115.00
437.00 114.06
436.94 114.00
436.00 113.06
435.94 113.00
435.00 112.06
434.00 112.06
433.94 112.00
433.00 111.06
432.94 111.00
432.00 110.06
431.00 110.06
430.94 110.00
430.00 109.06
429.00 109.06
428.94 109.00
428.00 108.06
427.00 108.06
426.00 108.06
425.00 108.06
424.00 108.06
423.94 108.00
423.00 107.06
422.00 107.06
421.00 107.06
420.00 107.06
419.00 107.06
418.00 107.06
417.00 107.06
416.00 107.06
415.00 107.06
414.00 107.06
413.06 108.00
413.00 108.06
412.00 108.06
411.00 108.06
410.00 108.06
409.06 109.00
409.00 109.06
408.00 109.06
407.00 109.06
406.00 109.06
405.00 109.06
404.06 110.00
404.00 110.06
403.00 110.06
402.00 110.06
401.00 110.06
400.06 111.00
400.00 111.06
399.00 111.06
398.00 111.06
397.06 112.00
397.00 112.06
396.00 112.06
395.06 113.00
395.00 113.06
394.06 114.00
394.00 114.06
393.00 114.06
392.06 115.00
392.00 115.06
391.06 116.00
391.00 116.06
390.06 117.00
390.00 117.06
389.06 118.00
389.06 119.00
389.00 119.06
388.06 120.00
388.00 120.06
387.06 121.00
387.00 121.06
386.06 122.00
386.00 122.06
385.06 123.00
385.06 124.00
385.00 124.06
384.06 125.00
384.06 126.00
384.00 126.06
383.06 127.00
383.06 128.00
383.00 128.06
382.06 129.00
382.06 130.00
382.06 131.00
382.06 132.00
382.00 132.06
381.06 133.00
381.06 134.00
381.06 135.00
381.06 136.00
381.06 137.00
381.06 138.00
381.00 138.06
380.06 139.00
380.06 140.00
380.06 141.00
380.06 142.00
380.06 143.00
380.06 144.00
380.06 145.00
380.06 146.00
380.06 147.00
380.06 148.00
380.06 149.00
381.00 149.94
381.06 150.00
381.06 151.00
381.06 152.00
381.06 153.00
382.00 153.94
382.06 154.00
382.06 155.00
382.06 156.00
382.06 157.00
383.00 157.94
383.06 158.00
383.06 159.00
383.06 160.00
384.00 160.94
384.06 161.00
384.06 162.00
385.00 162.94
385.06 163.00
385.06 164.00
385.06 165.00
386.00 165.94
386.06 166.00
386.06 167.00
387.00 167.94
387.06 168.00
388.00 168.94
388.06 169.00
388.06 170.00
389.00 170.94
389.06 171.00
390.00 171.94
390.06 172.00
391.00 172.94
391.06 173.00
391.06 174.00
392.00 174.94
392.06 175.00
393.00 175.94
393.06 176.00
394.00 176.94
394.06 177.00
395.00 177.94
395.06 178.00
396.00 178.94
397.00 178.94
397.06 179.00
398.00 179.94
398.06 180.00
399.00 180.94
400.00 180.94
401.00 180.94
401.06 181.00
402.00 181.94
403.00 181.94
403.06 182.00
404.00 182.94
405.00 182.94
405.06 183.00
406.00 183.94
407.00 183.94
408.00 183.94
408.06 184.00
409.00 184.94
410.00 184.94
411.00 184.94
411.06 185.00
412.00 185.94
413.00 185.94
414.00 185.94
414.06 186.00
415.00 186.94
416.00 186.94
417.00 186.94
418.00 186.94
419.00 186.94
420.00 186.94
421.00 186.94
422.00 186.94
423.00 186.94
423.94 186.00
424.00 185.94
425.00 185.94
426.00 185.94
426.94 185.00
427.00 184.94
428.00 184.94
428.94 184.00
429.00 183.94
430.00 183.94
430.94 183.00
431.00 182.94
431.94 182.00
432.00 181.94
433.00 181.94
433.94 181.00
434.00 180.94
434.94 180.00
435.00 179.94
435.94 179.00
436.00 178.94
437.00 178.94
437.94 178.00
438.00 177.94
438.94 177.00
439.00 176.94
439.94 176.00
440.00 175.94
441.00 175.94
441.94 175.00
442.00 174.94
442.94 174.00
442.94 173.00
443.00 172.94
443.94 172.00
444.00 171.94
444.94 171.00
445.00 170.94
445.94 170.00
445.94 169.00
446.00 168.94
446.94 168.00
446.94 167.00
446.94 166.00
447.00 165.94
447.94 165.00
447.94 164.00
448.00 163.94
448.94 163.00
448.94 162.00
448.94 161.00
448.94 160.00
449.00 159.94
449.94 159.00
449.94 158.00
449.94 157.00
449.94 156.00
449.94 155.00
449.94 154.00
449.94 153.00
449.94 152.00
450.00 151.94
450.94 151.00

Contour 8:
507.94 239.00
507.94 238.00
507.94 237.00
507.94 236.00
507.94 235.00
507.94 234.00
507.94 233.00
507.94 232.00
507.94 231.00
507.94 230.00
507.94 229.00
507.94 228.00
507.00 227.06
506.94 227.00
506.94 226.00
506.94 225.00
506.00 224.06
505.94 224.00
505.94 223.00
505.00 222.06
504.94 222.00
504.94 221.00
504.00 220.06
503.94 220.00
503.00 219.06
502.94 219.00
502.94 218.00
502.00 217.06
501.94 217.00
501.00 216.06
500.00 216.06
499.94 216.00
499.00 215.06
498.94 215.00
498.00 214.06
497.94 214.00
497.00 213.06
496.94 213.00
496.00 212.06
495.94 212.00
495.00 211.06
494.00 211.06
493.94 211.00
493.00 210.06
492.00 210.06
491.94 210.00
491.00 209.06
490.00 209.06
489.94 209.00
489.00 208.06
488.00 208.06
487.00 208.06
486.00 208.06
485.94 208.00
485.00 207.06
484.00 207.06
483.00 207.06
482.00 207.06
481.00 207.06
480.00 207.06
479.00 207.06
478.00 207.06
477.00 207.06
476.00 207.06
475.00 207.06
474.00 207.06
473.00 207.06
472.94 207.00
472.00 206.06
471.00 206.06
470.00 206.06
469.00 206.06
468.00 206.06
467.00 206.06
466.06 207.00
466.00 207.06
465.00 207.06
464.00 207.06
463.00 207.06
462.00 207.06
461.00 207.06
460.00 207.06
459.00 207.06
458.06 208.00
458.00 208.06
457.00 208.06
456.00 208.06
455.00 208.06
454.06 209.00
454.00 209.06
453.00 209.06
452.06 210.00
452.00 210.06
451.00 210.06
450.06 211.00
450.00 211.06
449.06 212.00
449.00 212.06
448.00 212.06
447.06 213.00
447.00 213.06
446.06 214.00
446.00 214.06
445.00 214.06
444.06 215.00
444.00 215.06
443.00 215.06
442.06 216.00
442.00 216.06
441.00 216.06
440.06 217.00
440.00 217.06
439.00 217.06
438.06 218.00
438.00 218.06
437.00 218.06
436.06 219.00
436.00 219.06
435.06 220.00
435.00 220.06
434.06 221.00
434.00 221.06
433.00 221.06
432.06 222.00
432.00 222.06
431.06 223.00
431.00 223.06
430.06 224.00
430.00 224.06
429.06 225.00
429.00 225.06
428.06 226.00
428.06 227.00
428.00 227.06
427.06 228.00
427.00 228.06
426.06 229.00
426.00 229.06
425.06 230.00
425.06 231.00
425.00 231.06
424.06 232.00
424.06 233.00
424.00 233.06
423.06 234.00
423.00 234.06
422.06 235.00
422.06 236.00
422.00 236.06
421.06 237.00
421.06 238.00
421.00 238.06
420.06 239.00
420.06 240.00
420.00 240.06
419.06 241.00
419.06 242.00
419.06 243.00
419.06 244.00
419.06 245.00
419.00 245.06
418.06 246.00
418.06 247.00
418.06 248.00
418.06 249.00
418.06 250.00
418.06 251.00
418.06 252.00
419.00 252.94
419.06 253.00
419.06 254.00
419.06 255.00
420.00 255.94
420.06 256.00
420.06 257.00
420.06 258.00
421.00 258.94
421.06 259.00
421.06 260.00
422.00 260.94
422.06 261.00
423.00 261.94
423.06 262.00
423.06 263.00
424.00 263.94
424.06 264.00
425.00 264.94
425.06 265.00
426.00 265.94
426.06 266.00
427.00 266.94
427.06 267.00
428.00 267.94
428.06 268.00
429.00 268.94
429.06 269.00
430.00 269.94
430.06 270.00
431.00 270.94
432.00 270.94
432.06 271.00
433.00 271.94
433.06 272.00
434.00 272.94
435.00 272.94
436.00 272.94
436.06 273.00
437.00 273.94
438.00 273.94
438.06 274.00
439.00 274.94
440.00 274.94
441.00 274.94
442.00 274.94
442.06 275.00
443.00 275.94
444.00 275.94
445.00 275.94
446.00 275.94
447.00 275.94
448.00 275.94
448.06 276.00
449.00 276.94
450.00 276.94
451.00 276.94
452.00 276.94
453.00 276.94
454.00 276.94
455.00 276.94
456.00 276.94
457.00 276.94
458.00 276.94
459.00 276.94
460.00 276.94
461.00 276.94
462.00 276.94
463.00 276.94
463.94 276.00
464.00 275.94
465.00 275.94
466.00 275.94
467.00 275.94
467.94 275.00
468.00 274.94
469.00 274.94
470.00 274.94
470.94 274.00
471.00 273.94
472.00 273.94
472.94 273.00
473.00 272.94
474.00 272.94
474.94 272.00
475.00 271.94
476.00 271.94
477.00 271.94
477.94 271.00
478.00 270.94
479.00 270.94
479.94 270.00
480.00 269.94
481.00 269.94
481.94 269.00
482.00 268.94
483.00 268.94
483.94 268.00
484.00 267.94
485.00 267.94
485.94 267.00
486.00 266.94
487.00 266.94
487.94 266.00
488.00 265.94
489.00 265.94
489.94 265.00
490.00 264.94
490.94 264.00
491.00 263.94
492.00 263.94
492.94 263.00
493.00 262.94
493.94 262.00
494.00 261.94
494.94 261.00
495.00 260.94
495.94 260.00
496.00 259.94
496.94 259.00
497.00 258.94
497.94 258.00
498.00 257.94
498.94 257.00
499.00 256.94
499.94 256.00
500.00 255.94
500.94 255.00
501.00 254.94
501.94 254.00
501.94 253.00
502.00 252.94
502.94 252.00
503.00 251.94
503.94 251.00
503.94 250.00
504.00 249.94
504.94 249.00
504.94 248.00
505.00 247.94
505.94 247.00
505.94 246.00
505.94 245.00
506.00 244.94
506.94 244.00
506.94 243.00
506.94 242.00
506.94 241.00
506.94 240.00
507.00 239.94
507.94 239.00

Contour 9:
481.95 439.00
481.95 438.00
481.95 437.00
481.95 436.00
481.00 435.05
480.95 435.00
480.95 434.00
480.95 433.00
480.95 432.00
480.95 431.00
480.00 430.05
479.95 430.00
479.95 429.00
479.00 428.05
478.95 428.00
478.95 427.00
478.00 426.05
477.95 426.00
477.95 425.00
477.00 424.05
476.95 424.00
476.00 423.05
475.95 423.00
475.95 422.00
475.00 421.05
474.95 421.00
474.00 420.05
473.95 420.00
473.00 419.05
472.95 419.00
472.00 418.05
471.95 418.00
471.00 417.05
470.95 417.00
470.00 416.05
469.95 416.00
469.00 415.05
468.95 415.00
468.00 414.05
467.95 414.00
467.00 413.05
466.95 413.00
466.00 412.05
465.95 412.00
465.00 411.05
464.95 411.00
464.00 410.05
463.95 410.00
463.00 409.05
462.00 409.05
461.95 409.00
461.00 408.05
460.00 408.05
459.95 408.00
459.00 407.05
458.00 407.05
457.95 407.00
457.00 406.05
456.00 406.05
455.95 406.00
455.00 405.05
454.00 405.05
453.95 405.00
453.00 404.05
452.00 404.05
451.00 404.05
450.00 404.05
449.95 404.00
449.00 403.05
448.00 403.05
447.00 403.05
446.00 403.05
445.00 403.05
444.00 403.05
443.00 403.05
442.00 403.05
441.00 403.05
440.00 403.05
439.00 403.05
438.00 403.05
437.00 403.05
436.00 403.05
435.00 403.05
434.00 403.05
433.05 404.00
433.00 404.05
432.00 404.05
431.00 404.05
430.05 405.00
430.00 405.05
429.00 405.05
428.05 406.00
428.00 406.05
427.05 407.00
427.00 407.05
426.00 407.05
425.05 408.00
425.00 408.05
424.05 409.00
424.00 409.05
423.05 410.00
423.00 410.05
422.05 411.00
422.05 412.00
422.00 412.05
421.05 413.00
421.05 414.00
421.00 414.05
420.05 415.00
420.05 416.00
420.05 417.00
420.00 417.05
419.05 418.00
419.05 419.00
419.05 420.00
419.05 421.00
419.05 422.00
419.05 423.00
419.05 424.00
419.05 425.00
419.05 426.00
419.05 427.00
419.05 428.00
419.05 429.00
419.05 430.00
420.00 430.95
420.05 431.00
420.05 432.00
420.05 433.00
421.00 433.95
421.05 434.00
421.05 435.00
421.05 436.00
422.00 436.95
422.05 437.00
422.05 438.00
422.05 439.00
423.00 439.95
423.05 440.00
423.05 441.00
424.00 441.95
424.05 442.00
424.05 443.00
425.00 443.95
425.05 444.00
425.05 445.00
426.00 445.95
426.05 446.00
427.00 446.95
427.05 447.00
427.05 448.00
428.00 448.95
428.05 449.00
429.00 449.95
429.05 450.00
430.00 450.95
430.05 451.00
431.00 451.95
431.05 452.00
432.00 452.95
432.05 453.00
433.00 453.95
433.05 454.00
434.00 454.95
434.05 455.00
435.00 455.95
435.05 456.00
436.00 456.95
437.00 456.95
437.05 457.00
438.00 457.95
438.05 458.00
439.00 458.95
440.00 458.95
440.05 459.00
441.00 459.95
441.05 460.00
442.00 460.95
443.00 460.95
443.05 461.00
444.00 461.95
445.00 461.95
445.05 462.00
446.00 462.95
447.00 462.95
448.00 462.95
448.05 463.00
449.00 463.95
450.00 463.95
450.05 464.00
451.00 464.95
452.00 464.95
453.00 464.95
454.00 464.95
455.00 464.95
456.00 464.95
457.00 464.95
457.05 465.00
458.00 465.95
459.00 465.95
460.00 465.95
461.00 465.95
462.00 465.95
462.95 465.00
463.00 464.95
464.00 464.95
465.00 464.95
466.00 464.95
467.00 464.95
468.00 464.95
468.95 464.00
469.00 463.95
470.00 463.95
470.95 463.00
471.00 462.95
472.00 462.95
472.95 462.00
473.00 461.95
473.95 461.00
474.00 460.95
474.95 460.00
474.95 459.00
475.00 458.95
475.95 458.00
476.00 457.95
476.95 457.00
476.95 456.00
477.00 455.95
477.95 455.00
478.00 454.95
478.95 454.00
478.95 453.00
478.95 452.00
479.00 451.95
479.95 451.00
479.95 450.00
480.00 449.95
480.95 449.00
480.95 448.00
480.95 447.00
480.95 446.00
480.95 445.00
480.95 444.00
480.95 443.00
480.95 442.00
480.95 441.00
480.95 440.00
481.00 439.95
481.95 439.00

Contour 10:
528.95 681.00
528.95 680.00
528.95 679.00
528.95 678.00
528.95 677.00
528.95 676.00
528.95 675.00
528.95 674.00
528.95 673.00
528.95 672.00
528.00 671.05
527.95 671.00
527.95 670.00
527.95 669.00
527.95 668.00
527.95 667.00
527.00 666.05
526.95 666.00
526.95 665.00
526.95 664.00
526.00 663.05
525.95 663.00
525.95 662.00
525.00 661.05
524.95 661.00
524.95 660.00
524.00 659.05
523.95 659.00
523.00 658.05
522.95 658.00
522.00 657.05
521.95 657.00
521.95 656.00
521.00 655.05
520.00 655.05
519.95 655.00
519.00 654.05
518.95 654.00
518.00 653.05
517.95 653.00
517.00 652.05
516.00 652.05
515.95 652.00
515.00 651.05
514.00 651.05
513.95 651.00
513.00 650.05
512.00 650.05
511.95 650.00
511.00 649.05
510.00 649.05
509.00 649.05
508.95 649.00
508.00 648.05
507.00 648.05
506.00 648.05
505.00 648.05
504.95 648.00
504.00 647.05
503.00 647.05
502.00 647.05
501.00 647.05
500.00 647.05
499.00 647.05
498.05 648.00
498.00 648.05
497.00 648.05
496.00 648.05
495.00 648.05
494.05 649.00
494.00 649.05
493.00 649.05
492.00 649.05
491.05 650.00
491.00 650.05
490.00 650.05
489.05 651.00
489.00 651.05
488.00 651.05
487.05 652.00
487.00 652.05
486.00 652.05
485.05 653.00
485.00 653.05
484.05 654.00
484.00 654.05
483.00 654.05
482.05 655.00
482.00 655.05
481.00 655.05
480.05 656.00
480.00 656.05
479.05 657.00
479.00 657.05
478.05 658.00
478.00 658.05
477.05 659.00
477.00 659.05
476.05 660.00
476.00 660.05
475.05 661.00
475.00 661.05
474.05 662.00
474.00 662.05
473.05 663.00
473.05 664.00
473.00 664.05
472.05 665.00
472.05 666.00
472.00 666.05
471.05 667.00
471.05 668.00
471.00 668.05
470.05 669.00
470.05 670.00
470.00 670.05
469.05 671.00
469.05 672.00
469.05 673.00
469.00 673.05
468.05 674.00
468.05 675.00
468.05 676.00
468.05 677.00
468.05 678.00
468.05 679.00
468.00 679.05
467.05 680.00
467.05 681.00
467.05 682.00
467.05 683.00
468.00 683.95
468.05 684.00
468.05 685.00
468.05 686.00
468.05 687.00
468.05 688.00
468.05 689.00
469.00 689.95
469.05 690.00
469.05 691.00
469.05 692.00
470.00 692.95
470.05 693.00
470.05 694.00
470.05 695.00
471.00 695.95
471.05 696.00
471.05 697.00
472.00 697.95
472.05 698.00
472.05 699.00
473.00 699.95
473.05 700.00
473.05 701.00
474.00 701.95
474.05 702.00
475.00 702.95
475.05 703.00
476.00 703.95
476.05 704.00
477.00 704.95
477.05 705.00
478.00 705.95
478.05 706.00
479.00 706.95
479.05 707.00
480.00 707.95
480.05 708.00
481.00 708.95
482.00 708.95
482.05 709.00
483.00 709.95
483.05 710.00
484.00 710.95
485.00 710.95
485.05 711.00
486.00 711.95
487.00 711.95
488.00 711.95
488.05 712.00
489.00 712.95
490.00 712.95
491.00 712.95
492.00 712.95
493.00 712.95
494.00 712.95
495.00 712.95
496.00 712.95
497.00 712.95
498.00 712.95
499.00 712.95
500.00 712.95
500.95 712.00
501.00 711.95
502.00 711.95
503.00 711.95
504.00 711.95
504.95 711.00
505.00 710.95
506.00 710.95
506.95 710.00
507.00 709.95
508.00 709.95
508.95 709.00
509.00 708.95
509.95 708.00
510.00 707.95
511.00 707.95
511.95 707.00
512.00 706.95
512.95 706.00
513.00 705.95
513.95 705.00
514.00 704.95
514.95 704.00
515.00 703.95
515.95 703.00
516.00 702.95
516.95 702.00
517.00 701.95
517.95 701.00
518.00 700.95
518.95 700.00
518.95 699.00
519.00 698.95
519.95 698.00
520.00 697.95
520.95 697.00
521.00 696.95
521.95 696.00
522.00 695.95
522.95 695.00
522.95 694.00
523.00 693.95
523.95 693.00
524.00 692.95
524.95 692.00
524.95 691.00
525.00 690.95
525.95 690.00
525.95 689.00
526.00 688.95
526.95 688.00
526.95 687.00
526.95 686.00
527.00 685.95
527.95 685.00
527.95 684.00
527.95 683.00
527.95 682.00
528.00 681.95
528.95 681.00

Contour 11:
556.96 331.00
556.96 330.00
556.96 329.00
556.96 328.00
556.96 327.00
556.96 326.00
556.96 325.00
556.96 324.00
556.96 323.00
556.96 322.00
556.96 321.00
556.96 320.00
556.96 319.00
556.00 318.04
555.96 318.00
555.96 317.00
555.96 316.00
555.96 315.00
555.00 314.04
554.96 314.00
554.96 313.00
554.00 312.04
553.96 312.00
553.96 311.00
553.00 310.04
552.96 310.00
552.00 309.04
551.96 309.00
551.00 308.04
550.96 308.00
550.96 307.00
550.00 306.04
549.96 306.00
549.00 305.04
548.00 305.04
547.96 305.00
547.00 304.04
546.96 304.00
546.00 303.04
545.00 303.04
544.96 303.00
544.00 302.04
543.96 302.00
543.00 301.04
542.96 301.00
542.00 300.04
541.00 300.04
540.96 300.00
540.00 299.04
539.00 299.04
538.00 299.04
537.96 299.00
537.00 298.04
536.00 298.04
535.96 298.00
535.00 297.04
534.00 297.04
533.00 297.04
532.00 297.04
531.00 297.04
530.00 297.04
529.00 297.04
528.00 297.04
527.00 297.04
526.00 297.04
525.00 297.04
524.00 297.04
523.04 298.00
523.00 298.04
522.00 298.04
521.00 298.04
520.00 298.04
519.00 298.04
518.04 299.00
518.00 299.04
517.00 299.04
516.04 300.00
516.00 300.04
515.00 300.04
514.04 301.00
514.00 301.04
513.00 301.04
512.04 302.00
512.00 302.04
511.04 303.00
511.00 303.04
510.04 304.00
510.00 304.04
509.04 305.00
509.00 305.04
508.04 306.00
508.00 306.04
507.04 307.00
507.00 307.04
506.04 308.00
506.00 308.04
505.04 309.00
505.04 310.00
505.00 310.04
504.04 311.00
504.04 312.00
504.00 312.04
503.04 313.00
503.04 314.00
503.04 315.00
503.00 315.04
502.04 316.00
502.04 317.00
502.04 318.00
502.04 319.00
502.04 320.00
502.04 321.00
502.04 322.00
502.04 323.00
502.04 324.00
502.04 325.00
502.04 326.00
503.00 326.96
503.04 327.00
503.04 328.00
503.04 329.00
503.04 330.00
504.00 330.96
504.04 331.00
504.04 332.00
505.00 332.96
505.04 333.00
505.04 334.00
506.00 334.96
506.04 335.00
506.04 336.00
507.00 336.96
507.04 337.00
508.00 337.96
508.04 338.00
509.00 338.96
509.04 339.00
510.00 339.96
510.04 340.00
510.04 341.00
511.00 341.96
511.04 342.00
512.00 342.96
512.04 343.00
513.00 343.96
513.04 344.00
514.00 344.96
514.04 345.00
515.00 345.96
515.04 346.00
516.00 346.96
516.04 347.00
517.00 347.96
518.00 347.96
518.04 348.00
519.00 348.96
520.00 348.96
520.04 349.00
521.00 349.96
522.00 349.96
522.04 350.00
523.00 350.96
524.00 350.96
524.04 351.00
525.00 351.96
526.00 351.96
527.00 351.96
527.04 352.00
528.00 352.96
529.00 352.96
529.04 353.00
530.00 353.96
531.00 353.96
532.00 353.96
533.00 353.96
534.00 353.96
535.00 353.96
536.00 353.96
537.00 353.96
538.00 353.96
539.00 353.96
540.00 353.96
541.00 353.96
541.96 353.00
542.00 352.96
543.00 352.96
544.00 352.96
544.96 352.00
545.00 351.96
546.00 351.96
546.96 351.00
547.00 350.96
547.96 350.00
548.00 349.96
548.96 349.00
549.00 348.96
549.96 348.00
550.00 347.96
550.96 347.00
550.96 346.00
551.00 345.96
551.96 345.00
552.00 344.96
552.96 344.00
552.96 343.00
553.00 342.96
553.96 342.00
553.96 341.00
554.00 340.96
554.96 340.00
554.96 339.00
554.96 338.00
554.96 337.00
555.00 336.96
555.96 336.00
555.96 335.00
555.96 334.00
555.96 333.00
555.96 332.00
556.00 331.96
556.96 331.00

Contour 12:
566.96 451.00
566.96 450.00
566.96 449.00
566.96 448.00
566.96 447.00
566.96 446.00
566.96 445.00
566.96 444.00
566.96 443.00
566.96 442.00
566.96 441.00
566.00 440.04
565.96 440.00
565.96 439.00
565.96 438.00
565.96 437.00
565.00 436.04
564.96 436.00
564.00 435.04
563.96 435.00
563.96 434.00
563.00 433.04
562.96 433.00
562.96 432.00
562.00 431.04
561.96 431.00
561.96 430.00
561.00 429.04
560.96 429.00
560.00 428.04
559.96 428.00
559.00 427.04
558.96 427.00
558.00 426.04
557.96 426.00
557.00 425.04
556.96 425.00
556.00 424.04
555.96 424.00
555.00 423.04
554.00 423.04
553.96 423.00
553.00 422.04
552.96 422.00
552.00 421.04
551.96 421.00
551.00 420.04
550.96 420.00
550.00 419.04
549.96 419.00
549.00 418.04
548.96 418.00
548.00 417.04
547.96 417.00
547.00 416.04
546.96 416.00
546.00 415.04
545.00 415.04
544.96 415.00
544.00 414.04
543.96 414.00
543.00 413.04
542.96 413.00
542.00 412.04
541.00 412.04
540.96 412.00
540.00 411.04
539.96 411.00
539.00 410.04
538.00 410.04
537.96 410.00
537.00 409.04
536.00 409.04
535.00 409.04
534.96 409.00
534.00 408.04
533.00 408.04
532.00 408.04
531.00 408.04
530.00 408.04
529.00 408.04
528.00 408.04
527.04 409.00
527.00 409.04
526.00 409.04
525.00 409.04
524.04 410.00
524.00 410.04
523.00 410.04
522.04 411.00
522.00 411.04
521.00 411.04
520.04 412.00
520.00 412.04
519.04 413.00
519.00 413.04
518.00 413.04
517.04 414.00
517.00 414.04
516.04 415.00
516.00 415.04
515.04 416.00
515.00 416.04
514.04 417.00
514.00 417.04
513.04 418.00
513.04 419.00
513.00 419.04
512.04 420.00
512.00 420.04
511.04 421.00
511.04 422.00
511.00 422.04
510.04 423.00
510.04 424.00
510.00 424.04
509.04 425.00
509.04 426.00
509.04 427.00
509.04 428.00
509.00 428.04
508.04 429.00
508.04 430.00
508.04 431.00
508.04 432.00
508.04 433.00
508.04 434.00
509.00 434.96
509.04 435.00
509.04 436.00
509.04 437.00
509.04 438.00
509.04 439.00
509.04 440.00
510.00 440.96
510.04 441.00
510.04 442.00
510.04 443.00
511.00 443.96
511.04 444.00
511.04 445.00
512.00 445.96
512.04 446.00
512.04 447.00
513.00 447.96
513.04 448.00
514.00 448.96
514.04 449.00
514.04 450.00
515.00 450.96
515.04 451.00
515.04 452.00
516.00 452.96
516.04 453.00
516.04 454.00
517.00 454.96
517.04 455.00
518.00 455.96
518.04 456.00
518.04 457.00
519.00 457.96
519.04 458.00
520.00 458.96
520.04 459.00
521.00 459.96
521.04 460.00
522.00 460.96
522.04 461.00
523.00 461.96
523.04 462.00
524.00 462.96
524.04 463.00
525.00 463.96
526.00 463.96
526.04 464.00
527.00 464.96
528.00 464.96
528.04 465.00
529.00 465.96
530.00 465.96
530.04 466.00
531.00 466.96
532.00 466.96
533.00 466.96
533.04 467.00
534.00 467.96
535.00 467.96
536.00 467.96
537.00 467.96
538.00 467.96
538.04 468.00
539.00 468.96
540.00 468.96
541.00 468.96
542.00 468.96
543.00 468.96
544.00 468.96
545.00 468.96
546.00 468.96
547.00 468.96
548.00 468.96
548.96 468.00
549.00 467.96
550.00 467.96
551.00 467.96
551.96 467.00
552.00 466.96
553.00 466.96
553.96 466.00
554.00 465.96
555.00 465.96
555.96 465.00
556.00 464.96
556.96 464.00
557.00 463.96
558.00 463.96
558.96 463.00
559.00 462.96
559.96 462.00
560.00 461.96
560.96 461.00
560.96 460.00
561.00 459.96
561.96 459.00
562.00 458.96
562.96 458.00
563.00 457.96
563.96 457.00
563.96 456.00
564.00 455.96
564.96 455.00
564.96 454.00
565.00 453.96
565.96 453.00
565.96 452.00
566.00 451.96
566.96 451.00

Contour 13:
562.96 520.00
562.96 519.00
562.96 518.00
562.96 517.00
562.96 516.00
562.96 515.00
562.96 514.00
562.96 513.00
562.96 512.00
562.96 511.00
562.00 510.04
561.96 510.00
561.96 509.00
561.96 508.00
561.00 507.04
560.96 507.00
560.96 506.00
560.96 505.00
560.00 504.04
559.96 504.00
559.00 503.04
558.96 503.00
558.00 502.04
557.96 502.00
557.00 501.04
556.96 501.00
556.00 500.04
555.96 500.00
555.00 499.04
554.96 499.00
554.00 498.04
553.96 498.00
553.00 497.04
552.96 497.00
552.00 496.04
551.00 496.04
550.96 496.00
550.00 495.04
549.96 495.00
549.00 494.04
548.00 494.04
547.96 494.00
547.00 493.04
546.00 493.04
545.96 493.00
545.00 492.04
544.00 492.04
543.00 492.04
542.96 492.00
542.00 491.04
541.00 491.04
540.00 491.04
539.00 491.04
538.96 491.00
538.00 490.04
537.00 490.04
536.00 490.04
535.00 490.04
534.00 490.04
533.00 490.04
532.00 490.04
531.04 491.00
531.00 491.04
530.00 491.04
529.00 491.04
528.00 491.04
527.04 492.00
527.00 492.04
526.00 492.04
525.04 493.00
525.00 493.04
524.00 493.04
523.04 494.00
523.00 494.04
522.00 494.04
521.04 495.00
521.00 495.04
520.00 495.04
519.04 496.00
519.00 496.04
518.00 496.04
517.04 497.00
517.00 497.04
516.04 498.00
516.00 498.04
515.04 499.00
515.04 500.00
515.00 500.04
514.04 501.00
514.00 501.04
513.04 502.00
513.04 503.00
513.00 503.04
512.04 504.00
512.04 505.00
512.00 505.04
511.04 506.00
511.04 507.00
511.00 507.04
510.04 508.00
510.04 509.00
510.00 509.04
509.04 510.00
509.04 511.00
509.04 512.00
509.00 512.04
508.04 513.00
508.04 514.00
508.04 515.00
508.04 516.00
508.04 517.00
508.04 518.00
508.04 519.00
508.04 520.00
508.04 521.00
509.00 521.96
509.04 522.00
509.04 523.00
509.04 524.00
510.00 524.96
510.04 525.00
510.04 526.00
510.04 527.00
511.00 527.96
511.04 528.00
511.04 529.00
511.04 530.00
512.00 530.96
512.04 531.00
512.04 532.00
512.04 533.00
513.00 533.96
513.04 534.00
513.04 535.00
514.00 535.96
514.04 536.00
514.04 537.00
515.00 537.96
515.04 538.00
516.00 538.96
516.04 539.00
516.04 540.00
517.00 540.96
517.04 541.00
518.00 541.96
518.04 542.00
519.00 542.96
519.04 543.00
520.00 543.96
520.04 544.00
521.00 544.96
521.04 545.00
522.00 545.96
522.04 546.00
523.00 546.96
524.00 546.96
524.04 547.00
525.00 547.96
525.04 548.00
526.00 548.96
527.00 548.96
527.04 549.00
528.00 549.96
529.00 549.96
529.04 550.00
530.00 550.96
531.00 550.96
531.04 551.00
532.00 551.96
533.00 551.96
534.00 551.96
535.00 551.96
535.04 552.00
536.00 552.96
537.00 552.96
538.00 552.96
539.00 552.96
540.00 552.96
540.96 552.00
541.00 551.96
542.00 551.96
543.00 551.96
544.00 551.96
544.96 551.00
545.00 550.96
546.00 550.96
546.96 550.00
547.00 549.96
548.00 549.96
548.96 549.00
549.00 548.96
549.96 548.00
550.00 547.96
550.96 547.00
551.00 546.96
552.00 546.96
552.96 546.00
553.00 545.96
553.96 545.00
554.00 544.96
554.96 544.00
555.00 543.96
555.96 543.00
556.00 542.96
556.96 542.00
557.00 541.96
557.96 541.00
557.96 540.00
558.00 539.96
558.96 539.00
558.96 538.00
559.00 537.96
559.96 537.00
559.96 536.00
559.96 535.00
560.00 534.96
560.96 534.00
560.96 533.00
560.96 532.00
560.96 531.00
561.00 530.96
561.96 530.00
561.96 529.00
561.96 528.00
561.96 527.00
561.96 526.00
561.96 525.00
561.96 524.00
561.96 523.00
561.96 522.00
561.96 521.00
562.00 520.96
562.96 520.00

Contour 14:
614.97 650.00
614.97 649.00
614.97 648.00
614.97 647.00
614.97 646.00
614.00 645.03
613.97 645.00
613.97 644.00
613.97 643.00
613.97 642.00
613.97 641.00
613.97 640.00
613.00 639.03
612.97 639.00
612.97 638.00
612.00 637.03
611.97 637.00
611.97 636.00
611.97 635.00
611.00 634.03
610.97 634.00
610.97 633.00
610.97 632.00
610.00 631.03
609.97 631.00
609.97 630.00
609.97 629.00
609.00 628.03
608.97 628.00
608.97 627.00
608.00 626.03
607.97 626.00
607.97 625.00
607.00 624.03
606.97 624.00
606.97 623.00
606.00 622.03
605.97 622.00
605.00 621.03
604.97 621.00
604.00 620.03
603.97 620.00
603.00 619.03
602.97 619.00
602.00 618.03
601.97 618.00
601.00 617.03
600.97 617.00
600.00 616.03
599.97 616.00
599.00 615.03
598.00 615.03
597.97 615.00
597.00 614.03
596.97 614.00
596.00 613.03
595.97 613.00
595.00 612.03
594.00 612.03
593.97 612.00
593.00 611.03
592.97 611.00
592.00 610.03
591.00 610.03
590.00 610.03
589.97 610.00
589.00 609.03
588.00 609.03
587.00 609.03
586.00 609.03
585.00 609.03
584.97 609.00
584.00 608.03
583.00 608.03
582.00 608.03
581.00 608.03
580.00 608.03
579.00 608.03
578.03 609.00
578.00 609.03
577.00 609.03
576.00 609.03
575.00 609.03
574.03 610.00
574.00 610.03
573.00 610.03
572.03 611.00
572.00 611.03
571.00 611.03
570.00 611.03
569.03 612.00
569.00 612.03
568.00 612.03
567.03 613.00
567.00 613.03
566.00 613.03
565.03 614.00
565.00 614.03
564.03 615.00
564.00 615.03
563.00 615.03
562.03 616.00
562.00 616.03
561.03 617.00
561.00 617.03
560.03 618.00
560.00 618.03
559.03 619.00
559.03 620.00
559.00 620.03
558.03 621.00
558.00 621.03
557.03 622.00
557.03 623.00
557.00 623.03
556.03 624.00
556.00 624.03
555.03 625.00
555.03 626.00
555.00 626.03
554.03 627.00
554.03 628.00
554.03 629.00
554.00 629.03
553.03 630.00
553.03 631.00
553.03 632.00
553.00 632.03
552.03 633.00
552.03 634.00
552.03 635.00
552.03 636.00
552.03 637.00
552.03 638.00
552.03 639.00
552.03 640.00
552.03 641.00
552.03 642.00
552.03 643.00
552.03 644.00
552.03 645.00
552.03 646.00
552.03 647.00
553.00 647.97
553.03 648.00
553.03 649.00
553.03 650.00
553.03 651.00
554.00 651.97
554.03 652.00
554.03 653.00
554.03 654.00
554.03 655.00
555.00 655.97
555.03 656.00
555.03 657.00
555.03 658.00
556.00 658.97
556.03 659.00
556.03 660.00
557.00 660.97
557.03 661.00
558.00 661.97
558.03 662.00
558.03 663.00
559.00 663.97
559.03 664.00
560.00 664.97
560.03 665.00
561.00 665.97
561.03 666.00
562.00 666.97
562.03 667.00
563.00 667.97
563.03 668.00
564.00 668.97
564.03 669.00
565.00 669.97
565.03 670.00
566.00 670.97
566.03 671.00
567.00 671.97
568.00 671.97
568.03 672.00
569.00 672.97
570.00 672.97
570.03 673.00
571.00 673.97
572.00 673.97
572.03 674.00
573.00 674.97
574.00 674.97
575.00 674.97
576.00 674.97
576.03 675.00
577.00 675.97
578.00 675.97
579.00 675.97
580.00 675.97
581.00 675.97
582.00 675.97
583.00 675.97
584.00 675.97
585.00 675.97
586.00 675.97
587.00 675.97
588.00 675.97
588.97 675.00
589.00 674.97
590.00 674.97
591.00 674.97
591.97 674.00
592.00 673.97
593.00 673.97
593.97 673.00
594.00 672.97
595.00 672.97
595.97 672.00
596.00 671.97
596.97 671.00
597.00 670.97
598.00 670.97
598.97 670.00
599.00 669.97
599.97 669.00
600.00 668.97
600.97 668.00
601.00 667.97
602.00 667.97
602.97 667.00
603.00 666.97
603.97 666.00
604.00 665.97
604.97 665.00
605.00 664.97
605.97 664.00
605.97 663.00
606.00 662.97
607.00 662.97
607.97 662.00
608.00 661.97
608.97 661.00
609.00 660.97
609.97 660.00
609.97 659.00
610.00 658.97
610.97 658.00
611.00 657.97
611.97 657.00
611.97 656.00
612.00 655.97
612.97 655.00
613.00 654.97
613.97 654.00
613.97 653.00
613.97 652.00
613.97 651.00
614.00 650.97
614.97 650.00

Contour 15:
623.97 346.00
623.97 345.00
623.97 344.00
623.97 343.00
623.97 342.00
623.97 341.00
623.97 340.00
623.97 339.00
623.97 338.00
623.97 337.00
623.97 336.00
623.97 335.00
623.00 334.03
622.97 334.00
622.97 333.00
622.97 332.00
622.97 331.00
622.97 330.00
622.00 329.03
621.97 329.00
621.97 328.00
621.00 327.03
620.97 327.00
620.00 326.03
619.97 326.00
619.00 325.03
618.97 325.00
618.00 324.03
617.97 324.00
617.00 323.03
616.97 323.00
616.00 322.03
615.97 322.00
615.00 321.03
614.97 321.00
614.00 320.03
613.97 320.00
613.00 319.03
612.00 319.03
611.97 319.00
611.00 318.03
610.00 318.03
609.97 318.00
609.00 317.03
608.00 317.03
607.00 317.03
606.00 317.03
605.00 317.03
604.97 317.00
604.00 316.03
603.00 316.03
602.00 316.03
601.00 316.03
600.00 316.03
599.00 316.03
598.00 316.03
597.00 316.03
596.00 316.03
595.00 316.03
594.00 316.03
593.00 316.03
592.00 316.03
591.00 316.03
590.03 317.00
590.00 317.03
589.00 317.03
588.00 317.03
587.00 317.03
586.03 318.00
586.00 318.03
585.00 318.03
584.00 318.03
583.03 319.00
583.00 319.03
582.00 319.03
581.00 319.03
580.03 320.00
580.00 320.03
579.00 320.03
578.03 321.00
578.00 321.03
577.00 321.03
576.03 322.00
576.00 322.03
575.00 322.03
574.03 323.00
574.00 323.03
573.03 324.00
573.00 324.03
572.00 324.03
571.03 325.00
571.00 325.03
570.03 326.00
570.00 326.03
569.00 326.03
568.03 327.00
568.00 327.03
567.03 328.00
567.00 328.03
566.03 329.00
566.00 329.03
565.03 330.00
565.00 330.03
564.03 331.00
564.00 331.03
563.03 332.00
563.03 333.00
563.00 333.03
562.03 334.00
562.00 334.03
561.03 335.00
561.03 336.00
561.00 336.03
560.03 337.00
560.03 338.00
560.03 339.00
560.00 339.03
559.03 340.00
559.03 341.00
559.03 342.00
559.00 342.03
558.03 343.00
558.03 344.00
558.03 345.00
558.03 346.00
558.03 347.00
558.03 348.00
558.03 349.00
558.03 350.00
559.00 350.97
559.03 351.00
559.03 352.00
559.03 353.00
559.03 354.00
560.00 354.97
560.03 355.00
560.03 356.00
561.00 356.97
561.03 357.00
562.00 357.97
562.03 358.00
562.03 359.00
563.00 359.97
563.03 360.00
564.00 360.97
564.03 361.00
565.00 361.97
565.03 362.00
565.03 363.00
566.00 363.97
566.03 364.00
567.00 364.97
567.03 365.00
568.00 365.97
568.03 366.00
569.00 366.97
570.00 366.97
570.03 367.00
571.00 367.97
571.03 368.00
572.00 368.97
573.00 368.97
573.03 369.00
574.00 369.97
575.00 369.97
575.03 370.00
576.00 370.97
577.00 370.97
578.00 370.97
578.03 371.00
579.00 371.97
580.00 371.97
581.00 371.97
582.00 371.97
583.00 371.97
584.00 371.97
585.00 371.97
586.00 371.97
587.00 371.97
587.97 371.00
588.00 370.97
589.00 370.97
590.00 370.97
590.97 370.00
591.00 369.97
592.00 369.97
592.97 369.00
593.00 368.97
594.00 368.97
594.97 368.00
595.00 367.97
595.97 367.00
596.00 366.97
597.00 366.97
597.97 366.00
598.00 365.97
599.00 365.97
599.97 365.00
600.00 364.97
601.00 364.97
601.97 364.00
602.00 363.97
603.00 363.97
603.97 363.00
604.00 362.97
605.00 362.97
606.00 362.97
606.97 362.00
607.00 361.97
607.97 361.00
608.00 360.97
609.00 360.97
609.97 360.00
610.00 359.97
611.00 359.97
612.00 359.97
612.97 359.00
613.00 358.97
613.97 358.00
614.00 357.97
614.97 357.00
615.00 356.97
616.00 356.97
616.97 356.00
617.00 355.97
617.97 355.00
618.00 354.97
618.97 354.00
619.00 353.97
619.97 353.00
620.00 352.97
620.97 352.00
620.97 351.00
621.00 350.97
621.97 350.00
621.97 349.00
622.00 348.97
622.97 348.00
622.97 347.00
623.00 346.97
623.97 346.00

Contour 16:
632.97 527.00
632.97 526.00
632.97 525.00
632.97 524.00
632.97 523.00
632.97 522.00
632.97 521.00
632.97 520.00
632.97 519.00
632.97 518.00
632.97 517.00
632.97 516.00
632.00 515.03
631.97 515.00
631.97 514.00
631.97 513.00
631.97 512.00
631.97 511.00
631.97 510.00
631.97 509.00
631.97 508.00
631.00 507.03
630.97 507.00
630.97 506.00
630.97 505.00
630.97 504.00
630.00 503.03
629.97 503.00
629.97 502.00
629.00 501.03
628.97 501.00
628.97 500.00
628.00 499.03
627.97 499.00
627.97 498.00
627.00 497.03
626.97 497.00
626.97 496.00
626.00 495.03
625.97 495.00
625.97 494.00
625.00 493.03
624.97 493.00
624.00 492.03
623.97 492.00
623.97 491.00
623.00 490.03
622.97 490.00
622.00 489.03
621.97 489.00
621.97 488.00
621.00 487.03
620.97 487.00
620.00 486.03
619.97 486.00
619.00 485.03
618.97 485.00
618.00 484.03
617.00 484.03
616.97 484.00
616.00 483.03
615.97 483.00
615.00 482.03
614.00 482.03
613.97 482.00
613.00 481.03
612.00 481.03
611.00 481.03
610.97 481.00
610.00 480.03
609.00 480.03
608.00 480.03
607.00 480.03
606.00 480.03
605.00 480.03
604.00 480.03
603.03 481.00
603.00 481.03
602.00 481.03
601.00 481.03
600.03 482.00
600.00 482.03
599.00 482.03
598.00 482.03
597.03 483.00
597.00 483.03
596.00 483.03
595.03 484.00
595.00 484.03
594.03 485.00
594.00 485.03
593.00 485.03
592.03 486.00
592.00 486.03
591.00 486.03
590.03 487.00
590.00 487.03
589.03 488.00
589.00 488.03
588.03 489.00
588.00 489.03
587.00 489.03
586.03 490.00
586.00 490.03
585.03 491.00
585.00 491.03
584.03 492.00
584.00 492.03
583.03 493.00
583.00 493.03
582.03 494.00
582.00 494.03
581.03 495.00
581.00 495.03
580.03 496.00
580.00 496.03
579.03 497.00
579.03 498.00
579.00 498.03
578.03 499.00
578.00 499.03
577.03 500.00
577.03 501.00
577.00 501.03
576.03 502.00
576.03 503.00
576.00 503.03
575.03 504.00
575.03 505.00
575.03 506.00
575.00 506.03
574.03 507.00
574.03 508.00
574.03 509.00
574.03 510.00
574.03 511.00
574.03 512.00
574.03 513.00
574.03 514.00
575.00 514.97
575.03 515.00
575.03 516.00
575.03 517.00
575.03 518.00
575.03 519.00
576.00 519.97
576.03 520.00
576.03 521.00
577.00 521.97
577.03 522.00
577.03 523.00
578.00 523.97
578.03 524.00
578.03 525.00
579.00 525.97
579.03 526.00
580.00 526.97
580.03 527.00
581.00 527.97
581.03 528.00
582.00 528.97
582.03 529.00
583.00 529.97
583.03 530.00
584.00 530.97
584.03 531.00
585.00 531.97
586.00 531.97
586.03 532.00
587.00 532.97
587.03 533.00
588.00 533.97
588.03 534.00
589.00 534.97
590.00 534.97
590.03 535.00
591.00 535.97
592.00 535.97
592.03 536.00
593.00 536.97
594.00 536.97
594.03 537.00
595.00 537.97
596.00 537.97
597.00 537.97
597.03 538.00
598.00 538.97
599.00 538.97
600.00 538.97
600.03 539.00
601.00 539.97
602.00 539.97
603.00 539.97
604.00 539.97
605.00 539.97
605.03 540.00
606.00 540.97
607.00 540.97
608.00 540.97
609.00 540.97
610.00 540.97
611.00 540.97
612.00 540.97
613.00 540.97
614.00 540.97
615.00 540.97
616.00 540.97
617.00 540.97
618.00 540.97
619.00 540.97
619.97 540.00
620.00 539.97
621.00 539.97
622.00 539.97
622.97 539.00
623.00 538.97
624.00 538.97
624.97 538.00
625.00 537.97
625.97 537.00
626.00 536.97
626.97 536.00
627.00 535.97
627.97 535.00
628.00 534.97
628.97 534.00
629.00 533.97
629.97 533.00
629.97 532.00
630.00 531.97
630.97 531.00
630.97 530.00
631.00 529.97
631.97 529.00
631.97 528.00
632.00 527.97
632.97 527.00

Contour 17:
679.97 442.00
679.97 441.00
679.97 440.00
679.97 439.00
679.97 438.00
679.97 437.00
679.97 436.00
679.97 435.00
679.97 434.00
679.97 433.00
679.97 432.00
679.97 431.00
679.00 430.03
678.97 430.00
678.97 429.00
678.00 428.03
677.97 428.00
677.97 427.00
677.97 426.00
677.00 425.03
676.97 425.00
676.97 424.00
676.00 423.03
675.97 423.00
675.00 422.03
674.97 422.00
674.97 421.00
674.00 420.03
673.97 420.00
673.00 419.03
672.97 419.00
672.00 418.03
671.97 418.00
671.97 417.00
671.00 416.03
670.97 416.00
670.00 415.03
669.97 415.00
669.00 414.03
668.97 414.00
668.00 413.03
667.00 413.03
666.97 413.00
666.00 412.03
665.97 412.00
665.00 411.03
664.00 411.03
663.97 411.00
663.00 410.03
662.00 410.03
661.00 410.03
660.00 410.03
659.97 410.00
659.00 409.03
658.00 409.03
657.00 409.03
656.00 409.03
655.00 409.03
654.00 409.03
653.00 409.03
652.03 410.00
652.00 410.03
651.00 410.03
650.00 410.03
649.00 410.03
648.00 410.03
647.03 411.00
647.00 411.03
646.00 411.03
645.00 411.03
644.03 412.00
644.00 412.03
643.00 412.03
642.00 412.03
641.03 413.00
641.00 413.03
640.00 413.03
639.03 414.00
639.00 414.03
638.00 414.03
637.03 415.00
637.00 415.03
636.03 416.00
636.00 416.03
635.00 416.03
634.03 417.00
634.00 417.03
633.00 417.03
632.03 418.00
632.00 418.03
631.03 419.00
631.00 419.03
630.00 419.03
629.03 420.00
629.00 420.03
628.03 421.00
628.00 421.03
627.03 422.00
627.00 422.03
626.00 422.03
625.03 423.00
625.00 423.03
624.03 424.00
624.03 425.00
624.00 425.03
623.03 426.00
623.00 426.03
622.03 427.00
622.03 428.00
622.00 428.03
621.03 429.00
621.03 430.00
621.00 430.03
620.03 431.00
620.03 432.00
620.03 433.00
620.03 434.00
620.03 435.00
620.03 436.00
620.03 437.00
620.00 437.03
619.03 438.00
619.03 439.00
620.00 439.97
620.03 440.00
620.03 441.00
620.03 442.00
620.03 443.00
620.03 444.00
620.03 445.00
621.00 445.97
621.03 446.00
621.03 447.00
621.03 448.00
622.00 448.97
622.03 449.00
622.03 450.00
623.00 450.97
623.03 451.00
623.03 452.00
624.00 452.97
624.03 453.00
625.00 453.97
625.03 454.00
626.00 454.97
626.03 455.00
627.00 455.97
627.03 456.00
627.03 457.00
628.00 457.97
628.03 458.00
629.00 458.97
629.03 459.00
630.00 459.97
630.03 460.00
631.00 460.97
631.03 461.00
632.00 461.97
632.03 462.00
633.00 462.97
633.03 463.00
634.00 463.97
635.00 463.97
635.03 464.00
636.00 464.97
636.03 465.00
637.00 465.97
638.00 465.97
639.00 465.97
639.03 466.00
640.00 466.97
641.00 466.97
642.00 466.97
643.00 466.97
644.00 466.97
645.00 466.97
646.00 466.97
647.00 466.97
648.00 466.97
649.00 466.97
650.00 466.97
651.00 466.97
651.97 466.00
652.00 465.97
653.00 465.97
654.00 465.97
655.00 465.97
656.00 465.97
656.97 465.00
657.00 464.97
658.00 464.97
659.00 464.97
659.97 464.00
660.00 463.97
661.00 463.97
661.97 463.00
662.00 462.97
663.00 462.97
663.97 462.00
664.00 461.97
665.00 461.97
665.97 461.00
666.00 460.97
666.97 460.00
667.00 459.97
667.97 459.00
668.00 458.97
668.97 458.00
669.00 457.97
670.00 457.97
670.97 457.00
671.00 456.97
671.97 456.00
672.00 455.97
672.97 455.00
673.00 454.97
673.97 454.00
673.97 453.00
674.00 452.97
674.97 452.00
675.00 451.97
675.97 451.00
675.97 450.00
676.00 449.97
676.97 449.00
677.00 448.97
677.97 448.00
677.97 447.00
678.00 446.97
678.97 446.00
678.97 445.00
678.97 444.00
678.97 443.00
679.00 442.97
679.97 442.00

Contour 18:
715.97 630.00
715.97 629.00
715.97 628.00
715.97 627.00
715.97 626.00
715.97 625.00
715.97 624.00
715.97 623.00
715.97 622.00
715.97 621.00
715.00 620.03
714.97 620.00
714.97 619.00
714.97 618.00
714.97 617.00
714.00 616.03
713.97 616.00
713.97 615.00
713.00 614.03
712.97 614.00
712.00 613.03
711.97 613.00
711.97 612.00
711.00 611.03
710.97 611.00
710.00 610.03
709.97 610.00
709.00 609.03
708.97 609.00
708.00 608.03
707.97 608.00
707.00 607.03
706.97 607.00
706.00 606.03
705.97 606.00
705.00 605.03
704.97 605.00
704.00 604.03
703.97 604.00
703.00 603.03
702.00 603.03
701.97 603.00
701.00 602.03
700.00 602.03
699.97 602.00
699.00 601.03
698.00 601.03
697.00 601.03
696.97 601.00
696.00 600.03
695.00 600.03
694.00 600.03
693.00 600.03
692.00 600.03
691.00 600.03
690.00 600.03
689.00 600.03
688.00 600.03
687.03 601.00
687.00 601.03
686.00 601.03
685.00 601.03
684.03 602.00
684.00 602.03
683.00 602.03
682.03 603.00
682.00 603.03
681.00 603.03
680.00 603.03
679.03 604.00
679.00 604.03
678.03 605.00
678.00 605.03
677.03 606.00
677.00 606.03
676.03 607.00
676.00 607.03
675.00 607.03
674.03 608.00
674.00 608.03
673.03 609.00
673.00 609.03
672.03 610.00
672.00 610.03
671.03 611.00
671.03 612.00
671.00 612.03
670.03 613.00
670.00 613.03
669.03 614.00
669.00 614.03
668.03 615.00
668.00 615.03
667.03 616.00
667.00 616.03
666.03 617.00
666.00 617.03
665.03 618.00
665.00 618.03
664.03 619.00
664.00 619.03
663.03 620.00
663.00 620.03
662.03 621.00
662.00 621.03
661.03 622.00
661.00 622.03
660.03 623.00
660.00 623.03
659.03 624.00
659.00 624.03
658.03 625.00
658.00 625.03
657.03 626.00
657.00 626.03
656.03 627.00
656.00 627.03
655.03 628.00
655.03 629.00
655.00 629.03
654.03 630.00
654.03 631.00
654.03 632.00
654.00 632.03
653.03 633.00
653.03 634.00
653.00 634.03
652.03 635.00
652.03 636.00
652.03 637.00
652.03 638.00
652.00 638.03
651.03 639.00
651.03 640.00
651.03 641.00
651.03 642.00
651.00 642.03
650.03 643.00
650.03 644.00
650.03 645.00
651.00 645.97
651.03 646.00
651.03 647.00
651.03 648.00
651.03 649.00
652.00 649.97
652.03 650.00
652.03 651.00
652.03 652.00
653.00 652.97
653.03 653.00
653.03 654.00
654.00 654.97
654.03 655.00
654.03 656.00
655.00 656.97
655.03 657.00
656.00 657.97
656.03 658.00
656.03 659.00
657.00 659.97
657.03 660.00
658.00 660.97
658.03 661.00
659.00 661.97
659.03 662.00
660.00 662.97
660.03 663.00
661.00 663.97
662.00 663.97
662.03 664.00
663.00 664.97
664.00 664.97
664.03 665.00
665.00 665.97
666.00 665.97
666.03 666.00
667.00 666.97
668.00 666.97
669.00 666.97
669.03 667.00
670.00 667.97
671.00 667.97
672.00 667.97
673.00 667.97
673.03 668.00
674.00 668.97
675.00 668.97
676.00 668.97
677.00 668.97
678.00 668.97
679.00 668.97
680.00 668.97
681.00 668.97
682.00 668.97
683.00 668.97
684.00 668.97
684.97 668.00
685.00 667.97
686.00 667.97
687.00 667.97
687.97 667.00
688.00 666.97
688.97 666.00
689.00 665.97
690.00 665.97
690.97 665.00
691.00 664.97
692.00 664.97
692.97 664.00
693.00 663.97
693.97 663.00
694.00 662.97
694.97 662.00
695.00 661.97
695.97 661.00
696.00 660.97
696.97 660.00
697.00 659.97
697.97 659.00
698.00 658.97
698.97 658.00
698.97 657.00
699.00 656.97
699.97 656.00
700.00 655.97
700.97 655.00
701.00 654.97
701.97 654.00
702.00 653.97
702.97 653.00
703.00 652.97
704.00 652.97
704.97 652.00
705.00 651.97
705.97 651.00
706.00 650.97
706.97 650.00
707.00 649.97
707.97 649.00
707.97 648.00
708.00 647.97
708.97 647.00
709.00 646.97
709.97 646.00
710.00 645.97
710.97 645.00
710.97 644.00
711.00 643.97
711.97 643.00
711.97 642.00
712.00 641.97
712.97 641.00
712.97 640.00
712.97 639.00
713.00 638.97
713.97 638.00
713.97 637.00
713.97 636.00
713.97 635.00
714.00 634.97
714.97 634.00
714.97 633.00
714.97 632.00
714.97 631.00
715.00 630.97
715.97 630.00

Contour 19:
793.98 874.00
793.98 873.00
793.98 872.00
793.98 871.00
793.98 870.00
793.98 869.00
793.98 868.00
793.98 867.00
793.98 866.00
793.98 865.00
793.00 864.02
792.98 864.00
792.98 863.00
792.98 862.00
792.00 861.02
791.98 861.00
791.98 860.00
791.00 859.02
790.98 859.00
790.98 858.00
790.00 857.02
789.98 857.00
789.98 856.00
789.00 855.02
788.98 855.00
788.98 854.00
788.00 853.02
787.98 853.00
787.00 852.02
786.98 852.00
786.00 851.02
785.98 851.00
785.98 850.00
785.00 849.02
784.98 849.00
784.00 848.02
783.98 848.00
783.00 847.02
782.98 847.00
782.00 846.02
781.98 846.00
781.00 845.02
780.98 845.00
780.00 844.02
779.98 844.00
779.00 843.02
778.98 843.00
778.00 842.02
777.00 842.02
776.98 842.00
776.00 841.02
775.98 841.00
775.00 840.02
774.00 840.02
773.98 840.00
773.00 839.02
772.00 839.02
771.98 839.00
771.00 838.02
770.98 838.00
770.00 837.02
769.00 837.02
768.98 837.00
768.00 836.02
767.00 836.02
766.00 836.02
765.98 836.00
765.00 835.02
764.00 835.02
763.00 835.02
762.98 835.00
762.00 834.02
761.00 834.02
760.00 834.02
759.00 834.02
758.00 834.02
757.00 834.02
756.00 834.02
755.00 834.02
754.00 834.02
753.00 834.02
752.00 834.02
751.02 835.00
751.00 835.02
750.00 835.02
749.00 835.02
748.02 836.00
748.00 836.02
747.00 836.02
746.02 837.00
746.00 837.02
745.00 837.02
744.02 838.00
744.00 838.02
743.02 839.00
743.00 839.02
742.00 839.02
741.02 840.00
741.00 840.02
740.02 841.00
740.00 841.02
739.00 841.02
738.02 842.00
738.00 842.02
737.02 843.00
737.02 844.00
737.00 844.02
736.02 845.00
736.00 845.02
735.02 846.00
735.00 846.02
734.02 847.00
734.00 847.02
733.02 848.00
733.02 849.00
733.00 849.02
732.02 850.00
732.02 851.00
732.00 851.02
731.02 852.00
731.02 853.00
731.00 853.02
730.02 854.00
730.02 855.00
730.00 855.02
729.02 856.00
729.02 857.00
729.02 858.00
729.00 858.02
728.02 859.00
728.02 860.00
728.02 861.00
728.02 862.00
728.02 863.00
728.00 863.02
727.02 864.00
727.02 865.00
727.02 866.00
727.00 866.02
726.00 866.02
725.00 866.02
724.00 866.02
723.00 866.02
722.98 866.00
722.00 865.02
721.00 865.02
720.98 865.00
720.00 864.02
719.00 864.02
718.00 864.02
717.98 864.00
717.00 863.02
716.00 863.02
715.00 863.02
714.00 863.02
713.98 863.00
713.00 862.02
712.00 862.02
711.00 862.02
710.98 862.00
710.00 861.02
709.00 861.02
708.00 861.02
707.98 861.00
707.00 860.02
706.00 860.02
705.00 860.02
704.98 860.00
704.00 859.02
703.00 859.02
702.00 859.02
701.00 859.02
700.00 859.02
699.00 859.02
698.00 859.02
697.00 859.02
696.00 859.02
695.00 859.02
694.00 859.02
693.00 859.02
692.00 859.02
691.00 859.02
690.00 859.02
689.02 860.00
689.00 860.02
688.00 860.02
687.00 860.02
686.00 860.02
685.02 861.00
685.00 861.02
684.00 861.02
683.02 862.00
683.00 862.02
682.00 862.02
681.02 863.00
681.00 863.02
680.00 863.02
679.02 864.00
679.00 864.02
678.02 865.00
678.00 865.02
677.02 866.00
677.00 866.02
676.02 867.00
676.00 867.02
675.02 868.00
675.00 868.02
674.02 869.00
674.00 869.02
673.02 870.00
673.02 871.00
673.00 871.02
672.02 872.00
672.00 872.02
671.02 873.00
671.02 874.00
671.00 874.02
670.02 875.00
670.02 876.00
670.02 877.00
670.00 877.02
669.02 878.00
669.02 879.00
669.02 880.00
669.02 881.00
669.02 882.00
669.02 883.00
669.02 884.00
669.02 885.00
669.02 886.00
669.02 887.00
669.02 888.00
669.02 889.00
669.02 890.00
670.00 890.98
670.02 891.00
670.02 892.00
670.02 893.00
671.00 893.98
671.02 894.00
671.02 895.00
672.00 895.98
672.02 896.00
672.02 897.00
673.00 897.98
673.02 898.00
673.02 899.00
674.00 899.98
674.02 900.00
675.00 900.98
675.02 901.00
675.02 902.00
676.00 902.98
676.02 903.00
676.02 904.00
677.00 904.98
677.02 905.00
678.00 905.98
678.02 906.00
678.02 907.00
679.00 907.98
679.02 908.00
680.00 908.98
680.02 909.00
681.00 909.98
681.02 910.00
682.00 910.98
682.02 911.00
683.00 911.98
683.02 912.00
684.00 912.98
684.02 913.00
685.00 913.98
686.00 913.98
686.02 914.00
687.00 914.98
687.02 915.00
688.00 915.98
688.02 916.00
689.00 916.98
690.00 916.98
690.02 917.00
691.00 917.98
692.00 917.98
692.02 918.00
693.00 918.98
694.00 918.98
694.02 919.00
695.00 919.98
696.00 919.98
696.02 920.00
697.00 920.98
698.00 920.98
699.00 920.98
699.02 921.00
700.00 921.98
701.00 921.98
702.00 921.98
703.00 921.98
704.00 921.98
705.00 921.98
706.00 921.98
707.00 921.98
708.00 921.98
709.00 921.98
710.00 921.98
711.00 921.98
712.00 921.98
713.00 921.98
713.98 921.00
714.00 920.98
715.00 920.98
716.00 920.98
717.00 920.98
718.00 920.98
719.00 920.98
719.98 920.00
720.00 919.98
721.00 919.98
722.00 919.98
722.98 919.00
723.00 918.98
724.00 918.98
725.00 918.98
725.98 918.00
726.00 917.98
727.00 917.98
727.98 917.00
728.00 916.98
729.00 916.98
729.98 916.00
730.00 915.98
730.98 915.00
731.00 914.98
732.00 914.98
732.98 914.00
733.00 913.98
733.98 913.00
734.00 912.98
734.98 912.00
735.00 911.98
735.98 911.00
736.00 910.98
736.98 910.00
737.00 909.98
737.98 909.00
737.98 908.00
738.00 907.98
738.98 907.00
738.98 906.00
739.00 905.98
739.98 905.00
739.98 904.00
740.00 903.98
740.98 903.00
740.98 902.00
740.98 901.00
740.98 900.00
741.00 899.98
741.98 899.00
741.98 898.00
741.98 897.00
742.00 896.98
742.98 896.00
743.00 895.98
744.00 895.98
745.00 895.98
746.00 895.98
747.00 895.98
747.02 896.00
748.00 896.98
749.00 896.98
750.00 896.98
750.02 897.00
751.00 897.98
752.00 897.98
753.00 897.98
753.02 898.00
754.00 898.98
755.00 898.98
756.00 898.98
757.00 898.98
757.02 899.00
758.00 899.98
759.00 899.98
760.00 899.98
761.00 899.98
762.00 899.98
763.00 899.98
764.00 899.98
765.00 899.98
766.00 899.98
767.00 899.98
768.00 899.98
768.98 899.00
769.00 898.98
770.00 898.98
771.00 898.98
772.00 898.98
772.98 898.00
773.00 897.98
774.00 897.98
774.98 897.00
775.00 896.98
776.00 896.98
776.98 896.00
777.00 895.98
778.00 895.98
778.98 895.00
779.00 894.98
779.98 894.00
780.00 893.98
781.00 893.98
781.98 893.00
782.00 892.98
782.98 892.00
783.00 891.98
783.98 891.00
784.00 890.98
784.98 890.00
785.00 889.98
785.98 889.00
786.00 888.98
786.98 888.00
787.00 887.98
787.98 887.00
787.98 886.00
788.00 885.98
788.98 885.00
789.00 884.98
789.98 884.00
789.98 883.00
790.00 882.98
790.98 882.00
790.98 881.00
791.00 880.98
791.98 880.00
791.98 879.00
792.00 878.98
792.98 878.00
792.98 877.00
792.98 876.00
792.98 875.00
793.00 874.98
793.98 874.00

Contour 20:
786.98 533.00
786.98 532.00
786.98 531.00
786.98 530.00
786.98 529.00
786.98 528.00
786.98 527.00
786.98 526.00
786.00 525.02
785.98 525.00
785.98 524.00
785.98 523.00
785.98 522.00
785.98 521.00
785.00 520.02
784.98 520.00
784.98 519.00
784.00 518.02
783.98 518.00
783.98 517.00
783.98 516.00
783.00 515.02
782.98 515.00
782.98 514.00
782.00 513.02
781.98 513.00
781.98 512.00
781.00 511.02
780.98 511.00
780.98 510.00
780.00 509.02
779.98 509.00
779.98 508.00
779.00 507.02
778.98 507.00
778.98 506.00
778.00 505.02
777.98 505.00
777.00 504.02
776.98 504.00
776.98 503.00
776.00 502.02
775.98 502.00
775.00 501.02
774.98 501.00
774.00 500.02
773.98 500.00
773.00 499.02
772.98 499.00
772.00 498.02
771.98 498.00
771.00 497.02
770.98 497.00
770.00 496.02
769.00 496.02
768.98 496.00
768.00 495.02
767.98 495.00
767.00 494.02
766.00 494.02
765.98 494.00
765.00 493.02
764.00 493.02
763.98 493.00
763.00 492.02
762.00 492.02
761.00 492.02
760.98 492.00
760.00 491.02
759.00 491.02
758.00 491.02
757.00 491.02
756.00 491.02
755.00 491.02
754.00 491.02
753.00 491.02
752.00 491.02
751.02 492.00
751.00 492.02
750.00 492.02
749.02 493.00
749.00 493.02
748.00 493.02
747.02 494.00
747.00 494.02
746.00 494.02
745.02 495.00
745.00 495.02
744.02 496.00
744.00 496.02
743.02 497.00
743.00 497.02
742.02 498.00
742.00 498.02
741.02 499.00
741.02 500.00
741.00 500.02
740.02 501.00
740.02 502.00
740.00 502.02
739.02 503.00
739.02 504.00
739.00 504.02
738.02 505.00
738.02 506.00
738.02 507.00
738.00 507.02
737.02 508.00
737.02 509.00
737.02 510.00
737.02 511.00
737.00 511.02
736.02 512.00
736.02 513.00
736.02 514.00
736.02 515.00
736.02 516.00
736.00 516.02
735.02 517.00
735.02 518.00
735.02 519.00
735.02 520.00
735.02 521.00
735.00 521.02
734.02 522.00
734.02 523.00
734.02 524.00
734.02 525.00
734.02 526.00
734.02 527.00
734.02 528.00
734.00 528.02
733.02 529.00
733.02 530.00
734.00 530.98
734.02 531.00
734.02 532.00
734.02 533.00
734.02 534.00
734.02 535.00
734.02 536.00
734.02 537.00
734.02 538.00
735.00 538.98
735.02 539.00
735.02 540.00
735.02 541.00
736.00 541.98
736.02 542.00
736.02 543.00
737.00 543.98
737.02 544.00
738.00 544.98
738.02 545.00
738.02 546.00
739.00 546.98
739.02 547.00
740.00 547.98
740.02 548.00
741.00 548.98
741.02 549.00
742.00 549.98
742.02 550.00
743.00 550.98
743.02 551.00
744.00 551.98
745.00 551.98
745.02 552.00
746.00 552.98
747.00 552.98
747.02 553.00
748.00 553.98
749.00 553.98
749.02 554.00
750.00 554.98
751.00 554.98
752.00 554.98
752.02 555.00
753.00 555.98
754.00 555.98
755.00 555.98
756.00 555.98
757.00 555.98
758.00 555.98
759.00 555.98
760.00 555.98
761.00 555.98
762.00 555.98
763.00 555.98
763.98 555.00
764.00 554.98
765.00 554.98
766.00 554.98
767.00 554.98
768.00 554.98
768.98 554.00
769.00 553.98
770.00 553.98
771.00 553.98
771.98 553.00
772.00 552.98
773.00 552.98
773.98 552.00
774.00 551.98
775.00 551.98
775.98 551.00
776.00 550.98
776.98 550.00
777.00 549.98
777.98 549.00
778.00 548.98
778.98 548.00
779.00 547.98
779.98 547.00
780.00 546.98
780.98 546.00
781.00 545.98
781.98 545.00
781.98 544.00
782.00 543.98
782.98 543.00
782.98 542.00
783.00 541.98
783.98 541.00
783.98 540.00
784.00 539.98
784.98 539.00
784.98 538.00
784.98 537.00
785.00 536.98
785.98 536.00
785.98 535.00
785.98 534.00
786.00 533.98
786.98 533.00

Contour 21:
945.98 730.00
945.98 729.00
945.98 728.00
945.98 727.00
945.98 726.00
945.98 725.00
945.98 724.00
945.98 723.00
945.98 722.00
945.98 721.00
945.98 720.00
945.98 719.00
945.98 718.00
945.00 717.02
944.98 717.00
944.98 716.00
944.98 715.00
944.98 714.00
944.00 713.02
943.98 713.00
943.98 712.00
943.98 711.00
943.98 710.00
943.00 709.02
942.98 709.00
942.98 708.00
942.00 707.02
941.98 707.00
941.98 706.00
941.00 705.02
940.98 705.00
940.00 704.02
939.98 704.00
939.00 703.02
938.98 703.00
938.00 702.02
937.98 702.00
937.98 701.00
937.00 700.02
936.98 700.00
936.00 699.02
935.98 699.00
935.00 698.02
934.98 698.00
934.00 697.02
933.00 697.02
932.98 697.00
932.00 696.02
931.98 696.00
931.00 695.02
930.98 695.00
930.00 694.02
929.00 694.02
928.98 694.00
928.00 693.02
927.98 693.00
927.00 692.02
926.98 692.00
926.00 691.02
925.00 691.02
924.98 691.00
924.00 690.02
923.00 690.02
922.98 690.00
922.00 689.02
921.00 689.02
920.00 689.02
919.00 689.02
918.98 689.00
918.00 688.02
917.00 688.02
916.00 688.02
915.00 688.02
914.00 688.02
913.00 688.02
912.00 688.02
911.00 688.02
910.00 688.02
909.00 688.02
908.00 688.02
907.00 688.02
906.00 688.02
905.00 688.02
904.02 689.00
904.00 689.02
903.00 689.02
902.00 689.02
901.02 690.00
901.00 690.02
900.00 690.02
899.02 691.00
899.00 691.02
898.00 691.02
897.02 692.00
897.00 692.02
896.00 692.02
895.02 693.00
895.00 693.02
894.02 694.00
894.00 694.02
893.00 694.02
892.02 695.00
892.00 695.02
891.02 696.00
891.00 696.02
890.00 696.02
889.02 697.00
889.00 697.02
888.02 698.00
888.00 698.02
887.02 699.00
887.02 700.00
887.00 700.02
886.02 701.00
886.02 702.00
886.00 702.02
885.02 703.00
885.02 704.00
885.00 704.02
884.02 705.00
884.02 706.00
884.00 706.02
883.02 707.00
883.02 708.00
883.02 709.00
883.00 709.02
882.02 710.00
882.02 711.00
882.02 712.00
882.02 713.00
882.02 714.00
882.02 715.00
882.00 715.02
881.02 716.00
881.02 717.00
881.02 718.00
881.02 719.00
881.02 720.00
882.00 720.98
882.02 721.00
882.02 722.00
882.02 723.00
882.02 724.00
882.02 725.00
882.02 726.00
882.02 727.00
882.02 728.00
883.00 728.98
883.02 729.00
883.02 730.00
883.02 731.00
884.00 731.98
884.02 732.00
884.02 733.00
884.02 734.00
885.00 734.98
885.02 735.00
885.02 736.00
886.00 736.98
886.02 737.00
886.02 738.00
887.00 738.98
887.02 739.00
887.02 740.00
888.00 740.98
888.02 741.00
888.02 742.00
889.00 742.98
889.02 743.00
890.00 743.98
890.02 744.00
891.00 744.98
891.02 745.00
892.00 745.98
892.02 746.00
893.00 746.98
894.00 746.98
894.02 747.00
895.00 747.98
896.00 747.98
896.02 748.00
897.00 748.98
898.00 748.98
898.02 749.00
899.00 749.98
900.00 749.98
900.02 750.00
901.00 750.98
902.00 750.98
902.02 751.00
903.00 751.98
904.00 751.98
905.00 751.98
905.02 752.00
906.00 752.98
907.00 752.98
908.00 752.98
909.00 752.98
909.02 753.00
910.00 753.98
911.00 753.98
912.00 753.98
913.00 753.98
914.00 753.98
915.00 753.98
916.00 753.98
917.00 753.98
918.00 753.98
919.00 753.98
920.00 753.98
921.00 753.98
922.00 753.98
923.00 753.98
924.00 753.98
925.00 753.98
926.00 753.98
927.00 753.98
928.00 753.98
928.98 753.00
929.00 752.98
930.00 752.98
930.98 752.00
931.00 751.98
932.00 751.98
932.98 751.00
933.00 750.98
933.98 750.00
934.00 749.98
934.98 749.00
935.00 748.98
935.98 748.00
936.00 747.98
936.98 747.00
937.00 746.98
937.98 746.00
938.00 745.98
938.98 745.00
939.00 744.98
939.98 744.00
939.98 743.00
940.00 742.98
940.98 742.00
941.00 741.98
941.98 741.00
942.00 740.98
942.98 740.00
942.98 739.00
943.00 738.98
943.98 738.00
943.98 737.00
943.98 736.00
944.00 735.98
944.98 735.00
944.98 734.00
944.98 733.00
944.98 732.00
944.98 731.00
945.00 730.98
945.98 730.00

