Contour 0:
73.50 575.00
73.50 574.00
73.50 573.00
73.50 572.00
73.50 571.00
73.50 570.00
73.50 569.00
73.50 568.00
73.50 567.00
73.50 566.00
73.50 565.00
73.50 564.00
73.00 563.50
72.50 563.00
72.50 562.00
72.50 561.00
72.00 560.50
71.50 560.00
71.50 559.00
71.00 558.50
70.50 558.00
70.50 557.00
70.00 556.50
69.50 556.00
69.00 555.50
68.50 555.00
68.00 554.50
67.50 554.00
67.00 553.50
66.50 553.00
66.00 552.50
65.50 552.00
65.00 551.50
64.50 551.00
64.00 550.50
63.00 550.50
62.50 550.00
62.00 549.50
61.50 549.00
61.00 548.50
60.00 548.50
59.50 548.00
59.00 547.50
58.50 547.00
58.00 546.50
57.00 546.50
56.50 546.00
56.00 545.50
55.00 545.50
54.50 545.00
54.00 544.50
53.00 544.50
52.50 544.00
52.00 543.50
51.00 543.50
50.50 543.00
50.00 542.50
49.00 542.50
48.00 542.50
47.50 542.00
47.00 541.50
46.00 541.50
45.00 541.50
44.00 541.50
43.00 541.50
42.00 541.50
41.00 541.50
40.00 541.50
39.00 541.50
38.00 541.50
37.00 541.50
36.00 541.50
35.00 541.50
34.00 541.50
33.00 541.50
32.00 541.50
31.50 542.00
31.00 542.50
30.00 542.50
29.00 542.50
28.50 543.00
28.00 543.50
27.00 543.50
26.50 544.00
26.00 544.50
25.00 544.50
24.50 545.00
24.00 545.50
23.50 546.00
23.00 546.50
22.50 547.00
22.00 547.50
21.50 548.00
21.00 548.50
20.50 549.00
20.00 549.50
19.50 550.00
19.00 550.50
18.50 551.00
18.50 552.00
18.00 552.50
17.50 553.00
17.00 553.50
16.50 554.00
16.50 555.00
16.50 556.00
16.00 556.50
15.50 557.00
15.50 558.00
15.00 558.50
14.50 559.00
14.50 560.00
14.50 561.00
14.50 562.00
14.50 563.00
14.00 563.50
13.50 564.00
13.50 565.00
13.50 566.00
13.50 567.00
13.50 568.00
13.50 569.00
13.50 570.00
13.50 571.00
13.50 572.00
13.50 573.00
13.50 574.00
13.50 575.00
14.00 575.50
14.50 576.00
14.50 577.00
14.50 578.00
14.50 579.00
15.00 579.50
15.50 580.00
15.50 581.00
16.00 581.50
16.50 582.00
16.50 583.00
17.00 583.50
17.50 584.00
17.50 585.00
18.00 585.50
18.50 586.00
18.50 587.00
19.00 587.50
19.50 588.00
20.00 588.50
20.50 589.00
20.50 590.00
21.00 590.50
21.50 591.00
22.00 591.50
22.50 592.00
23.00 592.50
23.50 593.00
24.00 593.50
24.50 594.00
25.00 594.50
25.50 595.00
26.00 595.50
26.50 596.00
27.00 596.50
27.50 597.00
28.00 597.50
29.00 597.50
29.50 598.00
30.00 598.50
31.00 598.50
31.50 599.00
32.00 599.50
33.00 599.50
33.50 600.00
34.00 600.50
35.00 600.50
36.00 600.50
36.50 601.00
37.00 601.50
38.00 601.50
39.00 601.50
40.00 601.50
41.00 601.50
42.00 601.50
43.00 601.50
44.00 601.50
45.00 601.50
46.00 601.50
47.00 601.50
48.00 601.50
49.00 601.50
50.00 601.50
51.00 601.50
52.00 601.50
52.50 601.00
53.00 600.50
54.00 600.50
55.00 600.50
56.00 600.50
56.50 600.00
57.00 599.50
58.00 599.50
59.00 599.50
59.50 599.00
60.00 598.50
61.00 598.50
61.50 598.00
62.00 597.50
62.50 597.00
63.00 596.50
64.00 596.50
64.50 596.00
65.00 595.50
65.50 595.00
66.00 594.50
66.50 594.00
66.50 593.00
67.00 592.50
67.50 592.00
67.50 591.00
68.00 590.50
68.50 590.00
68.50 589.00
69.00 588.50
69.50 588.00
69.50 587.00
69.50 586.00
70.00 585.50
70.50 585.00
70.50 584.00
70.50 583.00
71.00 582.50
71.50 582.00
71.50 581.00
72.00 580.50
72.50 580.00
72.50 579.00
72.50 578.00
72.50 577.00
72.50 576.00
73.00 575.50
73.50 575.00

Contour 1:
132.75 191.00
132.75 190.00
132.75 189.00
132.75 188.00
132.75 187.00
132.75 186.00
132.75 185.00
132.75 184.00
132.75 183.00
132.00 182.25
131.75 182.00
131.75 181.00
131.75 180.00
131.75 179.00
131.00 178.25
130.75 178.00
130.75 177.00
130.00 176.25
129.75 176.00
129.00 175.25
128.75 175.00
128.75 174.00
128.00 173.25
127.75 173.00
127.00 172.25
126.75 172.00
126.00 171.25
125.00 171.25
124.75 171.00
124.00 170.25
123.75 170.00
123.00 169.25
122.75 169.00
122.00 168.25
121.00 168.25
120.75 168.00
120.00 167.25
119.00 167.25
118.00 167.25
117.75 167.00
117.00 166.25
116.00 166.25
115.00 166.25
114.00 166.25
113.75 166.00
113.00 165.25
112.00 165.25
111.00 165.25
110.00 165.25
109.00 165.25
108.00 165.25
107.00 165.25
106.00 165.25
105.00 165.25
104.00 165.25
103.00 165.25
102.00 165.25
101.00 165.25
100.00 165.25
99.00 165.25
98.25 166.00
98.00 166.25
97.00 166.25
96.00 166.25
95.25 167.00
95.00 167.25
94.00 167.25
93.00 167.25
92.25 168.00
92.00 168.25
91.00 168.25
90.25 169.00
90.00 169.25
89.00 169.25
88.25 170.00
88.00 170.25
87.00 170.25
86.25 171.00
86.00 171.25
85.00 171.25
84.25 172.00
84.00 172.25
83.25 173.00
83.00 173.25
82.00 173.25
81.25 174.00
81.00 174.25
80.25 175.00
80.00 175.25
79.25 176.00
79.00 176.25
78.25 177.00
78.00 177.25
77.25 178.00
77.00 178.25
76.25 179.00
76.00 179.25
75.25 180.00
75.00 180.25
74.25 181.00
74.25 182.00
74.00 182.25
73.25 183.00
73.00 183.25
72.25 184.00
72.25 185.00
72.00 185.25
71.25 186.00
71.00 186.25
70.25 187.00
70.25 188.00
70.00 188.25
69.25 189.00
69.25 190.00
69.25 191.00
69.00 191.25
68.25 192.00
68.25 193.00
68.00 193.25
67.25 194.00
67.25 195.00
67.25 196.00
67.00 196.25
66.25 197.00
66.25 198.00
66.25 199.00
66.00 199.25
65.25 200.00
65.25 201.00
65.25 202.00
65.25 203.00
66.00 203.75
66.25 204.00
66.25 205.00
66.25 206.00
66.25 207.00
66.25 208.00
67.00 208.75
67.25 209.00
67.25 210.00
67.25 211.00
68.00 211.75
68.25 212.00
68.25 213.00
68.25 214.00
69.00 214.75
69.25 215.00
69.25 216.00
70.00 216.75
70.25 217.00
71.00 217.75
71.25 218.00
71.25 219.00
72.00 219.75
72.25 220.00
73.00 220.75
73.25 221.00
74.00 221.75
74.25 222.00
75.00 222.75
75.25 223.00
76.00 223.75
76.25 224.00
77.00 224.75
77.25 225.00
78.00 225.75
78.25 226.00
79.00 226.75
79.25 227.00
80.00 227.75
80.25 228.00
81.00 228.75
81.25 229.00
82.00 229.75
82.25 230.00
83.00 230.75
84.00 230.75
84.25 231.00
85.00 231.75
85.25 232.00
86.00 232.75
87.00 232.75
87.25 233.00
88.00 233.75
88.25 234.00
89.00 234.75
90.00 234.75
91.00 234.75
91.25 235.00
92.00 235.75
93.00 235.75
93.25 236.00
94.00 236.75
94.25 237.00
95.00 237.75
96.00 237.75
97.00 237.75
97.25 238.00
98.00 238.75
99.00 238.75
100.00 238.75
101.00 238.75
102.00 238.75
103.00 238.75
103.25 239.00
104.00 239.75
104.75 239.00
105.00 238.75
106.00 238.75
107.00 238.75
108.00 238.75
109.00 238.75
110.00 238.75
111.00 238.75
111.75 238.00
112.00 237.75
113.00 237.75
114.00 237.75
114.75 237.00
115.00 236.75
116.00 236.75
116.75 236.00
117.00 235.75
118.00 235.75
118.75 235.00
119.00 234.75
119.75 234.00
120.00 233.75
120.75 233.00
121.00 232.75
121.75 232.00
122.00 231.75
122.75 231.00
122.75 230.00
123.00 229.75
123.75 229.00
124.00 228.75
124.75 228.00
124.75 227.00
125.00 226.75
125.75 226.00
125.75 225.00
125.75 224.00
125.75 223.00
126.00 222.75
126.75 222.00
126.75 221.00
126.75 220.00
127.00 219.75
127.75 219.00
127.75 218.00
127.75 217.00
128.00 216.75
128.75 216.00
128.75 215.00
128.75 214.00
128.75 213.00
128.75 212.00
129.00 211.75
129.75 211.00
129.75 210.00
129.75 209.00
129.75 208.00
129.75 207.00
129.75 206.00
129.75 205.00
130.00 204.75
130.75 204.00
130.75 203.00
130.75 202.00
130.75 201.00
130.75 200.00
131.00 199.75
131.75 199.00
131.75 198.00
131.75 197.00
131.75 196.00
131.75 195.00
131.75 194.00
131.75 193.00
131.75 192.00
132.00 191.75
132.75 191.00

Contour 2:
218.83 835.00
218.83 834.00
218.83 833.00
218.83 832.00
218.83 831.00
218.83 830.00
218.83 829.00
218.83 828.00
218.83 827.00
218.83 826.00
218.83 825.00
218.83 824.00
218.83 823.00
218.00 822.17
217.83 822.00
217.83 821.00
217.83 820.00
217.00 819.17
216.83 819.00
216.83 818.00
216.00 817.17
215.83 817.00
215.83 816.00
215.83 815.00
215.00 814.17
214.83 814.00
214.00 813.17
213.83 813.00
213.00 812.17
212.83 812.00
212.83 811.00
212.00 810.17
211.83 810.00
211.00 809.17
210.83 809.00
210.00 808.17
209.83 808.00
209.00 807.17
208.83 807.00
208.00 806.17
207.00 806.17
206.83 806.00
206.00 805.17
205.83 805.00
205.00 804.17
204.00 804.17
203.00 804.17
202.83 804.00
202.00 803.17
201.00 803.17
200.83 803.00
200.00 802.17
199.00 802.17
198.00 802.17
197.83 802.00
197.00 801.17
196.00 801.17
195.00 801.17
194.00 801.17
193.00 801.17
192.83 801.00
192.00 800.17
191.00 800.17
190.00 800.17
189.00 800.17
188.00 800.17
187.00 800.17
186.00 800.17
185.17 801.00
185.00 801.17
184.00 801.17
183.00 801.17
182.00 801.17
181.00 801.17
180.00 801.17
179.00 801.17
178.00 801.17
177.00 801.17
176.00 801.17
175.17 802.00
175.00 802.17
174.00 802.17
173.00 802.17
172.00 802.17
171.17 803.00
171.00 803.17
170.00 803.17
169.00 803.17
168.17 804.00
168.00 804.17
167.00 804.17
166.17 805.00
166.00 805.17
165.00 805.17
164.17 806.00
164.00 806.17
163.17 807.00
163.00 807.17
162.17 808.00
162.00 808.17
161.17 809.00
161.00 809.17
160.17 810.00
160.00 810.17
159.17 811.00
159.00 811.17
158.17 812.00
158.00 812.17
157.17 813.00
157.17 814.00
157.00 814.17
156.17 815.00
156.00 815.17
155.17 816.00
155.00 816.17
154.17 817.00
154.17 818.00
154.00 818.17
153.17 819.00
153.17 820.00
153.00 820.17
152.17 821.00
152.17 822.00
152.00 822.17
151.17 823.00
151.17 824.00
151.17 825.00
151.17 826.00
151.00 826.17
150.17 827.00
150.17 828.00
150.17 829.00
150.17 830.00
150.17 831.00
150.17 832.00
150.17 833.00
150.17 834.00
150.17 835.00
151.00 835.83
151.17 836.00
151.17 837.00
151.17 838.00
151.17 839.00
152.00 839.83
152.17 840.00
152.17 841.00
153.00 841.83
153.17 842.00
153.17 843.00
153.17 844.00
154.00 844.83
154.17 845.00
155.00 845.83
155.17 846.00
155.17 847.00
156.00 847.83
156.17 848.00
157.00 848.83
157.17 849.00
157.17 850.00
158.00 850.83
158.17 851.00
159.00 851.83
159.17 852.00
160.00 852.83
161.00 852.83
161.17 853.00
162.00 853.83
162.17 854.00
163.00 854.83
164.00 854.83
164.17 855.00
165.00 855.83
166.00 855.83
166.17 856.00
167.00 856.83
168.00 856.83
169.00 856.83
169.17 857.00
170.00 857.83
171.00 857.83
172.00 857.83
173.00 857.83
173.17 858.00
174.00 858.83
175.00 858.83
176.00 858.83
177.00 858.83
178.00 858.83
179.00 858.83
180.00 858.83
181.00 858.83
182.00 858.83
183.00 858.83
184.00 858.83
185.00 858.83
186.00 858.83
187.00 858.83
188.00 858.83
189.00 858.83
190.00 858.83
191.00 858.83
192.00 858.83
193.00 858.83
193.83 858.00
194.00 857.83
195.00 857.83
196.00 857.83
196.83 857.00
197.00 856.83
198.00 856.83
199.00 856.83
199.83 856.00
200.00 855.83
201.00 855.83
202.00 855.83
202.83 855.00
203.00 854.83
203.83 854.00
204.00 853.83
205.00 853.83
205.83 853.00
206.00 852.83
207.00 852.83
207.83 852.00
208.00 851.83
208.83 851.00
209.00 850.83
209.83 850.00
210.00 849.83
210.83 849.00
211.00 848.83
211.83 848.00
212.00 847.83
212.83 847.00
213.00 846.83
213.83 846.00
214.00 845.83
214.83 845.00
214.83 844.00
215.00 843.83
215.83 843.00
215.83 842.00
216.00 841.83
216.83 841.00
216.83 840.00
217.00 839.83
217.83 839.00
217.83 838.00
217.83 837.00
217.83 836.00
218.00 835.83
218.83 835.00

Contour 3:
245.88 85.00
245.88 84.00
245.88 83.00
245.88 82.00
245.88 81.00
245.88 80.00
245.88 79.00
245.88 78.00
245.88 77.00
245.88 76.00
245.88 75.00
245.88 74.00
245.88 73.00
245.00 72.12
244.88 72.00
244.88 71.00
244.88 70.00
244.00 69.12
243.88 69.00
243.88 68.00
243.00 67.12
242.88 67.00
242.88 66.00
242.00 65.12
241.88 65.00
241.00 64.12
240.88 64.00
240.88 63.00
240.00 62.12
239.88 62.00
239.00 61.12
238.88 61.00
238.00 60.12
237.88 60.00
237.00 59.12
236.88 59.00
236.00 58.12
235.88 58.00
235.00 57.12
234.88 57.00
234.00 56.12
233.00 56.12
232.88 56.00
232.00 55.12
231.88 55.00
231.00 54.12
230.88 54.00
230.00 53.12
229.88 53.00
229.00 52.12
228.88 52.00
228.00 51.12
227.88 51.00
227.00 50.12
226.00 50.12
225.88 50.00
225.00 49.12
224.88 49.00
224.00 48.12
223.00 48.12
222.88 48.00
222.00 47.12
221.00 47.12
220.88 47.00
220.00 46.12
219.00 46.12
218.88 46.00
218.00 45.12
217.00 45.12
216.88 45.00
216.00 44.12
215.00 44.12
214.88 44.00
214.00 43.12
213.00 43.12
212.00 43.12
211.88 43.00
211.00 42.12
210.00 42.12
209.00 42.12
208.00 42.12
207.00 42.12
206.00 42.12
205.00 42.12
204.88 42.00
204.00 41.12
203.00 41.12
202.00 41.12
201.00 41.12
200.00 41.12
199.00 41.12
198.00 41.12
197.00 41.12
196.00 41.12
195.00 41.12
194.00 41.12
193.00 41.12
192.00 41.12
191.00 41.12
190.12 42.00
190.00 42.12
189.00 42.12
188.00 42.12
187.00 42.12
186.00 42.12
185.00 42.12
184.12 43.00
184.00 43.12
183.00 43.12
182.12 44.00
182.00 44.12
181.00 44.12
180.12 45.00
180.00 45.12
179.00 45.12
178.00 45.12
177.12 46.00
177.00 46.12
176.12 47.00
176.00 47.12
175.12 48.00
175.00 48.12
174.00 48.12
173.12 49.00
173.00 49.12
172.00 49.12
171.12 50.00
171.00 50.12
170.00 50.12
169.12 51.00
169.00 51.12
168.12 52.00
168.00 52.12
167.12 53.00
167.00 53.12
166.00 53.12
165.12 54.00
165.00 54.12
164.12 55.00
164.00 55.12
163.12 56.00
163.00 56.12
162.12 57.00
162.00 57.12
161.12 58.00
161.12 59.00
161.00 59.12
160.12 60.00
160.00 60.12
159.12 61.00
159.12 62.00
159.00 62.12
158.12 63.00
158.12 64.00
158.12 65.00
158.00 65.12
157.12 66.00
157.12 67.00
157.12 68.00
157.00 68.12
156.12 69.00
156.12 70.00
156.12 71.00
156.12 72.00
156.12 73.00
156.12 74.00
156.12 75.00
156.12 76.00
156.12 77.00
156.12 78.00
156.12 79.00
157.00 79.88
157.12 80.00
157.12 81.00
157.12 82.00
157.12 83.00
158.00 83.88
158.12 84.00
158.12 85.00
158.12 86.00
159.00 86.88
159.12 87.00
159.12 88.00
160.00 88.88
160.12 89.00
160.12 90.00
160.12 91.00
161.00 91.88
161.12 92.00
161.12 93.00
162.00 93.88
162.12 94.00
162.12 95.00
163.00 95.88
163.12 96.00
163.12 97.00
164.00 97.88
164.12 98.00
164.12 99.00
164.12 100.00
165.00 100.88
165.12 101.00
166.00 101.88
166.12 102.00
166.12 103.00
167.00 103.88
167.12 104.00
168.00 104.88
168.12 105.00
169.00 105.88
169.12 106.00
170.00 106.88
170.12 107.00
171.00 107.88
171.12 108.00
172.00 108.88
172.12 109.00
173.00 109.88
173.12 110.00
174.00 110.88
175.00 110.88
175.12 111.00
176.00 111.88
176.12 112.00
177.00 112.88
178.00 112.88
178.12 113.00
179.00 113.88
180.00 113.88
180.12 114.00
181.00 114.88
182.00 114.88
182.12 115.00
183.00 115.88
184.00 115.88
185.00 115.88
185.12 116.00
186.00 116.88
187.00 116.88
187.12 117.00
188.00 117.88
189.00 117.88
190.00 117.88
191.00 117.88
191.12 118.00
192.00 118.88
193.00 118.88
194.00 118.88
195.00 118.88
196.00 118.88
197.00 118.88
198.00 118.88
199.00 118.88
200.00 118.88
201.00 118.88
202.00 118.88
203.00 118.88
204.00 118.88
205.00 118.88
206.00 118.88
207.00 118.88
208.00 118.88
208.88 118.00
209.00 117.88
210.00 117.88
211.00 117.88
212.00 117.88
212.88 117.00
213.00 116.88
214.00 116.88
214.88 116.00
215.00 115.88
216.00 115.88
217.00 115.88
217.88 115.00
218.00 114.88
218.88 114.00
219.00 113.88
220.00 113.88
220.88 113.00
221.00 112.88
222.00 112.88
222.88 112.00
223.00 111.88
224.00 111.88
224.88 111.00
225.00 110.88
226.00 110.88
226.88 110.00
227.00 109.88
228.00 109.88
228.88 109.00
229.00 108.88
230.00 108.88
230.88 108.00
231.00 107.88
231.88 107.00
232.00 106.88
232.88 106.00
233.00 105.88
233.88 105.00
234.00 104.88
234.88 104.00
235.00 103.88
235.88 103.00
236.00 102.88
236.88 102.00
237.00 101.88
237.88 101.00
238.00 100.88
238.88 100.00
238.88 99.00
239.00 98.88
239.88 98.00
239.88 97.00
240.00 96.88
240.88 96.00
240.88 95.00
241.00 94.88
241.88 94.00
241.88 93.00
242.00 92.88
242.88 92.00
242.88 91.00
243.00 90.88
243.88 90.00
243.88 89.00
244.00 88.88
244.88 88.00
244.88 87.00
244.88 86.00
245.00 85.88
245.88 85.00

Contour 4:
336.90 397.00
336.90 396.00
336.90 395.00
336.90 394.00
336.90 393.00
336.90 392.00
336.90 391.00
336.90 390.00
336.90 389.00
336.90 388.00
336.00 387.10
335.90 387.00
335.90 386.00
335.90 385.00
335.00 384.10
334.90 384.00
334.90 383.00
334.90 382.00
334.00 381.10
333.90 381.00
333.00 380.10
332.90 380.00
332.00 379.10
331.90 379.00
331.90 378.00
331.00 377.10
330.90 377.00
330.00 376.10
329.90 376.00
329.00 375.10
328.90 375.00
328.00 374.10
327.90 374.00
327.00 373.10
326.90 373.00
326.00 372.10
325.90 372.00
325.00 371.10
324.90 371.00
324.00 370.10
323.90 370.00
323.00 369.10
322.90 369.00
322.00 368.10
321.00 368.10
320.90 368.00
320.00 367.10
319.00 367.10
318.00 367.10
317.90 367.00
317.00 366.10
316.00 366.10
315.00 366.10
314.90 366.00
314.00 365.10
313.00 365.10
312.00 365.10
311.00 365.10
310.00 365.10
309.00 365.10
308.00 365.10
307.00 365.10
306.00 365.10
305.00 365.10
304.00 365.10
303.00 365.10
302.10 366.00
302.00 366.10
301.00 366.10
300.00 366.10
299.00 366.10
298.10 367.00
298.00 367.10
297.00 367.10
296.10 368.00
296.00 368.10
295.00 368.10
294.00 368.10
293.10 369.00
293.00 369.10
292.10 370.00
292.00 370.10
291.00 370.10
290.10 371.00
290.00 371.10
289.00 371.10
288.10 372.00
288.00 372.10
287.10 373.00
287.00 373.10
286.10 374.00
286.00 374.10
285.10 375.00
285.00 375.10
284.10 376.00
284.00 376.10
283.10 377.00
283.00 377.10
282.10 378.00
282.00 378.10
281.10 379.00
281.00 379.10
280.10 380.00
280.00 380.10
279.10 381.00
279.10 382.00
279.00 382.10
278.10 383.00
278.00 383.10
277.10 384.00
277.10 385.00
277.00 385.10
276.10 386.00
276.10 387.00
276.10 388.00
276.00 388.10
275.10 389.00
275.10 390.00
275.10 391.00
275.10 392.00
275.10 393.00
275.00 393.10
274.10 394.00
274.10 395.00
274.10 396.00
274.10 397.00
274.10 398.00
274.10 399.00
274.10 400.00
274.10 401.00
274.10 402.00
274.10 403.00
274.10 404.00
274.10 405.00
274.10 406.00
275.00 406.90
275.10 407.00
275.10 408.00
275.10 409.00
275.10 410.00
276.00 410.90
276.10 411.00
276.10 412.00
277.00 412.90
277.10 413.00
277.10 414.00
277.10 415.00
278.00 415.90
278.10 416.00
278.10 417.00
279.00 417.90
279.10 418.00
279.10 419.00
280.00 419.90
280.10 420.00
280.10 421.00
281.00 421.90
281.10 422.00
282.00 422.90
282.10 423.00
283.00 423.90
283.10 424.00
284.00 424.90
285.00 424.90
285.10 425.00
286.00 425.90
286.10 426.00
287.00 426.90
287.10 427.00
288.00 427.90
288.10 428.00
288.10 429.00
289.00 429.90
290.00 429.90
290.10 430.00
291.00 430.90
291.10 431.00
292.00 431.90
293.00 431.90
293.10 432.00
294.00 432.90
295.00 432.90
295.10 433.00
296.00 433.90
297.00 433.90
297.10 434.00
298.00 434.90
299.00 434.90
299.10 435.00
300.00 435.90
301.00 435.90
302.00 435.90
303.00 435.90
304.00 435.90
304.10 436.00
305.00 436.90
306.00 436.90
307.00 436.90
308.00 436.90
309.00 436.90
309.90 436.00
310.00 435.90
311.00 435.90
312.00 435.90
313.00 435.90
313.90 435.00
314.00 434.90
315.00 434.90
315.90 434.00
316.00 433.90
317.00 433.90
317.90 433.00
318.00 432.90
318.90 432.00
319.00 431.90
319.90 431.00
320.00 430.90
320.90 430.00
321.00 429.90
321.90 429.00
322.00 428.90
322.90 428.00
323.00 427.90
323.90 427.00
323.90 426.00
324.00 425.90
324.90 425.00
324.90 424.00
325.00 423.90
325.90 423.00
326.00 422.90
326.90 422.00
326.90 421.00
327.00 420.90
327.90 420.00
327.90 419.00
328.00 418.90
328.90 418.00
328.90 417.00
329.00 416.90
329.90 416.00
329.90 415.00
330.00 414.90
330.90 414.00
330.90 413.00
331.00 412.90
331.90 412.00
331.90 411.00
332.00 410.90
332.90 410.00
332.90 409.00
333.00 408.90
333.90 408.00
333.90 407.00
333.90 406.00
334.00 405.90
334.90 405.00
334.90 404.00
334.90 403.00
335.00 402.90
335.90 402.00
335.90 401.00
335.90 400.00
335.90 399.00
335.90 398.00
336.00 397.90
336.90 397.00

Contour 5:
356.92 504.00
356.92 503.00
356.92 502.00
356.92 501.00
356.92 500.00
356.92 499.00
356.92 498.00
356.92 497.00
356.92 496.00
356.92 495.00
356.92 494.00
356.00 493.08
355.92 493.00
355.92 492.00
355.92 491.00
355.92 490.00
355.00 489.08
354.92 489.00
354.92 488.00
354.92 487.00
354.00 486.08
353.92 486.00
353.92 485.00
353.92 484.00
353.00 483.08
352.92 483.00
352.00 482.08
351.92 482.00
351.92 481.00
351.00 480.08
350.92 480.00
350.00 479.08
349.00 479.08
348.92 479.00
348.00 478.08
347.92 478.00
347.00 477.08
346.00 477.08
345.92 477.00
345.00 476.08
344.00 476.08
343.92 476.00
343.00 475.08
342.00 475.08
341.00 475.08
340.92 475.00
340.00 474.08
339.00 474.08
338.00 474.08
337.00 474.08
336.00 474.08
335.92 474.00
335.00 473.08
334.00 473.08
333.00 473.08
332.00 473.08
331.00 473.08
330.00 473.08
329.00 473.08
328.00 473.08
327.00 473.08
326.00 473.08
325.00 473.08
324.00 473.08
323.00 473.08
322.00 473.08
321.00 473.08
320.00 473.08
319.00 473.08
318.08 474.00
318.00 474.08
317.00 474.08
316.00 474.08
315.00 474.08
314.00 474.08
313.00 474.08
312.08 475.00
312.00 475.08
311.00 475.08
310.00 475.08
309.08 476.00
309.00 476.08
308.00 476.08
307.00 476.08
306.08 477.00
306.00 477.08
305.00 477.08
304.08 478.00
304.00 478.08
303.00 478.08
302.00 478.08
301.08 479.00
301.00 479.08
300.08 480.00
300.00 480.08
299.00 480.08
298.08 481.00
298.00 481.08
297.08 482.00
297.00 482.08
296.08 483.00
296.00 483.08
295.08 484.00
295.08 485.00
295.00 485.08
294.08 486.00
294.08 487.00
294.08 488.00
294.08 489.00
294.08 490.00
294.00 490.08
293.08 491.00
293.08 492.00
293.08 493.00
293.08 494.00
293.08 495.00
294.00 495.92
294.08 496.00
294.08 497.00
294.08 498.00
294.08 499.00
294.08 500.00
294.08 501.00
295.00 501.92
295.08 502.00
295.08 503.00
296.00 503.92
296.08 504.00
296.08 505.00
297.00 505.92
297.08 506.00
297.08 507.00
298.00 507.92
298.08 508.00
298.08 509.00
299.00 509.92
299.08 510.00
300.00 510.92
300.08 511.00
301.00 511.92
301.08 512.00
301.08 513.00
302.00 513.92
302.08 514.00
303.00 514.92
303.08 515.00
304.00 515.92
304.08 516.00
305.00 516.92
306.00 516.92
306.08 517.00
307.00 517.92
307.08 518.00
308.00 518.92
309.00 518.92
309.08 519.00
310.00 519.92
311.00 519.92
311.08 520.00
312.00 520.92
313.00 520.92
314.00 520.92
314.08 521.00
315.00 521.92
316.00 521.92
317.00 521.92
317.08 522.00
318.00 522.92
319.00 522.92
320.00 522.92
320.08 523.00
321.00 523.92
322.00 523.92
323.00 523.92
324.00 523.92
325.00 523.92
326.00 523.92
327.00 523.92
328.00 523.92
329.00 523.92
330.00 523.92
331.00 523.92
332.00 523.92
333.00 523.92
334.00 523.92
335.00 523.92
336.00 523.92
336.92 523.00
337.00 522.92
338.00 522.92
339.00 522.92
339.92 522.00
340.00 521.92
341.00 521.92
342.00 521.92
343.00 521.92
343.92 521.00
344.00 520.92
345.00 520.92
345.92 520.00
346.00 519.92
347.00 519.92
347.92 519.00
348.00 518.92
349.00 518.92
349.92 518.00
350.00 517.92
350.92 517.00
351.00 516.92
351.92 516.00
351.92 515.00
352.00 514.92
352.92 514.00
352.92 513.00
353.00 512.92
353.92 512.00
353.92 511.00
354.00 510.92
354.92 510.00
354.92 509.00
354.92 508.00
355.00 507.92
355.92 507.00
355.92 506.00
355.92 505.00
356.00 504.92
356.92 504.00

Contour 6:
450.93 156.00
450.93 155.00
450.93 154.00
450.93 153.00
450.93 152.00
450.93 151.00
450.93 150.00
450.93 149.00
450.93 148.00
450.93 147.00
450.93 146.00
450.93 145.00
450.93 144.00
450.93 143.00
450.93 142.00
450.93 141.00
450.93 140.00
450.93 139.00
450.00 138.07
449.93 138.00
449.93 137.00
449.93 136.00
449.93 135.00
449.93 134.00
449.00 133.07
448.93 133.00
448.93 132.00
448.93 131.00
448.00 130.07
447.93 130.00
447.93 129.00
447.93 128.00
447.93 127.00
447.00 126.07
446.93 126.00
446.93 125.00
446.93 124.00
446.00 123.07
445.93 123.00
445.93 122.00
445.00 121.07
444.93 121.00
444.93 120.00
444.00 119.07
443.93 119.00
443.00 118.07
442.93 118.00
442.00 117.07
441.93 117.00
441.00 116.07
440.93 116.00
440.00 115.07
439.93 115.00
439.00 114.07
438.93 114.00
438.00 113.07
437.93 113.00
437.00 112.07
436.00 112.07
435.93 112.00
435.00 111.07
434.00 111.07
433.93 111.00
433.00 110.07
432.00 110.07
431.93 110.00
431.00 109.07
430.00 109.07
429.00 109.07
428.00 109.07
427.00 109.07
426.93 109.00
426.00 108.07
425.00 108.07
424.00 108.07
423.00 108.07
422.00 108.07
421.00 108.07
420.93 108.00
420.00 107.07
419.00 107.07
418.00 107.07
417.00 107.07
416.00 107.07
415.00 107.07
414.00 107.07
413.07 108.00
413.00 108.07
412.00 108.07
411.00 108.07
410.00 108.07
409.00 108.07
408.07 109.00
408.00 109.07
407.00 109.07
406.00 109.07
405.07 110.00
405.00 110.07
404.00 110.07
403.00 110.07
402.00 110.07
401.07 111.00
401.00 111.07
400.00 111.07
399.00 111.07
398.07 112.00
398.00 112.07
397.00 112.07
396.07 113.00
396.00 113.07
395.00 113.07
394.07 114.00
394.00 114.07
393.07 115.00
393.00 115.07
392.00 115.07
391.07 116.00
391.00 116.07
390.07 117.00
390.00 117.07
389.07 118.00
389.00 118.07
388.07 119.00
388.00 119.07
387.07 120.00
387.07 121.00
387.00 121.07
386.07 122.00
386.00 122.07
385.07 123.00
385.07 124.00
385.07 125.00
385.00 125.07
384.07 126.00
384.07 127.00
384.00 127.07
383.07 128.00
383.07 129.00
383.00 129.07
382.07 130.00
382.07 131.00
382.07 132.00
382.00 132.07
381.07 133.00
381.07 134.00
381.07 135.00
381.07 136.00
381.07 137.00
381.07 138.00
381.07 139.00
381.07 140.00
381.07 141.00
381.07 142.00
381.00 142.07
380.07 143.00
380.07 144.00
380.07 145.00
381.00 145.93
381.07 146.00
381.07 147.00
381.07 148.00
381.07 149.00
381.07 150.00
381.07 151.00
382.00 151.93
382.07 152.00
382.07 153.00
382.07 154.00
382.07 155.00
382.07 156.00
383.00 156.93
383.07 157.00
383.07 158.00
383.07 159.00
383.07 160.00
384.00 160.93
384.07 161.00
384.07 162.00
384.07 163.00
385.00 163.93
385.07 164.00
385.07 165.00
386.00 165.93
386.07 166.00
386.07 167.00
387.00 167.93
387.07 168.00
388.00 168.93
388.07 169.00
388.07 170.00
389.00 170.93
389.07 171.00
390.00 171.93
390.07 172.00
391.00 172.93
391.07 173.00
392.00 173.93
392.07 174.00
393.00 174.93
393.07 175.00
394.00 175.93
394.07 176.00
395.00 176.93
395.07 177.00
396.00 177.93
397.00 177.93
397.07 178.00
398.00 178.93
398.07 179.00
399.00 179.93
399.07 180.00
400.00 180.93
401.00 180.93
401.07 181.00
402.00 181.93
403.00 181.93
403.07 182.00
404.00 182.93
405.00 182.93
406.00 182.93
406.07 183.00
407.00 183.93
408.00 183.93
408.07 184.00
409.00 184.93
410.00 184.93
411.00 184.93
411.07 185.00
412.00 185.93
413.00 185.93
414.00 185.93
415.00 185.93
416.00 185.93
417.00 185.93
418.00 185.93
419.00 185.93
420.00 185.93
421.00 185.93
422.00 185.93
423.00 185.93
424.00 185.93
424.93 185.00
425.00 184.93
426.00 184.93
427.00 184.93
427.93 184.00
428.00 183.93
429.00 183.93
430.00 183.93
430.93 183.00
431.00 182.93
432.00 182.93
432.93 182.00
433.00 181.93
434.00 181.93
434.93 181.00
435.00 180.93
435.93 180.00
436.00 179.93
437.00 179.93
437.93 179.00
438.00 178.93
438.93 178.00
438.93 177.00
439.00 176.93
439.93 176.00
440.00 175.93
440.93 175.00
440.93 174.00
441.00 173.93
441.93 173.00
442.00 172.93
442.93 172.00
443.00 171.93
443.93 171.00
443.93 170.00
444.00 169.93
444.93 169.00
445.00 168.93
445.93 168.00
446.00 167.93
446.93 167.00
446.93 166.00
447.00 165.93
447.93 165.00
447.93 164.00
447.93 163.00
448.00 162.93
448.93 162.00
448.93 161.00
449.00 160.93
449.93 160.00
449.93 159.00
449.93 158.00
449.93 157.00
450.00 156.93
450.93 156.00

Contour 7:
505.94 239.00
505.94 238.00
505.94 237.00
505.94 236.00
505.94 235.00
505.94 234.00
505.94 233.00
505.94 232.00
505.94 231.00
505.00 230.06
504.94 230.00
504.94 229.00
504.94 228.00
504.94 227.00
504.94 226.00
504.00 225.06
503.94 225.00
503.94 224.00
503.94 223.00
503.00 222.06
502.94 222.00
502.94 221.00
502.00 220.06
501.94 220.00
501.94 219.00
501.00 218.06
500.94 218.00
500.00 217.06
499.94 217.00
499.00 216.06
498.94 216.00
498.00 215.06
497.00 215.06
496.94 215.00
496.00 214.06
495.94 214.00
495.00 213.06
494.94 213.00
494.00 212.06
493.00 212.06
492.94 212.00
492.00 211.06
491.94 211.00
491.00 210.06
490.00 210.06
489.94 210.00
489.00 209.06
488.00 209.06
487.00 209.06
486.94 209.00
486.00 208.06
485.00 208.06
484.00 208.06
483.00 208.06
482.00 208.06
481.00 208.06
480.00 208.06
479.00 208.06
478.00 208.06
477.00 208.06
476.00 208.06
475.00 208.06
474.00 208.06
473.00 208.06
472.94 208.00
472.00 207.06
471.00 207.06
470.00 207.06
469.00 207.06
468.00 207.06
467.00 207.06
466.00 207.06
465.00 207.06
464.00 207.06
463.00 207.06
462.00 207.06
461.06 208.00
461.00 208.06
460.00 208.06
459.00 208.06
458.00 208.06
457.00 208.06
456.00 208.06
455.06 209.00
455.00 209.06
454.00 209.06
453.06 210.00
453.00 210.06
452.00 210.06
451.06 211.00
451.00 211.06
450.00 211.06
449.06 212.00
449.00 212.06
448.06 213.00
448.00 213.06
447.00 213.06
446.00 213.06
445.06 214.00
445.00 214.06
444.00 214.06
443.00 214.06
442.06 215.00
442.00 215.06
441.00 215.06
440.06 216.00
440.00 216.06
439.00 216.06
438.06 217.00
438.00 217.06
437.00 217.06
436.06 218.00
436.00 218.06
435.00 218.06
434.06 219.00
434.00 219.06
433.06 220.00
433.00 220.06
432.00 220.06
431.06 221.00
431.00 221.06
430.06 222.00
430.00 222.06
429.06 223.00
429.00 223.06
428.06 224.00
428.06 225.00
428.00 225.06
427.06 226.00
427.00 226.06
426.06 227.00
426.00 227.06
425.06 228.00
425.00 228.06
424.06 229.00
424.06 230.00
424.00 230.06
423.06 231.00
423.00 231.06
422.06 232.00
422.06 233.00
422.00 233.06
421.06 234.00
421.06 235.00
421.00 235.06
420.06 236.00
420.06 237.00
420.00 237.06
419.06 238.00
419.06 239.00
419.00 239.06
418.06 240.00
418.06 241.00
418.00 241.06
417.06 242.00
417.06 243.00
417.06 244.00
417.06 245.00
417.00 245.06
416.06 246.00
417.00 246.94
417.06 247.00
417.06 248.00
417.06 249.00
417.06 250.00
417.06 251.00
417.06 252.00
417.06 253.00
417.06 254.00
417.06 255.00
417.06 256.00
417.06 257.00
417.06 258.00
418.00 258.94
418.06 259.00
418.06 260.00
419.00 260.94
419.06 261.00
419.06 262.00
419.06 263.00
420.00 263.94
420.06 264.00
421.00 264.94
421.06 265.00
421.06 266.00
422.00 266.94
422.06 267.00
423.00 267.94
423.06 268.00
424.00 268.94
424.06 269.00
425.00 269.94
425.06 270.00
426.00 270.94
426.06 271.00
427.00 271.94
428.00 271.94
428.06 272.00
429.00 272.94
429.06 273.00
430.00 273.94
431.00 273.94
431.06 274.00
432.00 274.94
433.00 274.94
433.06 275.00
434.00 275.94
435.00 275.94
435.06 276.00
436.00 276.94
437.00 276.94
438.00 276.94
438.06 277.00
439.00 277.94
440.00 277.94
441.00 277.94
441.06 278.00
442.00 278.94
443.00 278.94
444.00 278.94
445.00 278.94
446.00 278.94
447.00 278.94
448.00 278.94
449.00 278.94
450.00 278.94
451.00 278.94
452.00 278.94
453.00 278.94
454.00 278.94
455.00 278.94
456.00 278.94
457.00 278.94
458.00 278.94
459.00 278.94
460.00 278.94
460.94 278.00
461.00 277.94
462.00 277.94
463.00 277.94
464.00 277.94
465.00 277.94
466.00 277.94
466.94 277.00
467.00 276.94
468.00 276.94
468.94 276.00
469.00 275.94
470.00 275.94
470.94 275.00
471.00 274.94
472.00 274.94
473.00 274.94
473.94 274.00
474.00 273.94
475.00 273.94
475.94 273.00
476.00 272.94
477.00 272.94
478.00 272.94
478.94 272.00
479.00 271.94
479.94 271.00
480.00 270.94
481.00 270.94
481.94 270.00
482.00 269.94
483.00 269.94
483.94 269.00
484.00 268.94
484.94 268.00
485.00 267.94
486.00 267.94
486.94 267.00
487.00 266.94
487.94 266.00
488.00 265.94
489.00 265.94
489.94 265.00
490.00 264.94
490.94 264.00
491.00 263.94
491.94 263.00
492.00 262.94
493.00 262.94
493.94 262.00
494.00 261.94
494.94 261.00
494.94 260.00
495.00 259.94
495.94 259.00
496.00 258.94
496.94 258.00
497.00 257.94
497.94 257.00
497.94 256.00
498.00 255.94
498.94 255.00
498.94 254.00
499.00 253.94
499.94 253.00
500.00 252.94
500.94 252.00
500.94 251.00
501.00 250.94
501.94 250.00
502.00 249.94
502.94 249.00
502.94 248.00
503.00 247.94
503.94 247.00
503.94 246.00
503.94 245.00
504.00 244.94
504.94 244.00
504.94 243.00
504.94 242.00
504.94 241.00
504.94 240.00
505.00 239.94
505.94 239.00

Contour 8:
476.94 445.00
476.94 444.00
476.94 443.00
476.94 442.00
476.94 441.00
476.94 440.00
476.94 439.00
476.00 438.06
475.94 438.00
475.94 437.00
475.94 436.00
475.94 435.00
475.00 434.06
474.94 434.00
474.94 433.00
474.00 432.06
473.94 432.00
473.94 431.00
473.00 430.06
472.94 430.00
472.94 429.00
472.00 428.06
471.94 428.00
471.94 427.00
471.00 426.06
470.94 426.00
470.00 425.06
469.94 425.00
469.94 424.00
469.00 423.06
468.94 423.00
468.00 422.06
467.94 422.00
467.00 421.06
466.94 421.00
466.00 420.06
465.94 420.00
465.00 419.06
464.94 419.00
464.94 418.00
464.00 417.06
463.94 417.00
463.00 416.06
462.00 416.06
461.94 416.00
461.94 415.00
461.00 414.06
460.00 414.06
459.94 414.00
459.00 413.06
458.94 413.00
458.00 412.06
457.94 412.00
457.00 411.06
456.00 411.06
455.94 411.00
455.00 410.06
454.94 410.00
454.00 409.06
453.94 409.00
453.00 408.06
452.00 408.06
451.00 408.06
450.94 408.00
450.00 407.06
449.00 407.06
448.94 407.00
448.00 406.06
447.00 406.06
446.94 406.00
446.00 405.06
445.00 405.06
444.00 405.06
443.00 405.06
442.94 405.00
442.00 404.06
441.00 404.06
440.00 404.06
439.00 404.06
438.00 404.06
437.00 404.06
436.00 404.06
435.00 404.06
434.00 404.06
433.06 405.00
433.00 405.06
432.00 405.06
431.00 405.06
430.06 406.00
430.00 406.06
429.06 407.00
429.00 407.06
428.00 407.06
427.06 408.00
427.00 408.06
426.06 409.00
426.00 409.06
425.00 409.06
424.06 410.00
424.00 410.06
423.06 411.00
423.00 411.06
422.06 412.00
422.00 412.06
421.06 413.00
421.00 413.06
420.06 414.00
420.00 414.06
419.06 415.00
419.06 416.00
419.00 416.06
418.06 417.00
418.06 418.00
418.06 419.00
418.00 419.06
417.06 420.00
417.06 421.00
417.06 422.00
417.06 423.00
417.00 423.06
416.06 424.00
416.06 425.00
416.06 426.00
416.06 427.00
416.06 428.00
416.06 429.00
416.06 430.00
416.06 431.00
417.00 431.94
417.06 432.00
417.06 433.00
417.06 434.00
417.06 435.00
417.06 436.00
417.06 437.00
418.00 437.94
418.06 438.00
418.06 439.00
418.06 440.00
418.06 441.00
419.00 441.94
419.06 442.00
419.06 443.00
419.06 444.00
420.00 444.94
420.06 445.00
420.06 446.00
421.00 446.94
421.06 447.00
422.00 447.94
422.06 448.00
422.06 449.00
423.00 449.94
423.06 450.00
423.06 451.00
424.00 451.94
424.06 452.00
425.00 452.94
425.06 453.00
426.00 453.94
426.06 454.00
427.00 454.94
427.06 455.00
428.00 455.94
428.06 456.00
429.00 456.94
429.06 457.00
430.00 457.94
430.06 458.00
431.00 458.94
431.06 459.00
432.00 459.94
432.06 460.00
433.00 460.94
433.06 461.00
434.00 461.94
435.00 461.94
436.00 461.94
436.06 462.00
437.00 462.94
438.00 462.94
438.06 463.00
439.00 463.94
440.00 463.94
441.00 463.94
441.06 464.00
442.00 464.94
443.00 464.94
444.00 464.94
445.00 464.94
446.00 464.94
447.00 464.94
447.06 465.00
448.00 465.94
449.00 465.94
450.00 465.94
451.00 465.94
452.00 465.94
453.00 465.94
454.00 465.94
455.00 465.94
456.00 465.94
457.00 465.94
458.00 465.94
459.00 465.94
459.94 465.00
460.00 464.94
461.00 464.94
462.00 464.94
463.00 464.94
463.94 464.00
464.00 463.94
464.94 463.00
465.00 462.94
466.00 462.94
466.94 462.00
467.00 461.94
467.94 461.00
468.00 460.94
468.94 460.00
469.00 459.94
469.94 459.00
470.00 458.94
470.94 458.00
471.00 457.94
471.94 457.00
471.94 456.00
472.00 455.94
472.94 455.00
473.00 454.94
473.94 454.00
473.94 453.00
473.94 452.00
474.00 451.94
474.94 451.00
474.94 450.00
475.00 449.94
475.94 449.00
475.94 448.00
475.94 447.00
475.94 446.00
476.00 445.94
476.94 445.00

Contour 9:
527.95 688.00
527.95 687.00
527.95 686.00
527.95 685.00
527.95 684.00
527.95 683.00
527.95 682.00
527.95 681.00
527.95 680.00
527.95 679.00
527.95 678.00
527.95 677.00
527.95 676.00
527.95 675.00
527.95 674.00
527.95 673.00
527.95 672.00
527.95 671.00
527.00 670.05
526.95 670.00
526.95 669.00
526.95 668.00
526.00 667.05
525.95 667.00
525.95 666.00
525.95 665.00
525.95 664.00
525.00 663.05
524.95 663.00
524.95 662.00
524.00 661.05
523.95 661.00
523.00 660.05
522.95 660.00
522.95 659.00
522.00 658.05
521.95 658.00
521.00 657.05
520.95 657.00
520.00 656.05
519.95 656.00
519.00 655.05
518.95 655.00
518.00 654.05
517.95 654.00
517.00 653.05
516.95 653.00
516.00 652.05
515.00 652.05
514.95 652.00
514.00 651.05
513.00 651.05
512.95 651.00
512.00 650.05
511.00 650.05
510.00 650.05
509.00 650.05
508.95 650.00
508.00 649.05
507.00 649.05
506.00 649.05
505.00 649.05
504.00 649.05
503.00 649.05
502.00 649.05
501.00 649.05
500.00 649.05
499.00 649.05
498.00 649.05
497.00 649.05
496.00 649.05
495.00 649.05
494.05 650.00
494.00 650.05
493.00 650.05
492.00 650.05
491.05 651.00
491.00 651.05
490.00 651.05
489.05 652.00
489.00 652.05
488.00 652.05
487.05 653.00
487.00 653.05
486.05 654.00
486.00 654.05
485.00 654.05
484.05 655.00
484.00 655.05
483.00 655.05
482.05 656.00
482.00 656.05
481.05 657.00
481.00 657.05
480.00 657.05
479.05 658.00
479.00 658.05
478.05 659.00
478.00 659.05
477.00 659.05
476.05 660.00
476.00 660.05
475.05 661.00
475.00 661.05
474.05 662.00
474.05 663.00
474.00 663.05
473.05 664.00
473.00 664.05
472.05 665.00
472.05 666.00
472.00 666.05
471.05 667.00
471.05 668.00
471.00 668.05
470.05 669.00
470.05 670.00
470.05 671.00
470.00 671.05
469.05 672.00
469.05 673.00
469.05 674.00
469.05 675.00
469.00 675.05
468.05 676.00
468.05 677.00
468.05 678.00
468.05 679.00
468.00 679.05
467.05 680.00
467.05 681.00
467.05 682.00
467.05 683.00
467.05 684.00
467.05 685.00
467.05 686.00
468.00 686.95
468.05 687.00
468.05 688.00
468.05 689.00
468.05 690.00
469.00 690.95
469.05 691.00
469.05 692.00
469.05 693.00
470.00 693.95
470.05 694.00
470.05 695.00
470.05 696.00
471.00 696.95
471.05 697.00
472.00 697.95
472.05 698.00
472.05 699.00
473.00 699.95
473.05 700.00
473.05 701.00
474.00 701.95
474.05 702.00
474.05 703.00
475.00 703.95
475.05 704.00
476.00 704.95
476.05 705.00
477.00 705.95
477.05 706.00
478.00 706.95
478.05 707.00
479.00 707.95
479.05 708.00
480.00 708.95
480.05 709.00
481.00 709.95
481.05 710.00
482.00 710.95
483.00 710.95
483.05 711.00
484.00 711.95
485.00 711.95
486.00 711.95
486.05 712.00
487.00 712.95
488.00 712.95
489.00 712.95
490.00 712.95
491.00 712.95
492.00 712.95
493.00 712.95
494.00 712.95
495.00 712.95
496.00 712.95
497.00 712.95
498.00 712.95
498.95 712.00
499.00 711.95
500.00 711.95
501.00 711.95
502.00 711.95
502.95 711.00
503.00 710.95
504.00 710.95
505.00 710.95
506.00 710.95
507.00 710.95
507.95 710.00
508.00 709.95
509.00 709.95
509.95 709.00
510.00 708.95
511.00 708.95
511.95 708.00
512.00 707.95
513.00 707.95
513.95 707.00
514.00 706.95
514.95 706.00
515.00 705.95
515.95 705.00
516.00 704.95
516.95 704.00
517.00 703.95
517.95 703.00
518.00 702.95
518.95 702.00
519.00 701.95
519.95 701.00
520.00 700.95
520.95 700.00
520.95 699.00
521.00 698.95
521.95 698.00
522.00 697.95
522.95 697.00
523.00 696.95
523.95 696.00
523.95 695.00
524.00 694.95
524.95 694.00
524.95 693.00
525.00 692.95
525.95 692.00
526.00 691.95
526.95 691.00
526.95 690.00
526.95 689.00
527.00 688.95
527.95 688.00

Contour 10:
556.95 336.00
556.95 335.00
556.95 334.00
556.95 333.00
556.95 332.00
556.95 331.00
556.95 330.00
556.95 329.00
556.95 328.00
556.95 327.00
556.95 326.00
556.95 325.00
556.95 324.00
556.95 323.00
556.95 322.00
556.95 321.00
556.95 320.00
556.00 319.05
555.95 319.00
555.95 318.00
555.95 317.00
555.00 316.05
554.95 316.00
554.95 315.00
554.00 314.05
553.95 314.00
553.95 313.00
553.00 312.05
552.95 312.00
552.00 311.05
551.95 311.00
551.00 310.05
550.95 310.00
550.00 309.05
549.95 309.00
549.00 308.05
548.95 308.00
548.00 307.05
547.95 307.00
547.00 306.05
546.95 306.00
546.00 305.05
545.95 305.00
545.00 304.05
544.95 304.00
544.00 303.05
543.95 303.00
543.00 302.05
542.95 302.00
542.00 301.05
541.00 301.05
540.95 301.00
540.00 300.05
539.95 300.00
539.00 299.05
538.00 299.05
537.00 299.05
536.95 299.00
536.00 298.05
535.00 298.05
534.00 298.05
533.95 298.00
533.00 297.05
532.00 297.05
531.00 297.05
530.00 297.05
529.00 297.05
528.05 298.00
528.00 298.05
527.00 298.05
526.00 298.05
525.00 298.05
524.00 298.05
523.00 298.05
522.00 298.05
521.00 298.05
520.00 298.05
519.05 299.00
519.00 299.05
518.00 299.05
517.00 299.05
516.00 299.05
515.05 300.00
515.00 300.05
514.00 300.05
513.05 301.00
513.00 301.05
512.00 301.05
511.05 302.00
511.00 302.05
510.00 302.05
509.05 303.00
509.00 303.05
508.05 304.00
508.00 304.05
507.05 305.00
507.00 305.05
506.05 306.00
506.00 306.05
505.05 307.00
505.05 308.00
505.00 308.05
504.05 309.00
504.05 310.00
504.00 310.05
503.05 311.00
503.05 312.00
503.00 312.05
502.05 313.00
502.05 314.00
502.00 314.05
501.05 315.00
501.05 316.00
501.00 316.05
500.05 317.00
500.05 318.00
500.05 319.00
500.05 320.00
500.00 320.05
499.05 321.00
499.05 322.00
499.05 323.00
499.05 324.00
499.05 325.00
499.05 326.00
500.00 326.95
500.05 327.00
500.05 328.00
500.05 329.00
500.05 330.00
501.00 330.95
501.05 331.00
501.05 332.00
502.00 332.95
502.05 333.00
502.05 334.00
503.00 334.95
503.05 335.00
503.05 336.00
504.00 336.95
504.05 337.00
505.00 337.95
505.05 338.00
505.05 339.00
506.00 339.95
506.05 340.00
507.00 340.95
507.05 341.00
508.00 341.95
508.05 342.00
509.00 342.95
509.05 343.00
510.00 343.95
510.05 344.00
511.00 344.95
511.05 345.00
512.00 345.95
513.00 345.95
513.05 346.00
514.00 346.95
514.05 347.00
515.00 347.95
516.00 347.95
516.05 348.00
517.00 348.95
518.00 348.95
518.05 349.00
519.00 349.95
520.00 349.95
520.05 350.00
521.00 350.95
522.00 350.95
522.05 351.00
523.00 351.95
524.00 351.95
525.00 351.95
526.00 351.95
526.05 352.00
527.00 352.95
528.00 352.95
529.00 352.95
530.00 352.95
531.00 352.95
532.00 352.95
533.00 352.95
534.00 352.95
534.05 353.00
535.00 353.95
536.00 353.95
537.00 353.95
538.00 353.95
539.00 353.95
539.95 353.00
540.00 352.95
541.00 352.95
542.00 352.95
543.00 352.95
543.95 352.00
544.00 351.95
545.00 351.95
545.95 351.00
546.00 350.95
547.00 350.95
547.95 350.00
548.00 349.95
548.95 349.00
549.00 348.95
549.95 348.00
550.00 347.95
550.95 347.00
551.00 346.95
551.95 346.00
552.00 345.95
552.95 345.00
553.00 344.95
553.95 344.00
553.95 343.00
554.00 342.95
554.95 342.00
554.95 341.00
554.95 340.00
555.00 339.95
555.95 339.00
555.95 338.00
555.95 337.00
556.00 336.95
556.95 336.00

Contour 11:
565.96 452.00
565.96 451.00
565.96 450.00
565.96 449.00
565.96 448.00
565.96 447.00
565.96 446.00
565.96 445.00
565.00 444.04
564.96 444.00
564.96 443.00
564.96 442.00
564.00 441.04
563.96 441.00
563.96 440.00
563.00 439.04
562.96 439.00
562.96 438.00
562.00 437.04
561.96 437.00
561.00 436.04
560.96 436.00
560.96 435.00
560.00 434.04
559.96 434.00
559.00 433.04
558.96 433.00
558.00 432.04
557.96 432.00
557.96 431.00
557.00 430.04
556.96 430.00
556.00 429.04
555.96 429.00
555.00 428.04
554.96 428.00
554.00 427.04
553.96 427.00
553.00 426.04
552.96 426.00
552.00 425.04
551.96 425.00
551.00 424.04
550.96 424.00
550.00 423.04
549.96 423.00
549.00 422.04
548.96 422.00
548.00 421.04
547.00 421.04
546.96 421.00
546.00 420.04
545.96 420.00
545.00 419.04
544.96 419.00
544.96 418.00
544.00 417.04
543.96 417.00
543.00 416.04
542.96 416.00
542.00 415.04
541.00 415.04
540.96 415.00
540.00 414.04
539.96 414.00
539.00 413.04
538.96 413.00
538.00 412.04
537.00 412.04
536.96 412.00
536.00 411.04
535.96 411.00
535.00 410.04
534.00 410.04
533.00 410.04
532.00 410.04
531.96 410.00
531.00 409.04
530.00 409.04
529.00 409.04
528.00 409.04
527.04 410.00
527.00 410.04
526.00 410.04
525.00 410.04
524.04 411.00
524.00 411.04
523.00 411.04
522.00 411.04
521.04 412.00
521.00 412.04
520.04 413.00
520.00 413.04
519.00 413.04
518.04 414.00
518.00 414.04
517.04 415.00
517.00 415.04
516.00 415.04
515.04 416.00
515.00 416.04
514.04 417.00
514.00 417.04
513.04 418.00
513.04 419.00
513.00 419.04
512.04 420.00
512.00 420.04
511.04 421.00
511.00 421.04
510.04 422.00
510.04 423.00
510.00 423.04
509.04 424.00
509.04 425.00
509.00 425.04
508.04 426.00
508.04 427.00
508.00 427.04
507.04 428.00
507.04 429.00
507.04 430.00
507.04 431.00
507.04 432.00
507.00 432.04
506.04 433.00
506.04 434.00
506.04 435.00
506.04 436.00
506.04 437.00
506.04 438.00
506.04 439.00
506.04 440.00
506.04 441.00
507.00 441.96
507.04 442.00
507.04 443.00
507.04 444.00
507.04 445.00
507.04 446.00
508.00 446.96
508.04 447.00
508.04 448.00
509.00 448.96
509.04 449.00
509.04 450.00
510.00 450.96
510.04 451.00
510.04 452.00
511.00 452.96
511.04 453.00
511.04 454.00
512.00 454.96
512.04 455.00
513.00 455.96
513.04 456.00
514.00 456.96
514.04 457.00
515.00 457.96
515.04 458.00
516.00 458.96
516.04 459.00
517.00 459.96
517.04 460.00
518.00 460.96
518.04 461.00
519.00 461.96
519.04 462.00
520.00 462.96
520.04 463.00
521.00 463.96
522.00 463.96
522.04 464.00
523.00 464.96
523.04 465.00
524.00 465.96
525.00 465.96
525.04 466.00
526.00 466.96
527.00 466.96
527.04 467.00
528.00 467.96
529.00 467.96
529.04 468.00
530.00 468.96
531.00 468.96
531.04 469.00
532.00 469.96
533.00 469.96
534.00 469.96
535.00 469.96
535.04 470.00
536.00 470.96
537.00 470.96
538.00 470.96
539.00 470.96
540.00 470.96
541.00 470.96
542.00 470.96
543.00 470.96
544.00 470.96
545.00 470.96
546.00 470.96
546.96 470.00
547.00 469.96
548.00 469.96
549.00 469.96
549.96 469.00
550.00 468.96
551.00 468.96
552.00 468.96
552.96 468.00
553.00 467.96
553.96 467.00
554.00 466.96
555.00 466.96
555.96 466.00
556.00 465.96
556.96 465.00
557.00 464.96
557.96 464.00
558.00 463.96
558.96 463.00
559.00 462.96
559.96 462.00
560.00 461.96
560.96 461.00
560.96 460.00
561.00 459.96
561.96 459.00
562.00 458.96
562.96 458.00
562.96 457.00
563.00 456.96
563.96 456.00
563.96 455.00
564.00 454.96
564.96 454.00
564.96 453.00
565.00 452.96
565.96 452.00

Contour 12:
560.96 533.00
560.96 532.00
560.96 531.00
560.96 530.00
560.96 529.00
560.96 528.00
560.96 527.00
560.96 526.00
560.96 525.00
560.96 524.00
560.96 523.00
560.96 522.00
560.96 521.00
560.96 520.00
560.96 519.00
560.96 518.00
560.96 517.00
560.96 516.00
560.96 515.00
560.96 514.00
560.00 513.04
559.96 513.00
559.96 512.00
559.96 511.00
559.00 510.04
558.96 510.00
558.96 509.00
558.00 508.04
557.96 508.00
557.00 507.04
556.96 507.00
556.00 506.04
555.96 506.00
555.96 505.00
555.00 504.04
554.96 504.00
554.00 503.04
553.96 503.00
553.00 502.04
552.96 502.00
552.00 501.04
551.96 501.00
551.00 500.04
550.96 500.00
550.00 499.04
549.96 499.00
549.00 498.04
548.00 498.04
547.96 498.00
547.00 497.04
546.00 497.04
545.96 497.00
545.00 496.04
544.00 496.04
543.00 496.04
542.96 496.00
542.00 495.04
541.00 495.04
540.96 495.00
540.00 494.04
539.00 494.04
538.00 494.04
537.00 494.04
536.00 494.04
535.00 494.04
534.00 494.04
533.00 494.04
532.96 494.00
532.00 493.04
531.00 493.04
530.04 494.00
530.00 494.04
529.00 494.04
528.00 494.04
527.00 494.04
526.00 494.04
525.00 494.04
524.04 495.00
524.00 495.04
523.00 495.04
522.04 496.00
522.00 496.04
521.00 496.04
520.00 496.04
519.04 497.00
519.00 497.04
518.04 498.00
518.00 498.04
517.00 498.04
516.04 499.00
516.00 499.04
515.04 500.00
515.00 500.04
514.04 501.00
514.00 501.04
513.04 502.00
513.00 502.04
512.04 503.00
512.00 503.04
511.04 504.00
511.04 505.00
511.00 505.04
510.04 506.00
510.04 507.00
510.00 507.04
509.04 508.00
509.04 509.00
509.04 510.00
509.00 510.04
508.04 511.00
508.04 512.00
508.04 513.00
508.04 514.00
508.00 514.04
507.04 515.00
507.04 516.00
507.04 517.00
507.04 518.00
507.04 519.00
507.04 520.00
507.04 521.00
507.04 522.00
507.04 523.00
507.04 524.00
507.04 525.00
508.00 525.96
508.04 526.00
508.04 527.00
508.04 528.00
509.00 528.96
509.04 529.00
509.04 530.00
510.00 530.96
510.04 531.00
510.04 532.00
510.04 533.00
511.00 533.96
511.04 534.00
511.04 535.00
512.00 535.96
512.04 536.00
512.04 537.00
513.00 537.96
513.04 538.00
513.04 539.00
513.04 540.00
514.00 540.96
514.04 541.00
514.04 542.00
515.00 542.96
515.04 543.00
516.00 543.96
516.04 544.00
516.04 545.00
517.00 545.96
517.04 546.00
518.00 546.96
518.04 547.00
519.00 547.96
520.00 547.96
520.04 548.00
521.00 548.96
521.04 549.00
522.00 549.96
523.00 549.96
523.04 550.00
524.00 550.96
525.00 550.96
525.04 551.00
526.00 551.96
526.04 552.00
527.00 552.96
528.00 552.96
528.04 553.00
529.00 553.96
530.00 553.96
531.00 553.96
531.04 554.00
532.00 554.96
533.00 554.96
534.00 554.96
535.00 554.96
536.00 554.96
537.00 554.96
538.00 554.96
539.00 554.96
540.00 554.96
540.96 554.00
541.00 553.96
542.00 553.96
543.00 553.96
543.96 553.00
544.00 552.96
545.00 552.96
546.00 552.96
546.96 552.00
547.00 551.96
548.00 551.96
548.96 551.00
549.00 550.96
550.00 550.96
550.96 550.00
551.00 549.96
551.96 549.00
552.00 548.96
552.96 548.00
553.00 547.96
553.96 547.00
554.00 546.96
554.96 546.00
555.00 545.96
555.96 545.00
555.96 544.00
556.00 543.96
556.96 543.00
556.96 542.00
557.00 541.96
557.96 541.00
557.96 540.00
558.00 539.96
558.96 539.00
558.96 538.00
558.96 537.00
559.00 536.96
559.96 536.00
559.96 535.00
559.96 534.00
560.00 533.96
560.96 533.00

Contour 13:
614.96 652.00
614.96 651.00
614.96 650.00
614.96 649.00
614.96 648.00
614.96 647.00
614.96 646.00
614.96 645.00
614.96 644.00
614.96 643.00
614.96 642.00
614.00 641.04
613.96 641.00
613.96 640.00
613.96 639.00
613.96 638.00
613.00 637.04
612.96 637.00
612.96 636.00
612.96 635.00
612.00 634.04
611.96 634.00
611.96 633.00
611.00 632.04
610.96 632.00
610.96 631.00
610.00 630.04
609.96 630.00
609.96 629.00
609.00 628.04
608.96 628.00
608.00 627.04
607.96 627.00
607.96 626.00
607.00 625.04
606.96 625.00
606.00 624.04
605.96 624.00
605.00 623.04
604.96 623.00
604.00 622.04
603.96 622.00
603.00 621.04
602.96 621.00
602.00 620.04
601.96 620.00
601.00 619.04
600.96 619.00
600.00 618.04
599.00 618.04
598.96 618.00
598.00 617.04
597.96 617.00
597.00 616.04
596.96 616.00
596.00 615.04
595.00 615.04
594.96 615.00
594.00 614.04
593.00 614.04
592.00 614.04
591.96 614.00
591.00 613.04
590.00 613.04
589.96 613.00
589.00 612.04
588.00 612.04
587.00 612.04
586.00 612.04
585.96 612.00
585.00 611.04
584.00 611.04
583.00 611.04
582.00 611.04
581.00 611.04
580.00 611.04
579.00 611.04
578.00 611.04
577.00 611.04
576.04 612.00
576.00 612.04
575.00 612.04
574.00 612.04
573.00 612.04
572.00 612.04
571.04 613.00
571.00 613.04
570.00 613.04
569.04 614.00
569.00 614.04
568.00 614.04
567.04 615.00
567.00 615.04
566.00 615.04
565.04 616.00
565.00 616.04
564.04 617.00
564.00 617.04
563.00 617.04
562.04 618.00
562.00 618.04
561.04 619.00
561.00 619.04
560.04 620.00
560.00 620.04
559.04 621.00
559.00 621.04
558.04 622.00
558.00 622.04
557.04 623.00
557.00 623.04
556.04 624.00
556.04 625.00
556.00 625.04
555.04 626.00
555.04 627.00
555.00 627.04
554.04 628.00
554.04 629.00
554.00 629.04
553.04 630.00
553.04 631.00
553.04 632.00
553.00 632.04
552.04 633.00
552.04 634.00
552.04 635.00
552.04 636.00
552.04 637.00
552.04 638.00
552.00 638.04
551.04 639.00
551.04 640.00
551.04 641.00
551.04 642.00
552.00 642.96
552.04 643.00
552.04 644.00
552.04 645.00
552.04 646.00
552.04 647.00
552.04 648.00
553.00 648.96
553.04 649.00
553.04 650.00
553.04 651.00
554.00 651.96
554.04 652.00
554.04 653.00
554.04 654.00
555.00 654.96
555.04 655.00
555.04 656.00
556.00 656.96
556.04 657.00
557.00 657.96
557.04 658.00
557.04 659.00
558.00 659.96
558.04 660.00
558.04 661.00
559.00 661.96
559.04 662.00
560.00 662.96
560.04 663.00
561.00 663.96
561.04 664.00
561.04 665.00
562.00 665.96
562.04 666.00
563.00 666.96
563.04 667.00
564.00 667.96
564.04 668.00
565.00 668.96
565.04 669.00
566.00 669.96
566.04 670.00
567.00 670.96
568.00 670.96
568.04 671.00
569.00 671.96
570.00 671.96
570.04 672.00
571.00 672.96
571.04 673.00
572.00 673.96
573.00 673.96
574.00 673.96
574.04 674.00
575.00 674.96
576.00 674.96
577.00 674.96
577.04 675.00
578.00 675.96
579.00 675.96
580.00 675.96
580.04 676.00
581.00 676.96
582.00 676.96
583.00 676.96
583.04 677.00
584.00 677.96
585.00 677.96
586.00 677.96
587.00 677.96
588.00 677.96
589.00 677.96
590.00 677.96
591.00 677.96
592.00 677.96
592.96 677.00
593.00 676.96
594.00 676.96
595.00 676.96
595.96 676.00
596.00 675.96
597.00 675.96
597.96 675.00
598.00 674.96
599.00 674.96
599.96 674.00
600.00 673.96
601.00 673.96
601.96 673.00
602.00 672.96
602.96 672.00
603.00 671.96
603.96 671.00
604.00 670.96
605.00 670.96
605.96 670.00
606.00 669.96
606.96 669.00
606.96 668.00
607.00 667.96
607.96 667.00
608.00 666.96
608.96 666.00
608.96 665.00
609.00 664.96
609.96 664.00
610.00 663.96
610.96 663.00
610.96 662.00
611.00 661.96
611.96 661.00
611.96 660.00
611.96 659.00
612.00 658.96
612.96 658.00
612.96 657.00
613.00 656.96
613.96 656.00
613.96 655.00
613.96 654.00
613.96 653.00
614.00 652.96
614.96 652.00

Contour 14:
622.97 337.00
622.97 336.00
622.97 335.00
622.00 334.03
621.97 334.00
621.97 333.00
621.97 332.00
621.97 331.00
621.00 330.03
620.97 330.00
620.97 329.00
620.00 328.03
619.97 328.00
619.97 327.00
619.00 326.03
618.97 326.00
618.97 325.00
618.00 324.03
617.97 324.00
617.00 323.03
616.97 323.00
616.00 322.03
615.97 322.00
615.00 321.03
614.97 321.00
614.00 320.03
613.97 320.00
613.00 319.03
612.00 319.03
611.97 319.00
611.00 318.03
610.00 318.03
609.00 318.03
608.97 318.00
608.00 317.03
607.00 317.03
606.00 317.03
605.97 317.00
605.00 316.03
604.00 316.03
603.00 316.03
602.97 316.00
602.00 315.03
601.00 315.03
600.00 315.03
599.00 315.03
598.00 315.03
597.00 315.03
596.00 315.03
595.00 315.03
594.00 315.03
593.03 316.00
593.00 316.03
592.00 316.03
591.00 316.03
590.00 316.03
589.03 317.00
589.00 317.03
588.00 317.03
587.00 317.03
586.03 318.00
586.00 318.03
585.00 318.03
584.00 318.03
583.03 319.00
583.00 319.03
582.00 319.03
581.03 320.00
581.00 320.03
580.00 320.03
579.03 321.00
579.00 321.03
578.00 321.03
577.03 322.00
577.00 322.03
576.03 323.00
576.00 323.03
575.00 323.03
574.03 324.00
574.00 324.03
573.03 325.00
573.00 325.03
572.03 326.00
572.00 326.03
571.00 326.03
570.03 327.00
570.00 327.03
569.03 328.00
569.00 328.03
568.00 328.03
567.03 329.00
567.00 329.03
566.03 330.00
566.00 330.03
565.03 331.00
565.00 331.03
564.03 332.00
564.03 333.00
564.00 333.03
563.03 334.00
563.00 334.03
562.03 335.00
562.03 336.00
562.00 336.03
561.03 337.00
561.03 338.00
561.00 338.03
560.03 339.00
560.03 340.00
560.00 340.03
559.03 341.00
559.03 342.00
559.03 343.00
559.03 344.00
559.00 344.03
558.03 345.00
558.03 346.00
558.03 347.00
558.03 348.00
558.03 349.00
558.03 350.00
558.03 351.00
558.03 352.00
559.00 352.97
559.03 353.00
559.03 354.00
559.03 355.00
560.00 355.97
560.03 356.00
560.03 357.00
561.00 357.97
561.03 358.00
561.03 359.00
562.00 359.97
562.03 360.00
563.00 360.97
563.03 361.00
564.00 361.97
564.03 362.00
565.00 362.97
565.03 363.00
566.00 363.97
566.03 364.00
567.00 364.97
567.03 365.00
568.00 365.97
568.03 366.00
569.00 366.97
569.03 367.00
570.00 367.97
571.00 367.97
571.03 368.00
572.00 368.97
573.00 368.97
573.03 369.00
574.00 369.97
575.00 369.97
575.03 370.00
576.00 370.97
577.00 370.97
578.00 370.97
578.03 371.00
579.00 371.97
580.00 371.97
581.00 371.97
582.00 371.97
583.00 371.97
584.00 371.97
585.00 371.97
586.00 371.97
587.00 371.97
588.00 371.97
589.00 371.97
590.00 371.97
590.97 371.00
591.00 370.97
592.00 370.97
593.00 370.97
594.00 370.97
594.97 370.00
595.00 369.97
596.00 369.97
597.00 369.97
597.97 369.00
598.00 368.97
599.00 368.97
599.97 368.00
600.00 367.97
601.00 367.97
601.97 367.00
602.00 366.97
603.00 366.97
603.97 366.00
604.00 365.97
604.97 365.00
605.00 364.97
606.00 364.97
606.97 364.00
607.00 363.97
607.97 363.00
608.00 362.97
608.97 362.00
609.00 361.97
609.97 361.00
610.00 360.97
611.00 360.97
611.97 360.00
612.00 359.97
612.97 359.00
613.00 358.97
613.97 358.00
614.00 357.97
614.97 357.00
614.97 356.00
615.00 355.97
615.97 355.00
616.00 354.97
616.97 354.00
617.00 353.97
617.97 353.00
617.97 352.00
618.00 351.97
618.97 351.00
619.00 350.97
619.97 350.00
619.97 349.00
620.00 348.97
620.97 348.00
620.97 347.00
621.00 346.97
621.97 346.00
621.97 345.00
621.97 344.00
621.97 343.00
621.97 342.00
621.97 341.00
621.97 340.00
621.97 339.00
621.97 338.00
622.00 337.97
622.97 337.00

Contour 15:
629.97 529.00
629.97 528.00
629.97 527.00
629.97 526.00
629.97 525.00
629.97 524.00
629.97 523.00
629.97 522.00
629.97 521.00
629.97 520.00
629.97 519.00
629.97 518.00
629.97 517.00
629.97 516.00
629.97 515.00
629.97 514.00
629.00 513.03
628.97 513.00
628.97 512.00
628.97 511.00
628.97 510.00
628.97 509.00
628.97 508.00
628.97 507.00
628.00 506.03
627.97 506.00
627.97 505.00
627.97 504.00
627.97 503.00
627.00 502.03
626.97 502.00
626.97 501.00
626.97 500.00
626.00 499.03
625.97 499.00
625.97 498.00
625.00 497.03
624.97 497.00
624.97 496.00
624.00 495.03
623.97 495.00
623.97 494.00
623.00 493.03
622.97 493.00
622.97 492.00
622.00 491.03
621.97 491.00
621.00 490.03
620.97 490.00
620.97 489.00
620.00 488.03
619.97 488.00
619.00 487.03
618.00 487.03
617.97 487.00
617.00 486.03
616.97 486.00
616.00 485.03
615.00 485.03
614.97 485.00
614.00 484.03
613.97 484.00
613.00 483.03
612.00 483.03
611.00 483.03
610.97 483.00
610.00 482.03
609.00 482.03
608.00 482.03
607.00 482.03
606.00 482.03
605.00 482.03
604.00 482.03
603.00 482.03
602.00 482.03
601.03 483.00
601.00 483.03
600.00 483.03
599.00 483.03
598.03 484.00
598.00 484.03
597.00 484.03
596.00 484.03
595.03 485.00
595.00 485.03
594.03 486.00
594.00 486.03
593.03 487.00
593.00 487.03
592.03 488.00
592.00 488.03
591.03 489.00
591.00 489.03
590.03 490.00
590.03 491.00
590.00 491.03
589.03 492.00
589.03 493.00
589.00 493.03
588.03 494.00
588.00 494.03
587.03 495.00
587.00 495.03
586.03 496.00
586.00 496.03
585.03 497.00
585.00 497.03
584.03 498.00
584.00 498.03
583.03 499.00
583.00 499.03
582.03 500.00
582.00 500.03
581.03 501.00
581.00 501.03
580.03 502.00
580.00 502.03
579.03 503.00
579.00 503.03
578.03 504.00
578.03 505.00
578.00 505.03
577.03 506.00
577.00 506.03
576.03 507.00
576.03 508.00
576.03 509.00
576.00 509.03
575.03 510.00
575.03 511.00
575.00 511.03
574.03 512.00
574.03 513.00
574.03 514.00
574.03 515.00
574.03 516.00
574.03 517.00
574.03 518.00
574.03 519.00
574.03 520.00
575.00 520.97
575.03 521.00
575.03 522.00
575.03 523.00
575.03 524.00
576.00 524.97
576.03 525.00
576.03 526.00
576.03 527.00
577.00 527.97
577.03 528.00
578.00 528.97
578.03 529.00
578.03 530.00
579.00 530.97
579.03 531.00
580.00 531.97
580.03 532.00
581.00 532.97
581.03 533.00
582.00 533.97
582.03 534.00
583.00 534.97
583.03 535.00
584.00 535.97
585.00 535.97
585.03 536.00
586.00 536.97
586.03 537.00
587.00 537.97
588.00 537.97
588.03 538.00
589.00 538.97
590.00 538.97
590.03 539.00
591.00 539.97
592.00 539.97
592.03 540.00
593.00 540.97
594.00 540.97
594.03 541.00
595.00 541.97
596.00 541.97
597.00 541.97
598.00 541.97
599.00 541.97
600.00 541.97
600.03 542.00
601.00 542.97
602.00 542.97
603.00 542.97
604.00 542.97
605.00 542.97
606.00 542.97
607.00 542.97
608.00 542.97
609.00 542.97
610.00 542.97
610.97 542.00
611.00 541.97
612.00 541.97
613.00 541.97
614.00 541.97
615.00 541.97
616.00 541.97
617.00 541.97
618.00 541.97
618.97 541.00
619.00 540.97
620.00 540.97
621.00 540.97
621.97 540.00
622.00 539.97
623.00 539.97
623.97 539.00
624.00 538.97
624.97 538.00
625.00 537.97
625.97 537.00
626.00 536.97
626.97 536.00
626.97 535.00
627.00 534.97
627.97 534.00
627.97 533.00
628.00 532.97
628.97 532.00
628.97 531.00
628.97 530.00
629.00 529.97
629.97 529.00

Contour 16:
680.97 440.00
680.97 439.00
680.97 438.00
680.97 437.00
680.97 436.00
680.97 435.00
680.97 434.00
680.97 433.00
680.97 432.00
680.97 431.00
680.00 430.03
679.97 430.00
679.97 429.00
679.97 428.00
679.97 427.00
679.97 426.00
679.00 425.03
678.97 425.00
678.97 424.00
678.00 423.03
677.97 423.00
677.00 422.03
676.97 422.00
676.97 421.00
676.00 420.03
675.97 420.00
675.00 419.03
674.97 419.00
674.00 418.03
673.97 418.00
673.00 417.03
672.97 417.00
672.00 416.03
671.97 416.00
671.00 415.03
670.97 415.00
670.00 414.03
669.00 414.03
668.97 414.00
668.00 413.03
667.97 413.00
667.00 412.03
666.00 412.03
665.97 412.00
665.00 411.03
664.00 411.03
663.00 411.03
662.97 411.00
662.00 410.03
661.00 410.03
660.97 410.00
660.00 409.03
659.00 409.03
658.00 409.03
657.97 409.00
657.00 408.03
656.00 408.03
655.00 408.03
654.00 408.03
653.00 408.03
652.00 408.03
651.00 408.03
650.00 408.03
649.00 408.03
648.03 409.00
648.00 409.03
647.00 409.03
646.03 410.00
646.00 410.03
645.00 410.03
644.00 410.03
643.03 411.00
643.00 411.03
642.00 411.03
641.00 411.03
640.03 412.00
640.00 412.03
639.00 412.03
638.03 413.00
638.00 413.03
637.00 413.03
636.03 414.00
636.00 414.03
635.03 415.00
635.00 415.03
634.00 415.03
633.03 416.00
633.00 416.03
632.00 416.03
631.03 417.00
631.00 417.03
630.03 418.00
630.00 418.03
629.03 419.00
629.00 419.03
628.00 419.03
627.03 420.00
627.00 420.03
626.03 421.00
626.00 421.03
625.03 422.00
625.00 422.03
624.03 423.00
624.00 423.03
623.03 424.00
623.00 424.03
622.03 425.00
622.03 426.00
622.00 426.03
621.03 427.00
621.00 427.03
620.03 428.00
620.03 429.00
620.00 429.03
619.03 430.00
619.03 431.00
619.00 431.03
618.03 432.00
618.03 433.00
618.00 433.03
617.03 434.00
617.03 435.00
617.03 436.00
617.03 437.00
617.03 438.00
617.03 439.00
617.03 440.00
617.03 441.00
617.03 442.00
617.03 443.00
617.03 444.00
618.00 444.97
618.03 445.00
618.03 446.00
619.00 446.97
619.03 447.00
619.03 448.00
620.00 448.97
620.03 449.00
621.00 449.97
621.03 450.00
621.03 451.00
622.00 451.97
622.03 452.00
623.00 452.97
623.03 453.00
624.00 453.97
624.03 454.00
624.03 455.00
625.00 455.97
625.03 456.00
626.00 456.97
626.03 457.00
627.00 457.97
627.03 458.00
628.00 458.97
628.03 459.00
629.00 459.97
629.03 460.00
630.00 460.97
630.03 461.00
631.00 461.97
632.00 461.97
632.03 462.00
633.00 462.97
633.03 463.00
634.00 463.97
635.00 463.97
635.03 464.00
636.00 464.97
637.00 464.97
637.03 465.00
638.00 465.97
639.00 465.97
640.00 465.97
640.03 466.00
641.00 466.97
642.00 466.97
643.00 466.97
644.00 466.97
645.00 466.97
646.00 466.97
647.00 466.97
648.00 466.97
649.00 466.97
650.00 466.97
651.00 466.97
651.97 466.00
652.00 465.97
653.00 465.97
654.00 465.97
655.00 465.97
655.97 465.00
656.00 464.97
657.00 464.97
658.00 464.97
658.97 464.00
659.00 463.97
660.00 463.97
661.00 463.97
661.97 463.00
662.00 462.97
662.97 462.00
663.00 461.97
664.00 461.97
664.97 461.00
665.00 460.97
666.00 460.97
666.97 460.00
667.00 459.97
667.97 459.00
668.00 458.97
669.00 458.97
669.97 458.00
670.00 457.97
670.97 457.00
671.00 456.97
671.97 456.00
672.00 455.97
672.97 455.00
673.00 454.97
673.97 454.00
674.00 453.97
674.97 453.00
675.00 452.97
675.97 452.00
676.00 451.97
676.97 451.00
676.97 450.00
677.00 449.97
677.97 449.00
677.97 448.00
678.00 447.97
678.97 447.00
678.97 446.00
678.97 445.00
679.00 444.97
679.97 444.00
679.97 443.00
679.97 442.00
679.97 441.00
680.00 440.97
680.97 440.00

Contour 17:
715.97 636.00
715.97 635.00
715.97 634.00
715.97 633.00
715.97 632.00
715.97 631.00
715.97 630.00
715.97 629.00
715.97 628.00
715.97 627.00
715.97 626.00
715.00 625.03
714.97 625.00
714.97 624.00
714.97 623.00
714.97 622.00
714.97 621.00
714.00 620.03
713.97 620.00
713.97 619.00
713.00 618.03
712.97 618.00
712.97 617.00
712.97 616.00
712.00 615.03
711.97 615.00
711.97 614.00
711.00 613.03
710.97 613.00
710.00 612.03
709.97 612.00
709.00 611.03
708.97 611.00
708.97 610.00
708.00 609.03
707.00 609.03
706.97 609.00
706.00 608.03
705.97 608.00
705.00 607.03
704.97 607.00
704.00 606.03
703.00 606.03
702.97 606.00
702.00 605.03
701.00 605.03
700.00 605.03
699.97 605.00
699.00 604.03
698.00 604.03
697.97 604.00
697.00 603.03
696.00 603.03
695.00 603.03
694.00 603.03
693.00 603.03
692.97 603.00
692.00 602.03
691.00 602.03
690.00 602.03
689.00 602.03
688.03 603.00
688.00 603.03
687.00 603.03
686.00 603.03
685.03 604.00
685.00 604.03
684.00 604.03
683.03 605.00
683.00 605.03
682.00 605.03
681.03 606.00
681.00 606.03
680.03 607.00
680.00 607.03
679.00 607.03
678.03 608.00
678.00 608.03
677.03 609.00
677.00 609.03
676.00 609.03
675.03 610.00
675.00 610.03
674.03 611.00
674.00 611.03
673.03 612.00
673.00 612.03
672.03 613.00
672.00 613.03
671.03 614.00
671.00 614.03
670.03 615.00
670.00 615.03
669.03 616.00
669.00 616.03
668.03 617.00
668.00 617.03
667.03 618.00
667.00 618.03
666.03 619.00
666.00 619.03
665.03 620.00
665.00 620.03
664.03 621.00
664.03 622.00
664.00 622.03
663.03 623.00
663.00 623.03
662.03 624.00
662.00 624.03
661.03 625.00
661.00 625.03
660.03 626.00
660.03 627.00
660.00 627.03
659.03 628.00
659.00 628.03
658.03 629.00
658.03 630.00
658.00 630.03
657.03 631.00
657.00 631.03
656.03 632.00
656.03 633.00
656.00 633.03
655.03 634.00
655.03 635.00
655.03 636.00
655.00 636.03
654.03 637.00
654.03 638.00
654.00 638.03
653.03 639.00
653.03 640.00
653.03 641.00
653.03 642.00
653.03 643.00
653.00 643.03
652.03 644.00
652.03 645.00
652.03 646.00
652.03 647.00
652.03 648.00
653.00 648.97
653.03 649.00
653.03 650.00
653.03 651.00
653.03 652.00
653.03 653.00
654.00 653.97
654.03 654.00
654.03 655.00
654.03 656.00
654.03 657.00
655.00 657.97
655.03 658.00
655.03 659.00
655.03 660.00
656.00 660.97
656.03 661.00
656.03 662.00
657.00 662.97
657.03 663.00
658.00 663.97
658.03 664.00
659.00 664.97
659.03 665.00
660.00 665.97
660.03 666.00
661.00 666.97
661.03 667.00
662.00 667.97
663.00 667.97
663.03 668.00
664.00 668.97
664.03 669.00
665.00 669.97
666.00 669.97
667.00 669.97
667.03 670.00
668.00 670.97
669.00 670.97
670.00 670.97
670.03 671.00
671.00 671.97
672.00 671.97
673.00 671.97
674.00 671.97
675.00 671.97
676.00 671.97
677.00 671.97
678.00 671.97
679.00 671.97
680.00 671.97
680.97 671.00
681.00 670.97
682.00 670.97
683.00 670.97
684.00 670.97
684.97 670.00
685.00 669.97
686.00 669.97
687.00 669.97
687.97 669.00
688.00 668.97
689.00 668.97
689.97 668.00
690.00 667.97
690.97 667.00
691.00 666.97
692.00 666.97
692.97 666.00
693.00 665.97
694.00 665.97
694.97 665.00
695.00 664.97
695.97 664.00
696.00 663.97
696.97 663.00
697.00 662.97
697.97 662.00
698.00 661.97
698.97 661.00
699.00 660.97
699.97 660.00
700.00 659.97
700.97 659.00
701.00 658.97
701.97 658.00
702.00 657.97
702.97 657.00
703.00 656.97
703.97 656.00
704.00 655.97
704.97 655.00
705.00 654.97
705.97 654.00
705.97 653.00
706.00 652.97
706.97 652.00
707.00 651.97
707.97 651.00
708.00 650.97
708.97 650.00
709.00 649.97
709.97 649.00
710.00 648.97
710.97 648.00
710.97 647.00
711.00 646.97
711.97 646.00
711.97 645.00
712.00 644.97
712.97 644.00
712.97 643.00
713.00 642.97
713.97 642.00
713.97 641.00
714.00 640.97
714.97 640.00
714.97 639.00
714.97 638.00
714.97 637.00
715.00 636.97
715.97 636.00

Contour 18:
791.98 875.00
791.98 874.00
791.98 873.00
791.98 872.00
791.98 871.00
791.98 870.00
791.98 869.00
791.98 868.00
791.98 867.00
791.00 866.02
790.98 866.00
790.98 865.00
790.98 864.00
790.98 863.00
790.98 862.00
790.00 861.02
789.98 861.00
789.98 860.00
789.98 859.00
789.98 858.00
789.00 857.02
788.98 857.00
788.98 856.00
788.98 855.00
788.00 854.02
787.98 854.00
787.98 853.00
787.00 852.02
786.98 852.00
786.98 851.00
786.00 850.02
785.98 850.00
785.00 849.02
784.98 849.00
784.98 848.00
784.00 847.02
783.98 847.00
783.00 846.02
782.98 846.00
782.00 845.02
781.98 845.00
781.00 844.02
780.98 844.00
780.00 843.02
779.00 843.02
778.98 843.00
778.00 842.02
777.98 842.00
777.00 841.02
776.00 841.02
775.98 841.00
775.00 840.02
774.00 840.02
773.98 840.00
773.00 839.02
772.00 839.02
771.00 839.02
770.98 839.00
770.00 838.02
769.00 838.02
768.98 838.00
768.00 837.02
767.00 837.02
766.00 837.02
765.98 837.00
765.00 836.02
764.00 836.02
763.00 836.02
762.00 836.02
761.00 836.02
760.98 836.00
760.00 835.02
759.00 835.02
758.00 835.02
757.00 835.02
756.00 835.02
755.00 835.02
754.00 835.02
753.00 835.02
752.00 835.02
751.02 836.00
751.00 836.02
750.00 836.02
749.00 836.02
748.00 836.02
747.02 837.00
747.00 837.02
746.00 837.02
745.00 837.02
744.02 838.00
744.00 838.02
743.00 838.02
742.02 839.00
742.00 839.02
741.00 839.02
740.02 840.00
740.00 840.02
739.00 840.02
738.02 841.00
738.00 841.02
737.02 842.00
737.00 842.02
736.00 842.02
735.02 843.00
735.00 843.02
734.02 844.00
734.00 844.02
733.00 844.02
732.02 845.00
732.00 845.02
731.02 846.00
731.00 846.02
730.02 847.00
730.00 847.02
729.02 848.00
729.00 848.02
728.02 849.00
728.02 850.00
728.00 850.02
727.02 851.00
727.02 852.00
727.02 853.00
727.00 853.02
726.02 854.00
726.02 855.00
726.02 856.00
726.00 856.02
725.02 857.00
725.02 858.00
725.02 859.00
725.00 859.02
724.02 860.00
724.02 861.00
724.02 862.00
724.02 863.00
724.02 864.00
724.02 865.00
724.02 866.00
724.02 867.00
724.00 867.02
723.02 868.00
723.02 869.00
723.00 869.03
722.00 869.03
721.97 869.00
721.00 868.03
720.97 868.00
720.00 867.03
719.97 867.00
719.00 866.03
718.97 866.00
718.00 865.03
717.97 865.00
717.00 864.03
716.97 864.00
716.00 863.03
715.97 863.00
715.00 862.03
714.00 862.03
713.97 862.00
713.00 861.03
712.00 861.03
711.00 861.03
710.97 861.00
710.00 860.03
709.00 860.03
708.97 860.00
708.00 859.03
707.97 859.00
707.00 858.03
706.00 858.03
705.00 858.03
704.00 858.03
703.97 858.00
703.00 857.03
702.00 857.03
701.00 857.03
700.03 858.00
700.00 858.03
699.00 858.03
698.00 858.03
697.00 858.03
696.00 858.03
695.00 858.03
694.00 858.03
693.03 859.00
693.00 859.03
692.00 859.03
691.00 859.03
690.03 860.00
690.00 860.03
689.00 860.03
688.03 861.00
688.00 861.03
687.00 861.03
686.03 862.00
686.00 862.03
685.03 863.00
685.00 863.03
684.00 863.03
683.03 864.00
683.00 864.03
682.03 865.00
682.00 865.03
681.00 865.03
680.03 866.00
680.00 866.03
679.03 867.00
679.03 868.00
679.00 868.03
678.03 869.00
678.00 869.03
677.03 870.00
677.00 870.03
676.03 871.00
676.03 872.00
676.00 872.03
675.03 873.00
675.03 874.00
675.00 874.03
674.03 875.00
674.00 875.03
673.03 876.00
673.03 877.00
673.03 878.00
673.00 878.03
672.03 879.00
672.03 880.00
672.03 881.00
672.03 882.00
672.03 883.00
672.03 884.00
672.03 885.00
672.03 886.00
672.03 887.00
672.03 888.00
672.03 889.00
672.03 890.00
672.03 891.00
673.00 891.97
673.03 892.00
673.03 893.00
673.03 894.00
674.00 894.97
674.03 895.00
674.03 896.00
675.00 896.97
675.03 897.00
675.03 898.00
675.03 899.00
676.00 899.97
676.03 900.00
676.03 901.00
677.00 901.97
677.03 902.00
677.03 903.00
678.00 903.97
678.03 904.00
678.03 905.00
679.00 905.97
679.03 906.00
680.00 906.97
680.03 907.00
681.00 907.97
681.03 908.00
682.00 908.97
682.03 909.00
683.00 909.97
683.03 910.00
684.00 910.97
685.00 910.97
685.03 911.00
686.00 911.97
686.03 912.00
687.00 912.97
688.00 912.97
688.03 913.00
689.00 913.97
689.03 914.00
690.00 914.97
691.00 914.97
691.03 915.00
692.00 915.97
693.00 915.97
693.03 916.00
694.00 916.97
695.00 916.97
695.03 917.00
696.00 917.97
697.00 917.97
697.03 918.00
698.00 918.97
699.00 918.97
700.00 918.97
701.00 918.97
701.03 919.00
702.00 919.97
703.00 919.97
704.00 919.97
705.00 919.97
706.00 919.97
707.00 919.97
708.00 919.97
709.00 919.97
709.03 920.00
710.00 920.97
711.00 920.97
712.00 920.97
712.97 920.00
713.00 919.97
714.00 919.97
715.00 919.97
716.00 919.97
717.00 919.97
718.00 919.97
719.00 919.97
720.00 919.97
721.00 919.97
722.00 919.97
722.97 919.00
723.00 918.97
724.00 918.97
725.00 918.97
726.00 918.97
727.00 918.97
728.00 918.97
728.97 918.00
729.00 917.97
730.00 917.97
730.97 917.00
731.00 916.97
731.97 916.00
732.00 915.97
733.00 915.97
733.97 915.00
734.00 914.97
734.97 914.00
735.00 913.97
735.97 913.00
736.00 912.97
736.97 912.00
736.97 911.00
737.00 910.97
737.97 910.00
737.97 909.00
738.00 908.97
738.97 908.00
738.97 907.00
739.00 906.97
739.97 906.00
739.97 905.00
739.97 904.00
740.00 903.97
740.97 903.00
740.97 902.00
740.97 901.00
740.97 900.00
740.97 899.00
741.00 898.97
742.00 898.97
742.97 898.00
742.97 897.00
743.00 896.98
744.00 896.98
745.00 896.98
746.00 896.98
746.02 897.00
747.00 897.98
748.00 897.98
749.00 897.98
749.02 898.00
750.00 898.98
751.00 898.98
752.00 898.98
752.02 899.00
753.00 899.98
754.00 899.98
755.00 899.98
756.00 899.98
757.00 899.98
757.02 900.00
758.00 900.98
759.00 900.98
760.00 900.98
761.00 900.98
762.00 900.98
763.00 900.98
764.00 900.98
765.00 900.98
766.00 900.98
767.00 900.98
768.00 900.98
769.00 900.98
770.00 900.98
771.00 900.98
771.98 900.00
772.00 899.98
773.00 899.98
773.98 899.00
774.00 898.98
775.00 898.98
775.98 898.00
776.00 897.98
776.98 897.00
777.00 896.98
778.00 896.98
778.98 896.00
778.98 895.00
779.00 894.98
779.98 894.00
780.00 893.98
780.98 893.00
781.00 892.98
781.98 892.00
782.00 891.98
782.98 891.00
783.00 890.98
783.98 890.00
784.00 889.98
784.98 889.00
785.00 888.98
785.98 888.00
785.98 887.00
786.00 886.98
786.98 886.00
786.98 885.00
787.00 884.98
787.98 884.00
788.00 883.98
788.98 883.00
788.98 882.00
789.00 881.98
789.98 881.00
789.98 880.00
790.00 879.98
790.98 879.00
790.98 878.00
790.98 877.00
790.98 876.00
791.00 875.98
791.98 875.00

Contour 19:
782.98 535.00
782.98 534.00
782.98 533.00
782.98 532.00
782.98 531.00
782.98 530.00
782.98 529.00
782.98 528.00
782.98 527.00
782.98 526.00
782.98 525.00
782.98 524.00
782.98 523.00
782.98 522.00
782.00 521.02
781.98 521.00
781.98 520.00
781.98 519.00
781.98 518.00
781.98 517.00
781.98 516.00
781.98 515.00
781.00 514.02
780.98 514.00
780.98 513.00
780.98 512.00
780.98 511.00
780.00 510.02
779.98 510.00
779.98 509.00
779.98 508.00
779.00 507.02
778.98 507.00
778.98 506.00
778.00 505.02
777.98 505.00
777.98 504.00
777.00 503.02
776.98 503.00
776.00 502.02
775.98 502.00
775.00 501.02
774.98 501.00
774.00 500.02
773.98 500.00
773.98 499.00
773.00 498.02
772.98 498.00
772.00 497.02
771.98 497.00
771.00 496.02
770.98 496.00
770.98 495.00
770.00 494.02
769.00 494.02
768.98 494.00
768.00 493.02
767.98 493.00
767.00 492.02
766.00 492.02
765.98 492.00
765.00 491.02
764.00 491.02
763.00 491.02
762.00 491.02
761.98 491.00
761.00 490.02
760.00 490.02
759.00 490.02
758.00 490.02
757.02 491.00
757.00 491.02
756.00 491.02
755.00 491.02
754.00 491.02
753.02 492.00
753.00 492.02
752.00 492.02
751.02 493.00
751.00 493.02
750.02 494.00
750.00 494.02
749.00 494.02
748.02 495.00
748.00 495.02
747.02 496.00
747.00 496.02
746.02 497.00
746.00 497.02
745.02 498.00
745.02 499.00
745.00 499.02
744.02 500.00
744.00 500.02
743.02 501.00
743.02 502.00
743.00 502.02
742.02 503.00
742.02 504.00
742.00 504.02
741.02 505.00
741.02 506.00
741.00 506.02
740.02 507.00
740.02 508.00
740.02 509.00
740.02 510.00
740.02 511.00
740.00 511.02
739.02 512.00
739.02 513.00
739.02 514.00
739.02 515.00
739.00 515.02
738.02 516.00
738.02 517.00
738.02 518.00
738.02 519.00
738.00 519.02
737.02 520.00
737.02 521.00
737.02 522.00
737.00 522.02
736.02 523.00
736.02 524.00
736.02 525.00
736.00 525.02
735.02 526.00
735.02 527.00
735.02 528.00
735.02 529.00
735.00 529.02
734.02 530.00
734.02 531.00
734.02 532.00
734.02 533.00
734.02 534.00
734.02 535.00
734.02 536.00
734.02 537.00
735.00 537.98
735.02 538.00
735.02 539.00
735.02 540.00
736.00 540.98
736.02 541.00
736.02 542.00
737.00 542.98
737.02 543.00
737.02 544.00
738.00 544.98
738.02 545.00
739.00 545.98
739.02 546.00
740.00 546.98
740.02 547.00
740.02 548.00
741.00 548.98
741.02 549.00
742.00 549.98
743.00 549.98
743.02 550.00
744.00 550.98
744.02 551.00
745.00 551.98
746.00 551.98
746.02 552.00
747.00 552.98
748.00 552.98
748.02 553.00
749.00 553.98
750.00 553.98
750.02 554.00
751.00 554.98
752.00 554.98
752.02 555.00
753.00 555.98
754.00 555.98
755.00 555.98
755.02 556.00
756.00 556.98
757.00 556.98
758.00 556.98
759.00 556.98
760.00 556.98
761.00 556.98
762.00 556.98
763.00 556.98
764.00 556.98
765.00 556.98
765.98 556.00
766.00 555.98
767.00 555.98
768.00 555.98
768.98 555.00
769.00 554.98
770.00 554.98
770.98 554.00
771.00 553.98
772.00 553.98
772.98 553.00
773.00 552.98
773.98 552.00
774.00 551.98
774.98 551.00
775.00 550.98
775.98 550.00
776.00 549.98
776.98 549.00
777.00 548.98
777.98 548.00
778.00 547.98
778.98 547.00
778.98 546.00
779.00 545.98
779.98 545.00
779.98 544.00
780.00 543.98
780.98 543.00
780.98 542.00
780.98 541.00
781.00 540.98
781.98 540.00
781.98 539.00
781.98 538.00
781.98 537.00
781.98 536.00
782.00 535.98
782.98 535.00

Contour 20:
845.98 698.00
845.98 697.00
845.98 696.00
845.98 695.00
845.98 694.00
845.98 693.00
845.98 692.00
845.00 691.02
844.98 691.00
844.98 690.00
844.98 689.00
844.00 688.02
843.98 688.00
843.98 687.00
843.00 686.02
842.98 686.00
842.98 685.00
842.00 684.02
841.98 684.00
841.00 683.02
840.98 683.00
840.00 682.02
839.98 682.00
839.98 681.00
839.00 680.02
838.00 680.02
837.98 680.00
837.00 679.02
836.98 679.00
836.00 678.02
835.00 678.02
834.98 678.00
834.00 677.02
833.98 677.00
833.00 676.02
832.00 676.02
831.98 676.00
831.00 675.02
830.98 675.00
830.00 674.02
829.00 674.02
828.98 674.00
828.00 673.02
827.00 673.02
826.98 673.00
826.00 672.02
825.00 672.02
824.00 672.02
823.98 672.00
823.00 671.02
822.00 671.02
821.00 671.02
820.98 671.00
820.00 670.02
819.00 670.02
818.00 670.02
817.00 670.02
816.00 670.02
815.00 670.02
814.00 670.02
813.00 670.02
812.98 670.00
812.00 669.02
811.00 669.02
810.00 669.02
809.00 669.02
808.00 669.02
807.02 670.00
807.00 670.02
806.00 670.02
805.00 670.02
804.00 670.02
803.02 671.00
803.00 671.02
802.00 671.02
801.00 671.02
800.02 672.00
800.00 672.02
799.00 672.02
798.02 673.00
798.00 673.02
797.02 674.00
797.00 674.02
796.00 674.02
795.02 675.00
795.00 675.02
794.02 676.00
794.00 676.02
793.00 676.02
792.02 677.00
792.00 677.02
791.02 678.00
791.02 679.00
791.00 679.02
790.02 680.00
790.00 680.02
789.02 681.00
789.02 682.00
789.00 682.02
788.02 683.00
788.02 684.00
788.02 685.00
788.02 686.00
788.02 687.00
788.00 687.02
787.02 688.00
787.02 689.00
787.02 690.00
787.02 691.00
787.02 692.00
787.02 693.00
787.00 693.02
786.02 694.00
786.02 695.00
786.02 696.00
786.00 696.02
785.02 697.00
785.02 698.00
785.02 699.00
786.00 699.98
786.02 700.00
786.02 701.00
786.02 702.00
786.02 703.00
786.02 704.00
787.00 704.98
787.02 705.00
787.02 706.00
788.00 706.98
788.02 707.00
789.00 707.98
789.02 708.00
790.00 708.98
790.02 709.00
791.00 709.98
791.02 710.00
792.00 710.98
792.02 711.00
793.00 711.98
794.00 711.98
795.00 711.98
796.00 711.98
797.00 711.98
797.02 712.00
798.00 712.98
798.02 713.00
799.00 713.98
799.02 714.00
799.02 715.00
800.00 715.98
800.02 716.00
800.02 717.00
801.00 717.98
802.00 717.98
802.02 718.00
802.02 719.00
803.00 719.98
803.02 720.00
803.00 720.02
802.02 721.00
803.00 721.98
803.02 722.00
804.00 722.98
804.02 723.00
804.02 724.00
805.00 724.98
806.00 724.98
807.00 724.98
808.00 724.98
809.00 724.98
810.00 724.98
811.00 724.98
811.02 725.00
811.02 726.00
811.02 727.00
812.00 727.98
812.02 728.00
813.00 728.98
814.00 728.98
815.00 728.98
815.98 728.00
816.00 727.98
816.02 728.00
817.00 728.98
818.00 728.98
819.00 728.98
820.00 728.98
821.00 728.98
822.00 728.98
823.00 728.98
823.98 728.00
823.98 727.00
823.98 726.00
824.00 725.98
825.00 725.98
826.00 725.98
827.00 725.98
827.98 725.00
828.00 724.98
829.00 724.98
829.98 724.00
830.00 723.98
830.98 723.00
831.00 722.98
831.98 722.00
832.00 721.98
832.98 721.00
833.00 720.98
833.98 720.00
834.00 719.98
835.00 719.98
835.98 719.00
836.00 718.98
836.98 718.00
837.00 717.98
837.98 717.00
838.00 716.98
838.98 716.00
839.00 715.98
839.98 715.00
839.98 714.00
840.00 713.98
840.98 713.00
841.00 712.98
841.98 712.00
841.98 711.00
842.00 710.98
842.98 710.00
842.98 709.00
842.98 708.00
843.00 707.98
843.98 707.00
843.98 706.00
843.98 705.00
843.98 704.00
844.00 703.98
844.98 703.00
844.98 702.00
844.98 701.00
844.98 700.00
844.98 699.00
845.00 698.98
845.98 698.00

Contour 21:
945.98 727.00
945.98 726.00
945.98 725.00
945.98 724.00
945.98 723.00
945.98 722.00
945.98 721.00
945.98 720.00
945.98 719.00
945.00 718.02
944.98 718.00
944.98 717.00
944.98 716.00
944.98 715.00
944.98 714.00
944.00 713.02
943.98 713.00
943.98 712.00
943.98 711.00
943.00 710.02
942.98 710.00
942.98 709.00
942.00 708.02
941.98 708.00
941.98 707.00
941.00 706.02
940.98 706.00
940.00 705.02
939.98 705.00
939.98 704.00
939.00 703.02
938.98 703.00
938.00 702.02
937.98 702.00
937.00 701.02
936.98 701.00
936.00 700.02
935.98 700.00
935.00 699.02
934.98 699.00
934.00 698.02
933.98 698.00
933.00 697.02
932.00 697.02
931.98 697.00
931.00 696.02
930.98 696.00
930.00 695.02
929.00 695.02
928.98 695.00
928.00 694.02
927.00 694.02
926.98 694.00
926.00 693.02
925.00 693.02
924.98 693.00
924.00 692.02
923.98 692.00
923.00 691.02
922.00 691.02
921.98 691.00
921.00 690.02
920.98 690.00
920.00 689.02
919.00 689.02
918.98 689.00
918.00 688.02
917.00 688.02
916.00 688.02
915.98 688.00
915.00 687.02
914.00 687.02
913.00 687.02
912.00 687.02
911.00 687.02
910.00 687.02
909.02 688.00
909.00 688.02
908.00 688.02
907.00 688.02
906.00 688.02
905.00 688.02
904.02 689.00
904.00 689.02
903.00 689.02
902.00 689.02
901.02 690.00
901.00 690.02
900.00 690.02
899.00 690.02
898.02 691.00
898.00 691.02
897.00 691.02
896.00 691.02
895.02 692.00
895.00 692.02
894.00 692.02
893.02 693.00
893.00 693.02
892.00 693.02
891.02 694.00
891.00 694.02
890.00 694.02
889.02 695.00
889.00 695.02
888.02 696.00
888.00 696.02
887.02 697.00
887.00 697.02
886.00 697.02
885.02 698.00
885.00 698.02
884.02 699.00
884.02 700.00
884.00 700.02
883.02 701.00
883.00 701.02
882.02 702.00
882.02 703.00
882.00 703.02
881.02 704.00
881.02 705.00
881.00 705.02
880.02 706.00
880.02 707.00
880.02 708.00
880.02 709.00
880.02 710.00
880.00 710.02
879.02 711.00
879.02 712.00
879.02 713.00
879.02 714.00
880.00 714.98
880.02 715.00
880.02 716.00
880.02 717.00
880.02 718.00
880.02 719.00
880.02 720.00
880.02 721.00
881.00 721.98
881.02 722.00
881.02 723.00
881.02 724.00
881.02 725.00
882.00 725.98
882.02 726.00
882.02 727.00
882.02 728.00
883.00 728.98
883.02 729.00
883.02 730.00
883.02 731.00
884.00 731.98
884.02 732.00
884.02 733.00
885.00 733.98
885.02 734.00
885.02 735.00
885.02 736.00
886.00 736.98
886.02 737.00
886.02 738.00
887.00 738.98
887.02 739.00
887.02 740.00
888.00 740.98
888.02 741.00
889.00 741.98
889.02 742.00
889.02 743.00
890.00 743.98
890.02 744.00
891.00 744.98
891.02 745.00
892.00 745.98
892.02 746.00
893.00 746.98
893.02 747.00
894.00 747.98
894.02 748.00
895.00 748.98
895.02 749.00
896.00 749.98
897.00 749.98
897.02 750.00
898.00 750.98
899.00 750.98
899.02 751.00
900.00 751.98
901.00 751.98
902.00 751.98
903.00 751.98
903.02 752.00
904.00 752.98
905.00 752.98
906.00 752.98
907.00 752.98
908.00 752.98
909.00 752.98
909.02 753.00
910.00 753.98
911.00 753.98
912.00 753.98
913.00 753.98
914.00 753.98
915.00 753.98
916.00 753.98
917.00 753.98
918.00 753.98
919.00 753.98
920.00 753.98
921.00 753.98
922.00 753.98
923.00 753.98
923.98 753.00
924.00 752.98
925.00 752.98
926.00 752.98
927.00 752.98
927.98 752.00
928.00 751.98
929.00 751.98
930.00 751.98
930.98 751.00
931.00 750.98
931.98 750.00
932.00 749.98
933.00 749.98
933.98 749.00
934.00 748.98
934.98 748.00
935.00 747.98
935.98 747.00
936.00 746.98
936.98 746.00
937.00 745.98
937.98 745.00
938.00 744.98
938.98 744.00
939.00 743.98
939.98 743.00
940.00 742.98
940.98 742.00
940.98 741.00
941.00 740.98
941.98 740.00
941.98 739.00
942.00 738.98
942.98 738.00
942.98 737.00
943.00 736.98
943.98 736.00
943.98 735.00
944.00 734.98
944.98 734.00
944.98 733.00
944.98 732.00
944.98 731.00
944.98 730.00
944.98 729.00
944.98 728.00
945.00 727.98
945.98 727.00

