Contour 0:
9.50 0.00
9.00 0.50
8.00 0.50
7.50 1.00
7.00 1.50
6.00 1.50
5.50 2.00
5.00 2.50
4.50 3.00
4.00 3.50
3.50 4.00
3.00 4.50
2.50 5.00
2.50 6.00
2.50 7.00
2.50 8.00
3.00 8.50
3.50 9.00
4.00 9.50
4.50 10.00
5.00 10.50
5.50 11.00
6.00 11.50
7.00 11.50
8.00 11.50
8.50 12.00
9.00 12.50
10.00 12.50
11.00 12.50
12.00 12.50
13.00 12.50
14.00 12.50
15.00 12.50
16.00 12.50
17.00 12.50
17.50 13.00
18.00 13.50
19.00 13.50
19.50 13.00
20.00 12.50
21.00 12.50
21.50 12.00
22.00 11.50
23.00 11.50
23.50 11.00
24.00 10.50
24.50 10.00
24.50 9.00
24.50 8.00
24.50 7.00
24.50 6.00
24.50 5.00
24.50 4.00
24.00 3.50
23.50 3.00
23.50 2.00
23.00 1.50
22.00 1.50
21.00 1.50
20.50 1.00
20.00 0.50
19.50 0.00

Contour 1:
73.75 573.00
73.75 572.00
73.75 571.00
73.75 570.00
73.75 569.00
73.75 568.00
73.00 567.25
72.75 567.00
72.75 566.00
72.75 565.00
72.75 564.00
72.00 563.25
71.75 563.00
71.75 562.00
71.75 561.00
71.00 560.25
70.75 560.00
70.75 559.00
70.75 558.00
70.00 557.25
69.75 557.00
69.75 556.00
69.00 555.25
68.75 555.00
68.75 554.00
68.00 553.25
67.75 553.00
67.00 552.25
66.75 552.00
66.00 551.25
65.75 551.00
65.00 550.25
64.75 550.00
64.00 549.25
63.75 549.00
63.00 548.25
62.75 548.00
62.00 547.25
61.75 547.00
61.00 546.25
60.75 546.00
60.00 545.25
59.75 545.00
59.00 544.25
58.00 544.25
57.75 544.00
57.00 543.25
56.75 543.00
56.00 542.25
55.00 542.25
54.75 542.00
54.00 541.25
53.75 541.00
53.00 540.25
52.00 540.25
51.75 540.00
51.00 539.25
50.75 539.00
50.00 538.25
49.00 538.25
48.75 538.00
48.00 537.25
47.00 537.25
46.00 537.25
45.00 537.25
44.75 537.00
44.00 536.25
43.00 536.25
42.00 536.25
41.00 536.25
40.00 536.25
39.00 536.25
38.00 536.25
37.00 536.25
36.00 536.25
35.00 536.25
34.00 536.25
33.00 536.25
32.25 537.00
32.00 537.25
31.00 537.25
30.00 537.25
29.25 538.00
29.00 538.25
28.25 539.00
28.00 539.25
27.00 539.25
26.25 540.00
26.00 540.25
25.25 541.00
25.00 541.25
24.25 542.00
24.00 542.25
23.00 542.25
22.25 543.00
22.00 543.25
21.25 544.00
21.25 545.00
21.00 545.25
20.25 546.00
20.00 546.25
19.25 547.00
19.00 547.25
18.25 548.00
18.00 548.25
17.25 549.00
17.00 549.25
16.25 550.00
16.25 551.00
16.00 551.25
15.25 552.00
15.25 553.00
15.25 554.00
15.00 554.25
14.25 555.00
14.25 556.00
14.25 557.00
14.00 557.25
13.25 558.00
13.25 559.00
13.25 560.00
13.25 561.00
13.25 562.00
13.25 563.00
13.25 564.00
13.25 565.00
13.25 566.00
13.25 567.00
13.25 568.00
13.25 569.00
13.25 570.00
13.25 571.00
13.25 572.00
13.25 573.00
14.00 573.75
14.25 574.00
14.25 575.00
14.25 576.00
14.25 577.00
15.00 577.75
15.25 578.00
15.25 579.00
16.00 579.75
16.25 580.00
16.25 581.00
17.00 581.75
17.25 582.00
17.25 583.00
18.00 583.75
18.25 584.00
19.00 584.75
19.25 585.00
19.25 586.00
20.00 586.75
20.25 587.00
21.00 587.75
21.25 588.00
22.00 588.75
22.25 589.00
23.00 589.75
23.25 590.00
24.00 590.75
24.25 591.00
25.00 591.75
25.25 592.00
26.00 592.75
27.00 592.75
27.25 593.00
28.00 593.75
28.25 594.00
29.00 594.75
30.00 594.75
30.25 595.00
31.00 595.75
32.00 595.75
32.25 596.00
33.00 596.75
34.00 596.75
34.25 597.00
35.00 597.75
36.00 597.75
36.25 598.00
37.00 598.75
38.00 598.75
39.00 598.75
40.00 598.75
40.25 599.00
41.00 599.75
42.00 599.75
43.00 599.75
44.00 599.75
45.00 599.75
46.00 599.75
47.00 599.75
48.00 599.75
48.75 599.00
49.00 598.75
50.00 598.75
51.00 598.75
51.75 598.00
52.00 597.75
53.00 597.75
54.00 597.75
54.75 597.00
55.00 596.75
56.00 596.75
56.75 596.00
57.00 595.75
58.00 595.75
58.75 595.00
59.00 594.75
60.00 594.75
60.75 594.00
61.00 593.75
61.75 593.00
62.00 592.75
62.75 592.00
63.00 591.75
63.75 591.00
63.75 590.00
64.00 589.75
64.75 589.00
65.00 588.75
65.75 588.00
66.00 587.75
66.75 587.00
67.00 586.75
67.75 586.00
67.75 585.00
68.00 584.75
68.75 584.00
69.00 583.75
69.75 583.00
69.75 582.00
70.00 581.75
70.75 581.00
70.75 580.00
71.00 579.75
71.75 579.00
71.75 578.00
72.00 577.75
72.75 577.00
72.75 576.00
72.75 575.00
72.75 574.00
73.00 573.75
73.75 573.00

Contour 2:
138.83 215.00
138.83 214.00
138.83 213.00
138.83 212.00
138.83 211.00
138.00 210.17
137.83 210.00
137.83 209.00
137.83 208.00
137.83 207.00
137.00 206.17
136.83 206.00
136.83 205.00
136.00 204.17
135.83 204.00
135.83 203.00
135.00 202.17
134.83 202.00
134.83 201.00
134.00 200.17
133.83 200.00
133.00 199.17
132.83 199.00
132.83 198.00
132.00 197.17
131.83 197.00
131.00 196.17
130.83 196.00
130.00 195.17
129.83 195.00
129.00 194.17
128.83 194.00
128.00 193.17
127.83 193.00
127.00 192.17
126.83 192.00
126.00 191.17
125.83 191.00
125.00 190.17
124.83 190.00
124.00 189.17
123.83 189.00
123.00 188.17
122.83 188.00
122.00 187.17
121.83 187.00
121.00 186.17
120.00 186.17
119.83 186.00
119.00 185.17
118.00 185.17
117.83 185.00
117.00 184.17
116.00 184.17
115.83 184.00
115.00 183.17
114.00 183.17
113.83 183.00
113.00 182.17
112.00 182.17
111.00 182.17
110.00 182.17
109.00 182.17
108.00 182.17
107.83 182.00
107.00 181.17
106.00 181.17
105.00 181.17
104.00 181.17
103.00 181.17
102.00 181.17
101.00 181.17
100.00 181.17
99.00 181.17
98.00 181.17
97.00 181.17
96.00 181.17
95.00 181.17
94.00 181.17
93.00 181.17
92.00 181.17
91.17 182.00
91.00 182.17
90.00 182.17
89.00 182.17
88.17 183.00
88.00 183.17
87.00 183.17
86.17 184.00
86.00 184.17
85.00 184.17
84.00 184.17
83.00 184.17
82.17 185.00
82.00 185.17
81.00 185.17
80.17 186.00
80.00 186.17
79.00 186.17
78.17 187.00
78.00 187.17
77.17 188.00
77.00 188.17
76.17 189.00
76.00 189.17
75.00 189.17
74.17 190.00
74.17 191.00
74.00 191.17
73.17 192.00
73.00 192.17
72.17 193.00
72.00 193.17
71.17 194.00
71.00 194.17
70.17 195.00
70.00 195.17
69.17 196.00
69.17 197.00
69.00 197.17
68.17 198.00
68.00 198.17
67.17 199.00
67.17 200.00
67.00 200.17
66.17 201.00
66.17 202.00
66.17 203.00
66.00 203.17
65.17 204.00
65.17 205.00
65.17 206.00
65.17 207.00
65.00 207.17
64.17 208.00
64.17 209.00
64.17 210.00
64.17 211.00
64.17 212.00
64.17 213.00
64.17 214.00
64.17 215.00
64.00 215.17
63.17 216.00
63.17 217.00
63.17 218.00
64.00 218.83
64.17 219.00
64.17 220.00
64.17 221.00
64.17 222.00
64.17 223.00
64.17 224.00
64.17 225.00
65.00 225.83
65.17 226.00
65.17 227.00
65.17 228.00
65.17 229.00
66.00 229.83
66.17 230.00
66.17 231.00
67.00 231.83
67.17 232.00
67.17 233.00
68.00 233.83
68.17 234.00
69.00 234.83
69.17 235.00
70.00 235.83
70.17 236.00
70.17 237.00
71.00 237.83
72.00 237.83
72.17 238.00
73.00 238.83
74.00 238.83
74.17 239.00
75.00 239.83
75.17 240.00
76.00 240.83
77.00 240.83
77.17 241.00
78.00 241.83
79.00 241.83
79.17 242.00
80.00 242.83
80.17 243.00
81.00 243.83
82.00 243.83
83.00 243.83
83.17 244.00
84.00 244.83
85.00 244.83
85.17 245.00
86.00 245.83
87.00 245.83
88.00 245.83
89.00 245.83
90.00 245.83
91.00 245.83
92.00 245.83
93.00 245.83
94.00 245.83
95.00 245.83
96.00 245.83
97.00 245.83
98.00 245.83
99.00 245.83
100.00 245.83
101.00 245.83
101.83 245.00
102.00 244.83
103.00 244.83
103.83 244.00
104.00 243.83
105.00 243.83
105.83 243.00
106.00 242.83
107.00 242.83
108.00 242.83
108.83 242.00
109.00 241.83
110.00 241.83
110.83 241.00
111.00 240.83
112.00 240.83
112.83 240.00
113.00 239.83
114.00 239.83
114.83 239.00
115.00 238.83
116.00 238.83
116.83 238.00
117.00 237.83
118.00 237.83
119.00 237.83
119.83 237.00
120.00 236.83
121.00 236.83
121.83 236.00
122.00 235.83
122.83 235.00
123.00 234.83
124.00 234.83
124.83 234.00
125.00 233.83
126.00 233.83
126.83 233.00
127.00 232.83
127.83 232.00
128.00 231.83
128.83 231.00
129.00 230.83
129.83 230.00
130.00 229.83
130.83 229.00
131.00 228.83
131.83 228.00
132.00 227.83
132.83 227.00
133.00 226.83
133.83 226.00
134.00 225.83
134.83 225.00
134.83 224.00
135.00 223.83
135.83 223.00
135.83 222.00
136.00 221.83
136.83 221.00
136.83 220.00
137.00 219.83
137.83 219.00
137.83 218.00
137.83 217.00
137.83 216.00
138.00 215.83
138.83 215.00

Contour 3:
207.88 829.00
207.88 828.00
207.88 827.00
207.88 826.00
207.88 825.00
207.88 824.00
207.88 823.00
207.88 822.00
207.88 821.00
207.88 820.00
207.88 819.00
207.88 818.00
207.88 817.00
207.00 816.12
206.88 816.00
206.88 815.00
206.88 814.00
206.88 813.00
206.88 812.00
206.88 811.00
206.00 810.12
205.88 810.00
205.88 809.00
205.00 808.12
204.88 808.00
204.00 807.12
203.88 807.00
203.88 806.00
203.00 805.12
202.88 805.00
202.00 804.12
201.88 804.00
201.00 803.12
200.88 803.00
200.00 802.12
199.88 802.00
199.00 801.12
198.88 801.00
198.00 800.12
197.88 800.00
197.00 799.12
196.00 799.12
195.88 799.00
195.00 798.12
194.88 798.00
194.00 797.12
193.88 797.00
193.00 796.12
192.00 796.12
191.88 796.00
191.00 795.12
190.00 795.12
189.88 795.00
189.00 794.12
188.00 794.12
187.88 794.00
187.00 793.12
186.00 793.12
185.00 793.12
184.00 793.12
183.00 793.12
182.88 793.00
182.00 792.12
181.00 792.12
180.00 792.12
179.00 792.12
178.00 792.12
177.00 792.12
176.00 792.12
175.00 792.12
174.12 793.00
174.00 793.12
173.00 793.12
172.00 793.12
171.00 793.12
170.00 793.12
169.00 793.12
168.00 793.12
167.12 794.00
167.00 794.12
166.00 794.12
165.12 795.00
165.00 795.12
164.00 795.12
163.12 796.00
163.00 796.12
162.12 797.00
162.00 797.12
161.12 798.00
161.00 798.12
160.12 799.00
160.12 800.00
160.00 800.12
159.12 801.00
159.00 801.12
158.12 802.00
158.12 803.00
158.00 803.12
157.12 804.00
157.00 804.12
156.12 805.00
156.12 806.00
156.00 806.12
155.12 807.00
155.12 808.00
155.00 808.12
154.12 809.00
154.12 810.00
154.12 811.00
154.00 811.12
153.12 812.00
153.12 813.00
153.00 813.12
152.12 814.00
152.12 815.00
152.00 815.12
151.12 816.00
151.12 817.00
151.12 818.00
151.00 818.12
150.12 819.00
150.12 820.00
150.12 821.00
150.12 822.00
150.12 823.00
150.12 824.00
150.12 825.00
150.12 826.00
150.12 827.00
150.12 828.00
150.12 829.00
150.12 830.00
150.12 831.00
150.12 832.00
150.12 833.00
150.12 834.00
151.00 834.88
151.12 835.00
151.12 836.00
151.12 837.00
151.12 838.00
151.12 839.00
152.00 839.88
152.12 840.00
152.12 841.00
153.00 841.88
153.12 842.00
153.12 843.00
154.00 843.88
154.12 844.00
154.12 845.00
155.00 845.88
155.12 846.00
155.12 847.00
156.00 847.88
156.12 848.00
157.00 848.88
157.12 849.00
158.00 849.88
158.12 850.00
159.00 850.88
159.12 851.00
159.12 852.00
160.00 852.88
160.12 853.00
161.00 853.88
161.12 854.00
162.00 854.88
162.12 855.00
163.00 855.88
164.00 855.88
164.12 856.00
165.00 856.88
165.12 857.00
166.00 857.88
167.00 857.88
168.00 857.88
168.12 858.00
169.00 858.88
170.00 858.88
171.00 858.88
172.00 858.88
172.12 859.00
173.00 859.88
174.00 859.88
175.00 859.88
176.00 859.88
177.00 859.88
178.00 859.88
179.00 859.88
180.00 859.88
181.00 859.88
182.00 859.88
183.00 859.88
184.00 859.88
184.88 859.00
185.00 858.88
186.00 858.88
187.00 858.88
187.88 858.00
188.00 857.88
189.00 857.88
189.88 857.00
190.00 856.88
191.00 856.88
191.88 856.00
192.00 855.88
192.88 855.00
193.00 854.88
194.00 854.88
194.88 854.00
195.00 853.88
195.88 853.00
196.00 852.88
197.00 852.88
197.88 852.00
198.00 851.88
198.88 851.00
199.00 850.88
199.88 850.00
200.00 849.88
200.88 849.00
200.88 848.00
201.00 847.88
201.88 847.00
202.00 846.88
202.88 846.00
202.88 845.00
203.00 844.88
203.88 844.00
203.88 843.00
203.88 842.00
204.00 841.88
204.88 841.00
204.88 840.00
204.88 839.00
205.00 838.88
205.88 838.00
205.88 837.00
205.88 836.00
205.88 835.00
206.00 834.88
206.88 834.00
206.88 833.00
206.88 832.00
206.88 831.00
206.88 830.00
207.00 829.88
207.88 829.00

Contour 4:
239.90 94.00
239.90 93.00
239.90 92.00
239.90 91.00
239.90 90.00
239.90 89.00
239.90 88.00
239.90 87.00
239.90 86.00
239.90 85.00
239.90 84.00
239.90 83.00
239.90 82.00
239.90 81.00
239.90 80.00
239.00 79.10
238.90 79.00
238.90 78.00
238.90 77.00
238.00 76.10
237.90 76.00
237.90 75.00
237.90 74.00
237.00 73.10
236.90 73.00
236.90 72.00
236.00 71.10
235.90 71.00
235.00 70.10
234.90 70.00
234.90 69.00
234.00 68.10
233.90 68.00
233.00 67.10
232.90 67.00
232.90 66.00
232.00 65.10
231.90 65.00
231.00 64.10
230.90 64.00
230.00 63.10
229.90 63.00
229.90 62.00
229.00 61.10
228.90 61.00
228.00 60.10
227.90 60.00
227.00 59.10
226.90 59.00
226.00 58.10
225.90 58.00
225.00 57.10
224.90 57.00
224.00 56.10
223.00 56.10
222.90 56.00
222.00 55.10
221.90 55.00
221.00 54.10
220.90 54.00
220.00 53.10
219.90 53.00
219.00 52.10
218.00 52.10
217.90 52.00
217.00 51.10
216.00 51.10
215.90 51.00
215.00 50.10
214.00 50.10
213.90 50.00
213.00 49.10
212.00 49.10
211.90 49.00
211.00 48.10
210.00 48.10
209.90 48.00
209.00 47.10
208.00 47.10
207.00 47.10
206.90 47.00
206.00 46.10
205.00 46.10
204.00 46.10
203.00 46.10
202.00 46.10
201.00 46.10
200.00 46.10
199.90 46.00
199.00 45.10
198.00 45.10
197.00 45.10
196.00 45.10
195.00 45.10
194.00 45.10
193.00 45.10
192.00 45.10
191.00 45.10
190.00 45.10
189.00 45.10
188.00 45.10
187.00 45.10
186.00 45.10
185.10 46.00
185.00 46.10
184.00 46.10
183.00 46.10
182.00 46.10
181.00 46.10
180.10 47.00
180.00 47.10
179.00 47.10
178.00 47.10
177.00 47.10
176.10 48.00
176.00 48.10
175.00 48.10
174.10 49.00
174.00 49.10
173.00 49.10
172.00 49.10
171.10 50.00
171.00 50.10
170.00 50.10
169.10 51.00
169.00 51.10
168.00 51.10
167.10 52.00
167.00 52.10
166.10 53.00
166.00 53.10
165.00 53.10
164.10 54.00
164.00 54.10
163.00 54.10
162.10 55.00
162.00 55.10
161.10 56.00
161.00 56.10
160.10 57.00
160.00 57.10
159.10 58.00
159.00 58.10
158.10 59.00
158.00 59.10
157.10 60.00
157.10 61.00
157.00 61.10
156.10 62.00
156.00 62.10
155.10 63.00
155.10 64.00
155.00 64.10
154.10 65.00
154.10 66.00
154.00 66.10
153.10 67.00
153.10 68.00
153.10 69.00
153.10 70.00
153.00 70.10
152.10 71.00
152.10 72.00
152.10 73.00
152.10 74.00
152.10 75.00
152.10 76.00
152.10 77.00
152.10 78.00
152.10 79.00
152.10 80.00
153.00 80.90
153.10 81.00
153.10 82.00
153.10 83.00
153.10 84.00
153.10 85.00
153.10 86.00
153.10 87.00
154.00 87.90
154.10 88.00
154.10 89.00
154.10 90.00
154.10 91.00
155.00 91.90
155.10 92.00
155.10 93.00
155.10 94.00
156.00 94.90
156.10 95.00
156.10 96.00
156.10 97.00
157.00 97.90
157.10 98.00
157.10 99.00
158.00 99.90
158.10 100.00
158.10 101.00
159.00 101.90
159.10 102.00
159.10 103.00
160.00 103.90
160.10 104.00
161.00 104.90
161.10 105.00
162.00 105.90
162.10 106.00
162.10 107.00
163.00 107.90
163.10 108.00
164.00 108.90
164.10 109.00
165.00 109.90
165.10 110.00
166.00 110.90
166.10 111.00
167.00 111.90
167.10 112.00
168.00 112.90
169.00 112.90
169.10 113.00
170.00 113.90
170.10 114.00
171.00 114.90
171.10 115.00
172.00 115.90
173.00 115.90
173.10 116.00
174.00 116.90
174.10 117.00
175.00 117.90
176.00 117.90
176.10 118.00
177.00 118.90
178.00 118.90
179.00 118.90
179.10 119.00
180.00 119.90
181.00 119.90
182.00 119.90
183.00 119.90
183.10 120.00
184.00 120.90
185.00 120.90
186.00 120.90
187.00 120.90
187.10 121.00
188.00 121.90
189.00 121.90
190.00 121.90
191.00 121.90
192.00 121.90
193.00 121.90
194.00 121.90
195.00 121.90
195.10 122.00
196.00 122.90
196.90 122.00
197.00 121.90
198.00 121.90
199.00 121.90
200.00 121.90
201.00 121.90
202.00 121.90
203.00 121.90
204.00 121.90
205.00 121.90
205.90 121.00
206.00 120.90
207.00 120.90
208.00 120.90
209.00 120.90
209.90 120.00
210.00 119.90
211.00 119.90
212.00 119.90
212.90 119.00
213.00 118.90
214.00 118.90
215.00 118.90
215.90 118.00
216.00 117.90
217.00 117.90
218.00 117.90
218.90 117.00
219.00 116.90
220.00 116.90
220.90 116.00
221.00 115.90
222.00 115.90
222.90 115.00
223.00 114.90
223.90 114.00
224.00 113.90
225.00 113.90
225.90 113.00
226.00 112.90
226.90 112.00
227.00 111.90
227.90 111.00
228.00 110.90
229.00 110.90
229.90 110.00
230.00 109.90
230.90 109.00
231.00 108.90
231.90 108.00
231.90 107.00
232.00 106.90
232.90 106.00
233.00 105.90
233.90 105.00
234.00 104.90
234.90 104.00
235.00 103.90
235.90 103.00
235.90 102.00
236.00 101.90
236.90 101.00
236.90 100.00
237.00 99.90
237.90 99.00
237.90 98.00
238.00 97.90
238.90 97.00
238.90 96.00
238.90 95.00
239.00 94.90
239.90 94.00

Contour 5:
331.92 392.00
331.92 391.00
331.92 390.00
331.92 389.00
331.92 388.00
331.00 387.08
330.92 387.00
330.92 386.00
330.92 385.00
330.92 384.00
330.92 383.00
330.92 382.00
330.00 381.08
329.92 381.00
329.92 380.00
329.92 379.00
329.00 378.08
328.92 378.00
328.92 377.00
328.00 376.08
327.92 376.00
327.92 375.00
327.00 374.08
326.92 374.00
326.92 373.00
326.00 372.08
325.92 372.00
325.00 371.08
324.92 371.00
324.00 370.08
323.92 370.00
323.00 369.08
322.92 369.00
322.00 368.08
321.92 368.00
321.00 367.08
320.92 367.00
320.00 366.08
319.00 366.08
318.92 366.00
318.00 365.08
317.00 365.08
316.00 365.08
315.92 365.00
315.00 364.08
314.00 364.08
313.92 364.00
313.00 363.08
312.00 363.08
311.92 363.00
311.00 362.08
310.00 362.08
309.92 362.00
309.00 361.08
308.00 361.08
307.00 361.08
306.00 361.08
305.00 361.08
304.00 361.08
303.00 361.08
302.08 362.00
302.00 362.08
301.00 362.08
300.00 362.08
299.00 362.08
298.08 363.00
298.00 363.08
297.00 363.08
296.00 363.08
295.08 364.00
295.00 364.08
294.00 364.08
293.08 365.00
293.00 365.08
292.08 366.00
292.00 366.08
291.00 366.08
290.08 367.00
290.00 367.08
289.08 368.00
289.00 368.08
288.00 368.08
287.08 369.00
287.00 369.08
286.00 369.08
285.08 370.00
285.00 370.08
284.08 371.00
284.00 371.08
283.00 371.08
282.08 372.00
282.00 372.08
281.08 373.00
281.00 373.08
280.08 374.00
280.00 374.08
279.08 375.00
279.00 375.08
278.08 376.00
278.00 376.08
277.08 377.00
277.08 378.00
277.00 378.08
276.08 379.00
276.08 380.00
276.00 380.08
275.08 381.00
275.08 382.00
275.08 383.00
275.00 383.08
274.08 384.00
274.08 385.00
274.08 386.00
274.08 387.00
274.00 387.08
273.08 388.00
273.08 389.00
273.08 390.00
273.00 390.08
272.08 391.00
272.08 392.00
272.08 393.00
272.08 394.00
272.08 395.00
272.08 396.00
272.08 397.00
272.08 398.00
272.08 399.00
272.08 400.00
272.08 401.00
272.08 402.00
272.08 403.00
272.08 404.00
272.08 405.00
272.08 406.00
272.08 407.00
273.00 407.92
273.08 408.00
273.08 409.00
273.08 410.00
274.00 410.92
274.08 411.00
275.00 411.92
275.08 412.00
275.08 413.00
276.00 413.92
276.08 414.00
276.08 415.00
277.00 415.92
277.08 416.00
278.00 416.92
278.08 417.00
279.00 417.92
279.08 418.00
279.08 419.00
280.00 419.92
280.08 420.00
281.00 420.92
281.08 421.00
281.08 422.00
282.00 422.92
282.08 423.00
283.00 423.92
284.00 423.92
284.08 424.00
285.00 424.92
285.08 425.00
286.00 425.92
286.08 426.00
287.00 426.92
288.00 426.92
288.08 427.00
289.00 427.92
290.00 427.92
290.08 428.00
291.00 428.92
292.00 428.92
292.08 429.00
293.00 429.92
294.00 429.92
294.08 430.00
295.00 430.92
296.00 430.92
297.00 430.92
298.00 430.92
299.00 430.92
299.08 431.00
300.00 431.92
301.00 431.92
302.00 431.92
303.00 431.92
304.00 431.92
305.00 431.92
305.92 431.00
306.00 430.92
307.00 430.92
308.00 430.92
309.00 430.92
309.92 430.00
310.00 429.92
311.00 429.92
311.92 429.00
312.00 428.92
313.00 428.92
313.92 428.00
314.00 427.92
314.92 427.00
315.00 426.92
315.92 426.00
316.00 425.92
316.92 425.00
316.92 424.00
317.00 423.92
317.92 423.00
318.00 422.92
318.92 422.00
319.00 421.92
319.92 421.00
319.92 420.00
320.00 419.92
320.92 419.00
321.00 418.92
321.92 418.00
322.00 417.92
322.92 417.00
322.92 416.00
323.00 415.92
323.92 415.00
323.92 414.00
324.00 413.92
324.92 413.00
324.92 412.00
325.00 411.92
325.92 411.00
325.92 410.00
326.00 409.92
326.92 409.00
327.00 408.92
327.92 408.00
327.92 407.00
328.00 406.92
328.92 406.00
328.92 405.00
328.92 404.00
329.00 403.92
329.92 403.00
329.92 402.00
329.92 401.00
330.00 400.92
330.92 400.00
330.92 399.00
330.92 398.00
330.92 397.00
330.92 396.00
330.92 395.00
330.92 394.00
330.92 393.00
331.00 392.92
331.92 392.00

Contour 6:
359.93 506.00
359.93 505.00
359.93 504.00
359.93 503.00
359.93 502.00
359.93 501.00
359.93 500.00
359.93 499.00
359.93 498.00
359.93 497.00
359.93 496.00
359.93 495.00
359.93 494.00
359.00 493.07
358.93 493.00
358.93 492.00
358.93 491.00
358.00 490.07
357.93 490.00
357.93 489.00
357.00 488.07
356.93 488.00
356.93 487.00
356.00 486.07
355.93 486.00
355.93 485.00
355.00 484.07
354.93 484.00
354.00 483.07
353.93 483.00
353.93 482.00
353.00 481.07
352.93 481.00
352.00 480.07
351.93 480.00
351.00 479.07
350.00 479.07
349.93 479.00
349.00 478.07
348.93 478.00
348.00 477.07
347.93 477.00
347.00 476.07
346.00 476.07
345.93 476.00
345.00 475.07
344.00 475.07
343.93 475.00
343.00 474.07
342.00 474.07
341.93 474.00
341.00 473.07
340.00 473.07
339.00 473.07
338.00 473.07
337.00 473.07
336.00 473.07
335.00 473.07
334.00 473.07
333.00 473.07
332.00 473.07
331.00 473.07
330.00 473.07
329.00 473.07
328.00 473.07
327.00 473.07
326.07 474.00
326.00 474.07
325.00 474.07
324.00 474.07
323.00 474.07
322.00 474.07
321.00 474.07
320.00 474.07
319.00 474.07
318.00 474.07
317.00 474.07
316.07 475.00
316.00 475.07
315.00 475.07
314.00 475.07
313.00 475.07
312.00 475.07
311.00 475.07
310.07 476.00
310.00 476.07
309.00 476.07
308.00 476.07
307.07 477.00
307.00 477.07
306.00 477.07
305.07 478.00
305.00 478.07
304.00 478.07
303.07 479.00
303.00 479.07
302.07 480.00
302.00 480.07
301.07 481.00
301.00 481.07
300.07 482.00
300.07 483.00
300.00 483.07
299.07 484.00
299.00 484.07
298.07 485.00
298.07 486.00
298.00 486.07
297.07 487.00
297.07 488.00
297.07 489.00
297.07 490.00
297.00 490.07
296.07 491.00
296.07 492.00
296.07 493.00
296.07 494.00
296.07 495.00
296.07 496.00
296.07 497.00
296.07 498.00
296.07 499.00
297.00 499.93
297.07 500.00
297.07 501.00
297.07 502.00
298.00 502.93
298.07 503.00
298.07 504.00
299.00 504.93
299.07 505.00
299.07 506.00
300.00 506.93
300.07 507.00
300.07 508.00
301.00 508.93
301.07 509.00
301.07 510.00
302.00 510.93
302.07 511.00
303.00 511.93
303.07 512.00
303.07 513.00
304.00 513.93
304.07 514.00
305.00 514.93
305.07 515.00
306.00 515.93
306.07 516.00
307.00 516.93
307.07 517.00
308.00 517.93
308.07 518.00
309.00 518.93
310.00 518.93
310.07 519.00
311.00 519.93
312.00 519.93
312.07 520.00
313.00 520.93
314.00 520.93
315.00 520.93
315.07 521.00
316.00 521.93
317.00 521.93
318.00 521.93
318.07 522.00
319.00 522.93
320.00 522.93
321.00 522.93
322.00 522.93
322.07 523.00
323.00 523.93
324.00 523.93
325.00 523.93
326.00 523.93
327.00 523.93
327.07 524.00
328.00 524.93
329.00 524.93
330.00 524.93
331.00 524.93
332.00 524.93
333.00 524.93
334.00 524.93
335.00 524.93
336.00 524.93
337.00 524.93
338.00 524.93
339.00 524.93
339.93 524.00
340.00 523.93
341.00 523.93
342.00 523.93
343.00 523.93
343.93 523.00
344.00 522.93
345.00 522.93
345.93 522.00
346.00 521.93
347.00 521.93
347.93 521.00
348.00 520.93
349.00 520.93
349.93 520.00
350.00 519.93
350.93 519.00
351.00 518.93
352.00 518.93
352.93 518.00
353.00 517.93
353.93 517.00
354.00 516.93
354.93 516.00
355.00 515.93
355.93 515.00
355.93 514.00
356.00 513.93
356.93 513.00
356.93 512.00
357.00 511.93
357.93 511.00
357.93 510.00
358.00 509.93
358.93 509.00
358.93 508.00
358.93 507.00
359.00 506.93
359.93 506.00

Contour 7:
449.94 152.00
449.94 151.00
449.94 150.00
449.94 149.00
449.94 148.00
449.94 147.00
449.94 146.00
449.94 145.00
449.94 144.00
449.94 143.00
449.94 142.00
449.94 141.00
449.94 140.00
449.94 139.00
449.94 138.00
449.94 137.00
449.94 136.00
449.00 135.06
448.94 135.00
448.94 134.00
448.94 133.00
448.94 132.00
448.94 131.00
448.00 130.06
447.94 130.00
447.94 129.00
447.94 128.00
447.00 127.06
446.94 127.00
446.94 126.00
446.00 125.06
445.94 125.00
445.94 124.00
445.00 123.06
444.94 123.00
444.94 122.00
444.00 121.06
443.94 121.00
443.00 120.06
442.94 120.00
442.00 119.06
441.94 119.00
441.00 118.06
440.94 118.00
440.00 117.06
439.94 117.00
439.00 116.06
438.94 116.00
438.00 115.06
437.94 115.00
437.00 114.06
436.94 114.00
436.00 113.06
435.00 113.06
434.94 113.00
434.00 112.06
433.00 112.06
432.94 112.00
432.00 111.06
431.00 111.06
430.94 111.00
430.00 110.06
429.00 110.06
428.00 110.06
427.94 110.00
427.00 109.06
426.00 109.06
425.00 109.06
424.00 109.06
423.00 109.06
422.00 109.06
421.94 109.00
421.00 108.06
420.00 108.06
419.00 108.06
418.00 108.06
417.00 108.06
416.00 108.06
415.00 108.06
414.00 108.06
413.00 108.06
412.00 108.06
411.00 108.06
410.06 109.00
410.00 109.06
409.00 109.06
408.00 109.06
407.00 109.06
406.00 109.06
405.06 110.00
405.00 110.06
404.00 110.06
403.00 110.06
402.00 110.06
401.06 111.00
401.00 111.06
400.00 111.06
399.06 112.00
399.00 112.06
398.00 112.06
397.06 113.00
397.00 113.06
396.06 114.00
396.00 114.06
395.00 114.06
394.06 115.00
394.00 115.06
393.06 116.00
393.00 116.06
392.06 117.00
392.00 117.06
391.06 118.00
391.00 118.06
390.06 119.00
390.00 119.06
389.06 120.00
389.00 120.06
388.06 121.00
388.00 121.06
387.06 122.00
387.00 122.06
386.06 123.00
386.00 123.06
385.06 124.00
385.06 125.00
385.00 125.06
384.06 126.00
384.00 126.06
383.06 127.00
383.06 128.00
383.00 128.06
382.06 129.00
382.06 130.00
382.06 131.00
382.00 131.06
381.06 132.00
381.06 133.00
381.06 134.00
381.00 134.06
380.06 135.00
380.06 136.00
380.06 137.00
380.06 138.00
380.06 139.00
380.06 140.00
380.06 141.00
380.06 142.00
380.06 143.00
380.06 144.00
380.06 145.00
380.06 146.00
380.06 147.00
380.06 148.00
380.06 149.00
380.06 150.00
380.06 151.00
380.06 152.00
381.00 152.94
381.06 153.00
381.06 154.00
381.06 155.00
381.06 156.00
382.00 156.94
382.06 157.00
382.06 158.00
382.06 159.00
383.00 159.94
383.06 160.00
383.06 161.00
383.06 162.00
384.00 162.94
384.06 163.00
384.06 164.00
385.00 164.94
385.06 165.00
385.06 166.00
386.00 166.94
386.06 167.00
386.06 168.00
387.00 168.94
387.06 169.00
388.00 169.94
388.06 170.00
389.00 170.94
389.06 171.00
389.06 172.00
390.00 172.94
390.06 173.00
391.00 173.94
391.06 174.00
392.00 174.94
392.06 175.00
393.00 175.94
393.06 176.00
394.00 176.94
394.06 177.00
395.00 177.94
396.00 177.94
396.06 178.00
397.00 178.94
398.00 178.94
398.06 179.00
399.00 179.94
399.06 180.00
400.00 180.94
400.06 181.00
401.00 181.94
402.00 181.94
402.06 182.00
403.00 182.94
404.00 182.94
404.06 183.00
405.00 183.94
406.00 183.94
407.00 183.94
407.06 184.00
408.00 184.94
409.00 184.94
410.00 184.94
411.00 184.94
411.06 185.00
412.00 185.94
413.00 185.94
414.00 185.94
415.00 185.94
416.00 185.94
417.00 185.94
418.00 185.94
419.00 185.94
420.00 185.94
420.94 185.00
421.00 184.94
422.00 184.94
423.00 184.94
423.94 184.00
424.00 183.94
425.00 183.94
426.00 183.94
426.94 183.00
427.00 182.94
428.00 182.94
428.94 182.00
429.00 181.94
430.00 181.94
430.94 181.00
431.00 180.94
432.00 180.94
432.94 180.00
433.00 179.94
433.94 179.00
434.00 178.94
435.00 178.94
435.94 178.00
436.00 177.94
436.94 177.00
437.00 176.94
437.94 176.00
438.00 175.94
438.94 175.00
439.00 174.94
440.00 174.94
440.94 174.00
441.00 173.94
441.94 173.00
441.94 172.00
442.00 171.94
442.94 171.00
443.00 170.94
443.94 170.00
443.94 169.00
444.00 168.94
444.94 168.00
444.94 167.00
445.00 166.94
445.94 166.00
445.94 165.00
445.94 164.00
446.00 163.94
446.94 163.00
446.94 162.00
446.94 161.00
447.00 160.94
447.94 160.00
447.94 159.00
447.94 158.00
448.00 157.94
448.94 157.00
448.94 156.00
448.94 155.00
448.94 154.00
448.94 153.00
449.00 152.94
449.94 152.00

Contour 8:
403.94 190.00
403.00 189.06
402.94 189.00
402.94 188.00
402.00 187.06
401.94 187.00
401.00 186.06
400.00 186.06
399.94 186.00
399.00 185.06
398.94 185.00
398.00 184.06
397.00 184.06
396.94 184.00
396.00 183.06
395.00 183.06
394.00 183.06
393.06 184.00
393.00 184.06
392.00 184.06
391.06 185.00
391.00 185.06
390.06 186.00
390.00 186.06
389.06 187.00
389.06 188.00
389.00 188.06
388.06 189.00
388.06 190.00
388.06 191.00
388.06 192.00
389.00 192.94
389.06 193.00
390.00 193.94
390.06 194.00
390.06 195.00
391.00 195.94
392.00 195.94
392.06 196.00
393.00 196.94
394.00 196.94
395.00 196.94
396.00 196.94
397.00 196.94
398.00 196.94
399.00 196.94
399.94 196.00
400.00 195.94
400.94 195.00
401.00 194.94
401.94 194.00
402.00 193.94
402.94 193.00
402.94 192.00
402.94 191.00
403.00 190.94
403.94 190.00

Contour 9:
503.95 244.00
503.95 243.00
503.95 242.00
503.95 241.00
503.95 240.00
503.95 239.00
503.95 238.00
503.00 237.05
502.95 237.00
502.95 236.00
502.95 235.00
502.95 234.00
502.00 233.05
501.95 233.00
501.95 232.00
501.00 231.05
500.95 231.00
500.95 230.00
500.00 229.05
499.95 229.00
499.95 228.00
499.00 227.05
498.95 227.00
498.00 226.05
497.95 226.00
497.00 225.05
496.95 225.00
496.95 224.00
496.00 223.05
495.00 223.05
494.95 223.00
494.00 222.05
493.95 222.00
493.00 221.05
492.95 221.00
492.00 220.05
491.00 220.05
490.95 220.00
490.00 219.05
489.00 219.05
488.95 219.00
488.00 218.05
487.00 218.05
486.95 218.00
486.00 217.05
485.00 217.05
484.95 217.00
484.00 216.05
483.00 216.05
482.95 216.00
482.00 215.05
481.00 215.05
480.00 215.05
479.95 215.00
479.00 214.05
478.00 214.05
477.95 214.00
477.00 213.05
476.00 213.05
475.00 213.05
474.95 213.00
474.00 212.05
473.00 212.05
472.00 212.05
471.00 212.05
470.95 212.00
470.00 211.05
469.00 211.05
468.00 211.05
467.00 211.05
466.00 211.05
465.00 211.05
464.95 211.00
464.00 210.05
463.00 210.05
462.00 210.05
461.00 210.05
460.00 210.05
459.00 210.05
458.05 211.00
458.00 211.05
457.00 211.05
456.00 211.05
455.00 211.05
454.05 212.00
454.00 212.05
453.00 212.05
452.00 212.05
451.00 212.05
450.05 213.00
450.00 213.05
449.00 213.05
448.00 213.05
447.05 214.00
447.00 214.05
446.00 214.05
445.05 215.00
445.00 215.05
444.00 215.05
443.00 215.05
442.00 215.05
441.05 216.00
441.00 216.05
440.00 216.05
439.00 216.05
438.05 217.00
438.00 217.05
437.00 217.05
436.05 218.00
436.00 218.05
435.00 218.05
434.00 218.05
433.05 219.00
433.00 219.05
432.00 219.05
431.05 220.00
431.00 220.05
430.05 221.00
430.00 221.05
429.00 221.05
428.00 221.05
427.05 222.00
427.00 222.05
426.00 222.05
425.05 223.00
425.00 223.05
424.00 223.05
423.05 224.00
423.00 224.05
422.05 225.00
422.00 225.05
421.05 226.00
421.00 226.05
420.00 226.05
419.05 227.00
419.00 227.05
418.05 228.00
418.00 228.05
417.05 229.00
417.05 230.00
417.00 230.05
416.05 231.00
416.00 231.05
415.05 232.00
415.00 232.05
414.05 233.00
414.05 234.00
414.00 234.05
413.05 235.00
413.05 236.00
413.05 237.00
413.05 238.00
413.05 239.00
413.00 239.05
412.05 240.00
412.05 241.00
412.05 242.00
412.05 243.00
412.05 244.00
412.05 245.00
412.05 246.00
412.05 247.00
412.05 248.00
412.05 249.00
413.00 249.95
413.05 250.00
413.05 251.00
414.00 251.95
414.05 252.00
414.05 253.00
414.05 254.00
415.00 254.95
415.05 255.00
415.05 256.00
416.00 256.95
416.05 257.00
416.05 258.00
417.00 258.95
417.05 259.00
418.00 259.95
418.05 260.00
418.05 261.00
419.00 261.95
419.05 262.00
420.00 262.95
420.05 263.00
421.00 263.95
421.05 264.00
422.00 264.95
422.05 265.00
423.00 265.95
423.05 266.00
424.00 266.95
424.05 267.00
425.00 267.95
426.00 267.95
426.05 268.00
427.00 268.95
427.05 269.00
428.00 269.95
429.00 269.95
429.05 270.00
430.00 270.95
430.05 271.00
431.00 271.95
432.00 271.95
432.05 272.00
433.00 272.95
434.00 272.95
434.05 273.00
435.00 273.95
436.00 273.95
437.00 273.95
437.05 274.00
438.00 274.95
439.00 274.95
440.00 274.95
440.05 275.00
441.00 275.95
442.00 275.95
443.00 275.95
444.00 275.95
444.05 276.00
445.00 276.95
446.00 276.95
447.00 276.95
448.00 276.95
449.00 276.95
450.00 276.95
451.00 276.95
452.00 276.95
453.00 276.95
453.05 277.00
454.00 277.95
455.00 277.95
456.00 277.95
457.00 277.95
458.00 277.95
459.00 277.95
460.00 277.95
461.00 277.95
462.00 277.95
463.00 277.95
463.95 277.00
464.00 276.95
465.00 276.95
466.00 276.95
467.00 276.95
468.00 276.95
469.00 276.95
469.95 276.00
470.00 275.95
471.00 275.95
472.00 275.95
472.95 275.00
473.00 274.95
474.00 274.95
475.00 274.95
475.95 274.00
476.00 273.95
477.00 273.95
478.00 273.95
478.95 273.00
479.00 272.95
480.00 272.95
480.95 272.00
481.00 271.95
482.00 271.95
482.95 271.00
483.00 270.95
484.00 270.95
484.95 270.00
485.00 269.95
486.00 269.95
486.95 269.00
487.00 268.95
487.95 268.00
488.00 267.95
489.00 267.95
489.95 267.00
490.00 266.95
490.95 266.00
491.00 265.95
491.95 265.00
492.00 264.95
492.95 264.00
493.00 263.95
493.95 263.00
494.00 262.95
494.95 262.00
495.00 261.95
495.95 261.00
495.95 260.00
496.00 259.95
496.95 259.00
497.00 258.95
497.95 258.00
498.00 257.95
498.95 257.00
498.95 256.00
499.00 255.95
499.95 255.00
499.95 254.00
500.00 253.95
500.95 253.00
500.95 252.00
501.00 251.95
501.95 251.00
501.95 250.00
502.00 249.95
502.95 249.00
502.95 248.00
502.95 247.00
502.95 246.00
502.95 245.00
503.00 244.95
503.95 244.00

Contour 10:
525.95 684.00
525.95 683.00
525.95 682.00
525.95 681.00
525.95 680.00
525.95 679.00
525.00 678.05
524.95 678.00
524.95 677.00
524.95 676.00
524.95 675.00
524.95 674.00
524.95 673.00
524.00 672.05
523.95 672.00
523.95 671.00
523.95 670.00
523.00 669.05
522.95 669.00
522.95 668.00
522.00 667.05
521.95 667.00
521.00 666.05
520.95 666.00
520.95 665.00
520.00 664.05
519.95 664.00
519.00 663.05
518.95 663.00
518.00 662.05
517.95 662.00
517.00 661.05
516.95 661.00
516.95 660.00
516.00 659.05
515.95 659.00
515.00 658.05
514.00 658.05
513.95 658.00
513.00 657.05
512.95 657.00
512.00 656.05
511.00 656.05
510.95 656.00
510.00 655.05
509.00 655.05
508.95 655.00
508.00 654.05
507.00 654.05
506.95 654.00
506.00 653.05
505.00 653.05
504.00 653.05
503.00 653.05
502.95 653.00
502.00 652.05
501.00 652.05
500.00 652.05
499.00 652.05
498.00 652.05
497.00 652.05
496.00 652.05
495.00 652.05
494.00 652.05
493.00 652.05
492.00 652.05
491.05 653.00
491.00 653.05
490.00 653.05
489.00 653.05
488.05 654.00
488.00 654.05
487.00 654.05
486.00 654.05
485.05 655.00
485.00 655.05
484.00 655.05
483.05 656.00
483.00 656.05
482.00 656.05
481.05 657.00
481.00 657.05
480.05 658.00
480.00 658.05
479.00 658.05
478.05 659.00
478.00 659.05
477.05 660.00
477.00 660.05
476.05 661.00
476.00 661.05
475.05 662.00
475.00 662.05
474.05 663.00
474.00 663.05
473.05 664.00
473.00 664.05
472.05 665.00
472.00 665.05
471.05 666.00
471.00 666.05
470.05 667.00
470.00 667.05
469.05 668.00
469.05 669.00
469.00 669.05
468.05 670.00
468.00 670.05
467.05 671.00
467.05 672.00
467.00 672.05
466.05 673.00
466.05 674.00
466.00 674.05
465.05 675.00
465.05 676.00
465.00 676.05
464.05 677.00
464.05 678.00
464.05 679.00
464.00 679.05
463.05 680.00
463.05 681.00
463.05 682.00
463.05 683.00
463.05 684.00
463.00 684.05
462.05 685.00
462.05 686.00
463.00 686.95
463.05 687.00
463.05 688.00
463.05 689.00
463.05 690.00
463.05 691.00
463.05 692.00
464.00 692.95
464.05 693.00
464.05 694.00
464.05 695.00
465.00 695.95
465.05 696.00
465.05 697.00
465.05 698.00
466.00 698.95
466.05 699.00
466.05 700.00
466.05 701.00
467.00 701.95
467.05 702.00
467.05 703.00
468.00 703.95
468.05 704.00
468.05 705.00
469.00 705.95
469.05 706.00
469.05 707.00
470.00 707.95
470.05 708.00
471.00 708.95
471.05 709.00
472.00 709.95
472.05 710.00
473.00 710.95
473.05 711.00
474.00 711.95
475.00 711.95
475.05 712.00
476.00 712.95
477.00 712.95
477.05 713.00
478.00 713.95
478.05 714.00
479.00 714.95
480.00 714.95
480.05 715.00
481.00 715.95
482.00 715.95
482.05 716.00
483.00 716.95
484.00 716.95
485.00 716.95
485.05 717.00
486.00 717.95
487.00 717.95
488.00 717.95
489.00 717.95
490.00 717.95
491.00 717.95
492.00 717.95
492.95 717.00
493.00 716.95
494.00 716.95
495.00 716.95
496.00 716.95
497.00 716.95
497.95 716.00
498.00 715.95
499.00 715.95
500.00 715.95
500.95 715.00
501.00 714.95
502.00 714.95
502.95 714.00
503.00 713.95
504.00 713.95
505.00 713.95
505.95 713.00
506.00 712.95
507.00 712.95
507.95 712.00
508.00 711.95
508.95 711.00
509.00 710.95
510.00 710.95
510.95 710.00
511.00 709.95
511.95 709.00
512.00 708.95
512.95 708.00
513.00 707.95
513.95 707.00
514.00 706.95
514.95 706.00
515.00 705.95
515.95 705.00
516.00 704.95
516.95 704.00
517.00 703.95
517.95 703.00
518.00 702.95
518.95 702.00
519.00 701.95
519.95 701.00
519.95 700.00
520.00 699.95
520.95 699.00
521.00 698.95
521.95 698.00
521.95 697.00
522.00 696.95
522.95 696.00
522.95 695.00
523.00 694.95
523.95 694.00
523.95 693.00
523.95 692.00
524.00 691.95
524.95 691.00
524.95 690.00
524.95 689.00
524.95 688.00
524.95 687.00
524.95 686.00
524.95 685.00
525.00 684.95
525.95 684.00

Contour 11:
557.96 533.00
557.96 532.00
557.96 531.00
557.96 530.00
557.96 529.00
557.96 528.00
557.96 527.00
557.96 526.00
557.96 525.00
557.96 524.00
557.96 523.00
557.96 522.00
557.96 521.00
557.96 520.00
557.96 519.00
557.96 518.00
557.00 517.04
556.96 517.00
556.96 516.00
556.96 515.00
556.00 514.04
555.96 514.00
555.96 513.00
555.00 512.04
554.96 512.00
554.00 511.04
553.96 511.00
553.00 510.04
552.96 510.00
552.00 509.04
551.96 509.00
551.00 508.04
550.96 508.00
550.00 507.04
549.96 507.00
549.00 506.04
548.96 506.00
548.00 505.04
547.00 505.04
546.96 505.00
546.00 504.04
545.00 504.04
544.96 504.00
544.00 503.04
543.00 503.04
542.96 503.00
542.00 502.04
541.00 502.04
540.00 502.04
539.96 502.00
539.00 501.04
538.00 501.04
537.00 501.04
536.00 501.04
535.96 501.00
535.00 500.04
534.00 500.04
533.00 500.04
532.00 500.04
531.00 500.04
530.00 500.04
529.00 500.04
528.00 500.04
527.00 500.04
526.00 500.04
525.00 500.04
524.04 501.00
524.00 501.04
523.00 501.04
522.00 501.04
521.00 501.04
520.04 502.00
520.00 502.04
519.00 502.04
518.04 503.00
518.00 503.04
517.00 503.04
516.04 504.00
516.00 504.04
515.04 505.00
515.00 505.04
514.00 505.04
513.04 506.00
513.00 506.04
512.04 507.00
512.00 507.04
511.04 508.00
511.00 508.04
510.04 509.00
510.00 509.04
509.00 509.04
508.04 510.00
508.00 510.04
507.04 511.00
507.00 511.04
506.04 512.00
506.00 512.04
505.04 513.00
505.00 513.04
504.04 514.00
504.00 514.04
503.04 515.00
503.04 516.00
503.00 516.04
502.04 517.00
502.04 518.00
502.00 518.04
501.04 519.00
501.04 520.00
501.00 520.04
500.04 521.00
500.04 522.00
500.04 523.00
500.00 523.04
499.04 524.00
499.04 525.00
499.00 525.04
498.04 526.00
498.04 527.00
498.04 528.00
498.04 529.00
498.04 530.00
498.04 531.00
498.04 532.00
498.04 533.00
498.04 534.00
498.04 535.00
498.04 536.00
498.04 537.00
498.04 538.00
499.00 538.96
499.04 539.00
499.04 540.00
499.04 541.00
499.04 542.00
500.00 542.96
500.04 543.00
500.04 544.00
501.00 544.96
501.04 545.00
501.04 546.00
502.00 546.96
502.04 547.00
502.04 548.00
503.00 548.96
503.04 549.00
503.04 550.00
504.00 550.96
504.04 551.00
505.00 551.96
505.04 552.00
506.00 552.96
506.04 553.00
507.00 553.96
507.04 554.00
508.00 554.96
509.00 554.96
509.04 555.00
510.00 555.96
510.04 556.00
511.00 556.96
512.00 556.96
512.04 557.00
513.00 557.96
514.00 557.96
514.04 558.00
515.00 558.96
516.00 558.96
516.04 559.00
517.00 559.96
518.00 559.96
519.00 559.96
520.00 559.96
520.04 560.00
521.00 560.96
522.00 560.96
523.00 560.96
524.00 560.96
525.00 560.96
526.00 560.96
527.00 560.96
528.00 560.96
529.00 560.96
530.00 560.96
530.96 560.00
531.00 559.96
532.00 559.96
533.00 559.96
533.96 559.00
534.00 558.96
535.00 558.96
535.96 558.00
536.00 557.96
537.00 557.96
537.96 557.00
538.00 556.96
538.96 556.00
539.00 555.96
540.00 555.96
540.96 555.00
541.00 554.96
541.96 554.00
542.00 553.96
542.96 553.00
543.00 552.96
544.00 552.96
544.96 552.00
545.00 551.96
545.96 551.00
546.00 550.96
546.96 550.00
546.96 549.00
547.00 548.96
547.96 548.00
548.00 547.96
548.96 547.00
549.00 546.96
549.96 546.00
550.00 545.96
550.96 545.00
551.00 544.96
551.96 544.00
551.96 543.00
552.00 542.96
552.96 542.00
553.00 541.96
553.96 541.00
553.96 540.00
554.00 539.96
554.96 539.00
554.96 538.00
555.00 537.96
555.96 537.00
556.00 536.96
556.96 536.00
556.96 535.00
556.96 534.00
557.00 533.96
557.96 533.00

Contour 12:
555.96 332.00
555.96 331.00
555.96 330.00
555.96 329.00
555.96 328.00
555.96 327.00
555.96 326.00
555.96 325.00
555.96 324.00
555.96 323.00
555.96 322.00
555.96 321.00
555.96 320.00
555.96 319.00
555.96 318.00
555.00 317.04
554.96 317.00
554.96 316.00
554.96 315.00
554.00 314.04
553.96 314.00
553.96 313.00
553.00 312.04
552.96 312.00
552.96 311.00
552.00 310.04
551.96 310.00
551.96 309.00
551.00 308.04
550.96 308.00
550.96 307.00
550.00 306.04
549.96 306.00
549.00 305.04
548.96 305.00
548.00 304.04
547.96 304.00
547.00 303.04
546.96 303.00
546.00 302.04
545.00 302.04
544.96 302.00
544.00 301.04
543.96 301.00
543.00 300.04
542.96 300.00
542.00 299.04
541.00 299.04
540.96 299.00
540.00 298.04
539.96 298.00
539.00 297.04
538.00 297.04
537.96 297.00
537.00 296.04
536.00 296.04
535.96 296.00
535.00 295.04
534.00 295.04
533.00 295.04
532.96 295.00
532.00 294.04
531.00 294.04
530.00 294.04
529.00 294.04
528.00 294.04
527.00 294.04
526.96 294.00
526.00 293.04
525.00 293.04
524.00 293.04
523.00 293.04
522.00 293.04
521.00 293.04
520.00 293.04
519.00 293.04
518.04 294.00
518.00 294.04
517.00 294.04
516.00 294.04
515.00 294.04
514.04 295.00
514.00 295.04
513.00 295.04
512.00 295.04
511.04 296.00
511.00 296.04
510.00 296.04
509.04 297.00
509.00 297.04
508.00 297.04
507.04 298.00
507.00 298.04
506.04 299.00
506.00 299.04
505.04 300.00
505.00 300.04
504.04 301.00
504.00 301.04
503.04 302.00
503.04 303.00
503.00 303.04
502.04 304.00
502.04 305.00
502.00 305.04
501.04 306.00
501.04 307.00
501.04 308.00
501.00 308.04
500.04 309.00
500.04 310.00
500.04 311.00
500.04 312.00
500.00 312.04
499.04 313.00
499.04 314.00
499.04 315.00
499.04 316.00
499.04 317.00
499.04 318.00
499.04 319.00
499.04 320.00
499.04 321.00
500.00 321.96
500.04 322.00
500.04 323.00
500.04 324.00
500.04 325.00
501.00 325.96
501.04 326.00
501.04 327.00
501.04 328.00
502.00 328.96
502.04 329.00
502.04 330.00
503.00 330.96
503.04 331.00
504.00 331.96
504.04 332.00
504.04 333.00
505.00 333.96
505.04 334.00
506.00 334.96
506.04 335.00
506.04 336.00
507.00 336.96
507.04 337.00
508.00 337.96
508.04 338.00
509.00 338.96
509.04 339.00
510.00 339.96
510.04 340.00
511.00 340.96
511.04 341.00
511.04 342.00
512.00 342.96
512.04 343.00
513.00 343.96
513.04 344.00
514.00 344.96
514.04 345.00
515.00 345.96
516.00 345.96
516.04 346.00
517.00 346.96
517.04 347.00
518.00 347.96
518.04 348.00
519.00 348.96
520.00 348.96
520.04 349.00
521.00 349.96
521.04 350.00
522.00 350.96
523.00 350.96
523.04 351.00
524.00 351.96
525.00 351.96
526.00 351.96
526.04 352.00
527.00 352.96
528.00 352.96
529.00 352.96
530.00 352.96
531.00 352.96
532.00 352.96
533.00 352.96
534.00 352.96
535.00 352.96
536.00 352.96
537.00 352.96
538.00 352.96
538.96 352.00
539.00 351.96
540.00 351.96
541.00 351.96
541.96 351.00
542.00 350.96
543.00 350.96
543.96 350.00
544.00 349.96
544.96 349.00
545.00 348.96
545.96 348.00
546.00 347.96
546.96 347.00
547.00 346.96
547.96 346.00
548.00 345.96
548.96 345.00
549.00 344.96
549.96 344.00
550.00 343.96
550.96 343.00
550.96 342.00
551.00 341.96
551.96 341.00
551.96 340.00
552.00 339.96
552.96 339.00
552.96 338.00
553.00 337.96
553.96 337.00
553.96 336.00
554.00 335.96
554.96 335.00
554.96 334.00
554.96 333.00
555.00 332.96
555.96 332.00

Contour 13:
561.96 459.00
561.96 458.00
561.96 457.00
561.96 456.00
561.96 455.00
561.96 454.00
561.96 453.00
561.96 452.00
561.96 451.00
561.96 450.00
561.00 449.04
560.96 449.00
560.96 448.00
560.96 447.00
560.96 446.00
560.96 445.00
560.96 444.00
560.96 443.00
560.00 442.04
559.96 442.00
559.96 441.00
559.96 440.00
559.00 439.04
558.96 439.00
558.96 438.00
558.00 437.04
557.96 437.00
557.96 436.00
557.00 435.04
556.96 435.00
556.00 434.04
555.96 434.00
555.96 433.00
555.00 432.04
554.96 432.00
554.00 431.04
553.96 431.00
553.00 430.04
552.96 430.00
552.00 429.04
551.96 429.00
551.00 428.04
550.96 428.00
550.00 427.04
549.96 427.00
549.00 426.04
548.96 426.00
548.00 425.04
547.96 425.00
547.00 424.04
546.00 424.04
545.96 424.00
545.00 423.04
544.96 423.00
544.00 422.04
543.00 422.04
542.00 422.04
541.96 422.00
541.00 421.04
540.00 421.04
539.96 421.00
539.00 420.04
538.00 420.04
537.00 420.04
536.96 420.00
536.00 419.04
535.00 419.04
534.00 419.04
533.00 419.04
532.96 419.00
532.00 418.04
531.00 418.04
530.00 418.04
529.00 418.04
528.00 418.04
527.00 418.04
526.00 418.04
525.04 419.00
525.00 419.04
524.00 419.04
523.00 419.04
522.00 419.04
521.04 420.00
521.00 420.04
520.00 420.04
519.04 421.00
519.00 421.04
518.00 421.04
517.04 422.00
517.00 422.04
516.00 422.04
515.04 423.00
515.00 423.04
514.00 423.04
513.04 424.00
513.00 424.04
512.04 425.00
512.00 425.04
511.00 425.04
510.04 426.00
510.00 426.04
509.04 427.00
509.00 427.04
508.04 428.00
508.00 428.04
507.04 429.00
507.00 429.04
506.04 430.00
506.00 430.04
505.04 431.00
505.00 431.04
504.04 432.00
504.04 433.00
504.00 433.04
503.04 434.00
503.04 435.00
503.04 436.00
503.00 436.04
502.04 437.00
502.04 438.00
502.04 439.00
502.04 440.00
502.04 441.00
502.04 442.00
502.04 443.00
502.04 444.00
502.04 445.00
502.04 446.00
502.04 447.00
502.04 448.00
503.00 448.96
503.04 449.00
503.04 450.00
503.04 451.00
503.04 452.00
503.04 453.00
504.00 453.96
504.04 454.00
504.04 455.00
504.04 456.00
504.04 457.00
505.00 457.96
505.04 458.00
505.04 459.00
505.04 460.00
506.00 460.96
506.04 461.00
506.04 462.00
507.00 462.96
507.04 463.00
507.04 464.00
508.00 464.96
508.04 465.00
509.00 465.96
509.04 466.00
510.00 466.96
510.04 467.00
510.04 468.00
511.00 468.96
511.04 469.00
512.00 469.96
512.04 470.00
513.00 470.96
513.04 471.00
514.00 471.96
514.04 472.00
515.00 472.96
516.00 472.96
516.04 473.00
517.00 473.96
517.04 474.00
518.00 474.96
518.04 475.00
519.00 475.96
520.00 475.96
520.04 476.00
521.00 476.96
522.00 476.96
522.04 477.00
523.00 477.96
524.00 477.96
524.04 478.00
525.00 478.96
526.00 478.96
526.04 479.00
527.00 479.96
528.00 479.96
529.00 479.96
529.04 480.00
530.00 480.96
531.00 480.96
532.00 480.96
533.00 480.96
534.00 480.96
535.00 480.96
536.00 480.96
537.00 480.96
538.00 480.96
539.00 480.96
540.00 480.96
541.00 480.96
541.96 480.00
542.00 479.96
543.00 479.96
544.00 479.96
544.96 479.00
545.00 478.96
546.00 478.96
546.96 478.00
547.00 477.96
547.96 477.00
548.00 476.96
549.00 476.96
549.96 476.00
550.00 475.96
550.96 475.00
551.00 474.96
551.96 474.00
552.00 473.96
552.96 473.00
553.00 472.96
553.96 472.00
554.00 471.96
554.96 471.00
555.00 470.96
555.96 470.00
556.00 469.96
556.96 469.00
557.00 468.96
557.96 468.00
557.96 467.00
558.00 466.96
558.96 466.00
559.00 465.96
559.96 465.00
559.96 464.00
560.00 463.96
560.96 463.00
560.96 462.00
560.96 461.00
560.96 460.00
561.00 459.96
561.96 459.00

Contour 14:
609.97 655.00
609.97 654.00
609.97 653.00
609.97 652.00
609.97 651.00
609.97 650.00
609.97 649.00
609.97 648.00
609.97 647.00
609.97 646.00
609.97 645.00
609.97 644.00
609.97 643.00
609.97 642.00
609.97 641.00
609.97 640.00
609.97 639.00
609.00 638.03
608.97 638.00
608.97 637.00
608.00 636.03
607.97 636.00
607.97 635.00
607.00 634.03
606.97 634.00
606.97 633.00
606.00 632.03
605.97 632.00
605.97 631.00
605.00 630.03
604.97 630.00
604.00 629.03
603.97 629.00
603.00 628.03
602.97 628.00
602.00 627.03
601.97 627.00
601.00 626.03
600.97 626.00
600.00 625.03
599.97 625.00
599.00 624.03
598.97 624.00
598.00 623.03
597.97 623.00
597.00 622.03
596.97 622.00
596.00 621.03
595.97 621.00
595.00 620.03
594.97 620.00
594.00 619.03
593.00 619.03
592.97 619.00
592.00 618.03
591.97 618.00
591.00 617.03
590.97 617.00
590.00 616.03
589.00 616.03
588.97 616.00
588.00 615.03
587.00 615.03
586.97 615.00
586.00 614.03
585.00 614.03
584.00 614.03
583.97 614.00
583.00 613.03
582.00 613.03
581.00 613.03
580.00 613.03
579.00 613.03
578.97 613.00
578.00 612.03
577.00 612.03
576.00 612.03
575.00 612.03
574.00 612.03
573.03 613.00
573.00 613.03
572.00 613.03
571.00 613.03
570.00 613.03
569.03 614.00
569.00 614.03
568.00 614.03
567.00 614.03
566.03 615.00
566.00 615.03
565.00 615.03
564.00 615.03
563.03 616.00
563.00 616.03
562.00 616.03
561.00 616.03
560.03 617.00
560.00 617.03
559.03 618.00
559.00 618.03
558.03 619.00
558.00 619.03
557.03 620.00
557.00 620.03
556.03 621.00
556.00 621.03
555.03 622.00
555.00 622.03
554.03 623.00
554.00 623.03
553.03 624.00
553.00 624.03
552.03 625.00
552.03 626.00
552.00 626.03
551.03 627.00
551.03 628.00
551.00 628.03
550.03 629.00
550.03 630.00
550.03 631.00
550.03 632.00
550.03 633.00
550.00 633.03
549.03 634.00
549.03 635.00
549.03 636.00
549.03 637.00
549.00 637.03
548.03 638.00
548.03 639.00
548.03 640.00
548.03 641.00
548.03 642.00
548.03 643.00
548.03 644.00
548.03 645.00
548.03 646.00
549.00 646.97
549.03 647.00
549.03 648.00
549.03 649.00
550.00 649.97
550.03 650.00
550.03 651.00
550.03 652.00
551.00 652.97
551.03 653.00
551.03 654.00
552.00 654.97
552.03 655.00
552.03 656.00
553.00 656.97
553.03 657.00
553.03 658.00
554.00 658.97
554.03 659.00
554.03 660.00
555.00 660.97
555.03 661.00
555.03 662.00
556.00 662.97
556.03 663.00
557.00 663.97
557.03 664.00
558.00 664.97
558.03 665.00
558.03 666.00
559.00 666.97
559.03 667.00
560.00 667.97
560.03 668.00
561.00 668.97
561.03 669.00
562.00 669.97
562.03 670.00
563.00 670.97
563.03 671.00
564.00 671.97
564.03 672.00
565.00 672.97
565.03 673.00
566.00 673.97
567.00 673.97
567.03 674.00
568.00 674.97
569.00 674.97
569.03 675.00
570.00 675.97
571.00 675.97
571.03 676.00
572.00 676.97
573.00 676.97
574.00 676.97
574.03 677.00
575.00 677.97
576.00 677.97
577.00 677.97
577.03 678.00
578.00 678.97
579.00 678.97
580.00 678.97
581.00 678.97
582.00 678.97
583.00 678.97
584.00 678.97
584.97 678.00
585.00 677.97
586.00 677.97
587.00 677.97
588.00 677.97
589.00 677.97
590.00 677.97
590.97 677.00
591.00 676.97
592.00 676.97
592.97 676.00
593.00 675.97
594.00 675.97
594.97 675.00
595.00 674.97
596.00 674.97
596.97 674.00
597.00 673.97
597.97 673.00
598.00 672.97
599.00 672.97
599.97 672.00
600.00 671.97
600.97 671.00
601.00 670.97
601.97 670.00
602.00 669.97
602.97 669.00
603.00 668.97
603.97 668.00
604.00 667.97
604.97 667.00
605.00 666.97
605.97 666.00
605.97 665.00
606.00 664.97
606.97 664.00
606.97 663.00
607.00 662.97
607.97 662.00
607.97 661.00
607.97 660.00
608.00 659.97
608.97 659.00
608.97 658.00
608.97 657.00
608.97 656.00
609.00 655.97
609.97 655.00

Contour 15:
632.97 337.00
632.97 336.00
632.97 335.00
632.97 334.00
632.00 333.03
631.97 333.00
631.97 332.00
631.97 331.00
631.97 330.00
631.97 329.00
631.97 328.00
631.00 327.03
630.97 327.00
630.97 326.00
630.00 325.03
629.97 325.00
629.00 324.03
628.97 324.00
628.97 323.00
628.00 322.03
627.97 322.00
627.00 321.03
626.97 321.00
626.00 320.03
625.97 320.00
625.00 319.03
624.97 319.00
624.00 318.03
623.00 318.03
622.97 318.00
622.00 317.03
621.97 317.00
621.00 316.03
620.00 316.03
619.97 316.00
619.00 315.03
618.00 315.03
617.97 315.00
617.00 314.03
616.00 314.03
615.97 314.00
615.00 313.03
614.00 313.03
613.97 313.00
613.00 312.03
612.00 312.03
611.00 312.03
610.97 312.00
610.00 311.03
609.00 311.03
608.00 311.03
607.00 311.03
606.00 311.03
605.00 311.03
604.00 311.03
603.97 311.00
603.00 310.03
602.00 310.03
601.00 310.03
600.03 311.00
600.00 311.03
599.00 311.03
598.00 311.03
597.00 311.03
596.00 311.03
595.00 311.03
594.00 311.03
593.03 312.00
593.00 312.03
592.00 312.03
591.00 312.03
590.03 313.00
590.00 313.03
589.00 313.03
588.00 313.03
587.03 314.00
587.00 314.03
586.00 314.03
585.00 314.03
584.03 315.00
584.00 315.03
583.00 315.03
582.03 316.00
582.00 316.03
581.00 316.03
580.03 317.00
580.00 317.03
579.00 317.03
578.03 318.00
578.00 318.03
577.00 318.03
576.03 319.00
576.00 319.03
575.00 319.03
574.03 320.00
574.00 320.03
573.03 321.00
573.00 321.03
572.03 322.00
572.00 322.03
571.03 323.00
571.00 323.03
570.03 324.00
570.03 325.00
570.00 325.03
569.03 326.00
569.00 326.03
568.03 327.00
568.00 327.03
567.03 328.00
567.03 329.00
567.03 330.00
567.00 330.03
566.03 331.00
566.03 332.00
566.03 333.00
566.00 333.03
565.03 334.00
565.03 335.00
565.03 336.00
565.03 337.00
565.03 338.00
565.00 338.03
564.03 339.00
564.03 340.00
564.03 341.00
564.03 342.00
564.03 343.00
565.00 343.97
565.03 344.00
565.03 345.00
565.03 346.00
565.03 347.00
565.03 348.00
566.00 348.97
566.03 349.00
567.00 349.97
567.03 350.00
567.03 351.00
568.00 351.97
568.03 352.00
569.00 352.97
569.03 353.00
570.00 353.97
570.03 354.00
570.03 355.00
571.00 355.97
571.03 356.00
572.00 356.97
572.03 357.00
573.00 357.97
573.03 358.00
574.00 358.97
574.03 359.00
575.00 359.97
576.00 359.97
576.03 360.00
577.00 360.97
577.03 361.00
578.00 361.97
579.00 361.97
579.03 362.00
580.00 362.97
580.03 363.00
581.00 363.97
582.00 363.97
582.03 364.00
583.00 364.97
584.00 364.97
585.00 364.97
585.03 365.00
586.00 365.97
587.00 365.97
587.03 366.00
588.00 366.97
589.00 366.97
590.00 366.97
591.00 366.97
592.00 366.97
592.03 367.00
593.00 367.97
594.00 367.97
595.00 367.97
596.00 367.97
596.97 367.00
597.00 366.97
598.00 366.97
599.00 366.97
600.00 366.97
601.00 366.97
601.97 366.00
602.00 365.97
603.00 365.97
604.00 365.97
605.00 365.97
605.97 365.00
606.00 364.97
607.00 364.97
608.00 364.97
609.00 364.97
610.00 364.97
611.00 364.97
611.97 364.00
612.00 363.97
613.00 363.97
614.00 363.97
614.97 363.00
615.00 362.97
616.00 362.97
616.97 362.00
617.00 361.97
618.00 361.97
618.97 361.00
619.00 360.97
620.00 360.97
620.97 360.00
621.00 359.97
621.97 359.00
622.00 358.97
622.97 358.00
623.00 357.97
623.97 357.00
624.00 356.97
624.97 356.00
625.00 355.97
625.97 355.00
626.00 354.97
626.97 354.00
627.00 353.97
627.97 353.00
627.97 352.00
628.00 351.97
628.97 351.00
628.97 350.00
629.00 349.97
629.97 349.00
629.97 348.00
630.00 347.97
630.97 347.00
630.97 346.00
630.97 345.00
631.00 344.97
631.97 344.00
631.97 343.00
631.97 342.00
631.97 341.00
631.97 340.00
631.97 339.00
631.97 338.00
632.00 337.97
632.97 337.00

Contour 16:
636.97 521.00
636.97 520.00
636.97 519.00
636.97 518.00
636.97 517.00
636.97 516.00
636.97 515.00
636.97 514.00
636.97 513.00
636.97 512.00
636.97 511.00
636.00 510.03
635.97 510.00
635.97 509.00
635.97 508.00
635.97 507.00
635.97 506.00
635.00 505.03
634.97 505.00
634.97 504.00
634.97 503.00
634.00 502.03
633.97 502.00
633.97 501.00
633.00 500.03
632.97 500.00
632.97 499.00
632.00 498.03
631.97 498.00
631.97 497.00
631.00 496.03
630.97 496.00
630.97 495.00
630.00 494.03
629.97 494.00
629.00 493.03
628.97 493.00
628.97 492.00
628.00 491.03
627.97 491.00
627.00 490.03
626.97 490.00
626.00 489.03
625.97 489.00
625.00 488.03
624.97 488.00
624.00 487.03
623.00 487.03
622.97 487.00
622.00 486.03
621.97 486.00
621.00 485.03
620.97 485.00
620.00 484.03
619.00 484.03
618.97 484.00
618.00 483.03
617.97 483.00
617.00 482.03
616.00 482.03
615.97 482.00
615.00 481.03
614.00 481.03
613.97 481.00
613.00 480.03
612.00 480.03
611.00 480.03
610.97 480.00
610.00 479.03
609.00 479.03
608.00 479.03
607.00 479.03
606.00 479.03
605.00 479.03
604.00 479.03
603.00 479.03
602.00 479.03
601.03 480.00
601.00 480.03
600.00 480.03
599.00 480.03
598.00 480.03
597.03 481.00
597.00 481.03
596.00 481.03
595.03 482.00
595.00 482.03
594.00 482.03
593.03 483.00
593.00 483.03
592.03 484.00
592.00 484.03
591.03 485.00
591.00 485.03
590.03 486.00
590.00 486.03
589.03 487.00
589.00 487.03
588.03 488.00
588.03 489.00
588.00 489.03
587.03 490.00
587.03 491.00
587.00 491.03
586.03 492.00
586.03 493.00
586.00 493.03
585.03 494.00
585.00 494.03
584.03 495.00
584.00 495.03
583.03 496.00
583.03 497.00
583.00 497.03
582.03 498.00
582.00 498.03
581.03 499.00
581.00 499.03
580.03 500.00
580.03 501.00
580.00 501.03
579.03 502.00
579.03 503.00
579.00 503.03
578.03 504.00
578.03 505.00
578.03 506.00
578.03 507.00
578.00 507.03
577.03 508.00
577.03 509.00
577.03 510.00
577.03 511.00
577.03 512.00
577.03 513.00
577.03 514.00
577.03 515.00
577.03 516.00
577.03 517.00
577.03 518.00
577.03 519.00
578.00 519.97
578.03 520.00
578.03 521.00
578.03 522.00
578.03 523.00
579.00 523.97
579.03 524.00
579.03 525.00
580.00 525.97
580.03 526.00
580.03 527.00
581.00 527.97
581.03 528.00
581.03 529.00
582.00 529.97
582.03 530.00
583.00 530.97
583.03 531.00
584.00 531.97
584.03 532.00
585.00 532.97
585.03 533.00
586.00 533.97
587.00 533.97
587.03 534.00
588.00 534.97
589.00 534.97
589.03 535.00
590.00 535.97
591.00 535.97
591.03 536.00
592.00 536.97
593.00 536.97
593.03 537.00
594.00 537.97
595.00 537.97
596.00 537.97
596.03 538.00
597.00 538.97
598.00 538.97
599.00 538.97
600.00 538.97
601.00 538.97
602.00 538.97
603.00 538.97
604.00 538.97
605.00 538.97
606.00 538.97
607.00 538.97
608.00 538.97
609.00 538.97
609.03 539.00
610.00 539.97
611.00 539.97
612.00 539.97
613.00 539.97
614.00 539.97
615.00 539.97
616.00 539.97
617.00 539.97
618.00 539.97
619.00 539.97
619.97 539.00
620.00 538.97
621.00 538.97
622.00 538.97
623.00 538.97
623.97 538.00
624.00 537.97
625.00 537.97
625.97 537.00
626.00 536.97
626.97 536.00
627.00 535.97
627.97 535.00
628.00 534.97
628.97 534.00
629.00 533.97
629.97 533.00
630.00 532.97
630.97 532.00
631.00 531.97
631.97 531.00
632.00 530.97
632.97 530.00
632.97 529.00
633.00 528.97
633.97 528.00
633.97 527.00
634.00 526.97
634.97 526.00
634.97 525.00
635.00 524.97
635.97 524.00
635.97 523.00
635.97 522.00
636.00 521.97
636.97 521.00

Contour 17:
686.97 440.00
686.97 439.00
686.97 438.00
686.97 437.00
686.97 436.00
686.97 435.00
686.97 434.00
686.00 433.03
685.97 433.00
685.97 432.00
685.97 431.00
685.97 430.00
685.00 429.03
684.97 429.00
684.97 428.00
684.97 427.00
684.00 426.03
683.97 426.00
683.97 425.00
683.97 424.00
683.00 423.03
682.97 423.00
682.97 422.00
682.97 421.00
682.00 420.03
681.97 420.00
681.00 419.03
680.97 419.00
680.97 418.00
680.00 417.03
679.97 417.00
679.00 416.03
678.97 416.00
678.00 415.03
677.97 415.00
677.00 414.03
676.97 414.00
676.00 413.03
675.97 413.00
675.00 412.03
674.00 412.03
673.97 412.00
673.00 411.03
672.97 411.00
672.00 410.03
671.00 410.03
670.97 410.00
670.00 409.03
669.00 409.03
668.00 409.03
667.97 409.00
667.00 408.03
666.00 408.03
665.00 408.03
664.00 408.03
663.00 408.03
662.00 408.03
661.00 408.03
660.00 408.03
659.00 408.03
658.00 408.03
657.00 408.03
656.00 408.03
655.00 408.03
654.00 408.03
653.00 408.03
652.00 408.03
651.00 408.03
650.00 408.03
649.00 408.03
648.00 408.03
647.00 408.03
646.03 409.00
646.00 409.03
645.00 409.03
644.03 410.00
644.00 410.03
643.00 410.03
642.00 410.03
641.03 411.00
641.00 411.03
640.00 411.03
639.03 412.00
639.00 412.03
638.00 412.03
637.03 413.00
637.00 413.03
636.00 413.03
635.03 414.00
635.00 414.03
634.00 414.03
633.03 415.00
633.00 415.03
632.03 416.00
632.00 416.03
631.00 416.03
630.03 417.00
630.00 417.03
629.03 418.00
629.00 418.03
628.03 419.00
628.00 419.03
627.03 420.00
627.00 420.03
626.03 421.00
626.00 421.03
625.03 422.00
625.03 423.00
625.00 423.03
624.03 424.00
624.03 425.00
624.00 425.03
623.03 426.00
623.03 427.00
623.03 428.00
623.03 429.00
623.00 429.03
622.03 430.00
622.03 431.00
622.03 432.00
622.03 433.00
622.03 434.00
622.03 435.00
622.03 436.00
622.03 437.00
622.03 438.00
622.03 439.00
622.03 440.00
622.03 441.00
622.03 442.00
622.03 443.00
622.03 444.00
623.00 444.97
623.03 445.00
623.03 446.00
624.00 446.97
624.03 447.00
625.00 447.97
625.03 448.00
626.00 448.97
626.03 449.00
626.03 450.00
627.00 450.97
627.03 451.00
628.00 451.97
628.03 452.00
629.00 452.97
630.00 452.97
630.03 453.00
631.00 453.97
631.03 454.00
632.00 454.97
632.03 455.00
633.00 455.97
634.00 455.97
634.03 456.00
635.00 456.97
636.00 456.97
636.03 457.00
637.00 457.97
638.00 457.97
639.00 457.97
640.00 457.97
640.03 458.00
641.00 458.97
642.00 458.97
643.00 458.97
644.00 458.97
645.00 458.97
646.00 458.97
647.00 458.97
648.00 458.97
649.00 458.97
650.00 458.97
651.00 458.97
652.00 458.97
653.00 458.97
653.97 458.00
654.00 457.97
655.00 457.97
656.00 457.97
657.00 457.97
658.00 457.97
659.00 457.97
660.00 457.97
661.00 457.97
662.00 457.97
663.00 457.97
664.00 457.97
665.00 457.97
666.00 457.97
666.97 457.00
667.00 456.97
668.00 456.97
669.00 456.97
670.00 456.97
670.97 456.00
671.00 455.97
672.00 455.97
673.00 455.97
673.97 455.00
674.00 454.97
675.00 454.97
675.97 454.00
676.00 453.97
676.97 453.00
677.00 452.97
677.97 452.00
678.00 451.97
678.97 451.00
679.00 450.97
680.00 450.97
680.97 450.00
681.00 449.97
681.97 449.00
681.97 448.00
682.00 447.97
682.97 447.00
683.00 446.97
683.97 446.00
684.00 445.97
684.97 445.00
684.97 444.00
685.00 443.97
685.97 443.00
685.97 442.00
685.97 441.00
686.00 440.97
686.97 440.00

Contour 18:
717.97 634.00
717.97 633.00
717.97 632.00
717.97 631.00
717.97 630.00
717.97 629.00
717.97 628.00
717.97 627.00
717.97 626.00
717.97 625.00
717.97 624.00
717.97 623.00
717.97 622.00
717.97 621.00
717.97 620.00
717.97 619.00
717.97 618.00
717.97 617.00
717.00 616.03
716.97 616.00
716.97 615.00
716.00 614.03
715.97 614.00
715.00 613.03
714.97 613.00
714.97 612.00
714.00 611.03
713.97 611.00
713.00 610.03
712.97 610.00
712.00 609.03
711.97 609.00
711.00 608.03
710.97 608.00
710.00 607.03
709.97 607.00
709.00 606.03
708.97 606.00
708.00 605.03
707.97 605.00
707.00 604.03
706.00 604.03
705.97 604.00
705.00 603.03
704.97 603.00
704.00 602.03
703.00 602.03
702.97 602.00
702.00 601.03
701.00 601.03
700.97 601.00
700.00 600.03
699.00 600.03
698.00 600.03
697.00 600.03
696.00 600.03
695.97 600.00
695.00 599.03
694.00 599.03
693.00 599.03
692.03 600.00
692.00 600.03
691.00 600.03
690.00 600.03
689.00 600.03
688.03 601.00
688.00 601.03
687.00 601.03
686.00 601.03
685.03 602.00
685.00 602.03
684.00 602.03
683.03 603.00
683.00 603.03
682.03 604.00
682.00 604.03
681.00 604.03
680.03 605.00
680.00 605.03
679.03 606.00
679.00 606.03
678.03 607.00
678.00 607.03
677.03 608.00
677.00 608.03
676.03 609.00
676.00 609.03
675.00 609.03
674.03 610.00
674.00 610.03
673.03 611.00
673.00 611.03
672.03 612.00
672.00 612.03
671.03 613.00
671.03 614.00
671.00 614.03
670.03 615.00
670.00 615.03
669.03 616.00
669.03 617.00
669.00 617.03
668.03 618.00
668.00 618.03
667.03 619.00
667.00 619.03
666.03 620.00
666.03 621.00
666.00 621.03
665.03 622.00
665.00 622.03
664.03 623.00
664.03 624.00
664.00 624.03
663.03 625.00
663.03 626.00
663.00 626.03
662.03 627.00
662.00 627.03
661.03 628.00
661.03 629.00
661.00 629.03
660.03 630.00
660.03 631.00
660.00 631.03
659.03 632.00
659.03 633.00
659.00 633.03
658.03 634.00
658.03 635.00
658.03 636.00
658.00 636.03
657.03 637.00
657.03 638.00
657.03 639.00
657.03 640.00
657.00 640.03
656.03 641.00
656.03 642.00
656.03 643.00
656.03 644.00
656.03 645.00
656.03 646.00
656.03 647.00
656.03 648.00
657.00 648.97
657.03 649.00
657.03 650.00
657.03 651.00
658.00 651.97
658.03 652.00
658.03 653.00
658.03 654.00
659.00 654.97
659.03 655.00
659.03 656.00
660.00 656.97
660.03 657.00
660.03 658.00
661.00 658.97
661.03 659.00
662.00 659.97
662.03 660.00
663.00 660.97
663.03 661.00
663.03 662.00
664.00 662.97
664.03 663.00
665.00 663.97
666.00 663.97
666.03 664.00
667.00 664.97
667.03 665.00
668.00 665.97
669.00 665.97
669.03 666.00
670.00 666.97
671.00 666.97
671.03 667.00
672.00 667.97
673.00 667.97
673.03 668.00
674.00 668.97
675.00 668.97
676.00 668.97
677.00 668.97
677.03 669.00
678.00 669.97
679.00 669.97
680.00 669.97
681.00 669.97
682.00 669.97
683.00 669.97
684.00 669.97
685.00 669.97
686.00 669.97
687.00 669.97
687.97 669.00
688.00 668.97
689.00 668.97
690.00 668.97
691.00 668.97
691.97 668.00
692.00 667.97
693.00 667.97
693.97 667.00
694.00 666.97
695.00 666.97
695.97 666.00
696.00 665.97
697.00 665.97
697.97 665.00
698.00 664.97
698.97 664.00
699.00 663.97
700.00 663.97
700.97 663.00
701.00 662.97
701.97 662.00
702.00 661.97
702.97 661.00
703.00 660.97
704.00 660.97
704.97 660.00
705.00 659.97
705.97 659.00
706.00 658.97
706.97 658.00
707.00 657.97
707.97 657.00
707.97 656.00
708.00 655.97
708.97 655.00
709.00 654.97
709.97 654.00
709.97 653.00
710.00 652.97
710.97 652.00
711.00 651.97
711.97 651.00
711.97 650.00
712.00 649.97
712.97 649.00
712.97 648.00
712.97 647.00
713.00 646.97
713.97 646.00
713.97 645.00
714.00 644.97
714.97 644.00
714.97 643.00
714.97 642.00
715.00 641.97
715.97 641.00
715.97 640.00
716.00 639.97
716.97 639.00
716.97 638.00
716.97 637.00
716.97 636.00
716.97 635.00
717.00 634.97
717.97 634.00

Contour 19:
789.98 870.00
789.98 869.00
789.98 868.00
789.98 867.00
789.98 866.00
789.98 865.00
789.98 864.00
789.98 863.00
789.98 862.00
789.98 861.00
789.98 860.00
789.98 859.00
789.00 858.02
788.98 858.00
788.98 857.00
788.00 856.02
787.98 856.00
787.98 855.00
787.00 854.02
786.98 854.00
786.00 853.02
785.98 853.00
785.00 852.02
784.98 852.00
784.98 851.00
784.00 850.02
783.98 850.00
783.00 849.02
782.98 849.00
782.00 848.02
781.98 848.00
781.00 847.02
780.98 847.00
780.00 846.02
779.98 846.00
779.00 845.02
778.98 845.00
778.00 844.02
777.98 844.00
777.00 843.02
776.98 843.00
776.00 842.02
775.98 842.00
775.00 841.02
774.98 841.00
774.00 840.02
773.98 840.00
773.00 839.02
772.98 839.00
772.00 838.02
771.98 838.00
771.00 837.02
770.00 837.02
769.98 837.00
769.00 836.02
768.98 836.00
768.00 835.02
767.00 835.02
766.98 835.00
766.00 834.02
765.00 834.02
764.00 834.02
763.98 834.00
763.00 833.02
762.00 833.02
761.98 833.00
761.00 832.02
760.00 832.02
759.00 832.02
758.00 832.02
757.00 832.02
756.00 832.02
755.00 832.02
754.00 832.02
753.00 832.02
752.00 832.02
751.00 832.02
750.00 832.02
749.02 833.00
749.00 833.02
748.00 833.02
747.02 834.00
747.00 834.02
746.00 834.02
745.02 835.00
745.00 835.02
744.02 836.00
744.00 836.02
743.00 836.02
742.02 837.00
742.00 837.02
741.02 838.00
741.00 838.02
740.02 839.00
740.00 839.02
739.02 840.00
739.00 840.02
738.02 841.00
738.00 841.02
737.02 842.00
737.00 842.02
736.02 843.00
736.00 843.02
735.02 844.00
735.02 845.00
735.00 845.02
734.02 846.00
734.00 846.02
733.02 847.00
733.00 847.02
732.02 848.00
732.02 849.00
732.00 849.02
731.02 850.00
731.02 851.00
731.00 851.02
730.02 852.00
730.02 853.00
730.00 853.02
729.02 854.00
729.02 855.00
729.00 855.02
728.02 856.00
728.02 857.00
728.02 858.00
728.02 859.00
728.00 859.02
727.02 860.00
727.02 861.00
727.02 862.00
727.02 863.00
727.02 864.00
727.00 864.02
726.02 865.00
726.00 865.02
725.00 865.02
724.00 865.02
723.98 865.00
723.00 864.02
722.00 864.02
721.98 864.00
721.00 863.02
720.00 863.02
719.98 863.00
719.00 862.02
718.00 862.02
717.98 862.00
717.00 861.02
716.00 861.02
715.98 861.00
715.00 860.02
714.00 860.02
713.98 860.00
713.00 859.02
712.98 859.00
712.00 858.02
711.00 858.02
710.98 858.00
710.00 857.02
709.00 857.02
708.00 857.02
707.98 857.00
707.00 856.02
706.98 856.00
706.00 855.02
705.00 855.02
704.00 855.02
703.00 855.02
702.98 855.00
702.00 854.02
701.00 854.02
700.00 854.02
699.00 854.02
698.00 854.02
697.00 854.02
696.00 854.02
695.00 854.02
694.02 855.00
694.00 855.02
693.00 855.02
692.00 855.02
691.00 855.02
690.02 856.00
690.00 856.02
689.02 857.00
689.00 857.02
688.00 857.02
687.02 858.00
687.00 858.02
686.02 859.00
686.00 859.02
685.00 859.02
684.02 860.00
684.00 860.02
683.02 861.00
683.00 861.02
682.02 862.00
682.00 862.02
681.02 863.00
681.02 864.00
681.00 864.02
680.02 865.00
680.00 865.02
679.02 866.00
679.00 866.02
678.02 867.00
678.02 868.00
678.00 868.02
677.02 869.00
677.02 870.00
677.02 871.00
677.00 871.02
676.02 872.00
676.02 873.00
676.02 874.00
676.02 875.00
676.02 876.00
676.02 877.00
676.02 878.00
676.00 878.02
675.02 879.00
675.02 880.00
675.02 881.00
675.02 882.00
675.02 883.00
675.02 884.00
675.02 885.00
675.02 886.00
675.02 887.00
676.00 887.98
676.02 888.00
676.02 889.00
676.02 890.00
677.00 890.98
677.02 891.00
677.02 892.00
677.02 893.00
678.00 893.98
678.02 894.00
678.02 895.00
679.00 895.98
679.02 896.00
680.00 896.98
680.02 897.00
680.02 898.00
681.00 898.98
681.02 899.00
682.00 899.98
682.02 900.00
683.00 900.98
683.02 901.00
684.00 901.98
684.02 902.00
685.00 902.98
685.02 903.00
686.00 903.98
686.02 904.00
687.00 904.98
687.02 905.00
688.00 905.98
688.02 906.00
689.00 906.98
689.02 907.00
690.00 907.98
690.02 908.00
691.00 908.98
691.02 909.00
692.00 909.98
693.00 909.98
694.00 909.98
694.02 910.00
695.00 910.98
695.02 911.00
696.00 911.98
697.00 911.98
697.02 912.00
698.00 912.98
699.00 912.98
700.00 912.98
701.00 912.98
701.02 913.00
702.00 913.98
703.00 913.98
704.00 913.98
704.02 914.00
705.00 914.98
706.00 914.98
707.00 914.98
708.00 914.98
709.00 914.98
710.00 914.98
711.00 914.98
712.00 914.98
713.00 914.98
714.00 914.98
715.00 914.98
716.00 914.98
717.00 914.98
718.00 914.98
719.00 914.98
719.98 914.00
720.00 913.98
721.00 913.98
722.00 913.98
723.00 913.98
724.00 913.98
724.98 913.00
725.00 912.98
726.00 912.98
727.00 912.98
727.98 912.00
728.00 911.98
729.00 911.98
729.98 911.00
730.00 910.98
730.98 910.00
731.00 909.98
732.00 909.98
732.98 909.00
732.98 908.00
733.00 907.98
733.98 907.00
734.00 906.98
734.98 906.00
735.00 905.98
735.98 905.00
736.00 904.98
736.98 904.00
736.98 903.00
737.00 902.98
737.98 902.00
737.98 901.00
738.00 900.98
738.98 900.00
738.98 899.00
739.00 898.98
739.98 898.00
739.98 897.00
739.98 896.00
740.00 895.98
740.98 895.00
741.00 894.98
741.98 894.00
742.00 893.98
742.98 893.00
743.00 892.98
744.00 892.98
745.00 892.98
746.00 892.98
747.00 892.98
747.02 893.00
748.00 893.98
749.00 893.98
750.00 893.98
750.02 894.00
751.00 894.98
752.00 894.98
753.00 894.98
754.00 894.98
754.02 895.00
755.00 895.98
756.00 895.98
757.00 895.98
758.00 895.98
759.00 895.98
760.00 895.98
760.02 896.00
761.00 896.98
762.00 896.98
763.00 896.98
764.00 896.98
765.00 896.98
766.00 896.98
766.98 896.00
767.00 895.98
768.00 895.98
769.00 895.98
770.00 895.98
770.98 895.00
771.00 894.98
772.00 894.98
773.00 894.98
773.98 894.00
774.00 893.98
775.00 893.98
775.98 893.00
776.00 892.98
776.98 892.00
777.00 891.98
778.00 891.98
778.98 891.00
779.00 890.98
779.98 890.00
780.00 889.98
780.98 889.00
781.00 888.98
781.98 888.00
781.98 887.00
782.00 886.98
782.98 886.00
782.98 885.00
783.00 884.98
783.98 884.00
783.98 883.00
783.98 882.00
784.00 881.98
784.98 881.00
784.98 880.00
785.00 879.98
785.98 879.00
785.98 878.00
786.00 877.98
786.98 877.00
786.98 876.00
787.00 875.98
787.98 875.00
787.98 874.00
788.00 873.98
788.98 873.00
788.98 872.00
788.98 871.00
789.00 870.98
789.98 870.00

Contour 20:
789.98 540.00
789.98 539.00
789.98 538.00
789.98 537.00
789.98 536.00
789.98 535.00
789.98 534.00
789.98 533.00
789.98 532.00
789.98 531.00
789.98 530.00
789.98 529.00
789.98 528.00
789.98 527.00
789.98 526.00
789.98 525.00
789.98 524.00
789.98 523.00
789.98 522.00
789.98 521.00
789.00 520.02
788.98 520.00
788.98 519.00
788.98 518.00
788.00 517.02
787.98 517.00
787.98 516.00
787.98 515.00
787.00 514.02
786.98 514.00
786.98 513.00
786.00 512.02
785.98 512.00
785.00 511.02
784.98 511.00
784.98 510.00
784.00 509.02
783.98 509.00
783.00 508.02
782.98 508.00
782.00 507.02
781.98 507.00
781.00 506.02
780.98 506.00
780.00 505.02
779.98 505.00
779.00 504.02
778.98 504.00
778.00 503.02
777.00 503.02
776.98 503.00
776.00 502.02
775.00 502.02
774.98 502.00
774.00 501.02
773.00 501.02
772.98 501.00
772.00 500.02
771.00 500.02
770.98 500.00
770.00 499.02
769.00 499.02
768.00 499.02
767.00 499.02
766.00 499.02
765.98 499.00
765.00 498.02
764.00 498.02
763.00 498.02
762.02 499.00
762.00 499.02
761.00 499.02
760.00 499.02
759.00 499.02
758.02 500.00
758.00 500.02
757.00 500.02
756.02 501.00
756.00 501.02
755.00 501.02
754.02 502.00
754.00 502.02
753.02 503.00
753.00 503.02
752.00 503.02
751.02 504.00
751.00 504.02
750.02 505.00
750.00 505.02
749.02 506.00
749.00 506.02
748.02 507.00
748.00 507.02
747.02 508.00
747.02 509.00
747.00 509.02
746.02 510.00
746.02 511.00
746.00 511.02
745.02 512.00
745.02 513.00
745.00 513.02
744.02 514.00
744.02 515.00
744.02 516.00
744.00 516.02
743.02 517.00
743.02 518.00
743.00 518.02
742.02 519.00
742.02 520.00
742.02 521.00
742.00 521.02
741.02 522.00
741.02 523.00
741.02 524.00
741.02 525.00
741.00 525.02
740.02 526.00
740.02 527.00
740.02 528.00
740.02 529.00
740.00 529.02
739.02 530.00
739.02 531.00
739.02 532.00
739.02 533.00
739.02 534.00
739.02 535.00
739.02 536.00
739.00 536.02
738.02 537.00
738.02 538.00
738.02 539.00
739.00 539.98
739.02 540.00
739.02 541.00
739.02 542.00
739.02 543.00
739.02 544.00
739.02 545.00
740.00 545.98
740.02 546.00
740.02 547.00
740.02 548.00
741.00 548.98
741.02 549.00
741.02 550.00
741.02 551.00
742.00 551.98
742.02 552.00
742.02 553.00
743.00 553.98
743.02 554.00
743.02 555.00
744.00 555.98
744.02 556.00
745.00 556.98
745.02 557.00
746.00 557.98
746.02 558.00
747.00 558.98
747.02 559.00
748.00 559.98
748.02 560.00
749.00 560.98
750.00 560.98
750.02 561.00
751.00 561.98
751.02 562.00
752.00 562.98
753.00 562.98
753.02 563.00
754.00 563.98
755.00 563.98
756.00 563.98
756.02 564.00
757.00 564.98
758.00 564.98
759.00 564.98
760.00 564.98
761.00 564.98
762.00 564.98
763.00 564.98
764.00 564.98
764.98 564.00
765.00 563.98
766.00 563.98
767.00 563.98
767.98 563.00
768.00 562.98
769.00 562.98
769.98 562.00
770.00 561.98
771.00 561.98
772.00 561.98
772.98 561.00
773.00 560.98
774.00 560.98
775.00 560.98
775.98 560.00
776.00 559.98
777.00 559.98
777.98 559.00
778.00 558.98
778.98 558.00
779.00 557.98
779.98 557.00
780.00 556.98
780.98 556.00
781.00 555.98
781.98 555.00
782.00 554.98
782.98 554.00
782.98 553.00
783.00 552.98
783.98 552.00
784.00 551.98
784.98 551.00
784.98 550.00
785.00 549.98
785.98 549.00
785.98 548.00
786.00 547.98
786.98 547.00
786.98 546.00
787.00 545.98
787.98 545.00
787.98 544.00
788.00 543.98
788.98 543.00
788.98 542.00
788.98 541.00
789.00 540.98
789.98 540.00

Contour 21:
943.98 730.00
943.98 729.00
943.98 728.00
943.00 727.02
942.98 727.00
942.98 726.00
942.98 725.00
942.98 724.00
942.98 723.00
942.98 722.00
942.98 721.00
942.98 720.00
942.98 719.00
942.00 718.02
941.98 718.00
941.98 717.00
941.98 716.00
941.98 715.00
941.98 714.00
941.00 713.02
940.98 713.00
940.98 712.00
940.98 711.00
940.00 710.02
939.98 710.00
939.98 709.00
939.00 708.02
938.98 708.00
938.98 707.00
938.00 706.02
937.98 706.00
937.00 705.02
936.98 705.00
936.00 704.02
935.98 704.00
935.98 703.00
935.00 702.02
934.98 702.00
934.00 701.02
933.98 701.00
933.00 700.02
932.98 700.00
932.00 699.02
931.98 699.00
931.00 698.02
930.98 698.00
930.00 697.02
929.00 697.02
928.98 697.00
928.00 696.02
927.98 696.00
927.00 695.02
926.00 695.02
925.98 695.00
925.00 694.02
924.00 694.02
923.98 694.00
923.00 693.02
922.00 693.02
921.98 693.00
921.00 692.02
920.00 692.02
919.00 692.02
918.98 692.00
918.00 691.02
917.00 691.02
916.00 691.02
915.98 691.00
915.00 690.02
914.00 690.02
913.00 690.02
912.98 690.00
912.00 689.02
911.00 689.02
910.00 689.02
909.00 689.02
908.00 689.02
907.00 689.02
906.00 689.02
905.00 689.02
904.00 689.02
903.02 690.00
903.00 690.02
902.00 690.02
901.00 690.02
900.00 690.02
899.00 690.02
898.00 690.02
897.02 691.00
897.00 691.02
896.00 691.02
895.00 691.02
894.02 692.00
894.00 692.02
893.00 692.02
892.02 693.00
892.00 693.02
891.00 693.02
890.02 694.00
890.00 694.02
889.00 694.02
888.02 695.00
888.00 695.02
887.02 696.00
887.00 696.02
886.02 697.00
886.00 697.02
885.02 698.00
885.00 698.02
884.02 699.00
884.00 699.02
883.02 700.00
883.02 701.00
883.00 701.02
882.02 702.00
882.02 703.00
882.00 703.02
881.02 704.00
881.02 705.00
881.02 706.00
881.00 706.02
880.02 707.00
880.02 708.00
880.02 709.00
880.00 709.02
879.02 710.00
879.02 711.00
879.02 712.00
879.02 713.00
879.02 714.00
879.02 715.00
879.02 716.00
879.02 717.00
879.02 718.00
879.02 719.00
879.02 720.00
879.02 721.00
879.02 722.00
880.00 722.98
880.02 723.00
880.02 724.00
880.02 725.00
880.02 726.00
880.02 727.00
881.00 727.98
881.02 728.00
881.02 729.00
881.02 730.00
882.00 730.98
882.02 731.00
882.02 732.00
882.02 733.00
883.00 733.98
883.02 734.00
883.02 735.00
883.02 736.00
884.00 736.98
884.02 737.00
884.02 738.00
885.00 738.98
885.02 739.00
885.02 740.00
886.00 740.98
886.02 741.00
886.02 742.00
887.00 742.98
887.02 743.00
888.00 743.98
888.02 744.00
889.00 744.98
889.02 745.00
889.02 746.00
890.00 746.98
890.02 747.00
891.00 747.98
891.02 748.00
892.00 748.98
892.02 749.00
893.00 749.98
893.02 750.00
894.00 750.98
895.00 750.98
895.02 751.00
896.00 751.98
896.02 752.00
897.00 752.98
898.00 752.98
898.02 753.00
899.00 753.98
900.00 753.98
901.00 753.98
901.02 754.00
902.00 754.98
903.00 754.98
903.02 755.00
904.00 755.98
905.00 755.98
906.00 755.98
906.02 756.00
907.00 756.98
908.00 756.98
909.00 756.98
910.00 756.98
911.00 756.98
911.02 757.00
912.00 757.98
913.00 757.98
914.00 757.98
915.00 757.98
916.00 757.98
917.00 757.98
918.00 757.98
919.00 757.98
920.00 757.98
921.00 757.98
922.00 757.98
923.00 757.98
923.98 757.00
924.00 756.98
925.00 756.98
926.00 756.98
927.00 756.98
927.98 756.00
928.00 755.98
929.00 755.98
929.98 755.00
930.00 754.98
930.98 754.00
931.00 753.98
932.00 753.98
932.98 753.00
933.00 752.98
933.98 752.00
934.00 751.98
934.98 751.00
935.00 750.98
935.98 750.00
936.00 749.98
936.98 749.00
936.98 748.00
937.00 747.98
937.98 747.00
938.00 746.98
938.98 746.00
938.98 745.00
939.00 744.98
939.98 744.00
939.98 743.00
940.00 742.98
940.98 742.00
940.98 741.00
940.98 740.00
941.00 739.98
941.98 739.00
941.98 738.00
941.98 737.00
942.00 736.98
942.98 736.00
942.98 735.00
942.98 734.00
942.98 733.00
942.98 732.00
942.98 731.00
943.00 730.98
943.98 730.00

