Contour 0:
22.50 10.00
22.50 9.00
22.50 8.00
22.50 7.00
22.50 6.00
22.50 5.00
22.00 4.50
21.50 4.00
21.00 3.50
20.50 3.00
20.00 2.50
19.50 2.00
19.00 1.50
18.00 1.50
17.00 1.50
16.50 1.00
16.00 0.50
15.00 0.50
14.00 0.50
13.00 0.50
12.00 0.50
11.00 0.50
10.50 1.00
10.00 1.50
9.00 1.50
8.00 1.50
7.50 2.00
7.00 2.50
6.00 2.50
5.50 3.00
5.00 3.50
4.50 4.00
4.00 4.50
3.50 5.00
3.00 5.50
2.50 6.00
2.50 7.00
2.00 7.50
1.50 8.00
1.50 9.00
1.50 10.00
1.50 11.00
2.00 11.50
2.50 12.00
3.00 12.50
3.50 13.00
4.00 13.50
4.50 14.00
5.00 14.50
5.50 15.00
6.00 15.50
7.00 15.50
7.50 16.00
8.00 16.50
9.00 16.50
10.00 16.50
10.50 17.00
11.00 17.50
12.00 17.50
13.00 17.50
14.00 17.50
14.50 17.00
15.00 16.50
15.50 16.00
16.00 15.50
16.50 15.00
17.00 14.50
17.50 14.00
18.00 13.50
19.00 13.50
19.50 13.00
20.00 12.50
20.50 12.00
21.00 11.50
21.50 11.00
22.00 10.50
22.50 10.00

Contour 1:
66.75 573.00
66.75 572.00
66.75 571.00
66.75 570.00
66.75 569.00
66.75 568.00
66.75 567.00
66.75 566.00
66.75 565.00
66.00 564.25
65.75 564.00
65.75 563.00
65.75 562.00
65.75 561.00
65.75 560.00
65.00 559.25
64.75 559.00
64.75 558.00
64.75 557.00
64.00 556.25
63.75 556.00
63.75 555.00
63.00 554.25
62.75 554.00
62.75 553.00
62.00 552.25
61.75 552.00
61.75 551.00
61.00 550.25
60.75 550.00
60.00 549.25
59.75 549.00
59.00 548.25
58.75 548.00
58.00 547.25
57.75 547.00
57.00 546.25
56.75 546.00
56.00 545.25
55.75 545.00
55.00 544.25
54.00 544.25
53.75 544.00
53.00 543.25
52.75 543.00
52.00 542.25
51.00 542.25
50.75 542.00
50.00 541.25
49.00 541.25
48.75 541.00
48.00 540.25
47.00 540.25
46.00 540.25
45.75 540.00
45.00 539.25
44.00 539.25
43.00 539.25
42.75 539.00
42.00 538.25
41.00 538.25
40.00 538.25
39.00 538.25
38.00 538.25
37.00 538.25
36.00 538.25
35.00 538.25
34.00 538.25
33.25 539.00
33.00 539.25
32.00 539.25
31.00 539.25
30.00 539.25
29.25 540.00
29.00 540.25
28.00 540.25
27.25 541.00
27.00 541.25
26.00 541.25
25.25 542.00
25.00 542.25
24.25 543.00
24.00 543.25
23.00 543.25
22.25 544.00
22.00 544.25
21.25 545.00
21.00 545.25
20.00 545.25
19.25 546.00
19.00 546.25
18.25 547.00
18.00 547.25
17.25 548.00
17.25 549.00
17.00 549.25
16.25 550.00
16.00 550.25
15.25 551.00
15.25 552.00
15.00 552.25
14.25 553.00
14.25 554.00
14.00 554.25
13.25 555.00
13.25 556.00
13.00 556.25
12.25 557.00
12.25 558.00
12.00 558.25
11.25 559.00
11.25 560.00
11.25 561.00
11.00 561.25
10.25 562.00
10.25 563.00
10.25 564.00
10.25 565.00
10.25 566.00
10.25 567.00
10.25 568.00
10.25 569.00
10.25 570.00
11.00 570.75
11.25 571.00
11.25 572.00
11.25 573.00
11.25 574.00
12.00 574.75
12.25 575.00
12.25 576.00
12.25 577.00
13.00 577.75
13.25 578.00
13.25 579.00
14.00 579.75
14.25 580.00
14.25 581.00
14.25 582.00
14.25 583.00
15.00 583.75
15.25 584.00
15.25 585.00
15.25 586.00
16.00 586.75
16.25 587.00
16.25 588.00
17.00 588.75
17.25 589.00
18.00 589.75
18.25 590.00
18.25 591.00
19.00 591.75
19.25 592.00
20.00 592.75
20.25 593.00
21.00 593.75
21.25 594.00
22.00 594.75
22.25 595.00
23.00 595.75
23.25 596.00
24.00 596.75
24.25 597.00
25.00 597.75
25.25 598.00
26.00 598.75
27.00 598.75
27.25 599.00
28.00 599.75
29.00 599.75
29.25 600.00
30.00 600.75
31.00 600.75
32.00 600.75
32.25 601.00
33.00 601.75
34.00 601.75
35.00 601.75
36.00 601.75
37.00 601.75
37.25 602.00
38.00 602.75
39.00 602.75
40.00 602.75
41.00 602.75
41.75 602.00
42.00 601.75
43.00 601.75
44.00 601.75
45.00 601.75
46.00 601.75
47.00 601.75
47.75 601.00
48.00 600.75
49.00 600.75
49.75 600.00
50.00 599.75
51.00 599.75
51.75 599.00
52.00 598.75
53.00 598.75
53.75 598.00
54.00 597.75
54.75 597.00
55.00 596.75
55.75 596.00
56.00 595.75
56.75 595.00
57.00 594.75
57.75 594.00
58.00 593.75
58.75 593.00
59.00 592.75
59.75 592.00
60.00 591.75
60.75 591.00
61.00 590.75
61.75 590.00
61.75 589.00
62.00 588.75
62.75 588.00
62.75 587.00
63.00 586.75
63.75 586.00
63.75 585.00
63.75 584.00
63.75 583.00
64.00 582.75
64.75 582.00
64.75 581.00
64.75 580.00
64.75 579.00
65.00 578.75
65.75 578.00
65.75 577.00
65.75 576.00
65.75 575.00
65.75 574.00
66.00 573.75
66.75 573.00

Contour 2:
133.83 224.00
133.83 223.00
133.83 222.00
133.83 221.00
133.83 220.00
133.83 219.00
133.83 218.00
133.83 217.00
133.83 216.00
133.83 215.00
133.00 214.17
132.83 214.00
132.83 213.00
132.83 212.00
132.83 211.00
132.83 210.00
132.00 209.17
131.83 209.00
131.83 208.00
131.83 207.00
131.00 206.17
130.83 206.00
130.83 205.00
130.00 204.17
129.83 204.00
129.00 203.17
128.83 203.00
128.83 202.00
128.00 201.17
127.83 201.00
127.00 200.17
126.83 200.00
126.83 199.00
126.00 198.17
125.83 198.00
125.00 197.17
124.83 197.00
124.00 196.17
123.83 196.00
123.00 195.17
122.83 195.00
122.00 194.17
121.83 194.00
121.00 193.17
120.83 193.00
120.00 192.17
119.00 192.17
118.83 192.00
118.00 191.17
117.83 191.00
117.00 190.17
116.00 190.17
115.83 190.00
115.00 189.17
114.00 189.17
113.83 189.00
113.00 188.17
112.83 188.00
112.00 187.17
111.00 187.17
110.83 187.00
110.00 186.17
109.00 186.17
108.83 186.00
108.00 185.17
107.00 185.17
106.00 185.17
105.00 185.17
104.00 185.17
103.83 185.00
103.00 184.17
102.00 184.17
101.00 184.17
100.00 184.17
99.00 184.17
98.00 184.17
97.00 184.17
96.00 184.17
95.83 184.00
95.00 183.17
94.00 183.17
93.00 183.17
92.00 183.17
91.00 183.17
90.00 183.17
89.17 184.00
89.00 184.17
88.00 184.17
87.00 184.17
86.00 184.17
85.17 185.00
85.00 185.17
84.00 185.17
83.00 185.17
82.00 185.17
81.17 186.00
81.00 186.17
80.00 186.17
79.00 186.17
78.17 187.00
78.00 187.17
77.17 188.00
77.00 188.17
76.00 188.17
75.17 189.00
75.00 189.17
74.17 190.00
74.00 190.17
73.00 190.17
72.17 191.00
72.00 191.17
71.17 192.00
71.00 192.17
70.00 192.17
69.17 193.00
69.00 193.17
68.17 194.00
68.00 194.17
67.17 195.00
67.00 195.17
66.17 196.00
66.00 196.17
65.17 197.00
65.17 198.00
65.00 198.17
64.17 199.00
64.17 200.00
64.00 200.17
63.17 201.00
63.17 202.00
63.00 202.17
62.17 203.00
62.17 204.00
62.00 204.17
61.17 205.00
61.17 206.00
61.17 207.00
61.00 207.17
60.17 208.00
60.17 209.00
60.17 210.00
60.17 211.00
60.17 212.00
60.17 213.00
60.00 213.17
59.17 214.00
59.17 215.00
59.17 216.00
59.17 217.00
59.17 218.00
59.17 219.00
59.17 220.00
59.17 221.00
60.00 221.83
60.17 222.00
60.17 223.00
60.17 224.00
60.17 225.00
60.17 226.00
60.17 227.00
61.00 227.83
61.17 228.00
61.17 229.00
61.17 230.00
61.17 231.00
62.00 231.83
62.17 232.00
62.17 233.00
62.17 234.00
63.00 234.83
63.17 235.00
63.17 236.00
64.00 236.83
64.17 237.00
64.17 238.00
65.00 238.83
65.17 239.00
65.17 240.00
66.00 240.83
66.17 241.00
67.00 241.83
67.17 242.00
68.00 242.83
69.00 242.83
69.17 243.00
70.00 243.83
71.00 243.83
71.17 244.00
72.00 244.83
73.00 244.83
74.00 244.83
74.17 245.00
75.00 245.83
76.00 245.83
77.00 245.83
77.17 246.00
78.00 246.83
79.00 246.83
79.17 247.00
80.00 247.83
81.00 247.83
82.00 247.83
82.17 248.00
83.00 248.83
84.00 248.83
85.00 248.83
86.00 248.83
87.00 248.83
87.83 248.00
88.00 247.83
89.00 247.83
90.00 247.83
91.00 247.83
92.00 247.83
93.00 247.83
94.00 247.83
95.00 247.83
96.00 247.83
97.00 247.83
97.83 247.00
98.00 246.83
99.00 246.83
100.00 246.83
101.00 246.83
101.83 246.00
102.00 245.83
103.00 245.83
104.00 245.83
105.00 245.83
105.83 245.00
106.00 244.83
107.00 244.83
107.83 244.00
108.00 243.83
109.00 243.83
110.00 243.83
110.83 243.00
111.00 242.83
112.00 242.83
112.83 242.00
113.00 241.83
114.00 241.83
115.00 241.83
115.83 241.00
116.00 240.83
117.00 240.83
118.00 240.83
119.00 240.83
119.83 240.00
120.00 239.83
121.00 239.83
122.00 239.83
122.83 239.00
123.00 238.83
124.00 238.83
124.83 238.00
125.00 237.83
126.00 237.83
126.83 237.00
127.00 236.83
127.83 236.00
128.00 235.83
128.83 235.00
128.83 234.00
129.00 233.83
129.83 233.00
130.00 232.83
130.83 232.00
130.83 231.00
131.00 230.83
131.83 230.00
131.83 229.00
132.00 228.83
132.83 228.00
132.83 227.00
132.83 226.00
132.83 225.00
133.00 224.83
133.83 224.00

Contour 3:
233.88 89.00
233.88 88.00
233.88 87.00
233.88 86.00
233.88 85.00
233.88 84.00
233.88 83.00
233.88 82.00
233.88 81.00
233.88 80.00
233.88 79.00
233.88 78.00
233.88 77.00
233.88 76.00
233.00 75.12
232.88 75.00
232.88 74.00
232.00 73.12
231.88 73.00
231.88 72.00
231.00 71.12
230.88 71.00
230.88 70.00
230.00 69.12
229.88 69.00
229.00 68.12
228.88 68.00
228.88 67.00
228.00 66.12
227.88 66.00
227.00 65.12
226.88 65.00
226.00 64.12
225.88 64.00
225.00 63.12
224.88 63.00
224.00 62.12
223.88 62.00
223.00 61.12
222.88 61.00
222.00 60.12
221.88 60.00
221.00 59.12
220.88 59.00
220.00 58.12
219.88 58.00
219.00 57.12
218.00 57.12
217.88 57.00
217.00 56.12
216.00 56.12
215.88 56.00
215.00 55.12
214.00 55.12
213.88 55.00
213.00 54.12
212.00 54.12
211.88 54.00
211.00 53.12
210.00 53.12
209.88 53.00
209.00 52.12
208.00 52.12
207.88 52.00
207.00 51.12
206.00 51.12
205.88 51.00
205.00 50.12
204.00 50.12
203.00 50.12
202.88 50.00
202.00 49.12
201.00 49.12
200.00 49.12
199.00 49.12
198.88 49.00
198.00 48.12
197.00 48.12
196.00 48.12
195.00 48.12
194.88 48.00
194.00 47.12
193.00 47.12
192.00 47.12
191.00 47.12
190.00 47.12
189.00 47.12
188.00 47.12
187.00 47.12
186.00 47.12
185.00 47.12
184.00 47.12
183.00 47.12
182.00 47.12
181.00 47.12
180.00 47.12
179.00 47.12
178.00 47.12
177.00 47.12
176.12 48.00
176.00 48.12
175.00 48.12
174.00 48.12
173.00 48.12
172.00 48.12
171.00 48.12
170.12 49.00
170.00 49.12
169.00 49.12
168.00 49.12
167.12 50.00
167.00 50.12
166.00 50.12
165.12 51.00
165.00 51.12
164.12 52.00
164.00 52.12
163.12 53.00
163.00 53.12
162.00 53.12
161.12 54.00
161.00 54.12
160.12 55.00
160.00 55.12
159.12 56.00
159.00 56.12
158.00 56.12
157.12 57.00
157.00 57.12
156.00 57.12
155.12 58.00
155.00 58.12
154.00 58.12
153.12 59.00
153.00 59.12
152.12 60.00
152.00 60.12
151.12 61.00
151.00 61.12
150.12 62.00
150.00 62.12
149.12 63.00
149.12 64.00
149.00 64.12
148.12 65.00
148.00 65.12
147.12 66.00
147.12 67.00
147.12 68.00
147.00 68.12
146.12 69.00
146.12 70.00
146.12 71.00
146.00 71.12
145.12 72.00
145.12 73.00
145.12 74.00
145.12 75.00
145.12 76.00
145.12 77.00
145.12 78.00
145.12 79.00
145.12 80.00
145.12 81.00
145.12 82.00
145.12 83.00
145.12 84.00
145.12 85.00
145.12 86.00
145.12 87.00
146.00 87.88
146.12 88.00
146.12 89.00
146.12 90.00
146.12 91.00
147.00 91.88
147.12 92.00
147.12 93.00
147.12 94.00
148.00 94.88
148.12 95.00
148.12 96.00
149.00 96.88
149.12 97.00
149.12 98.00
150.00 98.88
150.12 99.00
150.12 100.00
151.00 100.88
151.12 101.00
151.12 102.00
152.00 102.88
152.12 103.00
152.12 104.00
153.00 104.88
153.12 105.00
153.12 106.00
154.00 106.88
154.12 107.00
154.12 108.00
155.00 108.88
155.12 109.00
156.00 109.88
156.12 110.00
157.00 110.88
157.12 111.00
158.00 111.88
158.12 112.00
159.00 112.88
159.12 113.00
160.00 113.88
160.12 114.00
161.00 114.88
162.00 114.88
162.12 115.00
163.00 115.88
163.12 116.00
164.00 116.88
165.00 116.88
165.12 117.00
166.00 117.88
167.00 117.88
167.12 118.00
168.00 118.88
169.00 118.88
170.00 118.88
170.12 119.00
171.00 119.88
172.00 119.88
172.12 120.00
173.00 120.88
174.00 120.88
175.00 120.88
176.00 120.88
176.12 121.00
177.00 121.88
178.00 121.88
179.00 121.88
180.00 121.88
181.00 121.88
181.12 122.00
182.00 122.88
183.00 122.88
184.00 122.88
185.00 122.88
186.00 122.88
187.00 122.88
187.12 123.00
188.00 123.88
189.00 123.88
190.00 123.88
190.88 123.00
191.00 122.88
192.00 122.88
193.00 122.88
194.00 122.88
194.88 122.00
195.00 121.88
196.00 121.88
197.00 121.88
198.00 121.88
198.88 121.00
199.00 120.88
200.00 120.88
201.00 120.88
201.88 120.00
202.00 119.88
203.00 119.88
204.00 119.88
204.88 119.00
205.00 118.88
206.00 118.88
207.00 118.88
207.88 118.00
208.00 117.88
209.00 117.88
209.88 117.00
210.00 116.88
211.00 116.88
212.00 116.88
212.88 116.00
213.00 115.88
214.00 115.88
214.88 115.00
215.00 114.88
215.88 114.00
216.00 113.88
217.00 113.88
217.88 113.00
218.00 112.88
218.88 112.00
219.00 111.88
219.88 111.00
220.00 110.88
221.00 110.88
221.88 110.00
222.00 109.88
222.88 109.00
223.00 108.88
223.88 108.00
224.00 107.88
224.88 107.00
225.00 106.88
225.88 106.00
225.88 105.00
226.00 104.88
226.88 104.00
226.88 103.00
227.00 102.88
227.88 102.00
228.00 101.88
228.88 101.00
228.88 100.00
229.00 99.88
229.88 99.00
229.88 98.00
229.88 97.00
230.00 96.88
230.88 96.00
230.88 95.00
231.00 94.88
231.88 94.00
231.88 93.00
232.00 92.88
232.88 92.00
232.88 91.00
232.88 90.00
233.00 89.88
233.88 89.00

Contour 4:
208.90 831.00
208.90 830.00
208.90 829.00
208.90 828.00
208.90 827.00
208.90 826.00
208.90 825.00
208.90 824.00
208.90 823.00
208.90 822.00
208.90 821.00
208.90 820.00
208.90 819.00
208.90 818.00
208.90 817.00
208.90 816.00
208.90 815.00
208.90 814.00
208.00 813.10
207.90 813.00
207.90 812.00
207.90 811.00
207.00 810.10
206.90 810.00
206.90 809.00
206.00 808.10
205.90 808.00
205.00 807.10
204.90 807.00
204.90 806.00
204.00 805.10
203.90 805.00
203.00 804.10
202.90 804.00
202.00 803.10
201.90 803.00
201.00 802.10
200.00 802.10
199.90 802.00
199.00 801.10
198.90 801.00
198.00 800.10
197.00 800.10
196.90 800.00
196.00 799.10
195.00 799.10
194.90 799.00
194.00 798.10
193.00 798.10
192.90 798.00
192.00 797.10
191.00 797.10
190.90 797.00
190.00 796.10
189.00 796.10
188.90 796.00
188.00 795.10
187.00 795.10
186.00 795.10
185.00 795.10
184.90 795.00
184.00 794.10
183.00 794.10
182.10 795.00
182.00 795.10
181.00 795.10
180.00 795.10
179.00 795.10
178.00 795.10
177.10 796.00
177.00 796.10
176.00 796.10
175.00 796.10
174.00 796.10
173.10 797.00
173.00 797.10
172.00 797.10
171.10 798.00
171.00 798.10
170.00 798.10
169.10 799.00
169.00 799.10
168.10 800.00
168.00 800.10
167.10 801.00
167.00 801.10
166.00 801.10
165.10 802.00
165.00 802.10
164.10 803.00
164.00 803.10
163.10 804.00
163.00 804.10
162.10 805.00
162.00 805.10
161.10 806.00
161.00 806.10
160.10 807.00
160.00 807.10
159.10 808.00
159.00 808.10
158.10 809.00
158.10 810.00
158.00 810.10
157.10 811.00
157.00 811.10
156.10 812.00
156.00 812.10
155.10 813.00
155.10 814.00
155.00 814.10
154.10 815.00
154.10 816.00
154.00 816.10
153.10 817.00
153.10 818.00
153.00 818.10
152.10 819.00
152.10 820.00
152.00 820.10
151.10 821.00
151.10 822.00
151.10 823.00
151.00 823.10
150.10 824.00
150.10 825.00
150.10 826.00
150.00 826.10
149.10 827.00
149.10 828.00
149.10 829.00
149.10 830.00
149.10 831.00
149.10 832.00
149.10 833.00
149.10 834.00
149.10 835.00
149.10 836.00
149.10 837.00
149.10 838.00
149.10 839.00
149.10 840.00
149.10 841.00
150.00 841.90
150.10 842.00
150.10 843.00
150.10 844.00
150.10 845.00
151.00 845.90
151.10 846.00
151.10 847.00
152.00 847.90
152.10 848.00
152.10 849.00
153.00 849.90
153.10 850.00
154.00 850.90
154.10 851.00
154.10 852.00
155.00 852.90
155.10 853.00
156.00 853.90
156.10 854.00
157.00 854.90
157.10 855.00
158.00 855.90
158.10 856.00
159.00 856.90
159.10 857.00
160.00 857.90
160.10 858.00
161.00 858.90
162.00 858.90
162.10 859.00
163.00 859.90
164.00 859.90
164.10 860.00
165.00 860.90
166.00 860.90
166.10 861.00
167.00 861.90
168.00 861.90
169.00 861.90
170.00 861.90
171.00 861.90
172.00 861.90
173.00 861.90
174.00 861.90
175.00 861.90
176.00 861.90
177.00 861.90
178.00 861.90
179.00 861.90
179.90 861.00
180.00 860.90
181.00 860.90
182.00 860.90
183.00 860.90
184.00 860.90
184.90 860.00
185.00 859.90
186.00 859.90
187.00 859.90
187.90 859.00
188.00 858.90
189.00 858.90
189.90 858.00
190.00 857.90
191.00 857.90
191.90 857.00
192.00 856.90
192.90 856.00
193.00 855.90
194.00 855.90
194.90 855.00
195.00 854.90
195.90 854.00
196.00 853.90
196.90 853.00
197.00 852.90
197.90 852.00
198.00 851.90
198.90 851.00
199.00 850.90
199.90 850.00
199.90 849.00
200.00 848.90
200.90 848.00
201.00 847.90
201.90 847.00
202.00 846.90
202.90 846.00
203.00 845.90
203.90 845.00
203.90 844.00
204.00 843.90
204.90 843.00
204.90 842.00
205.00 841.90
205.90 841.00
205.90 840.00
206.00 839.90
206.90 839.00
206.90 838.00
206.90 837.00
207.00 836.90
207.90 836.00
207.90 835.00
207.90 834.00
207.90 833.00
207.90 832.00
208.00 831.90
208.90 831.00

Contour 5:
329.92 392.00
329.92 391.00
329.92 390.00
329.92 389.00
329.92 388.00
329.00 387.08
328.92 387.00
328.92 386.00
328.92 385.00
328.92 384.00
328.00 383.08
327.92 383.00
327.92 382.00
327.92 381.00
327.92 380.00
327.00 379.08
326.92 379.00
326.92 378.00
326.92 377.00
326.00 376.08
325.92 376.00
325.92 375.00
325.00 374.08
324.92 374.00
324.92 373.00
324.00 372.08
323.92 372.00
323.00 371.08
322.92 371.00
322.00 370.08
321.92 370.00
321.00 369.08
320.92 369.00
320.00 368.08
319.92 368.00
319.00 367.08
318.92 367.00
318.00 366.08
317.92 366.00
317.00 365.08
316.00 365.08
315.92 365.00
315.00 364.08
314.00 364.08
313.92 364.00
313.00 363.08
312.00 363.08
311.92 363.00
311.00 362.08
310.92 362.00
310.00 361.08
309.00 361.08
308.92 361.00
308.00 360.08
307.00 360.08
306.00 360.08
305.00 360.08
304.00 360.08
303.00 360.08
302.00 360.08
301.00 360.08
300.00 360.08
299.08 361.00
299.00 361.08
298.00 361.08
297.00 361.08
296.08 362.00
296.00 362.08
295.00 362.08
294.08 363.00
294.00 363.08
293.08 364.00
293.00 364.08
292.00 364.08
291.08 365.00
291.00 365.08
290.00 365.08
289.08 366.00
289.00 366.08
288.00 366.08
287.08 367.00
287.00 367.08
286.08 368.00
286.00 368.08
285.08 369.00
285.00 369.08
284.08 370.00
284.08 371.00
284.00 371.08
283.00 371.08
282.08 372.00
282.08 373.00
282.00 373.08
281.08 374.00
281.00 374.08
280.08 375.00
280.00 375.08
279.08 376.00
279.00 376.08
278.08 377.00
278.00 377.08
277.08 378.00
277.00 378.08
276.08 379.00
276.00 379.08
275.08 380.00
275.00 380.08
274.08 381.00
274.08 382.00
274.00 382.08
273.08 383.00
273.08 384.00
273.00 384.08
272.08 385.00
272.08 386.00
272.08 387.00
272.08 388.00
272.00 388.08
271.08 389.00
271.08 390.00
271.08 391.00
271.08 392.00
271.08 393.00
271.00 393.08
270.08 394.00
270.08 395.00
270.08 396.00
270.08 397.00
270.08 398.00
270.08 399.00
270.08 400.00
270.08 401.00
271.00 401.92
271.08 402.00
271.08 403.00
271.08 404.00
271.08 405.00
271.08 406.00
271.08 407.00
272.00 407.92
272.08 408.00
272.08 409.00
273.00 409.92
273.08 410.00
274.00 410.92
274.08 411.00
274.08 412.00
275.00 412.92
275.08 413.00
276.00 413.92
276.08 414.00
277.00 414.92
277.08 415.00
277.08 416.00
278.00 416.92
278.08 417.00
279.00 417.92
279.08 418.00
280.00 418.92
280.08 419.00
281.00 419.92
281.08 420.00
281.08 421.00
282.00 421.92
283.00 421.92
283.08 422.00
283.08 423.00
284.00 423.92
285.00 423.92
285.08 424.00
286.00 424.92
286.08 425.00
287.00 425.92
288.00 425.92
288.08 426.00
289.00 426.92
289.08 427.00
290.00 427.92
291.00 427.92
291.08 428.00
292.00 428.92
293.00 428.92
293.08 429.00
294.00 429.92
295.00 429.92
296.00 429.92
297.00 429.92
297.08 430.00
298.00 430.92
299.00 430.92
300.00 430.92
301.00 430.92
302.00 430.92
303.00 430.92
304.00 430.92
305.00 430.92
306.00 430.92
306.92 430.00
307.00 429.92
308.00 429.92
309.00 429.92
310.00 429.92
310.92 429.00
311.00 428.92
312.00 428.92
312.92 428.00
313.00 427.92
314.00 427.92
314.92 427.00
315.00 426.92
315.92 426.00
316.00 425.92
316.92 425.00
317.00 424.92
317.92 424.00
318.00 423.92
318.92 423.00
319.00 422.92
319.92 422.00
319.92 421.00
320.00 420.92
320.92 420.00
320.92 419.00
321.00 418.92
321.92 418.00
321.92 417.00
322.00 416.92
322.92 416.00
322.92 415.00
323.00 414.92
323.92 414.00
323.92 413.00
323.92 412.00
324.00 411.92
324.92 411.00
324.92 410.00
325.00 409.92
325.92 409.00
325.92 408.00
325.92 407.00
326.00 406.92
326.92 406.00
326.92 405.00
326.92 404.00
326.92 403.00
326.92 402.00
327.00 401.92
327.92 401.00
327.92 400.00
327.92 399.00
327.92 398.00
327.92 397.00
328.00 396.92
328.92 396.00
328.92 395.00
328.92 394.00
328.92 393.00
329.00 392.92
329.92 392.00

Contour 6:
364.93 498.00
364.93 497.00
364.93 496.00
364.93 495.00
364.93 494.00
364.93 493.00
364.93 492.00
364.93 491.00
364.93 490.00
364.00 489.07
363.93 489.00
363.93 488.00
363.93 487.00
363.00 486.07
362.93 486.00
362.93 485.00
362.00 484.07
361.93 484.00
361.93 483.00
361.00 482.07
360.93 482.00
360.00 481.07
359.93 481.00
359.93 480.00
359.00 479.07
358.93 479.00
358.00 478.07
357.93 478.00
357.00 477.07
356.93 477.00
356.00 476.07
355.93 476.00
355.00 475.07
354.93 475.00
354.00 474.07
353.93 474.00
353.00 473.07
352.93 473.00
352.00 472.07
351.93 472.00
351.00 471.07
350.00 471.07
349.00 471.07
348.93 471.00
348.00 470.07
347.00 470.07
346.00 470.07
345.00 470.07
344.93 470.00
344.00 469.07
343.00 469.07
342.00 469.07
341.00 469.07
340.00 469.07
339.00 469.07
338.00 469.07
337.00 469.07
336.00 469.07
335.00 469.07
334.00 469.07
333.00 469.07
332.07 470.00
332.00 470.07
331.00 470.07
330.00 470.07
329.00 470.07
328.00 470.07
327.00 470.07
326.00 470.07
325.00 470.07
324.07 471.00
324.00 471.07
323.00 471.07
322.00 471.07
321.00 471.07
320.00 471.07
319.00 471.07
318.00 471.07
317.07 472.00
317.00 472.07
316.00 472.07
315.00 472.07
314.07 473.00
314.00 473.07
313.00 473.07
312.00 473.07
311.07 474.00
311.00 474.07
310.00 474.07
309.07 475.00
309.00 475.07
308.00 475.07
307.07 476.00
307.00 476.07
306.07 477.00
306.00 477.07
305.07 478.00
305.00 478.07
304.07 479.00
304.00 479.07
303.07 480.00
303.00 480.07
302.07 481.00
302.00 481.07
301.07 482.00
301.07 483.00
301.00 483.07
300.07 484.00
300.07 485.00
300.07 486.00
300.00 486.07
299.07 487.00
299.07 488.00
299.07 489.00
299.07 490.00
299.07 491.00
299.07 492.00
299.07 493.00
299.07 494.00
300.00 494.93
300.07 495.00
300.07 496.00
300.07 497.00
300.07 498.00
301.00 498.93
301.07 499.00
301.07 500.00
301.07 501.00
302.00 501.93
302.07 502.00
303.00 502.93
303.07 503.00
303.07 504.00
304.00 504.93
304.07 505.00
305.00 505.93
305.07 506.00
306.00 506.93
306.07 507.00
307.00 507.93
307.07 508.00
308.00 508.93
308.07 509.00
309.00 509.93
309.07 510.00
310.00 510.93
310.07 511.00
311.00 511.93
312.00 511.93
312.07 512.00
313.00 512.93
313.07 513.00
314.00 513.93
315.00 513.93
315.07 514.00
316.00 514.93
317.00 514.93
318.00 514.93
318.07 515.00
319.00 515.93
320.00 515.93
320.07 516.00
321.00 516.93
322.00 516.93
323.00 516.93
324.00 516.93
324.07 517.00
325.00 517.93
326.00 517.93
327.00 517.93
328.00 517.93
329.00 517.93
330.00 517.93
331.00 517.93
332.00 517.93
333.00 517.93
334.00 517.93
335.00 517.93
336.00 517.93
337.00 517.93
338.00 517.93
339.00 517.93
340.00 517.93
341.00 517.93
342.00 517.93
343.00 517.93
344.00 517.93
345.00 517.93
345.93 517.00
346.00 516.93
347.00 516.93
348.00 516.93
348.93 516.00
349.00 515.93
350.00 515.93
350.93 515.00
351.00 514.93
352.00 514.93
352.93 514.00
353.00 513.93
354.00 513.93
354.93 513.00
355.00 512.93
355.93 512.00
356.00 511.93
356.93 511.00
357.00 510.93
357.93 510.00
358.00 509.93
358.93 509.00
359.00 508.93
359.93 508.00
360.00 507.93
360.93 507.00
360.93 506.00
361.00 505.93
361.93 505.00
362.00 504.93
362.93 504.00
362.93 503.00
362.93 502.00
363.00 501.93
363.93 501.00
363.93 500.00
363.93 499.00
364.00 498.93
364.93 498.00

Contour 7:
447.94 155.00
447.94 154.00
447.94 153.00
447.94 152.00
447.94 151.00
447.94 150.00
447.94 149.00
447.94 148.00
447.94 147.00
447.94 146.00
447.94 145.00
447.94 144.00
447.94 143.00
447.94 142.00
447.94 141.00
447.94 140.00
447.94 139.00
447.94 138.00
447.94 137.00
447.94 136.00
447.94 135.00
447.00 134.06
446.94 134.00
446.94 133.00
446.94 132.00
446.94 131.00
446.94 130.00
446.00 129.06
445.94 129.00
445.94 128.00
445.00 127.06
444.94 127.00
444.94 126.00
444.00 125.06
443.94 125.00
443.00 124.06
442.94 124.00
442.94 123.00
442.00 122.06
441.94 122.00
441.00 121.06
440.94 121.00
440.00 120.06
439.94 120.00
439.00 119.06
438.94 119.00
438.00 118.06
437.94 118.00
437.00 117.06
436.94 117.00
436.00 116.06
435.94 116.00
435.00 115.06
434.94 115.00
434.00 114.06
433.00 114.06
432.94 114.00
432.00 113.06
431.00 113.06
430.00 113.06
429.00 113.06
428.94 113.00
428.00 112.06
427.00 112.06
426.00 112.06
425.00 112.06
424.94 112.00
424.00 111.06
423.00 111.06
422.00 111.06
421.00 111.06
420.00 111.06
419.94 111.00
419.00 110.06
418.00 110.06
417.00 110.06
416.00 110.06
415.00 110.06
414.00 110.06
413.00 110.06
412.00 110.06
411.00 110.06
410.00 110.06
409.00 110.06
408.00 110.06
407.00 110.06
406.00 110.06
405.06 111.00
405.00 111.06
404.00 111.06
403.00 111.06
402.00 111.06
401.06 112.00
401.00 112.06
400.00 112.06
399.06 113.00
399.00 113.06
398.00 113.06
397.06 114.00
397.00 114.06
396.00 114.06
395.06 115.00
395.00 115.06
394.06 116.00
394.00 116.06
393.00 116.06
392.06 117.00
392.00 117.06
391.06 118.00
391.00 118.06
390.06 119.00
390.00 119.06
389.00 119.06
388.06 120.00
388.00 120.06
387.06 121.00
387.00 121.06
386.06 122.00
386.00 122.06
385.06 123.00
385.00 123.06
384.06 124.00
384.00 124.06
383.06 125.00
383.06 126.00
383.00 126.06
382.06 127.00
382.06 128.00
382.00 128.06
381.06 129.00
381.06 130.00
381.00 130.06
380.06 131.00
380.06 132.00
380.00 132.06
379.06 133.00
379.06 134.00
379.06 135.00
379.00 135.06
378.06 136.00
378.06 137.00
378.06 138.00
378.06 139.00
378.06 140.00
378.00 140.06
377.06 141.00
377.06 142.00
377.06 143.00
377.06 144.00
377.06 145.00
377.06 146.00
377.06 147.00
377.06 148.00
377.06 149.00
377.06 150.00
377.06 151.00
377.06 152.00
377.06 153.00
377.06 154.00
377.06 155.00
377.06 156.00
377.06 157.00
377.06 158.00
377.06 159.00
377.06 160.00
378.00 160.94
378.06 161.00
378.06 162.00
378.06 163.00
379.00 163.94
379.06 164.00
379.06 165.00
380.00 165.94
380.06 166.00
380.06 167.00
380.06 168.00
381.00 168.94
381.06 169.00
382.00 169.94
382.06 170.00
382.06 171.00
383.00 171.94
383.06 172.00
384.00 172.94
384.06 173.00
384.06 174.00
385.00 174.94
385.06 175.00
386.00 175.94
386.06 176.00
387.00 176.94
387.06 177.00
388.00 177.94
388.06 178.00
389.00 178.94
389.06 179.00
390.00 179.94
390.06 180.00
391.00 180.94
392.00 180.94
392.06 181.00
393.00 181.94
393.06 182.00
394.00 182.94
394.06 183.00
395.00 183.94
396.00 183.94
396.06 184.00
397.00 184.94
398.00 184.94
398.06 185.00
399.00 185.94
400.00 185.94
400.06 186.00
401.00 186.94
402.00 186.94
403.00 186.94
404.00 186.94
404.06 187.00
405.00 187.94
406.00 187.94
407.00 187.94
408.00 187.94
409.00 187.94
409.06 188.00
410.00 188.94
411.00 188.94
412.00 188.94
413.00 188.94
414.00 188.94
414.94 188.00
415.00 187.94
416.00 187.94
417.00 187.94
418.00 187.94
419.00 187.94
420.00 187.94
420.94 187.00
421.00 186.94
422.00 186.94
423.00 186.94
423.94 186.00
424.00 185.94
425.00 185.94
425.94 185.00
426.00 184.94
427.00 184.94
427.94 184.00
428.00 183.94
428.94 183.00
429.00 182.94
429.94 182.00
430.00 181.94
431.00 181.94
431.94 181.00
432.00 180.94
432.94 180.00
433.00 179.94
433.94 179.00
434.00 178.94
434.94 178.00
435.00 177.94
435.94 177.00
436.00 176.94
436.94 176.00
437.00 175.94
437.94 175.00
438.00 174.94
438.94 174.00
438.94 173.00
439.00 172.94
439.94 172.00
440.00 171.94
440.94 171.00
440.94 170.00
441.00 169.94
441.94 169.00
441.94 168.00
442.00 167.94
442.94 167.00
443.00 166.94
443.94 166.00
443.94 165.00
443.94 164.00
444.00 163.94
444.94 163.00
444.94 162.00
445.00 161.94
445.94 161.00
445.94 160.00
446.00 159.94
446.94 159.00
446.94 158.00
446.94 157.00
446.94 156.00
447.00 155.94
447.94 155.00

Contour 8:
497.94 240.00
497.94 239.00
497.94 238.00
497.94 237.00
497.94 236.00
497.00 235.06
496.94 235.00
496.94 234.00
496.94 233.00
496.94 232.00
496.94 231.00
496.94 230.00
496.00 229.06
495.94 229.00
495.94 228.00
495.94 227.00
495.00 226.06
494.94 226.00
494.00 225.06
493.94 225.00
493.94 224.00
493.00 223.06
492.94 223.00
492.00 222.06
491.94 222.00
491.00 221.06
490.94 221.00
490.00 220.06
489.94 220.00
489.00 219.06
488.94 219.00
488.00 218.06
487.00 218.06
486.94 218.00
486.00 217.06
485.94 217.00
485.00 216.06
484.94 216.00
484.00 215.06
483.00 215.06
482.94 215.00
482.00 214.06
481.00 214.06
480.00 214.06
479.94 214.00
479.00 213.06
478.00 213.06
477.00 213.06
476.94 213.00
476.00 212.06
475.00 212.06
474.00 212.06
473.00 212.06
472.00 212.06
471.00 212.06
470.00 212.06
469.00 212.06
468.00 212.06
467.94 212.00
467.00 211.06
466.00 211.06
465.00 211.06
464.00 211.06
463.00 211.06
462.00 211.06
461.94 211.00
461.00 210.06
460.00 210.06
459.00 210.06
458.00 210.06
457.00 210.06
456.00 210.06
455.00 210.06
454.06 211.00
454.00 211.06
453.00 211.06
452.00 211.06
451.06 212.00
451.00 212.06
450.00 212.06
449.00 212.06
448.00 212.06
447.06 213.00
447.00 213.06
446.00 213.06
445.00 213.06
444.06 214.00
444.00 214.06
443.00 214.06
442.00 214.06
441.00 214.06
440.00 214.06
439.06 215.00
439.00 215.06
438.00 215.06
437.00 215.06
436.00 215.06
435.06 216.00
435.00 216.06
434.00 216.06
433.06 217.00
433.00 217.06
432.00 217.06
431.00 217.06
430.06 218.00
430.00 218.06
429.00 218.06
428.06 219.00
428.00 219.06
427.06 220.00
427.00 220.06
426.00 220.06
425.06 221.00
425.00 221.06
424.00 221.06
423.06 222.00
423.00 222.06
422.06 223.00
422.00 223.06
421.06 224.00
421.00 224.06
420.00 224.06
419.06 225.00
419.00 225.06
418.06 226.00
418.00 226.06
417.06 227.00
417.00 227.06
416.06 228.00
416.00 228.06
415.06 229.00
415.06 230.00
415.00 230.06
414.06 231.00
414.00 231.06
413.06 232.00
413.06 233.00
413.00 233.06
412.06 234.00
412.06 235.00
412.00 235.06
411.06 236.00
411.06 237.00
411.00 237.06
410.06 238.00
410.06 239.00
410.00 239.06
409.06 240.00
409.06 241.00
409.06 242.00
409.00 242.06
408.06 243.00
408.06 244.00
408.06 245.00
408.06 246.00
408.06 247.00
408.00 247.06
407.06 248.00
407.06 249.00
407.06 250.00
407.06 251.00
407.06 252.00
407.06 253.00
407.06 254.00
407.06 255.00
408.00 255.94
408.06 256.00
408.06 257.00
408.06 258.00
408.06 259.00
408.06 260.00
409.00 260.94
409.06 261.00
409.06 262.00
410.00 262.94
410.06 263.00
411.00 263.94
411.06 264.00
411.06 265.00
412.00 265.94
412.06 266.00
413.00 266.94
413.06 267.00
414.00 267.94
414.06 268.00
415.00 268.94
415.06 269.00
416.00 269.94
416.06 270.00
417.00 270.94
417.06 271.00
418.00 271.94
418.06 272.00
419.00 272.94
419.06 273.00
420.00 273.94
420.06 274.00
421.00 274.94
422.00 274.94
422.06 275.00
423.00 275.94
424.00 275.94
424.06 276.00
425.00 276.94
426.00 276.94
426.06 277.00
427.00 277.94
428.00 277.94
429.00 277.94
429.06 278.00
430.00 278.94
431.00 278.94
432.00 278.94
432.06 279.00
433.00 279.94
434.00 279.94
435.00 279.94
436.00 279.94
436.06 280.00
437.00 280.94
438.00 280.94
439.00 280.94
440.00 280.94
441.00 280.94
442.00 280.94
443.00 280.94
444.00 280.94
445.00 280.94
446.00 280.94
447.00 280.94
448.00 280.94
449.00 280.94
450.00 280.94
451.00 280.94
452.00 280.94
452.94 280.00
453.00 279.94
454.00 279.94
455.00 279.94
456.00 279.94
457.00 279.94
457.94 279.00
458.00 278.94
459.00 278.94
460.00 278.94
460.94 278.00
461.00 277.94
462.00 277.94
463.00 277.94
463.94 277.00
464.00 276.94
465.00 276.94
466.00 276.94
466.94 276.00
467.00 275.94
468.00 275.94
469.00 275.94
469.94 275.00
470.00 274.94
471.00 274.94
471.94 274.00
472.00 273.94
473.00 273.94
473.94 273.00
474.00 272.94
475.00 272.94
475.94 272.00
476.00 271.94
477.00 271.94
477.94 271.00
478.00 270.94
478.94 270.00
479.00 269.94
479.94 269.00
480.00 268.94
481.00 268.94
481.94 268.00
482.00 267.94
482.94 267.00
483.00 266.94
483.94 266.00
484.00 265.94
484.94 265.00
485.00 264.94
485.94 264.00
486.00 263.94
486.94 263.00
487.00 262.94
487.94 262.00
488.00 261.94
488.94 261.00
489.00 260.94
489.94 260.00
490.00 259.94
490.94 259.00
490.94 258.00
491.00 257.94
491.94 257.00
492.00 256.94
492.94 256.00
492.94 255.00
493.00 254.94
493.94 254.00
493.94 253.00
494.00 252.94
494.94 252.00
494.94 251.00
494.94 250.00
495.00 249.94
495.94 249.00
495.94 248.00
495.94 247.00
496.00 246.94
496.94 246.00
496.94 245.00
496.94 244.00
496.94 243.00
496.94 242.00
496.94 241.00
497.00 240.94
497.94 240.00

Contour 9:
529.95 692.00
529.95 691.00
529.95 690.00
529.95 689.00
529.95 688.00
529.95 687.00
529.95 686.00
529.95 685.00
529.95 684.00
529.95 683.00
529.95 682.00
529.95 681.00
529.95 680.00
529.95 679.00
529.00 678.05
528.95 678.00
528.95 677.00
528.95 676.00
528.95 675.00
528.00 674.05
527.95 674.00
527.95 673.00
527.00 672.05
526.95 672.00
526.95 671.00
526.00 670.05
525.95 670.00
525.95 669.00
525.00 668.05
524.95 668.00
524.00 667.05
523.95 667.00
523.95 666.00
523.00 665.05
522.95 665.00
522.00 664.05
521.95 664.00
521.00 663.05
520.95 663.00
520.00 662.05
519.95 662.00
519.00 661.05
518.95 661.00
518.00 660.05
517.95 660.00
517.00 659.05
516.00 659.05
515.95 659.00
515.00 658.05
514.00 658.05
513.95 658.00
513.00 657.05
512.00 657.05
511.00 657.05
510.95 657.00
510.00 656.05
509.00 656.05
508.00 656.05
507.00 656.05
506.00 656.05
505.00 656.05
504.00 656.05
503.00 656.05
502.00 656.05
501.00 656.05
500.00 656.05
499.00 656.05
498.00 656.05
497.00 656.05
496.05 657.00
496.00 657.05
495.00 657.05
494.00 657.05
493.05 658.00
493.00 658.05
492.00 658.05
491.00 658.05
490.05 659.00
490.00 659.05
489.00 659.05
488.05 660.00
488.00 660.05
487.00 660.05
486.05 661.00
486.00 661.05
485.05 662.00
485.00 662.05
484.00 662.05
483.05 663.00
483.00 663.05
482.00 663.05
481.05 664.00
481.00 664.05
480.05 665.00
480.00 665.05
479.05 666.00
479.00 666.05
478.05 667.00
478.00 667.05
477.05 668.00
477.00 668.05
476.05 669.00
476.00 669.05
475.05 670.00
475.00 670.05
474.05 671.00
474.00 671.05
473.05 672.00
473.05 673.00
473.00 673.05
472.05 674.00
472.00 674.05
471.05 675.00
471.05 676.00
471.05 677.00
471.00 677.05
470.05 678.00
470.05 679.00
470.05 680.00
470.00 680.05
469.05 681.00
469.05 682.00
469.05 683.00
469.05 684.00
469.00 684.05
468.05 685.00
468.05 686.00
468.05 687.00
468.05 688.00
468.05 689.00
468.05 690.00
468.05 691.00
468.05 692.00
468.05 693.00
468.05 694.00
468.05 695.00
468.05 696.00
469.00 696.95
469.05 697.00
469.05 698.00
469.05 699.00
469.05 700.00
470.00 700.95
470.05 701.00
470.05 702.00
470.05 703.00
471.00 703.95
471.05 704.00
471.05 705.00
471.05 706.00
472.00 706.95
472.05 707.00
472.05 708.00
472.05 709.00
473.00 709.95
473.05 710.00
474.00 710.95
474.05 711.00
474.05 712.00
475.00 712.95
475.05 713.00
476.00 713.95
476.05 714.00
477.00 714.95
478.00 714.95
478.05 715.00
479.00 715.95
479.05 716.00
480.00 716.95
480.05 717.00
481.00 717.95
482.00 717.95
482.05 718.00
483.00 718.95
484.00 718.95
484.05 719.00
485.00 719.95
486.00 719.95
486.05 720.00
487.00 720.95
488.00 720.95
489.00 720.95
489.05 721.00
490.00 721.95
491.00 721.95
492.00 721.95
493.00 721.95
494.00 721.95
495.00 721.95
496.00 721.95
497.00 721.95
498.00 721.95
498.95 721.00
499.00 720.95
500.00 720.95
501.00 720.95
502.00 720.95
502.95 720.00
503.00 719.95
504.00 719.95
505.00 719.95
505.95 719.00
506.00 718.95
506.95 718.00
507.00 717.95
508.00 717.95
508.95 717.00
509.00 716.95
510.00 716.95
510.95 716.00
511.00 715.95
511.95 715.00
512.00 714.95
513.00 714.95
513.95 714.00
514.00 713.95
515.00 713.95
515.95 713.00
516.00 712.95
516.95 712.00
517.00 711.95
518.00 711.95
518.95 711.00
519.00 710.95
519.95 710.00
520.00 709.95
520.95 709.00
521.00 708.95
521.95 708.00
521.95 707.00
522.00 706.95
522.95 706.00
523.00 705.95
523.95 705.00
523.95 704.00
524.00 703.95
524.95 703.00
525.00 702.95
525.95 702.00
525.95 701.00
526.00 700.95
526.95 700.00
526.95 699.00
527.00 698.95
527.95 698.00
527.95 697.00
527.95 696.00
528.00 695.95
528.95 695.00
528.95 694.00
528.95 693.00
529.00 692.95
529.95 692.00

Contour 10:
552.95 326.00
552.95 325.00
552.95 324.00
552.95 323.00
552.95 322.00
552.95 321.00
552.95 320.00
552.95 319.00
552.95 318.00
552.00 317.05
551.95 317.00
551.95 316.00
551.95 315.00
551.00 314.05
550.95 314.00
550.95 313.00
550.00 312.05
549.95 312.00
549.95 311.00
549.95 310.00
549.95 309.00
549.00 308.05
548.95 308.00
548.95 307.00
548.00 306.05
547.95 306.00
547.00 305.05
546.95 305.00
546.00 304.05
545.95 304.00
545.00 303.05
544.95 303.00
544.00 302.05
543.00 302.05
542.95 302.00
542.00 301.05
541.95 301.00
541.00 300.05
540.00 300.05
539.95 300.00
539.00 299.05
538.00 299.05
537.95 299.00
537.00 298.05
536.00 298.05
535.95 298.00
535.00 297.05
534.00 297.05
533.00 297.05
532.95 297.00
532.00 296.05
531.00 296.05
530.95 296.00
530.00 295.05
529.00 295.05
528.00 295.05
527.95 295.00
527.00 294.05
526.00 294.05
525.00 294.05
524.00 294.05
523.00 294.05
522.00 294.05
521.00 294.05
520.00 294.05
519.00 294.05
518.00 294.05
517.00 294.05
516.00 294.05
515.00 294.05
514.00 294.05
513.00 294.05
512.00 294.05
511.00 294.05
510.05 295.00
510.00 295.05
509.00 295.05
508.00 295.05
507.05 296.00
507.00 296.05
506.00 296.05
505.05 297.00
505.00 297.05
504.00 297.05
503.05 298.00
503.00 298.05
502.05 299.00
502.00 299.05
501.00 299.05
500.05 300.00
500.05 301.00
500.00 301.05
499.05 302.00
499.00 302.05
498.05 303.00
498.05 304.00
498.00 304.05
497.05 305.00
497.05 306.00
497.00 306.05
496.05 307.00
496.05 308.00
496.05 309.00
496.00 309.05
495.05 310.00
495.05 311.00
495.05 312.00
495.05 313.00
495.05 314.00
495.05 315.00
495.05 316.00
495.05 317.00
495.05 318.00
495.05 319.00
495.05 320.00
495.05 321.00
496.00 321.95
496.05 322.00
496.05 323.00
496.05 324.00
496.05 325.00
497.00 325.95
497.05 326.00
497.05 327.00
498.00 327.95
498.05 328.00
498.05 329.00
499.00 329.95
499.05 330.00
499.05 331.00
500.00 331.95
500.05 332.00
501.00 332.95
501.05 333.00
502.00 333.95
502.05 334.00
502.05 335.00
503.00 335.95
503.05 336.00
504.00 336.95
504.05 337.00
505.00 337.95
505.05 338.00
506.00 338.95
506.05 339.00
507.00 339.95
507.05 340.00
508.00 340.95
508.05 341.00
509.00 341.95
509.05 342.00
510.00 342.95
511.00 342.95
511.05 343.00
512.00 343.95
512.05 344.00
513.00 344.95
513.05 345.00
514.00 345.95
515.00 345.95
515.05 346.00
516.00 346.95
516.05 347.00
517.00 347.95
518.00 347.95
518.05 348.00
519.00 348.95
520.00 348.95
521.00 348.95
521.05 349.00
522.00 349.95
523.00 349.95
523.05 350.00
524.00 350.95
525.00 350.95
526.00 350.95
527.00 350.95
528.00 350.95
529.00 350.95
530.00 350.95
531.00 350.95
532.00 350.95
533.00 350.95
533.95 350.00
534.00 349.95
535.00 349.95
536.00 349.95
536.95 349.00
537.00 348.95
538.00 348.95
538.95 348.00
539.00 347.95
539.95 347.00
540.00 346.95
540.95 346.00
541.00 345.95
541.95 345.00
542.00 344.95
542.95 344.00
543.00 343.95
543.95 343.00
544.00 342.95
544.95 342.00
545.00 341.95
545.95 341.00
546.00 340.95
546.95 340.00
546.95 339.00
547.00 338.95
547.95 338.00
548.00 337.95
548.95 337.00
548.95 336.00
549.00 335.95
549.95 335.00
549.95 334.00
549.95 333.00
550.00 332.95
550.95 332.00
550.95 331.00
551.00 330.95
551.95 330.00
551.95 329.00
551.95 328.00
551.95 327.00
552.00 326.95
552.95 326.00

Contour 11:
556.96 534.00
556.96 533.00
556.96 532.00
556.96 531.00
556.96 530.00
556.96 529.00
556.96 528.00
556.96 527.00
556.96 526.00
556.96 525.00
556.96 524.00
556.96 523.00
556.96 522.00
556.96 521.00
556.00 520.04
555.96 520.00
555.96 519.00
555.96 518.00
555.00 517.04
554.96 517.00
554.96 516.00
554.00 515.04
553.96 515.00
553.00 514.04
552.96 514.00
552.00 513.04
551.96 513.00
551.00 512.04
550.96 512.00
550.00 511.04
549.96 511.00
549.00 510.04
548.96 510.00
548.00 509.04
547.96 509.00
547.00 508.04
546.96 508.00
546.00 507.04
545.96 507.00
545.00 506.04
544.00 506.04
543.96 506.00
543.00 505.04
542.00 505.04
541.00 505.04
540.96 505.00
540.00 504.04
539.00 504.04
538.00 504.04
537.96 504.00
537.00 503.04
536.00 503.04
535.00 503.04
534.00 503.04
533.00 503.04
532.00 503.04
531.00 503.04
530.96 503.00
530.00 502.04
529.00 502.04
528.00 502.04
527.00 502.04
526.00 502.04
525.04 503.00
525.00 503.04
524.00 503.04
523.00 503.04
522.00 503.04
521.04 504.00
521.00 504.04
520.04 505.00
520.00 505.04
519.00 505.04
518.04 506.00
518.00 506.04
517.00 506.04
516.04 507.00
516.00 507.04
515.04 508.00
515.00 508.04
514.00 508.04
513.04 509.00
513.00 509.04
512.04 510.00
512.00 510.04
511.00 510.04
510.04 511.00
510.00 511.04
509.04 512.00
509.00 512.04
508.04 513.00
508.00 513.04
507.04 514.00
507.00 514.04
506.04 515.00
506.00 515.04
505.04 516.00
505.00 516.04
504.04 517.00
504.00 517.04
503.04 518.00
503.04 519.00
503.00 519.04
502.04 520.00
502.00 520.04
501.04 521.00
501.04 522.00
501.00 522.04
500.04 523.00
500.04 524.00
500.00 524.04
499.04 525.00
499.04 526.00
499.04 527.00
499.04 528.00
499.04 529.00
499.00 529.04
498.04 530.00
498.04 531.00
498.04 532.00
498.04 533.00
498.04 534.00
498.04 535.00
498.04 536.00
498.04 537.00
498.04 538.00
498.04 539.00
498.04 540.00
499.00 540.96
499.04 541.00
499.04 542.00
499.04 543.00
499.04 544.00
499.04 545.00
500.00 545.96
500.04 546.00
500.04 547.00
500.04 548.00
501.00 548.96
501.04 549.00
501.04 550.00
502.00 550.96
502.04 551.00
502.04 552.00
503.00 552.96
503.04 553.00
503.04 554.00
504.00 554.96
504.04 555.00
504.04 556.00
505.00 556.96
505.04 557.00
506.00 557.96
506.04 558.00
506.04 559.00
507.00 559.96
507.04 560.00
508.00 560.96
509.00 560.96
509.04 561.00
510.00 561.96
511.00 561.96
511.04 562.00
512.00 562.96
513.00 562.96
514.00 562.96
514.04 563.00
515.00 563.96
516.00 563.96
517.00 563.96
518.00 563.96
519.00 563.96
520.00 563.96
521.00 563.96
522.00 563.96
523.00 563.96
523.04 564.00
524.00 564.96
524.96 564.00
525.00 563.96
526.00 563.96
527.00 563.96
528.00 563.96
528.96 563.00
529.00 562.96
530.00 562.96
530.96 562.00
531.00 561.96
532.00 561.96
533.00 561.96
533.96 561.00
534.00 560.96
535.00 560.96
535.96 560.00
536.00 559.96
537.00 559.96
537.96 559.00
538.00 558.96
538.96 558.00
539.00 557.96
539.96 557.00
540.00 556.96
541.00 556.96
541.96 556.00
542.00 555.96
542.96 555.00
543.00 554.96
543.96 554.00
544.00 553.96
544.96 553.00
545.00 552.96
545.96 552.00
546.00 551.96
546.96 551.00
547.00 550.96
547.96 550.00
547.96 549.00
548.00 548.96
548.96 548.00
549.00 547.96
549.96 547.00
550.00 546.96
550.96 546.00
550.96 545.00
551.00 544.96
551.96 544.00
551.96 543.00
552.00 542.96
552.96 542.00
552.96 541.00
553.00 540.96
553.96 540.00
554.00 539.96
554.96 539.00
554.96 538.00
555.00 537.96
555.96 537.00
555.96 536.00
555.96 535.00
556.00 534.96
556.96 534.00

Contour 12:
556.96 462.00
556.96 461.00
556.96 460.00
556.96 459.00
556.96 458.00
556.96 457.00
556.96 456.00
556.96 455.00
556.96 454.00
556.96 453.00
556.96 452.00
556.96 451.00
556.96 450.00
556.96 449.00
556.00 448.04
555.96 448.00
555.96 447.00
555.96 446.00
555.00 445.04
554.96 445.00
554.96 444.00
554.96 443.00
554.00 442.04
553.96 442.00
553.96 441.00
553.96 440.00
553.00 439.04
552.96 439.00
552.96 438.00
552.00 437.04
551.96 437.00
551.96 436.00
551.00 435.04
550.96 435.00
550.96 434.00
550.00 433.04
549.96 433.00
549.00 432.04
548.96 432.00
548.00 431.04
547.96 431.00
547.00 430.04
546.96 430.00
546.00 429.04
545.96 429.00
545.00 428.04
544.96 428.00
544.00 427.04
543.96 427.00
543.00 426.04
542.96 426.00
542.00 425.04
541.00 425.04
540.96 425.00
540.00 424.04
539.96 424.00
539.00 423.04
538.00 423.04
537.00 423.04
536.96 423.00
536.00 422.04
535.00 422.04
534.96 422.00
534.00 421.04
533.00 421.04
532.00 421.04
531.00 421.04
530.96 421.00
530.00 420.04
529.00 420.04
528.00 420.04
527.00 420.04
526.00 420.04
525.00 420.04
524.00 420.04
523.00 420.04
522.00 420.04
521.04 421.00
521.00 421.04
520.00 421.04
519.00 421.04
518.04 422.00
518.00 422.04
517.00 422.04
516.00 422.04
515.04 423.00
515.00 423.04
514.00 423.04
513.04 424.00
513.00 424.04
512.00 424.04
511.04 425.00
511.00 425.04
510.04 426.00
510.00 426.04
509.04 427.00
509.00 427.04
508.00 427.04
507.04 428.00
507.00 428.04
506.04 429.00
506.00 429.04
505.04 430.00
505.04 431.00
505.00 431.04
504.04 432.00
504.00 432.04
503.04 433.00
503.04 434.00
503.00 434.04
502.04 435.00
502.04 436.00
502.00 436.04
501.04 437.00
501.04 438.00
501.04 439.00
501.00 439.04
500.04 440.00
500.04 441.00
500.00 441.04
499.04 442.00
499.04 443.00
499.04 444.00
499.04 445.00
499.04 446.00
499.04 447.00
499.04 448.00
499.04 449.00
499.04 450.00
499.04 451.00
499.04 452.00
499.04 453.00
499.04 454.00
499.04 455.00
500.00 455.96
500.04 456.00
500.04 457.00
500.04 458.00
500.04 459.00
501.00 459.96
501.04 460.00
501.04 461.00
502.00 461.96
502.04 462.00
502.04 463.00
503.00 463.96
503.04 464.00
503.04 465.00
504.00 465.96
504.04 466.00
505.00 466.96
505.04 467.00
506.00 467.96
506.04 468.00
507.00 468.96
507.04 469.00
508.00 469.96
508.04 470.00
509.00 470.96
509.04 471.00
510.00 471.96
510.04 472.00
511.00 472.96
511.04 473.00
512.00 473.96
512.04 474.00
512.04 475.00
513.00 475.96
514.00 475.96
514.04 476.00
515.00 476.96
515.04 477.00
516.00 477.96
516.04 478.00
517.00 478.96
518.00 478.96
518.04 479.00
519.00 479.96
519.04 480.00
520.00 480.96
521.00 480.96
522.00 480.96
522.04 481.00
523.00 481.96
524.00 481.96
525.00 481.96
526.00 481.96
527.00 481.96
528.00 481.96
529.00 481.96
530.00 481.96
531.00 481.96
532.00 481.96
533.00 481.96
534.00 481.96
535.00 481.96
536.00 481.96
536.96 481.00
537.00 480.96
538.00 480.96
539.00 480.96
539.96 480.00
540.00 479.96
541.00 479.96
541.96 479.00
542.00 478.96
543.00 478.96
543.96 478.00
544.00 477.96
545.00 477.96
545.96 477.00
546.00 476.96
546.96 476.00
547.00 475.96
548.00 475.96
548.96 475.00
549.00 474.96
549.96 474.00
550.00 473.96
550.96 473.00
551.00 472.96
551.96 472.00
552.00 471.96
552.96 471.00
552.96 470.00
553.00 469.96
553.96 469.00
554.00 468.96
554.96 468.00
554.96 467.00
555.00 466.96
555.96 466.00
555.96 465.00
555.96 464.00
555.96 463.00
556.00 462.96
556.96 462.00

Contour 13:
613.96 647.00
613.96 646.00
613.96 645.00
613.96 644.00
613.96 643.00
613.96 642.00
613.96 641.00
613.96 640.00
613.96 639.00
613.00 638.04
612.96 638.00
612.96 637.00
612.96 636.00
612.96 635.00
612.00 634.04
611.96 634.00
611.96 633.00
611.96 632.00
611.00 631.04
610.96 631.00
610.96 630.00
610.00 629.04
609.96 629.00
609.96 628.00
609.96 627.00
609.00 626.04
608.96 626.00
608.96 625.00
608.00 624.04
607.96 624.00
607.00 623.04
606.96 623.00
606.96 622.00
606.00 621.04
605.96 621.00
605.00 620.04
604.96 620.00
604.00 619.04
603.00 619.04
602.96 619.00
602.00 618.04
601.96 618.00
601.00 617.04
600.96 617.00
600.00 616.04
599.96 616.00
599.00 615.04
598.00 615.04
597.96 615.00
597.00 614.04
596.96 614.00
596.00 613.04
595.00 613.04
594.96 613.00
594.00 612.04
593.96 612.00
593.00 611.04
592.00 611.04
591.96 611.00
591.00 610.04
590.96 610.00
590.00 609.04
589.00 609.04
588.96 609.00
588.00 608.04
587.00 608.04
586.96 608.00
586.00 607.04
585.00 607.04
584.00 607.04
583.00 607.04
582.00 607.04
581.00 607.04
580.96 607.00
580.00 606.04
579.00 606.04
578.00 606.04
577.00 606.04
576.00 606.04
575.00 606.04
574.00 606.04
573.00 606.04
572.04 607.00
572.00 607.04
571.00 607.04
570.00 607.04
569.00 607.04
568.04 608.00
568.00 608.04
567.00 608.04
566.00 608.04
565.04 609.00
565.00 609.04
564.00 609.04
563.04 610.00
563.00 610.04
562.04 611.00
562.00 611.04
561.00 611.04
560.04 612.00
560.00 612.04
559.04 613.00
559.00 613.04
558.00 613.04
557.04 614.00
557.00 614.04
556.04 615.00
556.00 615.04
555.04 616.00
555.00 616.04
554.04 617.00
554.00 617.04
553.04 618.00
553.00 618.04
552.04 619.00
552.04 620.00
552.00 620.04
551.04 621.00
551.04 622.00
551.00 622.04
550.04 623.00
550.04 624.00
550.00 624.04
549.04 625.00
549.04 626.00
549.04 627.00
549.04 628.00
549.04 629.00
549.04 630.00
549.00 630.04
548.04 631.00
548.04 632.00
548.04 633.00
548.04 634.00
548.04 635.00
548.04 636.00
548.04 637.00
548.04 638.00
549.00 638.96
549.04 639.00
549.04 640.00
549.04 641.00
549.04 642.00
549.04 643.00
550.00 643.96
550.04 644.00
550.04 645.00
551.00 645.96
551.04 646.00
551.04 647.00
552.00 647.96
552.04 648.00
552.04 649.00
553.00 649.96
553.04 650.00
553.04 651.00
554.00 651.96
554.04 652.00
555.00 652.96
555.04 653.00
555.04 654.00
556.00 654.96
556.04 655.00
557.00 655.96
557.04 656.00
557.04 657.00
558.00 657.96
558.04 658.00
559.00 658.96
559.04 659.00
559.04 660.00
560.00 660.96
560.04 661.00
561.00 661.96
561.04 662.00
562.00 662.96
562.04 663.00
563.00 663.96
563.04 664.00
564.00 664.96
564.04 665.00
565.00 665.96
565.04 666.00
566.00 666.96
567.00 666.96
567.04 667.00
568.00 667.96
568.04 668.00
569.00 668.96
569.04 669.00
570.00 669.96
571.00 669.96
571.04 670.00
572.00 670.96
572.04 671.00
573.00 671.96
574.00 671.96
575.00 671.96
575.04 672.00
576.00 672.96
577.00 672.96
578.00 672.96
578.04 673.00
579.00 673.96
580.00 673.96
581.00 673.96
582.00 673.96
583.00 673.96
584.00 673.96
585.00 673.96
586.00 673.96
587.00 673.96
587.96 673.00
588.00 672.96
589.00 672.96
590.00 672.96
591.00 672.96
591.96 672.00
592.00 671.96
593.00 671.96
593.96 671.00
594.00 670.96
595.00 670.96
595.96 670.00
596.00 669.96
597.00 669.96
597.96 669.00
598.00 668.96
599.00 668.96
599.96 668.00
600.00 667.96
600.96 667.00
601.00 666.96
602.00 666.96
602.96 666.00
603.00 665.96
603.96 665.00
603.96 664.00
604.00 663.96
604.96 663.00
605.00 662.96
605.96 662.00
606.00 661.96
606.96 661.00
607.00 660.96
607.96 660.00
607.96 659.00
608.00 658.96
608.96 658.00
609.00 657.96
609.96 657.00
609.96 656.00
610.00 655.96
610.96 655.00
611.00 654.96
611.96 654.00
611.96 653.00
612.00 652.96
612.96 652.00
612.96 651.00
612.96 650.00
612.96 649.00
612.96 648.00
613.00 647.96
613.96 647.00

Contour 14:
637.97 340.00
637.97 339.00
637.97 338.00
637.97 337.00
637.97 336.00
637.97 335.00
637.97 334.00
637.97 333.00
637.97 332.00
637.97 331.00
637.97 330.00
637.97 329.00
637.00 328.03
636.97 328.00
636.97 327.00
636.97 326.00
636.00 325.03
635.97 325.00
635.97 324.00
635.00 323.03
634.97 323.00
634.00 322.03
633.97 322.00
633.00 321.03
632.97 321.00
632.00 320.03
631.97 320.00
631.00 319.03
630.97 319.00
630.00 318.03
629.97 318.00
629.00 317.03
628.97 317.00
628.00 316.03
627.00 316.03
626.97 316.00
626.00 315.03
625.00 315.03
624.97 315.00
624.00 314.03
623.97 314.00
623.00 313.03
622.00 313.03
621.00 313.03
620.97 313.00
620.00 312.03
619.00 312.03
618.97 312.00
618.00 311.03
617.00 311.03
616.00 311.03
615.00 311.03
614.00 311.03
613.97 311.00
613.00 310.03
612.00 310.03
611.00 310.03
610.00 310.03
609.00 310.03
608.00 310.03
607.00 310.03
606.00 310.03
605.03 311.00
605.00 311.03
604.00 311.03
603.00 311.03
602.00 311.03
601.00 311.03
600.00 311.03
599.03 312.00
599.00 312.03
598.00 312.03
597.00 312.03
596.03 313.00
596.00 313.03
595.00 313.03
594.03 314.00
594.00 314.03
593.00 314.03
592.03 315.00
592.00 315.03
591.00 315.03
590.03 316.00
590.00 316.03
589.00 316.03
588.03 317.00
588.00 317.03
587.00 317.03
586.03 318.00
586.00 318.03
585.03 319.00
585.00 319.03
584.00 319.03
583.03 320.00
583.00 320.03
582.03 321.00
582.00 321.03
581.00 321.03
580.03 322.00
580.00 322.03
579.03 323.00
579.03 324.00
579.00 324.03
578.03 325.00
578.00 325.03
577.03 326.00
577.00 326.03
576.03 327.00
576.03 328.00
576.00 328.03
575.03 329.00
575.00 329.03
574.03 330.00
574.03 331.00
574.00 331.03
573.03 332.00
573.03 333.00
573.03 334.00
573.00 334.03
572.03 335.00
572.03 336.00
572.03 337.00
572.03 338.00
572.03 339.00
572.03 340.00
572.03 341.00
572.03 342.00
572.03 343.00
572.03 344.00
573.00 344.97
573.03 345.00
573.03 346.00
574.00 346.97
574.03 347.00
574.03 348.00
575.00 348.97
575.03 349.00
575.03 350.00
576.00 350.97
576.03 351.00
577.00 351.97
577.03 352.00
578.00 352.97
578.03 353.00
578.03 354.00
579.00 354.97
579.03 355.00
580.00 355.97
580.03 356.00
581.00 356.97
581.03 357.00
582.00 357.97
583.00 357.97
583.03 358.00
584.00 358.97
585.00 358.97
585.03 359.00
586.00 359.97
586.03 360.00
587.00 360.97
588.00 360.97
589.00 360.97
589.03 361.00
590.00 361.97
591.00 361.97
591.03 362.00
592.00 362.97
593.00 362.97
594.00 362.97
595.00 362.97
595.03 363.00
596.00 363.97
597.00 363.97
598.00 363.97
599.00 363.97
600.00 363.97
600.03 364.00
601.00 364.97
601.97 364.00
602.00 363.97
603.00 363.97
604.00 363.97
605.00 363.97
606.00 363.97
607.00 363.97
608.00 363.97
609.00 363.97
609.97 363.00
610.00 362.97
611.00 362.97
612.00 362.97
613.00 362.97
613.97 362.00
614.00 361.97
615.00 361.97
616.00 361.97
616.97 361.00
617.00 360.97
618.00 360.97
618.97 360.00
619.00 359.97
620.00 359.97
621.00 359.97
621.97 359.00
622.00 358.97
623.00 358.97
624.00 358.97
624.97 358.00
625.00 357.97
625.97 357.00
626.00 356.97
627.00 356.97
627.97 356.00
628.00 355.97
628.97 355.00
629.00 354.97
630.00 354.97
630.97 354.00
631.00 353.97
631.97 353.00
632.00 352.97
632.97 352.00
633.00 351.97
633.97 351.00
633.97 350.00
634.00 349.97
634.97 349.00
634.97 348.00
635.00 347.97
635.97 347.00
635.97 346.00
636.00 345.97
636.97 345.00
636.97 344.00
636.97 343.00
636.97 342.00
636.97 341.00
637.00 340.97
637.97 340.00

Contour 15:
645.97 521.00
645.97 520.00
645.97 519.00
645.97 518.00
645.97 517.00
645.00 516.03
644.97 516.00
644.97 515.00
644.97 514.00
644.97 513.00
644.00 512.03
643.97 512.00
643.97 511.00
643.97 510.00
643.00 509.03
642.97 509.00
642.97 508.00
642.97 507.00
642.00 506.03
641.97 506.00
641.97 505.00
641.00 504.03
640.97 504.00
640.97 503.00
640.00 502.03
639.97 502.00
639.97 501.00
639.00 500.03
638.97 500.00
638.00 499.03
637.97 499.00
637.00 498.03
636.97 498.00
636.97 497.00
636.00 496.03
635.97 496.00
635.00 495.03
634.97 495.00
634.97 494.00
634.00 493.03
633.97 493.00
633.00 492.03
632.97 492.00
632.00 491.03
631.97 491.00
631.97 490.00
631.00 489.03
630.97 489.00
630.00 488.03
629.97 488.00
629.00 487.03
628.97 487.00
628.00 486.03
627.97 486.00
627.00 485.03
626.97 485.00
626.00 484.03
625.97 484.00
625.00 483.03
624.00 483.03
623.97 483.00
623.00 482.03
622.97 482.00
622.00 481.03
621.97 481.00
621.00 480.03
620.00 480.03
619.97 480.00
619.00 479.03
618.00 479.03
617.97 479.00
617.00 478.03
616.97 478.00
616.00 477.03
615.00 477.03
614.97 477.00
614.00 476.03
613.00 476.03
612.00 476.03
611.97 476.00
611.00 475.03
610.00 475.03
609.00 475.03
608.00 475.03
607.03 476.00
607.00 476.03
606.00 476.03
605.00 476.03
604.03 477.00
604.00 477.03
603.00 477.03
602.03 478.00
602.00 478.03
601.03 479.00
601.00 479.03
600.00 479.03
599.03 480.00
599.00 480.03
598.03 481.00
598.00 481.03
597.03 482.00
597.00 482.03
596.03 483.00
596.00 483.03
595.03 484.00
595.00 484.03
594.03 485.00
594.00 485.03
593.03 486.00
593.00 486.03
592.03 487.00
592.00 487.03
591.03 488.00
591.03 489.00
591.00 489.03
590.03 490.00
590.00 490.03
589.03 491.00
589.03 492.00
589.00 492.03
588.03 493.00
588.03 494.00
588.00 494.03
587.03 495.00
587.03 496.00
587.00 496.03
586.03 497.00
586.03 498.00
586.03 499.00
586.00 499.03
585.03 500.00
585.03 501.00
585.03 502.00
585.03 503.00
585.03 504.00
585.03 505.00
585.00 505.03
584.03 506.00
584.03 507.00
584.03 508.00
584.03 509.00
584.03 510.00
584.03 511.00
584.03 512.00
584.03 513.00
584.03 514.00
584.03 515.00
584.03 516.00
584.03 517.00
585.00 517.97
585.03 518.00
585.03 519.00
585.03 520.00
585.03 521.00
586.00 521.97
586.03 522.00
586.03 523.00
586.03 524.00
587.00 524.97
587.03 525.00
587.03 526.00
588.00 526.97
588.03 527.00
589.00 527.97
589.03 528.00
590.00 528.97
590.03 529.00
591.00 529.97
591.03 530.00
592.00 530.97
592.03 531.00
593.00 531.97
594.00 531.97
594.03 532.00
595.00 532.97
596.00 532.97
596.03 533.00
597.00 533.97
598.00 533.97
598.03 534.00
599.00 534.97
600.00 534.97
600.03 535.00
601.00 535.97
602.00 535.97
602.03 536.00
603.00 536.97
604.00 536.97
605.00 536.97
605.03 537.00
606.00 537.97
607.00 537.97
608.00 537.97
608.03 538.00
609.00 538.97
610.00 538.97
611.00 538.97
612.00 538.97
613.00 538.97
614.00 538.97
615.00 538.97
616.00 538.97
617.00 538.97
618.00 538.97
619.00 538.97
620.00 538.97
621.00 538.97
622.00 538.97
623.00 538.97
623.97 538.00
624.00 537.97
625.00 537.97
626.00 537.97
627.00 537.97
628.00 537.97
628.97 537.00
629.00 536.97
630.00 536.97
631.00 536.97
631.97 536.00
632.00 535.97
633.00 535.97
633.97 535.00
634.00 534.97
635.00 534.97
635.97 534.00
636.00 533.97
637.00 533.97
637.97 533.00
638.00 532.97
639.00 532.97
639.97 532.00
640.00 531.97
640.97 531.00
640.97 530.00
641.00 529.97
641.97 529.00
642.00 528.97
642.97 528.00
643.00 527.97
643.97 527.00
643.97 526.00
644.00 525.97
644.97 525.00
644.97 524.00
644.97 523.00
644.97 522.00
645.00 521.97
645.97 521.00

Contour 16:
687.97 435.00
687.97 434.00
687.97 433.00
687.97 432.00
687.97 431.00
687.97 430.00
687.97 429.00
687.97 428.00
687.00 427.03
686.97 427.00
686.97 426.00
686.97 425.00
686.97 424.00
686.00 423.03
685.97 423.00
685.97 422.00
685.00 421.03
684.97 421.00
684.97 420.00
684.00 419.03
683.97 419.00
683.97 418.00
683.00 417.03
682.97 417.00
682.97 416.00
682.00 415.03
681.97 415.00
681.00 414.03
680.97 414.00
680.97 413.00
680.00 412.03
679.97 412.00
679.00 411.03
678.00 411.03
677.97 411.00
677.00 410.03
676.97 410.00
676.00 409.03
675.97 409.00
675.00 408.03
674.00 408.03
673.97 408.00
673.00 407.03
672.00 407.03
671.00 407.03
670.97 407.00
670.00 406.03
669.00 406.03
668.00 406.03
667.00 406.03
666.00 406.03
665.00 406.03
664.97 406.00
664.00 405.03
663.00 405.03
662.00 405.03
661.00 405.03
660.00 405.03
659.00 405.03
658.00 405.03
657.00 405.03
656.00 405.03
655.00 405.03
654.00 405.03
653.00 405.03
652.00 405.03
651.00 405.03
650.00 405.03
649.00 405.03
648.03 406.00
648.00 406.03
647.00 406.03
646.00 406.03
645.00 406.03
644.03 407.00
644.00 407.03
643.00 407.03
642.00 407.03
641.03 408.00
641.00 408.03
640.00 408.03
639.03 409.00
639.00 409.03
638.00 409.03
637.03 410.00
637.00 410.03
636.00 410.03
635.03 411.00
635.00 411.03
634.00 411.03
633.03 412.00
633.00 412.03
632.03 413.00
632.00 413.03
631.03 414.00
631.00 414.03
630.03 415.00
630.00 415.03
629.03 416.00
629.03 417.00
629.00 417.03
628.03 418.00
628.03 419.00
628.00 419.03
627.03 420.00
627.03 421.00
627.03 422.00
627.00 422.03
626.03 423.00
626.03 424.00
626.03 425.00
626.03 426.00
626.00 426.03
625.03 427.00
625.03 428.00
625.03 429.00
625.03 430.00
625.03 431.00
625.03 432.00
626.00 432.97
626.03 433.00
626.03 434.00
626.03 435.00
626.03 436.00
627.00 436.97
627.03 437.00
627.03 438.00
627.03 439.00
628.00 439.97
628.03 440.00
629.00 440.97
629.03 441.00
629.03 442.00
630.00 442.97
630.03 443.00
630.03 444.00
631.00 444.97
631.03 445.00
632.00 445.97
632.03 446.00
633.00 446.97
634.00 446.97
634.03 447.00
635.00 447.97
635.03 448.00
636.00 448.97
637.00 448.97
637.03 449.00
638.00 449.97
639.00 449.97
640.00 449.97
640.03 450.00
641.00 450.97
642.00 450.97
643.00 450.97
644.00 450.97
644.03 451.00
645.00 451.97
646.00 451.97
647.00 451.97
648.00 451.97
649.00 451.97
650.00 451.97
651.00 451.97
651.03 452.00
652.00 452.97
653.00 452.97
654.00 452.97
655.00 452.97
656.00 452.97
657.00 452.97
658.00 452.97
658.97 452.00
659.00 451.97
660.00 451.97
661.00 451.97
662.00 451.97
663.00 451.97
664.00 451.97
665.00 451.97
666.00 451.97
667.00 451.97
668.00 451.97
669.00 451.97
669.97 451.00
670.00 450.97
671.00 450.97
672.00 450.97
672.97 450.00
673.00 449.97
674.00 449.97
675.00 449.97
675.97 449.00
676.00 448.97
677.00 448.97
678.00 448.97
678.97 448.00
679.00 447.97
679.97 447.00
680.00 446.97
681.00 446.97
681.97 446.00
682.00 445.97
682.97 445.00
683.00 444.97
683.97 444.00
683.97 443.00
684.00 442.97
684.97 442.00
685.00 441.97
685.97 441.00
685.97 440.00
686.00 439.97
686.97 439.00
686.97 438.00
686.97 437.00
686.97 436.00
687.00 435.97
687.97 435.00

Contour 17:
721.97 638.00
721.97 637.00
721.97 636.00
721.97 635.00
721.97 634.00
721.97 633.00
721.97 632.00
721.97 631.00
721.97 630.00
721.97 629.00
721.97 628.00
721.97 627.00
721.97 626.00
721.00 625.03
720.97 625.00
720.97 624.00
720.97 623.00
720.97 622.00
720.97 621.00
720.00 620.03
719.97 620.00
719.97 619.00
719.97 618.00
719.00 617.03
718.97 617.00
718.97 616.00
718.00 615.03
717.97 615.00
717.00 614.03
716.97 614.00
716.97 613.00
716.00 612.03
715.97 612.00
715.00 611.03
714.97 611.00
714.00 610.03
713.97 610.00
713.00 609.03
712.97 609.00
712.00 608.03
711.97 608.00
711.00 607.03
710.00 607.03
709.97 607.00
709.00 606.03
708.97 606.00
708.00 605.03
707.00 605.03
706.97 605.00
706.00 604.03
705.00 604.03
704.00 604.03
703.97 604.00
703.00 603.03
702.00 603.03
701.00 603.03
700.00 603.03
699.00 603.03
698.97 603.00
698.00 602.03
697.00 602.03
696.00 602.03
695.00 602.03
694.03 603.00
694.00 603.03
693.00 603.03
692.00 603.03
691.00 603.03
690.00 603.03
689.03 604.00
689.00 604.03
688.00 604.03
687.03 605.00
687.00 605.03
686.00 605.03
685.03 606.00
685.00 606.03
684.00 606.03
683.03 607.00
683.00 607.03
682.03 608.00
682.00 608.03
681.03 609.00
681.00 609.03
680.00 609.03
679.03 610.00
679.00 610.03
678.03 611.00
678.00 611.03
677.03 612.00
677.00 612.03
676.03 613.00
676.03 614.00
676.00 614.03
675.03 615.00
675.00 615.03
674.03 616.00
674.00 616.03
673.03 617.00
673.00 617.03
672.03 618.00
672.03 619.00
672.00 619.03
671.03 620.00
671.03 621.00
671.00 621.03
670.03 622.00
670.03 623.00
670.00 623.03
669.03 624.00
669.03 625.00
669.00 625.03
668.03 626.00
668.00 626.03
667.03 627.00
667.03 628.00
667.00 628.03
666.03 629.00
666.03 630.00
666.00 630.03
665.03 631.00
665.00 631.03
664.03 632.00
664.03 633.00
664.00 633.03
663.03 634.00
663.03 635.00
663.00 635.03
662.03 636.00
662.03 637.00
662.00 637.03
661.03 638.00
661.03 639.00
661.03 640.00
661.00 640.03
660.03 641.00
660.03 642.00
660.03 643.00
660.03 644.00
660.03 645.00
660.03 646.00
660.03 647.00
660.03 648.00
660.03 649.00
660.03 650.00
660.03 651.00
660.03 652.00
660.03 653.00
660.03 654.00
661.00 654.97
661.03 655.00
661.03 656.00
661.03 657.00
662.00 657.97
662.03 658.00
662.03 659.00
662.03 660.00
663.00 660.97
663.03 661.00
663.03 662.00
664.00 662.97
664.03 663.00
665.00 663.97
665.03 664.00
666.00 664.97
666.03 665.00
667.00 665.97
667.03 666.00
668.00 666.97
668.03 667.00
669.00 667.97
669.03 668.00
670.00 668.97
671.00 668.97
671.03 669.00
672.00 669.97
672.03 670.00
673.00 670.97
674.00 670.97
674.03 671.00
675.00 671.97
676.00 671.97
676.03 672.00
677.00 672.97
678.00 672.97
679.00 672.97
680.00 672.97
681.00 672.97
681.03 673.00
682.00 673.97
683.00 673.97
684.00 673.97
685.00 673.97
686.00 673.97
687.00 673.97
688.00 673.97
689.00 673.97
690.00 673.97
691.00 673.97
692.00 673.97
692.97 673.00
693.00 672.97
694.00 672.97
695.00 672.97
695.97 672.00
696.00 671.97
697.00 671.97
697.97 671.00
698.00 670.97
699.00 670.97
699.97 670.00
700.00 669.97
700.97 669.00
701.00 668.97
701.97 668.00
702.00 667.97
702.97 667.00
703.00 666.97
704.00 666.97
704.97 666.00
705.00 665.97
705.97 665.00
706.00 664.97
706.97 664.00
707.00 663.97
707.97 663.00
708.00 662.97
708.97 662.00
709.00 661.97
709.97 661.00
710.00 660.97
710.97 660.00
711.00 659.97
711.97 659.00
712.00 658.97
712.97 658.00
713.00 657.97
713.97 657.00
714.00 656.97
714.97 656.00
714.97 655.00
715.00 654.97
715.97 654.00
716.00 653.97
716.97 653.00
717.00 652.97
717.97 652.00
717.97 651.00
718.00 650.97
718.97 650.00
718.97 649.00
718.97 648.00
719.00 647.97
719.97 647.00
719.97 646.00
719.97 645.00
719.97 644.00
720.00 643.97
720.97 643.00
720.97 642.00
720.97 641.00
720.97 640.00
720.97 639.00
721.00 638.97
721.97 638.00

Contour 18:
790.98 865.00
790.98 864.00
790.98 863.00
790.98 862.00
790.98 861.00
790.98 860.00
790.00 859.02
789.98 859.00
789.98 858.00
789.98 857.00
789.98 856.00
789.00 855.02
788.98 855.00
788.98 854.00
788.00 853.02
787.98 853.00
787.00 852.02
786.98 852.00
786.98 851.00
786.00 850.02
785.98 850.00
785.98 849.00
785.00 848.02
784.98 848.00
784.98 847.00
784.00 846.02
783.98 846.00
783.00 845.02
782.98 845.00
782.98 844.00
782.00 843.02
781.98 843.00
781.00 842.02
780.98 842.00
780.00 841.02
779.98 841.00
779.00 840.02
778.98 840.00
778.00 839.02
777.98 839.00
777.00 838.02
776.98 838.00
776.00 837.02
775.98 837.00
775.00 836.02
774.00 836.02
773.98 836.00
773.00 835.02
772.98 835.00
772.00 834.02
771.00 834.02
770.98 834.00
770.00 833.02
769.00 833.02
768.00 833.02
767.98 833.00
767.00 832.02
766.00 832.02
765.00 832.02
764.00 832.02
763.98 832.00
763.00 831.02
762.00 831.02
761.00 831.02
760.00 831.02
759.00 831.02
758.02 832.00
758.00 832.02
757.00 832.02
756.00 832.02
755.00 832.02
754.00 832.02
753.00 832.02
752.02 833.00
752.00 833.02
751.00 833.02
750.00 833.02
749.00 833.02
748.02 834.00
748.00 834.02
747.00 834.02
746.00 834.02
745.02 835.00
745.00 835.02
744.00 835.02
743.02 836.00
743.00 836.02
742.00 836.02
741.02 837.00
741.00 837.02
740.02 838.00
740.00 838.02
739.02 839.00
739.00 839.02
738.00 839.02
737.02 840.00
737.00 840.02
736.02 841.00
736.00 841.02
735.02 842.00
735.00 842.02
734.02 843.00
734.00 843.02
733.02 844.00
733.02 845.00
733.00 845.02
732.02 846.00
732.00 846.02
731.02 847.00
731.02 848.00
731.00 848.02
730.02 849.00
730.02 850.00
730.00 850.02
729.02 851.00
729.02 852.00
729.02 853.00
729.00 853.02
728.02 854.00
728.02 855.00
728.02 856.00
728.02 857.00
728.00 857.02
727.02 858.00
727.02 859.00
727.02 860.00
727.02 861.00
727.02 862.00
727.02 863.00
727.02 864.00
727.00 864.02
726.02 865.00
726.00 865.03
725.00 865.03
724.00 865.03
723.00 865.03
722.00 865.03
721.97 865.00
721.00 864.03
720.97 864.00
720.00 863.03
719.00 863.03
718.97 863.00
718.00 862.03
717.00 862.03
716.97 862.00
716.00 861.03
715.97 861.00
715.00 860.03
714.00 860.03
713.00 860.03
712.97 860.00
712.00 859.03
711.00 859.03
710.97 859.00
710.00 858.03
709.00 858.03
708.97 858.00
708.00 857.03
707.00 857.03
706.00 857.03
705.97 857.00
705.00 856.03
704.00 856.03
703.00 856.03
702.00 856.03
701.00 856.03
700.97 856.00
700.00 855.03
699.00 855.03
698.00 855.03
697.00 855.03
696.00 855.03
695.00 855.03
694.03 856.00
694.00 856.03
693.00 856.03
692.00 856.03
691.03 857.00
691.00 857.03
690.00 857.03
689.03 858.00
689.00 858.03
688.00 858.03
687.03 859.00
687.00 859.03
686.03 860.00
686.00 860.03
685.03 861.00
685.00 861.03
684.03 862.00
684.00 862.03
683.03 863.00
683.03 864.00
683.00 864.03
682.03 865.00
682.00 865.03
681.03 866.00
681.03 867.00
681.00 867.03
680.03 868.00
680.00 868.03
679.03 869.00
679.03 870.00
679.03 871.00
679.00 871.03
678.03 872.00
678.03 873.00
678.00 873.03
677.03 874.00
677.03 875.00
677.03 876.00
677.00 876.03
676.03 877.00
676.03 878.00
676.03 879.00
676.03 880.00
676.03 881.00
676.03 882.00
676.03 883.00
676.03 884.00
676.03 885.00
676.03 886.00
676.03 887.00
677.00 887.97
677.03 888.00
677.03 889.00
677.03 890.00
678.00 890.97
678.03 891.00
678.03 892.00
679.00 892.97
679.03 893.00
679.03 894.00
680.00 894.97
680.03 895.00
680.03 896.00
681.00 896.97
681.03 897.00
681.03 898.00
682.00 898.97
682.03 899.00
683.00 899.97
683.03 900.00
683.03 901.00
684.00 901.97
684.03 902.00
684.03 903.00
685.00 903.97
685.03 904.00
686.00 904.97
686.03 905.00
686.03 906.00
687.00 906.97
687.03 907.00
688.00 907.97
688.03 908.00
689.00 908.97
689.03 909.00
689.03 910.00
690.00 910.97
690.03 911.00
691.00 911.97
691.03 912.00
692.00 912.97
692.03 913.00
693.00 913.97
693.03 914.00
694.00 914.97
695.00 914.97
695.03 915.00
696.00 915.97
697.00 915.97
697.03 916.00
698.00 916.97
699.00 916.97
700.00 916.97
700.03 917.00
701.00 917.97
702.00 917.97
702.03 918.00
703.00 918.97
704.00 918.97
705.00 918.97
705.03 919.00
706.00 919.97
707.00 919.97
708.00 919.97
708.03 920.00
709.00 920.97
710.00 920.97
711.00 920.97
712.00 920.97
713.00 920.97
714.00 920.97
715.00 920.97
716.00 920.97
717.00 920.97
718.00 920.97
719.00 920.97
720.00 920.97
720.97 920.00
721.00 919.97
722.00 919.97
723.00 919.97
724.00 919.97
725.00 919.97
725.97 919.00
726.00 918.97
727.00 918.97
728.00 918.97
728.97 918.00
729.00 917.97
730.00 917.97
731.00 917.97
731.97 917.00
732.00 916.97
733.00 916.97
733.97 916.00
734.00 915.97
735.00 915.97
735.97 915.00
736.00 914.97
737.00 914.97
737.97 914.00
738.00 913.97
738.97 913.00
739.00 912.97
739.97 912.00
740.00 911.97
740.97 911.00
740.97 910.00
741.00 909.97
741.97 909.00
741.97 908.00
741.97 907.00
742.00 906.97
742.97 906.00
742.97 905.00
742.97 904.00
742.97 903.00
742.97 902.00
743.00 901.97
743.97 901.00
743.00 900.03
742.97 900.00
742.97 899.00
742.97 898.00
742.97 897.00
742.97 896.00
743.00 895.97
743.97 895.00
743.97 894.00
744.00 893.97
744.97 893.00
745.00 892.98
745.98 892.00
746.00 891.98
747.00 891.98
748.00 891.98
749.00 891.98
749.02 892.00
750.00 892.98
751.00 892.98
752.00 892.98
752.02 893.00
753.00 893.98
754.00 893.98
754.02 894.00
755.00 894.98
756.00 894.98
757.00 894.98
757.02 895.00
758.00 895.98
759.00 895.98
760.00 895.98
761.00 895.98
762.00 895.98
763.00 895.98
764.00 895.98
765.00 895.98
766.00 895.98
767.00 895.98
768.00 895.98
768.98 895.00
769.00 894.98
770.00 894.98
771.00 894.98
771.98 894.00
772.00 893.98
773.00 893.98
773.98 893.00
774.00 892.98
775.00 892.98
775.98 892.00
776.00 891.98
776.98 891.00
777.00 890.98
777.98 890.00
778.00 889.98
778.98 889.00
779.00 888.98
779.98 888.00
780.00 887.98
781.00 887.98
781.98 887.00
781.98 886.00
782.00 885.98
782.98 885.00
783.00 884.98
783.98 884.00
783.98 883.00
784.00 882.98
784.98 882.00
785.00 881.98
785.98 881.00
785.98 880.00
786.00 879.98
786.98 879.00
786.98 878.00
787.00 877.98
787.98 877.00
787.98 876.00
787.98 875.00
788.00 874.98
788.98 874.00
788.98 873.00
788.98 872.00
789.00 871.98
789.98 871.00
789.98 870.00
789.98 869.00
789.98 868.00
789.98 867.00
789.98 866.00
790.00 865.98
790.98 865.00

Contour 19:
786.98 531.00
786.98 530.00
786.98 529.00
786.98 528.00
786.98 527.00
786.98 526.00
786.98 525.00
786.98 524.00
786.98 523.00
786.98 522.00
786.98 521.00
786.98 520.00
786.98 519.00
786.98 518.00
786.98 517.00
786.00 516.02
785.98 516.00
785.98 515.00
785.98 514.00
785.98 513.00
785.98 512.00
785.98 511.00
785.98 510.00
785.00 509.02
784.98 509.00
784.98 508.00
784.98 507.00
784.98 506.00
784.98 505.00
784.00 504.02
783.98 504.00
783.98 503.00
783.00 502.02
782.98 502.00
782.00 501.02
781.98 501.00
781.00 500.02
780.98 500.00
780.00 499.02
779.98 499.00
779.00 498.02
778.98 498.00
778.00 497.02
777.98 497.00
777.00 496.02
776.00 496.02
775.98 496.00
775.00 495.02
774.00 495.02
773.98 495.00
773.00 494.02
772.00 494.02
771.00 494.02
770.00 494.02
769.00 494.02
768.00 494.02
767.00 494.02
766.00 494.02
765.00 494.02
764.00 494.02
763.00 494.02
762.00 494.02
761.02 495.00
761.00 495.02
760.00 495.02
759.00 495.02
758.02 496.00
758.00 496.02
757.00 496.02
756.02 497.00
756.00 497.02
755.02 498.00
755.00 498.02
754.00 498.02
753.02 499.00
753.02 500.00
753.00 500.02
752.02 501.00
752.00 501.02
751.02 502.00
751.02 503.00
751.00 503.02
750.02 504.00
750.02 505.00
750.00 505.02
749.02 506.00
749.02 507.00
749.00 507.02
748.02 508.00
748.02 509.00
748.02 510.00
748.00 510.02
747.02 511.00
747.02 512.00
747.00 512.02
746.02 513.00
746.02 514.00
746.00 514.02
745.02 515.00
745.02 516.00
745.00 516.02
744.02 517.00
744.00 517.02
743.02 518.00
743.00 518.02
742.02 519.00
742.02 520.00
742.00 520.02
741.02 521.00
741.00 521.02
740.02 522.00
740.02 523.00
740.00 523.02
739.02 524.00
739.02 525.00
739.00 525.02
738.02 526.00
738.02 527.00
738.02 528.00
738.00 528.02
737.02 529.00
737.02 530.00
737.02 531.00
737.02 532.00
737.02 533.00
737.02 534.00
737.02 535.00
737.02 536.00
737.02 537.00
737.02 538.00
738.00 538.98
738.02 539.00
738.02 540.00
738.02 541.00
738.02 542.00
739.00 542.98
739.02 543.00
739.02 544.00
739.02 545.00
740.00 545.98
740.02 546.00
740.02 547.00
741.00 547.98
741.02 548.00
741.02 549.00
742.00 549.98
742.02 550.00
743.00 550.98
743.02 551.00
744.00 551.98
744.02 552.00
745.00 552.98
745.02 553.00
746.00 553.98
746.02 554.00
747.00 554.98
747.02 555.00
748.00 555.98
749.00 555.98
749.02 556.00
750.00 556.98
751.00 556.98
751.02 557.00
752.00 557.98
753.00 557.98
753.02 558.00
754.00 558.98
755.00 558.98
755.02 559.00
756.00 559.98
757.00 559.98
758.00 559.98
759.00 559.98
760.00 559.98
761.00 559.98
762.00 559.98
763.00 559.98
764.00 559.98
764.98 559.00
765.00 558.98
766.00 558.98
767.00 558.98
767.98 558.00
768.00 557.98
769.00 557.98
770.00 557.98
770.98 557.00
771.00 556.98
771.98 556.00
772.00 555.98
773.00 555.98
773.98 555.00
774.00 554.98
775.00 554.98
775.98 554.00
776.00 553.98
776.98 553.00
777.00 552.98
777.98 552.00
778.00 551.98
778.98 551.00
779.00 550.98
779.98 550.00
780.00 549.98
780.98 549.00
781.00 548.98
781.98 548.00
782.00 547.98
782.98 547.00
782.98 546.00
782.98 545.00
783.00 544.98
783.98 544.00
783.98 543.00
783.98 542.00
784.00 541.98
784.98 541.00
784.98 540.00
784.98 539.00
784.98 538.00
785.00 537.98
785.98 537.00
785.98 536.00
785.98 535.00
785.98 534.00
785.98 533.00
785.98 532.00
786.00 531.98
786.98 531.00

Contour 20:
950.98 734.00
950.98 733.00
950.98 732.00
950.98 731.00
950.98 730.00
950.98 729.00
950.98 728.00
950.98 727.00
950.98 726.00
950.98 725.00
950.98 724.00
950.98 723.00
950.98 722.00
950.00 721.02
949.98 721.00
949.98 720.00
949.98 719.00
949.98 718.00
949.00 717.02
948.98 717.00
948.98 716.00
948.00 715.02
947.98 715.00
947.98 714.00
947.98 713.00
947.00 712.02
946.98 712.00
946.00 711.02
945.98 711.00
945.00 710.02
944.98 710.00
944.98 709.00
944.00 708.02
943.98 708.00
943.00 707.02
942.98 707.00
942.00 706.02
941.98 706.00
941.00 705.02
940.98 705.00
940.00 704.02
939.98 704.00
939.00 703.02
938.98 703.00
938.00 702.02
937.00 702.02
936.98 702.00
936.00 701.02
935.00 701.02
934.98 701.00
934.00 700.02
933.98 700.00
933.00 699.02
932.00 699.02
931.98 699.00
931.00 698.02
930.00 698.02
929.98 698.00
929.00 697.02
928.00 697.02
927.98 697.00
927.00 696.02
926.00 696.02
925.98 696.00
925.00 695.02
924.00 695.02
923.98 695.00
923.00 694.02
922.00 694.02
921.00 694.02
920.00 694.02
919.98 694.00
919.00 693.02
918.00 693.02
917.00 693.02
916.00 693.02
915.00 693.02
914.00 693.02
913.00 693.02
912.00 693.02
911.00 693.02
910.00 693.02
909.02 694.00
909.00 694.02
908.00 694.02
907.00 694.02
906.02 695.00
906.00 695.02
905.00 695.02
904.00 695.02
903.02 696.00
903.00 696.02
902.00 696.02
901.02 697.00
901.00 697.02
900.02 698.00
900.00 698.02
899.00 698.02
898.02 699.00
898.00 699.02
897.02 700.00
897.00 700.02
896.02 701.00
896.00 701.02
895.02 702.00
895.00 702.02
894.02 703.00
894.02 704.00
894.00 704.02
893.02 705.00
893.02 706.00
893.00 706.02
892.02 707.00
892.02 708.00
892.00 708.02
891.02 709.00
891.02 710.00
891.02 711.00
891.02 712.00
891.02 713.00
891.02 714.00
891.02 715.00
891.02 716.00
891.02 717.00
891.02 718.00
891.02 719.00
891.02 720.00
891.02 721.00
891.02 722.00
891.02 723.00
892.00 723.98
892.02 724.00
892.02 725.00
892.02 726.00
892.02 727.00
892.02 728.00
892.02 729.00
892.02 730.00
892.02 731.00
892.02 732.00
892.02 733.00
893.00 733.98
893.02 734.00
893.02 735.00
893.02 736.00
893.02 737.00
894.00 737.98
894.02 738.00
894.02 739.00
894.02 740.00
895.00 740.98
895.02 741.00
895.02 742.00
896.00 742.98
896.02 743.00
897.00 743.98
897.02 744.00
897.02 745.00
898.00 745.98
898.02 746.00
899.00 746.98
899.02 747.00
900.00 747.98
900.02 748.00
901.00 748.98
901.02 749.00
902.00 749.98
902.02 750.00
903.00 750.98
903.02 751.00
904.00 751.98
905.00 751.98
905.02 752.00
906.00 752.98
906.02 753.00
907.00 753.98
908.00 753.98
908.02 754.00
909.00 754.98
910.00 754.98
910.02 755.00
911.00 755.98
912.00 755.98
912.02 756.00
913.00 756.98
914.00 756.98
914.02 757.00
915.00 757.98
916.00 757.98
917.00 757.98
918.00 757.98
919.00 757.98
919.02 758.00
920.00 758.98
921.00 758.98
922.00 758.98
923.00 758.98
924.00 758.98
925.00 758.98
926.00 758.98
927.00 758.98
928.00 758.98
928.98 758.00
929.00 757.98
930.00 757.98
931.00 757.98
931.98 757.00
932.00 756.98
933.00 756.98
934.00 756.98
934.98 756.00
935.00 755.98
935.98 755.00
936.00 754.98
937.00 754.98
937.98 754.00
938.00 753.98
938.98 753.00
939.00 752.98
939.98 752.00
940.00 751.98
940.98 751.00
941.00 750.98
941.98 750.00
942.00 749.98
942.98 749.00
943.00 748.98
943.98 748.00
944.00 747.98
944.98 747.00
945.00 746.98
945.98 746.00
945.98 745.00
946.00 744.98
946.98 744.00
947.00 743.98
947.98 743.00
947.98 742.00
948.00 741.98
948.98 741.00
948.98 740.00
948.98 739.00
949.00 738.98
949.98 738.00
949.98 737.00
949.98 736.00
949.98 735.00
950.00 734.98
950.98 734.00

