Contour 0:
6.50 0.00
6.00 0.50
5.00 0.50
4.50 1.00
4.00 1.50
3.00 1.50
2.00 1.50
1.50 2.00
1.00 2.50
0.50 3.00
0.50 4.00
0.00 4.50

Contour 1:
0.00 12.50
0.50 13.00
1.00 13.50
1.50 14.00
2.00 14.50
3.00 14.50
4.00 14.50
5.00 14.50
6.00 14.50
7.00 14.50
7.50 14.00
8.00 13.50
8.50 13.00
9.00 12.50
9.50 12.00
9.50 11.00
10.00 10.50
10.50 10.00
11.00 9.50
11.50 9.00
12.00 8.50
12.50 8.00
12.50 7.00
12.50 6.00
12.50 5.00
12.50 4.00
12.50 3.00
12.50 2.00
12.00 1.50
11.50 1.00
11.00 0.50
10.50 0.00

Contour 2:
71.75 577.00
71.75 576.00
71.75 575.00
71.75 574.00
71.75 573.00
71.75 572.00
71.75 571.00
71.75 570.00
71.75 569.00
71.75 568.00
71.75 567.00
71.00 566.25
70.75 566.00
70.75 565.00
70.75 564.00
70.00 563.25
69.75 563.00
69.75 562.00
69.75 561.00
69.75 560.00
69.00 559.25
68.75 559.00
68.75 558.00
68.00 557.25
67.75 557.00
67.75 556.00
67.00 555.25
66.75 555.00
66.00 554.25
65.75 554.00
65.00 553.25
64.75 553.00
64.75 552.00
64.00 551.25
63.75 551.00
63.00 550.25
62.75 550.00
62.00 549.25
61.75 549.00
61.00 548.25
60.00 548.25
59.75 548.00
59.00 547.25
58.75 547.00
58.00 546.25
57.75 546.00
57.00 545.25
56.00 545.25
55.75 545.00
55.00 544.25
54.00 544.25
53.00 544.25
52.75 544.00
52.00 543.25
51.00 543.25
50.00 543.25
49.75 543.00
49.00 542.25
48.00 542.25
47.00 542.25
46.75 542.00
46.00 541.25
45.00 541.25
44.00 541.25
43.00 541.25
42.00 541.25
41.00 541.25
40.00 541.25
39.00 541.25
38.00 541.25
37.00 541.25
36.00 541.25
35.00 541.25
34.00 541.25
33.25 542.00
33.00 542.25
32.00 542.25
31.00 542.25
30.25 543.00
30.00 543.25
29.00 543.25
28.25 544.00
28.00 544.25
27.00 544.25
26.00 544.25
25.25 545.00
25.00 545.25
24.25 546.00
24.00 546.25
23.25 547.00
23.00 547.25
22.25 548.00
22.00 548.25
21.25 549.00
21.00 549.25
20.25 550.00
20.00 550.25
19.25 551.00
19.00 551.25
18.25 552.00
18.00 552.25
17.25 553.00
17.25 554.00
17.00 554.25
16.25 555.00
16.25 556.00
16.00 556.25
15.25 557.00
15.25 558.00
15.00 558.25
14.25 559.00
14.25 560.00
14.25 561.00
14.00 561.25
13.25 562.00
13.25 563.00
13.25 564.00
13.25 565.00
13.25 566.00
13.25 567.00
13.25 568.00
13.25 569.00
13.00 569.25
12.25 570.00
12.25 571.00
12.25 572.00
12.25 573.00
13.00 573.75
13.25 574.00
13.25 575.00
13.25 576.00
13.25 577.00
13.25 578.00
13.25 579.00
14.00 579.75
14.25 580.00
14.25 581.00
14.25 582.00
14.25 583.00
15.00 583.75
15.25 584.00
15.25 585.00
16.00 585.75
16.25 586.00
16.25 587.00
16.25 588.00
17.00 588.75
17.25 589.00
18.00 589.75
18.25 590.00
18.25 591.00
19.00 591.75
19.25 592.00
19.25 593.00
20.00 593.75
20.25 594.00
21.00 594.75
21.25 595.00
21.25 596.00
22.00 596.75
22.25 597.00
23.00 597.75
23.25 598.00
24.00 598.75
24.25 599.00
25.00 599.75
26.00 599.75
26.25 600.00
27.00 600.75
28.00 600.75
29.00 600.75
29.25 601.00
30.00 601.75
31.00 601.75
32.00 601.75
32.25 602.00
33.00 602.75
34.00 602.75
35.00 602.75
35.25 603.00
36.00 603.75
37.00 603.75
38.00 603.75
38.25 604.00
39.00 604.75
40.00 604.75
41.00 604.75
42.00 604.75
42.75 604.00
43.00 603.75
44.00 603.75
45.00 603.75
46.00 603.75
47.00 603.75
48.00 603.75
48.75 603.00
49.00 602.75
50.00 602.75
51.00 602.75
51.75 602.00
52.00 601.75
53.00 601.75
54.00 601.75
54.75 601.00
55.00 600.75
56.00 600.75
56.75 600.00
57.00 599.75
57.75 599.00
58.00 598.75
59.00 598.75
59.75 598.00
60.00 597.75
60.75 597.00
60.75 596.00
61.00 595.75
61.75 595.00
62.00 594.75
62.75 594.00
63.00 593.75
63.75 593.00
64.00 592.75
64.75 592.00
64.75 591.00
65.00 590.75
65.75 590.00
66.00 589.75
66.75 589.00
66.75 588.00
67.00 587.75
67.75 587.00
67.75 586.00
68.00 585.75
68.75 585.00
68.75 584.00
69.00 583.75
69.75 583.00
69.75 582.00
70.00 581.75
70.75 581.00
70.75 580.00
70.75 579.00
70.75 578.00
71.00 577.75
71.75 577.00

Contour 3:
134.83 225.00
134.83 224.00
134.83 223.00
134.83 222.00
134.83 221.00
134.83 220.00
134.83 219.00
134.83 218.00
134.83 217.00
134.83 216.00
134.83 215.00
134.00 214.17
133.83 214.00
133.83 213.00
133.00 212.17
132.83 212.00
132.83 211.00
132.00 210.17
131.83 210.00
131.83 209.00
131.00 208.17
130.83 208.00
130.83 207.00
130.83 206.00
130.00 205.17
129.83 205.00
129.00 204.17
128.83 204.00
128.83 203.00
128.00 202.17
127.83 202.00
127.00 201.17
126.83 201.00
126.00 200.17
125.83 200.00
125.00 199.17
124.83 199.00
124.00 198.17
123.83 198.00
123.00 197.17
122.83 197.00
122.00 196.17
121.83 196.00
121.00 195.17
120.83 195.00
120.00 194.17
119.83 194.00
119.00 193.17
118.00 193.17
117.83 193.00
117.00 192.17
116.00 192.17
115.83 192.00
115.00 191.17
114.00 191.17
113.83 191.00
113.00 190.17
112.00 190.17
111.00 190.17
110.83 190.00
110.00 189.17
109.00 189.17
108.00 189.17
107.83 189.00
107.00 188.17
106.00 188.17
105.00 188.17
104.00 188.17
103.00 188.17
102.00 188.17
101.00 188.17
100.83 188.00
100.00 187.17
99.00 187.17
98.00 187.17
97.00 187.17
96.00 187.17
95.00 187.17
94.00 187.17
93.00 187.17
92.00 187.17
91.00 187.17
90.17 188.00
90.00 188.17
89.00 188.17
88.00 188.17
87.00 188.17
86.00 188.17
85.17 189.00
85.00 189.17
84.00 189.17
83.00 189.17
82.17 190.00
82.00 190.17
81.00 190.17
80.17 191.00
80.00 191.17
79.00 191.17
78.00 191.17
77.17 192.00
77.00 192.17
76.00 192.17
75.17 193.00
75.00 193.17
74.00 193.17
73.17 194.00
73.00 194.17
72.17 195.00
72.00 195.17
71.17 196.00
71.00 196.17
70.17 197.00
70.00 197.17
69.17 198.00
69.00 198.17
68.17 199.00
68.00 199.17
67.17 200.00
67.17 201.00
67.00 201.17
66.17 202.00
66.17 203.00
66.00 203.17
65.17 204.00
65.17 205.00
65.00 205.17
64.17 206.00
64.17 207.00
64.00 207.17
63.17 208.00
63.17 209.00
63.00 209.17
62.17 210.00
62.17 211.00
62.17 212.00
62.00 212.17
61.17 213.00
61.17 214.00
61.17 215.00
61.17 216.00
61.00 216.17
60.17 217.00
60.17 218.00
60.17 219.00
60.17 220.00
60.17 221.00
60.17 222.00
60.17 223.00
60.17 224.00
60.17 225.00
60.17 226.00
61.00 226.83
61.17 227.00
61.17 228.00
61.17 229.00
61.17 230.00
61.17 231.00
62.00 231.83
62.17 232.00
62.17 233.00
63.00 233.83
63.17 234.00
63.17 235.00
63.17 236.00
64.00 236.83
64.17 237.00
65.00 237.83
65.17 238.00
65.17 239.00
66.00 239.83
66.17 240.00
67.00 240.83
67.17 241.00
67.17 242.00
68.00 242.83
68.17 243.00
69.00 243.83
69.17 244.00
70.00 244.83
70.17 245.00
71.00 245.83
72.00 245.83
72.17 246.00
73.00 246.83
74.00 246.83
74.17 247.00
75.00 247.83
75.17 248.00
76.00 248.83
77.00 248.83
77.17 249.00
78.00 249.83
79.00 249.83
80.00 249.83
80.17 250.00
81.00 250.83
82.00 250.83
83.00 250.83
84.00 250.83
84.17 251.00
85.00 251.83
86.00 251.83
87.00 251.83
88.00 251.83
89.00 251.83
90.00 251.83
91.00 251.83
92.00 251.83
93.00 251.83
93.83 251.00
94.00 250.83
95.00 250.83
96.00 250.83
97.00 250.83
98.00 250.83
99.00 250.83
99.83 250.00
100.00 249.83
101.00 249.83
101.83 249.00
102.00 248.83
103.00 248.83
103.83 248.00
104.00 247.83
105.00 247.83
106.00 247.83
107.00 247.83
107.83 247.00
108.00 246.83
109.00 246.83
110.00 246.83
110.83 246.00
111.00 245.83
112.00 245.83
112.83 245.00
113.00 244.83
114.00 244.83
114.83 244.00
115.00 243.83
115.83 243.00
116.00 242.83
117.00 242.83
117.83 242.00
118.00 241.83
119.00 241.83
119.83 241.00
120.00 240.83
121.00 240.83
122.00 240.83
122.83 240.00
123.00 239.83
123.83 239.00
124.00 238.83
125.00 238.83
125.83 238.00
126.00 237.83
126.83 237.00
127.00 236.83
127.83 236.00
128.00 235.83
128.83 235.00
129.00 234.83
129.83 234.00
130.00 233.83
130.83 233.00
131.00 232.83
131.83 232.00
131.83 231.00
132.00 230.83
132.83 230.00
132.83 229.00
133.00 228.83
133.83 228.00
133.83 227.00
133.83 226.00
134.00 225.83
134.83 225.00

Contour 4:
216.88 107.00
216.88 106.00
216.88 105.00
216.88 104.00
216.88 103.00
216.88 102.00
216.88 101.00
216.88 100.00
216.88 99.00
216.88 98.00
216.88 97.00
216.88 96.00
216.88 95.00
216.88 94.00
216.88 93.00
216.00 92.12
215.88 92.00
215.88 91.00
215.88 90.00
215.88 89.00
215.88 88.00
215.00 87.12
214.88 87.00
214.88 86.00
214.00 85.12
213.88 85.00
213.88 84.00
213.88 83.00
213.00 82.12
212.88 82.00
212.88 81.00
212.00 80.12
211.88 80.00
211.88 79.00
211.00 78.12
210.88 78.00
210.00 77.12
209.88 77.00
209.88 76.00
209.00 75.12
208.88 75.00
208.00 74.12
207.88 74.00
207.88 73.00
207.00 72.12
206.88 72.00
206.00 71.12
205.88 71.00
205.00 70.12
204.88 70.00
204.00 69.12
203.88 69.00
203.00 68.12
202.88 68.00
202.00 67.12
201.88 67.00
201.00 66.12
200.88 66.00
200.00 65.12
199.88 65.00
199.00 64.12
198.00 64.12
197.88 64.00
197.00 63.12
196.00 63.12
195.88 63.00
195.00 62.12
194.88 62.00
194.00 61.12
193.00 61.12
192.00 61.12
191.88 61.00
191.00 60.12
190.88 60.00
190.00 59.12
189.00 59.12
188.00 59.12
187.88 59.00
187.00 58.12
186.88 58.00
186.00 57.12
185.00 57.12
184.88 57.00
184.00 56.12
183.00 56.12
182.00 56.12
181.88 56.00
181.00 55.12
180.00 55.12
179.00 55.12
178.00 55.12
177.00 55.12
176.88 55.00
176.00 54.12
175.00 54.12
174.00 54.12
173.00 54.12
172.00 54.12
171.00 54.12
170.88 54.00
170.00 53.12
169.00 53.12
168.00 53.12
167.00 53.12
166.00 53.12
165.12 54.00
165.00 54.12
164.00 54.12
163.00 54.12
162.00 54.12
161.00 54.12
160.12 55.00
160.00 55.12
159.00 55.12
158.12 56.00
158.00 56.12
157.00 56.12
156.00 56.12
155.12 57.00
155.00 57.12
154.12 58.00
154.00 58.12
153.00 58.12
152.12 59.00
152.00 59.12
151.12 60.00
151.00 60.12
150.12 61.00
150.12 62.00
150.00 62.12
149.12 63.00
149.00 63.12
148.12 64.00
148.00 64.12
147.12 65.00
147.12 66.00
147.00 66.12
146.12 67.00
146.12 68.00
146.00 68.12
145.12 69.00
145.12 70.00
145.00 70.12
144.12 71.00
144.12 72.00
144.12 73.00
144.00 73.12
143.12 74.00
143.00 74.12
142.12 75.00
142.12 76.00
142.12 77.00
142.00 77.12
141.12 78.00
141.12 79.00
141.00 79.12
140.12 80.00
140.12 81.00
140.00 81.12
139.12 82.00
139.12 83.00
139.12 84.00
139.12 85.00
139.12 86.00
139.00 86.12
138.12 87.00
138.12 88.00
138.12 89.00
138.12 90.00
138.12 91.00
138.12 92.00
138.12 93.00
138.12 94.00
138.12 95.00
138.12 96.00
138.12 97.00
138.12 98.00
138.12 99.00
139.00 99.88
139.12 100.00
139.12 101.00
139.12 102.00
140.00 102.88
140.12 103.00
140.12 104.00
141.00 104.88
141.12 105.00
141.12 106.00
142.00 106.88
142.12 107.00
142.12 108.00
143.00 108.88
143.12 109.00
143.12 110.00
144.00 110.88
144.12 111.00
144.12 112.00
145.00 112.88
145.12 113.00
146.00 113.88
146.12 114.00
146.12 115.00
147.00 115.88
147.12 116.00
148.00 116.88
148.12 117.00
149.00 117.88
149.12 118.00
150.00 118.88
150.12 119.00
151.00 119.88
151.12 120.00
152.00 120.88
152.12 121.00
153.00 121.88
153.12 122.00
154.00 122.88
154.12 123.00
155.00 123.88
155.12 124.00
156.00 124.88
157.00 124.88
157.12 125.00
158.00 125.88
158.12 126.00
159.00 126.88
159.12 127.00
160.00 127.88
161.00 127.88
161.12 128.00
162.00 128.88
163.00 128.88
163.12 129.00
164.00 129.88
165.00 129.88
166.00 129.88
166.12 130.00
167.00 130.88
168.00 130.88
169.00 130.88
170.00 130.88
170.12 131.00
171.00 131.88
172.00 131.88
172.12 132.00
173.00 132.88
174.00 132.88
175.00 132.88
175.12 133.00
176.00 133.88
177.00 133.88
178.00 133.88
179.00 133.88
179.12 134.00
180.00 134.88
181.00 134.88
182.00 134.88
183.00 134.88
184.00 134.88
185.00 134.88
186.00 134.88
187.00 134.88
188.00 134.88
189.00 134.88
189.88 134.00
190.00 133.88
191.00 133.88
192.00 133.88
193.00 133.88
194.00 133.88
194.88 133.00
195.00 132.88
196.00 132.88
197.00 132.88
197.88 132.00
198.00 131.88
199.00 131.88
199.88 131.00
200.00 130.88
201.00 130.88
201.88 130.00
202.00 129.88
203.00 129.88
204.00 129.88
204.88 129.00
205.00 128.88
205.88 128.00
206.00 127.88
206.88 127.00
207.00 126.88
207.88 126.00
208.00 125.88
208.88 125.00
209.00 124.88
209.88 124.00
210.00 123.88
210.88 123.00
211.00 122.88
211.88 122.00
212.00 121.88
212.88 121.00
212.88 120.00
213.00 119.88
213.88 119.00
213.88 118.00
213.88 117.00
214.00 116.88
214.88 116.00
214.88 115.00
214.88 114.00
215.00 113.88
215.88 113.00
215.88 112.00
215.88 111.00
215.88 110.00
215.88 109.00
215.88 108.00
216.00 107.88
216.88 107.00

Contour 5:
212.90 828.00
212.90 827.00
212.90 826.00
212.90 825.00
212.90 824.00
212.90 823.00
212.90 822.00
212.90 821.00
212.90 820.00
212.90 819.00
212.90 818.00
212.90 817.00
212.90 816.00
212.00 815.10
211.90 815.00
211.90 814.00
211.90 813.00
211.00 812.10
210.90 812.00
210.90 811.00
210.00 810.10
209.90 810.00
209.00 809.10
208.90 809.00
208.90 808.00
208.00 807.10
207.90 807.00
207.00 806.10
206.90 806.00
206.00 805.10
205.90 805.00
205.00 804.10
204.90 804.00
204.00 803.10
203.90 803.00
203.00 802.10
202.00 802.10
201.90 802.00
201.00 801.10
200.90 801.00
200.00 800.10
199.00 800.10
198.90 800.00
198.00 799.10
197.00 799.10
196.90 799.00
196.00 798.10
195.00 798.10
194.90 798.00
194.00 797.10
193.00 797.10
192.00 797.10
191.90 797.00
191.00 796.10
190.00 796.10
189.00 796.10
188.00 796.10
187.00 796.10
186.00 796.10
185.00 796.10
184.00 796.10
183.00 796.10
182.00 796.10
181.00 796.10
180.00 796.10
179.10 797.00
179.00 797.10
178.00 797.10
177.00 797.10
176.00 797.10
175.10 798.00
175.00 798.10
174.00 798.10
173.10 799.00
173.00 799.10
172.00 799.10
171.00 799.10
170.10 800.00
170.00 800.10
169.00 800.10
168.10 801.00
168.00 801.10
167.00 801.10
166.10 802.00
166.00 802.10
165.10 803.00
165.00 803.10
164.10 804.00
164.00 804.10
163.00 804.10
162.10 805.00
162.00 805.10
161.10 806.00
161.00 806.10
160.10 807.00
160.00 807.10
159.10 808.00
159.00 808.10
158.10 809.00
158.00 809.10
157.10 810.00
157.00 810.10
156.10 811.00
156.00 811.10
155.10 812.00
155.10 813.00
155.00 813.10
154.10 814.00
154.00 814.10
153.10 815.00
153.10 816.00
153.10 817.00
153.00 817.10
152.10 818.00
152.10 819.00
152.10 820.00
152.00 820.10
151.10 821.00
151.10 822.00
151.10 823.00
151.10 824.00
151.10 825.00
151.10 826.00
151.00 826.10
150.10 827.00
150.10 828.00
150.10 829.00
150.10 830.00
150.10 831.00
150.10 832.00
150.10 833.00
150.10 834.00
150.10 835.00
150.10 836.00
150.10 837.00
150.10 838.00
151.00 838.90
151.10 839.00
151.10 840.00
151.10 841.00
151.10 842.00
151.10 843.00
152.00 843.90
152.10 844.00
152.10 845.00
153.00 845.90
153.10 846.00
153.10 847.00
154.00 847.90
154.10 848.00
154.10 849.00
155.00 849.90
155.10 850.00
156.00 850.90
156.10 851.00
156.10 852.00
157.00 852.90
158.00 852.90
158.10 853.00
159.00 853.90
159.10 854.00
160.00 854.90
160.10 855.00
161.00 855.90
161.10 856.00
162.00 856.90
163.00 856.90
163.10 857.00
164.00 857.90
165.00 857.90
165.10 858.00
166.00 858.90
167.00 858.90
167.10 859.00
168.00 859.90
169.00 859.90
169.10 860.00
170.00 860.90
171.00 860.90
172.00 860.90
173.00 860.90
174.00 860.90
175.00 860.90
176.00 860.90
177.00 860.90
177.90 860.00
178.00 859.90
179.00 859.90
180.00 859.90
181.00 859.90
181.90 859.00
182.00 858.90
183.00 858.90
184.00 858.90
185.00 858.90
185.90 858.00
186.00 857.90
187.00 857.90
188.00 857.90
188.90 857.00
189.00 856.90
190.00 856.90
190.90 856.00
191.00 855.90
192.00 855.90
192.90 855.00
193.00 854.90
194.00 854.90
194.90 854.00
195.00 853.90
195.90 853.00
196.00 852.90
197.00 852.90
197.90 852.00
198.00 851.90
198.90 851.00
199.00 850.90
199.90 850.00
200.00 849.90
200.90 849.00
201.00 848.90
201.90 848.00
202.00 847.90
202.90 847.00
203.00 846.90
203.90 846.00
204.00 845.90
204.90 845.00
205.00 844.90
205.90 844.00
206.00 843.90
206.90 843.00
206.90 842.00
207.00 841.90
207.90 841.00
208.00 840.90
208.90 840.00
208.90 839.00
208.90 838.00
209.00 837.90
209.90 837.00
209.90 836.00
210.00 835.90
210.90 835.00
210.90 834.00
210.90 833.00
211.00 832.90
211.90 832.00
211.90 831.00
211.90 830.00
211.90 829.00
212.00 828.90
212.90 828.00

Contour 6:
329.92 396.00
329.92 395.00
329.92 394.00
329.92 393.00
329.92 392.00
329.92 391.00
329.92 390.00
329.92 389.00
329.92 388.00
329.92 387.00
329.92 386.00
329.92 385.00
329.92 384.00
329.92 383.00
329.00 382.08
328.92 382.00
328.92 381.00
328.00 380.08
327.92 380.00
327.92 379.00
327.00 378.08
326.92 378.00
326.92 377.00
326.00 376.08
325.92 376.00
325.00 375.08
324.92 375.00
324.00 374.08
323.92 374.00
323.92 373.00
323.00 372.08
322.92 372.00
322.00 371.08
321.92 371.00
321.00 370.08
320.92 370.00
320.00 369.08
319.00 369.08
318.92 369.00
318.00 368.08
317.92 368.00
317.00 367.08
316.00 367.08
315.92 367.00
315.00 366.08
314.92 366.00
314.00 365.08
313.00 365.08
312.92 365.00
312.00 364.08
311.00 364.08
310.00 364.08
309.92 364.00
309.00 363.08
308.00 363.08
307.00 363.08
306.00 363.08
305.92 363.00
305.00 362.08
304.00 362.08
303.00 362.08
302.00 362.08
301.00 362.08
300.00 362.08
299.08 363.00
299.00 363.08
298.00 363.08
297.00 363.08
296.00 363.08
295.08 364.00
295.00 364.08
294.00 364.08
293.00 364.08
292.08 365.00
292.00 365.08
291.00 365.08
290.00 365.08
289.08 366.00
289.00 366.08
288.00 366.08
287.08 367.00
287.00 367.08
286.00 367.08
285.08 368.00
285.00 368.08
284.00 368.08
283.08 369.00
283.00 369.08
282.08 370.00
282.00 370.08
281.00 370.08
280.08 371.00
280.00 371.08
279.08 372.00
279.00 372.08
278.08 373.00
278.00 373.08
277.08 374.00
277.00 374.08
276.08 375.00
276.00 375.08
275.08 376.00
275.00 376.08
274.08 377.00
274.00 377.08
273.08 378.00
273.00 378.08
272.08 379.00
272.08 380.00
272.00 380.08
271.08 381.00
271.08 382.00
271.00 382.08
270.08 383.00
270.08 384.00
270.08 385.00
270.08 386.00
270.00 386.08
269.08 387.00
269.08 388.00
269.08 389.00
269.08 390.00
269.08 391.00
269.08 392.00
269.08 393.00
269.00 393.08
268.08 394.00
268.08 395.00
268.08 396.00
268.08 397.00
268.08 398.00
268.08 399.00
268.08 400.00
269.00 400.92
269.08 401.00
269.08 402.00
269.08 403.00
269.08 404.00
269.08 405.00
270.00 405.92
270.08 406.00
270.08 407.00
270.08 408.00
271.00 408.92
271.08 409.00
271.08 410.00
271.08 411.00
272.00 411.92
272.08 412.00
272.08 413.00
272.08 414.00
273.00 414.92
273.08 415.00
273.08 416.00
274.00 416.92
274.08 417.00
274.08 418.00
275.00 418.92
275.08 419.00
276.00 419.92
276.08 420.00
277.00 420.92
277.08 421.00
278.00 421.92
278.08 422.00
279.00 422.92
279.08 423.00
280.00 423.92
280.08 424.00
281.00 424.92
282.00 424.92
282.08 425.00
283.00 425.92
283.08 426.00
284.00 426.92
284.08 427.00
285.00 427.92
286.00 427.92
286.08 428.00
287.00 428.92
288.00 428.92
288.08 429.00
289.00 429.92
290.00 429.92
290.08 430.00
291.00 430.92
292.00 430.92
293.00 430.92
293.08 431.00
294.00 431.92
295.00 431.92
296.00 431.92
297.00 431.92
298.00 431.92
299.00 431.92
300.00 431.92
301.00 431.92
302.00 431.92
303.00 431.92
303.92 431.00
304.00 430.92
305.00 430.92
306.00 430.92
307.00 430.92
307.92 430.00
308.00 429.92
309.00 429.92
309.92 429.00
310.00 428.92
311.00 428.92
311.92 428.00
312.00 427.92
312.92 427.00
313.00 426.92
313.92 426.00
314.00 425.92
315.00 425.92
315.92 425.00
316.00 424.92
316.92 424.00
317.00 423.92
317.92 423.00
317.92 422.00
318.00 421.92
318.92 421.00
318.92 420.00
319.00 419.92
319.92 419.00
319.92 418.00
320.00 417.92
320.92 417.00
320.92 416.00
321.00 415.92
321.92 415.00
321.92 414.00
322.00 413.92
322.92 413.00
322.92 412.00
323.00 411.92
323.92 411.00
323.92 410.00
324.00 409.92
324.92 409.00
324.92 408.00
325.00 407.92
325.92 407.00
326.00 406.92
326.92 406.00
326.92 405.00
326.92 404.00
327.00 403.92
327.92 403.00
327.92 402.00
327.92 401.00
328.00 400.92
328.92 400.00
328.92 399.00
328.92 398.00
328.92 397.00
329.00 396.92
329.92 396.00

Contour 7:
366.93 501.00
366.93 500.00
366.93 499.00
366.93 498.00
366.93 497.00
366.93 496.00
366.93 495.00
366.93 494.00
366.93 493.00
366.93 492.00
366.93 491.00
366.00 490.07
365.93 490.00
365.93 489.00
365.93 488.00
365.00 487.07
364.93 487.00
364.93 486.00
364.93 485.00
364.00 484.07
363.93 484.00
363.00 483.07
362.93 483.00
362.93 482.00
362.00 481.07
361.93 481.00
361.00 480.07
360.93 480.00
360.00 479.07
359.93 479.00
359.00 478.07
358.93 478.00
358.00 477.07
357.93 477.00
357.00 476.07
356.93 476.00
356.00 475.07
355.93 475.00
355.00 474.07
354.93 474.00
354.00 473.07
353.00 473.07
352.93 473.00
352.00 472.07
351.00 472.07
350.93 472.00
350.00 471.07
349.00 471.07
348.00 471.07
347.00 471.07
346.93 471.00
346.00 470.07
345.00 470.07
344.00 470.07
343.00 470.07
342.00 470.07
341.00 470.07
340.00 470.07
339.00 470.07
338.07 471.00
338.00 471.07
337.00 471.07
336.00 471.07
335.00 471.07
334.00 471.07
333.07 472.00
333.00 472.07
332.00 472.07
331.00 472.07
330.00 472.07
329.00 472.07
328.07 473.00
328.00 473.07
327.00 473.07
326.00 473.07
325.07 474.00
325.00 474.07
324.00 474.07
323.00 474.07
322.07 475.00
322.00 475.07
321.00 475.07
320.07 476.00
320.00 476.07
319.00 476.07
318.00 476.07
317.07 477.00
317.00 477.07
316.00 477.07
315.00 477.07
314.07 478.00
314.00 478.07
313.00 478.07
312.00 478.07
311.07 479.00
311.00 479.07
310.00 479.07
309.07 480.00
309.00 480.07
308.00 480.07
307.07 481.00
307.00 481.07
306.07 482.00
306.00 482.07
305.07 483.00
305.00 483.07
304.07 484.00
304.00 484.07
303.07 485.00
303.00 485.07
302.07 486.00
302.07 487.00
302.00 487.07
301.07 488.00
301.07 489.00
301.07 490.00
301.07 491.00
301.00 491.07
300.07 492.00
300.07 493.00
300.07 494.00
300.07 495.00
300.07 496.00
301.00 496.93
301.07 497.00
301.07 498.00
301.07 499.00
301.07 500.00
301.07 501.00
302.00 501.93
302.07 502.00
302.07 503.00
303.00 503.93
303.07 504.00
303.07 505.00
304.00 505.93
304.07 506.00
304.07 507.00
305.00 507.93
305.07 508.00
306.00 508.93
306.07 509.00
307.00 509.93
307.07 510.00
308.00 510.93
308.07 511.00
309.00 511.93
309.07 512.00
310.00 512.93
310.07 513.00
311.00 513.93
312.00 513.93
312.07 514.00
313.00 514.93
313.07 515.00
314.00 515.93
315.00 515.93
315.07 516.00
316.00 516.93
317.00 516.93
317.07 517.00
318.00 517.93
319.00 517.93
319.07 518.00
320.00 518.93
321.00 518.93
322.00 518.93
322.07 519.00
323.00 519.93
324.00 519.93
325.00 519.93
326.00 519.93
326.07 520.00
327.00 520.93
328.00 520.93
329.00 520.93
330.00 520.93
331.00 520.93
332.00 520.93
333.00 520.93
334.00 520.93
335.00 520.93
336.00 520.93
337.00 520.93
338.00 520.93
339.00 520.93
340.00 520.93
341.00 520.93
342.00 520.93
343.00 520.93
343.93 520.00
344.00 519.93
345.00 519.93
346.00 519.93
347.00 519.93
348.00 519.93
348.93 519.00
349.00 518.93
350.00 518.93
351.00 518.93
351.93 518.00
352.00 517.93
353.00 517.93
353.93 517.00
354.00 516.93
355.00 516.93
355.93 516.00
356.00 515.93
357.00 515.93
357.93 515.00
358.00 514.93
358.93 514.00
359.00 513.93
359.93 513.00
360.00 512.93
360.93 512.00
361.00 511.93
361.93 511.00
362.00 510.93
362.93 510.00
363.00 509.93
363.93 509.00
363.93 508.00
364.00 507.93
364.93 507.00
364.93 506.00
365.00 505.93
365.93 505.00
365.93 504.00
365.93 503.00
365.93 502.00
366.00 501.93
366.93 501.00

Contour 8:
447.94 148.00
447.94 147.00
447.94 146.00
447.94 145.00
447.94 144.00
447.94 143.00
447.94 142.00
447.94 141.00
447.94 140.00
447.94 139.00
447.94 138.00
447.94 137.00
447.94 136.00
447.94 135.00
447.00 134.06
446.94 134.00
446.94 133.00
446.94 132.00
446.94 131.00
446.94 130.00
446.00 129.06
445.94 129.00
445.94 128.00
445.00 127.06
444.94 127.00
444.94 126.00
444.00 125.06
443.94 125.00
443.00 124.06
442.94 124.00
442.00 123.06
441.94 123.00
441.94 122.00
441.00 121.06
440.00 121.06
439.94 121.00
439.00 120.06
438.94 120.00
438.00 119.06
437.94 119.00
437.00 118.06
436.00 118.06
435.94 118.00
435.00 117.06
434.94 117.00
434.00 116.06
433.00 116.06
432.94 116.00
432.00 115.06
431.00 115.06
430.94 115.00
430.00 114.06
429.00 114.06
428.94 114.00
428.00 113.06
427.00 113.06
426.94 113.00
426.00 112.06
425.00 112.06
424.94 112.00
424.00 111.06
423.00 111.06
422.00 111.06
421.00 111.06
420.94 111.00
420.00 110.06
419.00 110.06
418.00 110.06
417.00 110.06
416.00 110.06
415.00 110.06
414.00 110.06
413.00 110.06
412.00 110.06
411.00 110.06
410.00 110.06
409.00 110.06
408.06 111.00
408.00 111.06
407.00 111.06
406.00 111.06
405.06 112.00
405.00 112.06
404.00 112.06
403.00 112.06
402.00 112.06
401.06 113.00
401.00 113.06
400.00 113.06
399.00 113.06
398.06 114.00
398.00 114.06
397.00 114.06
396.06 115.00
396.00 115.06
395.06 116.00
395.00 116.06
394.00 116.06
393.06 117.00
393.00 117.06
392.00 117.06
391.06 118.00
391.00 118.06
390.06 119.00
390.00 119.06
389.00 119.06
388.06 120.00
388.00 120.06
387.06 121.00
387.00 121.06
386.06 122.00
386.00 122.06
385.06 123.00
385.00 123.06
384.06 124.00
384.06 125.00
384.00 125.06
383.06 126.00
383.00 126.06
382.06 127.00
382.06 128.00
382.00 128.06
381.06 129.00
381.00 129.06
380.06 130.00
380.06 131.00
380.00 131.06
379.06 132.00
379.06 133.00
379.00 133.06
378.06 134.00
378.06 135.00
378.00 135.06
377.06 136.00
377.06 137.00
377.00 137.06
376.06 138.00
376.06 139.00
376.06 140.00
376.06 141.00
376.00 141.06
375.06 142.00
375.06 143.00
375.06 144.00
375.06 145.00
375.06 146.00
375.06 147.00
375.06 148.00
375.06 149.00
375.06 150.00
375.06 151.00
375.06 152.00
375.06 153.00
375.06 154.00
375.06 155.00
376.00 155.94
376.06 156.00
376.06 157.00
376.06 158.00
376.06 159.00
376.06 160.00
376.06 161.00
377.00 161.94
377.06 162.00
377.06 163.00
377.06 164.00
378.00 164.94
378.06 165.00
378.06 166.00
379.00 166.94
379.06 167.00
379.06 168.00
379.06 169.00
380.00 169.94
380.06 170.00
381.00 170.94
381.06 171.00
381.06 172.00
382.00 172.94
382.06 173.00
383.00 173.94
383.06 174.00
384.00 174.94
384.06 175.00
385.00 175.94
385.06 176.00
386.00 176.94
386.06 177.00
387.00 177.94
387.06 178.00
388.00 178.94
388.06 179.00
389.00 179.94
390.00 179.94
390.06 180.00
391.00 180.94
391.06 181.00
392.00 181.94
392.06 182.00
393.00 182.94
394.00 182.94
394.06 183.00
395.00 183.94
396.00 183.94
397.00 183.94
397.06 184.00
398.00 184.94
399.00 184.94
399.06 185.00
400.00 185.94
401.00 185.94
402.00 185.94
402.06 186.00
403.00 186.94
404.00 186.94
405.00 186.94
406.00 186.94
407.00 186.94
408.00 186.94
409.00 186.94
410.00 186.94
411.00 186.94
412.00 186.94
413.00 186.94
414.00 186.94
414.94 186.00
415.00 185.94
416.00 185.94
417.00 185.94
417.94 185.00
418.00 184.94
419.00 184.94
420.00 184.94
420.94 184.00
421.00 183.94
422.00 183.94
422.94 183.00
423.00 182.94
424.00 182.94
424.94 182.00
425.00 181.94
426.00 181.94
426.94 181.00
427.00 180.94
428.00 180.94
428.94 180.00
429.00 179.94
429.94 179.00
430.00 178.94
430.94 178.00
431.00 177.94
431.94 177.00
432.00 176.94
432.94 176.00
433.00 175.94
433.94 175.00
434.00 174.94
434.94 174.00
435.00 173.94
435.94 173.00
436.00 172.94
436.94 172.00
437.00 171.94
437.94 171.00
437.94 170.00
438.00 169.94
438.94 169.00
439.00 168.94
439.94 168.00
440.00 167.94
440.94 167.00
440.94 166.00
441.00 165.94
441.94 165.00
441.94 164.00
442.00 163.94
442.94 163.00
442.94 162.00
443.00 161.94
443.94 161.00
443.94 160.00
444.00 159.94
444.94 159.00
444.94 158.00
444.94 157.00
445.00 156.94
445.94 156.00
445.94 155.00
445.94 154.00
446.00 153.94
446.94 153.00
446.94 152.00
446.94 151.00
446.94 150.00
446.94 149.00
447.00 148.94
447.94 148.00

Contour 9:
487.94 249.00
487.94 248.00
487.94 247.00
487.94 246.00
487.94 245.00
487.94 244.00
487.94 243.00
487.94 242.00
487.94 241.00
487.94 240.00
487.94 239.00
487.94 238.00
487.94 237.00
487.94 236.00
487.94 235.00
487.94 234.00
487.94 233.00
487.94 232.00
487.00 231.06
486.94 231.00
486.94 230.00
486.94 229.00
486.00 228.06
485.94 228.00
485.94 227.00
485.00 226.06
484.94 226.00
484.00 225.06
483.94 225.00
483.94 224.00
483.00 223.06
482.94 223.00
482.00 222.06
481.94 222.00
481.00 221.06
480.94 221.00
480.00 220.06
479.94 220.00
479.00 219.06
478.94 219.00
478.00 218.06
477.00 218.06
476.94 218.00
476.00 217.06
475.00 217.06
474.94 217.00
474.00 216.06
473.00 216.06
472.00 216.06
471.94 216.00
471.00 215.06
470.00 215.06
469.00 215.06
468.00 215.06
467.94 215.00
467.00 214.06
466.00 214.06
465.00 214.06
464.00 214.06
463.00 214.06
462.00 214.06
461.94 214.00
461.00 213.06
460.00 213.06
459.00 213.06
458.06 214.00
458.00 214.06
457.94 214.00
457.00 213.06
456.00 213.06
455.00 213.06
454.00 213.06
453.00 213.06
452.00 213.06
451.06 214.00
451.00 214.06
450.00 214.06
449.00 214.06
448.00 214.06
447.00 214.06
446.00 214.06
445.06 215.00
445.00 215.06
444.00 215.06
443.00 215.06
442.00 215.06
441.06 216.00
441.00 216.06
440.00 216.06
439.00 216.06
438.06 217.00
438.00 217.06
437.00 217.06
436.06 218.00
436.00 218.06
435.00 218.06
434.00 218.06
433.06 219.00
433.00 219.06
432.00 219.06
431.00 219.06
430.06 220.00
430.00 220.06
429.00 220.06
428.06 221.00
428.00 221.06
427.00 221.06
426.00 221.06
425.06 222.00
425.00 222.06
424.06 223.00
424.00 223.06
423.00 223.06
422.06 224.00
422.00 224.06
421.06 225.00
421.00 225.06
420.00 225.06
419.06 226.00
419.00 226.06
418.06 227.00
418.00 227.06
417.06 228.00
417.00 228.06
416.00 228.06
415.06 229.00
415.00 229.06
414.06 230.00
414.00 230.06
413.06 231.00
413.00 231.06
412.06 232.00
412.00 232.06
411.06 233.00
411.00 233.06
410.06 234.00
410.00 234.06
409.00 234.06
408.06 235.00
408.00 235.06
407.06 236.00
407.06 237.00
407.00 237.06
406.06 238.00
406.00 238.06
405.06 239.00
405.00 239.06
404.06 240.00
404.06 241.00
404.00 241.06
403.06 242.00
403.00 242.06
402.06 243.00
402.06 244.00
402.06 245.00
402.00 245.06
401.06 246.00
401.06 247.00
401.06 248.00
401.00 248.06
400.06 249.00
400.06 250.00
400.06 251.00
400.06 252.00
400.06 253.00
400.06 254.00
400.00 254.06
399.06 255.00
399.06 256.00
400.00 256.94
400.06 257.00
400.06 258.00
400.06 259.00
400.06 260.00
400.06 261.00
400.06 262.00
400.06 263.00
401.00 263.94
401.06 264.00
401.06 265.00
402.00 265.94
402.06 266.00
402.06 267.00
402.06 268.00
403.00 268.94
403.06 269.00
404.00 269.94
404.06 270.00
404.06 271.00
405.00 271.94
405.06 272.00
406.00 272.94
406.06 273.00
407.00 273.94
407.06 274.00
408.00 274.94
408.06 275.00
409.00 275.94
409.06 276.00
410.00 276.94
410.06 277.00
411.00 277.94
411.06 278.00
412.00 278.94
413.00 278.94
413.06 279.00
414.00 279.94
415.00 279.94
415.06 280.00
416.00 280.94
417.00 280.94
417.06 281.00
418.00 281.94
419.00 281.94
420.00 281.94
420.06 282.00
421.00 282.94
422.00 282.94
423.00 282.94
423.06 283.00
424.00 283.94
425.00 283.94
426.00 283.94
427.00 283.94
427.06 284.00
428.00 284.94
429.00 284.94
430.00 284.94
431.00 284.94
432.00 284.94
433.00 284.94
434.00 284.94
435.00 284.94
436.00 284.94
437.00 284.94
438.00 284.94
439.00 284.94
440.00 284.94
441.00 284.94
442.00 284.94
442.94 284.00
443.00 283.94
444.00 283.94
445.00 283.94
445.94 283.00
446.00 282.94
447.00 282.94
448.00 282.94
449.00 282.94
450.00 282.94
450.94 282.00
451.00 281.94
452.00 281.94
453.00 281.94
454.00 281.94
454.94 281.00
455.00 280.94
456.00 280.94
456.94 280.00
457.00 279.94
458.00 279.94
459.00 279.94
459.94 279.00
460.00 278.94
461.00 278.94
462.00 278.94
462.94 278.00
463.00 277.94
464.00 277.94
464.94 277.00
465.00 276.94
465.94 276.00
466.00 275.94
466.94 275.00
467.00 274.94
467.94 274.00
468.00 273.94
468.94 273.00
469.00 272.94
470.00 272.94
470.94 272.00
471.00 271.94
471.94 271.00
472.00 270.94
472.94 270.00
473.00 269.94
474.00 269.94
474.94 269.00
475.00 268.94
475.94 268.00
476.00 267.94
476.94 267.00
477.00 266.94
477.94 266.00
478.00 265.94
478.94 265.00
478.94 264.00
479.00 263.94
479.94 263.00
480.00 262.94
480.94 262.00
481.00 261.94
481.94 261.00
481.94 260.00
482.00 259.94
482.94 259.00
483.00 258.94
483.94 258.00
483.94 257.00
484.00 256.94
484.94 256.00
485.00 255.94
485.94 255.00
485.94 254.00
485.94 253.00
486.00 252.94
486.94 252.00
486.94 251.00
486.94 250.00
487.00 249.94
487.94 249.00

Contour 10:
522.95 701.00
522.95 700.00
522.95 699.00
522.95 698.00
522.95 697.00
522.95 696.00
522.95 695.00
522.95 694.00
522.95 693.00
522.95 692.00
522.95 691.00
522.95 690.00
522.95 689.00
522.95 688.00
522.95 687.00
522.00 686.05
521.95 686.00
521.95 685.00
521.95 684.00
521.00 683.05
520.95 683.00
520.95 682.00
520.95 681.00
520.00 680.05
519.95 680.00
519.95 679.00
519.00 678.05
518.95 678.00
518.95 677.00
518.00 676.05
517.95 676.00
517.95 675.00
517.00 674.05
516.95 674.00
516.00 673.05
515.95 673.00
515.00 672.05
514.95 672.00
514.00 671.05
513.95 671.00
513.00 670.05
512.95 670.00
512.00 669.05
511.95 669.00
511.00 668.05
510.95 668.00
510.00 667.05
509.95 667.00
509.00 666.05
508.00 666.05
507.95 666.00
507.00 665.05
506.00 665.05
505.00 665.05
504.95 665.00
504.00 664.05
503.00 664.05
502.00 664.05
501.00 664.05
500.00 664.05
499.00 664.05
498.00 664.05
497.00 664.05
496.00 664.05
495.00 664.05
494.00 664.05
493.00 664.05
492.00 664.05
491.00 664.05
490.00 664.05
489.05 665.00
489.00 665.05
488.00 665.05
487.00 665.05
486.00 665.05
485.05 666.00
485.00 666.05
484.00 666.05
483.00 666.05
482.05 667.00
482.00 667.05
481.00 667.05
480.05 668.00
480.00 668.05
479.00 668.05
478.05 669.00
478.00 669.05
477.05 670.00
477.00 670.05
476.00 670.05
475.05 671.00
475.00 671.05
474.05 672.00
474.00 672.05
473.00 672.05
472.05 673.00
472.00 673.05
471.05 674.00
471.00 674.05
470.05 675.00
470.00 675.05
469.05 676.00
469.00 676.05
468.05 677.00
468.00 677.05
467.05 678.00
467.05 679.00
467.00 679.05
466.05 680.00
466.00 680.05
465.05 681.00
465.05 682.00
465.00 682.05
464.05 683.00
464.05 684.00
464.05 685.00
464.00 685.05
463.05 686.00
463.05 687.00
463.05 688.00
463.05 689.00
463.00 689.05
462.05 690.00
462.05 691.00
462.05 692.00
462.05 693.00
462.05 694.00
462.05 695.00
462.05 696.00
463.00 696.95
463.05 697.00
463.05 698.00
463.05 699.00
463.05 700.00
463.05 701.00
463.05 702.00
463.05 703.00
464.00 703.95
464.05 704.00
464.05 705.00
464.05 706.00
464.05 707.00
464.05 708.00
465.00 708.95
465.05 709.00
465.05 710.00
466.00 710.95
466.05 711.00
467.00 711.95
467.05 712.00
467.05 713.00
468.00 713.95
468.05 714.00
468.05 715.00
469.00 715.95
469.05 716.00
470.00 716.95
470.05 717.00
471.00 717.95
471.05 718.00
472.00 718.95
472.05 719.00
473.00 719.95
474.00 719.95
474.05 720.00
475.00 720.95
475.05 721.00
476.00 721.95
477.00 721.95
477.05 722.00
478.00 722.95
478.05 723.00
479.00 723.95
480.00 723.95
480.05 724.00
481.00 724.95
482.00 724.95
482.05 725.00
483.00 725.95
484.00 725.95
485.00 725.95
485.05 726.00
486.00 726.95
487.00 726.95
488.00 726.95
488.05 727.00
489.00 727.95
490.00 727.95
491.00 727.95
492.00 727.95
493.00 727.95
494.00 727.95
495.00 727.95
496.00 727.95
496.95 727.00
497.00 726.95
498.00 726.95
499.00 726.95
499.95 726.00
500.00 725.95
501.00 725.95
501.95 725.00
502.00 724.95
503.00 724.95
503.95 724.00
504.00 723.95
505.00 723.95
505.95 723.00
506.00 722.95
506.95 722.00
507.00 721.95
507.95 721.00
508.00 720.95
508.95 720.00
509.00 719.95
509.95 719.00
510.00 718.95
510.95 718.00
511.00 717.95
511.95 717.00
512.00 716.95
512.95 716.00
513.00 715.95
514.00 715.95
514.95 715.00
515.00 714.95
515.95 714.00
516.00 713.95
516.95 713.00
517.00 712.95
517.95 712.00
517.95 711.00
518.00 710.95
518.95 710.00
519.00 709.95
519.95 709.00
519.95 708.00
520.00 707.95
520.95 707.00
520.95 706.00
520.95 705.00
521.00 704.95
521.95 704.00
521.95 703.00
521.95 702.00
522.00 701.95
522.95 701.00

Contour 11:
552.95 459.00
552.95 458.00
552.95 457.00
552.95 456.00
552.95 455.00
552.95 454.00
552.95 453.00
552.95 452.00
552.95 451.00
552.95 450.00
552.95 449.00
552.95 448.00
552.00 447.05
551.95 447.00
551.95 446.00
551.95 445.00
551.95 444.00
551.95 443.00
551.00 442.05
550.95 442.00
550.95 441.00
550.00 440.05
549.95 440.00
549.95 439.00
549.00 438.05
548.95 438.00
548.95 437.00
548.00 436.05
547.95 436.00
547.00 435.05
546.95 435.00
546.95 434.00
546.00 433.05
545.95 433.00
545.00 432.05
544.95 432.00
544.00 431.05
543.95 431.00
543.95 430.00
543.00 429.05
542.95 429.00
542.00 428.05
541.95 428.00
541.00 427.05
540.95 427.00
540.00 426.05
539.95 426.00
539.00 425.05
538.95 425.00
538.00 424.05
537.95 424.00
537.00 423.05
536.00 423.05
535.95 423.00
535.00 422.05
534.00 422.05
533.95 422.00
533.00 421.05
532.00 421.05
531.95 421.00
531.00 420.05
530.00 420.05
529.00 420.05
528.95 420.00
528.00 419.05
527.00 419.05
526.00 419.05
525.00 419.05
524.00 419.05
523.00 419.05
522.00 419.05
521.00 419.05
520.00 419.05
519.00 419.05
518.00 419.05
517.05 420.00
517.00 420.05
516.00 420.05
515.00 420.05
514.00 420.05
513.05 421.00
513.00 421.05
512.00 421.05
511.00 421.05
510.05 422.00
510.00 422.05
509.00 422.05
508.00 422.05
507.05 423.00
507.00 423.05
506.00 423.05
505.05 424.00
505.00 424.05
504.05 425.00
504.00 425.05
503.00 425.05
502.05 426.00
502.00 426.05
501.05 427.00
501.00 427.05
500.05 428.00
500.00 428.05
499.05 429.00
499.00 429.05
498.05 430.00
498.05 431.00
498.00 431.05
497.05 432.00
497.00 432.05
496.05 433.00
496.00 433.05
495.05 434.00
495.05 435.00
495.05 436.00
495.00 436.05
494.05 437.00
494.05 438.00
494.05 439.00
494.05 440.00
494.05 441.00
494.00 441.05
493.05 442.00
493.05 443.00
493.05 444.00
493.05 445.00
493.05 446.00
493.05 447.00
493.05 448.00
494.00 448.95
494.05 449.00
494.05 450.00
494.05 451.00
494.05 452.00
494.05 453.00
494.05 454.00
494.05 455.00
495.00 455.95
495.05 456.00
495.05 457.00
495.05 458.00
496.00 458.95
496.05 459.00
496.05 460.00
496.05 461.00
497.00 461.95
497.05 462.00
498.00 462.95
498.05 463.00
498.05 464.00
499.00 464.95
499.05 465.00
500.00 465.95
500.05 466.00
501.00 466.95
501.05 467.00
501.05 468.00
502.00 468.95
502.05 469.00
503.00 469.95
503.05 470.00
504.00 470.95
504.05 471.00
505.00 471.95
505.05 472.00
506.00 472.95
506.05 473.00
507.00 473.95
508.00 473.95
508.05 474.00
509.00 474.95
509.05 475.00
510.00 475.95
511.00 475.95
511.05 476.00
512.00 476.95
512.05 477.00
513.00 477.95
514.00 477.95
514.05 478.00
515.00 478.95
516.00 478.95
516.05 479.00
517.00 479.95
518.00 479.95
518.05 480.00
519.00 480.95
520.00 480.95
520.05 481.00
521.00 481.95
522.00 481.95
523.00 481.95
524.00 481.95
525.00 481.95
526.00 481.95
527.00 481.95
528.00 481.95
529.00 481.95
530.00 481.95
531.00 481.95
532.00 481.95
533.00 481.95
534.00 481.95
534.95 481.00
535.00 480.95
536.00 480.95
536.95 480.00
537.00 479.95
538.00 479.95
538.95 479.00
539.00 478.95
540.00 478.95
540.95 478.00
541.00 477.95
541.95 477.00
542.00 476.95
542.95 476.00
543.00 475.95
543.95 475.00
544.00 474.95
544.95 474.00
545.00 473.95
545.95 473.00
546.00 472.95
546.95 472.00
547.00 471.95
547.95 471.00
547.95 470.00
548.00 469.95
548.95 469.00
548.95 468.00
549.00 467.95
549.95 467.00
549.95 466.00
550.00 465.95
550.95 465.00
550.95 464.00
550.95 463.00
551.00 462.95
551.95 462.00
551.95 461.00
551.95 460.00
552.00 459.95
552.95 459.00

Contour 12:
552.96 329.00
552.96 328.00
552.96 327.00
552.96 326.00
552.96 325.00
552.96 324.00
552.96 323.00
552.96 322.00
552.96 321.00
552.96 320.00
552.96 319.00
552.00 318.04
551.96 318.00
551.96 317.00
551.96 316.00
551.96 315.00
551.00 314.04
550.96 314.00
550.96 313.00
550.96 312.00
550.00 311.04
549.96 311.00
549.96 310.00
549.00 309.04
548.96 309.00
548.96 308.00
548.00 307.04
547.96 307.00
547.00 306.04
546.96 306.00
546.00 305.04
545.96 305.00
545.00 304.04
544.96 304.00
544.00 303.04
543.00 303.04
542.96 303.00
542.00 302.04
541.96 302.00
541.00 301.04
540.96 301.00
540.00 300.04
539.00 300.04
538.96 300.00
538.00 299.04
537.00 299.04
536.96 299.00
536.00 298.04
535.00 298.04
534.96 298.00
534.00 297.04
533.00 297.04
532.96 297.00
532.00 296.04
531.00 296.04
530.00 296.04
529.96 296.00
529.00 295.04
528.00 295.04
527.00 295.04
526.00 295.04
525.00 295.04
524.00 295.04
523.00 295.04
522.00 295.04
521.00 295.04
520.00 295.04
519.00 295.04
518.00 295.04
517.00 295.04
516.00 295.04
515.00 295.04
514.00 295.04
513.04 296.00
513.00 296.04
512.00 296.04
511.00 296.04
510.00 296.04
509.00 296.04
508.04 297.00
508.00 297.04
507.00 297.04
506.04 298.00
506.00 298.04
505.00 298.04
504.04 299.00
504.00 299.04
503.00 299.04
502.04 300.00
502.00 300.04
501.04 301.00
501.00 301.04
500.04 302.00
500.00 302.04
499.04 303.00
499.00 303.04
498.04 304.00
498.00 304.04
497.04 305.00
497.04 306.00
497.00 306.04
496.04 307.00
496.04 308.00
496.04 309.00
496.00 309.04
495.04 310.00
495.04 311.00
495.04 312.00
495.04 313.00
495.00 313.04
494.04 314.00
494.04 315.00
494.04 316.00
494.04 317.00
494.04 318.00
494.04 319.00
494.04 320.00
494.04 321.00
494.04 322.00
494.04 323.00
495.00 323.96
495.04 324.00
495.04 325.00
495.04 326.00
495.04 327.00
495.04 328.00
496.00 328.96
496.04 329.00
496.04 330.00
497.00 330.96
497.04 331.00
497.04 332.00
498.00 332.96
498.04 333.00
498.04 334.00
499.00 334.96
499.04 335.00
500.00 335.96
500.04 336.00
501.00 336.96
501.04 337.00
501.04 338.00
502.00 338.96
502.04 339.00
503.00 339.96
503.04 340.00
504.00 340.96
504.04 341.00
505.00 341.96
505.04 342.00
505.04 343.00
506.00 343.96
507.00 343.96
507.04 344.00
508.00 344.96
508.04 345.00
509.00 345.96
509.04 346.00
510.00 346.96
511.00 346.96
511.04 347.00
512.00 347.96
512.04 348.00
513.00 348.96
514.00 348.96
514.04 349.00
515.00 349.96
516.00 349.96
516.04 350.00
517.00 350.96
517.04 351.00
518.00 351.96
519.00 351.96
520.00 351.96
520.04 352.00
521.00 352.96
522.00 352.96
523.00 352.96
523.04 353.00
524.00 353.96
525.00 353.96
526.00 353.96
527.00 353.96
528.00 353.96
529.00 353.96
530.00 353.96
531.00 353.96
532.00 353.96
533.00 353.96
533.96 353.00
534.00 352.96
535.00 352.96
536.00 352.96
536.96 352.00
537.00 351.96
538.00 351.96
538.96 351.00
539.00 350.96
540.00 350.96
540.96 350.00
541.00 349.96
541.96 349.00
542.00 348.96
542.96 348.00
543.00 347.96
543.96 347.00
544.00 346.96
544.96 346.00
545.00 345.96
545.96 345.00
546.00 344.96
546.96 344.00
547.00 343.96
547.96 343.00
547.96 342.00
548.00 341.96
548.96 341.00
548.96 340.00
549.00 339.96
549.96 339.00
549.96 338.00
550.00 337.96
550.96 337.00
550.96 336.00
550.96 335.00
551.00 334.96
551.96 334.00
551.96 333.00
551.96 332.00
551.96 331.00
551.96 330.00
552.00 329.96
552.96 329.00

Contour 13:
557.96 532.00
557.96 531.00
557.96 530.00
557.96 529.00
557.96 528.00
557.96 527.00
557.96 526.00
557.96 525.00
557.96 524.00
557.00 523.04
556.96 523.00
556.96 522.00
556.00 521.04
555.96 521.00
555.96 520.00
555.00 519.04
554.96 519.00
554.96 518.00
554.00 517.04
553.96 517.00
553.00 516.04
552.96 516.00
552.96 515.00
552.00 514.04
551.96 514.00
551.00 513.04
550.96 513.00
550.00 512.04
549.00 512.04
548.96 512.00
548.00 511.04
547.96 511.00
547.00 510.04
546.00 510.04
545.96 510.00
545.00 509.04
544.96 509.00
544.00 508.04
543.00 508.04
542.96 508.00
542.00 507.04
541.96 507.00
541.00 506.04
540.00 506.04
539.96 506.00
539.00 505.04
538.00 505.04
537.96 505.00
537.00 504.04
536.00 504.04
535.96 504.00
535.00 503.04
534.00 503.04
533.00 503.04
532.00 503.04
531.00 503.04
530.00 503.04
529.00 503.04
528.00 503.04
527.00 503.04
526.00 503.04
525.00 503.04
524.00 503.04
523.00 503.04
522.00 503.04
521.04 504.00
521.00 504.04
520.00 504.04
519.00 504.04
518.04 505.00
518.00 505.04
517.00 505.04
516.00 505.04
515.04 506.00
515.00 506.04
514.00 506.04
513.04 507.00
513.00 507.04
512.00 507.04
511.04 508.00
511.00 508.04
510.00 508.04
509.04 509.00
509.00 509.04
508.04 510.00
508.00 510.04
507.04 511.00
507.00 511.04
506.00 511.04
505.04 512.00
505.00 512.04
504.04 513.00
504.00 513.04
503.04 514.00
503.00 514.04
502.04 515.00
502.04 516.00
502.00 516.04
501.04 517.00
501.00 517.04
500.04 518.00
500.00 518.04
499.04 519.00
499.04 520.00
499.00 520.04
498.04 521.00
498.00 521.04
497.04 522.00
497.04 523.00
497.00 523.04
496.04 524.00
496.04 525.00
496.04 526.00
496.00 526.04
495.04 527.00
495.04 528.00
495.04 529.00
495.04 530.00
495.04 531.00
495.00 531.04
494.04 532.00
494.04 533.00
494.04 534.00
494.04 535.00
494.04 536.00
494.04 537.00
494.04 538.00
494.04 539.00
494.04 540.00
494.04 541.00
495.00 541.96
495.04 542.00
495.04 543.00
495.04 544.00
495.04 545.00
496.00 545.96
496.04 546.00
496.04 547.00
497.00 547.96
497.04 548.00
497.04 549.00
498.00 549.96
498.04 550.00
498.04 551.00
499.00 551.96
499.04 552.00
500.00 552.96
500.04 553.00
501.00 553.96
501.04 554.00
502.00 554.96
502.04 555.00
503.00 555.96
503.04 556.00
504.00 556.96
504.04 557.00
505.00 557.96
506.00 557.96
506.04 558.00
507.00 558.96
508.00 558.96
508.04 559.00
509.00 559.96
510.00 559.96
511.00 559.96
511.04 560.00
512.00 560.96
513.00 560.96
514.00 560.96
515.00 560.96
516.00 560.96
517.00 560.96
518.00 560.96
519.00 560.96
520.00 560.96
521.00 560.96
522.00 560.96
523.00 560.96
524.00 560.96
525.00 560.96
526.00 560.96
527.00 560.96
528.00 560.96
529.00 560.96
530.00 560.96
531.00 560.96
531.96 560.00
532.00 559.96
533.00 559.96
534.00 559.96
535.00 559.96
535.96 559.00
536.00 558.96
536.96 558.00
537.00 557.96
538.00 557.96
538.96 557.00
539.00 556.96
539.96 556.00
540.00 555.96
541.00 555.96
541.96 555.00
542.00 554.96
542.96 554.00
543.00 553.96
544.00 553.96
544.96 553.00
545.00 552.96
545.96 552.00
546.00 551.96
546.96 551.00
547.00 550.96
547.96 550.00
548.00 549.96
548.96 549.00
549.00 548.96
549.96 548.00
550.00 547.96
550.96 547.00
550.96 546.00
551.00 545.96
551.96 545.00
552.00 544.96
552.96 544.00
552.96 543.00
553.00 542.96
553.96 542.00
553.96 541.00
554.00 540.96
554.96 540.00
554.96 539.00
554.96 538.00
555.00 537.96
555.96 537.00
555.96 536.00
556.00 535.96
556.96 535.00
556.96 534.00
556.96 533.00
557.00 532.96
557.96 532.00

Contour 14:
608.96 647.00
608.96 646.00
608.96 645.00
608.96 644.00
608.96 643.00
608.96 642.00
608.96 641.00
608.00 640.04
607.96 640.00
607.96 639.00
607.96 638.00
607.96 637.00
607.96 636.00
607.96 635.00
607.00 634.04
606.96 634.00
606.96 633.00
606.96 632.00
606.96 631.00
606.00 630.04
605.96 630.00
605.96 629.00
605.96 628.00
605.00 627.04
604.96 627.00
604.96 626.00
604.00 625.04
603.96 625.00
603.00 624.04
602.96 624.00
602.96 623.00
602.00 622.04
601.96 622.00
601.00 621.04
600.00 621.04
599.96 621.00
599.00 620.04
598.96 620.00
598.00 619.04
597.96 619.00
597.00 618.04
596.96 618.00
596.00 617.04
595.00 617.04
594.96 617.00
594.00 616.04
593.96 616.00
593.00 615.04
592.00 615.04
591.96 615.00
591.00 614.04
590.00 614.04
589.96 614.00
589.00 613.04
588.00 613.04
587.96 613.00
587.00 612.04
586.00 612.04
585.00 612.04
584.96 612.00
584.00 611.04
583.00 611.04
582.00 611.04
581.96 611.00
581.00 610.04
580.00 610.04
579.00 610.04
578.00 610.04
577.00 610.04
576.00 610.04
575.00 610.04
574.00 610.04
573.00 610.04
572.00 610.04
571.04 611.00
571.00 611.04
570.00 611.04
569.00 611.04
568.00 611.04
567.00 611.04
566.00 611.04
565.00 611.04
564.04 612.00
564.00 612.04
563.00 612.04
562.00 612.04
561.00 612.04
560.04 613.00
560.00 613.04
559.00 613.04
558.04 614.00
558.00 614.04
557.00 614.04
556.04 615.00
556.00 615.04
555.00 615.04
554.04 616.00
554.00 616.04
553.04 617.00
553.00 617.04
552.04 618.00
552.00 618.04
551.04 619.00
551.00 619.04
550.04 620.00
550.00 620.04
549.04 621.00
549.00 621.04
548.04 622.00
548.00 622.04
547.04 623.00
547.00 623.04
546.04 624.00
546.00 624.04
545.04 625.00
545.04 626.00
545.00 626.04
544.04 627.00
544.04 628.00
544.00 628.04
543.04 629.00
543.04 630.00
543.00 630.04
542.04 631.00
542.04 632.00
542.04 633.00
542.00 633.04
541.04 634.00
541.04 635.00
541.04 636.00
541.04 637.00
541.04 638.00
541.04 639.00
541.04 640.00
541.04 641.00
541.04 642.00
541.04 643.00
541.04 644.00
541.04 645.00
541.04 646.00
542.00 646.96
542.04 647.00
542.04 648.00
543.00 648.96
543.04 649.00
543.04 650.00
544.00 650.96
544.04 651.00
544.04 652.00
545.00 652.96
545.04 653.00
546.00 653.96
546.04 654.00
546.04 655.00
547.00 655.96
547.04 656.00
548.00 656.96
548.04 657.00
549.00 657.96
549.04 658.00
549.04 659.00
550.00 659.96
550.04 660.00
551.00 660.96
551.04 661.00
552.00 661.96
552.04 662.00
553.00 662.96
553.04 663.00
554.00 663.96
554.04 664.00
555.00 664.96
556.00 664.96
556.04 665.00
557.00 665.96
557.04 666.00
558.00 666.96
559.00 666.96
559.04 667.00
560.00 667.96
561.00 667.96
562.00 667.96
562.04 668.00
563.00 668.96
564.00 668.96
565.00 668.96
565.04 669.00
566.00 669.96
567.00 669.96
568.00 669.96
568.04 670.00
569.00 670.96
570.00 670.96
571.00 670.96
572.00 670.96
573.00 670.96
573.04 671.00
574.00 671.96
575.00 671.96
576.00 671.96
577.00 671.96
578.00 671.96
579.00 671.96
580.00 671.96
581.00 671.96
582.00 671.96
583.00 671.96
584.00 671.96
584.96 671.00
585.00 670.96
586.00 670.96
587.00 670.96
588.00 670.96
589.00 670.96
589.96 670.00
590.00 669.96
591.00 669.96
591.96 669.00
592.00 668.96
593.00 668.96
593.96 668.00
594.00 667.96
595.00 667.96
595.96 667.00
596.00 666.96
596.96 666.00
597.00 665.96
598.00 665.96
598.96 665.00
599.00 664.96
599.96 664.00
600.00 663.96
600.96 663.00
601.00 662.96
601.96 662.00
602.00 661.96
602.96 661.00
602.96 660.00
603.00 659.96
603.96 659.00
604.00 658.96
604.96 658.00
604.96 657.00
605.00 656.96
605.96 656.00
605.96 655.00
606.00 654.96
606.96 654.00
606.96 653.00
606.96 652.00
607.00 651.96
607.96 651.00
607.96 650.00
607.96 649.00
607.96 648.00
608.00 647.96
608.96 647.00

Contour 15:
644.97 337.00
644.97 336.00
644.97 335.00
644.97 334.00
644.97 333.00
644.97 332.00
644.97 331.00
644.97 330.00
644.97 329.00
644.97 328.00
644.97 327.00
644.97 326.00
644.97 325.00
644.97 324.00
644.00 323.03
643.97 323.00
643.97 322.00
643.00 321.03
642.97 321.00
642.97 320.00
642.00 319.03
641.97 319.00
641.00 318.03
640.97 318.00
640.00 317.03
639.97 317.00
639.97 316.00
639.00 315.03
638.97 315.00
638.00 314.03
637.97 314.00
637.00 313.03
636.97 313.00
636.00 312.03
635.97 312.00
635.00 311.03
634.97 311.00
634.00 310.03
633.00 310.03
632.97 310.00
632.00 309.03
631.97 309.00
631.00 308.03
630.00 308.03
629.97 308.00
629.00 307.03
628.97 307.00
628.00 306.03
627.00 306.03
626.97 306.00
626.00 305.03
625.00 305.03
624.97 305.00
624.00 304.03
623.00 304.03
622.97 304.00
622.00 303.03
621.00 303.03
620.00 303.03
619.97 303.00
619.00 302.03
618.00 302.03
617.00 302.03
616.00 302.03
615.00 302.03
614.00 302.03
613.00 302.03
612.00 302.03
611.00 302.03
610.00 302.03
609.00 302.03
608.03 303.00
608.00 303.03
607.00 303.03
606.00 303.03
605.00 303.03
604.00 303.03
603.03 304.00
603.00 304.03
602.00 304.03
601.00 304.03
600.03 305.00
600.00 305.03
599.00 305.03
598.03 306.00
598.00 306.03
597.00 306.03
596.00 306.03
595.03 307.00
595.00 307.03
594.00 307.03
593.03 308.00
593.00 308.03
592.03 309.00
592.00 309.03
591.00 309.03
590.03 310.00
590.00 310.03
589.00 310.03
588.03 311.00
588.00 311.03
587.03 312.00
587.00 312.03
586.03 313.00
586.00 313.03
585.03 314.00
585.00 314.03
584.03 315.00
584.00 315.03
583.03 316.00
583.00 316.03
582.03 317.00
582.00 317.03
581.03 318.00
581.03 319.00
581.00 319.03
580.03 320.00
580.00 320.03
579.03 321.00
579.03 322.00
579.03 323.00
579.00 323.03
578.03 324.00
578.03 325.00
578.03 326.00
578.03 327.00
578.03 328.00
578.03 329.00
578.03 330.00
578.03 331.00
578.03 332.00
579.00 332.97
579.03 333.00
579.03 334.00
579.03 335.00
580.00 335.97
580.03 336.00
580.03 337.00
580.03 338.00
581.00 338.97
581.03 339.00
581.03 340.00
582.00 340.97
582.03 341.00
583.00 341.97
583.03 342.00
583.03 343.00
584.00 343.97
584.03 344.00
585.00 344.97
585.03 345.00
585.03 346.00
586.00 346.97
586.03 347.00
587.00 347.97
587.03 348.00
588.00 348.97
588.03 349.00
589.00 349.97
589.03 350.00
590.00 350.97
591.00 350.97
591.03 351.00
592.00 351.97
593.00 351.97
593.03 352.00
594.00 352.97
595.00 352.97
595.03 353.00
596.00 353.97
597.00 353.97
598.00 353.97
598.03 354.00
599.00 354.97
600.00 354.97
601.00 354.97
602.00 354.97
603.00 354.97
604.00 354.97
604.03 355.00
605.00 355.97
606.00 355.97
607.00 355.97
608.00 355.97
609.00 355.97
610.00 355.97
611.00 355.97
612.00 355.97
613.00 355.97
614.00 355.97
615.00 355.97
616.00 355.97
617.00 355.97
618.00 355.97
619.00 355.97
620.00 355.97
621.00 355.97
621.97 355.00
622.00 354.97
623.00 354.97
624.00 354.97
625.00 354.97
626.00 354.97
627.00 354.97
628.00 354.97
629.00 354.97
630.00 354.97
630.97 354.00
631.00 353.97
632.00 353.97
632.97 353.00
633.00 352.97
634.00 352.97
634.97 352.00
635.00 351.97
635.97 351.00
636.00 350.97
637.00 350.97
637.97 350.00
638.00 349.97
638.97 349.00
639.00 348.97
639.97 348.00
639.97 347.00
640.00 346.97
640.97 346.00
641.00 345.97
641.97 345.00
641.97 344.00
642.00 343.97
642.97 343.00
642.97 342.00
643.00 341.97
643.97 341.00
643.97 340.00
643.97 339.00
643.97 338.00
644.00 337.97
644.97 337.00

Contour 16:
652.97 511.00
652.97 510.00
652.97 509.00
652.97 508.00
652.97 507.00
652.97 506.00
652.97 505.00
652.97 504.00
652.97 503.00
652.97 502.00
652.97 501.00
652.00 500.03
651.97 500.00
651.97 499.00
651.97 498.00
651.00 497.03
650.97 497.00
650.97 496.00
650.00 495.03
649.97 495.00
649.97 494.00
649.97 493.00
649.00 492.03
648.97 492.00
648.97 491.00
648.00 490.03
647.97 490.00
647.00 489.03
646.97 489.00
646.97 488.00
646.00 487.03
645.97 487.00
645.00 486.03
644.97 486.00
644.00 485.03
643.97 485.00
643.97 484.00
643.00 483.03
642.97 483.00
642.00 482.03
641.97 482.00
641.00 481.03
640.97 481.00
640.00 480.03
639.97 480.00
639.00 479.03
638.00 479.03
637.97 479.00
637.00 478.03
636.97 478.00
636.00 477.03
635.00 477.03
634.97 477.00
634.00 476.03
633.97 476.00
633.00 475.03
632.00 475.03
631.97 475.00
631.00 474.03
630.00 474.03
629.97 474.00
629.00 473.03
628.00 473.03
627.97 473.00
627.00 472.03
626.00 472.03
625.00 472.03
624.97 472.00
624.00 471.03
623.00 471.03
622.00 471.03
621.00 471.03
620.00 471.03
619.97 471.00
619.00 470.03
618.00 470.03
617.00 470.03
616.00 470.03
615.00 470.03
614.00 470.03
613.00 470.03
612.00 470.03
611.00 470.03
610.03 471.00
610.00 471.03
609.00 471.03
608.00 471.03
607.00 471.03
606.00 471.03
605.03 472.00
605.00 472.03
604.00 472.03
603.03 473.00
603.00 473.03
602.00 473.03
601.03 474.00
601.00 474.03
600.03 475.00
600.00 475.03
599.00 475.03
598.03 476.00
598.00 476.03
597.03 477.00
597.03 478.00
597.00 478.03
596.03 479.00
596.00 479.03
595.03 480.00
595.00 480.03
594.03 481.00
594.03 482.00
594.00 482.03
593.03 483.00
593.00 483.03
592.03 484.00
592.03 485.00
592.00 485.03
591.03 486.00
591.03 487.00
591.03 488.00
591.00 488.03
590.03 489.00
590.03 490.00
590.03 491.00
590.03 492.00
590.00 492.03
589.03 493.00
589.03 494.00
589.03 495.00
589.03 496.00
589.00 496.03
588.03 497.00
588.03 498.00
588.03 499.00
588.03 500.00
588.03 501.00
588.03 502.00
588.03 503.00
588.03 504.00
588.03 505.00
588.03 506.00
588.03 507.00
588.03 508.00
588.03 509.00
588.03 510.00
589.00 510.97
589.03 511.00
589.03 512.00
589.03 513.00
590.00 513.97
590.03 514.00
590.03 515.00
591.00 515.97
591.03 516.00
591.03 517.00
592.00 517.97
592.03 518.00
593.00 518.97
593.03 519.00
594.00 519.97
595.00 519.97
595.03 520.00
596.00 520.97
596.03 521.00
597.00 521.97
597.03 522.00
598.00 522.97
599.00 522.97
599.03 523.00
600.00 523.97
601.00 523.97
601.03 524.00
602.00 524.97
603.00 524.97
603.03 525.00
604.00 525.97
605.00 525.97
605.03 526.00
606.00 526.97
607.00 526.97
607.03 527.00
608.00 527.97
609.00 527.97
610.00 527.97
610.03 528.00
611.00 528.97
612.00 528.97
613.00 528.97
614.00 528.97
615.00 528.97
615.03 529.00
616.00 529.97
617.00 529.97
618.00 529.97
619.00 529.97
620.00 529.97
621.00 529.97
622.00 529.97
623.00 529.97
624.00 529.97
625.00 529.97
626.00 529.97
627.00 529.97
628.00 529.97
628.97 529.00
629.00 528.97
630.00 528.97
631.00 528.97
632.00 528.97
632.97 528.00
633.00 527.97
634.00 527.97
635.00 527.97
636.00 527.97
637.00 527.97
637.97 527.00
638.00 526.97
639.00 526.97
639.97 526.00
640.00 525.97
641.00 525.97
641.97 525.00
642.00 524.97
642.97 524.00
643.00 523.97
644.00 523.97
644.97 523.00
645.00 522.97
645.97 522.00
646.00 521.97
646.97 521.00
646.97 520.00
647.00 519.97
647.97 519.00
648.00 518.97
648.97 518.00
649.00 517.97
649.97 517.00
649.97 516.00
650.00 515.97
650.97 515.00
650.97 514.00
651.00 513.97
651.97 513.00
651.97 512.00
652.00 511.97
652.97 511.00

Contour 17:
685.97 427.00
685.97 426.00
685.97 425.00
685.97 424.00
685.97 423.00
685.00 422.03
684.97 422.00
684.97 421.00
684.97 420.00
684.97 419.00
684.00 418.03
683.97 418.00
683.97 417.00
683.00 416.03
682.97 416.00
682.97 415.00
682.97 414.00
682.00 413.03
681.97 413.00
681.97 412.00
681.97 411.00
681.00 410.03
680.97 410.00
680.97 409.00
680.00 408.03
679.97 408.00
679.00 407.03
678.97 407.00
678.00 406.03
677.97 406.00
677.00 405.03
676.97 405.00
676.00 404.03
675.97 404.00
675.00 403.03
674.97 403.00
674.00 402.03
673.97 402.00
673.00 401.03
672.97 401.00
672.00 400.03
671.97 400.00
671.00 399.03
670.97 399.00
670.00 398.03
669.00 398.03
668.97 398.00
668.00 397.03
667.97 397.00
667.00 396.03
666.00 396.03
665.00 396.03
664.97 396.00
664.00 395.03
663.00 395.03
662.00 395.03
661.00 395.03
660.97 395.00
660.00 394.03
659.00 394.03
658.00 394.03
657.00 394.03
656.00 394.03
655.00 394.03
654.00 394.03
653.00 394.03
652.03 395.00
652.00 395.03
651.00 395.03
650.00 395.03
649.00 395.03
648.03 396.00
648.00 396.03
647.00 396.03
646.00 396.03
645.00 396.03
644.00 396.03
643.03 397.00
643.00 397.03
642.00 397.03
641.00 397.03
640.00 397.03
639.00 397.03
638.00 397.03
637.00 397.03
636.03 398.00
636.00 398.03
635.00 398.03
634.00 398.03
633.03 399.00
633.00 399.03
632.00 399.03
631.03 400.00
631.00 400.03
630.00 400.03
629.03 401.00
629.00 401.03
628.03 402.00
628.00 402.03
627.03 403.00
627.03 404.00
627.00 404.03
626.03 405.00
626.00 405.03
625.03 406.00
625.03 407.00
625.00 407.03
624.03 408.00
624.03 409.00
624.00 409.03
623.03 410.00
623.03 411.00
623.03 412.00
623.00 412.03
622.03 413.00
622.03 414.00
622.03 415.00
622.03 416.00
622.03 417.00
622.03 418.00
622.03 419.00
622.03 420.00
622.03 421.00
622.03 422.00
622.03 423.00
622.03 424.00
622.03 425.00
622.03 426.00
623.00 426.97
623.03 427.00
623.03 428.00
623.03 429.00
624.00 429.97
624.03 430.00
624.03 431.00
625.00 431.97
625.03 432.00
626.00 432.97
626.03 433.00
627.00 433.97
627.03 434.00
627.03 435.00
628.00 435.97
629.00 435.97
629.03 436.00
630.00 436.97
630.03 437.00
631.00 437.97
631.03 438.00
632.00 438.97
632.03 439.00
633.00 439.97
634.00 439.97
634.03 440.00
635.00 440.97
636.00 440.97
637.00 440.97
637.03 441.00
638.00 441.97
639.00 441.97
640.00 441.97
640.03 442.00
641.00 442.97
642.00 442.97
643.00 442.97
644.00 442.97
644.03 443.00
645.00 443.97
646.00 443.97
647.00 443.97
648.00 443.97
649.00 443.97
650.00 443.97
651.00 443.97
652.00 443.97
653.00 443.97
654.00 443.97
655.00 443.97
656.00 443.97
657.00 443.97
658.00 443.97
659.00 443.97
660.00 443.97
661.00 443.97
662.00 443.97
663.00 443.97
664.00 443.97
664.97 443.00
665.00 442.97
666.00 442.97
667.00 442.97
668.00 442.97
669.00 442.97
669.97 442.00
670.00 441.97
671.00 441.97
672.00 441.97
672.97 441.00
673.00 440.97
674.00 440.97
674.97 440.00
675.00 439.97
676.00 439.97
677.00 439.97
677.97 439.00
678.00 438.97
678.97 438.00
679.00 437.97
679.97 437.00
680.00 436.97
680.97 436.00
681.00 435.97
681.97 435.00
682.00 434.97
682.97 434.00
682.97 433.00
683.00 432.97
683.97 432.00
683.97 431.00
684.00 430.97
684.97 430.00
684.97 429.00
684.97 428.00
685.00 427.97
685.97 427.00

Contour 18:
725.97 631.00
725.97 630.00
725.97 629.00
725.97 628.00
725.00 627.03
724.97 627.00
724.97 626.00
724.97 625.00
724.97 624.00
724.97 623.00
724.97 622.00
724.00 621.03
723.97 621.00
723.97 620.00
723.00 619.03
722.97 619.00
722.97 618.00
722.97 617.00
722.00 616.03
721.97 616.00
721.97 615.00
721.00 614.03
720.97 614.00
720.00 613.03
719.97 613.00
719.97 612.00
719.97 611.00
719.00 610.03
718.97 610.00
718.00 609.03
717.97 609.00
717.97 608.00
717.00 607.03
716.97 607.00
716.00 606.03
715.97 606.00
715.00 605.03
714.97 605.00
714.00 604.03
713.97 604.00
713.00 603.03
712.00 603.03
711.97 603.00
711.00 602.03
710.97 602.00
710.00 601.03
709.00 601.03
708.97 601.00
708.00 600.03
707.00 600.03
706.00 600.03
705.97 600.00
705.00 599.03
704.00 599.03
703.00 599.03
702.00 599.03
701.00 599.03
700.00 599.03
699.00 599.03
698.00 599.03
697.00 599.03
696.00 599.03
695.00 599.03
694.00 599.03
693.00 599.03
692.00 599.03
691.03 600.00
691.00 600.03
690.00 600.03
689.03 601.00
689.00 601.03
688.00 601.03
687.03 602.00
687.00 602.03
686.03 603.00
686.00 603.03
685.03 604.00
685.00 604.03
684.03 605.00
684.00 605.03
683.03 606.00
683.00 606.03
682.03 607.00
682.00 607.03
681.03 608.00
681.03 609.00
681.00 609.03
680.03 610.00
680.00 610.03
679.03 611.00
679.00 611.03
678.03 612.00
678.00 612.03
677.03 613.00
677.03 614.00
677.00 614.03
676.03 615.00
676.03 616.00
676.00 616.03
675.03 617.00
675.03 618.00
675.00 618.03
674.03 619.00
674.00 619.03
673.03 620.00
673.03 621.00
673.00 621.03
672.03 622.00
672.03 623.00
672.00 623.03
671.03 624.00
671.03 625.00
671.03 626.00
671.00 626.03
670.03 627.00
670.03 628.00
670.00 628.03
669.03 629.00
669.03 630.00
669.00 630.03
668.03 631.00
668.00 631.03
667.03 632.00
667.03 633.00
667.03 634.00
667.00 634.03
666.03 635.00
666.03 636.00
666.03 637.00
666.00 637.03
665.03 638.00
665.03 639.00
665.03 640.00
665.03 641.00
665.03 642.00
665.03 643.00
665.03 644.00
665.03 645.00
665.03 646.00
665.03 647.00
665.03 648.00
666.00 648.97
666.03 649.00
666.03 650.00
666.03 651.00
666.03 652.00
666.03 653.00
667.00 653.97
667.03 654.00
667.03 655.00
668.00 655.97
668.03 656.00
669.00 656.97
669.03 657.00
669.03 658.00
670.00 658.97
670.03 659.00
671.00 659.97
671.03 660.00
672.00 660.97
672.03 661.00
673.00 661.97
673.03 662.00
674.00 662.97
674.03 663.00
675.00 663.97
675.03 664.00
676.00 664.97
676.03 665.00
677.00 665.97
678.00 665.97
678.03 666.00
679.00 666.97
680.00 666.97
680.03 667.00
681.00 667.97
682.00 667.97
682.03 668.00
683.00 668.97
684.00 668.97
685.00 668.97
686.00 668.97
686.03 669.00
687.00 669.97
688.00 669.97
689.00 669.97
690.00 669.97
691.00 669.97
692.00 669.97
692.03 670.00
693.00 670.97
694.00 670.97
695.00 670.97
696.00 670.97
696.97 670.00
697.00 669.97
698.00 669.97
699.00 669.97
699.97 669.00
700.00 668.97
701.00 668.97
701.97 668.00
702.00 667.97
703.00 667.97
703.97 667.00
704.00 666.97
705.00 666.97
705.97 666.00
706.00 665.97
706.97 665.00
707.00 664.97
707.97 664.00
708.00 663.97
709.00 663.97
709.97 663.00
710.00 662.97
710.97 662.00
711.00 661.97
711.97 661.00
712.00 660.97
712.97 660.00
712.97 659.00
713.00 658.97
713.97 658.00
714.00 657.97
714.97 657.00
714.97 656.00
715.00 655.97
715.97 655.00
716.00 654.97
716.97 654.00
716.97 653.00
717.00 652.97
717.97 652.00
718.00 651.97
718.97 651.00
718.97 650.00
719.00 649.97
719.97 649.00
719.97 648.00
720.00 647.97
720.97 647.00
721.00 646.97
721.97 646.00
721.97 645.00
721.97 644.00
722.00 643.97
722.97 643.00
722.97 642.00
722.97 641.00
723.00 640.97
723.97 640.00
723.97 639.00
723.97 638.00
724.00 637.97
724.97 637.00
724.97 636.00
724.97 635.00
724.97 634.00
724.97 633.00
724.97 632.00
725.00 631.97
725.97 631.00

Contour 19:
727.97 885.00
727.00 884.03
726.00 884.03
725.00 884.03
724.00 884.03
723.00 884.03
722.00 884.03
721.97 884.00
721.00 883.03
720.97 883.00
720.00 882.03
719.00 882.03
718.00 882.03
717.97 882.00
717.00 881.03
716.97 881.00
716.97 880.00
716.00 879.03
715.97 879.00
715.97 878.00
715.00 877.03
714.97 877.00
714.00 876.03
713.97 876.00
713.97 875.00
713.97 874.00
714.00 873.97
714.97 873.00
715.00 872.97
715.97 872.00
715.97 871.00
715.00 870.03
714.00 870.03
713.97 870.00
714.00 869.97
714.97 869.00
715.00 868.97
715.97 868.00
716.00 867.97
716.97 867.00
716.97 866.00
716.97 865.00
716.00 864.03
715.97 864.00
715.00 863.03
714.97 863.00
714.00 862.03
713.00 862.03
712.97 862.00
712.00 861.03
711.97 861.00
711.00 860.03
710.00 860.03
709.00 860.03
708.00 860.03
707.97 860.00
707.00 859.03
706.00 859.03
705.00 859.03
704.00 859.03
703.97 859.00
703.00 858.03
702.00 858.03
701.03 859.00
701.00 859.03
700.00 859.03
699.00 859.03
698.00 859.03
697.00 859.03
696.00 859.03
695.00 859.03
694.03 860.00
694.00 860.03
693.00 860.03
692.00 860.03
691.03 861.00
691.00 861.03
690.00 861.03
689.03 862.00
689.03 863.00
689.00 863.03
688.03 864.00
688.00 864.03
687.03 865.00
687.00 865.03
686.03 866.00
686.00 866.03
685.03 867.00
685.00 867.03
684.03 868.00
684.03 869.00
684.00 869.03
683.03 870.00
683.03 871.00
683.00 871.03
682.03 872.00
682.03 873.00
682.03 874.00
682.00 874.03
681.03 875.00
681.03 876.00
681.03 877.00
681.03 878.00
681.03 879.00
681.00 879.03
680.03 880.00
680.03 881.00
680.03 882.00
680.03 883.00
680.00 883.03
679.03 884.00
679.03 885.00
679.03 886.00
679.03 887.00
679.03 888.00
679.03 889.00
679.03 890.00
680.00 890.97
680.03 891.00
680.03 892.00
680.03 893.00
681.00 893.97
681.03 894.00
681.03 895.00
682.00 895.97
682.03 896.00
682.03 897.00
683.00 897.97
683.03 898.00
684.00 898.97
685.00 898.97
686.00 898.97
686.03 899.00
686.03 900.00
687.00 900.97
687.03 901.00
688.00 901.97
688.03 902.00
689.00 902.97
690.00 902.97
691.00 902.97
691.03 903.00
692.00 903.97
692.97 903.00
692.97 902.00
693.00 901.97
693.97 901.00
694.00 900.97
695.00 900.97
696.00 900.97
696.03 901.00
697.00 901.97
697.03 902.00
698.00 902.97
699.00 902.97
700.00 902.97
700.03 903.00
700.03 904.00
701.00 904.97
701.03 905.00
701.03 906.00
702.00 906.97
702.03 907.00
702.03 908.00
703.00 908.97
703.03 909.00
704.00 909.97
704.97 909.00
704.97 908.00
705.00 907.97
705.97 907.00
706.00 906.97
706.97 906.00
707.00 905.97
707.97 905.00
707.97 904.00
708.00 903.97
708.97 903.00
709.00 902.97
709.97 902.00
710.00 901.97
710.97 901.00
711.00 900.97
711.97 900.00
712.00 899.97
712.97 899.00
713.00 898.97
713.97 898.00
714.00 897.97
714.97 897.00
715.00 896.97
715.97 896.00
716.00 895.97
717.00 895.97
717.97 895.00
718.00 894.97
718.97 894.00
719.00 893.97
719.97 893.00
720.00 892.97
720.97 892.00
721.00 891.97
721.97 891.00
722.00 890.97
722.97 890.00
723.00 889.97
723.97 889.00
724.00 888.97
724.97 888.00
725.00 887.97
725.97 887.00
726.00 886.97
726.97 886.00
727.00 885.97
727.97 885.00

Contour 20:
729.97 884.00
729.00 883.03
728.03 884.00
729.00 884.97
729.97 884.00

Contour 21:
795.98 870.00
795.98 869.00
795.98 868.00
795.98 867.00
795.98 866.00
795.98 865.00
795.98 864.00
795.98 863.00
795.00 862.02
794.98 862.00
794.98 861.00
794.98 860.00
794.98 859.00
794.00 858.02
793.98 858.00
793.98 857.00
793.00 856.02
792.98 856.00
792.98 855.00
792.98 854.00
792.00 853.02
791.98 853.00
791.98 852.00
791.00 851.02
790.98 851.00
790.98 850.00
790.00 849.02
789.98 849.00
789.00 848.02
788.98 848.00
788.00 847.02
787.98 847.00
787.00 846.02
786.98 846.00
786.00 845.02
785.98 845.00
785.00 844.02
784.98 844.00
784.00 843.02
783.98 843.00
783.00 842.02
782.00 842.02
781.98 842.00
781.00 841.02
780.98 841.00
780.00 840.02
779.00 840.02
778.00 840.02
777.98 840.00
777.00 839.02
776.00 839.02
775.98 839.00
775.00 838.02
774.00 838.02
773.00 838.02
772.98 838.00
772.00 837.02
771.00 837.02
770.00 837.02
769.00 837.02
768.98 837.00
768.00 836.02
767.00 836.02
766.00 836.02
765.00 836.02
764.98 836.00
764.00 835.02
763.00 835.02
762.00 835.02
761.00 835.02
760.00 835.02
759.98 835.00
759.00 834.02
758.00 834.02
757.00 834.02
756.00 834.02
755.00 834.02
754.00 834.02
753.00 834.02
752.00 834.02
751.00 834.02
750.02 835.00
750.00 835.02
749.00 835.02
748.00 835.02
747.00 835.02
746.02 836.00
746.00 836.02
745.00 836.02
744.00 836.02
743.02 837.00
743.00 837.02
742.02 838.00
742.00 838.02
741.00 838.02
740.02 839.00
740.00 839.02
739.02 840.00
739.00 840.02
738.02 841.00
738.00 841.02
737.02 842.00
737.00 842.02
736.02 843.00
736.00 843.02
735.02 844.00
735.00 844.02
734.02 845.00
734.00 845.02
733.02 846.00
733.02 847.00
733.00 847.02
732.02 848.00
732.02 849.00
732.00 849.02
731.02 850.00
731.02 851.00
731.00 851.02
730.02 852.00
730.02 853.00
730.02 854.00
730.00 854.02
729.02 855.00
729.02 856.00
729.02 857.00
729.02 858.00
729.02 859.00
729.02 860.00
729.02 861.00
729.02 862.00
729.02 863.00
729.02 864.00
729.02 865.00
729.02 866.00
729.02 867.00
730.00 867.98
730.02 868.00
730.02 869.00
730.02 870.00
730.02 871.00
730.02 872.00
731.00 872.98
731.02 873.00
731.02 874.00
731.02 875.00
731.02 876.00
731.02 877.00
732.00 877.98
732.02 878.00
732.02 879.00
733.00 879.98
733.02 880.00
733.02 881.00
734.00 881.98
734.02 882.00
735.00 882.98
735.02 883.00
735.02 884.00
736.00 884.98
736.02 885.00
737.00 885.98
737.02 886.00
738.00 886.98
738.02 887.00
738.02 888.00
739.00 888.98
739.02 889.00
740.00 889.98
740.02 890.00
741.00 890.98
741.02 891.00
742.00 891.98
742.02 892.00
743.00 892.98
744.00 892.98
744.02 893.00
745.00 893.98
745.02 894.00
746.00 894.98
746.02 895.00
747.00 895.98
748.00 895.98
749.00 895.98
750.00 895.98
750.02 896.00
751.00 896.98
752.00 896.98
753.00 896.98
754.00 896.98
755.00 896.98
756.00 896.98
756.02 897.00
757.00 897.98
758.00 897.98
759.00 897.98
759.02 898.00
760.00 898.98
761.00 898.98
762.00 898.98
763.00 898.98
763.02 899.00
764.00 899.98
765.00 899.98
766.00 899.98
767.00 899.98
768.00 899.98
769.00 899.98
769.98 899.00
770.00 898.98
771.00 898.98
772.00 898.98
773.00 898.98
773.98 898.00
774.00 897.98
775.00 897.98
776.00 897.98
776.98 897.00
777.00 896.98
778.00 896.98
778.98 896.00
779.00 895.98
780.00 895.98
780.98 895.00
781.00 894.98
781.98 894.00
782.00 893.98
783.00 893.98
783.98 893.00
784.00 892.98
784.98 892.00
785.00 891.98
785.98 891.00
786.00 890.98
786.98 890.00
787.00 889.98
787.98 889.00
788.00 888.98
788.98 888.00
789.00 887.98
789.98 887.00
789.98 886.00
790.00 885.98
790.98 885.00
791.00 884.98
791.98 884.00
791.98 883.00
791.98 882.00
792.00 881.98
792.98 881.00
792.98 880.00
792.98 879.00
793.00 878.98
793.98 878.00
793.98 877.00
793.98 876.00
793.98 875.00
794.00 874.98
794.98 874.00
794.98 873.00
794.98 872.00
794.98 871.00
795.00 870.98
795.98 870.00

Contour 22:
789.98 522.00
789.98 521.00
789.98 520.00
789.98 519.00
789.98 518.00
789.98 517.00
789.98 516.00
789.98 515.00
789.98 514.00
789.98 513.00
789.98 512.00
789.98 511.00
789.98 510.00
789.98 509.00
789.98 508.00
789.00 507.02
788.98 507.00
788.98 506.00
788.98 505.00
788.98 504.00
788.00 503.02
787.98 503.00
787.98 502.00
787.00 501.02
786.98 501.00
786.00 500.02
785.98 500.00
785.98 499.00
785.00 498.02
784.98 498.00
784.00 497.02
783.98 497.00
783.00 496.02
782.98 496.00
782.00 495.02
781.00 495.02
780.98 495.00
780.00 494.02
779.98 494.00
779.00 493.02
778.00 493.02
777.00 493.02
776.98 493.00
776.00 492.02
775.00 492.02
774.00 492.02
773.00 492.02
772.00 492.02
771.00 492.02
770.00 492.02
769.00 492.02
768.00 492.02
767.00 492.02
766.00 492.02
765.00 492.02
764.02 493.00
764.00 493.02
763.00 493.02
762.00 493.02
761.02 494.00
761.00 494.02
760.00 494.02
759.02 495.00
759.00 495.02
758.02 496.00
758.00 496.02
757.00 496.02
756.02 497.00
756.00 497.02
755.02 498.00
755.00 498.02
754.02 499.00
754.02 500.00
754.00 500.02
753.02 501.00
753.00 501.02
752.02 502.00
752.00 502.02
751.02 503.00
751.02 504.00
751.02 505.00
751.00 505.02
750.02 506.00
750.02 507.00
750.00 507.02
749.02 508.00
749.02 509.00
749.00 509.02
748.02 510.00
748.02 511.00
748.00 511.02
747.02 512.00
747.02 513.00
747.00 513.02
746.02 514.00
746.00 514.02
745.02 515.00
745.02 516.00
745.00 516.02
744.02 517.00
744.02 518.00
744.00 518.02
743.02 519.00
743.00 519.02
742.02 520.00
742.02 521.00
742.00 521.02
741.02 522.00
741.02 523.00
741.00 523.02
740.02 524.00
740.02 525.00
740.02 526.00
740.02 527.00
740.00 527.02
739.02 528.00
739.02 529.00
739.02 530.00
739.02 531.00
739.02 532.00
739.02 533.00
739.02 534.00
739.02 535.00
739.02 536.00
739.02 537.00
739.02 538.00
740.00 538.98
740.02 539.00
740.02 540.00
740.02 541.00
741.00 541.98
741.02 542.00
741.02 543.00
742.00 543.98
742.02 544.00
743.00 544.98
743.02 545.00
743.02 546.00
744.00 546.98
745.00 546.98
745.02 547.00
746.00 547.98
746.02 548.00
747.00 548.98
747.02 549.00
748.00 549.98
748.02 550.00
749.00 550.98
749.02 551.00
750.00 551.98
751.00 551.98
751.02 552.00
752.00 552.98
753.00 552.98
753.02 553.00
754.00 553.98
755.00 553.98
755.02 554.00
756.00 554.98
757.00 554.98
757.02 555.00
758.00 555.98
759.00 555.98
760.00 555.98
761.00 555.98
761.02 556.00
762.00 556.98
763.00 556.98
764.00 556.98
765.00 556.98
766.00 556.98
767.00 556.98
768.00 556.98
768.98 556.00
769.00 555.98
770.00 555.98
771.00 555.98
771.98 555.00
772.00 554.98
773.00 554.98
773.98 554.00
774.00 553.98
774.98 553.00
775.00 552.98
776.00 552.98
776.98 552.00
777.00 551.98
777.98 551.00
778.00 550.98
778.98 550.00
778.98 549.00
779.00 548.98
779.98 548.00
780.00 547.98
780.98 547.00
780.98 546.00
781.00 545.98
781.98 545.00
781.98 544.00
782.00 543.98
782.98 543.00
782.98 542.00
783.00 541.98
783.98 541.00
783.98 540.00
783.98 539.00
783.98 538.00
784.00 537.98
784.98 537.00
784.98 536.00
784.98 535.00
784.98 534.00
785.00 533.98
785.98 533.00
785.98 532.00
786.00 531.98
786.98 531.00
786.98 530.00
786.98 529.00
787.00 528.98
787.98 528.00
787.98 527.00
788.00 526.98
788.98 526.00
788.98 525.00
788.98 524.00
788.98 523.00
789.00 522.98
789.98 522.00

Contour 23:
955.98 734.00
955.98 733.00
955.98 732.00
955.98 731.00
955.98 730.00
955.98 729.00
955.98 728.00
955.98 727.00
955.98 726.00
955.98 725.00
955.98 724.00
955.98 723.00
955.98 722.00
955.98 721.00
955.98 720.00
955.00 719.02
954.98 719.00
954.98 718.00
954.00 717.02
953.98 717.00
953.00 716.02
952.98 716.00
952.98 715.00
952.00 714.02
951.98 714.00
951.98 713.00
951.00 712.02
950.98 712.00
950.00 711.02
949.98 711.00
949.98 710.00
949.00 709.02
948.98 709.00
948.00 708.02
947.98 708.00
947.00 707.02
946.98 707.00
946.00 706.02
945.98 706.00
945.00 705.02
944.98 705.00
944.00 704.02
943.98 704.00
943.00 703.02
942.98 703.00
942.00 702.02
941.00 702.02
940.98 702.00
940.00 701.02
939.98 701.00
939.00 700.02
938.98 700.00
938.00 699.02
937.00 699.02
936.98 699.00
936.00 698.02
935.98 698.00
935.00 697.02
934.00 697.02
933.98 697.00
933.00 696.02
932.00 696.02
931.98 696.00
931.00 695.02
930.00 695.02
929.00 695.02
928.98 695.00
928.00 694.02
927.00 694.02
926.00 694.02
925.00 694.02
924.98 694.00
924.00 693.02
923.00 693.02
922.00 693.02
921.00 693.02
920.00 693.02
919.00 693.02
918.00 693.02
917.00 693.02
916.00 693.02
915.00 693.02
914.02 694.00
914.00 694.02
913.00 694.02
912.00 694.02
911.00 694.02
910.02 695.00
910.00 695.02
909.00 695.02
908.00 695.02
907.00 695.02
906.02 696.00
906.00 696.02
905.02 697.00
905.00 697.02
904.00 697.02
903.02 698.00
903.00 698.02
902.02 699.00
902.00 699.02
901.02 700.00
901.00 700.02
900.02 701.00
900.00 701.02
899.02 702.00
899.00 702.02
898.02 703.00
898.00 703.02
897.02 704.00
897.00 704.02
896.02 705.00
896.00 705.02
895.02 706.00
895.02 707.00
895.00 707.02
894.02 708.00
894.02 709.00
894.00 709.02
893.02 710.00
893.02 711.00
893.02 712.00
893.00 712.02
892.02 713.00
892.02 714.00
892.02 715.00
892.02 716.00
892.00 716.02
891.02 717.00
891.02 718.00
891.02 719.00
891.02 720.00
891.02 721.00
891.02 722.00
891.02 723.00
891.02 724.00
891.02 725.00
891.02 726.00
891.02 727.00
892.00 727.98
892.02 728.00
892.02 729.00
892.02 730.00
892.02 731.00
892.02 732.00
892.02 733.00
893.00 733.98
893.02 734.00
893.02 735.00
894.00 735.98
894.02 736.00
894.02 737.00
895.00 737.98
895.02 738.00
895.02 739.00
896.00 739.98
896.02 740.00
896.02 741.00
897.00 741.98
897.02 742.00
897.02 743.00
898.00 743.98
898.02 744.00
899.00 744.98
899.02 745.00
900.00 745.98
900.02 746.00
901.00 746.98
901.02 747.00
902.00 747.98
902.02 748.00
903.00 748.98
903.02 749.00
904.00 749.98
904.02 750.00
905.00 750.98
906.00 750.98
906.02 751.00
907.00 751.98
907.02 752.00
908.00 752.98
909.00 752.98
910.00 752.98
910.02 753.00
911.00 753.98
912.00 753.98
913.00 753.98
914.00 753.98
914.02 754.00
915.00 754.98
916.00 754.98
917.00 754.98
918.00 754.98
919.00 754.98
920.00 754.98
921.00 754.98
921.02 755.00
922.00 755.98
923.00 755.98
924.00 755.98
924.98 755.00
925.00 754.98
926.00 754.98
927.00 754.98
928.00 754.98
929.00 754.98
930.00 754.98
931.00 754.98
931.98 754.00
932.00 753.98
933.00 753.98
934.00 753.98
935.00 753.98
935.98 753.00
936.00 752.98
937.00 752.98
937.98 752.00
938.00 751.98
939.00 751.98
939.98 751.00
940.00 750.98
941.00 750.98
941.98 750.00
942.00 749.98
943.00 749.98
943.98 749.00
944.00 748.98
945.00 748.98
945.98 748.00
946.00 747.98
946.98 747.00
947.00 746.98
947.98 746.00
948.00 745.98
948.98 745.00
949.00 744.98
949.98 744.00
950.00 743.98
950.98 743.00
951.00 742.98
951.98 742.00
952.00 741.98
952.98 741.00
952.98 740.00
953.00 739.98
953.98 739.00
953.98 738.00
954.00 737.98
954.98 737.00
954.98 736.00
954.98 735.00
955.00 734.98
955.98 734.00

