Contour 0:
2.50 0.00
2.00 0.50
1.50 1.00
1.00 1.50
0.50 2.00
0.00 2.50

Contour 1:
0.00 12.50
1.00 12.50
2.00 12.50
3.00 12.50
4.00 12.50
4.50 12.00
4.50 11.00
5.00 10.50
5.50 10.00
6.00 9.50
6.50 9.00
6.50 8.00
7.00 7.50
7.50 7.00
7.50 6.00
7.50 5.00
7.50 4.00
7.00 3.50
6.50 3.00
6.50 2.00
6.00 1.50
5.50 1.00
5.00 0.50
4.50 0.00

Contour 2:
71.75 581.00
71.75 580.00
71.75 579.00
71.75 578.00
71.75 577.00
71.75 576.00
71.75 575.00
71.75 574.00
71.75 573.00
71.75 572.00
71.00 571.25
70.75 571.00
70.75 570.00
70.75 569.00
70.75 568.00
70.75 567.00
70.75 566.00
70.75 565.00
70.75 564.00
70.00 563.25
69.75 563.00
69.75 562.00
69.00 561.25
68.75 561.00
68.75 560.00
68.00 559.25
67.75 559.00
67.75 558.00
67.00 557.25
66.75 557.00
66.00 556.25
65.75 556.00
65.00 555.25
64.75 555.00
64.00 554.25
63.75 554.00
63.00 553.25
62.75 553.00
62.00 552.25
61.75 552.00
61.00 551.25
60.75 551.00
60.00 550.25
59.75 550.00
59.00 549.25
58.75 549.00
58.00 548.25
57.75 548.00
57.00 547.25
56.00 547.25
55.75 547.00
55.00 546.25
54.00 546.25
53.00 546.25
52.75 546.00
52.00 545.25
51.00 545.25
50.00 545.25
49.75 545.00
49.00 544.25
48.00 544.25
47.75 544.00
47.00 543.25
46.00 543.25
45.00 543.25
44.00 543.25
43.00 543.25
42.75 543.00
42.00 542.25
41.00 542.25
40.25 543.00
40.00 543.25
39.00 543.25
38.00 543.25
37.00 543.25
36.00 543.25
35.00 543.25
34.00 543.25
33.00 543.25
32.25 544.00
32.00 544.25
31.00 544.25
30.00 544.25
29.25 545.00
29.00 545.25
28.00 545.25
27.00 545.25
26.25 546.00
26.00 546.25
25.25 547.00
25.00 547.25
24.00 547.25
23.25 548.00
23.00 548.25
22.25 549.00
22.00 549.25
21.25 550.00
21.00 550.25
20.25 551.00
20.00 551.25
19.25 552.00
19.25 553.00
19.00 553.25
18.25 554.00
18.00 554.25
17.25 555.00
17.00 555.25
16.25 556.00
16.25 557.00
16.00 557.25
15.25 558.00
15.25 559.00
15.00 559.25
14.25 560.00
14.25 561.00
14.25 562.00
14.00 562.25
13.25 563.00
13.25 564.00
13.25 565.00
13.00 565.25
12.25 566.00
12.25 567.00
12.25 568.00
12.25 569.00
12.00 569.25
11.25 570.00
11.25 571.00
11.25 572.00
11.25 573.00
11.25 574.00
11.25 575.00
11.25 576.00
12.00 576.75
12.25 577.00
12.25 578.00
12.25 579.00
13.00 579.75
13.25 580.00
13.25 581.00
13.25 582.00
14.00 582.75
14.25 583.00
14.25 584.00
15.00 584.75
15.25 585.00
15.25 586.00
15.25 587.00
16.00 587.75
16.25 588.00
17.00 588.75
17.25 589.00
17.25 590.00
18.00 590.75
18.25 591.00
19.00 591.75
19.25 592.00
20.00 592.75
20.25 593.00
20.25 594.00
21.00 594.75
21.25 595.00
22.00 595.75
22.25 596.00
23.00 596.75
23.25 597.00
24.00 597.75
24.25 598.00
25.00 598.75
25.25 599.00
26.00 599.75
27.00 599.75
27.25 600.00
28.00 600.75
28.25 601.00
29.00 601.75
30.00 601.75
30.25 602.00
31.00 602.75
32.00 602.75
32.25 603.00
33.00 603.75
34.00 603.75
34.25 604.00
35.00 604.75
36.00 604.75
37.00 604.75
37.25 605.00
38.00 605.75
39.00 605.75
40.00 605.75
41.00 605.75
42.00 605.75
43.00 605.75
44.00 605.75
45.00 605.75
46.00 605.75
47.00 605.75
48.00 605.75
49.00 605.75
50.00 605.75
51.00 605.75
51.75 605.00
52.00 604.75
53.00 604.75
53.75 604.00
54.00 603.75
54.75 603.00
55.00 602.75
55.75 602.00
56.00 601.75
56.75 601.00
57.00 600.75
58.00 600.75
58.75 600.00
59.00 599.75
59.75 599.00
60.00 598.75
61.00 598.75
61.75 598.00
62.00 597.75
62.75 597.00
63.00 596.75
63.75 596.00
63.75 595.00
64.00 594.75
64.75 594.00
65.00 593.75
65.75 593.00
65.75 592.00
66.00 591.75
66.75 591.00
66.75 590.00
67.00 589.75
67.75 589.00
67.75 588.00
68.00 587.75
68.75 587.00
68.75 586.00
69.00 585.75
69.75 585.00
70.00 584.75
70.75 584.00
70.75 583.00
70.75 582.00
71.00 581.75
71.75 581.00

Contour 3:
133.83 224.00
133.83 223.00
133.83 222.00
133.83 221.00
133.83 220.00
133.83 219.00
133.83 218.00
133.83 217.00
133.83 216.00
133.83 215.00
133.83 214.00
133.00 213.17
132.83 213.00
132.83 212.00
132.83 211.00
132.00 210.17
131.83 210.00
131.83 209.00
131.00 208.17
130.83 208.00
130.00 207.17
129.83 207.00
129.00 206.17
128.83 206.00
128.00 205.17
127.83 205.00
127.83 204.00
127.00 203.17
126.83 203.00
126.00 202.17
125.83 202.00
125.00 201.17
124.83 201.00
124.00 200.17
123.83 200.00
123.00 199.17
122.83 199.00
122.00 198.17
121.83 198.00
121.00 197.17
120.00 197.17
119.83 197.00
119.00 196.17
118.83 196.00
118.00 195.17
117.00 195.17
116.83 195.00
116.00 194.17
115.00 194.17
114.00 194.17
113.83 194.00
113.00 193.17
112.00 193.17
111.83 193.00
111.00 192.17
110.00 192.17
109.00 192.17
108.83 192.00
108.00 191.17
107.00 191.17
106.00 191.17
105.00 191.17
104.00 191.17
103.83 191.00
103.00 190.17
102.00 190.17
101.00 190.17
100.00 190.17
99.00 190.17
98.00 190.17
97.00 190.17
96.00 190.17
95.00 190.17
94.00 190.17
93.00 190.17
92.00 190.17
91.17 191.00
91.00 191.17
90.00 191.17
89.00 191.17
88.00 191.17
87.00 191.17
86.00 191.17
85.17 192.00
85.00 192.17
84.00 192.17
83.00 192.17
82.00 192.17
81.17 193.00
81.00 193.17
80.00 193.17
79.17 194.00
79.00 194.17
78.00 194.17
77.17 195.00
77.00 195.17
76.00 195.17
75.17 196.00
75.00 196.17
74.00 196.17
73.17 197.00
73.00 197.17
72.00 197.17
71.17 198.00
71.00 198.17
70.17 199.00
70.00 199.17
69.17 200.00
69.00 200.17
68.17 201.00
68.00 201.17
67.17 202.00
67.00 202.17
66.17 203.00
66.00 203.17
65.17 204.00
65.00 204.17
64.17 205.00
64.17 206.00
64.00 206.17
63.17 207.00
63.17 208.00
63.17 209.00
63.00 209.17
62.17 210.00
62.17 211.00
62.00 211.17
61.17 212.00
61.17 213.00
61.00 213.17
60.17 214.00
60.17 215.00
60.17 216.00
60.17 217.00
60.00 217.17
59.17 218.00
59.17 219.00
59.17 220.00
59.17 221.00
59.17 222.00
59.17 223.00
59.17 224.00
59.17 225.00
60.00 225.83
60.17 226.00
60.17 227.00
60.17 228.00
60.17 229.00
61.00 229.83
61.17 230.00
61.17 231.00
61.17 232.00
62.00 232.83
62.17 233.00
62.17 234.00
62.17 235.00
62.17 236.00
62.17 237.00
63.00 237.83
63.17 238.00
63.17 239.00
63.17 240.00
64.00 240.83
64.17 241.00
64.17 242.00
65.00 242.83
65.17 243.00
65.17 244.00
66.00 244.83
66.17 245.00
67.00 245.83
67.17 246.00
68.00 246.83
68.17 247.00
69.00 247.83
69.17 248.00
70.00 248.83
70.17 249.00
71.00 249.83
71.17 250.00
72.00 250.83
72.17 251.00
73.00 251.83
73.17 252.00
74.00 252.83
75.00 252.83
75.17 253.00
76.00 253.83
77.00 253.83
77.17 254.00
78.00 254.83
79.00 254.83
79.17 255.00
80.00 255.83
81.00 255.83
82.00 255.83
83.00 255.83
83.17 256.00
84.00 256.83
85.00 256.83
86.00 256.83
87.00 256.83
88.00 256.83
89.00 256.83
90.00 256.83
91.00 256.83
92.00 256.83
92.83 256.00
93.00 255.83
94.00 255.83
95.00 255.83
96.00 255.83
96.83 255.00
97.00 254.83
98.00 254.83
99.00 254.83
100.00 254.83
101.00 254.83
101.83 254.00
102.00 253.83
103.00 253.83
103.83 253.00
104.00 252.83
105.00 252.83
105.83 252.00
106.00 251.83
107.00 251.83
107.83 251.00
108.00 250.83
109.00 250.83
109.83 250.00
110.00 249.83
110.83 249.00
111.00 248.83
112.00 248.83
112.83 248.00
113.00 247.83
113.83 247.00
114.00 246.83
114.83 246.00
115.00 245.83
115.83 245.00
116.00 244.83
116.83 244.00
117.00 243.83
117.83 243.00
118.00 242.83
119.00 242.83
119.83 242.00
120.00 241.83
120.83 241.00
121.00 240.83
121.83 240.00
122.00 239.83
122.83 239.00
123.00 238.83
123.83 238.00
124.00 237.83
124.83 237.00
125.00 236.83
125.83 236.00
126.00 235.83
126.83 235.00
127.00 234.83
127.83 234.00
128.00 233.83
128.83 233.00
128.83 232.00
129.00 231.83
129.83 231.00
130.00 230.83
130.83 230.00
130.83 229.00
131.00 228.83
131.83 228.00
131.83 227.00
132.00 226.83
132.83 226.00
132.83 225.00
133.00 224.83
133.83 224.00

Contour 4:
223.88 111.00
223.88 110.00
223.88 109.00
223.88 108.00
223.88 107.00
223.88 106.00
223.88 105.00
223.88 104.00
223.88 103.00
223.88 102.00
223.88 101.00
223.88 100.00
223.88 99.00
223.00 98.12
222.88 98.00
222.88 97.00
222.88 96.00
222.00 95.12
221.88 95.00
221.88 94.00
221.00 93.12
220.88 93.00
220.88 92.00
220.00 91.12
219.88 91.00
219.88 90.00
219.00 89.12
218.88 89.00
218.00 88.12
217.88 88.00
217.00 87.12
216.88 87.00
216.00 86.12
215.88 86.00
215.00 85.12
214.88 85.00
214.00 84.12
213.88 84.00
213.00 83.12
212.88 83.00
212.00 82.12
211.88 82.00
211.00 81.12
210.88 81.00
210.00 80.12
209.88 80.00
209.00 79.12
208.88 79.00
208.00 78.12
207.88 78.00
207.00 77.12
206.88 77.00
206.00 76.12
205.88 76.00
205.00 75.12
204.00 75.12
203.88 75.00
203.00 74.12
202.88 74.00
202.00 73.12
201.00 73.12
200.88 73.00
200.00 72.12
199.88 72.00
199.00 71.12
198.00 71.12
197.88 71.00
197.00 70.12
196.88 70.00
196.00 69.12
195.00 69.12
194.88 69.00
194.00 68.12
193.00 68.12
192.00 68.12
191.88 68.00
191.00 67.12
190.00 67.12
189.00 67.12
188.88 67.00
188.00 66.12
187.00 66.12
186.00 66.12
185.00 66.12
184.88 66.00
184.00 65.12
183.00 65.12
182.00 65.12
181.00 65.12
180.88 65.00
180.00 64.12
179.00 64.12
178.00 64.12
177.00 64.12
176.00 64.12
175.00 64.12
174.00 64.12
173.00 64.12
172.00 64.12
171.12 65.00
171.00 65.12
170.00 65.12
169.00 65.12
168.00 65.12
167.00 65.12
166.12 66.00
166.00 66.12
165.00 66.12
164.12 67.00
164.00 67.12
163.00 67.12
162.00 67.12
161.12 68.00
161.00 68.12
160.00 68.12
159.12 69.00
159.00 69.12
158.00 69.12
157.00 69.12
156.12 70.00
156.00 70.12
155.00 70.12
154.12 71.00
154.00 71.12
153.12 72.00
153.00 72.12
152.00 72.12
151.12 73.00
151.00 73.12
150.00 73.12
149.12 74.00
149.00 74.12
148.12 75.00
148.00 75.12
147.12 76.00
147.00 76.12
146.12 77.00
146.00 77.12
145.12 78.00
145.00 78.12
144.12 79.00
144.00 79.12
143.12 80.00
143.00 80.12
142.12 81.00
142.12 82.00
142.00 82.12
141.12 83.00
141.00 83.12
140.12 84.00
140.12 85.00
140.00 85.12
139.12 86.00
139.12 87.00
139.12 88.00
139.00 88.12
138.12 89.00
138.12 90.00
138.12 91.00
138.12 92.00
138.12 93.00
138.00 93.12
137.12 94.00
137.12 95.00
137.12 96.00
137.12 97.00
137.12 98.00
137.12 99.00
138.00 99.88
138.12 100.00
138.12 101.00
138.12 102.00
138.12 103.00
138.12 104.00
138.12 105.00
138.12 106.00
139.00 106.88
139.12 107.00
139.12 108.00
139.12 109.00
139.12 110.00
139.12 111.00
140.00 111.88
140.12 112.00
140.12 113.00
141.00 113.88
141.12 114.00
141.12 115.00
141.12 116.00
142.00 116.88
142.12 117.00
142.12 118.00
143.00 118.88
143.12 119.00
143.12 120.00
144.00 120.88
144.12 121.00
144.12 122.00
145.00 122.88
145.12 123.00
145.12 124.00
146.00 124.88
146.12 125.00
146.12 126.00
147.00 126.88
147.12 127.00
148.00 127.88
148.12 128.00
149.00 128.88
149.12 129.00
150.00 129.88
150.12 130.00
151.00 130.88
151.12 131.00
152.00 131.88
152.12 132.00
153.00 132.88
154.00 132.88
154.12 133.00
155.00 133.88
156.00 133.88
156.12 134.00
157.00 134.88
157.12 135.00
158.00 135.88
159.00 135.88
159.12 136.00
160.00 136.88
161.00 136.88
161.12 137.00
162.00 137.88
163.00 137.88
164.00 137.88
164.12 138.00
165.00 138.88
166.00 138.88
166.12 139.00
167.00 139.88
168.00 139.88
169.00 139.88
169.12 140.00
170.00 140.88
171.00 140.88
172.00 140.88
173.00 140.88
173.12 141.00
174.00 141.88
175.00 141.88
176.00 141.88
177.00 141.88
178.00 141.88
179.00 141.88
180.00 141.88
181.00 141.88
182.00 141.88
183.00 141.88
184.00 141.88
184.88 141.00
185.00 140.88
186.00 140.88
187.00 140.88
188.00 140.88
188.88 140.00
189.00 139.88
190.00 139.88
190.88 139.00
191.00 138.88
192.00 138.88
193.00 138.88
193.88 138.00
194.00 137.88
195.00 137.88
196.00 137.88
196.88 137.00
197.00 136.88
198.00 136.88
199.00 136.88
199.88 136.00
200.00 135.88
201.00 135.88
202.00 135.88
203.00 135.88
203.88 135.00
204.00 134.88
204.88 134.00
205.00 133.88
206.00 133.88
206.88 133.00
207.00 132.88
207.88 132.00
208.00 131.88
209.00 131.88
209.88 131.00
210.00 130.88
210.88 130.00
211.00 129.88
212.00 129.88
212.88 129.00
213.00 128.88
213.88 128.00
214.00 127.88
214.88 127.00
214.88 126.00
215.00 125.88
215.88 125.00
216.00 124.88
216.88 124.00
217.00 123.88
217.88 123.00
217.88 122.00
218.00 121.88
218.88 121.00
218.88 120.00
219.00 119.88
219.88 119.00
220.00 118.88
220.88 118.00
220.88 117.00
221.00 116.88
221.88 116.00
221.88 115.00
221.88 114.00
222.00 113.88
222.88 113.00
222.88 112.00
223.00 111.88
223.88 111.00

Contour 5:
214.90 827.00
214.00 826.10
213.90 826.00
213.90 825.00
213.90 824.00
213.90 823.00
213.90 822.00
213.90 821.00
213.90 820.00
213.00 819.10
212.90 819.00
212.90 818.00
212.90 817.00
212.00 816.10
211.90 816.00
211.90 815.00
211.00 814.10
210.90 814.00
210.90 813.00
210.00 812.10
209.90 812.00
209.00 811.10
208.90 811.00
208.00 810.10
207.90 810.00
207.00 809.10
206.90 809.00
206.00 808.10
205.90 808.00
205.00 807.10
204.90 807.00
204.00 806.10
203.90 806.00
203.00 805.10
202.90 805.00
202.00 804.10
201.00 804.10
200.90 804.00
200.00 803.10
199.90 803.00
199.00 802.10
198.00 802.10
197.90 802.00
197.00 801.10
196.00 801.10
195.00 801.10
194.90 801.00
194.00 800.10
193.00 800.10
192.00 800.10
191.00 800.10
190.90 800.00
190.00 799.10
189.00 799.10
188.00 799.10
187.00 799.10
186.00 799.10
185.00 799.10
184.00 799.10
183.00 799.10
182.00 799.10
181.00 799.10
180.00 799.10
179.10 800.00
179.00 800.10
178.00 800.10
177.00 800.10
176.00 800.10
175.10 801.00
175.00 801.10
174.00 801.10
173.10 802.00
173.00 802.10
172.00 802.10
171.00 802.10
170.10 803.00
170.00 803.10
169.00 803.10
168.10 804.00
168.00 804.10
167.00 804.10
166.10 805.00
166.00 805.10
165.00 805.10
164.10 806.00
164.00 806.10
163.10 807.00
163.00 807.10
162.00 807.10
161.10 808.00
161.00 808.10
160.10 809.00
160.00 809.10
159.10 810.00
159.00 810.10
158.10 811.00
158.00 811.10
157.10 812.00
157.00 812.10
156.10 813.00
156.00 813.10
155.10 814.00
155.00 814.10
154.10 815.00
154.00 815.10
153.10 816.00
153.10 817.00
153.00 817.10
152.10 818.00
152.00 818.10
151.10 819.00
151.10 820.00
151.00 820.10
150.10 821.00
150.10 822.00
150.00 822.10
149.10 823.00
149.10 824.00
149.00 824.10
148.10 825.00
148.10 826.00
148.00 826.10
147.10 827.00
147.10 828.00
147.10 829.00
147.10 830.00
147.10 831.00
147.00 831.10
146.10 832.00
146.10 833.00
146.10 834.00
146.10 835.00
146.10 836.00
146.10 837.00
146.10 838.00
146.10 839.00
147.00 839.90
147.10 840.00
147.10 841.00
147.10 842.00
147.10 843.00
148.00 843.90
148.10 844.00
148.10 845.00
149.00 845.90
149.10 846.00
149.10 847.00
150.00 847.90
150.10 848.00
150.10 849.00
151.00 849.90
151.10 850.00
152.00 850.90
152.10 851.00
153.00 851.90
153.10 852.00
153.10 853.00
154.00 853.90
154.10 854.00
155.00 854.90
155.10 855.00
156.00 855.90
156.10 856.00
157.00 856.90
157.10 857.00
158.00 857.90
158.10 858.00
159.00 858.90
160.00 858.90
160.10 859.00
161.00 859.90
162.00 859.90
162.10 860.00
163.00 860.90
164.00 860.90
165.00 860.90
165.10 861.00
166.00 861.90
167.00 861.90
168.00 861.90
169.00 861.90
170.00 861.90
171.00 861.90
171.10 862.00
172.00 862.90
173.00 862.90
174.00 862.90
175.00 862.90
176.00 862.90
176.90 862.00
177.00 861.90
178.00 861.90
179.00 861.90
180.00 861.90
181.00 861.90
182.00 861.90
183.00 861.90
184.00 861.90
185.00 861.90
185.90 861.00
186.00 860.90
187.00 860.90
188.00 860.90
188.90 860.00
189.00 859.90
190.00 859.90
190.90 859.00
191.00 858.90
192.00 858.90
192.90 858.00
193.00 857.90
194.00 857.90
194.90 857.00
195.00 856.90
195.90 856.00
196.00 855.90
197.00 855.90
197.90 855.00
198.00 854.90
198.90 854.00
199.00 853.90
199.90 853.00
200.00 852.90
200.90 852.00
201.00 851.90
202.00 851.90
202.90 851.00
203.00 850.90
203.90 850.00
204.00 849.90
204.90 849.00
204.90 848.00
205.00 847.90
205.90 847.00
206.00 846.90
206.90 846.00
207.00 845.90
207.90 845.00
207.90 844.00
208.00 843.90
208.90 843.00
209.00 842.90
209.90 842.00
209.90 841.00
210.00 840.90
210.90 840.00
210.90 839.00
211.00 838.90
211.90 838.00
211.90 837.00
212.00 836.90
212.90 836.00
212.90 835.00
212.90 834.00
213.00 833.90
213.90 833.00
213.90 832.00
213.90 831.00
213.90 830.00
213.90 829.00
213.90 828.00
214.00 827.90
214.90 827.00

Contour 6:
329.92 391.00
329.92 390.00
329.00 389.08
328.92 389.00
328.92 388.00
328.92 387.00
328.92 386.00
328.92 385.00
328.00 384.08
327.92 384.00
327.92 383.00
327.92 382.00
327.00 381.08
326.92 381.00
326.92 380.00
326.92 379.00
326.92 378.00
326.00 377.08
325.92 377.00
325.92 376.00
325.00 375.08
324.92 375.00
324.00 374.08
323.92 374.00
323.00 373.08
322.92 373.00
322.92 372.00
322.00 371.08
321.92 371.00
321.00 370.08
320.92 370.00
320.00 369.08
319.92 369.00
319.00 368.08
318.00 368.08
317.92 368.00
317.00 367.08
316.92 367.00
316.00 366.08
315.92 366.00
315.00 365.08
314.00 365.08
313.92 365.00
313.00 364.08
312.00 364.08
311.92 364.00
311.00 363.08
310.00 363.08
309.92 363.00
309.00 362.08
308.00 362.08
307.00 362.08
306.92 362.00
306.00 361.08
305.00 361.08
304.00 361.08
303.00 361.08
302.00 361.08
301.00 361.08
300.00 361.08
299.00 361.08
298.00 361.08
297.00 361.08
296.08 362.00
296.00 362.08
295.00 362.08
294.00 362.08
293.00 362.08
292.08 363.00
292.00 363.08
291.00 363.08
290.00 363.08
289.08 364.00
289.00 364.08
288.00 364.08
287.00 364.08
286.08 365.00
286.00 365.08
285.00 365.08
284.08 366.00
284.00 366.08
283.00 366.08
282.08 367.00
282.00 367.08
281.00 367.08
280.08 368.00
280.00 368.08
279.08 369.00
279.00 369.08
278.00 369.08
277.08 370.00
277.00 370.08
276.08 371.00
276.00 371.08
275.08 372.00
275.00 372.08
274.08 373.00
274.00 373.08
273.08 374.00
273.00 374.08
272.08 375.00
272.00 375.08
271.08 376.00
271.08 377.00
271.00 377.08
270.08 378.00
270.00 378.08
269.08 379.00
269.08 380.00
269.08 381.00
269.00 381.08
268.08 382.00
268.08 383.00
268.00 383.08
267.08 384.00
267.08 385.00
267.08 386.00
267.00 386.08
266.08 387.00
266.08 388.00
266.08 389.00
266.08 390.00
266.00 390.08
265.08 391.00
265.08 392.00
265.08 393.00
265.08 394.00
265.08 395.00
265.08 396.00
265.08 397.00
265.08 398.00
266.00 398.92
266.08 399.00
266.08 400.00
266.08 401.00
267.00 401.92
267.08 402.00
267.08 403.00
268.00 403.92
268.08 404.00
268.08 405.00
269.00 405.92
269.08 406.00
269.08 407.00
269.08 408.00
270.00 408.92
270.08 409.00
270.08 410.00
271.00 410.92
271.08 411.00
271.08 412.00
272.00 412.92
272.08 413.00
272.08 414.00
273.00 414.92
273.08 415.00
273.08 416.00
274.00 416.92
274.08 417.00
274.08 418.00
275.00 418.92
275.08 419.00
275.08 420.00
276.00 420.92
276.08 421.00
277.00 421.92
277.08 422.00
278.00 422.92
278.08 423.00
279.00 423.92
279.08 424.00
280.00 424.92
280.08 425.00
281.00 425.92
281.08 426.00
282.00 426.92
282.08 427.00
283.00 427.92
283.08 428.00
284.00 428.92
285.00 428.92
285.08 429.00
286.00 429.92
287.00 429.92
287.08 430.00
288.00 430.92
289.00 430.92
290.00 430.92
290.08 431.00
291.00 431.92
292.00 431.92
293.00 431.92
294.00 431.92
294.08 432.00
295.00 432.92
296.00 432.92
297.00 432.92
298.00 432.92
299.00 432.92
299.92 432.00
300.00 431.92
301.00 431.92
302.00 431.92
302.92 431.00
303.00 430.92
304.00 430.92
305.00 430.92
305.92 430.00
306.00 429.92
307.00 429.92
307.92 429.00
308.00 428.92
308.92 428.00
309.00 427.92
309.92 427.00
310.00 426.92
310.92 426.00
311.00 425.92
311.92 425.00
312.00 424.92
312.92 424.00
313.00 423.92
313.92 423.00
314.00 422.92
314.92 422.00
314.92 421.00
315.00 420.92
315.92 420.00
316.00 419.92
316.92 419.00
317.00 418.92
317.92 418.00
318.00 417.92
318.92 417.00
319.00 416.92
319.92 416.00
319.92 415.00
320.00 414.92
320.92 414.00
321.00 413.92
321.92 413.00
322.00 412.92
322.92 412.00
322.92 411.00
323.00 410.92
323.92 410.00
323.92 409.00
324.00 408.92
324.92 408.00
324.92 407.00
325.00 406.92
325.92 406.00
325.92 405.00
326.00 404.92
326.92 404.00
326.92 403.00
326.92 402.00
327.00 401.92
327.92 401.00
327.92 400.00
327.92 399.00
328.00 398.92
328.92 398.00
328.92 397.00
328.92 396.00
328.92 395.00
328.92 394.00
328.92 393.00
328.92 392.00
329.00 391.92
329.92 391.00

Contour 7:
369.93 499.00
369.93 498.00
369.93 497.00
369.93 496.00
369.93 495.00
369.93 494.00
369.00 493.07
368.93 493.00
368.93 492.00
368.93 491.00
368.93 490.00
368.93 489.00
368.00 488.07
367.93 488.00
367.93 487.00
367.93 486.00
367.00 485.07
366.93 485.00
366.93 484.00
366.00 483.07
365.93 483.00
365.93 482.00
365.00 481.07
364.93 481.00
364.00 480.07
363.93 480.00
363.93 479.00
363.00 478.07
362.93 478.00
362.00 477.07
361.93 477.00
361.00 476.07
360.93 476.00
360.00 475.07
359.00 475.07
358.93 475.00
358.00 474.07
357.93 474.00
357.00 473.07
356.00 473.07
355.93 473.00
355.00 472.07
354.00 472.07
353.93 472.00
353.00 471.07
352.00 471.07
351.00 471.07
350.00 471.07
349.00 471.07
348.00 471.07
347.93 471.00
347.00 470.07
346.00 470.07
345.07 471.00
345.00 471.07
344.00 471.07
343.00 471.07
342.00 471.07
341.00 471.07
340.00 471.07
339.00 471.07
338.00 471.07
337.00 471.07
336.00 471.07
335.00 471.07
334.07 472.00
334.00 472.07
333.00 472.07
332.00 472.07
331.00 472.07
330.00 472.07
329.00 472.07
328.07 473.00
328.00 473.07
327.00 473.07
326.00 473.07
325.07 474.00
325.00 474.07
324.00 474.07
323.00 474.07
322.00 474.07
321.07 475.00
321.00 475.07
320.00 475.07
319.00 475.07
318.07 476.00
318.00 476.07
317.00 476.07
316.00 476.07
315.07 477.00
315.00 477.07
314.00 477.07
313.00 477.07
312.07 478.00
312.00 478.07
311.00 478.07
310.07 479.00
310.00 479.07
309.00 479.07
308.07 480.00
308.00 480.07
307.00 480.07
306.07 481.00
306.00 481.07
305.07 482.00
305.07 483.00
305.00 483.07
304.07 484.00
304.00 484.07
303.07 485.00
303.07 486.00
303.07 487.00
303.07 488.00
303.07 489.00
303.07 490.00
303.07 491.00
303.07 492.00
303.07 493.00
303.07 494.00
303.07 495.00
304.00 495.93
304.07 496.00
304.07 497.00
304.07 498.00
305.00 498.93
305.07 499.00
305.07 500.00
306.00 500.93
306.07 501.00
306.07 502.00
307.00 502.93
307.07 503.00
307.07 504.00
308.00 504.93
308.07 505.00
309.00 505.93
309.07 506.00
309.07 507.00
310.00 507.93
310.07 508.00
311.00 508.93
311.07 509.00
312.00 509.93
312.07 510.00
313.00 510.93
313.07 511.00
314.00 511.93
314.07 512.00
315.00 512.93
316.00 512.93
316.07 513.00
317.00 513.93
317.07 514.00
318.00 514.93
319.00 514.93
319.07 515.00
320.00 515.93
321.00 515.93
322.00 515.93
322.07 516.00
323.00 516.93
324.00 516.93
325.00 516.93
326.00 516.93
327.00 516.93
327.07 517.00
328.00 517.93
329.00 517.93
330.00 517.93
331.00 517.93
332.00 517.93
333.00 517.93
334.00 517.93
335.00 517.93
336.00 517.93
337.00 517.93
338.00 517.93
339.00 517.93
340.00 517.93
341.00 517.93
342.00 517.93
343.00 517.93
344.00 517.93
345.00 517.93
346.00 517.93
347.00 517.93
348.00 517.93
348.93 517.00
349.00 516.93
350.00 516.93
351.00 516.93
351.93 516.00
352.00 515.93
353.00 515.93
354.00 515.93
354.93 515.00
355.00 514.93
356.00 514.93
356.93 514.00
357.00 513.93
358.00 513.93
358.93 513.00
359.00 512.93
360.00 512.93
360.93 512.00
361.00 511.93
362.00 511.93
362.93 511.00
363.00 510.93
363.93 510.00
364.00 509.93
364.93 509.00
365.00 508.93
365.93 508.00
366.00 507.93
366.93 507.00
366.93 506.00
367.00 505.93
367.93 505.00
367.93 504.00
368.00 503.93
368.93 503.00
368.93 502.00
368.93 501.00
368.93 500.00
369.00 499.93
369.93 499.00

Contour 8:
449.94 150.00
449.94 149.00
449.94 148.00
449.94 147.00
449.94 146.00
449.94 145.00
449.94 144.00
449.94 143.00
449.94 142.00
449.94 141.00
449.94 140.00
449.94 139.00
449.94 138.00
449.94 137.00
449.94 136.00
449.94 135.00
449.00 134.06
448.94 134.00
448.94 133.00
448.94 132.00
448.00 131.06
447.94 131.00
447.94 130.00
447.00 129.06
446.94 129.00
446.94 128.00
446.00 127.06
445.94 127.00
445.94 126.00
445.00 125.06
444.94 125.00
444.00 124.06
443.94 124.00
443.00 123.06
442.94 123.00
442.00 122.06
441.94 122.00
441.00 121.06
440.94 121.00
440.00 120.06
439.94 120.00
439.00 119.06
438.00 119.06
437.94 119.00
437.00 118.06
436.94 118.00
436.00 117.06
435.00 117.06
434.94 117.00
434.00 116.06
433.00 116.06
432.94 116.00
432.00 115.06
431.00 115.06
430.00 115.06
429.94 115.00
429.00 114.06
428.00 114.06
427.94 114.00
427.00 113.06
426.00 113.06
425.00 113.06
424.94 113.00
424.00 112.06
423.00 112.06
422.00 112.06
421.00 112.06
420.00 112.06
419.94 112.00
419.00 111.06
418.00 111.06
417.00 111.06
416.00 111.06
415.00 111.06
414.00 111.06
413.00 111.06
412.00 111.06
411.00 111.06
410.06 112.00
410.00 112.06
409.00 112.06
408.00 112.06
407.06 113.00
407.00 113.06
406.00 113.06
405.06 114.00
405.00 114.06
404.00 114.06
403.06 115.00
403.00 115.06
402.00 115.06
401.06 116.00
401.00 116.06
400.00 116.06
399.00 116.06
398.06 117.00
398.00 117.06
397.00 117.06
396.06 118.00
396.00 118.06
395.00 118.06
394.06 119.00
394.00 119.06
393.00 119.06
392.06 120.00
392.00 120.06
391.06 121.00
391.00 121.06
390.00 121.06
389.06 122.00
389.00 122.06
388.06 123.00
388.00 123.06
387.06 124.00
387.00 124.06
386.06 125.00
386.00 125.06
385.06 126.00
385.06 127.00
385.00 127.06
384.06 128.00
384.00 128.06
383.06 129.00
383.00 129.06
382.06 130.00
382.06 131.00
382.00 131.06
381.06 132.00
381.06 133.00
381.00 133.06
380.06 134.00
380.06 135.00
380.00 135.06
379.06 136.00
379.06 137.00
379.00 137.06
378.06 138.00
378.06 139.00
378.00 139.06
377.06 140.00
377.06 141.00
377.06 142.00
377.00 142.06
376.06 143.00
376.06 144.00
376.06 145.00
376.06 146.00
376.06 147.00
376.06 148.00
376.06 149.00
376.00 149.06
375.06 150.00
375.06 151.00
375.06 152.00
375.06 153.00
375.06 154.00
375.06 155.00
375.06 156.00
376.00 156.94
376.06 157.00
376.06 158.00
376.06 159.00
376.06 160.00
376.06 161.00
377.00 161.94
377.06 162.00
377.06 163.00
377.06 164.00
377.06 165.00
378.00 165.94
378.06 166.00
378.06 167.00
379.00 167.94
379.06 168.00
379.06 169.00
380.00 169.94
380.06 170.00
381.00 170.94
381.06 171.00
382.00 171.94
382.06 172.00
383.00 172.94
383.06 173.00
384.00 173.94
384.06 174.00
384.06 175.00
385.00 175.94
385.06 176.00
386.00 176.94
386.06 177.00
387.00 177.94
387.06 178.00
388.00 178.94
388.06 179.00
389.00 179.94
390.00 179.94
390.06 180.00
391.00 180.94
391.06 181.00
392.00 181.94
392.06 182.00
393.00 182.94
393.06 183.00
394.00 183.94
395.00 183.94
395.06 184.00
396.00 184.94
397.00 184.94
397.06 185.00
398.00 185.94
399.00 185.94
400.00 185.94
401.00 185.94
401.06 186.00
402.00 186.94
403.00 186.94
404.00 186.94
405.00 186.94
406.00 186.94
407.00 186.94
408.00 186.94
409.00 186.94
410.00 186.94
411.00 186.94
412.00 186.94
413.00 186.94
414.00 186.94
415.00 186.94
416.00 186.94
416.94 186.00
417.00 185.94
418.00 185.94
419.00 185.94
420.00 185.94
420.94 185.00
421.00 184.94
422.00 184.94
423.00 184.94
423.94 184.00
424.00 183.94
425.00 183.94
425.94 183.00
426.00 182.94
426.94 182.00
427.00 181.94
428.00 181.94
428.94 181.00
429.00 180.94
429.94 180.00
430.00 179.94
431.00 179.94
431.94 179.00
432.00 178.94
432.94 178.00
433.00 177.94
433.94 177.00
434.00 176.94
434.94 176.00
435.00 175.94
435.94 175.00
436.00 174.94
436.94 174.00
437.00 173.94
437.94 173.00
438.00 172.94
438.94 172.00
439.00 171.94
439.94 171.00
440.00 170.94
440.94 170.00
440.94 169.00
441.00 168.94
441.94 168.00
442.00 167.94
442.94 167.00
443.00 166.94
443.94 166.00
443.94 165.00
444.00 164.94
444.94 164.00
444.94 163.00
445.00 162.94
445.94 162.00
445.94 161.00
445.94 160.00
446.00 159.94
446.94 159.00
446.94 158.00
447.00 157.94
447.94 157.00
447.94 156.00
447.94 155.00
448.00 154.94
448.94 154.00
448.94 153.00
448.94 152.00
448.94 151.00
449.00 150.94
449.94 150.00

Contour 9:
490.94 247.00
490.94 246.00
490.94 245.00
490.94 244.00
490.94 243.00
490.94 242.00
490.94 241.00
490.94 240.00
490.94 239.00
490.94 238.00
490.94 237.00
490.94 236.00
490.94 235.00
490.94 234.00
490.94 233.00
490.00 232.06
489.94 232.00
489.94 231.00
489.94 230.00
489.00 229.06
488.94 229.00
488.94 228.00
488.00 227.06
487.94 227.00
487.00 226.06
486.94 226.00
486.94 225.00
486.00 224.06
485.94 224.00
485.00 223.06
484.94 223.00
484.94 222.00
484.00 221.06
483.00 221.06
482.94 221.00
482.00 220.06
481.94 220.00
481.00 219.06
480.94 219.00
480.00 218.06
479.94 218.00
479.00 217.06
478.00 217.06
477.94 217.00
477.00 216.06
476.00 216.06
475.94 216.00
475.00 215.06
474.00 215.06
473.00 215.06
472.94 215.00
472.00 214.06
471.00 214.06
470.94 214.00
470.00 213.06
469.00 213.06
468.00 213.06
467.00 213.06
466.00 213.06
465.00 213.06
464.00 213.06
463.00 213.06
462.00 213.06
461.00 213.06
460.00 213.06
459.94 213.00
459.00 212.06
458.00 212.06
457.00 212.06
456.06 213.00
456.00 213.06
455.00 213.06
454.00 213.06
453.00 213.06
452.00 213.06
451.00 213.06
450.00 213.06
449.00 213.06
448.00 213.06
447.00 213.06
446.00 213.06
445.00 213.06
444.00 213.06
443.00 213.06
442.06 214.00
442.00 214.06
441.00 214.06
440.00 214.06
439.00 214.06
438.00 214.06
437.06 215.00
437.00 215.06
436.00 215.06
435.00 215.06
434.06 216.00
434.00 216.06
433.06 217.00
433.00 217.06
432.00 217.06
431.06 218.00
431.00 218.06
430.00 218.06
429.06 219.00
429.00 219.06
428.00 219.06
427.06 220.00
427.00 220.06
426.00 220.06
425.06 221.00
425.00 221.06
424.06 222.00
424.00 222.06
423.00 222.06
422.06 223.00
422.00 223.06
421.06 224.00
421.00 224.06
420.00 224.06
419.06 225.00
419.00 225.06
418.06 226.00
418.00 226.06
417.00 226.06
416.06 227.00
416.00 227.06
415.06 228.00
415.00 228.06
414.06 229.00
414.00 229.06
413.06 230.00
413.00 230.06
412.06 231.00
412.06 232.00
412.00 232.06
411.06 233.00
411.06 234.00
411.00 234.06
410.06 235.00
410.00 235.06
409.06 236.00
409.06 237.00
409.00 237.06
408.06 238.00
408.06 239.00
408.00 239.06
407.06 240.00
407.06 241.00
407.00 241.06
406.06 242.00
406.00 242.06
405.06 243.00
405.06 244.00
405.00 244.06
404.06 245.00
404.06 246.00
404.00 246.06
403.06 247.00
403.06 248.00
403.06 249.00
403.00 249.06
402.06 250.00
402.06 251.00
402.06 252.00
402.06 253.00
402.06 254.00
402.06 255.00
402.06 256.00
402.06 257.00
402.06 258.00
402.06 259.00
402.06 260.00
402.06 261.00
402.06 262.00
403.00 262.94
403.06 263.00
403.06 264.00
404.00 264.94
404.06 265.00
404.06 266.00
405.00 266.94
405.06 267.00
405.06 268.00
406.00 268.94
406.06 269.00
407.00 269.94
407.06 270.00
407.06 271.00
408.00 271.94
408.06 272.00
409.00 272.94
409.06 273.00
410.00 273.94
410.06 274.00
411.00 274.94
411.06 275.00
412.00 275.94
412.06 276.00
413.00 276.94
413.06 277.00
414.00 277.94
415.00 277.94
415.06 278.00
416.00 278.94
416.06 279.00
417.00 279.94
418.00 279.94
418.06 280.00
419.00 280.94
420.00 280.94
420.06 281.00
421.00 281.94
422.00 281.94
422.06 282.00
423.00 282.94
424.00 282.94
425.00 282.94
426.00 282.94
427.00 282.94
427.06 283.00
428.00 283.94
429.00 283.94
430.00 283.94
431.00 283.94
432.00 283.94
433.00 283.94
433.06 284.00
434.00 284.94
435.00 284.94
436.00 284.94
437.00 284.94
438.00 284.94
439.00 284.94
440.00 284.94
441.00 284.94
441.94 284.00
442.00 283.94
443.00 283.94
444.00 283.94
445.00 283.94
446.00 283.94
447.00 283.94
448.00 283.94
448.94 283.00
449.00 282.94
450.00 282.94
451.00 282.94
452.00 282.94
453.00 282.94
453.94 282.00
454.00 281.94
455.00 281.94
456.00 281.94
456.94 281.00
457.00 280.94
458.00 280.94
459.00 280.94
459.94 280.00
460.00 279.94
461.00 279.94
461.94 279.00
462.00 278.94
463.00 278.94
464.00 278.94
464.94 278.00
465.00 277.94
466.00 277.94
466.94 277.00
467.00 276.94
467.94 276.00
468.00 275.94
469.00 275.94
469.94 275.00
470.00 274.94
471.00 274.94
471.94 274.00
472.00 273.94
472.94 273.00
473.00 272.94
474.00 272.94
474.94 272.00
475.00 271.94
475.94 271.00
476.00 270.94
476.94 270.00
477.00 269.94
477.94 269.00
478.00 268.94
478.94 268.00
479.00 267.94
479.94 267.00
480.00 266.94
480.94 266.00
481.00 265.94
481.94 265.00
482.00 264.94
482.94 264.00
483.00 263.94
483.94 263.00
483.94 262.00
484.00 261.94
484.94 261.00
485.00 260.94
485.94 260.00
485.94 259.00
486.00 258.94
486.94 258.00
486.94 257.00
487.00 256.94
487.94 256.00
487.94 255.00
488.00 254.94
488.94 254.00
488.94 253.00
488.94 252.00
489.00 251.94
489.94 251.00
489.94 250.00
489.94 249.00
489.94 248.00
490.00 247.94
490.94 247.00

Contour 10:
436.95 413.00
436.95 412.00
436.95 411.00
436.95 410.00
436.95 409.00
436.95 408.00
436.95 407.00
436.95 406.00
436.00 405.05
435.95 405.00
435.95 404.00
435.00 403.05
434.95 403.00
434.95 402.00
434.00 401.05
433.00 401.05
432.95 401.00
432.00 400.05
431.00 400.05
430.00 400.05
429.00 400.05
428.00 400.05
427.00 400.05
426.00 400.05
425.05 401.00
425.00 401.05
424.00 401.05
423.05 402.00
423.00 402.05
422.00 402.05
421.05 403.00
421.00 403.05
420.05 404.00
420.00 404.05
419.05 405.00
419.00 405.05
418.05 406.00
418.00 406.05
417.05 407.00
417.00 407.05
416.05 408.00
416.00 408.05
415.05 409.00
415.00 409.05
414.05 410.00
414.00 410.05
413.00 410.05
412.05 411.00
412.00 411.05
411.05 412.00
411.00 412.05
410.00 412.05
409.05 413.00
409.00 413.05
408.05 414.00
408.00 414.05
407.05 415.00
407.00 415.05
406.00 415.05
405.05 416.00
405.00 416.05
404.05 417.00
404.00 417.05
403.05 418.00
403.05 419.00
403.05 420.00
403.05 421.00
403.05 422.00
403.05 423.00
404.00 423.95
404.05 424.00
404.05 425.00
405.00 425.95
405.05 426.00
406.00 426.95
406.05 427.00
407.00 427.95
408.00 427.95
408.05 428.00
409.00 428.95
410.00 428.95
411.00 428.95
412.00 428.95
413.00 428.95
414.00 428.95
415.00 428.95
416.00 428.95
417.00 428.95
418.00 428.95
419.00 428.95
419.95 428.00
420.00 427.95
421.00 427.95
422.00 427.95
423.00 427.95
423.95 427.00
424.00 426.95
425.00 426.95
425.95 426.00
426.00 425.95
426.95 425.00
427.00 424.95
428.00 424.95
428.95 424.00
429.00 423.95
429.95 423.00
430.00 422.95
430.95 422.00
431.00 421.95
431.95 421.00
432.00 420.95
432.95 420.00
433.00 419.95
433.95 419.00
433.95 418.00
434.00 417.95
434.95 417.00
435.00 416.95
435.95 416.00
435.95 415.00
435.95 414.00
436.00 413.95
436.95 413.00

Contour 11:
521.95 699.00
521.95 698.00
521.95 697.00
521.95 696.00
521.95 695.00
521.95 694.00
521.95 693.00
521.95 692.00
521.95 691.00
521.95 690.00
521.00 689.05
520.95 689.00
520.95 688.00
520.95 687.00
520.95 686.00
520.00 685.05
519.95 685.00
519.95 684.00
519.95 683.00
519.00 682.05
518.95 682.00
518.95 681.00
518.95 680.00
518.00 679.05
517.95 679.00
517.95 678.00
517.00 677.05
516.95 677.00
516.95 676.00
516.00 675.05
515.95 675.00
515.95 674.00
515.00 673.05
514.95 673.00
514.00 672.05
513.95 672.00
513.00 671.05
512.95 671.00
512.00 670.05
511.95 670.00
511.00 669.05
510.00 669.05
509.95 669.00
509.00 668.05
508.95 668.00
508.00 667.05
507.00 667.05
506.00 667.05
505.95 667.00
505.00 666.05
504.00 666.05
503.95 666.00
503.00 665.05
502.00 665.05
501.00 665.05
500.00 665.05
499.00 665.05
498.00 665.05
497.95 665.00
497.00 664.05
496.00 664.05
495.00 664.05
494.00 664.05
493.00 664.05
492.00 664.05
491.00 664.05
490.05 665.00
490.00 665.05
489.00 665.05
488.00 665.05
487.00 665.05
486.05 666.00
486.00 666.05
485.00 666.05
484.00 666.05
483.05 667.00
483.00 667.05
482.00 667.05
481.05 668.00
481.00 668.05
480.00 668.05
479.05 669.00
479.00 669.05
478.00 669.05
477.05 670.00
477.00 670.05
476.05 671.00
476.00 671.05
475.00 671.05
474.05 672.00
474.00 672.05
473.05 673.00
473.00 673.05
472.05 674.00
472.00 674.05
471.05 675.00
471.00 675.05
470.05 676.00
470.00 676.05
469.05 677.00
469.00 677.05
468.05 678.00
468.00 678.05
467.05 679.00
467.00 679.05
466.05 680.00
466.05 681.00
466.00 681.05
465.05 682.00
465.00 682.05
464.05 683.00
464.05 684.00
464.00 684.05
463.05 685.00
463.05 686.00
463.05 687.00
463.00 687.05
462.05 688.00
462.05 689.00
462.05 690.00
462.05 691.00
462.00 691.05
461.05 692.00
461.05 693.00
461.05 694.00
461.05 695.00
461.05 696.00
461.05 697.00
461.05 698.00
461.05 699.00
461.05 700.00
461.05 701.00
461.05 702.00
461.05 703.00
461.05 704.00
461.05 705.00
461.05 706.00
461.05 707.00
462.00 707.95
462.05 708.00
462.05 709.00
463.00 709.95
463.05 710.00
463.05 711.00
463.05 712.00
464.00 712.95
464.05 713.00
465.00 713.95
465.05 714.00
465.05 715.00
466.00 715.95
466.05 716.00
467.00 716.95
467.05 717.00
468.00 717.95
468.05 718.00
468.05 719.00
469.00 719.95
469.05 720.00
470.00 720.95
470.05 721.00
471.00 721.95
471.05 722.00
472.00 722.95
472.05 723.00
473.00 723.95
473.05 724.00
474.00 724.95
474.05 725.00
475.00 725.95
476.00 725.95
476.05 726.00
477.00 726.95
478.00 726.95
478.05 727.00
479.00 727.95
480.00 727.95
480.05 728.00
481.00 728.95
482.00 728.95
483.00 728.95
484.00 728.95
485.00 728.95
486.00 728.95
487.00 728.95
488.00 728.95
488.05 729.00
489.00 729.95
490.00 729.95
491.00 729.95
492.00 729.95
492.95 729.00
493.00 728.95
494.00 728.95
495.00 728.95
496.00 728.95
497.00 728.95
498.00 728.95
498.95 728.00
499.00 727.95
499.95 727.00
500.00 726.95
500.95 726.00
501.00 725.95
502.00 725.95
502.95 725.00
503.00 724.95
503.95 724.00
504.00 723.95
504.95 723.00
505.00 722.95
505.95 722.00
506.00 721.95
506.95 721.00
507.00 720.95
507.95 720.00
508.00 719.95
509.00 719.95
509.95 719.00
510.00 718.95
510.95 718.00
511.00 717.95
511.95 717.00
512.00 716.95
512.95 716.00
513.00 715.95
513.95 715.00
514.00 714.95
514.95 714.00
514.95 713.00
515.00 712.95
515.95 712.00
516.00 711.95
516.95 711.00
517.00 710.95
517.95 710.00
517.95 709.00
518.00 708.95
518.95 708.00
518.95 707.00
519.00 706.95
519.95 706.00
519.95 705.00
519.95 704.00
520.00 703.95
520.95 703.00
520.95 702.00
520.95 701.00
520.95 700.00
521.00 699.95
521.95 699.00

Contour 12:
550.96 458.00
550.96 457.00
550.96 456.00
550.96 455.00
550.96 454.00
550.96 453.00
550.96 452.00
550.96 451.00
550.96 450.00
550.96 449.00
550.96 448.00
550.96 447.00
550.00 446.04
549.96 446.00
549.96 445.00
549.96 444.00
549.96 443.00
549.96 442.00
549.00 441.04
548.96 441.00
548.96 440.00
548.00 439.04
547.96 439.00
547.96 438.00
547.00 437.04
546.96 437.00
546.96 436.00
546.00 435.04
545.96 435.00
545.00 434.04
544.96 434.00
544.96 433.00
544.00 432.04
543.96 432.00
543.00 431.04
542.96 431.00
542.00 430.04
541.96 430.00
541.96 429.00
541.00 428.04
540.96 428.00
540.00 427.04
539.96 427.00
539.00 426.04
538.96 426.00
538.00 425.04
537.00 425.04
536.96 425.00
536.00 424.04
535.00 424.04
534.96 424.00
534.00 423.04
533.96 423.00
533.00 422.04
532.00 422.04
531.96 422.00
531.00 421.04
530.00 421.04
529.96 421.00
529.00 420.04
528.00 420.04
527.00 420.04
526.96 420.00
526.00 419.04
525.00 419.04
524.00 419.04
523.96 419.00
523.00 418.04
522.00 418.04
521.00 418.04
520.00 418.04
519.00 418.04
518.00 418.04
517.00 418.04
516.00 418.04
515.00 418.04
514.00 418.04
513.00 418.04
512.04 419.00
512.00 419.04
511.00 419.04
510.00 419.04
509.04 420.00
509.00 420.04
508.00 420.04
507.04 421.00
507.00 421.04
506.00 421.04
505.04 422.00
505.00 422.04
504.00 422.04
503.04 423.00
503.00 423.04
502.04 424.00
502.00 424.04
501.04 425.00
501.00 425.04
500.04 426.00
500.00 426.04
499.04 427.00
499.00 427.04
498.04 428.00
498.00 428.04
497.04 429.00
497.00 429.04
496.04 430.00
496.00 430.04
495.04 431.00
495.04 432.00
495.00 432.04
494.04 433.00
494.00 433.04
493.04 434.00
493.04 435.00
493.04 436.00
493.00 436.04
492.04 437.00
492.04 438.00
492.00 438.04
491.04 439.00
491.04 440.00
491.04 441.00
491.00 441.04
490.04 442.00
490.04 443.00
490.04 444.00
490.04 445.00
490.04 446.00
490.04 447.00
490.04 448.00
490.04 449.00
490.04 450.00
490.04 451.00
490.04 452.00
490.04 453.00
490.04 454.00
491.00 454.96
491.04 455.00
491.04 456.00
491.04 457.00
491.04 458.00
492.00 458.96
492.04 459.00
492.04 460.00
493.00 460.96
493.04 461.00
493.04 462.00
494.00 462.96
494.04 463.00
494.04 464.00
495.00 464.96
495.04 465.00
495.04 466.00
496.00 466.96
496.04 467.00
497.00 467.96
497.04 468.00
498.00 468.96
498.04 469.00
499.00 469.96
499.04 470.00
500.00 470.96
500.04 471.00
501.00 471.96
501.04 472.00
502.00 472.96
502.04 473.00
503.00 473.96
503.04 474.00
504.00 474.96
505.00 474.96
505.04 475.00
506.00 475.96
506.04 476.00
507.00 476.96
508.00 476.96
508.04 477.00
509.00 477.96
510.00 477.96
510.04 478.00
511.00 478.96
512.00 478.96
512.04 479.00
513.00 479.96
514.00 479.96
514.04 480.00
515.00 480.96
516.00 480.96
517.00 480.96
517.04 481.00
518.00 481.96
519.00 481.96
520.00 481.96
521.00 481.96
522.00 481.96
523.00 481.96
524.00 481.96
525.00 481.96
526.00 481.96
527.00 481.96
528.00 481.96
528.96 481.00
529.00 480.96
530.00 480.96
531.00 480.96
531.96 480.00
532.00 479.96
533.00 479.96
533.96 479.00
534.00 478.96
535.00 478.96
535.96 478.00
536.00 477.96
537.00 477.96
537.96 477.00
538.00 476.96
538.96 476.00
539.00 475.96
539.96 475.00
540.00 474.96
540.96 474.00
541.00 473.96
541.96 473.00
542.00 472.96
542.96 472.00
543.00 471.96
543.96 471.00
544.00 470.96
544.96 470.00
545.00 469.96
545.96 469.00
545.96 468.00
546.00 467.96
546.96 467.00
546.96 466.00
547.00 465.96
547.96 465.00
547.96 464.00
548.00 463.96
548.96 463.00
549.00 462.96
549.96 462.00
549.96 461.00
549.96 460.00
549.96 459.00
550.00 458.96
550.96 458.00

Contour 13:
555.96 532.00
555.96 531.00
555.96 530.00
555.96 529.00
555.96 528.00
555.00 527.04
554.96 527.00
554.96 526.00
554.96 525.00
554.96 524.00
554.96 523.00
554.00 522.04
553.96 522.00
553.96 521.00
553.96 520.00
553.00 519.04
552.96 519.00
552.96 518.00
552.00 517.04
551.96 517.00
551.96 516.00
551.00 515.04
550.96 515.00
550.00 514.04
549.96 514.00
549.00 513.04
548.96 513.00
548.00 512.04
547.96 512.00
547.00 511.04
546.96 511.00
546.00 510.04
545.00 510.04
544.96 510.00
544.00 509.04
543.00 509.04
542.96 509.00
542.00 508.04
541.00 508.04
540.96 508.00
540.00 507.04
539.00 507.04
538.00 507.04
537.96 507.00
537.00 506.04
536.00 506.04
535.00 506.04
534.96 506.00
534.00 505.04
533.00 505.04
532.00 505.04
531.00 505.04
530.96 505.00
530.00 504.04
529.00 504.04
528.00 504.04
527.00 504.04
526.00 504.04
525.00 504.04
524.00 504.04
523.00 504.04
522.00 504.04
521.04 505.00
521.00 505.04
520.00 505.04
519.04 506.00
519.00 506.04
518.00 506.04
517.04 507.00
517.00 507.04
516.00 507.04
515.04 508.00
515.00 508.04
514.00 508.04
513.04 509.00
513.00 509.04
512.00 509.04
511.04 510.00
511.00 510.04
510.00 510.04
509.04 511.00
509.00 511.04
508.04 512.00
508.00 512.04
507.00 512.04
506.04 513.00
506.00 513.04
505.04 514.00
505.00 514.04
504.04 515.00
504.00 515.04
503.04 516.00
503.00 516.04
502.04 517.00
502.00 517.04
501.04 518.00
501.00 518.04
500.04 519.00
500.04 520.00
500.00 520.04
499.04 521.00
499.04 522.00
499.00 522.04
498.04 523.00
498.00 523.04
497.04 524.00
497.04 525.00
497.00 525.04
496.04 526.00
496.04 527.00
496.00 527.04
495.04 528.00
495.04 529.00
495.04 530.00
495.04 531.00
495.00 531.04
494.04 532.00
494.04 533.00
494.04 534.00
494.04 535.00
494.04 536.00
494.04 537.00
494.04 538.00
495.00 538.96
495.04 539.00
495.04 540.00
495.04 541.00
495.04 542.00
495.04 543.00
496.00 543.96
496.04 544.00
496.04 545.00
496.04 546.00
496.04 547.00
497.00 547.96
497.04 548.00
497.04 549.00
498.00 549.96
498.04 550.00
499.00 550.96
499.04 551.00
499.04 552.00
500.00 552.96
500.04 553.00
501.00 553.96
501.04 554.00
501.04 555.00
502.00 555.96
502.04 556.00
503.00 556.96
503.04 557.00
504.00 557.96
504.04 558.00
505.00 558.96
505.04 559.00
506.00 559.96
506.04 560.00
507.00 560.96
508.00 560.96
508.04 561.00
509.00 561.96
510.00 561.96
510.04 562.00
511.00 562.96
512.00 562.96
512.04 563.00
513.00 563.96
514.00 563.96
515.00 563.96
515.04 564.00
516.00 564.96
517.00 564.96
518.00 564.96
519.00 564.96
520.00 564.96
520.04 565.00
521.00 565.96
522.00 565.96
523.00 565.96
524.00 565.96
524.96 565.00
525.00 564.96
526.00 564.96
527.00 564.96
528.00 564.96
529.00 564.96
529.96 564.00
530.00 563.96
531.00 563.96
531.96 563.00
532.00 562.96
533.00 562.96
533.96 562.00
534.00 561.96
534.96 561.00
535.00 560.96
536.00 560.96
536.96 560.00
537.00 559.96
537.96 559.00
538.00 558.96
538.96 558.00
539.00 557.96
539.96 557.00
540.00 556.96
540.96 556.00
541.00 555.96
541.96 555.00
542.00 554.96
542.96 554.00
543.00 553.96
543.96 553.00
544.00 552.96
544.96 552.00
545.00 551.96
545.96 551.00
546.00 550.96
546.96 550.00
547.00 549.96
547.96 549.00
548.00 548.96
548.96 548.00
549.00 547.96
549.96 547.00
550.00 546.96
550.96 546.00
550.96 545.00
551.00 544.96
551.96 544.00
552.00 543.96
552.96 543.00
552.96 542.00
553.00 541.96
553.96 541.00
553.96 540.00
553.96 539.00
554.00 538.96
554.96 538.00
554.96 537.00
554.96 536.00
554.96 535.00
554.96 534.00
554.96 533.00
555.00 532.96
555.96 532.00

Contour 14:
553.96 329.00
553.96 328.00
553.96 327.00
553.96 326.00
553.96 325.00
553.96 324.00
553.96 323.00
553.96 322.00
553.96 321.00
553.96 320.00
553.96 319.00
553.00 318.04
552.96 318.00
552.96 317.00
552.96 316.00
552.96 315.00
552.00 314.04
551.96 314.00
551.96 313.00
551.96 312.00
551.00 311.04
550.96 311.00
550.96 310.00
550.00 309.04
549.96 309.00
549.00 308.04
548.96 308.00
548.00 307.04
547.96 307.00
547.00 306.04
546.96 306.00
546.00 305.04
545.96 305.00
545.00 304.04
544.96 304.00
544.00 303.04
543.96 303.00
543.00 302.04
542.96 302.00
542.00 301.04
541.00 301.04
540.96 301.00
540.00 300.04
539.96 300.00
539.00 299.04
538.96 299.00
538.00 298.04
537.96 298.00
537.00 297.04
536.00 297.04
535.00 297.04
534.96 297.00
534.00 296.04
533.00 296.04
532.00 296.04
531.96 296.00
531.00 295.04
530.00 295.04
529.00 295.04
528.96 295.00
528.00 294.04
527.00 294.04
526.00 294.04
525.00 294.04
524.00 294.04
523.00 294.04
522.00 294.04
521.00 294.04
520.00 294.04
519.00 294.04
518.00 294.04
517.00 294.04
516.00 294.04
515.00 294.04
514.00 294.04
513.04 295.00
513.00 295.04
512.00 295.04
511.00 295.04
510.04 296.00
510.00 296.04
509.00 296.04
508.04 297.00
508.00 297.04
507.00 297.04
506.04 298.00
506.00 298.04
505.00 298.04
504.04 299.00
504.00 299.04
503.04 300.00
503.00 300.04
502.04 301.00
502.00 301.04
501.04 302.00
501.00 302.04
500.04 303.00
500.00 303.04
499.04 304.00
499.00 304.04
498.04 305.00
498.04 306.00
498.00 306.04
497.04 307.00
497.04 308.00
497.04 309.00
497.00 309.04
496.04 310.00
496.04 311.00
496.04 312.00
496.00 312.04
495.04 313.00
495.04 314.00
495.04 315.00
495.04 316.00
495.04 317.00
495.04 318.00
495.04 319.00
495.04 320.00
495.04 321.00
495.04 322.00
496.00 322.96
496.04 323.00
496.04 324.00
496.04 325.00
496.04 326.00
497.00 326.96
497.04 327.00
497.04 328.00
498.00 328.96
498.04 329.00
498.04 330.00
499.00 330.96
499.04 331.00
499.04 332.00
500.00 332.96
500.04 333.00
500.04 334.00
501.00 334.96
501.04 335.00
502.00 335.96
502.04 336.00
503.00 336.96
503.04 337.00
504.00 337.96
504.04 338.00
504.04 339.00
505.00 339.96
505.04 340.00
506.00 340.96
506.04 341.00
507.00 341.96
507.04 342.00
508.00 342.96
508.04 343.00
509.00 343.96
509.04 344.00
510.00 344.96
510.04 345.00
511.00 345.96
512.00 345.96
512.04 346.00
513.00 346.96
513.04 347.00
514.00 347.96
514.04 348.00
515.00 348.96
516.00 348.96
516.04 349.00
517.00 349.96
517.04 350.00
518.00 350.96
519.00 350.96
519.04 351.00
520.00 351.96
521.00 351.96
522.00 351.96
522.04 352.00
523.00 352.96
524.00 352.96
525.00 352.96
525.04 353.00
526.00 353.96
527.00 353.96
528.00 353.96
529.00 353.96
530.00 353.96
531.00 353.96
532.00 353.96
533.00 353.96
534.00 353.96
535.00 353.96
536.00 353.96
536.96 353.00
537.00 352.96
538.00 352.96
539.00 352.96
539.96 352.00
540.00 351.96
541.00 351.96
541.96 351.00
542.00 350.96
542.96 350.00
543.00 349.96
543.96 349.00
544.00 348.96
544.96 348.00
545.00 347.96
545.96 347.00
546.00 346.96
546.96 346.00
547.00 345.96
547.96 345.00
547.96 344.00
548.00 343.96
548.96 343.00
548.96 342.00
549.00 341.96
549.96 341.00
549.96 340.00
550.00 339.96
550.96 339.00
550.96 338.00
551.00 337.96
551.96 337.00
551.96 336.00
551.96 335.00
552.00 334.96
552.96 334.00
552.96 333.00
552.96 332.00
552.96 331.00
552.96 330.00
553.00 329.96
553.96 329.00

Contour 15:
604.97 649.00
604.97 648.00
604.97 647.00
604.97 646.00
604.97 645.00
604.97 644.00
604.97 643.00
604.97 642.00
604.97 641.00
604.97 640.00
604.97 639.00
604.00 638.03
603.97 638.00
603.97 637.00
603.97 636.00
603.97 635.00
603.00 634.03
602.97 634.00
602.97 633.00
602.00 632.03
601.97 632.00
601.97 631.00
601.00 630.03
600.97 630.00
600.00 629.03
599.97 629.00
599.97 628.00
599.00 627.03
598.97 627.00
598.00 626.03
597.97 626.00
597.97 625.00
597.00 624.03
596.97 624.00
596.00 623.03
595.97 623.00
595.97 622.00
595.00 621.03
594.97 621.00
594.00 620.03
593.97 620.00
593.00 619.03
592.00 619.03
591.97 619.00
591.00 618.03
590.97 618.00
590.00 617.03
589.97 617.00
589.00 616.03
588.00 616.03
587.97 616.00
587.00 615.03
586.00 615.03
585.00 615.03
584.97 615.00
584.00 614.03
583.00 614.03
582.00 614.03
581.97 614.00
581.00 613.03
580.00 613.03
579.00 613.03
578.00 613.03
577.97 613.00
577.00 612.03
576.00 612.03
575.00 612.03
574.00 612.03
573.00 612.03
572.00 612.03
571.00 612.03
570.00 612.03
569.00 612.03
568.97 612.00
568.00 611.03
567.00 611.03
566.00 611.03
565.03 612.00
565.00 612.03
564.00 612.03
563.00 612.03
562.00 612.03
561.00 612.03
560.03 613.00
560.00 613.03
559.00 613.03
558.00 613.03
557.03 614.00
557.00 614.03
556.00 614.03
555.03 615.00
555.00 615.03
554.00 615.03
553.00 615.03
552.03 616.00
552.00 616.03
551.03 617.00
551.00 617.03
550.00 617.03
549.03 618.00
549.00 618.03
548.00 618.03
547.03 619.00
547.00 619.03
546.00 619.03
545.03 620.00
545.00 620.03
544.03 621.00
544.00 621.03
543.03 622.00
543.03 623.00
543.00 623.03
542.03 624.00
542.00 624.03
541.03 625.00
541.03 626.00
541.03 627.00
541.00 627.03
540.03 628.00
540.03 629.00
540.03 630.00
540.00 630.03
539.03 631.00
539.03 632.00
539.03 633.00
539.03 634.00
539.03 635.00
539.00 635.03
538.03 636.00
538.03 637.00
538.03 638.00
538.03 639.00
538.03 640.00
538.03 641.00
538.03 642.00
538.03 643.00
539.00 643.97
539.03 644.00
539.03 645.00
539.03 646.00
539.03 647.00
539.03 648.00
540.00 648.97
540.03 649.00
540.03 650.00
540.03 651.00
541.00 651.97
541.03 652.00
541.03 653.00
542.00 653.97
542.03 654.00
542.03 655.00
543.00 655.97
543.03 656.00
543.03 657.00
544.00 657.97
544.03 658.00
545.00 658.97
545.03 659.00
545.03 660.00
546.00 660.97
546.03 661.00
547.00 661.97
547.03 662.00
548.00 662.97
549.00 662.97
549.03 663.00
550.00 663.97
550.03 664.00
551.00 664.97
552.00 664.97
552.03 665.00
553.00 665.97
553.03 666.00
554.00 666.97
555.00 666.97
555.03 667.00
556.00 667.97
557.00 667.97
557.03 668.00
558.00 668.97
559.00 668.97
559.03 669.00
560.00 669.97
561.00 669.97
561.03 670.00
562.00 670.97
563.00 670.97
564.00 670.97
564.03 671.00
565.00 671.97
566.00 671.97
567.00 671.97
568.00 671.97
569.00 671.97
569.03 672.00
570.00 672.97
571.00 672.97
572.00 672.97
573.00 672.97
574.00 672.97
575.00 672.97
576.00 672.97
577.00 672.97
578.00 672.97
579.00 672.97
580.00 672.97
581.00 672.97
582.00 672.97
583.00 672.97
584.00 672.97
585.00 672.97
585.97 672.00
586.00 671.97
587.00 671.97
588.00 671.97
588.97 671.00
589.00 670.97
590.00 670.97
590.97 670.00
591.00 669.97
592.00 669.97
592.97 669.00
593.00 668.97
593.97 668.00
594.00 667.97
594.97 667.00
595.00 666.97
595.97 666.00
596.00 665.97
596.97 665.00
597.00 664.97
597.97 664.00
597.97 663.00
598.00 662.97
598.97 662.00
599.00 661.97
599.97 661.00
599.97 660.00
600.00 659.97
600.97 659.00
601.00 658.97
601.97 658.00
601.97 657.00
602.00 656.97
602.97 656.00
602.97 655.00
602.97 654.00
603.00 653.97
603.97 653.00
603.97 652.00
603.97 651.00
603.97 650.00
604.00 649.97
604.97 649.00

Contour 16:
648.97 334.00
648.97 333.00
648.97 332.00
648.97 331.00
648.97 330.00
648.97 329.00
648.97 328.00
648.97 327.00
648.97 326.00
648.97 325.00
648.97 324.00
648.97 323.00
648.00 322.03
647.97 322.00
647.97 321.00
647.97 320.00
647.00 319.03
646.97 319.00
646.97 318.00
646.00 317.03
645.97 317.00
645.97 316.00
645.00 315.03
644.97 315.00
644.00 314.03
643.97 314.00
643.00 313.03
642.97 313.00
642.00 312.03
641.97 312.00
641.00 311.03
640.97 311.00
640.00 310.03
639.97 310.00
639.00 309.03
638.97 309.00
638.00 308.03
637.97 308.00
637.00 307.03
636.97 307.00
636.00 306.03
635.00 306.03
634.97 306.00
634.00 305.03
633.00 305.03
632.97 305.00
632.00 304.03
631.00 304.03
630.97 304.00
630.00 303.03
629.00 303.03
628.00 303.03
627.97 303.00
627.00 302.03
626.00 302.03
625.97 302.00
625.00 301.03
624.00 301.03
623.00 301.03
622.97 301.00
622.00 300.03
621.00 300.03
620.00 300.03
619.00 300.03
618.00 300.03
617.97 300.00
617.00 299.03
616.00 299.03
615.00 299.03
614.00 299.03
613.00 299.03
612.00 299.03
611.00 299.03
610.00 299.03
609.00 299.03
608.00 299.03
607.00 299.03
606.03 300.00
606.00 300.03
605.00 300.03
604.00 300.03
603.00 300.03
602.03 301.00
602.00 301.03
601.00 301.03
600.00 301.03
599.03 302.00
599.00 302.03
598.00 302.03
597.03 303.00
597.00 303.03
596.00 303.03
595.03 304.00
595.00 304.03
594.03 305.00
594.00 305.03
593.00 305.03
592.03 306.00
592.00 306.03
591.03 307.00
591.00 307.03
590.03 308.00
590.00 308.03
589.03 309.00
589.00 309.03
588.03 310.00
588.00 310.03
587.03 311.00
587.00 311.03
586.03 312.00
586.00 312.03
585.03 313.00
585.00 313.03
584.03 314.00
584.03 315.00
584.00 315.03
583.03 316.00
583.00 316.03
582.03 317.00
582.03 318.00
582.00 318.03
581.03 319.00
581.03 320.00
581.03 321.00
581.03 322.00
581.03 323.00
581.03 324.00
581.03 325.00
581.03 326.00
581.03 327.00
581.03 328.00
582.00 328.97
582.03 329.00
582.03 330.00
582.03 331.00
582.03 332.00
583.00 332.97
583.03 333.00
583.03 334.00
584.00 334.97
584.03 335.00
584.03 336.00
585.00 336.97
585.03 337.00
585.03 338.00
586.00 338.97
586.03 339.00
587.00 339.97
587.03 340.00
588.00 340.97
588.03 341.00
589.00 341.97
589.03 342.00
590.00 342.97
590.03 343.00
591.00 343.97
591.03 344.00
592.00 344.97
592.03 345.00
593.00 345.97
593.03 346.00
594.00 346.97
594.03 347.00
595.00 347.97
595.03 348.00
596.00 348.97
597.00 348.97
597.03 349.00
598.00 349.97
598.03 350.00
599.00 350.97
600.00 350.97
601.00 350.97
601.03 351.00
602.00 351.97
603.00 351.97
603.03 352.00
604.00 352.97
605.00 352.97
606.00 352.97
606.03 353.00
607.00 353.97
608.00 353.97
609.00 353.97
610.00 353.97
611.00 353.97
612.00 353.97
612.03 354.00
613.00 354.97
614.00 354.97
615.00 354.97
616.00 354.97
617.00 354.97
618.00 354.97
619.00 354.97
620.00 354.97
621.00 354.97
622.00 354.97
623.00 354.97
624.00 354.97
625.00 354.97
626.00 354.97
626.97 354.00
627.00 353.97
628.00 353.97
629.00 353.97
630.00 353.97
631.00 353.97
631.97 353.00
632.00 352.97
633.00 352.97
634.00 352.97
634.97 352.00
635.00 351.97
636.00 351.97
636.97 351.00
637.00 350.97
637.97 350.00
638.00 349.97
638.97 349.00
639.00 348.97
640.00 348.97
640.97 348.00
641.00 347.97
641.97 347.00
642.00 346.97
642.97 346.00
643.00 345.97
643.97 345.00
643.97 344.00
644.00 343.97
644.97 343.00
645.00 342.97
645.97 342.00
645.97 341.00
646.00 340.97
646.97 340.00
646.97 339.00
646.97 338.00
647.00 337.97
647.97 337.00
647.97 336.00
647.97 335.00
648.00 334.97
648.97 334.00

Contour 17:
654.97 505.00
654.97 504.00
654.97 503.00
654.97 502.00
654.97 501.00
654.97 500.00
654.97 499.00
654.97 498.00
654.97 497.00
654.00 496.03
653.97 496.00
653.97 495.00
653.97 494.00
653.00 493.03
652.97 493.00
652.00 492.03
651.97 492.00
651.97 491.00
651.00 490.03
650.97 490.00
650.00 489.03
649.97 489.00
649.00 488.03
648.97 488.00
648.00 487.03
647.97 487.00
647.00 486.03
646.97 486.00
646.00 485.03
645.97 485.00
645.00 484.03
644.97 484.00
644.00 483.03
643.97 483.00
643.00 482.03
642.97 482.00
642.00 481.03
641.97 481.00
641.00 480.03
640.97 480.00
640.00 479.03
639.97 479.00
639.00 478.03
638.97 478.00
638.00 477.03
637.97 477.00
637.00 476.03
636.00 476.03
635.97 476.00
635.00 475.03
634.97 475.00
634.00 474.03
633.97 474.00
633.00 473.03
632.00 473.03
631.97 473.00
631.00 472.03
630.97 472.00
630.00 471.03
629.97 471.00
629.00 470.03
628.00 470.03
627.97 470.00
627.00 469.03
626.97 469.00
626.00 468.03
625.00 468.03
624.97 468.00
624.00 467.03
623.97 467.00
623.00 466.03
622.00 466.03
621.97 466.00
621.00 465.03
620.00 465.03
619.00 465.03
618.97 465.00
618.00 464.03
617.00 464.03
616.00 464.03
615.00 464.03
614.00 464.03
613.00 464.03
612.00 464.03
611.00 464.03
610.03 465.00
610.00 465.03
609.00 465.03
608.00 465.03
607.00 465.03
606.03 466.00
606.00 466.03
605.00 466.03
604.03 467.00
604.00 467.03
603.03 468.00
603.00 468.03
602.00 468.03
601.03 469.00
601.00 469.03
600.03 470.00
600.00 470.03
599.03 471.00
599.00 471.03
598.03 472.00
598.00 472.03
597.03 473.00
597.00 473.03
596.03 474.00
596.00 474.03
595.03 475.00
595.03 476.00
595.00 476.03
594.03 477.00
594.00 477.03
593.03 478.00
593.03 479.00
593.00 479.03
592.03 480.00
592.00 480.03
591.03 481.00
591.03 482.00
591.03 483.00
591.00 483.03
590.03 484.00
590.03 485.00
590.03 486.00
590.03 487.00
590.03 488.00
590.03 489.00
590.00 489.03
589.03 490.00
589.03 491.00
589.03 492.00
589.03 493.00
589.03 494.00
589.03 495.00
589.03 496.00
589.03 497.00
590.00 497.97
590.03 498.00
590.03 499.00
590.03 500.00
590.03 501.00
590.03 502.00
590.03 503.00
591.00 503.97
591.03 504.00
591.03 505.00
591.03 506.00
592.00 506.97
592.03 507.00
592.03 508.00
593.00 508.97
593.03 509.00
593.03 510.00
594.00 510.97
594.03 511.00
594.03 512.00
595.00 512.97
595.03 513.00
596.00 513.97
596.03 514.00
597.00 514.97
597.03 515.00
597.03 516.00
598.00 516.97
598.03 517.00
599.00 517.97
599.03 518.00
600.00 518.97
600.03 519.00
601.00 519.97
602.00 519.97
602.03 520.00
603.00 520.97
603.03 521.00
604.00 521.97
605.00 521.97
605.03 522.00
606.00 522.97
607.00 522.97
608.00 522.97
608.03 523.00
609.00 523.97
610.00 523.97
611.00 523.97
611.03 524.00
612.00 524.97
613.00 524.97
614.00 524.97
615.00 524.97
616.00 524.97
617.00 524.97
618.00 524.97
619.00 524.97
620.00 524.97
620.03 525.00
621.00 525.97
622.00 525.97
623.00 525.97
624.00 525.97
625.00 525.97
626.00 525.97
627.00 525.97
628.00 525.97
628.97 525.00
629.00 524.97
630.00 524.97
631.00 524.97
632.00 524.97
632.97 524.00
633.00 523.97
634.00 523.97
635.00 523.97
635.97 523.00
636.00 522.97
637.00 522.97
637.97 522.00
638.00 521.97
639.00 521.97
639.97 521.00
640.00 520.97
640.97 520.00
641.00 519.97
641.97 519.00
642.00 518.97
643.00 518.97
643.97 518.00
644.00 517.97
644.97 517.00
645.00 516.97
645.97 516.00
646.00 515.97
647.00 515.97
647.97 515.00
648.00 514.97
648.97 514.00
649.00 513.97
649.97 513.00
650.00 512.97
650.97 512.00
651.00 511.97
651.97 511.00
651.97 510.00
652.00 509.97
652.97 509.00
652.97 508.00
653.00 507.97
653.97 507.00
653.97 506.00
654.00 505.97
654.97 505.00

Contour 18:
688.97 423.00
688.97 422.00
688.97 421.00
688.97 420.00
688.97 419.00
688.97 418.00
688.97 417.00
688.97 416.00
688.97 415.00
688.97 414.00
688.97 413.00
688.97 412.00
688.97 411.00
688.97 410.00
688.97 409.00
688.00 408.03
687.97 408.00
687.97 407.00
687.00 406.03
686.97 406.00
686.97 405.00
686.00 404.03
685.97 404.00
685.00 403.03
684.97 403.00
684.00 402.03
683.97 402.00
683.00 401.03
682.97 401.00
682.00 400.03
681.00 400.03
680.97 400.00
680.00 399.03
679.97 399.00
679.00 398.03
678.00 398.03
677.97 398.00
677.00 397.03
676.00 397.03
675.97 397.00
675.00 396.03
674.00 396.03
673.97 396.00
673.00 395.03
672.00 395.03
671.97 395.00
671.00 394.03
670.00 394.03
669.97 394.00
669.00 393.03
668.00 393.03
667.00 393.03
666.97 393.00
666.00 392.03
665.00 392.03
664.00 392.03
663.97 392.00
663.00 391.03
662.00 391.03
661.00 391.03
660.00 391.03
659.00 391.03
658.00 391.03
657.00 391.03
656.00 391.03
655.00 391.03
654.00 391.03
653.03 392.00
653.00 392.03
652.00 392.03
651.00 392.03
650.00 392.03
649.00 392.03
648.03 393.00
648.00 393.03
647.00 393.03
646.00 393.03
645.03 394.00
645.00 394.03
644.00 394.03
643.00 394.03
642.03 395.00
642.00 395.03
641.00 395.03
640.00 395.03
639.03 396.00
639.00 396.03
638.00 396.03
637.03 397.00
637.00 397.03
636.00 397.03
635.03 398.00
635.00 398.03
634.00 398.03
633.03 399.00
633.00 399.03
632.03 400.00
632.00 400.03
631.00 400.03
630.03 401.00
630.03 402.00
630.00 402.03
629.03 403.00
629.00 403.03
628.03 404.00
628.03 405.00
628.00 405.03
627.03 406.00
627.03 407.00
627.00 407.03
626.03 408.00
626.03 409.00
626.03 410.00
626.03 411.00
626.00 411.03
625.03 412.00
625.03 413.00
625.03 414.00
625.03 415.00
625.03 416.00
625.03 417.00
625.03 418.00
625.03 419.00
625.03 420.00
625.03 421.00
626.00 421.97
626.03 422.00
626.03 423.00
626.03 424.00
626.03 425.00
627.00 425.97
627.03 426.00
627.03 427.00
628.00 427.97
628.03 428.00
628.03 429.00
629.00 429.97
629.03 430.00
629.03 431.00
630.00 431.97
630.03 432.00
631.00 432.97
631.03 433.00
632.00 433.97
632.03 434.00
633.00 434.97
633.03 435.00
634.00 435.97
634.03 436.00
635.00 436.97
635.03 437.00
636.00 437.97
637.00 437.97
637.03 438.00
638.00 438.97
639.00 438.97
639.03 439.00
640.00 439.97
641.00 439.97
642.00 439.97
643.00 439.97
644.00 439.97
645.00 439.97
645.03 440.00
646.00 440.97
647.00 440.97
648.00 440.97
649.00 440.97
650.00 440.97
651.00 440.97
652.00 440.97
653.00 440.97
654.00 440.97
655.00 440.97
656.00 440.97
657.00 440.97
658.00 440.97
659.00 440.97
660.00 440.97
661.00 440.97
662.00 440.97
662.03 441.00
663.00 441.97
663.97 441.00
664.00 440.97
665.00 440.97
666.00 440.97
667.00 440.97
668.00 440.97
669.00 440.97
670.00 440.97
671.00 440.97
672.00 440.97
673.00 440.97
674.00 440.97
674.97 440.00
675.00 439.97
676.00 439.97
677.00 439.97
677.97 439.00
678.00 438.97
678.97 438.00
679.00 437.97
680.00 437.97
680.97 437.00
681.00 436.97
681.97 436.00
682.00 435.97
682.97 435.00
683.00 434.97
683.97 434.00
683.97 433.00
684.00 432.97
684.97 432.00
685.00 431.97
685.97 431.00
685.97 430.00
686.00 429.97
686.97 429.00
686.97 428.00
686.97 427.00
687.00 426.97
687.97 426.00
687.97 425.00
687.97 424.00
688.00 423.97
688.97 423.00

Contour 19:
725.97 630.00
725.97 629.00
725.97 628.00
725.97 627.00
725.97 626.00
725.97 625.00
725.97 624.00
725.97 623.00
725.97 622.00
725.97 621.00
725.97 620.00
725.97 619.00
725.97 618.00
725.97 617.00
725.00 616.03
724.97 616.00
724.97 615.00
724.97 614.00
724.00 613.03
723.97 613.00
723.97 612.00
723.97 611.00
723.00 610.03
722.97 610.00
722.00 609.03
721.97 609.00
721.97 608.00
721.00 607.03
720.97 607.00
720.00 606.03
719.97 606.00
719.00 605.03
718.97 605.00
718.00 604.03
717.97 604.00
717.00 603.03
716.97 603.00
716.00 602.03
715.97 602.00
715.00 601.03
714.00 601.03
713.97 601.00
713.00 600.03
712.97 600.00
712.00 599.03
711.00 599.03
710.97 599.00
710.00 598.03
709.00 598.03
708.00 598.03
707.00 598.03
706.00 598.03
705.97 598.00
705.00 597.03
704.00 597.03
703.00 597.03
702.00 597.03
701.00 597.03
700.00 597.03
699.00 597.03
698.03 598.00
698.00 598.03
697.00 598.03
696.00 598.03
695.00 598.03
694.03 599.00
694.00 599.03
693.00 599.03
692.03 600.00
692.00 600.03
691.00 600.03
690.03 601.00
690.00 601.03
689.00 601.03
688.03 602.00
688.00 602.03
687.00 602.03
686.03 603.00
686.00 603.03
685.03 604.00
685.00 604.03
684.00 604.03
683.03 605.00
683.00 605.03
682.03 606.00
682.00 606.03
681.00 606.03
680.03 607.00
680.00 607.03
679.03 608.00
679.00 608.03
678.00 608.03
677.03 609.00
677.00 609.03
676.00 609.03
675.03 610.00
675.00 610.03
674.00 610.03
673.03 611.00
673.00 611.03
672.03 612.00
672.00 612.03
671.00 612.03
670.03 613.00
670.00 613.03
669.03 614.00
669.00 614.03
668.00 614.03
667.03 615.00
667.00 615.03
666.03 616.00
666.00 616.03
665.03 617.00
665.00 617.03
664.03 618.00
664.03 619.00
664.00 619.03
663.03 620.00
663.03 621.00
663.00 621.03
662.03 622.00
662.00 622.03
661.03 623.00
661.03 624.00
661.00 624.03
660.03 625.00
660.00 625.03
659.03 626.00
659.03 627.00
659.03 628.00
659.00 628.03
658.03 629.00
658.03 630.00
658.03 631.00
658.03 632.00
658.03 633.00
658.03 634.00
658.03 635.00
658.03 636.00
658.03 637.00
658.03 638.00
658.03 639.00
658.03 640.00
658.03 641.00
658.03 642.00
658.03 643.00
658.03 644.00
659.00 644.97
659.03 645.00
659.03 646.00
659.03 647.00
660.00 647.97
660.03 648.00
661.00 648.97
661.03 649.00
661.03 650.00
662.00 650.97
662.03 651.00
663.00 651.97
663.03 652.00
663.03 653.00
664.00 653.97
664.03 654.00
665.00 654.97
665.03 655.00
666.00 655.97
666.03 656.00
667.00 656.97
667.03 657.00
668.00 657.97
669.00 657.97
669.03 658.00
670.00 658.97
670.03 659.00
671.00 659.97
672.00 659.97
672.03 660.00
673.00 660.97
674.00 660.97
675.00 660.97
675.03 661.00
676.00 661.97
677.00 661.97
678.00 661.97
678.03 662.00
679.00 662.97
680.00 662.97
681.00 662.97
682.00 662.97
683.00 662.97
684.00 662.97
685.00 662.97
686.00 662.97
687.00 662.97
688.00 662.97
689.00 662.97
690.00 662.97
691.00 662.97
691.97 662.00
692.00 661.97
693.00 661.97
694.00 661.97
694.97 661.00
695.00 660.97
696.00 660.97
696.97 660.00
697.00 659.97
698.00 659.97
698.97 659.00
699.00 658.97
699.97 658.00
700.00 657.97
701.00 657.97
701.97 657.00
702.00 656.97
703.00 656.97
703.97 656.00
704.00 655.97
704.97 655.00
705.00 654.97
706.00 654.97
706.97 654.00
707.00 653.97
707.97 653.00
708.00 652.97
709.00 652.97
709.97 652.00
710.00 651.97
710.97 651.00
711.00 650.97
711.97 650.00
712.00 649.97
713.00 649.97
713.97 649.00
714.00 648.97
714.97 648.00
715.00 647.97
715.97 647.00
716.00 646.97
716.97 646.00
717.00 645.97
717.97 645.00
718.00 644.97
718.97 644.00
718.97 643.00
719.00 642.97
719.97 642.00
720.00 641.97
720.97 641.00
720.97 640.00
721.00 639.97
721.97 639.00
722.00 638.97
722.97 638.00
722.97 637.00
723.00 636.97
723.97 636.00
723.97 635.00
724.00 634.97
724.97 634.00
724.97 633.00
724.97 632.00
724.97 631.00
725.00 630.97
725.97 630.00

Contour 20:
794.98 873.00
794.98 872.00
794.00 871.02
793.98 871.00
793.98 870.00
793.98 869.00
793.98 868.00
793.98 867.00
793.98 866.00
793.98 865.00
793.98 864.00
793.98 863.00
793.00 862.02
792.98 862.00
792.98 861.00
792.98 860.00
792.00 859.02
791.98 859.00
791.98 858.00
791.98 857.00
791.00 856.02
790.98 856.00
790.00 855.02
789.98 855.00
789.98 854.00
789.00 853.02
788.98 853.00
788.98 852.00
788.00 851.02
787.98 851.00
787.00 850.02
786.98 850.00
786.98 849.00
786.00 848.02
785.98 848.00
785.00 847.02
784.98 847.00
784.00 846.02
783.98 846.00
783.00 845.02
782.98 845.00
782.00 844.02
781.98 844.00
781.00 843.02
780.98 843.00
780.00 842.02
779.00 842.02
778.98 842.00
778.00 841.02
777.98 841.00
777.00 840.02
776.00 840.02
775.98 840.00
775.00 839.02
774.00 839.02
773.98 839.00
773.00 838.02
772.00 838.02
771.98 838.00
771.00 837.02
770.00 837.02
769.98 837.00
769.00 836.02
768.00 836.02
767.98 836.00
767.00 835.02
766.00 835.02
765.00 835.02
764.98 835.00
764.00 834.02
763.00 834.02
762.00 834.02
761.00 834.02
760.00 834.02
759.00 834.02
758.00 834.02
757.00 834.02
756.00 834.02
755.00 834.02
754.00 834.02
753.00 834.02
752.02 835.00
752.00 835.02
751.00 835.02
750.00 835.02
749.02 836.00
749.00 836.02
748.00 836.02
747.02 837.00
747.00 837.02
746.00 837.02
745.02 838.00
745.00 838.02
744.02 839.00
744.00 839.02
743.00 839.02
742.02 840.00
742.00 840.02
741.02 841.00
741.00 841.02
740.02 842.00
740.00 842.02
739.00 842.02
738.02 843.00
738.00 843.02
737.02 844.00
737.00 844.02
736.02 845.00
736.02 846.00
736.00 846.02
735.02 847.00
735.00 847.02
734.02 848.00
734.00 848.02
733.02 849.00
733.00 849.02
732.02 850.00
732.02 851.00
732.00 851.02
731.02 852.00
731.02 853.00
731.00 853.02
730.02 854.00
730.02 855.00
730.02 856.00
730.02 857.00
730.00 857.02
729.02 858.00
729.02 859.00
729.02 860.00
729.02 861.00
729.02 862.00
729.02 863.00
729.02 864.00
729.02 865.00
729.02 866.00
729.02 867.00
729.00 867.02
728.02 868.00
728.02 869.00
728.00 869.02
727.02 870.00
727.00 870.02
726.00 870.02
725.98 870.00
725.00 869.02
724.00 869.02
723.98 869.00
723.00 868.02
722.00 868.02
721.98 868.00
721.00 867.02
720.00 867.02
719.02 868.00
719.00 868.02
718.98 868.00
718.00 867.02
717.00 867.02
716.98 867.00
716.98 866.00
716.98 865.00
716.98 864.00
716.00 863.02
715.98 863.00
715.00 862.02
714.00 862.02
713.00 862.02
712.00 862.02
711.00 862.02
710.02 863.00
710.00 863.02
709.00 863.02
708.98 863.00
708.98 862.00
708.00 861.02
707.98 861.00
707.98 860.00
707.98 859.00
707.00 858.02
706.02 859.00
706.02 860.00
706.02 861.00
706.02 862.00
706.02 863.00
706.02 864.00
706.00 864.02
705.02 865.00
705.00 865.02
704.00 865.02
703.00 865.02
702.00 865.02
701.00 865.02
700.00 865.02
699.00 865.02
698.00 865.02
697.98 865.00
697.00 864.02
696.00 864.02
695.00 864.02
694.00 864.02
693.00 864.02
692.98 864.00
692.98 863.00
692.98 862.00
692.00 861.02
691.98 861.00
691.98 860.00
691.00 859.02
690.00 859.02
689.02 860.00
690.00 860.98
690.02 861.00
690.02 862.00
691.00 862.98
691.02 863.00
691.02 864.00
691.00 864.02
690.00 864.02
689.00 864.02
688.00 864.02
687.00 864.02
686.02 865.00
686.00 865.02
685.02 866.00
685.00 866.02
684.02 867.00
684.00 867.02
683.02 868.00
683.02 869.00
683.02 870.00
683.02 871.00
683.02 872.00
683.02 873.00
683.02 874.00
683.02 875.00
683.02 876.00
684.00 876.98
684.02 877.00
684.00 877.02
683.02 878.00
683.02 879.00
683.02 880.00
683.02 881.00
683.02 882.00
683.02 883.00
683.02 884.00
683.02 885.00
683.02 886.00
683.02 887.00
683.02 888.00
683.02 889.00
683.02 890.00
683.02 891.00
683.00 891.02
682.02 892.00
682.02 893.00
682.02 894.00
682.02 895.00
682.02 896.00
682.02 897.00
682.02 898.00
682.02 899.00
683.00 899.98
683.02 900.00
683.02 901.00
684.00 901.98
684.02 902.00
685.00 902.98
685.02 903.00
686.00 903.98
686.02 904.00
686.02 905.00
687.00 905.98
687.02 906.00
688.00 906.98
688.02 907.00
689.00 907.98
689.02 908.00
690.00 908.98
691.00 908.98
691.02 909.00
692.00 909.98
692.02 910.00
693.00 910.98
694.00 910.98
694.02 911.00
695.00 911.98
695.02 912.00
696.00 912.98
696.02 913.00
697.00 913.98
698.00 913.98
699.00 913.98
699.02 914.00
700.00 914.98
701.00 914.98
701.02 915.00
702.00 915.98
703.00 915.98
704.00 915.98
705.00 915.98
706.00 915.98
707.00 915.98
708.00 915.98
709.00 915.98
710.00 915.98
711.00 915.98
712.00 915.98
713.00 915.98
714.00 915.98
714.98 915.00
715.00 914.98
716.00 914.98
717.00 914.98
718.00 914.98
719.00 914.98
719.02 915.00
720.00 915.98
721.00 915.98
722.00 915.98
722.98 915.00
723.00 914.98
724.00 914.98
725.00 914.98
726.00 914.98
726.98 914.00
727.00 913.98
728.00 913.98
728.98 913.00
729.00 912.98
730.00 912.98
730.98 912.00
731.00 911.98
731.98 911.00
731.00 910.02
730.98 910.00
730.98 909.00
730.98 908.00
730.98 907.00
731.00 906.98
731.02 907.00
732.00 907.98
732.02 908.00
733.00 908.98
734.00 908.98
735.00 908.98
735.98 908.00
735.98 907.00
736.00 906.98
736.98 906.00
737.00 905.98
737.98 905.00
738.00 904.98
738.98 904.00
739.00 903.98
740.00 903.98
740.98 903.00
740.98 902.00
740.98 901.00
740.98 900.00
740.98 899.00
740.98 898.00
740.98 897.00
740.98 896.00
740.00 895.02
739.98 895.00
739.98 894.00
739.98 893.00
739.98 892.00
739.98 891.00
740.00 890.98
740.98 890.00
741.00 889.98
742.00 889.98
742.02 890.00
743.00 890.98
743.02 891.00
744.00 891.98
745.00 891.98
745.02 892.00
746.00 892.98
746.02 893.00
747.00 893.98
747.02 894.00
748.00 894.98
749.00 894.98
749.02 895.00
750.00 895.98
750.02 896.00
751.00 896.98
752.00 896.98
752.02 897.00
753.00 897.98
753.02 898.00
754.00 898.98
755.00 898.98
756.00 898.98
756.02 899.00
757.00 899.98
758.00 899.98
758.02 900.00
759.00 900.98
760.00 900.98
761.00 900.98
762.00 900.98
763.00 900.98
763.02 901.00
764.00 901.98
765.00 901.98
766.00 901.98
766.98 901.00
767.00 900.98
768.00 900.98
769.00 900.98
770.00 900.98
771.00 900.98
772.00 900.98
773.00 900.98
773.98 900.00
774.00 899.98
775.00 899.98
776.00 899.98
776.98 899.00
777.00 898.98
778.00 898.98
778.98 898.00
779.00 897.98
779.98 897.00
780.00 896.98
780.98 896.00
781.00 895.98
782.00 895.98
782.98 895.00
783.00 894.98
783.98 894.00
784.00 893.98
784.98 893.00
784.98 892.00
785.00 891.98
785.98 891.00
786.00 890.98
786.98 890.00
787.00 889.98
787.98 889.00
788.00 888.98
788.98 888.00
789.00 887.98
789.98 887.00
789.98 886.00
790.00 885.98
790.98 885.00
791.00 884.98
791.98 884.00
791.98 883.00
791.98 882.00
792.00 881.98
792.98 881.00
792.98 880.00
793.00 879.98
793.98 879.00
793.98 878.00
793.98 877.00
793.98 876.00
793.98 875.00
793.98 874.00
794.00 873.98
794.98 873.00

Contour 21:
793.98 522.00
793.98 521.00
793.98 520.00
793.98 519.00
793.98 518.00
793.98 517.00
793.98 516.00
793.98 515.00
793.00 514.02
792.98 514.00
792.98 513.00
792.98 512.00
792.98 511.00
792.98 510.00
792.00 509.02
791.98 509.00
791.98 508.00
791.98 507.00
791.00 506.02
790.98 506.00
790.98 505.00
790.00 504.02
789.98 504.00
789.98 503.00
789.00 502.02
788.98 502.00
788.00 501.02
787.98 501.00
787.98 500.00
787.00 499.02
786.98 499.00
786.00 498.02
785.98 498.00
785.00 497.02
784.98 497.00
784.98 496.00
784.00 495.02
783.98 495.00
783.00 494.02
782.98 494.00
782.00 493.02
781.98 493.00
781.00 492.02
780.98 492.00
780.00 491.02
779.98 491.00
779.00 490.02
778.00 490.02
777.98 490.00
777.00 489.02
776.00 489.02
775.00 489.02
774.98 489.00
774.00 488.02
773.00 488.02
772.00 488.02
771.00 488.02
770.00 488.02
769.00 488.02
768.00 488.02
767.00 488.02
766.00 488.02
765.02 489.00
765.00 489.02
764.00 489.02
763.00 489.02
762.02 490.00
762.00 490.02
761.00 490.02
760.00 490.02
759.02 491.00
759.00 491.02
758.00 491.02
757.02 492.00
757.00 492.02
756.02 493.00
756.00 493.02
755.02 494.00
755.00 494.02
754.02 495.00
754.00 495.02
753.02 496.00
753.00 496.02
752.02 497.00
752.00 497.02
751.02 498.00
751.02 499.00
751.00 499.02
750.02 500.00
750.02 501.00
750.02 502.00
750.00 502.02
749.02 503.00
749.02 504.00
749.00 504.02
748.02 505.00
748.02 506.00
748.00 506.02
747.02 507.00
747.02 508.00
747.00 508.02
746.02 509.00
746.02 510.00
746.00 510.02
745.02 511.00
745.00 511.02
744.02 512.00
744.00 512.02
743.02 513.00
743.02 514.00
743.00 514.02
742.02 515.00
742.00 515.02
741.02 516.00
741.02 517.00
741.00 517.02
740.02 518.00
740.00 518.02
739.02 519.00
739.02 520.00
739.00 520.02
738.02 521.00
738.02 522.00
738.02 523.00
738.00 523.02
737.02 524.00
737.02 525.00
737.02 526.00
737.02 527.00
737.02 528.00
737.02 529.00
737.02 530.00
737.02 531.00
737.02 532.00
737.02 533.00
737.02 534.00
738.00 534.98
738.02 535.00
738.02 536.00
738.02 537.00
739.00 537.98
739.02 538.00
739.02 539.00
740.00 539.98
740.02 540.00
740.02 541.00
741.00 541.98
741.02 542.00
742.00 542.98
742.02 543.00
743.00 543.98
743.02 544.00
743.02 545.00
744.00 545.98
744.02 546.00
745.00 546.98
745.02 547.00
746.00 547.98
746.02 548.00
747.00 548.98
747.02 549.00
748.00 549.98
748.02 550.00
749.00 550.98
749.02 551.00
750.00 551.98
751.00 551.98
751.02 552.00
752.00 552.98
753.00 552.98
753.02 553.00
754.00 553.98
755.00 553.98
756.00 553.98
756.02 554.00
757.00 554.98
758.00 554.98
759.00 554.98
760.00 554.98
761.00 554.98
762.00 554.98
763.00 554.98
764.00 554.98
765.00 554.98
766.00 554.98
767.00 554.98
768.00 554.98
769.00 554.98
770.00 554.98
771.00 554.98
772.00 554.98
773.00 554.98
774.00 554.98
774.98 554.00
775.00 553.98
776.00 553.98
776.98 553.00
777.00 552.98
777.98 552.00
778.00 551.98
778.98 551.00
779.00 550.98
779.98 550.00
780.00 549.98
780.98 549.00
780.98 548.00
781.00 547.98
781.98 547.00
782.00 546.98
782.98 546.00
782.98 545.00
783.00 544.98
783.98 544.00
783.98 543.00
784.00 542.98
784.98 542.00
784.98 541.00
784.98 540.00
785.00 539.98
785.98 539.00
785.98 538.00
786.00 537.98
786.98 537.00
786.98 536.00
787.00 535.98
787.98 535.00
787.98 534.00
788.00 533.98
788.98 533.00
788.98 532.00
788.98 531.00
789.00 530.98
789.98 530.00
790.00 529.98
790.98 529.00
790.98 528.00
791.00 527.98
791.98 527.00
791.98 526.00
792.00 525.98
792.98 525.00
792.98 524.00
792.98 523.00
793.00 522.98
793.98 522.00

Contour 22:
956.98 735.00
956.98 734.00
956.98 733.00
956.98 732.00
956.98 731.00
956.98 730.00
956.98 729.00
956.98 728.00
956.00 727.02
955.98 727.00
955.98 726.00
955.98 725.00
955.98 724.00
955.98 723.00
955.00 722.02
954.98 722.00
954.98 721.00
954.98 720.00
954.98 719.00
954.00 718.02
953.98 718.00
953.98 717.00
953.98 716.00
953.00 715.02
952.98 715.00
952.98 714.00
952.00 713.02
951.98 713.00
951.98 712.00
951.00 711.02
950.98 711.00
950.98 710.00
950.00 709.02
949.98 709.00
949.00 708.02
948.98 708.00
948.00 707.02
947.98 707.00
947.00 706.02
946.98 706.00
946.00 705.02
945.98 705.00
945.00 704.02
944.98 704.00
944.00 703.02
943.98 703.00
943.00 702.02
942.00 702.02
941.98 702.00
941.00 701.02
940.98 701.00
940.00 700.02
939.00 700.02
938.98 700.00
938.00 699.02
937.00 699.02
936.98 699.00
936.00 698.02
935.98 698.00
935.00 697.02
934.00 697.02
933.00 697.02
932.98 697.00
932.00 696.02
931.00 696.02
930.00 696.02
929.98 696.00
929.00 695.02
928.00 695.02
927.00 695.02
926.00 695.02
925.98 695.00
925.00 694.02
924.00 694.02
923.00 694.02
922.00 694.02
921.00 694.02
920.00 694.02
919.98 694.00
919.00 693.02
918.00 693.02
917.00 693.02
916.00 693.02
915.00 693.02
914.02 694.00
914.00 694.02
913.00 694.02
912.00 694.02
911.02 695.00
911.00 695.02
910.00 695.02
909.00 695.02
908.02 696.00
908.00 696.02
907.00 696.02
906.02 697.00
906.00 697.02
905.00 697.02
904.00 697.02
903.02 698.00
903.00 698.02
902.02 699.00
902.00 699.02
901.00 699.02
900.02 700.00
900.00 700.02
899.02 701.00
899.00 701.02
898.02 702.00
898.02 703.00
898.00 703.02
897.02 704.00
897.00 704.02
896.02 705.00
896.02 706.00
896.00 706.02
895.02 707.00
895.02 708.00
895.00 708.02
894.02 709.00
894.02 710.00
894.02 711.00
894.02 712.00
894.00 712.02
893.02 713.00
893.02 714.00
893.02 715.00
893.02 716.00
893.02 717.00
893.02 718.00
893.02 719.00
893.02 720.00
894.00 720.98
894.02 721.00
894.02 722.00
894.02 723.00
894.02 724.00
894.02 725.00
894.02 726.00
894.02 727.00
894.02 728.00
894.02 729.00
894.02 730.00
894.02 731.00
894.02 732.00
894.02 733.00
894.02 734.00
894.02 735.00
894.02 736.00
894.02 737.00
895.00 737.98
895.02 738.00
895.02 739.00
895.02 740.00
896.00 740.98
896.02 741.00
896.02 742.00
897.00 742.98
897.02 743.00
897.02 744.00
898.00 744.98
898.02 745.00
898.02 746.00
899.00 746.98
899.02 747.00
900.00 747.98
900.02 748.00
901.00 748.98
901.02 749.00
902.00 749.98
902.02 750.00
903.00 750.98
903.02 751.00
904.00 751.98
904.02 752.00
905.00 752.98
906.00 752.98
906.02 753.00
907.00 753.98
908.00 753.98
908.02 754.00
909.00 754.98
910.00 754.98
910.02 755.00
911.00 755.98
912.00 755.98
913.00 755.98
913.02 756.00
914.00 756.98
915.00 756.98
916.00 756.98
917.00 756.98
917.02 757.00
918.00 757.98
919.00 757.98
920.00 757.98
921.00 757.98
922.00 757.98
922.02 758.00
923.00 758.98
924.00 758.98
925.00 758.98
926.00 758.98
927.00 758.98
928.00 758.98
929.00 758.98
930.00 758.98
931.00 758.98
931.98 758.00
932.00 757.98
933.00 757.98
934.00 757.98
935.00 757.98
936.00 757.98
936.98 757.00
937.00 756.98
938.00 756.98
939.00 756.98
939.98 756.00
940.00 755.98
941.00 755.98
941.98 755.00
942.00 754.98
943.00 754.98
943.98 754.00
944.00 753.98
944.98 753.00
945.00 752.98
946.00 752.98
946.98 752.00
947.00 751.98
947.98 751.00
948.00 750.98
948.98 750.00
949.00 749.98
949.98 749.00
950.00 748.98
950.98 748.00
950.98 747.00
951.00 746.98
951.98 746.00
952.00 745.98
952.98 745.00
952.98 744.00
953.00 743.98
953.98 743.00
953.98 742.00
954.00 741.98
954.98 741.00
954.98 740.00
955.00 739.98
955.98 739.00
955.98 738.00
955.98 737.00
955.98 736.00
956.00 735.98
956.98 735.00

