Contour 0:
68.50 580.00
68.50 579.00
68.50 578.00
68.50 577.00
68.50 576.00
68.50 575.00
68.50 574.00
68.50 573.00
68.50 572.00
68.50 571.00
68.50 570.00
68.50 569.00
68.50 568.00
68.00 567.50
67.50 567.00
67.50 566.00
67.50 565.00
67.50 564.00
67.00 563.50
66.50 563.00
66.50 562.00
66.50 561.00
66.50 560.00
66.00 559.50
65.50 559.00
65.50 558.00
65.50 557.00
65.00 556.50
64.50 556.00
64.50 555.00
64.00 554.50
63.50 554.00
63.00 553.50
62.50 553.00
62.00 552.50
61.50 552.00
61.00 551.50
60.50 551.00
60.00 550.50
59.50 550.00
59.00 549.50
58.50 549.00
58.00 548.50
57.50 548.00
57.00 547.50
56.50 547.00
56.00 546.50
55.50 546.00
55.00 545.50
54.00 545.50
53.50 545.00
53.00 544.50
52.50 544.00
52.00 543.50
51.00 543.50
50.50 543.00
50.00 542.50
49.50 542.00
49.00 541.50
48.50 541.00
48.00 540.50
47.00 540.50
46.50 540.00
46.00 539.50
45.50 539.00
45.00 538.50
44.00 538.50
43.00 538.50
42.50 538.00
42.00 537.50
41.00 537.50
40.00 537.50
39.00 537.50
38.00 537.50
37.00 537.50
36.00 537.50
35.00 537.50
34.00 537.50
33.00 537.50
32.00 537.50
31.00 537.50
30.00 537.50
29.50 538.00
29.00 538.50
28.00 538.50
27.00 538.50
26.50 539.00
26.00 539.50
25.00 539.50
24.50 540.00
24.00 540.50
23.00 540.50
22.50 541.00
22.00 541.50
21.00 541.50
20.50 542.00
20.00 542.50
19.50 543.00
19.00 543.50
18.00 543.50
17.50 544.00
17.00 544.50
16.50 545.00
16.00 545.50
15.50 546.00
15.00 546.50
14.50 547.00
14.00 547.50
13.50 548.00
13.00 548.50
12.50 549.00
12.00 549.50
11.50 550.00
11.50 551.00
11.00 551.50
10.50 552.00
10.50 553.00
10.00 553.50
9.50 554.00
9.50 555.00
9.00 555.50
8.50 556.00
8.50 557.00
8.50 558.00
8.50 559.00
8.50 560.00
8.50 561.00
8.50 562.00
8.50 563.00
8.50 564.00
8.50 565.00
8.50 566.00
8.50 567.00
8.50 568.00
9.00 568.50
9.50 569.00
9.50 570.00
9.50 571.00
9.50 572.00
10.00 572.50
10.50 573.00
10.50 574.00
10.50 575.00
11.00 575.50
11.50 576.00
11.50 577.00
12.00 577.50
12.50 578.00
12.50 579.00
13.00 579.50
13.50 580.00
13.50 581.00
14.00 581.50
14.50 582.00
14.50 583.00
15.00 583.50
15.50 584.00
15.50 585.00
16.00 585.50
16.50 586.00
16.50 587.00
17.00 587.50
17.50 588.00
18.00 588.50
18.50 589.00
19.00 589.50
19.50 590.00
20.00 590.50
20.50 591.00
21.00 591.50
21.50 592.00
22.00 592.50
22.50 593.00
23.00 593.50
23.50 594.00
24.00 594.50
25.00 594.50
25.50 595.00
26.00 595.50
26.50 596.00
27.00 596.50
27.50 597.00
28.00 597.50
29.00 597.50
29.50 598.00
30.00 598.50
31.00 598.50
32.00 598.50
32.50 599.00
33.00 599.50
34.00 599.50
35.00 599.50
36.00 599.50
37.00 599.50
38.00 599.50
39.00 599.50
39.50 600.00
40.00 600.50
41.00 600.50
42.00 600.50
43.00 600.50
44.00 600.50
45.00 600.50
46.00 600.50
47.00 600.50
48.00 600.50
48.50 600.00
49.00 599.50
50.00 599.50
50.50 599.00
51.00 598.50
52.00 598.50
53.00 598.50
53.50 598.00
54.00 597.50
54.50 597.00
55.00 596.50
56.00 596.50
56.50 596.00
57.00 595.50
58.00 595.50
58.50 595.00
59.00 594.50
59.50 594.00
60.00 593.50
60.50 593.00
61.00 592.50
61.50 592.00
62.00 591.50
62.50 591.00
63.00 590.50
63.50 590.00
63.50 589.00
64.00 588.50
64.50 588.00
64.50 587.00
65.00 586.50
65.50 586.00
65.50 585.00
66.00 584.50
66.50 584.00
66.50 583.00
67.00 582.50
67.50 582.00
67.50 581.00
68.00 580.50
68.50 580.00

Contour 1:
124.75 224.00
124.75 223.00
124.75 222.00
124.75 221.00
124.75 220.00
124.75 219.00
124.75 218.00
124.75 217.00
124.75 216.00
124.75 215.00
124.75 214.00
124.75 213.00
124.00 212.25
123.75 212.00
123.75 211.00
123.75 210.00
123.75 209.00
123.00 208.25
122.75 208.00
122.00 207.25
121.75 207.00
121.75 206.00
121.00 205.25
120.75 205.00
120.00 204.25
119.75 204.00
119.00 203.25
118.75 203.00
118.00 202.25
117.75 202.00
117.00 201.25
116.75 201.00
116.00 200.25
115.75 200.00
115.00 199.25
114.00 199.25
113.75 199.00
113.00 198.25
112.00 198.25
111.75 198.00
111.00 197.25
110.00 197.25
109.75 197.00
109.00 196.25
108.00 196.25
107.00 196.25
106.75 196.00
106.00 195.25
105.00 195.25
104.00 195.25
103.75 195.00
103.00 194.25
102.00 194.25
101.00 194.25
100.00 194.25
99.75 194.00
99.00 193.25
98.00 193.25
97.00 193.25
96.00 193.25
95.00 193.25
94.00 193.25
93.00 193.25
92.00 193.25
91.00 193.25
90.00 193.25
89.00 193.25
88.00 193.25
87.00 193.25
86.00 193.25
85.25 194.00
85.00 194.25
84.00 194.25
83.00 194.25
82.00 194.25
81.25 195.00
81.00 195.25
80.00 195.25
79.00 195.25
78.25 196.00
78.00 196.25
77.00 196.25
76.25 197.00
76.00 197.25
75.00 197.25
74.00 197.25
73.25 198.00
73.00 198.25
72.25 199.00
72.00 199.25
71.00 199.25
70.25 200.00
70.00 200.25
69.00 200.25
68.25 201.00
68.00 201.25
67.25 202.00
67.00 202.25
66.00 202.25
65.25 203.00
65.00 203.25
64.25 204.00
64.00 204.25
63.25 205.00
63.00 205.25
62.25 206.00
62.00 206.25
61.25 207.00
61.00 207.25
60.25 208.00
60.00 208.25
59.25 209.00
59.00 209.25
58.25 210.00
58.25 211.00
58.00 211.25
57.25 212.00
57.25 213.00
57.00 213.25
56.25 214.00
56.25 215.00
56.00 215.25
55.25 216.00
55.25 217.00
55.25 218.00
55.00 218.25
54.25 219.00
54.25 220.00
54.25 221.00
54.00 221.25
53.25 222.00
53.25 223.00
53.25 224.00
53.25 225.00
53.25 226.00
53.25 227.00
53.25 228.00
53.25 229.00
53.25 230.00
53.25 231.00
53.25 232.00
53.25 233.00
53.25 234.00
54.00 234.75
54.25 235.00
54.25 236.00
54.25 237.00
54.25 238.00
55.00 238.75
55.25 239.00
55.25 240.00
56.00 240.75
56.25 241.00
56.25 242.00
57.00 242.75
57.25 243.00
57.25 244.00
58.00 244.75
58.25 245.00
58.25 246.00
59.00 246.75
59.25 247.00
60.00 247.75
60.25 248.00
60.25 249.00
61.00 249.75
61.25 250.00
62.00 250.75
62.25 251.00
63.00 251.75
63.25 252.00
64.00 252.75
64.25 253.00
65.00 253.75
65.25 254.00
66.00 254.75
67.00 254.75
67.25 255.00
68.00 255.75
68.25 256.00
69.00 256.75
70.00 256.75
70.25 257.00
71.00 257.75
72.00 257.75
72.25 258.00
73.00 258.75
73.25 259.00
74.00 259.75
75.00 259.75
75.25 260.00
76.00 260.75
77.00 260.75
78.00 260.75
78.25 261.00
79.00 261.75
80.00 261.75
81.00 261.75
82.00 261.75
83.00 261.75
83.25 262.00
84.00 262.75
85.00 262.75
86.00 262.75
87.00 262.75
88.00 262.75
89.00 262.75
90.00 262.75
90.75 262.00
91.00 261.75
92.00 261.75
92.75 261.00
93.00 260.75
94.00 260.75
95.00 260.75
96.00 260.75
96.75 260.00
97.00 259.75
98.00 259.75
99.00 259.75
99.75 259.00
100.00 258.75
101.00 258.75
101.75 258.00
102.00 257.75
102.75 257.00
103.00 256.75
103.75 256.00
104.00 255.75
104.75 255.00
105.00 254.75
105.75 254.00
106.00 253.75
106.75 253.00
107.00 252.75
107.75 252.00
108.00 251.75
109.00 251.75
109.75 251.00
110.00 250.75
110.75 250.00
110.75 249.00
111.00 248.75
111.75 248.00
112.00 247.75
112.75 247.00
112.75 246.00
113.00 245.75
113.75 245.00
113.75 244.00
114.00 243.75
114.75 243.00
115.00 242.75
115.75 242.00
115.75 241.00
115.75 240.00
116.00 239.75
116.75 239.00
117.00 238.75
117.75 238.00
117.75 237.00
118.00 236.75
118.75 236.00
119.00 235.75
119.75 235.00
119.75 234.00
120.00 233.75
120.75 233.00
120.75 232.00
121.00 231.75
121.75 231.00
121.75 230.00
122.00 229.75
122.75 229.00
122.75 228.00
123.00 227.75
123.75 227.00
123.75 226.00
123.75 225.00
124.00 224.75
124.75 224.00

Contour 2:
205.83 102.00
205.83 101.00
205.83 100.00
205.83 99.00
205.83 98.00
205.83 97.00
205.83 96.00
205.83 95.00
205.83 94.00
205.83 93.00
205.83 92.00
205.83 91.00
205.00 90.17
204.83 90.00
204.83 89.00
204.83 88.00
204.83 87.00
204.83 86.00
204.00 85.17
203.83 85.00
203.83 84.00
203.00 83.17
202.83 83.00
202.00 82.17
201.83 82.00
201.00 81.17
200.83 81.00
200.83 80.00
200.00 79.17
199.83 79.00
199.00 78.17
198.83 78.00
198.00 77.17
197.83 77.00
197.83 76.00
197.00 75.17
196.83 75.00
196.00 74.17
195.83 74.00
195.00 73.17
194.83 73.00
194.00 72.17
193.83 72.00
193.00 71.17
192.83 71.00
192.00 70.17
191.83 70.00
191.00 69.17
190.83 69.00
190.00 68.17
189.83 68.00
189.00 67.17
188.00 67.17
187.83 67.00
187.00 66.17
186.83 66.00
186.00 65.17
185.00 65.17
184.83 65.00
184.00 64.17
183.00 64.17
182.00 64.17
181.83 64.00
181.00 63.17
180.00 63.17
179.83 63.00
179.00 62.17
178.00 62.17
177.83 62.00
177.00 61.17
176.00 61.17
175.00 61.17
174.00 61.17
173.00 61.17
172.83 61.00
172.00 60.17
171.00 60.17
170.00 60.17
169.00 60.17
168.00 60.17
167.17 61.00
167.00 61.17
166.00 61.17
165.00 61.17
164.00 61.17
163.00 61.17
162.00 61.17
161.00 61.17
160.00 61.17
159.00 61.17
158.17 62.00
158.00 62.17
157.00 62.17
156.00 62.17
155.00 62.17
154.17 63.00
154.00 63.17
153.00 63.17
152.17 64.00
152.00 64.17
151.00 64.17
150.00 64.17
149.17 65.00
149.00 65.17
148.00 65.17
147.17 66.00
147.00 66.17
146.00 66.17
145.17 67.00
145.00 67.17
144.17 68.00
144.00 68.17
143.17 69.00
143.00 69.17
142.00 69.17
141.17 70.00
141.00 70.17
140.17 71.00
140.00 71.17
139.17 72.00
139.00 72.17
138.17 73.00
138.17 74.00
138.00 74.17
137.17 75.00
137.00 75.17
136.17 76.00
136.17 77.00
136.00 77.17
135.17 78.00
135.00 78.17
134.17 79.00
134.00 79.17
133.17 80.00
133.17 81.00
133.00 81.17
132.17 82.00
132.17 83.00
132.00 83.17
131.17 84.00
131.17 85.00
131.00 85.17
130.17 86.00
130.17 87.00
130.17 88.00
130.17 89.00
130.00 89.17
129.17 90.00
129.17 91.00
129.17 92.00
129.17 93.00
129.17 94.00
129.17 95.00
129.17 96.00
129.17 97.00
129.00 97.17
128.17 98.00
128.17 99.00
128.17 100.00
128.17 101.00
128.17 102.00
128.17 103.00
128.17 104.00
128.17 105.00
128.17 106.00
128.17 107.00
129.00 107.83
129.17 108.00
129.17 109.00
129.17 110.00
129.17 111.00
130.00 111.83
130.17 112.00
130.17 113.00
131.00 113.83
131.17 114.00
131.17 115.00
131.17 116.00
132.00 116.83
132.17 117.00
132.17 118.00
133.00 118.83
133.17 119.00
133.17 120.00
134.00 120.83
134.17 121.00
134.17 122.00
135.00 122.83
135.17 123.00
135.17 124.00
136.00 124.83
136.17 125.00
136.17 126.00
136.17 127.00
137.00 127.83
137.17 128.00
138.00 128.83
138.17 129.00
138.17 130.00
139.00 130.83
139.17 131.00
140.00 131.83
140.17 132.00
140.17 133.00
141.00 133.83
141.17 134.00
142.00 134.83
142.17 135.00
143.00 135.83
144.00 135.83
144.17 136.00
145.00 136.83
145.17 137.00
146.00 137.83
146.17 138.00
147.00 138.83
147.17 139.00
148.00 139.83
149.00 139.83
149.17 140.00
150.00 140.83
150.17 141.00
151.00 141.83
152.00 141.83
152.17 142.00
153.00 142.83
154.00 142.83
154.17 143.00
155.00 143.83
156.00 143.83
156.17 144.00
157.00 144.83
158.00 144.83
158.17 145.00
159.00 145.83
160.00 145.83
161.00 145.83
161.17 146.00
162.00 146.83
163.00 146.83
164.00 146.83
165.00 146.83
166.00 146.83
167.00 146.83
168.00 146.83
169.00 146.83
169.83 146.00
170.00 145.83
171.00 145.83
171.83 145.00
172.00 144.83
173.00 144.83
174.00 144.83
175.00 144.83
175.83 144.00
176.00 143.83
177.00 143.83
178.00 143.83
178.83 143.00
179.00 142.83
180.00 142.83
180.83 142.00
181.00 141.83
182.00 141.83
182.83 141.00
183.00 140.83
184.00 140.83
184.83 140.00
185.00 139.83
185.83 139.00
186.00 138.83
186.83 138.00
187.00 137.83
187.83 137.00
188.00 136.83
188.83 136.00
189.00 135.83
189.83 135.00
190.00 134.83
190.83 134.00
191.00 133.83
191.83 133.00
192.00 132.83
192.83 132.00
193.00 131.83
193.83 131.00
194.00 130.83
194.83 130.00
194.83 129.00
195.00 128.83
195.83 128.00
196.00 127.83
196.83 127.00
196.83 126.00
197.00 125.83
197.83 125.00
197.83 124.00
198.00 123.83
198.83 123.00
198.83 122.00
199.00 121.83
199.83 121.00
200.00 120.83
200.83 120.00
200.83 119.00
201.00 118.83
201.83 118.00
201.83 117.00
201.83 116.00
202.00 115.83
202.83 115.00
202.83 114.00
202.83 113.00
202.83 112.00
203.00 111.83
203.83 111.00
203.83 110.00
203.83 109.00
203.83 108.00
204.00 107.83
204.83 107.00
204.83 106.00
204.83 105.00
204.83 104.00
204.83 103.00
205.00 102.83
205.83 102.00

Contour 3:
210.88 831.00
210.88 830.00
210.88 829.00
210.88 828.00
210.88 827.00
210.88 826.00
210.88 825.00
210.88 824.00
210.88 823.00
210.88 822.00
210.88 821.00
210.88 820.00
210.88 819.00
210.00 818.12
209.88 818.00
209.88 817.00
209.88 816.00
209.00 815.12
208.88 815.00
208.88 814.00
208.00 813.12
207.88 813.00
207.00 812.12
206.88 812.00
206.88 811.00
206.00 810.12
205.88 810.00
205.00 809.12
204.88 809.00
204.00 808.12
203.88 808.00
203.00 807.12
202.88 807.00
202.00 806.12
201.88 806.00
201.00 805.12
200.88 805.00
200.00 804.12
199.88 804.00
199.00 803.12
198.88 803.00
198.00 802.12
197.00 802.12
196.88 802.00
196.00 801.12
195.00 801.12
194.88 801.00
194.00 800.12
193.00 800.12
192.00 800.12
191.88 800.00
191.00 799.12
190.00 799.12
189.00 799.12
188.00 799.12
187.00 799.12
186.00 799.12
185.00 799.12
184.00 799.12
183.00 799.12
182.00 799.12
181.00 799.12
180.00 799.12
179.00 799.12
178.00 799.12
177.00 799.12
176.12 800.00
176.00 800.12
175.00 800.12
174.00 800.12
173.00 800.12
172.12 801.00
172.00 801.12
171.00 801.12
170.00 801.12
169.12 802.00
169.00 802.12
168.00 802.12
167.12 803.00
167.00 803.12
166.00 803.12
165.12 804.00
165.00 804.12
164.12 805.00
164.00 805.12
163.00 805.12
162.12 806.00
162.00 806.12
161.12 807.00
161.00 807.12
160.12 808.00
160.00 808.12
159.12 809.00
159.00 809.12
158.12 810.00
158.00 810.12
157.12 811.00
157.12 812.00
157.00 812.12
156.12 813.00
156.00 813.12
155.12 814.00
155.12 815.00
155.00 815.12
154.12 816.00
154.00 816.12
153.12 817.00
153.12 818.00
153.00 818.12
152.12 819.00
152.00 819.12
151.12 820.00
151.12 821.00
151.00 821.12
150.12 822.00
150.12 823.00
150.12 824.00
150.00 824.12
149.12 825.00
149.12 826.00
149.12 827.00
149.00 827.12
148.12 828.00
148.12 829.00
148.12 830.00
148.00 830.12
147.12 831.00
147.12 832.00
147.12 833.00
147.12 834.00
147.12 835.00
147.12 836.00
147.12 837.00
147.12 838.00
147.12 839.00
148.00 839.88
148.12 840.00
148.12 841.00
148.12 842.00
148.12 843.00
149.00 843.88
149.12 844.00
149.12 845.00
149.12 846.00
150.00 846.88
150.12 847.00
150.12 848.00
150.12 849.00
151.00 849.88
151.12 850.00
151.12 851.00
152.00 851.88
152.12 852.00
152.12 853.00
153.00 853.88
153.12 854.00
154.00 854.88
154.12 855.00
154.12 856.00
155.00 856.88
155.12 857.00
156.00 857.88
156.12 858.00
157.00 858.88
157.12 859.00
158.00 859.88
158.12 860.00
159.00 860.88
159.12 861.00
160.00 861.88
160.12 862.00
161.00 862.88
162.00 862.88
162.12 863.00
163.00 863.88
164.00 863.88
164.12 864.00
165.00 864.88
166.00 864.88
166.12 865.00
167.00 865.88
168.00 865.88
169.00 865.88
169.12 866.00
170.00 866.88
171.00 866.88
172.00 866.88
173.00 866.88
173.12 867.00
174.00 867.88
175.00 867.88
176.00 867.88
177.00 867.88
177.88 867.00
178.00 866.88
179.00 866.88
180.00 866.88
181.00 866.88
181.88 866.00
182.00 865.88
183.00 865.88
184.00 865.88
184.88 865.00
185.00 864.88
186.00 864.88
186.88 864.00
187.00 863.88
187.88 863.00
188.00 862.88
189.00 862.88
189.88 862.00
190.00 861.88
190.88 861.00
191.00 860.88
192.00 860.88
192.88 860.00
193.00 859.88
193.88 859.00
194.00 858.88
195.00 858.88
195.88 858.00
196.00 857.88
196.88 857.00
197.00 856.88
197.88 856.00
198.00 855.88
199.00 855.88
199.88 855.00
200.00 854.88
200.88 854.00
201.00 853.88
201.88 853.00
201.88 852.00
202.00 851.88
202.88 851.00
203.00 850.88
203.88 850.00
204.00 849.88
204.88 849.00
204.88 848.00
205.00 847.88
205.88 847.00
205.88 846.00
206.00 845.88
206.88 845.00
206.88 844.00
206.88 843.00
207.00 842.88
207.88 842.00
207.88 841.00
207.88 840.00
208.00 839.88
208.88 839.00
208.88 838.00
208.88 837.00
209.00 836.88
209.88 836.00
209.88 835.00
209.88 834.00
209.88 833.00
209.88 832.00
210.00 831.88
210.88 831.00

Contour 4:
326.90 391.00
326.90 390.00
326.90 389.00
326.90 388.00
326.90 387.00
326.90 386.00
326.90 385.00
326.90 384.00
326.00 383.10
325.90 383.00
325.90 382.00
325.90 381.00
325.00 380.10
324.90 380.00
324.90 379.00
324.90 378.00
324.00 377.10
323.90 377.00
323.90 376.00
323.00 375.10
322.90 375.00
322.00 374.10
321.90 374.00
321.90 373.00
321.00 372.10
320.90 372.00
320.00 371.10
319.90 371.00
319.00 370.10
318.90 370.00
318.00 369.10
317.90 369.00
317.90 368.00
317.00 367.10
316.90 367.00
316.00 366.10
315.00 366.10
314.90 366.00
314.00 365.10
313.00 365.10
312.90 365.00
312.00 364.10
311.90 364.00
311.00 363.10
310.00 363.10
309.00 363.10
308.90 363.00
308.00 362.10
307.00 362.10
306.00 362.10
305.90 362.00
305.00 361.10
304.00 361.10
303.00 361.10
302.00 361.10
301.90 361.00
301.00 360.10
300.00 360.10
299.00 360.10
298.00 360.10
297.10 361.00
297.00 361.10
296.00 361.10
295.00 361.10
294.00 361.10
293.00 361.10
292.10 362.00
292.00 362.10
291.00 362.10
290.00 362.10
289.00 362.10
288.10 363.00
288.00 363.10
287.00 363.10
286.00 363.10
285.00 363.10
284.10 364.00
284.00 364.10
283.00 364.10
282.00 364.10
281.10 365.00
281.00 365.10
280.00 365.10
279.10 366.00
279.00 366.10
278.00 366.10
277.00 366.10
276.10 367.00
276.00 367.10
275.10 368.00
275.00 368.10
274.00 368.10
273.10 369.00
273.00 369.10
272.10 370.00
272.00 370.10
271.10 371.00
271.10 372.00
271.00 372.10
270.10 373.00
270.00 373.10
269.10 374.00
269.10 375.00
269.00 375.10
268.10 376.00
268.10 377.00
268.00 377.10
267.10 378.00
267.10 379.00
267.00 379.10
266.10 380.00
266.10 381.00
266.00 381.10
265.10 382.00
265.10 383.00
265.00 383.10
264.10 384.00
264.10 385.00
264.10 386.00
264.10 387.00
264.10 388.00
264.00 388.10
263.10 389.00
263.10 390.00
263.10 391.00
263.10 392.00
263.10 393.00
263.10 394.00
263.10 395.00
263.10 396.00
263.10 397.00
263.10 398.00
263.10 399.00
263.10 400.00
263.10 401.00
263.10 402.00
264.00 402.90
264.10 403.00
264.10 404.00
264.10 405.00
265.00 405.90
265.10 406.00
265.10 407.00
266.00 407.90
266.10 408.00
266.10 409.00
267.00 409.90
267.10 410.00
267.10 411.00
268.00 411.90
268.10 412.00
268.10 413.00
269.00 413.90
269.10 414.00
269.10 415.00
270.00 415.90
270.10 416.00
270.10 417.00
271.00 417.90
271.10 418.00
272.00 418.90
272.10 419.00
272.10 420.00
273.00 420.90
273.10 421.00
274.00 421.90
274.10 422.00
275.00 422.90
275.10 423.00
276.00 423.90
277.00 423.90
277.10 424.00
278.00 424.90
278.10 425.00
279.00 425.90
279.10 426.00
280.00 426.90
280.10 427.00
281.00 427.90
282.00 427.90
282.10 428.00
283.00 428.90
284.00 428.90
284.10 429.00
285.00 429.90
286.00 429.90
286.10 430.00
287.00 430.90
288.00 430.90
288.10 431.00
289.00 431.90
290.00 431.90
291.00 431.90
292.00 431.90
293.00 431.90
294.00 431.90
295.00 431.90
296.00 431.90
296.90 431.00
297.00 430.90
298.00 430.90
298.90 430.00
299.00 429.90
300.00 429.90
301.00 429.90
301.90 429.00
302.00 428.90
302.90 428.00
303.00 427.90
304.00 427.90
304.90 427.00
305.00 426.90
305.90 426.00
306.00 425.90
306.90 425.00
307.00 424.90
307.90 424.00
308.00 423.90
308.90 423.00
309.00 422.90
309.90 422.00
310.00 421.90
310.90 421.00
311.00 420.90
311.90 420.00
311.90 419.00
312.00 418.90
312.90 418.00
313.00 417.90
313.90 417.00
314.00 416.90
314.90 416.00
315.00 415.90
315.90 415.00
316.00 414.90
316.90 414.00
316.90 413.00
317.00 412.90
317.90 412.00
318.00 411.90
318.90 411.00
319.00 410.90
319.90 410.00
319.90 409.00
320.00 408.90
320.90 408.00
320.90 407.00
321.00 406.90
321.90 406.00
321.90 405.00
322.00 404.90
322.90 404.00
322.90 403.00
323.00 402.90
323.90 402.00
323.90 401.00
323.90 400.00
324.00 399.90
324.90 399.00
324.90 398.00
324.90 397.00
325.00 396.90
325.90 396.00
325.90 395.00
325.90 394.00
325.90 393.00
325.90 392.00
326.00 391.90
326.90 391.00

Contour 5:
368.92 499.00
368.92 498.00
368.92 497.00
368.92 496.00
368.92 495.00
368.92 494.00
368.92 493.00
368.92 492.00
368.92 491.00
368.92 490.00
368.92 489.00
368.92 488.00
368.92 487.00
368.00 486.08
367.92 486.00
367.92 485.00
367.92 484.00
367.92 483.00
367.00 482.08
366.92 482.00
366.92 481.00
366.00 480.08
365.92 480.00
365.92 479.00
365.00 478.08
364.92 478.00
364.00 477.08
363.92 477.00
363.00 476.08
362.92 476.00
362.00 475.08
361.92 475.00
361.00 474.08
360.92 474.00
360.00 473.08
359.92 473.00
359.00 472.08
358.92 472.00
358.00 471.08
357.92 471.00
357.00 470.08
356.00 470.08
355.92 470.00
355.00 469.08
354.00 469.08
353.92 469.00
353.00 468.08
352.00 468.08
351.92 468.00
351.00 467.08
350.00 467.08
349.00 467.08
348.00 467.08
347.92 467.00
347.00 466.08
346.00 466.08
345.00 466.08
344.00 466.08
343.00 466.08
342.00 466.08
341.00 466.08
340.00 466.08
339.00 466.08
338.00 466.08
337.08 467.00
337.00 467.08
336.00 467.08
335.00 467.08
334.00 467.08
333.00 467.08
332.08 468.00
332.00 468.08
331.00 468.08
330.00 468.08
329.00 468.08
328.08 469.00
328.00 469.08
327.00 469.08
326.08 470.00
326.00 470.08
325.00 470.08
324.00 470.08
323.08 471.00
323.00 471.08
322.00 471.08
321.08 472.00
321.00 472.08
320.00 472.08
319.08 473.00
319.00 473.08
318.00 473.08
317.08 474.00
317.00 474.08
316.00 474.08
315.08 475.00
315.00 475.08
314.00 475.08
313.08 476.00
313.00 476.08
312.08 477.00
312.00 477.08
311.00 477.08
310.08 478.00
310.00 478.08
309.08 479.00
309.00 479.08
308.00 479.08
307.08 480.00
307.00 480.08
306.08 481.00
306.00 481.08
305.08 482.00
305.08 483.00
305.00 483.08
304.08 484.00
304.00 484.08
303.08 485.00
303.08 486.00
303.08 487.00
303.00 487.08
302.08 488.00
302.08 489.00
302.08 490.00
302.08 491.00
302.08 492.00
302.08 493.00
302.08 494.00
302.08 495.00
302.08 496.00
302.08 497.00
303.00 497.92
303.08 498.00
303.08 499.00
303.08 500.00
303.08 501.00
304.00 501.92
304.08 502.00
304.08 503.00
305.00 503.92
305.08 504.00
305.08 505.00
306.00 505.92
306.08 506.00
307.00 506.92
307.08 507.00
307.08 508.00
308.00 508.92
308.08 509.00
309.00 509.92
309.08 510.00
310.00 510.92
310.08 511.00
311.00 511.92
311.08 512.00
312.00 512.92
313.00 512.92
313.08 513.00
313.08 514.00
314.00 514.92
315.00 514.92
315.08 515.00
316.00 515.92
316.08 516.00
317.00 516.92
317.08 517.00
318.00 517.92
319.00 517.92
319.08 518.00
320.00 518.92
321.00 518.92
322.00 518.92
322.08 519.00
323.00 519.92
324.00 519.92
325.00 519.92
326.00 519.92
326.08 520.00
327.00 520.92
328.00 520.92
329.00 520.92
330.00 520.92
331.00 520.92
332.00 520.92
333.00 520.92
334.00 520.92
335.00 520.92
336.00 520.92
337.00 520.92
338.00 520.92
339.00 520.92
340.00 520.92
341.00 520.92
341.92 520.00
342.00 519.92
343.00 519.92
344.00 519.92
345.00 519.92
346.00 519.92
346.92 519.00
347.00 518.92
348.00 518.92
349.00 518.92
350.00 518.92
350.92 518.00
351.00 517.92
352.00 517.92
352.92 517.00
353.00 516.92
354.00 516.92
354.92 516.00
355.00 515.92
356.00 515.92
356.92 515.00
357.00 514.92
357.92 514.00
358.00 513.92
359.00 513.92
359.92 513.00
360.00 512.92
360.92 512.00
361.00 511.92
361.92 511.00
362.00 510.92
362.92 510.00
363.00 509.92
363.92 509.00
364.00 508.92
364.92 508.00
364.92 507.00
365.00 506.92
365.92 506.00
365.92 505.00
366.00 504.92
366.92 504.00
366.92 503.00
367.00 502.92
367.92 502.00
367.92 501.00
367.92 500.00
368.00 499.92
368.92 499.00

Contour 6:
323.07 0.00
323.00 0.07
322.00 0.07
321.00 0.07
320.00 0.07
319.07 1.00
319.00 1.07
318.00 1.07
317.00 1.07
316.00 1.07
315.00 1.07
314.00 1.07
313.00 1.07
312.07 2.00
312.07 3.00
312.00 3.07
311.07 4.00
311.00 4.07
310.07 5.00
310.07 6.00
310.07 7.00
310.07 8.00
310.07 9.00
310.07 10.00
310.07 11.00
310.07 12.00
310.07 13.00
311.00 13.93
311.07 14.00
311.07 15.00
311.07 16.00
312.00 16.93
312.07 17.00
313.00 17.93
313.07 18.00
313.07 19.00
314.00 19.93
314.07 20.00
314.07 21.00
315.00 21.93
315.07 22.00
316.00 22.93
317.00 22.93
317.07 23.00
318.00 23.93
319.00 23.93
320.00 23.93
320.07 24.00
321.00 24.93
321.07 25.00
322.00 25.93
323.00 25.93
324.00 25.93
325.00 25.93
326.00 25.93
326.07 26.00
327.00 26.93
328.00 26.93
329.00 26.93
330.00 26.93
330.93 26.00
331.00 25.93
332.00 25.93
333.00 25.93
334.00 25.93
335.00 25.93
335.93 25.00
336.00 24.93
337.00 24.93
337.93 24.00
338.00 23.93
339.00 23.93
339.93 23.00
340.00 22.93
341.00 22.93
341.93 22.00
342.00 21.93
342.93 21.00
343.00 20.93
344.00 20.93
344.93 20.00
345.00 19.93
345.93 19.00
346.00 18.93
346.93 18.00
347.00 17.93
347.93 17.00
348.00 16.93
348.93 16.00
349.00 15.93
349.93 15.00
350.00 14.93
350.93 14.00
351.00 13.93
351.93 13.00
351.93 12.00
352.00 11.93
352.93 11.00
353.00 10.93
353.93 10.00
353.93 9.00
354.00 8.93
354.93 8.00
355.00 7.93
355.93 7.00
355.93 6.00
356.00 5.93
356.93 5.00
356.00 4.07
355.93 4.00
355.00 3.07
354.93 3.00
354.00 2.07
353.00 2.07
352.00 2.07
351.93 2.00
351.00 1.07
350.00 1.07
349.00 1.07
348.00 1.07
347.00 1.07
346.00 1.07
345.93 1.00
345.00 0.07
344.00 0.07
343.00 0.07
342.00 0.07
341.00 0.07
340.00 0.07
339.00 0.07
338.00 0.07
337.00 0.07
336.00 0.07
335.00 0.07
334.00 0.07
333.93 0.00

Contour 7:
452.94 151.00
452.94 150.00
452.94 149.00
452.94 148.00
452.94 147.00
452.94 146.00
452.94 145.00
452.94 144.00
452.94 143.00
452.94 142.00
452.94 141.00
452.94 140.00
452.00 139.06
451.94 139.00
451.94 138.00
451.94 137.00
451.00 136.06
450.94 136.00
450.94 135.00
450.94 134.00
450.00 133.06
449.94 133.00
449.94 132.00
449.00 131.06
448.94 131.00
448.00 130.06
447.94 130.00
447.94 129.00
447.00 128.06
446.94 128.00
446.94 127.00
446.00 126.06
445.94 126.00
445.00 125.06
444.94 125.00
444.00 124.06
443.94 124.00
443.00 123.06
442.94 123.00
442.00 122.06
441.94 122.00
441.00 121.06
440.94 121.00
440.00 120.06
439.00 120.06
438.94 120.00
438.00 119.06
437.94 119.00
437.00 118.06
436.00 118.06
435.94 118.00
435.00 117.06
434.00 117.06
433.94 117.00
433.00 116.06
432.00 116.06
431.94 116.00
431.00 115.06
430.00 115.06
429.00 115.06
428.94 115.00
428.00 114.06
427.00 114.06
426.00 114.06
425.00 114.06
424.00 114.06
423.00 114.06
422.00 114.06
421.00 114.06
420.00 114.06
419.00 114.06
418.00 114.06
417.00 114.06
416.00 114.06
415.94 114.00
415.00 113.06
414.00 113.06
413.00 113.06
412.06 114.00
412.00 114.06
411.00 114.06
410.00 114.06
409.00 114.06
408.00 114.06
407.06 115.00
407.00 115.06
406.00 115.06
405.00 115.06
404.06 116.00
404.00 116.06
403.00 116.06
402.00 116.06
401.06 117.00
401.00 117.06
400.00 117.06
399.00 117.06
398.06 118.00
398.00 118.06
397.00 118.06
396.06 119.00
396.00 119.06
395.00 119.06
394.00 119.06
393.06 120.00
393.00 120.06
392.00 120.06
391.06 121.00
391.00 121.06
390.00 121.06
389.06 122.00
389.00 122.06
388.06 123.00
388.00 123.06
387.06 124.00
387.00 124.06
386.06 125.00
386.00 125.06
385.06 126.00
385.00 126.06
384.06 127.00
384.00 127.06
383.06 128.00
383.00 128.06
382.06 129.00
382.00 129.06
381.06 130.00
381.00 130.06
380.06 131.00
380.06 132.00
380.00 132.06
379.06 133.00
379.00 133.06
378.06 134.00
378.00 134.06
377.06 135.00
377.06 136.00
377.00 136.06
376.06 137.00
376.06 138.00
376.00 138.06
375.06 139.00
375.06 140.00
375.00 140.06
374.06 141.00
374.06 142.00
374.06 143.00
374.06 144.00
374.06 145.00
374.00 145.06
373.06 146.00
373.06 147.00
373.06 148.00
373.06 149.00
373.06 150.00
373.06 151.00
373.06 152.00
373.06 153.00
373.06 154.00
373.06 155.00
373.06 156.00
373.06 157.00
373.06 158.00
374.00 158.94
374.06 159.00
374.06 160.00
374.06 161.00
374.06 162.00
374.06 163.00
374.06 164.00
374.06 165.00
374.06 166.00
374.06 167.00
374.06 168.00
374.06 169.00
375.00 169.94
375.06 170.00
376.00 170.94
376.06 171.00
377.00 171.94
377.06 172.00
378.00 172.94
378.06 173.00
378.06 174.00
379.00 174.94
379.06 175.00
380.00 175.94
380.06 176.00
380.06 177.00
381.00 177.94
381.06 178.00
382.00 178.94
382.06 179.00
383.00 179.94
383.06 180.00
384.00 180.94
384.06 181.00
385.00 181.94
386.00 181.94
386.06 182.00
387.00 182.94
388.00 182.94
388.06 183.00
389.00 183.94
390.00 183.94
390.06 184.00
391.00 184.94
392.00 184.94
392.06 185.00
393.00 185.94
394.00 185.94
394.06 186.00
395.00 186.94
396.00 186.94
397.00 186.94
397.06 187.00
398.00 187.94
399.00 187.94
400.00 187.94
401.00 187.94
402.00 187.94
402.06 188.00
403.00 188.94
404.00 188.94
405.00 188.94
405.94 188.00
406.00 187.94
407.00 187.94
408.00 187.94
409.00 187.94
410.00 187.94
411.00 187.94
412.00 187.94
412.94 187.00
413.00 186.94
414.00 186.94
415.00 186.94
416.00 186.94
416.94 186.00
417.00 185.94
418.00 185.94
419.00 185.94
419.94 185.00
420.00 184.94
421.00 184.94
421.94 184.00
422.00 183.94
423.00 183.94
424.00 183.94
424.94 183.00
425.00 182.94
425.94 182.00
426.00 181.94
427.00 181.94
427.94 181.00
428.00 180.94
428.94 180.00
429.00 179.94
430.00 179.94
430.94 179.00
431.00 178.94
431.94 178.00
432.00 177.94
432.94 177.00
433.00 176.94
434.00 176.94
434.94 176.00
435.00 175.94
435.94 175.00
436.00 174.94
436.94 174.00
437.00 173.94
437.94 173.00
438.00 172.94
438.94 172.00
439.00 171.94
439.94 171.00
440.00 170.94
440.94 170.00
441.00 169.94
441.94 169.00
442.00 168.94
442.94 168.00
443.00 167.94
443.94 167.00
444.00 166.94
444.94 166.00
444.94 165.00
445.00 164.94
445.94 164.00
446.00 163.94
446.94 163.00
447.00 162.94
447.94 162.00
447.94 161.00
448.00 160.94
448.94 160.00
449.00 159.94
449.94 159.00
449.94 158.00
449.94 157.00
450.00 156.94
450.94 156.00
450.94 155.00
451.00 154.94
451.94 154.00
451.94 153.00
451.94 152.00
452.00 151.94
452.94 151.00

Contour 8:
487.94 253.00
487.94 252.00
487.94 251.00
487.94 250.00
487.94 249.00
487.94 248.00
487.94 247.00
487.94 246.00
487.94 245.00
487.94 244.00
487.94 243.00
487.94 242.00
487.94 241.00
487.94 240.00
487.94 239.00
487.94 238.00
487.94 237.00
487.94 236.00
487.00 235.06
486.94 235.00
486.94 234.00
486.94 233.00
486.00 232.06
485.94 232.00
485.00 231.06
484.94 231.00
484.94 230.00
484.00 229.06
483.94 229.00
483.00 228.06
482.94 228.00
482.00 227.06
481.94 227.00
481.00 226.06
480.94 226.00
480.00 225.06
479.94 225.00
479.00 224.06
478.94 224.00
478.00 223.06
477.94 223.00
477.00 222.06
476.00 222.06
475.94 222.00
475.00 221.06
474.94 221.00
474.00 220.06
473.00 220.06
472.94 220.00
472.00 219.06
471.00 219.06
470.00 219.06
469.94 219.00
469.00 218.06
468.00 218.06
467.00 218.06
466.00 218.06
465.94 218.00
465.00 217.06
464.00 217.06
463.00 217.06
462.00 217.06
461.00 217.06
460.00 217.06
459.00 217.06
458.94 217.00
458.00 216.06
457.00 216.06
456.00 216.06
455.00 216.06
454.00 216.06
453.00 216.06
452.94 216.00
452.00 215.06
451.00 215.06
450.00 215.06
449.06 216.00
449.00 216.06
448.00 216.06
447.00 216.06
446.00 216.06
445.00 216.06
444.00 216.06
443.06 217.00
443.00 217.06
442.00 217.06
441.00 217.06
440.06 218.00
440.00 218.06
439.06 219.00
439.00 219.06
438.00 219.06
437.06 220.00
437.00 220.06
436.06 221.00
436.00 221.06
435.00 221.06
434.00 221.06
433.06 222.00
433.00 222.06
432.00 222.06
431.00 222.06
430.00 222.06
429.06 223.00
429.00 223.06
428.00 223.06
427.00 223.06
426.00 223.06
425.06 224.00
425.00 224.06
424.00 224.06
423.00 224.06
422.06 225.00
422.00 225.06
421.00 225.06
420.06 226.00
420.00 226.06
419.06 227.00
419.00 227.06
418.00 227.06
417.06 228.00
417.00 228.06
416.00 228.06
415.06 229.00
415.00 229.06
414.06 230.00
414.00 230.06
413.06 231.00
413.00 231.06
412.00 231.06
411.06 232.00
411.00 232.06
410.06 233.00
410.00 233.06
409.06 234.00
409.00 234.06
408.06 235.00
408.00 235.06
407.06 236.00
407.00 236.06
406.06 237.00
406.00 237.06
405.06 238.00
405.06 239.00
405.00 239.06
404.06 240.00
404.00 240.06
403.06 241.00
403.06 242.00
403.00 242.06
402.06 243.00
402.00 243.06
401.06 244.00
401.06 245.00
401.00 245.06
400.06 246.00
400.06 247.00
400.00 247.06
399.06 248.00
399.06 249.00
399.00 249.06
398.06 250.00
398.06 251.00
398.00 251.06
397.06 252.00
397.06 253.00
397.06 254.00
397.06 255.00
397.06 256.00
397.06 257.00
397.06 258.00
397.00 258.06
396.06 259.00
396.06 260.00
396.06 261.00
396.06 262.00
396.06 263.00
397.00 263.94
397.06 264.00
397.06 265.00
397.06 266.00
397.06 267.00
398.00 267.94
398.06 268.00
398.06 269.00
399.00 269.94
399.06 270.00
399.06 271.00
400.00 271.94
400.06 272.00
400.06 273.00
401.00 273.94
401.06 274.00
402.00 274.94
402.06 275.00
403.00 275.94
403.06 276.00
404.00 276.94
404.06 277.00
405.00 277.94
405.06 278.00
405.06 279.00
406.00 279.94
407.00 279.94
407.06 280.00
408.00 280.94
408.06 281.00
409.00 281.94
409.06 282.00
410.00 282.94
410.06 283.00
411.00 283.94
412.00 283.94
412.06 284.00
413.00 284.94
414.00 284.94
414.06 285.00
415.00 285.94
416.00 285.94
417.00 285.94
417.06 286.00
418.00 286.94
419.00 286.94
420.00 286.94
420.06 287.00
421.00 287.94
422.00 287.94
423.00 287.94
423.06 288.00
424.00 288.94
425.00 288.94
426.00 288.94
427.00 288.94
428.00 288.94
429.00 288.94
430.00 288.94
431.00 288.94
432.00 288.94
433.00 288.94
434.00 288.94
435.00 288.94
436.00 288.94
437.00 288.94
438.00 288.94
439.00 288.94
440.00 288.94
441.00 288.94
441.94 288.00
442.00 287.94
443.00 287.94
444.00 287.94
445.00 287.94
446.00 287.94
447.00 287.94
448.00 287.94
448.94 287.00
449.00 286.94
450.00 286.94
451.00 286.94
452.00 286.94
452.94 286.00
453.00 285.94
454.00 285.94
454.94 285.00
455.00 284.94
456.00 284.94
456.94 284.00
457.00 283.94
458.00 283.94
458.94 283.00
459.00 282.94
460.00 282.94
460.94 282.00
461.00 281.94
462.00 281.94
462.94 281.00
463.00 280.94
464.00 280.94
464.94 280.00
465.00 279.94
466.00 279.94
466.94 279.00
467.00 278.94
467.94 278.00
468.00 277.94
469.00 277.94
469.94 277.00
470.00 276.94
470.94 276.00
471.00 275.94
472.00 275.94
472.94 275.00
473.00 274.94
473.94 274.00
474.00 273.94
474.94 273.00
475.00 272.94
476.00 272.94
476.94 272.00
477.00 271.94
477.94 271.00
478.00 270.94
478.94 270.00
478.94 269.00
479.00 268.94
479.94 268.00
480.00 267.94
480.94 267.00
480.94 266.00
481.00 265.94
481.94 265.00
482.00 264.94
482.94 264.00
482.94 263.00
483.00 262.94
483.94 262.00
484.00 261.94
484.94 261.00
484.94 260.00
484.94 259.00
485.00 258.94
485.94 258.00
485.94 257.00
486.00 256.94
486.94 256.00
486.94 255.00
486.94 254.00
487.00 253.94
487.94 253.00

Contour 9:
441.95 406.00
441.95 405.00
441.95 404.00
441.95 403.00
441.95 402.00
441.95 401.00
441.95 400.00
441.95 399.00
441.95 398.00
441.95 397.00
441.00 396.05
440.95 396.00
440.95 395.00
440.00 394.05
439.95 394.00
439.00 393.05
438.00 393.05
437.95 393.00
437.00 392.05
436.00 392.05
435.95 392.00
435.00 391.05
434.00 391.05
433.95 391.00
433.00 390.05
432.00 390.05
431.00 390.05
430.00 390.05
429.00 390.05
428.00 390.05
427.00 390.05
426.00 390.05
425.00 390.05
424.05 391.00
424.00 391.05
423.00 391.05
422.00 391.05
421.00 391.05
420.05 392.00
420.00 392.05
419.00 392.05
418.00 392.05
417.05 393.00
417.00 393.05
416.05 394.00
416.00 394.05
415.05 395.00
415.00 395.05
414.05 396.00
414.00 396.05
413.05 397.00
413.00 397.05
412.05 398.00
412.00 398.05
411.05 399.00
411.00 399.05
410.05 400.00
410.00 400.05
409.05 401.00
409.00 401.05
408.05 402.00
408.05 403.00
408.05 404.00
408.00 404.05
407.05 405.00
407.05 406.00
407.05 407.00
407.05 408.00
407.00 408.05
406.05 409.00
406.05 410.00
406.05 411.00
406.05 412.00
406.05 413.00
406.05 414.00
406.05 415.00
406.05 416.00
406.05 417.00
406.05 418.00
407.00 418.95
407.05 419.00
407.05 420.00
408.00 420.95
408.05 421.00
408.05 422.00
409.00 422.95
409.05 423.00
409.05 424.00
410.00 424.95
411.00 424.95
411.05 425.00
412.00 425.95
412.05 426.00
413.00 426.95
414.00 426.95
414.05 427.00
415.00 427.95
416.00 427.95
417.00 427.95
418.00 427.95
418.95 427.00
419.00 426.95
420.00 426.95
421.00 426.95
421.95 426.00
422.00 425.95
423.00 425.95
424.00 425.95
424.95 425.00
425.00 424.95
426.00 424.95
426.95 424.00
427.00 423.95
428.00 423.95
428.95 423.00
429.00 422.95
429.95 422.00
430.00 421.95
430.95 421.00
431.00 420.95
431.95 420.00
432.00 419.95
432.95 419.00
433.00 418.95
433.95 418.00
434.00 417.95
434.95 417.00
435.00 416.95
435.95 416.00
436.00 415.95
436.95 415.00
437.00 414.95
437.95 414.00
438.00 413.95
438.95 413.00
438.95 412.00
439.00 411.95
439.95 411.00
439.95 410.00
440.00 409.95
440.95 409.00
440.95 408.00
440.95 407.00
441.00 406.95
441.95 406.00

Contour 10:
480.95 473.00
480.95 472.00
480.95 471.00
480.95 470.00
480.95 469.00
480.95 468.00
480.95 467.00
480.95 466.00
480.95 465.00
480.95 464.00
480.95 463.00
480.00 462.05
479.95 462.00
479.95 461.00
479.00 460.05
478.95 460.00
478.95 459.00
478.00 458.05
477.00 458.05
476.95 458.00
476.00 457.05
475.00 457.05
474.00 457.05
473.95 457.00
473.00 456.05
472.00 456.05
471.00 456.05
470.05 457.00
470.00 457.05
469.00 457.05
468.00 457.05
467.00 457.05
466.00 457.05
465.00 457.05
464.00 457.05
463.00 457.05
462.00 457.05
461.00 457.05
460.00 457.05
459.95 457.00
459.00 456.05
458.00 456.05
457.00 456.05
456.95 456.00
456.00 455.05
455.00 455.05
454.00 455.05
453.00 455.05
452.00 455.05
451.00 455.05
450.00 455.05
449.00 455.05
448.00 455.05
447.05 456.00
447.00 456.05
446.00 456.05
445.00 456.05
444.05 457.00
444.00 457.05
443.00 457.05
442.05 458.00
442.00 458.05
441.00 458.05
440.05 459.00
440.00 459.05
439.05 460.00
439.00 460.05
438.05 461.00
438.00 461.05
437.05 462.00
437.00 462.05
436.05 463.00
436.05 464.00
436.00 464.05
435.05 465.00
435.05 466.00
435.05 467.00
435.05 468.00
435.05 469.00
435.05 470.00
435.05 471.00
435.05 472.00
435.05 473.00
436.00 473.95
436.05 474.00
436.05 475.00
437.00 475.95
437.05 476.00
437.05 477.00
438.00 477.95
438.05 478.00
439.00 478.95
439.05 479.00
440.00 479.95
440.05 480.00
441.00 480.95
441.05 481.00
442.00 481.95
442.05 482.00
443.00 482.95
444.00 482.95
445.00 482.95
445.05 483.00
446.00 483.95
447.00 483.95
448.00 483.95
449.00 483.95
449.05 484.00
450.00 484.95
451.00 484.95
452.00 484.95
453.00 484.95
453.05 485.00
454.00 485.95
455.00 485.95
456.00 485.95
457.00 485.95
458.00 485.95
459.00 485.95
460.00 485.95
461.00 485.95
462.00 485.95
463.00 485.95
464.00 485.95
464.95 485.00
465.00 484.95
466.00 484.95
467.00 484.95
468.00 484.95
468.95 484.00
469.00 483.95
470.00 483.95
470.95 483.00
471.00 482.95
472.00 482.95
472.95 482.00
473.00 481.95
473.95 481.00
474.00 480.95
475.00 480.95
475.95 480.00
476.00 479.95
476.95 479.00
477.00 478.95
477.95 478.00
478.00 477.95
478.95 477.00
478.95 476.00
479.00 475.95
479.95 475.00
479.95 474.00
480.00 473.95
480.95 473.00

Contour 11:
518.96 700.00
518.96 699.00
518.96 698.00
518.96 697.00
518.96 696.00
518.96 695.00
518.96 694.00
518.00 693.04
517.96 693.00
517.96 692.00
517.96 691.00
517.96 690.00
517.96 689.00
517.00 688.04
516.96 688.00
516.96 687.00
516.96 686.00
516.00 685.04
515.96 685.00
515.96 684.00
515.00 683.04
514.96 683.00
514.96 682.00
514.00 681.04
513.96 681.00
513.00 680.04
512.96 680.00
512.00 679.04
511.96 679.00
511.96 678.00
511.00 677.04
510.96 677.00
510.00 676.04
509.96 676.00
509.00 675.04
508.96 675.00
508.00 674.04
507.96 674.00
507.00 673.04
506.96 673.00
506.00 672.04
505.96 672.00
505.00 671.04
504.96 671.00
504.00 670.04
503.96 670.00
503.00 669.04
502.00 669.04
501.96 669.00
501.00 668.04
500.00 668.04
499.96 668.00
499.00 667.04
498.00 667.04
497.96 667.00
497.00 666.04
496.00 666.04
495.00 666.04
494.00 666.04
493.96 666.00
493.00 665.04
492.00 665.04
491.00 665.04
490.00 665.04
489.00 665.04
488.00 665.04
487.00 665.04
486.04 666.00
486.00 666.04
485.00 666.04
484.00 666.04
483.00 666.04
482.04 667.00
482.00 667.04
481.00 667.04
480.04 668.00
480.00 668.04
479.00 668.04
478.04 669.00
478.00 669.04
477.00 669.04
476.04 670.00
476.00 670.04
475.00 670.04
474.04 671.00
474.00 671.04
473.04 672.00
473.00 672.04
472.00 672.04
471.04 673.00
471.00 673.04
470.04 674.00
470.00 674.04
469.04 675.00
469.00 675.04
468.04 676.00
468.00 676.04
467.04 677.00
467.00 677.04
466.04 678.00
466.00 678.04
465.04 679.00
465.00 679.04
464.04 680.00
464.00 680.04
463.04 681.00
463.00 681.04
462.04 682.00
462.04 683.00
462.00 683.04
461.04 684.00
461.04 685.00
461.00 685.04
460.04 686.00
460.04 687.00
460.00 687.04
459.04 688.00
459.04 689.00
459.00 689.04
458.04 690.00
458.04 691.00
458.04 692.00
458.04 693.00
458.04 694.00
458.04 695.00
458.00 695.04
457.04 696.00
457.04 697.00
457.04 698.00
457.04 699.00
457.04 700.00
458.00 700.96
458.04 701.00
458.04 702.00
458.04 703.00
458.04 704.00
458.04 705.00
458.04 706.00
458.04 707.00
458.04 708.00
459.00 708.96
459.04 709.00
459.04 710.00
460.00 710.96
460.04 711.00
460.04 712.00
461.00 712.96
461.04 713.00
461.04 714.00
462.00 714.96
462.04 715.00
462.04 716.00
463.00 716.96
463.04 717.00
463.04 718.00
464.00 718.96
464.04 719.00
465.00 719.96
465.04 720.00
466.00 720.96
466.04 721.00
467.00 721.96
467.04 722.00
467.04 723.00
468.00 723.96
468.04 724.00
469.00 724.96
469.04 725.00
470.00 725.96
470.04 726.00
471.00 726.96
471.04 727.00
472.00 727.96
473.00 727.96
473.04 728.00
474.00 728.96
474.04 729.00
475.00 729.96
476.00 729.96
476.04 730.00
477.00 730.96
478.00 730.96
478.04 731.00
479.00 731.96
480.00 731.96
481.00 731.96
481.04 732.00
482.00 732.96
483.00 732.96
484.00 732.96
485.00 732.96
485.04 733.00
486.00 733.96
487.00 733.96
488.00 733.96
489.00 733.96
490.00 733.96
490.96 733.00
491.00 732.96
492.00 732.96
493.00 732.96
494.00 732.96
494.96 732.00
495.00 731.96
496.00 731.96
497.00 731.96
497.96 731.00
498.00 730.96
499.00 730.96
499.96 730.00
500.00 729.96
501.00 729.96
501.96 729.00
502.00 728.96
502.96 728.00
503.00 727.96
504.00 727.96
504.96 727.00
505.00 726.96
505.96 726.00
506.00 725.96
506.96 725.00
507.00 724.96
507.96 724.00
508.00 723.96
508.96 723.00
509.00 722.96
509.96 722.00
509.96 721.00
510.00 720.96
510.96 720.00
511.00 719.96
511.96 719.00
511.96 718.00
512.00 717.96
512.96 717.00
512.96 716.00
513.00 715.96
513.96 715.00
513.96 714.00
514.00 713.96
514.96 713.00
514.96 712.00
515.00 711.96
515.96 711.00
515.96 710.00
516.00 709.96
516.96 709.00
516.96 708.00
516.96 707.00
517.00 706.96
517.96 706.00
517.96 705.00
517.96 704.00
517.96 703.00
517.96 702.00
517.96 701.00
518.00 700.96
518.96 700.00

Contour 12:
549.96 454.00
549.96 453.00
549.96 452.00
549.96 451.00
549.96 450.00
549.96 449.00
549.96 448.00
549.96 447.00
549.96 446.00
549.96 445.00
549.96 444.00
549.96 443.00
549.96 442.00
549.00 441.04
548.96 441.00
548.96 440.00
548.00 439.04
547.96 439.00
547.96 438.00
547.00 437.04
546.96 437.00
546.96 436.00
546.00 435.04
545.96 435.00
545.00 434.04
544.96 434.00
544.96 433.00
544.00 432.04
543.96 432.00
543.00 431.04
542.96 431.00
542.00 430.04
541.96 430.00
541.00 429.04
540.96 429.00
540.00 428.04
539.96 428.00
539.00 427.04
538.96 427.00
538.00 426.04
537.96 426.00
537.00 425.04
536.96 425.00
536.00 424.04
535.00 424.04
534.96 424.00
534.00 423.04
533.00 423.04
532.96 423.00
532.00 422.04
531.00 422.04
530.96 422.00
530.00 421.04
529.00 421.04
528.96 421.00
528.00 420.04
527.00 420.04
526.00 420.04
525.96 420.00
525.00 419.04
524.00 419.04
523.00 419.04
522.00 419.04
521.00 419.04
520.00 419.04
519.00 419.04
518.00 419.04
517.00 419.04
516.00 419.04
515.00 419.04
514.00 419.04
513.00 419.04
512.04 420.00
512.00 420.04
511.00 420.04
510.00 420.04
509.04 421.00
509.00 421.04
508.00 421.04
507.00 421.04
506.00 421.04
505.04 422.00
505.00 422.04
504.00 422.04
503.00 422.04
502.04 423.00
502.00 423.04
501.00 423.04
500.04 424.00
500.00 424.04
499.04 425.00
499.00 425.04
498.00 425.04
497.04 426.00
497.00 426.04
496.04 427.00
496.00 427.04
495.04 428.00
495.04 429.00
495.00 429.04
494.04 430.00
494.00 430.04
493.04 431.00
493.00 431.04
492.04 432.00
492.04 433.00
492.00 433.04
491.04 434.00
491.00 434.04
490.04 435.00
490.04 436.00
490.04 437.00
490.00 437.04
489.04 438.00
489.04 439.00
489.00 439.04
488.04 440.00
488.04 441.00
488.04 442.00
488.04 443.00
488.04 444.00
488.04 445.00
488.00 445.04
487.04 446.00
487.04 447.00
487.04 448.00
487.04 449.00
487.04 450.00
487.04 451.00
488.00 451.96
488.04 452.00
488.04 453.00
488.04 454.00
489.00 454.96
489.04 455.00
489.04 456.00
489.04 457.00
490.00 457.96
490.04 458.00
491.00 458.96
491.04 459.00
491.04 460.00
492.00 460.96
492.04 461.00
493.00 461.96
493.04 462.00
493.04 463.00
494.00 463.96
494.04 464.00
495.00 464.96
495.04 465.00
495.04 466.00
496.00 466.96
496.04 467.00
497.00 467.96
497.04 468.00
498.00 468.96
498.04 469.00
499.00 469.96
499.04 470.00
500.00 470.96
500.04 471.00
501.00 471.96
501.04 472.00
501.04 473.00
502.00 473.96
502.04 474.00
503.00 474.96
503.04 475.00
504.00 475.96
504.04 476.00
505.00 476.96
505.04 477.00
506.00 477.96
507.00 477.96
507.04 478.00
508.00 478.96
508.04 479.00
509.00 479.96
510.00 479.96
510.04 480.00
511.00 480.96
512.00 480.96
512.04 481.00
513.00 481.96
514.00 481.96
515.00 481.96
516.00 481.96
517.00 481.96
518.00 481.96
519.00 481.96
520.00 481.96
521.00 481.96
522.00 481.96
523.00 481.96
524.00 481.96
525.00 481.96
525.96 481.00
526.00 480.96
527.00 480.96
528.00 480.96
528.96 480.00
529.00 479.96
530.00 479.96
531.00 479.96
531.96 479.00
532.00 478.96
533.00 478.96
533.96 478.00
534.00 477.96
535.00 477.96
535.96 477.00
536.00 476.96
536.96 476.00
537.00 475.96
537.96 475.00
538.00 474.96
539.00 474.96
539.96 474.00
540.00 473.96
540.96 473.00
540.96 472.00
541.00 471.96
541.96 471.00
542.00 470.96
542.96 470.00
543.00 469.96
543.96 469.00
543.96 468.00
544.00 467.96
544.96 467.00
545.00 466.96
545.96 466.00
545.96 465.00
546.00 464.96
546.96 464.00
546.96 463.00
546.96 462.00
547.00 461.96
547.96 461.00
547.96 460.00
547.96 459.00
548.00 458.96
548.96 458.00
548.96 457.00
548.96 456.00
548.96 455.00
549.00 454.96
549.96 454.00

Contour 13:
552.96 333.00
552.96 332.00
552.96 331.00
552.96 330.00
552.96 329.00
552.96 328.00
552.96 327.00
552.96 326.00
552.96 325.00
552.96 324.00
552.96 323.00
552.96 322.00
552.96 321.00
552.96 320.00
552.96 319.00
552.00 318.04
551.96 318.00
551.96 317.00
551.96 316.00
551.00 315.04
550.96 315.00
550.96 314.00
550.00 313.04
549.96 313.00
549.96 312.00
549.00 311.04
548.96 311.00
548.96 310.00
548.00 309.04
547.96 309.00
547.00 308.04
546.96 308.00
546.96 307.00
546.00 306.04
545.96 306.00
545.00 305.04
544.96 305.00
544.00 304.04
543.96 304.00
543.00 303.04
542.00 303.04
541.96 303.00
541.00 302.04
540.96 302.00
540.00 301.04
539.96 301.00
539.00 300.04
538.00 300.04
537.96 300.00
537.00 299.04
536.96 299.00
536.00 298.04
535.96 298.00
535.00 297.04
534.00 297.04
533.96 297.00
533.00 296.04
532.00 296.04
531.96 296.00
531.00 295.04
530.00 295.04
529.96 295.00
529.00 294.04
528.00 294.04
527.00 294.04
526.96 294.00
526.00 293.04
525.00 293.04
524.00 293.04
523.00 293.04
522.00 293.04
521.00 293.04
520.00 293.04
519.00 293.04
518.00 293.04
517.00 293.04
516.00 293.04
515.00 293.04
514.04 294.00
514.00 294.04
513.00 294.04
512.00 294.04
511.04 295.00
511.00 295.04
510.00 295.04
509.00 295.04
508.04 296.00
508.00 296.04
507.00 296.04
506.04 297.00
506.00 297.04
505.04 298.00
505.00 298.04
504.04 299.00
504.00 299.04
503.04 300.00
503.00 300.04
502.04 301.00
502.00 301.04
501.04 302.00
501.00 302.04
500.04 303.00
500.00 303.04
499.04 304.00
499.04 305.00
499.00 305.04
498.04 306.00
498.04 307.00
498.00 307.04
497.04 308.00
497.04 309.00
497.04 310.00
497.00 310.04
496.04 311.00
496.04 312.00
496.04 313.00
496.04 314.00
496.04 315.00
496.00 315.04
495.04 316.00
495.04 317.00
495.04 318.00
495.04 319.00
495.04 320.00
495.04 321.00
496.00 321.96
496.04 322.00
496.04 323.00
496.04 324.00
496.04 325.00
496.04 326.00
497.00 326.96
497.04 327.00
497.04 328.00
497.04 329.00
498.00 329.96
498.04 330.00
499.00 330.96
499.04 331.00
499.04 332.00
500.00 332.96
500.04 333.00
500.04 334.00
501.00 334.96
501.04 335.00
502.00 335.96
502.04 336.00
502.04 337.00
503.00 337.96
503.04 338.00
504.00 338.96
504.04 339.00
505.00 339.96
505.04 340.00
506.00 340.96
506.04 341.00
507.00 341.96
507.04 342.00
508.00 342.96
508.04 343.00
509.00 343.96
509.04 344.00
510.00 344.96
510.04 345.00
511.00 345.96
511.04 346.00
512.00 346.96
512.04 347.00
513.00 347.96
513.04 348.00
514.00 348.96
514.04 349.00
515.00 349.96
515.04 350.00
516.00 350.96
517.00 350.96
517.04 351.00
518.00 351.96
518.04 352.00
519.00 352.96
520.00 352.96
520.04 353.00
521.00 353.96
522.00 353.96
522.04 354.00
523.00 354.96
524.00 354.96
525.00 354.96
526.00 354.96
527.00 354.96
528.00 354.96
529.00 354.96
530.00 354.96
531.00 354.96
532.00 354.96
533.00 354.96
534.00 354.96
535.00 354.96
535.96 354.00
536.00 353.96
537.00 353.96
537.96 353.00
538.00 352.96
539.00 352.96
539.96 352.00
540.00 351.96
541.00 351.96
541.96 351.00
542.00 350.96
542.96 350.00
543.00 349.96
543.96 349.00
544.00 348.96
544.96 348.00
545.00 347.96
545.96 347.00
545.96 346.00
546.00 345.96
546.96 345.00
547.00 344.96
547.96 344.00
548.00 343.96
548.96 343.00
548.96 342.00
549.00 341.96
549.96 341.00
549.96 340.00
549.96 339.00
550.00 338.96
550.96 338.00
550.96 337.00
551.00 336.96
551.96 336.00
551.96 335.00
551.96 334.00
552.00 333.96
552.96 333.00

Contour 14:
557.97 533.00
557.97 532.00
557.97 531.00
557.97 530.00
557.97 529.00
557.00 528.03
556.97 528.00
556.97 527.00
556.97 526.00
556.97 525.00
556.97 524.00
556.97 523.00
556.00 522.03
555.97 522.00
555.97 521.00
555.00 520.03
554.97 520.00
554.97 519.00
554.00 518.03
553.97 518.00
553.00 517.03
552.97 517.00
552.97 516.00
552.00 515.03
551.97 515.00
551.00 514.03
550.97 514.00
550.00 513.03
549.97 513.00
549.00 512.03
548.97 512.00
548.00 511.03
547.97 511.00
547.00 510.03
546.97 510.00
546.00 509.03
545.00 509.03
544.97 509.00
544.00 508.03
543.00 508.03
542.00 508.03
541.97 508.00
541.00 507.03
540.00 507.03
539.00 507.03
538.97 507.00
538.00 506.03
537.00 506.03
536.00 506.03
535.00 506.03
534.97 506.00
534.00 505.03
533.00 505.03
532.00 505.03
531.00 505.03
530.00 505.03
529.00 505.03
528.00 505.03
527.00 505.03
526.00 505.03
525.00 505.03
524.03 506.00
524.00 506.03
523.00 506.03
522.00 506.03
521.03 507.00
521.00 507.03
520.00 507.03
519.03 508.00
519.00 508.03
518.00 508.03
517.03 509.00
517.00 509.03
516.00 509.03
515.03 510.00
515.00 510.03
514.00 510.03
513.03 511.00
513.00 511.03
512.03 512.00
512.00 512.03
511.03 513.00
511.00 513.03
510.03 514.00
510.00 514.03
509.03 515.00
509.00 515.03
508.03 516.00
508.00 516.03
507.03 517.00
507.00 517.03
506.03 518.00
506.00 518.03
505.03 519.00
505.00 519.03
504.03 520.00
504.00 520.03
503.03 521.00
503.03 522.00
503.00 522.03
502.03 523.00
502.00 523.03
501.03 524.00
501.03 525.00
501.00 525.03
500.03 526.00
500.03 527.00
500.00 527.03
499.03 528.00
499.03 529.00
499.00 529.03
498.03 530.00
498.03 531.00
498.03 532.00
498.03 533.00
498.00 533.03
497.03 534.00
497.03 535.00
497.03 536.00
497.03 537.00
497.03 538.00
497.03 539.00
497.03 540.00
497.03 541.00
497.03 542.00
497.03 543.00
497.03 544.00
497.03 545.00
497.03 546.00
498.00 546.97
498.03 547.00
498.03 548.00
498.03 549.00
499.00 549.97
499.03 550.00
499.03 551.00
499.03 552.00
500.00 552.97
500.03 553.00
500.03 554.00
501.00 554.97
501.03 555.00
501.03 556.00
502.00 556.97
502.03 557.00
502.03 558.00
503.00 558.97
503.03 559.00
504.00 559.97
504.03 560.00
505.00 560.97
505.03 561.00
506.00 561.97
506.03 562.00
507.00 562.97
508.00 562.97
508.03 563.00
509.00 563.97
509.03 564.00
510.00 564.97
511.00 564.97
511.03 565.00
512.00 565.97
513.00 565.97
513.03 566.00
514.00 566.97
515.00 566.97
516.00 566.97
517.00 566.97
517.03 567.00
518.00 567.97
519.00 567.97
520.00 567.97
521.00 567.97
522.00 567.97
523.00 567.97
524.00 567.97
525.00 567.97
526.00 567.97
527.00 567.97
528.00 567.97
529.00 567.97
530.00 567.97
531.00 567.97
531.97 567.00
532.00 566.97
533.00 566.97
534.00 566.97
534.97 566.00
535.00 565.97
536.00 565.97
536.97 565.00
537.00 564.97
537.97 564.00
538.00 563.97
538.97 563.00
539.00 562.97
539.97 562.00
540.00 561.97
540.97 561.00
541.00 560.97
541.97 560.00
542.00 559.97
542.97 559.00
543.00 558.97
543.97 558.00
544.00 557.97
544.97 557.00
544.97 556.00
545.00 555.97
545.97 555.00
546.00 554.97
546.97 554.00
547.00 553.97
547.97 553.00
548.00 552.97
548.97 552.00
548.97 551.00
549.00 550.97
549.97 550.00
550.00 549.97
550.97 549.00
550.97 548.00
551.00 547.97
551.97 547.00
552.00 546.97
552.97 546.00
552.97 545.00
553.00 544.97
553.97 544.00
553.97 543.00
554.00 542.97
554.97 542.00
554.97 541.00
555.00 540.97
555.97 540.00
555.97 539.00
555.97 538.00
556.00 537.97
556.97 537.00
556.97 536.00
556.97 535.00
556.97 534.00
557.00 533.97
557.97 533.00

Contour 15:
606.97 641.00
606.00 640.03
605.97 640.00
605.97 639.00
605.97 638.00
605.97 637.00
605.97 636.00
605.97 635.00
605.00 634.03
604.97 634.00
604.97 633.00
604.97 632.00
604.00 631.03
603.97 631.00
603.97 630.00
603.97 629.00
603.00 628.03
602.97 628.00
602.00 627.03
601.97 627.00
601.97 626.00
601.00 625.03
600.97 625.00
600.00 624.03
599.97 624.00
599.00 623.03
598.97 623.00
598.00 622.03
597.97 622.00
597.00 621.03
596.97 621.00
596.00 620.03
595.00 620.03
594.97 620.00
594.00 619.03
593.97 619.00
593.00 618.03
592.00 618.03
591.97 618.00
591.00 617.03
590.97 617.00
590.00 616.03
589.00 616.03
588.97 616.00
588.00 615.03
587.00 615.03
586.00 615.03
585.97 615.00
585.00 614.03
584.00 614.03
583.97 614.00
583.00 613.03
582.97 613.00
582.00 612.03
581.00 612.03
580.00 612.03
579.97 612.00
579.00 611.03
578.00 611.03
577.00 611.03
576.00 611.03
575.00 611.03
574.00 611.03
573.00 611.03
572.00 611.03
571.00 611.03
570.00 611.03
569.00 611.03
568.00 611.03
567.00 611.03
566.03 612.00
566.00 612.03
565.00 612.03
564.00 612.03
563.03 613.00
563.00 613.03
562.00 613.03
561.00 613.03
560.03 614.00
560.00 614.03
559.00 614.03
558.00 614.03
557.03 615.00
557.00 615.03
556.00 615.03
555.03 616.00
555.00 616.03
554.00 616.03
553.03 617.00
553.00 617.03
552.03 618.00
552.00 618.03
551.00 618.03
550.03 619.00
550.00 619.03
549.03 620.00
549.00 620.03
548.03 621.00
548.00 621.03
547.03 622.00
547.00 622.03
546.03 623.00
546.00 623.03
545.03 624.00
545.00 624.03
544.03 625.00
544.00 625.03
543.03 626.00
543.00 626.03
542.03 627.00
542.00 627.03
541.03 628.00
541.03 629.00
541.00 629.03
540.03 630.00
540.03 631.00
540.00 631.03
539.03 632.00
539.03 633.00
539.00 633.03
538.03 634.00
538.03 635.00
538.03 636.00
538.03 637.00
538.03 638.00
538.03 639.00
538.00 639.03
537.03 640.00
537.03 641.00
537.03 642.00
537.03 643.00
537.03 644.00
537.03 645.00
538.00 645.97
538.03 646.00
538.03 647.00
538.03 648.00
538.03 649.00
538.03 650.00
539.00 650.97
539.03 651.00
539.03 652.00
539.03 653.00
540.00 653.97
540.03 654.00
540.03 655.00
541.00 655.97
541.03 656.00
541.03 657.00
542.00 657.97
542.03 658.00
542.03 659.00
543.00 659.97
543.03 660.00
544.00 660.97
544.03 661.00
545.00 661.97
545.03 662.00
546.00 662.97
546.03 663.00
547.00 663.97
548.00 663.97
548.03 664.00
549.00 664.97
549.03 665.00
550.00 665.97
550.03 666.00
551.00 666.97
551.03 667.00
552.00 667.97
552.03 668.00
553.00 668.97
553.03 669.00
554.00 669.97
554.03 670.00
555.00 670.97
556.00 670.97
556.03 671.00
557.00 671.97
558.00 671.97
559.00 671.97
559.03 672.00
560.00 672.97
561.00 672.97
562.00 672.97
563.00 672.97
564.00 672.97
565.00 672.97
566.00 672.97
567.00 672.97
568.00 672.97
568.03 673.00
569.00 673.97
570.00 673.97
571.00 673.97
572.00 673.97
573.00 673.97
573.97 673.00
574.00 672.97
575.00 672.97
576.00 672.97
577.00 672.97
578.00 672.97
579.00 672.97
580.00 672.97
581.00 672.97
582.00 672.97
582.97 672.00
583.00 671.97
584.00 671.97
585.00 671.97
586.00 671.97
586.97 671.00
587.00 670.97
588.00 670.97
588.97 670.00
589.00 669.97
589.97 669.00
590.00 668.97
591.00 668.97
591.97 668.00
592.00 667.97
593.00 667.97
593.97 667.00
594.00 666.97
594.97 666.00
595.00 665.97
595.97 665.00
596.00 664.97
596.97 664.00
597.00 663.97
597.97 663.00
598.00 662.97
598.97 662.00
599.00 661.97
599.97 661.00
599.97 660.00
600.00 659.97
600.97 659.00
600.97 658.00
601.00 657.97
601.97 657.00
601.97 656.00
602.00 655.97
602.97 655.00
602.97 654.00
603.00 653.97
603.97 653.00
603.97 652.00
603.97 651.00
604.00 650.97
604.97 650.00
604.97 649.00
604.97 648.00
604.97 647.00
605.00 646.97
605.97 646.00
605.97 645.00
605.97 644.00
605.97 643.00
605.97 642.00
606.00 641.97
606.97 641.00

Contour 16:
648.97 328.00
648.97 327.00
648.97 326.00
648.97 325.00
648.97 324.00
648.97 323.00
648.97 322.00
648.97 321.00
648.97 320.00
648.97 319.00
648.00 318.03
647.97 318.00
647.97 317.00
647.97 316.00
647.97 315.00
647.00 314.03
646.97 314.00
646.97 313.00
646.00 312.03
645.97 312.00
645.97 311.00
645.00 310.03
644.97 310.00
644.00 309.03
643.97 309.00
643.00 308.03
642.97 308.00
642.97 307.00
642.00 306.03
641.97 306.00
641.00 305.03
640.97 305.00
640.00 304.03
639.97 304.00
639.00 303.03
638.00 303.03
637.97 303.00
637.00 302.03
636.97 302.00
636.00 301.03
635.97 301.00
635.00 300.03
634.97 300.00
634.00 299.03
633.00 299.03
632.97 299.00
632.00 298.03
631.00 298.03
630.97 298.00
630.00 297.03
629.00 297.03
628.97 297.00
628.00 296.03
627.00 296.03
626.97 296.00
626.00 295.03
625.00 295.03
624.00 295.03
623.00 295.03
622.97 295.00
622.00 294.03
621.00 294.03
620.00 294.03
619.00 294.03
618.00 294.03
617.00 294.03
616.00 294.03
615.00 294.03
614.00 294.03
613.00 294.03
612.00 294.03
611.00 294.03
610.00 294.03
609.00 294.03
608.00 294.03
607.00 294.03
606.03 295.00
606.00 295.03
605.00 295.03
604.00 295.03
603.00 295.03
602.00 295.03
601.03 296.00
601.00 296.03
600.00 296.03
599.00 296.03
598.03 297.00
598.00 297.03
597.00 297.03
596.03 298.00
596.00 298.03
595.00 298.03
594.03 299.00
594.00 299.03
593.03 300.00
593.00 300.03
592.00 300.03
591.03 301.00
591.00 301.03
590.03 302.00
590.03 303.00
590.00 303.03
589.03 304.00
589.00 304.03
588.03 305.00
588.00 305.03
587.03 306.00
587.00 306.03
586.03 307.00
586.03 308.00
586.00 308.03
585.03 309.00
585.03 310.00
585.03 311.00
585.00 311.03
584.03 312.00
584.03 313.00
584.03 314.00
584.03 315.00
584.03 316.00
584.00 316.03
583.03 317.00
583.03 318.00
583.03 319.00
583.03 320.00
583.03 321.00
583.03 322.00
583.03 323.00
584.00 323.97
584.03 324.00
584.03 325.00
584.03 326.00
584.03 327.00
584.03 328.00
585.00 328.97
585.03 329.00
585.03 330.00
585.03 331.00
586.00 331.97
586.03 332.00
586.03 333.00
587.00 333.97
587.03 334.00
587.03 335.00
588.00 335.97
588.03 336.00
589.00 336.97
589.03 337.00
589.03 338.00
590.00 338.97
590.03 339.00
591.00 339.97
591.03 340.00
591.03 341.00
592.00 341.97
592.03 342.00
593.00 342.97
594.00 342.97
594.03 343.00
595.00 343.97
595.03 344.00
596.00 344.97
597.00 344.97
597.03 345.00
598.00 345.97
599.00 345.97
599.03 346.00
600.00 346.97
601.00 346.97
602.00 346.97
602.03 347.00
603.00 347.97
604.00 347.97
605.00 347.97
606.00 347.97
606.03 348.00
607.00 348.97
608.00 348.97
609.00 348.97
610.00 348.97
611.00 348.97
612.00 348.97
612.03 349.00
613.00 349.97
614.00 349.97
615.00 349.97
616.00 349.97
617.00 349.97
618.00 349.97
619.00 349.97
620.00 349.97
620.03 350.00
621.00 350.97
622.00 350.97
623.00 350.97
624.00 350.97
624.97 350.00
625.00 349.97
626.00 349.97
627.00 349.97
628.00 349.97
629.00 349.97
630.00 349.97
630.97 349.00
631.00 348.97
632.00 348.97
633.00 348.97
634.00 348.97
634.97 348.00
635.00 347.97
635.97 347.00
636.00 346.97
636.97 346.00
637.00 345.97
638.00 345.97
638.97 345.00
639.00 344.97
639.97 344.00
640.00 343.97
640.97 343.00
641.00 342.97
641.97 342.00
642.00 341.97
642.97 341.00
643.00 340.97
643.97 340.00
643.97 339.00
644.00 338.97
644.97 338.00
645.00 337.97
645.97 337.00
645.97 336.00
646.00 335.97
646.97 335.00
646.97 334.00
646.97 333.00
647.00 332.97
647.97 332.00
647.97 331.00
647.97 330.00
647.97 329.00
648.00 328.97
648.97 328.00

Contour 17:
651.97 493.00
651.97 492.00
651.97 491.00
651.97 490.00
651.97 489.00
651.97 488.00
651.00 487.03
650.97 487.00
650.97 486.00
650.97 485.00
650.97 484.00
650.97 483.00
650.00 482.03
649.97 482.00
649.97 481.00
649.97 480.00
649.00 479.03
648.97 479.00
648.00 478.03
647.97 478.00
647.97 477.00
647.00 476.03
646.97 476.00
646.00 475.03
645.97 475.00
645.97 474.00
645.00 473.03
644.97 473.00
644.00 472.03
643.97 472.00
643.97 471.00
643.00 470.03
642.97 470.00
642.00 469.03
641.97 469.00
641.00 468.03
640.97 468.00
640.97 467.00
640.00 466.03
639.97 466.00
639.97 465.00
639.00 464.03
638.97 464.00
638.00 463.03
637.97 463.00
637.00 462.03
636.97 462.00
636.00 461.03
635.00 461.03
634.97 461.00
634.00 460.03
633.97 460.00
633.00 459.03
632.97 459.00
632.00 458.03
631.00 458.03
630.97 458.00
630.00 457.03
629.00 457.03
628.00 457.03
627.97 457.00
627.00 456.03
626.00 456.03
625.00 456.03
624.00 456.03
623.00 456.03
622.00 456.03
621.00 456.03
620.00 456.03
619.00 456.03
618.00 456.03
617.03 457.00
617.00 457.03
616.00 457.03
615.00 457.03
614.00 457.03
613.03 458.00
613.00 458.03
612.00 458.03
611.00 458.03
610.03 459.00
610.00 459.03
609.03 460.00
609.00 460.03
608.00 460.03
607.03 461.00
607.00 461.03
606.03 462.00
606.00 462.03
605.03 463.00
605.00 463.03
604.03 464.00
604.00 464.03
603.03 465.00
603.00 465.03
602.03 466.00
602.00 466.03
601.03 467.00
601.00 467.03
600.03 468.00
600.00 468.03
599.03 469.00
599.00 469.03
598.03 470.00
598.00 470.03
597.03 471.00
597.00 471.03
596.03 472.00
596.00 472.03
595.03 473.00
595.03 474.00
595.00 474.03
594.03 475.00
594.00 475.03
593.03 476.00
593.00 476.03
592.03 477.00
592.03 478.00
592.00 478.03
591.03 479.00
591.03 480.00
591.00 480.03
590.03 481.00
590.00 481.03
589.03 482.00
589.03 483.00
589.03 484.00
589.03 485.00
589.00 485.03
588.03 486.00
588.03 487.00
588.03 488.00
588.03 489.00
588.03 490.00
588.03 491.00
588.03 492.00
588.03 493.00
588.03 494.00
588.03 495.00
588.03 496.00
588.03 497.00
589.00 497.97
589.03 498.00
589.03 499.00
589.03 500.00
589.03 501.00
590.00 501.97
590.03 502.00
590.03 503.00
591.00 503.97
591.03 504.00
592.00 504.97
592.03 505.00
592.03 506.00
593.00 506.97
593.03 507.00
594.00 507.97
594.03 508.00
595.00 508.97
595.03 509.00
596.00 509.97
596.03 510.00
597.00 510.97
597.03 511.00
598.00 511.97
599.00 511.97
599.03 512.00
600.00 512.97
601.00 512.97
601.03 513.00
602.00 513.97
603.00 513.97
603.03 514.00
604.00 514.97
605.00 514.97
606.00 514.97
606.03 515.00
607.00 515.97
608.00 515.97
609.00 515.97
610.00 515.97
610.03 516.00
611.00 516.97
612.00 516.97
613.00 516.97
614.00 516.97
615.00 516.97
616.00 516.97
617.00 516.97
617.03 517.00
618.00 517.97
619.00 517.97
620.00 517.97
621.00 517.97
622.00 517.97
623.00 517.97
624.00 517.97
624.97 517.00
625.00 516.97
626.00 516.97
627.00 516.97
628.00 516.97
629.00 516.97
630.00 516.97
631.00 516.97
632.00 516.97
633.00 516.97
633.97 516.00
634.00 515.97
635.00 515.97
636.00 515.97
636.97 515.00
637.00 514.97
638.00 514.97
638.97 514.00
639.00 513.97
639.97 513.00
640.00 512.97
640.97 512.00
641.00 511.97
641.97 511.00
642.00 510.97
642.97 510.00
643.00 509.97
643.97 509.00
644.00 508.97
644.97 508.00
645.00 507.97
645.97 507.00
646.00 506.97
646.97 506.00
646.97 505.00
647.00 504.97
647.97 504.00
647.97 503.00
648.00 502.97
648.97 502.00
648.97 501.00
649.00 500.97
649.97 500.00
649.97 499.00
650.00 498.97
650.97 498.00
650.97 497.00
650.97 496.00
650.97 495.00
650.97 494.00
651.00 493.97
651.97 493.00

Contour 18:
690.97 420.00
690.97 419.00
690.97 418.00
690.97 417.00
690.97 416.00
690.97 415.00
690.97 414.00
690.97 413.00
690.97 412.00
690.97 411.00
690.97 410.00
690.00 409.03
689.97 409.00
689.97 408.00
689.97 407.00
689.00 406.03
688.97 406.00
688.97 405.00
688.00 404.03
687.97 404.00
687.97 403.00
687.00 402.03
686.97 402.00
686.97 401.00
686.00 400.03
685.97 400.00
685.00 399.03
684.97 399.00
684.00 398.03
683.97 398.00
683.00 397.03
682.97 397.00
682.00 396.03
681.97 396.00
681.00 395.03
680.97 395.00
680.00 394.03
679.00 394.03
678.97 394.00
678.00 393.03
677.00 393.03
676.97 393.00
676.00 392.03
675.00 392.03
674.97 392.00
674.00 391.03
673.00 391.03
672.97 391.00
672.00 390.03
671.00 390.03
670.00 390.03
669.97 390.00
669.00 389.03
668.00 389.03
667.00 389.03
666.97 389.00
666.00 388.03
665.00 388.03
664.00 388.03
663.00 388.03
662.00 388.03
661.97 388.00
661.00 387.03
660.00 387.03
659.00 387.03
658.03 388.00
658.00 388.03
657.00 388.03
656.00 388.03
655.00 388.03
654.00 388.03
653.00 388.03
652.00 388.03
651.00 388.03
650.00 388.03
649.03 389.00
649.00 389.03
648.00 389.03
647.00 389.03
646.00 389.03
645.03 390.00
645.00 390.03
644.00 390.03
643.00 390.03
642.03 391.00
642.00 391.03
641.00 391.03
640.00 391.03
639.03 392.00
639.00 392.03
638.00 392.03
637.03 393.00
637.00 393.03
636.03 394.00
636.00 394.03
635.03 395.00
635.00 395.03
634.00 395.03
633.03 396.00
633.00 396.03
632.03 397.00
632.00 397.03
631.03 398.00
631.03 399.00
631.00 399.03
630.03 400.00
630.00 400.03
629.03 401.00
629.00 401.03
628.03 402.00
628.03 403.00
628.00 403.03
627.03 404.00
627.03 405.00
627.03 406.00
627.00 406.03
626.03 407.00
626.03 408.00
626.03 409.00
626.03 410.00
626.03 411.00
626.03 412.00
626.03 413.00
626.03 414.00
626.03 415.00
626.03 416.00
627.00 416.97
627.03 417.00
627.03 418.00
627.03 419.00
628.00 419.97
628.03 420.00
628.03 421.00
629.00 421.97
629.03 422.00
629.03 423.00
630.00 423.97
630.03 424.00
630.03 425.00
631.00 425.97
631.03 426.00
632.00 426.97
632.03 427.00
633.00 427.97
633.03 428.00
633.03 429.00
634.00 429.97
634.03 430.00
635.00 430.97
636.00 430.97
636.03 431.00
637.00 431.97
638.00 431.97
638.03 432.00
639.00 432.97
640.00 432.97
640.03 433.00
641.00 433.97
642.00 433.97
643.00 433.97
643.03 434.00
644.00 434.97
645.00 434.97
646.00 434.97
646.03 435.00
647.00 435.97
648.00 435.97
649.00 435.97
650.00 435.97
650.03 436.00
651.00 436.97
652.00 436.97
653.00 436.97
654.00 436.97
655.00 436.97
655.03 437.00
656.00 437.97
657.00 437.97
658.00 437.97
659.00 437.97
660.00 437.97
661.00 437.97
662.00 437.97
662.03 438.00
663.00 438.97
664.00 438.97
665.00 438.97
666.00 438.97
667.00 438.97
668.00 438.97
669.00 438.97
670.00 438.97
670.97 438.00
671.00 437.97
672.00 437.97
673.00 437.97
674.00 437.97
674.97 437.00
675.00 436.97
676.00 436.97
677.00 436.97
677.97 436.00
678.00 435.97
679.00 435.97
679.97 435.00
680.00 434.97
681.00 434.97
681.97 434.00
682.00 433.97
682.97 433.00
683.00 432.97
683.97 432.00
684.00 431.97
685.00 431.97
685.97 431.00
686.00 430.97
686.97 430.00
686.97 429.00
687.00 428.97
687.97 428.00
688.00 427.97
688.97 427.00
688.97 426.00
688.97 425.00
689.00 424.97
689.97 424.00
689.97 423.00
689.97 422.00
689.97 421.00
690.00 420.97
690.97 420.00

Contour 19:
725.98 630.00
725.98 629.00
725.98 628.00
725.98 627.00
725.98 626.00
725.98 625.00
725.98 624.00
725.98 623.00
725.98 622.00
725.98 621.00
725.98 620.00
725.98 619.00
725.98 618.00
725.98 617.00
725.98 616.00
725.00 615.02
724.98 615.00
724.98 614.00
724.98 613.00
724.00 612.02
723.98 612.00
723.98 611.00
723.98 610.00
723.00 609.02
722.98 609.00
722.00 608.02
721.98 608.00
721.98 607.00
721.00 606.02
720.98 606.00
720.00 605.02
719.98 605.00
719.00 604.02
718.00 604.02
717.98 604.00
717.00 603.02
716.98 603.00
716.00 602.02
715.98 602.00
715.00 601.02
714.00 601.02
713.98 601.00
713.00 600.02
712.00 600.02
711.98 600.00
711.00 599.02
710.00 599.02
709.00 599.02
708.98 599.00
708.00 598.02
707.00 598.02
706.00 598.02
705.00 598.02
704.00 598.02
703.00 598.02
702.00 598.02
701.00 598.02
700.98 598.00
700.00 597.02
699.02 598.00
699.00 598.02
698.00 598.02
697.00 598.02
696.00 598.02
695.00 598.02
694.00 598.02
693.02 599.00
693.00 599.02
692.00 599.02
691.02 600.00
691.00 600.02
690.00 600.02
689.02 601.00
689.00 601.02
688.00 601.02
687.02 602.00
687.00 602.02
686.00 602.02
685.02 603.00
685.00 603.02
684.02 604.00
684.00 604.02
683.02 605.00
683.00 605.02
682.02 606.00
682.00 606.02
681.02 607.00
681.00 607.02
680.02 608.00
680.00 608.02
679.02 609.00
679.02 610.00
679.00 610.02
678.02 611.00
678.00 611.02
677.02 612.00
677.00 612.02
676.02 613.00
676.00 613.02
675.02 614.00
675.00 614.02
674.00 614.02
673.02 615.00
673.02 616.00
673.00 616.02
672.02 617.00
672.00 617.02
671.00 617.02
670.02 618.00
670.02 619.00
670.02 620.00
670.00 620.02
669.02 621.00
669.00 621.02
668.02 622.00
668.00 622.02
667.02 623.00
667.00 623.02
666.02 624.00
666.00 624.02
665.02 625.00
665.00 625.02
664.02 626.00
664.00 626.02
663.02 627.00
663.02 628.00
663.00 628.02
662.02 629.00
662.02 630.00
662.02 631.00
662.02 632.00
662.00 632.02
661.02 633.00
661.02 634.00
661.02 635.00
661.02 636.00
661.02 637.00
661.02 638.00
661.02 639.00
662.00 639.98
662.02 640.00
662.02 641.00
662.02 642.00
662.02 643.00
662.02 644.00
662.02 645.00
663.00 645.98
663.02 646.00
663.02 647.00
663.02 648.00
664.00 648.98
664.02 649.00
664.02 650.00
664.02 651.00
665.00 651.98
665.02 652.00
665.02 653.00
666.00 653.98
666.02 654.00
667.00 654.98
667.02 655.00
668.00 655.98
668.02 656.00
669.00 656.98
669.02 657.00
670.00 657.98
670.02 658.00
671.00 658.98
672.00 658.98
672.02 659.00
673.00 659.98
673.02 660.00
674.00 660.98
675.00 660.98
675.02 661.00
676.00 661.98
677.00 661.98
677.02 662.00
678.00 662.98
679.00 662.98
680.00 662.98
680.02 663.00
681.00 663.98
682.00 663.98
683.00 663.98
684.00 663.98
684.02 664.00
685.00 664.98
686.00 664.98
687.00 664.98
688.00 664.98
689.00 664.98
690.00 664.98
691.00 664.98
692.00 664.98
693.00 664.98
694.00 664.98
695.00 664.98
696.00 664.98
696.98 664.00
697.00 663.98
698.00 663.98
699.00 663.98
699.98 663.00
700.00 662.98
701.00 662.98
701.98 662.00
702.00 661.98
703.00 661.98
703.98 661.00
704.00 660.98
705.00 660.98
705.98 660.00
706.00 659.98
706.98 659.00
707.00 658.98
708.00 658.98
708.98 658.00
709.00 657.98
709.98 657.00
710.00 656.98
710.98 656.00
711.00 655.98
711.98 655.00
712.00 654.98
712.98 654.00
713.00 653.98
713.98 653.00
714.00 652.98
714.98 652.00
715.00 651.98
716.00 651.98
716.98 651.00
717.00 650.98
717.98 650.00
717.98 649.00
718.00 648.98
718.98 648.00
719.00 647.98
719.98 647.00
720.00 646.98
720.98 646.00
720.98 645.00
720.98 644.00
721.00 643.98
721.98 643.00
721.98 642.00
722.00 641.98
722.98 641.00
722.98 640.00
722.98 639.00
723.00 638.98
723.98 638.00
723.98 637.00
723.98 636.00
724.00 635.98
724.98 635.00
724.98 634.00
724.98 633.00
724.98 632.00
724.98 631.00
725.00 630.98
725.98 630.00

Contour 20:
792.98 873.00
792.98 872.00
792.98 871.00
792.98 870.00
792.98 869.00
792.98 868.00
792.98 867.00
792.98 866.00
792.98 865.00
792.98 864.00
792.98 863.00
792.98 862.00
792.98 861.00
792.00 860.02
791.98 860.00
791.98 859.00
791.98 858.00
791.00 857.02
790.98 857.00
790.98 856.00
790.00 855.02
789.98 855.00
789.98 854.00
789.98 853.00
789.00 852.02
788.98 852.00
788.98 851.00
788.00 850.02
787.98 850.00
787.00 849.02
786.98 849.00
786.98 848.00
786.00 847.02
785.98 847.00
785.98 846.00
785.00 845.02
784.98 845.00
784.00 844.02
783.98 844.00
783.00 843.02
782.98 843.00
782.00 842.02
781.98 842.00
781.00 841.02
780.98 841.00
780.00 840.02
779.98 840.00
779.00 839.02
778.00 839.02
777.98 839.00
777.00 838.02
776.98 838.00
776.00 837.02
775.00 837.02
774.98 837.00
774.00 836.02
773.98 836.00
773.00 835.02
772.00 835.02
771.00 835.02
770.98 835.00
770.00 834.02
769.00 834.02
768.00 834.02
767.00 834.02
766.98 834.00
766.00 833.02
765.00 833.02
764.00 833.02
763.00 833.02
762.00 833.02
761.00 833.02
760.00 833.02
759.00 833.02
758.00 833.02
757.00 833.02
756.00 833.02
755.02 834.00
755.00 834.02
754.00 834.02
753.00 834.02
752.00 834.02
751.00 834.02
750.02 835.00
750.00 835.02
749.00 835.02
748.00 835.02
747.02 836.00
747.00 836.02
746.00 836.02
745.02 837.00
745.00 837.02
744.00 837.02
743.02 838.00
743.00 838.02
742.02 839.00
742.00 839.02
741.00 839.02
740.02 840.00
740.00 840.02
739.02 841.00
739.00 841.02
738.02 842.00
738.00 842.02
737.02 843.00
737.00 843.02
736.02 844.00
736.00 844.02
735.02 845.00
735.00 845.02
734.02 846.00
734.02 847.00
734.00 847.02
733.02 848.00
733.00 848.02
732.02 849.00
732.02 850.00
732.00 850.02
731.02 851.00
731.02 852.00
731.02 853.00
731.02 854.00
731.00 854.02
730.02 855.00
730.02 856.00
730.02 857.00
730.02 858.00
730.02 859.00
730.02 860.00
730.02 861.00
730.02 862.00
730.02 863.00
730.02 864.00
730.02 865.00
730.02 866.00
730.00 866.02
729.02 867.00
729.00 867.02
728.00 867.02
727.00 867.02
726.98 867.00
726.00 866.02
725.00 866.02
724.00 866.02
723.98 866.00
723.00 865.02
722.00 865.02
721.98 865.00
721.00 864.02
720.00 864.02
719.98 864.00
719.00 863.02
718.00 863.02
717.98 863.00
717.00 862.02
716.98 862.00
716.00 861.02
715.00 861.02
714.98 861.00
714.00 860.02
713.00 860.02
712.98 860.00
712.00 859.02
711.00 859.02
710.98 859.00
710.00 858.02
709.00 858.02
708.00 858.02
707.98 858.00
707.00 857.02
706.00 857.02
705.00 857.02
704.98 857.00
704.00 856.02
703.00 856.02
702.00 856.02
701.00 856.02
700.00 856.02
699.00 856.02
698.00 856.02
697.00 856.02
696.00 856.02
695.00 856.02
694.00 856.02
693.02 857.00
693.00 857.02
692.00 857.02
691.02 858.00
691.00 858.02
690.00 858.02
689.00 858.02
688.02 859.00
688.00 859.02
687.02 860.00
687.00 860.02
686.02 861.00
686.00 861.02
685.02 862.00
685.00 862.02
684.02 863.00
684.00 863.02
683.02 864.00
683.00 864.02
682.02 865.00
682.00 865.02
681.02 866.00
681.02 867.00
681.00 867.02
680.02 868.00
680.02 869.00
680.00 869.02
679.02 870.00
679.02 871.00
679.00 871.02
678.02 872.00
678.02 873.00
678.00 873.02
677.02 874.00
677.02 875.00
677.02 876.00
677.02 877.00
677.00 877.02
676.02 878.00
676.02 879.00
676.02 880.00
676.02 881.00
676.02 882.00
676.02 883.00
676.02 884.00
676.02 885.00
676.02 886.00
676.02 887.00
676.02 888.00
677.00 888.98
677.02 889.00
677.02 890.00
677.02 891.00
678.00 891.98
678.02 892.00
678.02 893.00
679.00 893.98
679.02 894.00
680.00 894.98
680.02 895.00
680.02 896.00
681.00 896.98
681.02 897.00
681.02 898.00
682.00 898.98
682.02 899.00
683.00 899.98
683.02 900.00
684.00 900.98
684.02 901.00
685.00 901.98
685.02 902.00
686.00 902.98
686.02 903.00
687.00 903.98
687.02 904.00
688.00 904.98
688.02 905.00
689.00 905.98
689.02 906.00
690.00 906.98
690.02 907.00
691.00 907.98
691.02 908.00
692.00 908.98
693.00 908.98
693.02 909.00
694.00 909.98
694.02 910.00
695.00 910.98
695.02 911.00
696.00 911.98
696.02 912.00
697.00 912.98
698.00 912.98
698.02 913.00
699.00 913.98
700.00 913.98
700.02 914.00
701.00 914.98
701.02 915.00
702.00 915.98
703.00 915.98
703.02 916.00
704.00 916.98
705.00 916.98
705.02 917.00
706.00 917.98
707.00 917.98
708.00 917.98
708.02 918.00
709.00 918.98
710.00 918.98
711.00 918.98
712.00 918.98
713.00 918.98
714.00 918.98
715.00 918.98
716.00 918.98
717.00 918.98
718.00 918.98
719.00 918.98
720.00 918.98
721.00 918.98
721.98 918.00
722.00 917.98
723.00 917.98
724.00 917.98
724.98 917.00
725.00 916.98
726.00 916.98
727.00 916.98
727.98 916.00
728.00 915.98
729.00 915.98
729.98 915.00
730.00 914.98
730.98 914.00
731.00 913.98
732.00 913.98
732.98 913.00
733.00 912.98
733.98 912.00
734.00 911.98
735.00 911.98
735.98 911.00
736.00 910.98
736.98 910.00
737.00 909.98
737.98 909.00
738.00 908.98
738.98 908.00
738.98 907.00
739.00 906.98
739.98 906.00
740.00 905.98
740.98 905.00
740.98 904.00
741.00 903.98
741.98 903.00
741.98 902.00
741.98 901.00
741.98 900.00
741.98 899.00
741.98 898.00
742.00 897.98
742.98 897.00
742.98 896.00
742.98 895.00
742.98 894.00
742.98 893.00
742.98 892.00
742.98 891.00
743.00 890.98
743.98 890.00
744.00 889.98
745.00 889.98
746.00 889.98
746.02 890.00
747.00 890.98
748.00 890.98
748.02 891.00
749.00 891.98
750.00 891.98
750.02 892.00
751.00 892.98
751.02 893.00
752.00 893.98
753.00 893.98
753.02 894.00
754.00 894.98
755.00 894.98
756.00 894.98
756.02 895.00
757.00 895.98
758.00 895.98
759.00 895.98
759.02 896.00
760.00 896.98
761.00 896.98
762.00 896.98
763.00 896.98
764.00 896.98
765.00 896.98
766.00 896.98
767.00 896.98
768.00 896.98
769.00 896.98
770.00 896.98
770.98 896.00
771.00 895.98
772.00 895.98
773.00 895.98
774.00 895.98
774.98 895.00
775.00 894.98
776.00 894.98
776.98 894.00
777.00 893.98
778.00 893.98
778.98 893.00
779.00 892.98
780.00 892.98
780.98 892.00
781.00 891.98
781.98 891.00
782.00 890.98
782.98 890.00
783.00 889.98
783.98 889.00
784.00 888.98
784.98 888.00
785.00 887.98
785.98 887.00
786.00 886.98
786.98 886.00
786.98 885.00
787.00 884.98
787.98 884.00
788.00 883.98
788.98 883.00
788.98 882.00
789.00 881.98
789.98 881.00
789.98 880.00
790.00 879.98
790.98 879.00
790.98 878.00
790.98 877.00
791.00 876.98
791.98 876.00
791.98 875.00
791.98 874.00
792.00 873.98
792.98 873.00

Contour 21:
789.98 519.00
789.98 518.00
789.98 517.00
789.98 516.00
789.98 515.00
789.98 514.00
789.98 513.00
789.98 512.00
789.98 511.00
789.98 510.00
789.00 509.02
788.98 509.00
788.98 508.00
788.98 507.00
788.00 506.02
787.98 506.00
787.98 505.00
787.00 504.02
786.98 504.00
786.98 503.00
786.00 502.02
785.98 502.00
785.00 501.02
784.98 501.00
784.98 500.00
784.00 499.02
783.98 499.00
783.00 498.02
782.98 498.00
782.98 497.00
782.00 496.02
781.00 496.02
780.98 496.00
780.00 495.02
779.98 495.00
779.00 494.02
778.00 494.02
777.00 494.02
776.98 494.00
776.00 493.02
775.00 493.02
774.00 493.02
773.00 493.02
772.98 493.00
772.00 492.02
771.00 492.02
770.00 492.02
769.00 492.02
768.02 493.00
768.00 493.02
767.00 493.02
766.00 493.02
765.00 493.02
764.02 494.00
764.00 494.02
763.00 494.02
762.00 494.02
761.02 495.00
761.00 495.02
760.02 496.00
760.00 496.02
759.00 496.02
758.02 497.00
758.00 497.02
757.02 498.00
757.00 498.02
756.00 498.02
755.02 499.00
755.00 499.02
754.02 500.00
754.00 500.02
753.02 501.00
753.00 501.02
752.02 502.00
752.00 502.02
751.02 503.00
751.00 503.02
750.02 504.00
750.00 504.02
749.02 505.00
749.02 506.00
749.00 506.02
748.02 507.00
748.00 507.02
747.02 508.00
747.02 509.00
747.00 509.02
746.02 510.00
746.02 511.00
746.00 511.02
745.02 512.00
745.02 513.00
745.00 513.02
744.02 514.00
744.02 515.00
744.02 516.00
744.00 516.02
743.02 517.00
743.02 518.00
743.00 518.02
742.02 519.00
742.02 520.00
742.00 520.02
741.02 521.00
741.02 522.00
741.00 522.02
740.02 523.00
740.02 524.00
740.02 525.00
740.02 526.00
740.00 526.02
739.02 527.00
739.02 528.00
739.02 529.00
739.02 530.00
739.02 531.00
739.02 532.00
739.02 533.00
739.02 534.00
739.02 535.00
739.02 536.00
739.02 537.00
739.02 538.00
739.02 539.00
740.00 539.98
740.02 540.00
740.02 541.00
740.02 542.00
741.00 542.98
741.02 543.00
741.02 544.00
742.00 544.98
742.02 545.00
742.02 546.00
743.00 546.98
743.02 547.00
744.00 547.98
744.02 548.00
744.02 549.00
745.00 549.98
745.02 550.00
746.00 550.98
746.02 551.00
747.00 551.98
747.02 552.00
748.00 552.98
748.02 553.00
749.00 553.98
749.02 554.00
750.00 554.98
750.02 555.00
751.00 555.98
751.02 556.00
752.00 556.98
753.00 556.98
753.02 557.00
754.00 557.98
755.00 557.98
755.02 558.00
756.00 558.98
757.00 558.98
758.00 558.98
759.00 558.98
760.00 558.98
761.00 558.98
762.00 558.98
763.00 558.98
764.00 558.98
765.00 558.98
766.00 558.98
767.00 558.98
768.00 558.98
769.00 558.98
770.00 558.98
770.98 558.00
771.00 557.98
772.00 557.98
772.98 557.00
773.00 556.98
774.00 556.98
774.98 556.00
775.00 555.98
775.98 555.00
776.00 554.98
777.00 554.98
777.98 554.00
777.98 553.00
778.00 552.98
778.98 552.00
779.00 551.98
779.98 551.00
779.98 550.00
780.00 549.98
780.98 549.00
780.98 548.00
780.98 547.00
781.00 546.98
781.98 546.00
781.98 545.00
781.98 544.00
782.00 543.98
782.98 543.00
782.98 542.00
782.98 541.00
783.00 540.98
783.98 540.00
783.98 539.00
783.98 538.00
784.00 537.98
784.98 537.00
784.98 536.00
784.98 535.00
785.00 534.98
785.98 534.00
785.98 533.00
786.00 532.98
786.98 532.00
786.98 531.00
786.98 530.00
786.98 529.00
787.00 528.98
787.98 528.00
787.98 527.00
787.98 526.00
788.00 525.98
788.98 525.00
788.98 524.00
788.98 523.00
788.98 522.00
788.98 521.00
788.98 520.00
789.00 519.98
789.98 519.00

Contour 22:
957.98 746.00
957.98 745.00
957.98 744.00
957.98 743.00
957.98 742.00
957.98 741.00
957.98 740.00
957.98 739.00
957.98 738.00
957.98 737.00
957.98 736.00
957.98 735.00
957.98 734.00
957.98 733.00
957.98 732.00
957.98 731.00
957.98 730.00
957.98 729.00
957.98 728.00
957.00 727.02
956.98 727.00
956.98 726.00
956.98 725.00
956.00 724.02
955.98 724.00
955.98 723.00
955.00 722.02
954.98 722.00
954.98 721.00
954.98 720.00
954.98 719.00
954.00 718.02
953.98 718.00
953.98 717.00
953.00 716.02
952.98 716.00
952.98 715.00
952.00 714.02
951.98 714.00
951.00 713.02
950.98 713.00
950.00 712.02
949.98 712.00
949.00 711.02
948.98 711.00
948.98 710.00
948.00 709.02
947.98 709.00
947.00 708.02
946.98 708.00
946.00 707.02
945.98 707.00
945.00 706.02
944.98 706.00
944.00 705.02
943.98 705.00
943.00 704.02
942.00 704.02
941.98 704.00
941.00 703.02
940.98 703.00
940.00 702.02
939.00 702.02
938.98 702.00
938.00 701.02
937.00 701.02
936.98 701.00
936.00 700.02
935.00 700.02
934.98 700.00
934.00 699.02
933.00 699.02
932.00 699.02
931.98 699.00
931.00 698.02
930.00 698.02
929.00 698.02
928.00 698.02
927.00 698.02
926.98 698.00
926.00 697.02
925.00 697.02
924.00 697.02
923.00 697.02
922.00 697.02
921.00 697.02
920.00 697.02
919.00 697.02
918.00 697.02
917.00 697.02
916.02 698.00
916.00 698.02
915.00 698.02
914.00 698.02
913.00 698.02
912.00 698.02
911.02 699.00
911.00 699.02
910.00 699.02
909.02 700.00
909.00 700.02
908.00 700.02
907.00 700.02
906.02 701.00
906.00 701.02
905.00 701.02
904.02 702.00
904.00 702.02
903.02 703.00
903.00 703.02
902.02 704.00
902.00 704.02
901.02 705.00
901.00 705.02
900.02 706.00
900.02 707.00
900.00 707.02
899.02 708.00
899.02 709.00
899.00 709.02
898.02 710.00
898.02 711.00
898.00 711.02
897.02 712.00
897.02 713.00
897.02 714.00
897.00 714.02
896.02 715.00
896.02 716.00
896.02 717.00
896.00 717.02
895.02 718.00
895.02 719.00
895.02 720.00
895.00 720.02
894.02 721.00
894.02 722.00
894.02 723.00
894.02 724.00
894.02 725.00
894.02 726.00
894.02 727.00
894.02 728.00
894.02 729.00
894.02 730.00
894.02 731.00
894.02 732.00
894.02 733.00
894.02 734.00
895.00 734.98
895.02 735.00
895.02 736.00
895.02 737.00
895.02 738.00
896.00 738.98
896.02 739.00
896.02 740.00
896.02 741.00
896.02 742.00
897.00 742.98
897.02 743.00
897.02 744.00
898.00 744.98
898.02 745.00
898.02 746.00
899.00 746.98
899.02 747.00
899.02 748.00
900.00 748.98
900.02 749.00
901.00 749.98
901.02 750.00
902.00 750.98
902.02 751.00
903.00 751.98
903.02 752.00
904.00 752.98
904.02 753.00
905.00 753.98
905.02 754.00
906.00 754.98
906.02 755.00
907.00 755.98
907.02 756.00
908.00 756.98
908.02 757.00
909.00 757.98
909.02 758.00
910.00 758.98
910.02 759.00
911.00 759.98
912.00 759.98
912.02 760.00
913.00 760.98
913.02 761.00
914.00 761.98
915.00 761.98
915.02 762.00
916.00 762.98
917.00 762.98
917.02 763.00
918.00 763.98
919.00 763.98
920.00 763.98
920.02 764.00
921.00 764.98
922.00 764.98
923.00 764.98
924.00 764.98
925.00 764.98
926.00 764.98
926.02 765.00
927.00 765.98
928.00 765.98
929.00 765.98
930.00 765.98
931.00 765.98
932.00 765.98
933.00 765.98
933.98 765.00
934.00 764.98
935.00 764.98
936.00 764.98
937.00 764.98
938.00 764.98
938.98 764.00
939.00 763.98
940.00 763.98
941.00 763.98
941.98 763.00
942.00 762.98
943.00 762.98
943.98 762.00
944.00 761.98
945.00 761.98
945.98 761.00
946.00 760.98
947.00 760.98
947.98 760.00
948.00 759.98
948.98 759.00
949.00 758.98
949.98 758.00
950.00 757.98
950.98 757.00
951.00 756.98
951.98 756.00
952.00 755.98
952.98 755.00
953.00 754.98
953.98 754.00
954.00 753.98
954.98 753.00
954.98 752.00
955.00 751.98
955.98 751.00
955.98 750.00
956.00 749.98
956.98 749.00
956.98 748.00
956.98 747.00
957.00 746.98
957.98 746.00

