Contour 0:
71.50 570.00
71.50 569.00
71.50 568.00
71.50 567.00
71.50 566.00
71.50 565.00
71.50 564.00
71.50 563.00
71.00 562.50
70.50 562.00
70.50 561.00
70.50 560.00
70.00 559.50
69.50 559.00
69.50 558.00
69.50 557.00
69.00 556.50
68.50 556.00
68.50 555.00
68.00 554.50
67.50 554.00
67.50 553.00
67.00 552.50
66.50 552.00
66.00 551.50
65.50 551.00
65.50 550.00
65.00 549.50
64.50 549.00
64.00 548.50
63.50 548.00
63.00 547.50
62.00 547.50
61.50 547.00
61.00 546.50
60.50 546.00
60.00 545.50
59.50 545.00
59.00 544.50
58.00 544.50
57.50 544.00
57.00 543.50
56.50 543.00
56.00 542.50
55.00 542.50
54.50 542.00
54.00 541.50
53.50 541.00
53.00 540.50
52.00 540.50
51.50 540.00
51.00 539.50
50.00 539.50
49.50 539.00
49.00 538.50
48.00 538.50
47.00 538.50
46.00 538.50
45.00 538.50
44.50 538.00
44.00 537.50
43.00 537.50
42.00 537.50
41.00 537.50
40.00 537.50
39.00 537.50
38.50 538.00
38.00 538.50
37.00 538.50
36.00 538.50
35.00 538.50
34.00 538.50
33.00 538.50
32.50 539.00
32.00 539.50
31.00 539.50
30.50 540.00
30.00 540.50
29.00 540.50
28.50 541.00
28.00 541.50
27.00 541.50
26.50 542.00
26.00 542.50
25.00 542.50
24.50 543.00
24.00 543.50
23.50 544.00
23.00 544.50
22.00 544.50
21.50 545.00
21.00 545.50
20.50 546.00
20.00 546.50
19.50 547.00
19.00 547.50
18.50 548.00
18.00 548.50
17.50 549.00
17.00 549.50
16.50 550.00
16.50 551.00
16.00 551.50
15.50 552.00
15.00 552.50
14.50 553.00
14.50 554.00
14.50 555.00
14.00 555.50
13.50 556.00
13.50 557.00
13.50 558.00
13.00 558.50
12.50 559.00
12.50 560.00
12.50 561.00
12.00 561.50
11.50 562.00
11.50 563.00
11.50 564.00
11.50 565.00
11.00 565.50
10.50 566.00
10.50 567.00
10.50 568.00
11.00 568.50
11.50 569.00
11.50 570.00
11.50 571.00
11.50 572.00
12.00 572.50
12.50 573.00
12.50 574.00
12.50 575.00
13.00 575.50
13.50 576.00
13.50 577.00
13.50 578.00
13.50 579.00
13.50 580.00
13.50 581.00
14.00 581.50
14.50 582.00
14.50 583.00
15.00 583.50
15.50 584.00
16.00 584.50
16.50 585.00
16.50 586.00
17.00 586.50
17.50 587.00
18.00 587.50
18.50 588.00
18.50 589.00
19.00 589.50
19.50 590.00
20.00 590.50
20.50 591.00
21.00 591.50
21.50 592.00
22.00 592.50
22.50 593.00
23.00 593.50
24.00 593.50
24.50 594.00
25.00 594.50
25.50 595.00
26.00 595.50
26.50 596.00
27.00 596.50
28.00 596.50
28.50 597.00
29.00 597.50
30.00 597.50
30.50 598.00
31.00 598.50
32.00 598.50
33.00 598.50
34.00 598.50
35.00 598.50
35.50 599.00
36.00 599.50
37.00 599.50
38.00 599.50
39.00 599.50
40.00 599.50
41.00 599.50
42.00 599.50
43.00 599.50
44.00 599.50
45.00 599.50
46.00 599.50
47.00 599.50
47.50 599.00
48.00 598.50
49.00 598.50
50.00 598.50
51.00 598.50
51.50 598.00
52.00 597.50
53.00 597.50
53.50 597.00
54.00 596.50
54.50 596.00
55.00 595.50
55.50 595.00
56.00 594.50
56.50 594.00
57.00 593.50
58.00 593.50
58.50 593.00
59.00 592.50
59.50 592.00
60.00 591.50
61.00 591.50
61.50 591.00
62.00 590.50
62.50 590.00
63.00 589.50
63.50 589.00
63.50 588.00
64.00 587.50
64.50 587.00
64.50 586.00
65.00 585.50
65.50 585.00
65.50 584.00
66.00 583.50
66.50 583.00
66.50 582.00
66.50 581.00
67.00 580.50
67.50 580.00
67.50 579.00
68.00 578.50
68.50 578.00
68.50 577.00
69.00 576.50
69.50 576.00
69.50 575.00
70.00 574.50
70.50 574.00
70.50 573.00
70.50 572.00
70.50 571.00
71.00 570.50
71.50 570.00

Contour 1:
125.75 231.00
125.75 230.00
125.75 229.00
125.75 228.00
125.75 227.00
125.75 226.00
125.75 225.00
125.75 224.00
125.75 223.00
125.75 222.00
125.75 221.00
125.75 220.00
125.00 219.25
124.75 219.00
124.75 218.00
124.00 217.25
123.75 217.00
123.00 216.25
122.75 216.00
122.75 215.00
122.00 214.25
121.75 214.00
121.00 213.25
120.75 213.00
120.75 212.00
120.00 211.25
119.00 211.25
118.75 211.00
118.00 210.25
117.75 210.00
117.00 209.25
116.00 209.25
115.75 209.00
115.00 208.25
114.75 208.00
114.00 207.25
113.00 207.25
112.75 207.00
112.00 206.25
111.00 206.25
110.00 206.25
109.75 206.00
109.00 205.25
108.00 205.25
107.75 205.00
107.00 204.25
106.00 204.25
105.00 204.25
104.75 204.00
104.00 203.25
103.00 203.25
102.00 203.25
101.75 203.00
101.00 202.25
100.00 202.25
99.00 202.25
98.00 202.25
97.00 202.25
96.00 202.25
95.00 202.25
94.00 202.25
93.00 202.25
92.00 202.25
91.00 202.25
90.00 202.25
89.00 202.25
88.00 202.25
87.00 202.25
86.00 202.25
85.25 203.00
85.00 203.25
84.00 203.25
83.00 203.25
82.00 203.25
81.00 203.25
80.25 204.00
80.00 204.25
79.00 204.25
78.00 204.25
77.25 205.00
77.00 205.25
76.00 205.25
75.00 205.25
74.25 206.00
74.00 206.25
73.00 206.25
72.25 207.00
72.00 207.25
71.00 207.25
70.00 207.25
69.25 208.00
69.00 208.25
68.00 208.25
67.25 209.00
67.00 209.25
66.25 210.00
66.00 210.25
65.25 211.00
65.00 211.25
64.25 212.00
64.00 212.25
63.25 213.00
63.00 213.25
62.25 214.00
62.00 214.25
61.25 215.00
61.00 215.25
60.25 216.00
60.00 216.25
59.25 217.00
59.00 217.25
58.25 218.00
58.25 219.00
58.00 219.25
57.25 220.00
57.00 220.25
56.25 221.00
56.25 222.00
56.25 223.00
56.00 223.25
55.25 224.00
55.25 225.00
55.00 225.25
54.25 226.00
54.25 227.00
54.25 228.00
54.25 229.00
54.25 230.00
54.00 230.25
53.25 231.00
53.25 232.00
53.25 233.00
53.25 234.00
53.25 235.00
53.25 236.00
53.25 237.00
53.25 238.00
53.25 239.00
53.25 240.00
53.25 241.00
53.25 242.00
54.00 242.75
54.25 243.00
54.25 244.00
54.25 245.00
54.25 246.00
55.00 246.75
55.25 247.00
55.25 248.00
56.00 248.75
56.25 249.00
56.25 250.00
57.00 250.75
57.25 251.00
57.25 252.00
57.25 253.00
58.00 253.75
58.25 254.00
58.25 255.00
59.00 255.75
59.25 256.00
60.00 256.75
60.25 257.00
61.00 257.75
61.25 258.00
62.00 258.75
62.25 259.00
63.00 259.75
63.25 260.00
64.00 260.75
64.25 261.00
65.00 261.75
65.25 262.00
66.00 262.75
66.25 263.00
67.00 263.75
68.00 263.75
68.25 264.00
69.00 264.75
69.25 265.00
70.00 265.75
70.25 266.00
71.00 266.75
72.00 266.75
72.25 267.00
73.00 267.75
74.00 267.75
74.25 268.00
75.00 268.75
76.00 268.75
77.00 268.75
78.00 268.75
78.25 269.00
79.00 269.75
80.00 269.75
81.00 269.75
82.00 269.75
83.00 269.75
84.00 269.75
85.00 269.75
86.00 269.75
87.00 269.75
88.00 269.75
89.00 269.75
90.00 269.75
91.00 269.75
91.75 269.00
92.00 268.75
93.00 268.75
94.00 268.75
94.75 268.00
95.00 267.75
96.00 267.75
96.75 267.00
97.00 266.75
98.00 266.75
98.75 266.00
99.00 265.75
99.75 265.00
100.00 264.75
101.00 264.75
101.75 264.00
102.00 263.75
103.00 263.75
103.75 263.00
104.00 262.75
104.75 262.00
105.00 261.75
105.75 261.00
106.00 260.75
106.75 260.00
107.00 259.75
107.75 259.00
108.00 258.75
108.75 258.00
109.00 257.75
109.75 257.00
110.00 256.75
110.75 256.00
111.00 255.75
111.75 255.00
112.00 254.75
112.75 254.00
112.75 253.00
113.00 252.75
113.75 252.00
113.75 251.00
114.00 250.75
114.75 250.00
115.00 249.75
115.75 249.00
116.00 248.75
116.75 248.00
116.75 247.00
117.00 246.75
117.75 246.00
118.00 245.75
118.75 245.00
119.00 244.75
119.75 244.00
119.75 243.00
120.00 242.75
120.75 242.00
120.75 241.00
121.00 240.75
121.75 240.00
122.00 239.75
122.75 239.00
122.75 238.00
123.00 237.75
123.75 237.00
123.75 236.00
124.00 235.75
124.75 235.00
124.75 234.00
124.75 233.00
124.75 232.00
125.00 231.75
125.75 231.00

Contour 2:
200.83 119.00
200.83 118.00
200.83 117.00
200.83 116.00
200.83 115.00
200.83 114.00
200.83 113.00
200.83 112.00
200.83 111.00
200.83 110.00
200.83 109.00
200.83 108.00
200.83 107.00
200.83 106.00
200.83 105.00
200.83 104.00
200.83 103.00
200.83 102.00
200.00 101.17
199.83 101.00
199.83 100.00
199.83 99.00
199.83 98.00
199.83 97.00
199.83 96.00
199.83 95.00
199.00 94.17
198.83 94.00
198.83 93.00
198.83 92.00
198.83 91.00
198.00 90.17
197.83 90.00
197.83 89.00
197.00 88.17
196.83 88.00
196.00 87.17
195.83 87.00
195.00 86.17
194.83 86.00
194.83 85.00
194.00 84.17
193.83 84.00
193.00 83.17
192.83 83.00
192.00 82.17
191.83 82.00
191.00 81.17
190.83 81.00
190.00 80.17
189.83 80.00
189.00 79.17
188.83 79.00
188.00 78.17
187.83 78.00
187.00 77.17
186.83 77.00
186.00 76.17
185.00 76.17
184.83 76.00
184.00 75.17
183.83 75.00
183.00 74.17
182.83 74.00
182.00 73.17
181.00 73.17
180.83 73.00
180.00 72.17
179.00 72.17
178.00 72.17
177.83 72.00
177.00 71.17
176.00 71.17
175.83 71.00
175.00 70.17
174.00 70.17
173.00 70.17
172.83 70.00
172.00 69.17
171.00 69.17
170.00 69.17
169.83 69.00
169.00 68.17
168.00 68.17
167.00 68.17
166.83 68.00
166.00 67.17
165.00 67.17
164.00 67.17
163.00 67.17
162.00 67.17
161.00 67.17
160.00 67.17
159.00 67.17
158.00 67.17
157.00 67.17
156.00 67.17
155.00 67.17
154.00 67.17
153.00 67.17
152.00 67.17
151.00 67.17
150.00 67.17
149.17 68.00
149.00 68.17
148.00 68.17
147.00 68.17
146.00 68.17
145.17 69.00
145.00 69.17
144.00 69.17
143.00 69.17
142.17 70.00
142.00 70.17
141.00 70.17
140.00 70.17
139.00 70.17
138.17 71.00
138.00 71.17
137.00 71.17
136.00 71.17
135.17 72.00
135.00 72.17
134.00 72.17
133.17 73.00
133.00 73.17
132.17 74.00
132.00 74.17
131.00 74.17
130.17 75.00
130.00 75.17
129.17 76.00
129.00 76.17
128.17 77.00
128.00 77.17
127.17 78.00
127.00 78.17
126.17 79.00
126.00 79.17
125.00 79.17
124.17 80.00
124.00 80.17
123.17 81.00
123.00 81.17
122.17 82.00
122.00 82.17
121.17 83.00
121.00 83.17
120.17 84.00
120.00 84.17
119.17 85.00
119.17 86.00
119.00 86.17
118.17 87.00
118.17 88.00
118.00 88.17
117.17 89.00
117.17 90.00
117.00 90.17
116.17 91.00
116.17 92.00
116.17 93.00
116.17 94.00
116.17 95.00
116.17 96.00
116.17 97.00
116.17 98.00
116.17 99.00
116.17 100.00
116.17 101.00
116.17 102.00
116.17 103.00
116.17 104.00
116.17 105.00
116.17 106.00
116.17 107.00
117.00 107.83
117.17 108.00
117.17 109.00
118.00 109.83
118.17 110.00
118.17 111.00
118.17 112.00
119.00 112.83
119.17 113.00
119.17 114.00
120.00 114.83
120.17 115.00
120.17 116.00
120.17 117.00
121.00 117.83
121.17 118.00
121.17 119.00
122.00 119.83
122.17 120.00
122.17 121.00
123.00 121.83
123.17 122.00
124.00 122.83
124.17 123.00
124.17 124.00
125.00 124.83
125.17 125.00
126.00 125.83
126.17 126.00
126.17 127.00
127.00 127.83
127.17 128.00
128.00 128.83
128.17 129.00
129.00 129.83
129.17 130.00
130.00 130.83
130.17 131.00
131.00 131.83
131.17 132.00
132.00 132.83
133.00 132.83
133.17 133.00
134.00 133.83
134.17 134.00
135.00 134.83
135.17 135.00
136.00 135.83
136.17 136.00
137.00 136.83
138.00 136.83
138.17 137.00
139.00 137.83
139.17 138.00
140.00 138.83
141.00 138.83
141.17 139.00
142.00 139.83
142.17 140.00
143.00 140.83
144.00 140.83
144.17 141.00
145.00 141.83
146.00 141.83
147.00 141.83
147.17 142.00
148.00 142.83
149.00 142.83
149.17 143.00
150.00 143.83
151.00 143.83
152.00 143.83
153.00 143.83
154.00 143.83
155.00 143.83
156.00 143.83
156.17 144.00
157.00 144.83
158.00 144.83
159.00 144.83
160.00 144.83
161.00 144.83
162.00 144.83
163.00 144.83
164.00 144.83
165.00 144.83
166.00 144.83
167.00 144.83
167.83 144.00
168.00 143.83
169.00 143.83
170.00 143.83
171.00 143.83
172.00 143.83
172.83 143.00
173.00 142.83
174.00 142.83
175.00 142.83
176.00 142.83
176.83 142.00
177.00 141.83
178.00 141.83
179.00 141.83
179.83 141.00
180.00 140.83
181.00 140.83
181.83 140.00
182.00 139.83
182.83 139.00
183.00 138.83
184.00 138.83
184.83 138.00
185.00 137.83
186.00 137.83
186.83 137.00
187.00 136.83
188.00 136.83
188.83 136.00
189.00 135.83
189.83 135.00
190.00 134.83
190.83 134.00
191.00 133.83
191.83 133.00
192.00 132.83
192.83 132.00
193.00 131.83
193.83 131.00
194.00 130.83
194.83 130.00
195.00 129.83
195.83 129.00
196.00 128.83
196.83 128.00
196.83 127.00
197.00 126.83
197.83 126.00
198.00 125.83
198.83 125.00
198.83 124.00
198.83 123.00
199.00 122.83
199.83 122.00
199.83 121.00
199.83 120.00
200.00 119.83
200.83 119.00

Contour 3:
212.88 829.00
212.88 828.00
212.88 827.00
212.88 826.00
212.88 825.00
212.88 824.00
212.88 823.00
212.88 822.00
212.00 821.12
211.88 821.00
211.88 820.00
211.00 819.12
210.88 819.00
210.88 818.00
210.00 817.12
209.88 817.00
209.88 816.00
209.00 815.12
208.88 815.00
208.88 814.00
208.00 813.12
207.88 813.00
207.00 812.12
206.88 812.00
206.88 811.00
206.00 810.12
205.00 810.12
204.88 810.00
204.00 809.12
203.88 809.00
203.00 808.12
202.00 808.12
201.88 808.00
201.00 807.12
200.00 807.12
199.88 807.00
199.00 806.12
198.00 806.12
197.88 806.00
197.00 805.12
196.00 805.12
195.00 805.12
194.88 805.00
194.00 804.12
193.00 804.12
192.88 804.00
192.00 803.12
191.00 803.12
190.00 803.12
189.00 803.12
188.88 803.00
188.00 802.12
187.00 802.12
186.00 802.12
185.00 802.12
184.00 802.12
183.00 802.12
182.00 802.12
181.88 802.00
181.00 801.12
180.00 801.12
179.00 801.12
178.00 801.12
177.00 801.12
176.00 801.12
175.12 802.00
175.00 802.12
174.00 802.12
173.00 802.12
172.00 802.12
171.00 802.12
170.00 802.12
169.12 803.00
169.00 803.12
168.00 803.12
167.00 803.12
166.12 804.00
166.00 804.12
165.00 804.12
164.12 805.00
164.00 805.12
163.00 805.12
162.00 805.12
161.12 806.00
161.00 806.12
160.12 807.00
160.00 807.12
159.00 807.12
158.12 808.00
158.00 808.12
157.12 809.00
157.00 809.12
156.00 809.12
155.12 810.00
155.00 810.12
154.12 811.00
154.00 811.12
153.12 812.00
153.00 812.12
152.12 813.00
152.00 813.12
151.12 814.00
151.00 814.12
150.12 815.00
150.00 815.12
149.12 816.00
149.00 816.12
148.12 817.00
148.00 817.12
147.12 818.00
147.12 819.00
147.00 819.12
146.12 820.00
146.12 821.00
146.00 821.12
145.12 822.00
145.12 823.00
145.12 824.00
145.12 825.00
145.00 825.12
144.12 826.00
144.12 827.00
144.12 828.00
144.12 829.00
144.12 830.00
144.12 831.00
144.12 832.00
144.12 833.00
144.12 834.00
144.12 835.00
144.12 836.00
144.12 837.00
144.12 838.00
144.12 839.00
144.12 840.00
144.12 841.00
145.00 841.88
145.12 842.00
145.12 843.00
145.12 844.00
146.00 844.88
146.12 845.00
146.12 846.00
147.00 846.88
147.12 847.00
148.00 847.88
148.12 848.00
148.12 849.00
149.00 849.88
149.12 850.00
150.00 850.88
150.12 851.00
151.00 851.88
151.12 852.00
152.00 852.88
152.12 853.00
153.00 853.88
153.12 854.00
154.00 854.88
154.12 855.00
155.00 855.88
155.12 856.00
156.00 856.88
157.00 856.88
157.12 857.00
158.00 857.88
158.12 858.00
159.00 858.88
160.00 858.88
160.12 859.00
161.00 859.88
162.00 859.88
163.00 859.88
163.12 860.00
164.00 860.88
165.00 860.88
166.00 860.88
166.12 861.00
167.00 861.88
168.00 861.88
169.00 861.88
170.00 861.88
171.00 861.88
172.00 861.88
173.00 861.88
174.00 861.88
175.00 861.88
176.00 861.88
177.00 861.88
178.00 861.88
179.00 861.88
180.00 861.88
181.00 861.88
181.88 861.00
182.00 860.88
183.00 860.88
184.00 860.88
185.00 860.88
186.00 860.88
186.88 860.00
187.00 859.88
188.00 859.88
189.00 859.88
190.00 859.88
190.88 859.00
191.00 858.88
191.88 858.00
192.00 857.88
193.00 857.88
193.88 857.00
194.00 856.88
195.00 856.88
195.88 856.00
196.00 855.88
196.88 855.00
197.00 854.88
197.88 854.00
198.00 853.88
198.88 853.00
199.00 852.88
199.88 852.00
200.00 851.88
200.88 851.00
201.00 850.88
201.88 850.00
202.00 849.88
202.88 849.00
203.00 848.88
203.88 848.00
204.00 847.88
204.88 847.00
204.88 846.00
205.00 845.88
205.88 845.00
206.00 844.88
206.88 844.00
206.88 843.00
207.00 842.88
207.88 842.00
207.88 841.00
208.00 840.88
208.88 840.00
208.88 839.00
209.00 838.88
209.88 838.00
209.88 837.00
209.88 836.00
210.00 835.88
210.88 835.00
210.88 834.00
211.00 833.88
211.88 833.00
211.88 832.00
211.88 831.00
211.88 830.00
212.00 829.88
212.88 829.00

Contour 4:
321.90 394.00
321.90 393.00
321.90 392.00
321.90 391.00
321.90 390.00
321.90 389.00
321.90 388.00
321.90 387.00
321.90 386.00
321.00 385.10
320.90 385.00
320.90 384.00
320.90 383.00
320.90 382.00
320.00 381.10
319.90 381.00
319.90 380.00
319.90 379.00
319.00 378.10
318.90 378.00
318.90 377.00
318.00 376.10
317.90 376.00
317.90 375.00
317.00 374.10
316.90 374.00
316.00 373.10
315.90 373.00
315.90 372.00
315.00 371.10
314.90 371.00
314.00 370.10
313.90 370.00
313.00 369.10
312.90 369.00
312.00 368.10
311.90 368.00
311.00 367.10
310.90 367.00
310.00 366.10
309.00 366.10
308.90 366.00
308.00 365.10
307.90 365.00
307.00 364.10
306.00 364.10
305.90 364.00
305.00 363.10
304.90 363.00
304.00 362.10
303.00 362.10
302.90 362.00
302.00 361.10
301.00 361.10
300.90 361.00
300.00 360.10
299.00 360.10
298.00 360.10
297.00 360.10
296.00 360.10
295.00 360.10
294.00 360.10
293.00 360.10
292.00 360.10
291.00 360.10
290.10 361.00
290.00 361.10
289.00 361.10
288.00 361.10
287.00 361.10
286.10 362.00
286.00 362.10
285.00 362.10
284.00 362.10
283.10 363.00
283.00 363.10
282.00 363.10
281.10 364.00
281.00 364.10
280.10 365.00
280.00 365.10
279.00 365.10
278.10 366.00
278.00 366.10
277.00 366.10
276.10 367.00
276.00 367.10
275.00 367.10
274.10 368.00
274.00 368.10
273.00 368.10
272.10 369.00
272.00 369.10
271.10 370.00
271.00 370.10
270.10 371.00
270.00 371.10
269.00 371.10
268.10 372.00
268.00 372.10
267.10 373.00
267.00 373.10
266.10 374.00
266.00 374.10
265.10 375.00
265.10 376.00
265.00 376.10
264.10 377.00
264.10 378.00
264.00 378.10
263.10 379.00
263.10 380.00
263.00 380.10
262.10 381.00
262.10 382.00
262.10 383.00
262.00 383.10
261.10 384.00
261.10 385.00
261.10 386.00
261.00 386.10
260.10 387.00
260.10 388.00
260.10 389.00
260.10 390.00
260.10 391.00
260.10 392.00
260.10 393.00
260.10 394.00
260.10 395.00
260.10 396.00
260.10 397.00
260.10 398.00
260.10 399.00
260.10 400.00
260.10 401.00
261.00 401.90
261.10 402.00
261.10 403.00
261.10 404.00
261.10 405.00
262.00 405.90
262.10 406.00
262.10 407.00
263.00 407.90
263.10 408.00
263.10 409.00
263.10 410.00
263.10 411.00
264.00 411.90
264.10 412.00
264.10 413.00
265.00 413.90
265.10 414.00
266.00 414.90
266.10 415.00
267.00 415.90
267.10 416.00
268.00 416.90
268.10 417.00
269.00 417.90
269.10 418.00
269.10 419.00
270.00 419.90
270.10 420.00
271.00 420.90
271.10 421.00
272.00 421.90
272.10 422.00
273.00 422.90
273.10 423.00
274.00 423.90
275.00 423.90
275.10 424.00
276.00 424.90
277.00 424.90
277.10 425.00
278.00 425.90
278.10 426.00
279.00 426.90
280.00 426.90
280.10 427.00
281.00 427.90
282.00 427.90
282.10 428.00
283.00 428.90
284.00 428.90
284.10 429.00
285.00 429.90
286.00 429.90
286.10 430.00
287.00 430.90
288.00 430.90
289.00 430.90
290.00 430.90
291.00 430.90
292.00 430.90
293.00 430.90
294.00 430.90
295.00 430.90
296.00 430.90
297.00 430.90
298.00 430.90
298.90 430.00
299.00 429.90
300.00 429.90
301.00 429.90
301.90 429.00
302.00 428.90
303.00 428.90
304.00 428.90
304.90 428.00
305.00 427.90
306.00 427.90
306.90 427.00
307.00 426.90
307.90 426.00
308.00 425.90
308.90 425.00
309.00 424.90
309.90 424.00
310.00 423.90
310.90 423.00
311.00 422.90
311.90 422.00
311.90 421.00
312.00 420.90
312.90 420.00
312.90 419.00
313.00 418.90
313.90 418.00
313.90 417.00
314.00 416.90
314.90 416.00
314.90 415.00
315.00 414.90
315.90 414.00
315.90 413.00
316.00 412.90
316.90 412.00
316.90 411.00
316.90 410.00
317.00 409.90
317.90 409.00
317.90 408.00
318.00 407.90
318.90 407.00
318.90 406.00
318.90 405.00
319.00 404.90
319.90 404.00
319.90 403.00
319.90 402.00
320.00 401.90
320.90 401.00
320.90 400.00
320.90 399.00
320.90 398.00
320.90 397.00
320.90 396.00
320.90 395.00
321.00 394.90
321.90 394.00

Contour 5:
360.92 500.00
360.92 499.00
360.92 498.00
360.92 497.00
360.92 496.00
360.92 495.00
360.92 494.00
360.92 493.00
360.92 492.00
360.92 491.00
360.92 490.00
360.92 489.00
360.92 488.00
360.92 487.00
360.92 486.00
360.92 485.00
360.00 484.08
359.92 484.00
359.92 483.00
359.92 482.00
359.00 481.08
358.92 481.00
358.92 480.00
358.00 479.08
357.92 479.00
357.92 478.00
357.00 477.08
356.92 477.00
356.00 476.08
355.92 476.00
355.00 475.08
354.92 475.00
354.00 474.08
353.92 474.00
353.00 473.08
352.92 473.00
352.00 472.08
351.92 472.00
351.00 471.08
350.00 471.08
349.92 471.00
349.00 470.08
348.92 470.00
348.00 469.08
347.00 469.08
346.92 469.00
346.00 468.08
345.00 468.08
344.92 468.00
344.00 467.08
343.00 467.08
342.00 467.08
341.00 467.08
340.92 467.00
340.00 466.08
339.00 466.08
338.92 466.00
338.00 465.08
337.00 465.08
336.00 465.08
335.00 465.08
334.00 465.08
333.08 466.00
333.00 466.08
332.00 466.08
331.00 466.08
330.00 466.08
329.08 467.00
329.00 467.08
328.00 467.08
327.00 467.08
326.08 468.00
326.00 468.08
325.00 468.08
324.08 469.00
324.00 469.08
323.00 469.08
322.08 470.00
322.00 470.08
321.00 470.08
320.00 470.08
319.08 471.00
319.00 471.08
318.00 471.08
317.00 471.08
316.08 472.00
316.00 472.08
315.00 472.08
314.00 472.08
313.08 473.00
313.00 473.08
312.00 473.08
311.00 473.08
310.08 474.00
310.00 474.08
309.00 474.08
308.08 475.00
308.00 475.08
307.08 476.00
307.00 476.08
306.00 476.08
305.08 477.00
305.00 477.08
304.00 477.08
303.08 478.00
303.00 478.08
302.00 478.08
301.08 479.00
301.00 479.08
300.08 480.00
300.00 480.08
299.00 480.08
298.08 481.00
298.00 481.08
297.08 482.00
297.00 482.08
296.08 483.00
296.08 484.00
296.08 485.00
296.00 485.08
295.08 486.00
295.08 487.00
295.08 488.00
295.08 489.00
295.08 490.00
295.00 490.08
294.08 491.00
294.08 492.00
294.08 493.00
295.00 493.92
295.08 494.00
295.08 495.00
295.08 496.00
295.08 497.00
295.08 498.00
296.00 498.92
296.08 499.00
296.08 500.00
297.00 500.92
297.08 501.00
298.00 501.92
298.08 502.00
299.00 502.92
299.08 503.00
300.00 503.92
300.08 504.00
300.08 505.00
301.00 505.92
301.08 506.00
302.00 506.92
302.08 507.00
303.00 507.92
303.08 508.00
304.00 508.92
304.08 509.00
305.00 509.92
306.00 509.92
306.08 510.00
307.00 510.92
307.08 511.00
308.00 511.92
309.00 511.92
309.08 512.00
310.00 512.92
310.08 513.00
311.00 513.92
312.00 513.92
312.08 514.00
313.00 514.92
314.00 514.92
315.00 514.92
315.08 515.00
316.00 515.92
317.00 515.92
317.08 516.00
318.00 516.92
319.00 516.92
320.00 516.92
321.00 516.92
322.00 516.92
322.08 517.00
323.00 517.92
324.00 517.92
325.00 517.92
326.00 517.92
327.00 517.92
328.00 517.92
329.00 517.92
330.00 517.92
331.00 517.92
332.00 517.92
333.00 517.92
334.00 517.92
335.00 517.92
335.92 517.00
336.00 516.92
337.00 516.92
338.00 516.92
339.00 516.92
340.00 516.92
340.92 516.00
341.00 515.92
342.00 515.92
343.00 515.92
344.00 515.92
344.92 515.00
345.00 514.92
346.00 514.92
347.00 514.92
347.92 514.00
348.00 513.92
348.92 513.00
349.00 512.92
350.00 512.92
350.92 512.00
351.00 511.92
352.00 511.92
352.92 511.00
353.00 510.92
353.92 510.00
354.00 509.92
354.92 509.00
355.00 508.92
355.92 508.00
356.00 507.92
356.92 507.00
357.00 506.92
357.92 506.00
357.92 505.00
358.00 504.92
358.92 504.00
359.00 503.92
359.92 503.00
359.92 502.00
359.92 501.00
360.00 500.92
360.92 500.00

Contour 6:
455.93 152.00
455.93 151.00
455.93 150.00
455.93 149.00
455.93 148.00
455.93 147.00
455.93 146.00
455.93 145.00
455.93 144.00
455.93 143.00
455.93 142.00
455.93 141.00
455.93 140.00
455.93 139.00
455.93 138.00
455.93 137.00
455.93 136.00
455.00 135.07
454.93 135.00
454.93 134.00
454.93 133.00
454.00 132.07
453.93 132.00
453.93 131.00
453.00 130.07
452.93 130.00
452.00 129.07
451.93 129.00
451.93 128.00
451.00 127.07
450.93 127.00
450.00 126.07
449.93 126.00
449.93 125.00
449.00 124.07
448.93 124.00
448.00 123.07
447.93 123.00
447.93 122.00
447.00 121.07
446.93 121.00
446.00 120.07
445.93 120.00
445.00 119.07
444.93 119.00
444.00 118.07
443.00 118.07
442.93 118.00
442.00 117.07
441.93 117.00
441.00 116.07
440.00 116.07
439.93 116.00
439.00 115.07
438.00 115.07
437.00 115.07
436.93 115.00
436.00 114.07
435.00 114.07
434.00 114.07
433.93 114.00
433.00 113.07
432.00 113.07
431.00 113.07
430.00 113.07
429.00 113.07
428.00 113.07
427.93 113.00
427.00 112.07
426.00 112.07
425.00 112.07
424.00 112.07
423.00 112.07
422.00 112.07
421.00 112.07
420.00 112.07
419.07 113.00
419.00 113.07
418.00 113.07
417.00 113.07
416.00 113.07
415.00 113.07
414.07 114.00
414.00 114.07
413.00 114.07
412.00 114.07
411.07 115.00
411.00 115.07
410.00 115.07
409.00 115.07
408.00 115.07
407.07 116.00
407.00 116.07
406.00 116.07
405.00 116.07
404.00 116.07
403.00 116.07
402.07 117.00
402.00 117.07
401.00 117.07
400.07 118.00
400.00 118.07
399.00 118.07
398.00 118.07
397.07 119.00
397.00 119.07
396.00 119.07
395.07 120.00
395.00 120.07
394.00 120.07
393.00 120.07
392.07 121.00
392.00 121.07
391.07 122.00
391.00 122.07
390.07 123.00
390.00 123.07
389.00 123.07
388.07 124.00
388.00 124.07
387.07 125.00
387.00 125.07
386.07 126.00
386.00 126.07
385.07 127.00
385.00 127.07
384.07 128.00
384.00 128.07
383.07 129.00
383.00 129.07
382.07 130.00
382.00 130.07
381.07 131.00
381.00 131.07
380.07 132.00
380.07 133.00
380.00 133.07
379.07 134.00
379.00 134.07
378.07 135.00
378.07 136.00
378.00 136.07
377.07 137.00
377.07 138.00
377.07 139.00
377.00 139.07
376.07 140.00
376.07 141.00
376.07 142.00
376.07 143.00
376.00 143.07
375.07 144.00
375.07 145.00
375.07 146.00
375.07 147.00
375.07 148.00
375.07 149.00
375.07 150.00
375.07 151.00
375.00 151.07
374.07 152.00
374.00 152.07
373.07 153.00
374.00 153.93
374.07 154.00
374.07 155.00
374.07 156.00
374.07 157.00
374.07 158.00
375.00 158.93
375.07 159.00
375.07 160.00
375.07 161.00
375.07 162.00
376.00 162.93
376.07 163.00
376.07 164.00
376.07 165.00
376.07 166.00
377.00 166.93
378.00 166.93
379.00 166.93
379.07 167.00
380.00 167.93
380.07 168.00
381.00 168.93
381.07 169.00
382.00 169.93
382.07 170.00
383.00 170.93
383.07 171.00
383.07 172.00
384.00 172.93
385.00 172.93
385.07 173.00
386.00 173.93
386.07 174.00
387.00 174.93
387.07 175.00
388.00 175.93
388.07 176.00
389.00 176.93
389.07 177.00
390.00 177.93
391.00 177.93
391.07 178.00
392.00 178.93
393.00 178.93
393.07 179.00
394.00 179.93
394.07 180.00
395.00 180.93
396.00 180.93
397.00 180.93
397.07 181.00
398.00 181.93
399.00 181.93
399.07 182.00
400.00 182.93
401.00 182.93
402.00 182.93
402.07 183.00
403.00 183.93
404.00 183.93
405.00 183.93
406.00 183.93
407.00 183.93
408.00 183.93
409.00 183.93
410.00 183.93
411.00 183.93
412.00 183.93
413.00 183.93
414.00 183.93
415.00 183.93
416.00 183.93
417.00 183.93
418.00 183.93
419.00 183.93
420.00 183.93
420.93 183.00
421.00 182.93
422.00 182.93
423.00 182.93
423.93 182.00
424.00 181.93
425.00 181.93
425.93 181.00
426.00 180.93
427.00 180.93
427.93 180.00
428.00 179.93
429.00 179.93
429.93 179.00
430.00 178.93
431.00 178.93
431.93 178.00
432.00 177.93
433.00 177.93
433.93 177.00
434.00 176.93
435.00 176.93
435.93 176.00
436.00 175.93
437.00 175.93
437.93 175.00
438.00 174.93
439.00 174.93
439.93 174.00
440.00 173.93
440.93 173.00
441.00 172.93
441.93 172.00
442.00 171.93
442.93 171.00
443.00 170.93
443.93 170.00
444.00 169.93
444.93 169.00
445.00 168.93
445.93 168.00
446.00 167.93
446.93 167.00
447.00 166.93
447.93 166.00
448.00 165.93
448.93 165.00
448.93 164.00
449.00 163.93
449.93 163.00
450.00 162.93
450.93 162.00
450.93 161.00
451.00 160.93
451.93 160.00
452.00 159.93
452.93 159.00
452.93 158.00
453.00 157.93
453.93 157.00
453.93 156.00
454.00 155.93
454.93 155.00
454.93 154.00
454.93 153.00
455.00 152.93
455.93 152.00

Contour 7:
446.94 407.00
446.94 406.00
446.94 405.00
446.94 404.00
446.94 403.00
446.94 402.00
446.94 401.00
446.94 400.00
446.94 399.00
446.94 398.00
446.94 397.00
446.94 396.00
446.94 395.00
446.94 394.00
446.94 393.00
446.00 392.06
445.94 392.00
445.94 391.00
445.00 390.06
444.94 390.00
444.94 389.00
444.00 388.06
443.94 388.00
443.00 387.06
442.94 387.00
442.00 386.06
441.94 386.00
441.00 385.06
440.94 385.00
440.00 384.06
439.94 384.00
439.00 383.06
438.94 383.00
438.94 382.00
438.00 381.06
437.94 381.00
437.00 380.06
436.00 380.06
435.94 380.00
435.00 379.06
434.94 379.00
434.00 378.06
433.94 378.00
433.00 377.06
432.00 377.06
431.94 377.00
431.00 376.06
430.00 376.06
429.94 376.00
429.00 375.06
428.00 375.06
427.00 375.06
426.00 375.06
425.00 375.06
424.00 375.06
423.00 375.06
422.06 376.00
422.00 376.06
421.00 376.06
420.00 376.06
419.06 377.00
419.00 377.06
418.00 377.06
417.00 377.06
416.06 378.00
416.00 378.06
415.00 378.06
414.06 379.00
414.00 379.06
413.00 379.06
412.06 380.00
412.00 380.06
411.00 380.06
410.06 381.00
410.00 381.06
409.00 381.06
408.06 382.00
408.00 382.06
407.06 383.00
407.00 383.06
406.06 384.00
406.00 384.06
405.06 385.00
405.00 385.06
404.06 386.00
404.00 386.06
403.06 387.00
403.06 388.00
403.06 389.00
403.00 389.06
402.06 390.00
402.06 391.00
402.06 392.00
402.00 392.06
401.06 393.00
401.00 393.06
400.06 394.00
400.00 394.06
399.06 395.00
399.06 396.00
399.00 396.06
398.06 397.00
398.00 397.06
397.06 398.00
397.06 399.00
397.00 399.06
396.06 400.00
396.00 400.06
395.06 401.00
395.00 401.06
394.06 402.00
394.00 402.06
393.06 403.00
393.06 404.00
393.06 405.00
393.00 405.06
392.06 406.00
392.06 407.00
392.06 408.00
392.06 409.00
392.06 410.00
392.06 411.00
392.06 412.00
392.06 413.00
392.06 414.00
392.06 415.00
392.06 416.00
392.06 417.00
392.06 418.00
392.06 419.00
393.00 419.94
393.06 420.00
394.00 420.94
394.06 421.00
394.06 422.00
395.00 422.94
395.06 423.00
395.06 424.00
395.06 425.00
396.00 425.94
396.06 426.00
397.00 426.94
397.06 427.00
398.00 427.94
398.06 428.00
398.06 429.00
399.00 429.94
399.06 430.00
400.00 430.94
400.06 431.00
401.00 431.94
401.06 432.00
402.00 432.94
402.06 433.00
403.00 433.94
404.00 433.94
405.00 433.94
405.06 434.00
406.00 434.94
407.00 434.94
408.00 434.94
408.06 435.00
409.00 435.94
410.00 435.94
411.00 435.94
412.00 435.94
412.94 435.00
413.00 434.94
414.00 434.94
415.00 434.94
416.00 434.94
417.00 434.94
417.94 434.00
418.00 433.94
419.00 433.94
420.00 433.94
420.94 433.00
421.00 432.94
422.00 432.94
422.94 432.00
423.00 431.94
424.00 431.94
424.94 431.00
425.00 430.94
426.00 430.94
427.00 430.94
427.94 430.00
428.00 429.94
429.00 429.94
429.94 429.00
430.00 428.94
431.00 428.94
431.94 428.00
432.00 427.94
432.94 427.00
433.00 426.94
433.94 426.00
434.00 425.94
435.00 425.94
435.94 425.00
436.00 424.94
436.94 424.00
437.00 423.94
437.94 423.00
438.00 422.94
438.94 422.00
438.94 421.00
439.00 420.94
439.94 420.00
440.00 419.94
440.94 419.00
441.00 418.94
441.94 418.00
442.00 417.94
442.94 417.00
442.94 416.00
443.00 415.94
443.94 415.00
443.94 414.00
444.00 413.94
444.94 413.00
444.94 412.00
444.94 411.00
445.00 410.94
445.94 410.00
445.94 409.00
445.94 408.00
446.00 407.94
446.94 407.00

Contour 8:
487.94 249.00
487.94 248.00
487.94 247.00
487.94 246.00
487.94 245.00
487.00 244.06
486.94 244.00
486.94 243.00
486.94 242.00
486.94 241.00
486.94 240.00
486.94 239.00
486.00 238.06
485.94 238.00
485.94 237.00
485.94 236.00
485.00 235.06
484.94 235.00
484.94 234.00
484.00 233.06
483.94 233.00
483.94 232.00
483.00 231.06
482.94 231.00
482.00 230.06
481.94 230.00
481.00 229.06
480.94 229.00
480.00 228.06
479.94 228.00
479.00 227.06
478.94 227.00
478.00 226.06
477.94 226.00
477.00 225.06
476.00 225.06
475.94 225.00
475.00 224.06
474.00 224.06
473.94 224.00
473.00 223.06
472.94 223.00
472.00 222.06
471.00 222.06
470.00 222.06
469.94 222.00
469.00 221.06
468.00 221.06
467.00 221.06
466.94 221.00
466.00 220.06
465.00 220.06
464.00 220.06
463.00 220.06
462.94 220.00
462.00 219.06
461.00 219.06
460.00 219.06
459.00 219.06
458.94 219.00
458.00 218.06
457.00 218.06
456.00 218.06
455.00 218.06
454.00 218.06
453.94 218.00
453.00 217.06
452.00 217.06
451.00 217.06
450.00 217.06
449.00 217.06
448.00 217.06
447.00 217.06
446.00 217.06
445.00 217.06
444.00 217.06
443.00 217.06
442.00 217.06
441.06 218.00
441.00 218.06
440.00 218.06
439.06 219.00
439.00 219.06
438.00 219.06
437.06 220.00
437.00 220.06
436.00 220.06
435.00 220.06
434.06 221.00
434.00 221.06
433.00 221.06
432.06 222.00
432.00 222.06
431.00 222.06
430.00 222.06
429.06 223.00
429.00 223.06
428.00 223.06
427.00 223.06
426.06 224.00
426.00 224.06
425.00 224.06
424.00 224.06
423.06 225.00
423.00 225.06
422.00 225.06
421.06 226.00
421.00 226.06
420.00 226.06
419.06 227.00
419.00 227.06
418.06 228.00
418.00 228.06
417.00 228.06
416.06 229.00
416.00 229.06
415.06 230.00
415.00 230.06
414.06 231.00
414.00 231.06
413.06 232.00
413.00 232.06
412.06 233.00
412.00 233.06
411.06 234.00
411.06 235.00
411.00 235.06
410.06 236.00
410.00 236.06
409.00 236.06
408.06 237.00
408.00 237.06
407.00 237.06
406.06 238.00
406.00 238.06
405.00 238.06
404.06 239.00
404.00 239.06
403.06 240.00
403.00 240.06
402.06 241.00
402.00 241.06
401.06 242.00
401.00 242.06
400.06 243.00
400.06 244.00
400.00 244.06
399.06 245.00
399.06 246.00
399.00 246.06
398.06 247.00
398.06 248.00
398.00 248.06
397.06 249.00
397.06 250.00
397.00 250.06
396.06 251.00
396.06 252.00
396.06 253.00
396.06 254.00
396.00 254.06
395.06 255.00
395.06 256.00
395.06 257.00
395.06 258.00
395.06 259.00
395.06 260.00
395.06 261.00
395.06 262.00
396.00 262.94
396.06 263.00
396.06 264.00
396.06 265.00
397.00 265.94
397.06 266.00
397.06 267.00
398.00 267.94
398.06 268.00
398.06 269.00
399.00 269.94
399.06 270.00
399.06 271.00
400.00 271.94
400.06 272.00
401.00 272.94
401.06 273.00
401.06 274.00
402.00 274.94
402.06 275.00
403.00 275.94
403.06 276.00
404.00 276.94
404.06 277.00
405.00 277.94
406.00 277.94
406.06 278.00
407.00 278.94
407.06 279.00
408.00 279.94
408.06 280.00
409.00 280.94
410.00 280.94
410.06 281.00
411.00 281.94
412.00 281.94
412.06 282.00
413.00 282.94
414.00 282.94
414.06 283.00
415.00 283.94
416.00 283.94
416.06 284.00
417.00 284.94
418.00 284.94
418.06 285.00
419.00 285.94
420.00 285.94
420.06 286.00
421.00 286.94
422.00 286.94
423.00 286.94
423.06 287.00
424.00 287.94
425.00 287.94
426.00 287.94
426.06 288.00
427.00 288.94
428.00 288.94
429.00 288.94
430.00 288.94
431.00 288.94
432.00 288.94
433.00 288.94
434.00 288.94
435.00 288.94
436.00 288.94
437.00 288.94
438.00 288.94
439.00 288.94
440.00 288.94
441.00 288.94
441.94 288.00
442.00 287.94
443.00 287.94
444.00 287.94
445.00 287.94
446.00 287.94
446.94 287.00
447.00 286.94
448.00 286.94
449.00 286.94
450.00 286.94
451.00 286.94
452.00 286.94
452.94 286.00
453.00 285.94
454.00 285.94
455.00 285.94
456.00 285.94
456.94 285.00
457.00 284.94
458.00 284.94
458.94 284.00
459.00 283.94
460.00 283.94
460.94 283.00
461.00 282.94
462.00 282.94
462.94 282.00
463.00 281.94
463.94 281.00
464.00 280.94
465.00 280.94
465.94 280.00
466.00 279.94
467.00 279.94
467.94 279.00
468.00 278.94
468.94 278.00
469.00 277.94
470.00 277.94
470.94 277.00
471.00 276.94
471.94 276.00
472.00 275.94
472.94 275.00
473.00 274.94
473.94 274.00
474.00 273.94
474.94 273.00
475.00 272.94
475.94 272.00
476.00 271.94
476.94 271.00
477.00 270.94
477.94 270.00
478.00 269.94
478.94 269.00
479.00 268.94
479.94 268.00
480.00 267.94
480.94 267.00
480.94 266.00
481.00 265.94
481.94 265.00
482.00 264.94
482.94 264.00
482.94 263.00
483.00 262.94
483.94 262.00
483.94 261.00
484.00 260.94
484.94 260.00
484.94 259.00
485.00 258.94
485.94 258.00
485.94 257.00
485.94 256.00
485.94 255.00
486.00 254.94
486.94 254.00
486.94 253.00
486.94 252.00
486.94 251.00
486.94 250.00
487.00 249.94
487.94 249.00

Contour 9:
488.95 481.00
488.95 480.00
488.95 479.00
488.95 478.00
488.95 477.00
488.95 476.00
488.95 475.00
488.95 474.00
488.95 473.00
488.95 472.00
488.95 471.00
488.95 470.00
488.95 469.00
488.00 468.05
487.95 468.00
487.95 467.00
487.00 466.05
486.95 466.00
486.00 465.05
485.95 465.00
485.00 464.05
484.95 464.00
484.00 463.05
483.95 463.00
483.00 462.05
482.95 462.00
482.00 461.05
481.00 461.05
480.95 461.00
480.00 460.05
479.00 460.05
478.00 460.05
477.00 460.05
476.95 460.00
476.00 459.05
475.00 459.05
474.05 460.00
474.00 460.05
473.00 460.05
472.00 460.05
471.00 460.05
470.05 461.00
470.00 461.05
469.00 461.05
468.00 461.05
467.05 462.00
467.00 462.05
466.00 462.05
465.00 462.05
464.05 463.00
464.00 463.05
463.00 463.05
462.00 463.05
461.00 463.05
460.05 464.00
460.00 464.05
459.00 464.05
458.00 464.05
457.00 464.05
456.00 464.05
455.05 465.00
455.00 465.05
454.00 465.05
453.00 465.05
452.05 466.00
452.00 466.05
451.00 466.05
450.00 466.05
449.05 467.00
449.00 467.05
448.00 467.05
447.00 467.05
446.05 468.00
446.00 468.05
445.00 468.05
444.00 468.05
443.05 469.00
443.00 469.05
442.00 469.05
441.05 470.00
441.00 470.05
440.00 470.05
439.00 470.05
438.05 471.00
438.00 471.05
437.00 471.05
436.00 471.05
435.05 472.00
435.00 472.05
434.00 472.05
433.05 473.00
433.00 473.05
432.00 473.05
431.05 474.00
431.00 474.05
430.05 475.00
430.00 475.05
429.05 476.00
429.05 477.00
429.00 477.05
428.05 478.00
428.05 479.00
428.00 479.05
427.05 480.00
427.05 481.00
427.05 482.00
427.00 482.05
426.05 483.00
426.05 484.00
426.05 485.00
426.05 486.00
426.05 487.00
426.05 488.00
426.05 489.00
427.00 489.95
427.05 490.00
427.05 491.00
428.00 491.95
428.05 492.00
428.05 493.00
429.00 493.95
429.05 494.00
430.00 494.95
430.05 495.00
431.00 495.95
431.05 496.00
432.00 496.95
432.05 497.00
433.00 497.95
433.05 498.00
434.00 498.95
435.00 498.95
435.05 499.00
436.00 499.95
437.00 499.95
437.05 500.00
438.00 500.95
439.00 500.95
439.05 501.00
440.00 501.95
441.00 501.95
442.00 501.95
443.00 501.95
444.00 501.95
445.00 501.95
446.00 501.95
447.00 501.95
448.00 501.95
449.00 501.95
450.00 501.95
451.00 501.95
451.95 501.00
452.00 500.95
453.00 500.95
454.00 500.95
455.00 500.95
456.00 500.95
457.00 500.95
458.00 500.95
459.00 500.95
460.00 500.95
461.00 500.95
462.00 500.95
463.00 500.95
463.95 500.00
464.00 499.95
465.00 499.95
466.00 499.95
467.00 499.95
468.00 499.95
468.95 499.00
469.00 498.95
470.00 498.95
471.00 498.95
471.95 498.00
472.00 497.95
473.00 497.95
473.95 497.00
474.00 496.95
475.00 496.95
476.00 496.95
476.95 496.00
477.00 495.95
477.95 495.00
478.00 494.95
479.00 494.95
479.95 494.00
480.00 493.95
480.95 493.00
481.00 492.95
481.95 492.00
482.00 491.95
482.95 491.00
483.00 490.95
483.95 490.00
484.00 489.95
484.95 489.00
484.95 488.00
485.00 487.95
485.95 487.00
486.00 486.95
486.95 486.00
486.95 485.00
487.00 484.95
487.95 484.00
487.95 483.00
487.95 482.00
488.00 481.95
488.95 481.00

Contour 10:
522.95 703.00
522.95 702.00
522.95 701.00
522.95 700.00
522.95 699.00
522.95 698.00
522.95 697.00
522.95 696.00
522.95 695.00
522.95 694.00
522.00 693.05
521.95 693.00
521.95 692.00
521.95 691.00
521.95 690.00
521.95 689.00
521.95 688.00
521.00 687.05
520.95 687.00
520.95 686.00
520.95 685.00
520.95 684.00
520.00 683.05
519.95 683.00
519.95 682.00
519.95 681.00
519.00 680.05
518.95 680.00
518.00 679.05
517.95 679.00
517.95 678.00
517.00 677.05
516.95 677.00
516.00 676.05
515.95 676.00
515.00 675.05
514.95 675.00
514.00 674.05
513.00 674.05
512.95 674.00
512.00 673.05
511.95 673.00
511.00 672.05
510.00 672.05
509.95 672.00
509.00 671.05
508.00 671.05
507.95 671.00
507.00 670.05
506.00 670.05
505.95 670.00
505.00 669.05
504.00 669.05
503.00 669.05
502.00 669.05
501.95 669.00
501.00 668.05
500.00 668.05
499.00 668.05
498.00 668.05
497.00 668.05
496.00 668.05
495.00 668.05
494.00 668.05
493.00 668.05
492.00 668.05
491.00 668.05
490.00 668.05
489.00 668.05
488.00 668.05
487.05 669.00
487.00 669.05
486.00 669.05
485.00 669.05
484.05 670.00
484.00 670.05
483.00 670.05
482.00 670.05
481.05 671.00
481.00 671.05
480.00 671.05
479.05 672.00
479.00 672.05
478.00 672.05
477.05 673.00
477.00 673.05
476.05 674.00
476.00 674.05
475.00 674.05
474.05 675.00
474.00 675.05
473.05 676.00
473.00 676.05
472.05 677.00
472.00 677.05
471.05 678.00
471.00 678.05
470.05 679.00
470.00 679.05
469.05 680.00
469.00 680.05
468.05 681.00
468.00 681.05
467.05 682.00
467.05 683.00
467.00 683.05
466.05 684.00
466.00 684.05
465.05 685.00
465.00 685.05
464.05 686.00
464.05 687.00
464.00 687.05
463.05 688.00
463.05 689.00
463.05 690.00
463.00 690.05
462.05 691.00
462.05 692.00
462.05 693.00
462.05 694.00
462.00 694.05
461.05 695.00
461.05 696.00
461.05 697.00
461.05 698.00
461.05 699.00
461.05 700.00
461.05 701.00
461.05 702.00
461.05 703.00
461.05 704.00
461.05 705.00
461.05 706.00
462.00 706.95
462.05 707.00
462.05 708.00
462.05 709.00
462.05 710.00
463.00 710.95
463.05 711.00
463.05 712.00
463.05 713.00
464.00 713.95
464.05 714.00
464.05 715.00
465.00 715.95
465.05 716.00
465.05 717.00
466.00 717.95
466.05 718.00
466.05 719.00
467.00 719.95
467.05 720.00
467.05 721.00
468.00 721.95
468.05 722.00
469.00 722.95
469.05 723.00
470.00 723.95
470.05 724.00
471.00 724.95
471.05 725.00
472.00 725.95
472.05 726.00
473.00 726.95
473.05 727.00
474.00 727.95
474.05 728.00
475.00 728.95
476.00 728.95
476.05 729.00
477.00 729.95
478.00 729.95
478.05 730.00
479.00 730.95
480.00 730.95
480.05 731.00
481.00 731.95
482.00 731.95
483.00 731.95
484.00 731.95
484.05 732.00
485.00 732.95
486.00 732.95
487.00 732.95
488.00 732.95
489.00 732.95
490.00 732.95
490.95 732.00
491.00 731.95
492.00 731.95
493.00 731.95
493.95 731.00
494.00 730.95
495.00 730.95
496.00 730.95
496.95 730.00
497.00 729.95
498.00 729.95
498.95 729.00
499.00 728.95
500.00 728.95
501.00 728.95
501.95 728.00
502.00 727.95
503.00 727.95
503.95 727.00
504.00 726.95
504.95 726.00
505.00 725.95
506.00 725.95
506.95 725.00
507.00 724.95
507.95 724.00
508.00 723.95
509.00 723.95
509.95 723.00
510.00 722.95
510.95 722.00
511.00 721.95
511.95 721.00
512.00 720.95
512.95 720.00
513.00 719.95
513.95 719.00
514.00 718.95
514.95 718.00
515.00 717.95
515.95 717.00
515.95 716.00
516.00 715.95
516.95 715.00
517.00 714.95
517.95 714.00
518.00 713.95
518.95 713.00
518.95 712.00
519.00 711.95
519.95 711.00
519.95 710.00
520.00 709.95
520.95 709.00
520.95 708.00
520.95 707.00
521.00 706.95
521.95 706.00
521.95 705.00
521.95 704.00
522.00 703.95
522.95 703.00

Contour 11:
548.96 459.00
548.96 458.00
548.96 457.00
548.96 456.00
548.96 455.00
548.96 454.00
548.96 453.00
548.96 452.00
548.96 451.00
548.96 450.00
548.96 449.00
548.96 448.00
548.96 447.00
548.96 446.00
548.00 445.04
547.96 445.00
547.96 444.00
547.96 443.00
547.96 442.00
547.00 441.04
546.96 441.00
546.96 440.00
546.96 439.00
546.00 438.04
545.96 438.00
545.96 437.00
545.96 436.00
545.00 435.04
544.96 435.00
544.00 434.04
543.96 434.00
543.96 433.00
543.00 432.04
542.96 432.00
542.00 431.04
541.00 431.04
540.96 431.00
540.00 430.04
539.96 430.00
539.00 429.04
538.96 429.00
538.00 428.04
537.96 428.00
537.00 427.04
536.96 427.00
536.00 426.04
535.96 426.00
535.00 425.04
534.00 425.04
533.96 425.00
533.00 424.04
532.00 424.04
531.96 424.00
531.00 423.04
530.00 423.04
529.96 423.00
529.00 422.04
528.00 422.04
527.00 422.04
526.00 422.04
525.96 422.00
525.00 421.04
524.00 421.04
523.00 421.04
522.00 421.04
521.00 421.04
520.00 421.04
519.00 421.04
518.00 421.04
517.00 421.04
516.00 421.04
515.00 421.04
514.00 421.04
513.00 421.04
512.00 421.04
511.00 421.04
510.00 421.04
509.04 422.00
509.00 422.04
508.00 422.04
507.00 422.04
506.04 423.00
506.00 423.04
505.00 423.04
504.04 424.00
504.00 424.04
503.00 424.04
502.04 425.00
502.00 425.04
501.04 426.00
501.00 426.04
500.04 427.00
500.00 427.04
499.00 427.04
498.04 428.00
498.04 429.00
498.00 429.04
497.04 430.00
497.00 430.04
496.04 431.00
496.00 431.04
495.04 432.00
495.00 432.04
494.04 433.00
494.00 433.04
493.04 434.00
493.00 434.04
492.04 435.00
492.04 436.00
492.00 436.04
491.04 437.00
491.00 437.04
490.04 438.00
490.04 439.00
490.00 439.04
489.04 440.00
489.04 441.00
489.04 442.00
489.00 442.04
488.04 443.00
488.04 444.00
488.04 445.00
488.04 446.00
488.00 446.04
487.04 447.00
487.04 448.00
487.04 449.00
487.04 450.00
487.04 451.00
487.04 452.00
487.04 453.00
488.00 453.96
488.04 454.00
488.04 455.00
488.04 456.00
488.04 457.00
488.04 458.00
489.00 458.96
489.04 459.00
489.04 460.00
489.04 461.00
490.00 461.96
490.04 462.00
490.04 463.00
490.04 464.00
491.00 464.96
491.04 465.00
491.04 466.00
491.04 467.00
492.00 467.96
492.04 468.00
492.04 469.00
493.00 469.96
493.04 470.00
493.04 471.00
494.00 471.96
494.04 472.00
495.00 472.96
495.04 473.00
496.00 473.96
496.04 474.00
497.00 474.96
498.00 474.96
498.04 475.00
499.00 475.96
499.04 476.00
500.00 476.96
501.00 476.96
501.04 477.00
502.00 477.96
503.00 477.96
503.04 478.00
504.00 478.96
505.00 478.96
505.04 479.00
506.00 479.96
507.00 479.96
508.00 479.96
508.04 480.00
509.00 480.96
510.00 480.96
511.00 480.96
511.04 481.00
512.00 481.96
513.00 481.96
514.00 481.96
515.00 481.96
516.00 481.96
517.00 481.96
518.00 481.96
519.00 481.96
520.00 481.96
521.00 481.96
522.00 481.96
523.00 481.96
524.00 481.96
525.00 481.96
526.00 481.96
527.00 481.96
527.96 481.00
528.00 480.96
529.00 480.96
530.00 480.96
530.96 480.00
531.00 479.96
532.00 479.96
532.96 479.00
533.00 478.96
534.00 478.96
534.96 478.00
535.00 477.96
535.96 477.00
536.00 476.96
536.96 476.00
537.00 475.96
538.00 475.96
538.96 475.00
539.00 474.96
539.96 474.00
540.00 473.96
540.96 473.00
541.00 472.96
541.96 472.00
542.00 471.96
542.96 471.00
543.00 470.96
543.96 470.00
543.96 469.00
544.00 468.96
544.96 468.00
544.96 467.00
545.00 466.96
545.96 466.00
546.00 465.96
546.96 465.00
546.96 464.00
546.96 463.00
547.00 462.96
547.96 462.00
547.96 461.00
547.96 460.00
548.00 459.96
548.96 459.00

Contour 12:
555.96 334.00
555.96 333.00
555.96 332.00
555.96 331.00
555.96 330.00
555.96 329.00
555.96 328.00
555.00 327.04
554.96 327.00
554.96 326.00
554.96 325.00
554.96 324.00
554.96 323.00
554.96 322.00
554.96 321.00
554.96 320.00
554.96 319.00
554.00 318.04
553.96 318.00
553.96 317.00
553.96 316.00
553.96 315.00
553.96 314.00
553.00 313.04
552.96 313.00
552.96 312.00
552.00 311.04
551.96 311.00
551.00 310.04
550.96 310.00
550.96 309.00
550.00 308.04
549.96 308.00
549.00 307.04
548.96 307.00
548.00 306.04
547.96 306.00
547.96 305.00
547.00 304.04
546.96 304.00
546.00 303.04
545.96 303.00
545.00 302.04
544.00 302.04
543.96 302.00
543.00 301.04
542.96 301.00
542.00 300.04
541.96 300.00
541.00 299.04
540.00 299.04
539.96 299.00
539.00 298.04
538.00 298.04
537.96 298.00
537.00 297.04
536.00 297.04
535.96 297.00
535.00 296.04
534.00 296.04
533.96 296.00
533.00 295.04
532.00 295.04
531.96 295.00
531.00 294.04
530.00 294.04
529.00 294.04
528.00 294.04
527.00 294.04
526.00 294.04
525.00 294.04
524.00 294.04
523.00 294.04
522.00 294.04
521.00 294.04
520.00 294.04
519.00 294.04
518.00 294.04
517.00 294.04
516.04 295.00
516.00 295.04
515.00 295.04
514.00 295.04
513.00 295.04
512.04 296.00
512.00 296.04
511.00 296.04
510.04 297.00
510.00 297.04
509.00 297.04
508.04 298.00
508.00 298.04
507.04 299.00
507.00 299.04
506.04 300.00
506.00 300.04
505.04 301.00
505.00 301.04
504.04 302.00
504.00 302.04
503.04 303.00
503.00 303.04
502.04 304.00
502.04 305.00
502.00 305.04
501.04 306.00
501.04 307.00
501.00 307.04
500.04 308.00
500.04 309.00
500.04 310.00
500.00 310.04
499.04 311.00
499.04 312.00
499.04 313.00
499.00 313.04
498.04 314.00
498.04 315.00
498.04 316.00
498.04 317.00
498.04 318.00
498.04 319.00
498.04 320.00
498.04 321.00
498.04 322.00
498.04 323.00
498.04 324.00
498.04 325.00
499.00 325.96
499.04 326.00
499.04 327.00
499.04 328.00
499.04 329.00
500.00 329.96
500.04 330.00
500.04 331.00
501.00 331.96
501.04 332.00
501.04 333.00
502.00 333.96
502.04 334.00
503.00 334.96
503.04 335.00
503.04 336.00
504.00 336.96
504.04 337.00
505.00 337.96
505.04 338.00
505.04 339.00
506.00 339.96
506.04 340.00
507.00 340.96
507.04 341.00
508.00 341.96
508.04 342.00
508.04 343.00
509.00 343.96
509.04 344.00
510.00 344.96
510.04 345.00
511.00 345.96
511.04 346.00
512.00 346.96
512.04 347.00
513.00 347.96
513.04 348.00
514.00 348.96
514.04 349.00
515.00 349.96
516.00 349.96
516.04 350.00
517.00 350.96
517.04 351.00
518.00 351.96
519.00 351.96
519.04 352.00
520.00 352.96
521.00 352.96
521.04 353.00
522.00 353.96
523.00 353.96
523.04 354.00
524.00 354.96
525.00 354.96
526.00 354.96
526.04 355.00
527.00 355.96
528.00 355.96
529.00 355.96
530.00 355.96
531.00 355.96
532.00 355.96
533.00 355.96
534.00 355.96
535.00 355.96
536.00 355.96
537.00 355.96
538.00 355.96
538.96 355.00
539.00 354.96
540.00 354.96
540.96 354.00
541.00 353.96
541.96 353.00
542.00 352.96
543.00 352.96
543.96 352.00
544.00 351.96
544.96 351.00
545.00 350.96
545.96 350.00
546.00 349.96
546.96 349.00
547.00 348.96
547.96 348.00
548.00 347.96
548.96 347.00
549.00 346.96
549.96 346.00
550.00 345.96
550.96 345.00
550.96 344.00
551.00 343.96
551.96 343.00
552.00 342.96
552.96 342.00
552.96 341.00
553.00 340.96
553.96 340.00
553.96 339.00
553.96 338.00
554.00 337.96
554.96 337.00
554.96 336.00
554.96 335.00
555.00 334.96
555.96 334.00

Contour 13:
561.96 540.00
561.96 539.00
561.96 538.00
561.96 537.00
561.96 536.00
561.96 535.00
561.96 534.00
561.96 533.00
561.96 532.00
561.96 531.00
561.96 530.00
561.96 529.00
561.96 528.00
561.00 527.04
560.96 527.00
560.96 526.00
560.96 525.00
560.96 524.00
560.00 523.04
559.96 523.00
559.96 522.00
559.00 521.04
558.96 521.00
558.96 520.00
558.00 519.04
557.96 519.00
557.00 518.04
556.96 518.00
556.00 517.04
555.96 517.00
555.00 516.04
554.96 516.00
554.00 515.04
553.96 515.00
553.00 514.04
552.96 514.00
552.00 513.04
551.00 513.04
550.96 513.00
550.00 512.04
549.96 512.00
549.00 511.04
548.00 511.04
547.96 511.00
547.00 510.04
546.00 510.04
545.96 510.00
545.00 509.04
544.00 509.04
543.00 509.04
542.96 509.00
542.00 508.04
541.00 508.04
540.00 508.04
539.00 508.04
538.00 508.04
537.00 508.04
536.00 508.04
535.00 508.04
534.00 508.04
533.04 509.00
533.00 509.04
532.00 509.04
531.00 509.04
530.00 509.04
529.04 510.00
529.00 510.04
528.00 510.04
527.00 510.04
526.04 511.00
526.00 511.04
525.00 511.04
524.04 512.00
524.00 512.04
523.00 512.04
522.04 513.00
522.00 513.04
521.00 513.04
520.04 514.00
520.00 514.04
519.04 515.00
519.00 515.04
518.04 516.00
518.00 516.04
517.04 517.00
517.00 517.04
516.04 518.00
516.00 518.04
515.04 519.00
515.00 519.04
514.04 520.00
514.00 520.04
513.04 521.00
513.00 521.04
512.04 522.00
512.04 523.00
512.00 523.04
511.04 524.00
511.00 524.04
510.04 525.00
510.04 526.00
510.00 526.04
509.04 527.00
509.00 527.04
508.04 528.00
508.04 529.00
508.00 529.04
507.04 530.00
507.04 531.00
507.04 532.00
507.00 532.04
506.04 533.00
506.04 534.00
506.04 535.00
506.00 535.04
505.04 536.00
505.04 537.00
505.04 538.00
505.04 539.00
505.04 540.00
505.04 541.00
505.04 542.00
505.04 543.00
505.04 544.00
505.04 545.00
505.04 546.00
505.04 547.00
505.04 548.00
505.04 549.00
506.00 549.96
506.04 550.00
506.04 551.00
506.04 552.00
507.00 552.96
507.04 553.00
507.04 554.00
507.04 555.00
508.00 555.96
508.04 556.00
508.04 557.00
509.00 557.96
509.04 558.00
509.04 559.00
510.00 559.96
510.04 560.00
511.00 560.96
511.04 561.00
512.00 561.96
512.04 562.00
512.04 563.00
513.00 563.96
513.04 564.00
514.00 564.96
515.00 564.96
515.04 565.00
516.00 565.96
516.04 566.00
517.00 566.96
517.04 567.00
518.00 567.96
519.00 567.96
519.04 568.00
520.00 568.96
521.00 568.96
521.04 569.00
522.00 569.96
523.00 569.96
524.00 569.96
524.04 570.00
525.00 570.96
526.00 570.96
527.00 570.96
528.00 570.96
529.00 570.96
530.00 570.96
531.00 570.96
532.00 570.96
533.00 570.96
534.00 570.96
535.00 570.96
536.00 570.96
537.00 570.96
538.00 570.96
538.96 570.00
539.00 569.96
540.00 569.96
540.96 569.00
541.00 568.96
542.00 568.96
542.96 568.00
543.00 567.96
543.96 567.00
544.00 566.96
544.96 566.00
545.00 565.96
545.96 565.00
546.00 564.96
546.96 564.00
547.00 563.96
547.96 563.00
548.00 562.96
548.96 562.00
549.00 561.96
549.96 561.00
549.96 560.00
550.00 559.96
550.96 559.00
551.00 558.96
551.96 558.00
552.00 557.96
552.96 557.00
553.00 556.96
553.96 556.00
553.96 555.00
554.00 554.96
554.96 554.00
555.00 553.96
555.96 553.00
555.96 552.00
556.00 551.96
556.96 551.00
557.00 550.96
557.96 550.00
557.96 549.00
558.00 548.96
558.96 548.00
558.96 547.00
559.00 546.96
559.96 546.00
559.96 545.00
560.00 544.96
560.96 544.00
560.96 543.00
560.96 542.00
560.96 541.00
561.00 540.96
561.96 540.00

Contour 14:
605.97 647.00
605.97 646.00
605.97 645.00
605.97 644.00
605.97 643.00
605.97 642.00
605.97 641.00
605.97 640.00
605.97 639.00
605.97 638.00
605.97 637.00
605.97 636.00
605.97 635.00
605.97 634.00
605.00 633.03
604.97 633.00
604.97 632.00
604.97 631.00
604.00 630.03
603.97 630.00
603.97 629.00
603.00 628.03
602.97 628.00
602.97 627.00
602.00 626.03
601.97 626.00
601.97 625.00
601.00 624.03
600.97 624.00
600.00 623.03
599.97 623.00
599.97 622.00
599.00 621.03
598.97 621.00
598.00 620.03
597.97 620.00
597.00 619.03
596.97 619.00
596.00 618.03
595.97 618.00
595.00 617.03
594.97 617.00
594.00 616.03
593.97 616.00
593.00 615.03
592.00 615.03
591.97 615.00
591.00 614.03
590.00 614.03
589.97 614.00
589.00 613.03
588.00 613.03
587.97 613.00
587.00 612.03
586.00 612.03
585.00 612.03
584.97 612.00
584.00 611.03
583.00 611.03
582.00 611.03
581.00 611.03
580.97 611.00
580.00 610.03
579.00 610.03
578.00 610.03
577.00 610.03
576.00 610.03
575.00 610.03
574.00 610.03
573.03 611.00
573.00 611.03
572.00 611.03
571.00 611.03
570.00 611.03
569.03 612.00
569.00 612.03
568.00 612.03
567.00 612.03
566.03 613.00
566.00 613.03
565.00 613.03
564.03 614.00
564.00 614.03
563.00 614.03
562.00 614.03
561.03 615.00
561.00 615.03
560.00 615.03
559.03 616.00
559.00 616.03
558.00 616.03
557.03 617.00
557.00 617.03
556.00 617.03
555.03 618.00
555.00 618.03
554.03 619.00
554.00 619.03
553.03 620.00
553.00 620.03
552.03 621.00
552.00 621.03
551.03 622.00
551.00 622.03
550.03 623.00
550.03 624.00
550.00 624.03
549.03 625.00
549.03 626.00
549.00 626.03
548.03 627.00
548.00 627.03
547.03 628.00
547.03 629.00
547.00 629.03
546.03 630.00
546.00 630.03
545.03 631.00
545.03 632.00
545.00 632.03
544.03 633.00
544.03 634.00
544.00 634.03
543.03 635.00
543.03 636.00
543.03 637.00
543.00 637.03
542.03 638.00
542.03 639.00
542.03 640.00
542.03 641.00
542.03 642.00
542.00 642.03
541.03 643.00
541.03 644.00
541.03 645.00
541.03 646.00
541.03 647.00
541.03 648.00
541.03 649.00
541.03 650.00
541.03 651.00
541.03 652.00
541.03 653.00
542.00 653.97
542.03 654.00
542.03 655.00
542.03 656.00
542.03 657.00
543.00 657.97
543.03 658.00
543.03 659.00
544.00 659.97
544.03 660.00
544.03 661.00
545.00 661.97
545.03 662.00
546.00 662.97
546.03 663.00
547.00 663.97
547.03 664.00
548.00 664.97
548.03 665.00
549.00 665.97
549.03 666.00
550.00 666.97
550.03 667.00
551.00 667.97
551.03 668.00
552.00 668.97
553.00 668.97
553.03 669.00
554.00 669.97
554.03 670.00
555.00 670.97
555.03 671.00
556.00 671.97
557.00 671.97
557.03 672.00
558.00 672.97
559.00 672.97
559.03 673.00
560.00 673.97
561.00 673.97
561.03 674.00
562.00 674.97
563.00 674.97
564.00 674.97
564.03 675.00
565.00 675.97
566.00 675.97
567.00 675.97
567.03 676.00
568.00 676.97
569.00 676.97
570.00 676.97
571.00 676.97
572.00 676.97
573.00 676.97
574.00 676.97
575.00 676.97
576.00 676.97
577.00 676.97
578.00 676.97
579.00 676.97
580.00 676.97
580.97 676.00
581.00 675.97
582.00 675.97
583.00 675.97
583.97 675.00
584.00 674.97
585.00 674.97
585.97 674.00
586.00 673.97
587.00 673.97
587.97 673.00
588.00 672.97
588.97 672.00
589.00 671.97
590.00 671.97
590.97 671.00
591.00 670.97
591.97 670.00
592.00 669.97
592.97 669.00
593.00 668.97
593.97 668.00
594.00 667.97
594.97 667.00
595.00 666.97
595.97 666.00
595.97 665.00
596.00 664.97
596.97 664.00
597.00 663.97
597.97 663.00
597.97 662.00
598.00 661.97
598.97 661.00
599.00 660.97
599.97 660.00
599.97 659.00
600.00 658.97
600.97 658.00
601.00 657.97
601.97 657.00
601.97 656.00
602.00 655.97
602.97 655.00
602.97 654.00
603.00 653.97
603.97 653.00
603.97 652.00
604.00 651.97
604.97 651.00
604.97 650.00
604.97 649.00
604.97 648.00
605.00 647.97
605.97 647.00

Contour 15:
653.97 330.00
653.97 329.00
653.97 328.00
653.97 327.00
653.97 326.00
653.00 325.03
652.97 325.00
652.97 324.00
652.97 323.00
652.97 322.00
652.97 321.00
652.00 320.03
651.97 320.00
651.97 319.00
651.00 318.03
650.97 318.00
650.97 317.00
650.00 316.03
649.97 316.00
649.97 315.00
649.00 314.03
648.97 314.00
648.00 313.03
647.97 313.00
647.97 312.00
647.00 311.03
646.97 311.00
646.00 310.03
645.97 310.00
645.00 309.03
644.97 309.00
644.00 308.03
643.97 308.00
643.00 307.03
642.97 307.00
642.00 306.03
641.97 306.00
641.00 305.03
640.97 305.00
640.00 304.03
639.97 304.00
639.00 303.03
638.00 303.03
637.97 303.00
637.00 302.03
636.97 302.00
636.00 301.03
635.00 301.03
634.97 301.00
634.00 300.03
633.00 300.03
632.97 300.00
632.00 299.03
631.97 299.00
631.00 298.03
630.00 298.03
629.00 298.03
628.97 298.00
628.00 297.03
627.00 297.03
626.00 297.03
625.97 297.00
625.00 296.03
624.00 296.03
623.00 296.03
622.00 296.03
621.00 296.03
620.00 296.03
619.00 296.03
618.00 296.03
617.00 296.03
616.00 296.03
615.00 296.03
614.00 296.03
613.03 297.00
613.00 297.03
612.00 297.03
611.00 297.03
610.00 297.03
609.03 298.00
609.00 298.03
608.00 298.03
607.00 298.03
606.03 299.00
606.00 299.03
605.00 299.03
604.03 300.00
604.00 300.03
603.00 300.03
602.03 301.00
602.00 301.03
601.03 302.00
601.00 302.03
600.00 302.03
599.03 303.00
599.00 303.03
598.03 304.00
598.03 305.00
598.00 305.03
597.03 306.00
597.00 306.03
596.03 307.00
596.00 307.03
595.03 308.00
595.03 309.00
595.00 309.03
594.03 310.00
594.00 310.03
593.03 311.00
593.03 312.00
593.00 312.03
592.03 313.00
592.03 314.00
592.00 314.03
591.03 315.00
591.03 316.00
591.00 316.03
590.03 317.00
590.03 318.00
590.03 319.00
590.03 320.00
590.03 321.00
590.03 322.00
590.03 323.00
590.03 324.00
590.03 325.00
590.03 326.00
590.03 327.00
590.03 328.00
590.03 329.00
590.03 330.00
591.00 330.97
591.03 331.00
591.03 332.00
592.00 332.97
592.03 333.00
592.03 334.00
593.00 334.97
593.03 335.00
593.03 336.00
594.00 336.97
594.03 337.00
595.00 337.97
595.03 338.00
596.00 338.97
596.03 339.00
597.00 339.97
597.03 340.00
598.00 340.97
598.03 341.00
599.00 341.97
599.03 342.00
600.00 342.97
600.03 343.00
601.00 343.97
601.03 344.00
602.00 344.97
602.03 345.00
603.00 345.97
604.00 345.97
604.03 346.00
605.00 346.97
606.00 346.97
606.03 347.00
607.00 347.97
608.00 347.97
609.00 347.97
609.03 348.00
610.00 348.97
611.00 348.97
612.00 348.97
613.00 348.97
613.03 349.00
614.00 349.97
615.00 349.97
616.00 349.97
617.00 349.97
618.00 349.97
619.00 349.97
620.00 349.97
621.00 349.97
622.00 349.97
623.00 349.97
624.00 349.97
625.00 349.97
625.03 350.00
626.00 350.97
627.00 350.97
628.00 350.97
629.00 350.97
629.97 350.00
630.00 349.97
631.00 349.97
632.00 349.97
633.00 349.97
634.00 349.97
635.00 349.97
635.97 349.00
636.00 348.97
637.00 348.97
638.00 348.97
638.97 348.00
639.00 347.97
640.00 347.97
640.97 347.00
641.00 346.97
642.00 346.97
642.97 346.00
643.00 345.97
644.00 345.97
644.97 345.00
645.00 344.97
645.97 344.00
646.00 343.97
646.97 343.00
647.00 342.97
647.97 342.00
648.00 341.97
648.97 341.00
649.00 340.97
649.97 340.00
649.97 339.00
650.00 338.97
650.97 338.00
651.00 337.97
651.97 337.00
651.97 336.00
651.97 335.00
652.00 334.97
652.97 334.00
652.97 333.00
652.97 332.00
652.97 331.00
653.00 330.97
653.97 330.00

Contour 16:
659.97 499.00
659.97 498.00
659.97 497.00
659.97 496.00
659.97 495.00
659.97 494.00
659.97 493.00
659.97 492.00
659.97 491.00
659.97 490.00
659.97 489.00
659.97 488.00
659.00 487.03
658.97 487.00
658.97 486.00
658.97 485.00
658.00 484.03
657.97 484.00
657.97 483.00
657.00 482.03
656.97 482.00
656.97 481.00
656.00 480.03
655.97 480.00
655.97 479.00
655.00 478.03
654.97 478.00
654.97 477.00
654.00 476.03
653.97 476.00
653.00 475.03
652.97 475.00
652.97 474.00
652.00 473.03
651.97 473.00
651.00 472.03
650.97 472.00
650.00 471.03
649.97 471.00
649.00 470.03
648.97 470.00
648.00 469.03
647.00 469.03
646.97 469.00
646.00 468.03
645.97 468.00
645.00 467.03
644.00 467.03
643.97 467.00
643.00 466.03
642.97 466.00
642.00 465.03
641.00 465.03
640.97 465.00
640.00 464.03
639.00 464.03
638.00 464.03
637.97 464.00
637.00 463.03
636.00 463.03
635.00 463.03
634.00 463.03
633.97 463.00
633.00 462.03
632.00 462.03
631.00 462.03
630.00 462.03
629.00 462.03
628.00 462.03
627.00 462.03
626.00 462.03
625.00 462.03
624.00 462.03
623.03 463.00
623.00 463.03
622.00 463.03
621.00 463.03
620.00 463.03
619.00 463.03
618.00 463.03
617.03 464.00
617.00 464.03
616.00 464.03
615.00 464.03
614.03 465.00
614.00 465.03
613.00 465.03
612.03 466.00
612.00 466.03
611.00 466.03
610.03 467.00
610.00 467.03
609.00 467.03
608.03 468.00
608.00 468.03
607.03 469.00
607.00 469.03
606.03 470.00
606.00 470.03
605.03 471.00
605.00 471.03
604.03 472.00
604.00 472.03
603.03 473.00
603.00 473.03
602.03 474.00
602.00 474.03
601.03 475.00
601.00 475.03
600.03 476.00
600.03 477.00
600.00 477.03
599.03 478.00
599.00 478.03
598.03 479.00
598.03 480.00
598.03 481.00
598.00 481.03
597.03 482.00
597.03 483.00
597.03 484.00
597.03 485.00
597.00 485.03
596.03 486.00
596.03 487.00
596.03 488.00
596.03 489.00
596.03 490.00
596.03 491.00
597.00 491.97
597.03 492.00
597.03 493.00
597.03 494.00
597.03 495.00
597.03 496.00
598.00 496.97
598.03 497.00
598.03 498.00
598.03 499.00
599.00 499.97
599.03 500.00
599.03 501.00
600.00 501.97
600.03 502.00
600.03 503.00
600.03 504.00
601.00 504.97
601.03 505.00
602.00 505.97
602.03 506.00
602.03 507.00
603.00 507.97
603.03 508.00
604.00 508.97
604.03 509.00
604.03 510.00
605.00 510.97
605.03 511.00
606.00 511.97
607.00 511.97
607.03 512.00
608.00 512.97
608.03 513.00
609.00 513.97
609.03 514.00
610.00 514.97
611.00 514.97
611.03 515.00
612.00 515.97
613.00 515.97
613.03 516.00
614.00 516.97
614.03 517.00
615.00 517.97
616.00 517.97
616.03 518.00
617.00 518.97
618.00 518.97
618.03 519.00
619.00 519.97
620.00 519.97
621.00 519.97
621.03 520.00
622.00 520.97
623.00 520.97
624.00 520.97
624.03 521.00
625.00 521.97
626.00 521.97
627.00 521.97
627.03 522.00
628.00 522.97
629.00 522.97
630.00 522.97
630.03 523.00
631.00 523.97
632.00 523.97
633.00 523.97
634.00 523.97
635.00 523.97
636.00 523.97
637.00 523.97
638.00 523.97
639.00 523.97
640.00 523.97
641.00 523.97
641.97 523.00
642.00 522.97
643.00 522.97
643.97 522.00
644.00 521.97
645.00 521.97
645.97 521.00
646.00 520.97
646.97 520.00
647.00 519.97
648.00 519.97
648.97 519.00
649.00 518.97
649.97 518.00
650.00 517.97
650.97 517.00
651.00 516.97
651.97 516.00
652.00 515.97
652.97 515.00
652.97 514.00
653.00 513.97
653.97 513.00
653.97 512.00
654.00 511.97
654.97 511.00
654.97 510.00
655.00 509.97
655.97 509.00
655.97 508.00
656.00 507.97
656.97 507.00
656.97 506.00
657.00 505.97
657.97 505.00
657.97 504.00
657.97 503.00
658.00 502.97
658.97 502.00
658.97 501.00
658.97 500.00
659.00 499.97
659.97 499.00

Contour 17:
696.97 423.00
696.97 422.00
696.97 421.00
696.97 420.00
696.00 419.03
695.97 419.00
695.97 418.00
695.97 417.00
695.97 416.00
695.00 415.03
694.97 415.00
694.97 414.00
694.00 413.03
693.97 413.00
693.97 412.00
693.00 411.03
692.97 411.00
692.00 410.03
691.97 410.00
691.00 409.03
690.97 409.00
690.00 408.03
689.97 408.00
689.00 407.03
688.00 407.03
687.97 407.00
687.00 406.03
686.00 406.03
685.97 406.00
685.00 405.03
684.00 405.03
683.97 405.00
683.00 404.03
682.97 404.00
682.00 403.03
681.97 403.00
681.00 402.03
680.97 402.00
680.00 401.03
679.97 401.00
679.00 400.03
678.97 400.00
678.00 399.03
677.00 399.03
676.97 399.00
676.00 398.03
675.97 398.00
675.00 397.03
674.00 397.03
673.97 397.00
673.00 396.03
672.00 396.03
671.00 396.03
670.97 396.00
670.00 395.03
669.00 395.03
668.00 395.03
667.97 395.00
667.00 394.03
666.00 394.03
665.00 394.03
664.00 394.03
663.00 394.03
662.00 394.03
661.00 394.03
660.00 394.03
659.03 395.00
659.00 395.03
658.00 395.03
657.00 395.03
656.00 395.03
655.00 395.03
654.00 395.03
653.03 396.00
653.00 396.03
652.00 396.03
651.00 396.03
650.00 396.03
649.00 396.03
648.03 397.00
648.00 397.03
647.00 397.03
646.00 397.03
645.03 398.00
645.00 398.03
644.00 398.03
643.03 399.00
643.00 399.03
642.00 399.03
641.03 400.00
641.00 400.03
640.00 400.03
639.03 401.00
639.00 401.03
638.03 402.00
638.00 402.03
637.03 403.00
637.00 403.03
636.03 404.00
636.00 404.03
635.03 405.00
635.00 405.03
634.03 406.00
634.00 406.03
633.03 407.00
633.03 408.00
633.00 408.03
632.03 409.00
632.00 409.03
631.03 410.00
631.03 411.00
631.03 412.00
631.00 412.03
630.03 413.00
630.03 414.00
630.03 415.00
630.03 416.00
630.03 417.00
630.03 418.00
630.03 419.00
630.03 420.00
630.03 421.00
631.00 421.97
631.03 422.00
631.03 423.00
631.03 424.00
632.00 424.97
632.03 425.00
632.03 426.00
632.03 427.00
633.00 427.97
633.03 428.00
634.00 428.97
634.03 429.00
634.03 430.00
635.00 430.97
635.03 431.00
636.00 431.97
636.03 432.00
637.00 432.97
637.03 433.00
638.00 433.97
638.03 434.00
639.00 434.97
639.03 435.00
640.00 435.97
640.03 436.00
641.00 436.97
642.00 436.97
642.03 437.00
643.00 437.97
644.00 437.97
644.03 438.00
645.00 438.97
646.00 438.97
647.00 438.97
647.03 439.00
648.00 439.97
649.00 439.97
649.03 440.00
650.00 440.97
651.00 440.97
652.00 440.97
653.00 440.97
654.00 440.97
654.03 441.00
655.00 441.97
656.00 441.97
657.00 441.97
658.00 441.97
659.00 441.97
660.00 441.97
661.00 441.97
662.00 441.97
663.00 441.97
664.00 441.97
665.00 441.97
666.00 441.97
667.00 441.97
668.00 441.97
668.03 442.00
669.00 442.97
670.00 442.97
671.00 442.97
672.00 442.97
673.00 442.97
674.00 442.97
675.00 442.97
676.00 442.97
677.00 442.97
677.97 442.00
678.00 441.97
679.00 441.97
680.00 441.97
681.00 441.97
682.00 441.97
682.97 441.00
683.00 440.97
684.00 440.97
685.00 440.97
685.97 440.00
686.00 439.97
686.97 439.00
687.00 438.97
688.00 438.97
688.97 438.00
689.00 437.97
689.97 437.00
690.00 436.97
690.97 436.00
691.00 435.97
691.97 435.00
692.00 434.97
692.97 434.00
693.00 433.97
693.97 433.00
693.97 432.00
694.00 431.97
694.97 431.00
694.97 430.00
694.97 429.00
695.00 428.97
695.97 428.00
695.97 427.00
695.97 426.00
695.97 425.00
695.97 424.00
696.00 423.97
696.97 423.00

Contour 18:
731.97 623.00
731.97 622.00
731.97 621.00
731.97 620.00
731.97 619.00
731.97 618.00
731.97 617.00
731.97 616.00
731.97 615.00
731.97 614.00
731.97 613.00
731.00 612.03
730.97 612.00
730.97 611.00
730.97 610.00
730.00 609.03
729.97 609.00
729.97 608.00
729.00 607.03
728.97 607.00
728.97 606.00
728.00 605.03
727.97 605.00
727.97 604.00
727.00 603.03
726.97 603.00
726.00 602.03
725.97 602.00
725.00 601.03
724.97 601.00
724.00 600.03
723.97 600.00
723.00 599.03
722.00 599.03
721.97 599.00
721.00 598.03
720.00 598.03
719.97 598.00
719.00 597.03
718.00 597.03
717.97 597.00
717.00 596.03
716.00 596.03
715.00 596.03
714.97 596.00
714.00 595.03
713.00 595.03
712.00 595.03
711.00 595.03
710.00 595.03
709.00 595.03
708.00 595.03
707.00 595.03
706.00 595.03
705.00 595.03
704.00 595.03
703.00 595.03
702.03 596.00
702.00 596.03
701.00 596.03
700.00 596.03
699.00 596.03
698.03 597.00
698.00 597.03
697.00 597.03
696.03 598.00
696.00 598.03
695.00 598.03
694.00 598.03
693.03 599.00
693.00 599.03
692.00 599.03
691.03 600.00
691.00 600.03
690.00 600.03
689.03 601.00
689.00 601.03
688.00 601.03
687.03 602.00
687.00 602.03
686.00 602.03
685.03 603.00
685.00 603.03
684.00 603.03
683.03 604.00
683.00 604.03
682.00 604.03
681.03 605.00
681.00 605.03
680.03 606.00
680.00 606.03
679.00 606.03
678.03 607.00
678.00 607.03
677.03 608.00
677.00 608.03
676.03 609.00
676.00 609.03
675.03 610.00
675.00 610.03
674.03 611.00
674.00 611.03
673.03 612.00
673.00 612.03
672.03 613.00
672.00 613.03
671.03 614.00
671.00 614.03
670.03 615.00
670.00 615.03
669.03 616.00
669.00 616.03
668.03 617.00
668.03 618.00
668.00 618.03
667.03 619.00
667.00 619.03
666.03 620.00
666.03 621.00
666.00 621.03
665.03 622.00
665.03 623.00
665.00 623.03
664.03 624.00
664.03 625.00
664.03 626.00
664.03 627.00
664.00 627.03
663.03 628.00
663.03 629.00
663.03 630.00
663.03 631.00
663.03 632.00
664.00 632.97
664.03 633.00
664.03 634.00
664.03 635.00
664.03 636.00
664.03 637.00
665.00 637.97
665.03 638.00
665.03 639.00
666.00 639.97
666.03 640.00
666.03 641.00
667.00 641.97
667.03 642.00
667.03 643.00
668.00 643.97
668.03 644.00
669.00 644.97
669.03 645.00
669.03 646.00
670.00 646.97
670.03 647.00
671.00 647.97
671.03 648.00
671.03 649.00
672.00 649.97
672.03 650.00
673.00 650.97
673.03 651.00
674.00 651.97
674.03 652.00
675.00 652.97
675.03 653.00
676.00 653.97
677.00 653.97
677.03 654.00
678.00 654.97
678.03 655.00
679.00 655.97
680.00 655.97
680.03 656.00
681.00 656.97
682.00 656.97
683.00 656.97
683.03 657.00
684.00 657.97
685.00 657.97
686.00 657.97
687.00 657.97
688.00 657.97
689.00 657.97
690.00 657.97
691.00 657.97
692.00 657.97
693.00 657.97
694.00 657.97
695.00 657.97
696.00 657.97
697.00 657.97
698.00 657.97
699.00 657.97
700.00 657.97
701.00 657.97
702.00 657.97
702.97 657.00
703.00 656.97
704.00 656.97
705.00 656.97
705.97 656.00
706.00 655.97
707.00 655.97
708.00 655.97
708.97 655.00
709.00 654.97
710.00 654.97
710.97 654.00
711.00 653.97
712.00 653.97
712.97 653.00
713.00 652.97
713.97 652.00
714.00 651.97
714.97 651.00
715.00 650.97
715.97 650.00
716.00 649.97
716.97 649.00
717.00 648.97
717.97 648.00
718.00 647.97
718.97 647.00
719.00 646.97
719.97 646.00
720.00 645.97
720.97 645.00
721.00 644.97
721.97 644.00
722.00 643.97
722.97 643.00
722.97 642.00
723.00 641.97
723.97 641.00
724.00 640.97
724.97 640.00
725.00 639.97
725.97 639.00
725.97 638.00
726.00 637.97
726.97 637.00
726.97 636.00
727.00 635.97
727.97 635.00
727.97 634.00
728.00 633.97
728.97 633.00
728.97 632.00
729.00 631.97
729.97 631.00
729.97 630.00
729.97 629.00
729.97 628.00
730.00 627.97
730.97 627.00
730.97 626.00
730.97 625.00
730.97 624.00
731.00 623.97
731.97 623.00

Contour 19:
794.98 877.00
794.98 876.00
794.98 875.00
794.98 874.00
794.98 873.00
794.98 872.00
794.98 871.00
794.98 870.00
794.98 869.00
794.98 868.00
794.00 867.02
793.98 867.00
793.98 866.00
793.98 865.00
793.98 864.00
793.00 863.02
792.98 863.00
792.98 862.00
792.98 861.00
792.00 860.02
791.98 860.00
791.98 859.00
791.98 858.00
791.00 857.02
790.98 857.00
790.98 856.00
790.00 855.02
789.98 855.00
789.98 854.00
789.00 853.02
788.98 853.00
788.00 852.02
787.98 852.00
787.98 851.00
787.00 850.02
786.98 850.00
786.00 849.02
785.98 849.00
785.00 848.02
784.98 848.00
784.00 847.02
783.98 847.00
783.00 846.02
782.98 846.00
782.00 845.02
781.00 845.02
780.98 845.00
780.00 844.02
779.98 844.00
779.00 843.02
778.00 843.02
777.98 843.00
777.00 842.02
776.00 842.02
775.98 842.00
775.00 841.02
774.00 841.02
773.00 841.02
772.98 841.00
772.00 840.02
771.00 840.02
770.00 840.02
769.98 840.00
769.00 839.02
768.00 839.02
767.00 839.02
766.00 839.02
765.98 839.00
765.00 838.02
764.00 838.02
763.00 838.02
762.00 838.02
761.00 838.02
760.98 838.00
760.00 837.02
759.00 837.02
758.00 837.02
757.00 837.02
756.00 837.02
755.00 837.02
754.00 837.02
753.02 838.00
753.00 838.02
752.00 838.02
751.00 838.02
750.00 838.02
749.02 839.00
749.00 839.02
748.00 839.02
747.02 840.00
747.00 840.02
746.00 840.02
745.02 841.00
745.00 841.02
744.02 842.00
744.00 842.02
743.02 843.00
743.00 843.02
742.00 843.02
741.02 844.00
741.00 844.02
740.02 845.00
740.00 845.02
739.02 846.00
739.00 846.02
738.02 847.00
738.00 847.02
737.02 848.00
737.00 848.02
736.02 849.00
736.00 849.02
735.02 850.00
735.00 850.02
734.02 851.00
734.02 852.00
734.00 852.02
733.02 853.00
733.02 854.00
733.00 854.02
732.02 855.00
732.02 856.00
732.02 857.00
732.00 857.02
731.02 858.00
731.02 859.00
731.02 860.00
731.02 861.00
731.02 862.00
731.02 863.00
731.02 864.00
731.02 865.00
731.02 866.00
731.02 867.00
731.02 868.00
731.02 869.00
731.02 870.00
731.02 871.00
732.00 871.98
732.02 872.00
732.02 873.00
732.02 874.00
733.00 874.98
733.02 875.00
733.02 876.00
733.02 877.00
733.02 878.00
734.00 878.98
734.02 879.00
734.02 880.00
735.00 880.98
735.02 881.00
735.02 882.00
735.02 883.00
736.00 883.98
736.02 884.00
736.02 885.00
737.00 885.98
737.02 886.00
738.00 886.98
738.02 887.00
738.02 888.00
739.00 888.98
739.02 889.00
740.00 889.98
740.02 890.00
740.02 891.00
741.00 891.98
741.02 892.00
742.00 892.98
742.02 893.00
743.00 893.98
743.02 894.00
744.00 894.98
745.00 894.98
745.02 895.00
746.00 895.98
746.02 896.00
747.00 896.98
747.02 897.00
748.00 897.98
749.00 897.98
749.02 898.00
750.00 898.98
750.02 899.00
751.00 899.98
752.00 899.98
753.00 899.98
753.02 900.00
754.00 900.98
755.00 900.98
756.00 900.98
757.00 900.98
758.00 900.98
758.02 901.00
759.00 901.98
760.00 901.98
761.00 901.98
762.00 901.98
763.00 901.98
764.00 901.98
765.00 901.98
766.00 901.98
767.00 901.98
767.98 901.00
768.00 900.98
769.00 900.98
770.00 900.98
771.00 900.98
771.98 900.00
772.00 899.98
773.00 899.98
773.98 899.00
774.00 898.98
775.00 898.98
775.98 898.00
776.00 897.98
776.98 897.00
777.00 896.98
777.98 896.00
778.00 895.98
779.00 895.98
779.98 895.00
780.00 894.98
780.98 894.00
781.00 893.98
782.00 893.98
782.98 893.00
783.00 892.98
783.98 892.00
784.00 891.98
785.00 891.98
785.98 891.00
786.00 890.98
786.98 890.00
787.00 889.98
787.98 889.00
788.00 888.98
788.98 888.00
789.00 887.98
789.98 887.00
789.98 886.00
790.00 885.98
790.98 885.00
791.00 884.98
791.98 884.00
792.00 883.98
792.98 883.00
792.98 882.00
792.98 881.00
793.00 880.98
793.98 880.00
793.98 879.00
793.98 878.00
794.00 877.98
794.98 877.00

Contour 20:
795.98 516.00
795.98 515.00
795.98 514.00
795.98 513.00
795.98 512.00
795.98 511.00
795.98 510.00
795.98 509.00
795.98 508.00
795.98 507.00
795.98 506.00
795.98 505.00
795.00 504.02
794.98 504.00
794.98 503.00
794.98 502.00
794.98 501.00
794.00 500.02
793.98 500.00
793.98 499.00
793.98 498.00
793.00 497.02
792.98 497.00
792.98 496.00
792.98 495.00
792.00 494.02
791.98 494.00
791.98 493.00
791.00 492.02
790.98 492.00
790.00 491.02
789.98 491.00
789.00 490.02
788.98 490.00
788.00 489.02
787.98 489.00
787.00 488.02
786.00 488.02
785.98 488.00
785.00 487.02
784.00 487.02
783.00 487.02
782.98 487.00
782.00 486.02
781.00 486.02
780.00 486.02
779.00 486.02
778.98 486.00
778.00 485.02
777.00 485.02
776.00 485.02
775.00 485.02
774.00 485.02
773.00 485.02
772.00 485.02
771.00 485.02
770.02 486.00
770.00 486.02
769.00 486.02
768.00 486.02
767.00 486.02
766.00 486.02
765.02 487.00
765.00 487.02
764.00 487.02
763.02 488.00
763.00 488.02
762.00 488.02
761.02 489.00
761.00 489.02
760.00 489.02
759.02 490.00
759.00 490.02
758.02 491.00
758.00 491.02
757.02 492.00
757.00 492.02
756.02 493.00
756.00 493.02
755.02 494.00
755.02 495.00
755.00 495.02
754.02 496.00
754.00 496.02
753.02 497.00
753.02 498.00
753.00 498.02
752.02 499.00
752.02 500.00
752.00 500.02
751.02 501.00
751.02 502.00
751.02 503.00
751.00 503.02
750.02 504.00
750.02 505.00
750.00 505.02
749.02 506.00
749.02 507.00
749.02 508.00
749.00 508.02
748.02 509.00
748.02 510.00
748.00 510.02
747.02 511.00
747.02 512.00
747.00 512.02
746.02 513.00
746.02 514.00
746.02 515.00
746.00 515.02
745.02 516.00
745.02 517.00
745.02 518.00
745.00 518.02
744.02 519.00
744.02 520.00
744.02 521.00
744.02 522.00
744.00 522.02
743.02 523.00
743.02 524.00
743.02 525.00
743.02 526.00
743.02 527.00
743.02 528.00
743.02 529.00
743.02 530.00
743.02 531.00
743.02 532.00
743.02 533.00
743.02 534.00
743.02 535.00
744.00 535.98
744.02 536.00
744.02 537.00
744.02 538.00
745.00 538.98
745.02 539.00
745.02 540.00
746.00 540.98
746.02 541.00
746.02 542.00
747.00 542.98
747.02 543.00
748.00 543.98
748.02 544.00
748.02 545.00
749.00 545.98
749.02 546.00
750.00 546.98
750.02 547.00
751.00 547.98
751.02 548.00
752.00 548.98
752.02 549.00
753.00 549.98
754.00 549.98
754.02 550.00
755.00 550.98
755.02 551.00
756.00 551.98
756.02 552.00
757.00 552.98
758.00 552.98
759.00 552.98
759.02 553.00
760.00 553.98
761.00 553.98
762.00 553.98
762.02 554.00
763.00 554.98
764.00 554.98
765.00 554.98
766.00 554.98
767.00 554.98
768.00 554.98
769.00 554.98
769.98 554.00
770.00 553.98
771.00 553.98
772.00 553.98
773.00 553.98
773.98 553.00
774.00 552.98
775.00 552.98
776.00 552.98
776.98 552.00
777.00 551.98
777.98 551.00
778.00 550.98
779.00 550.98
779.98 550.00
780.00 549.98
780.98 549.00
781.00 548.98
781.98 548.00
782.00 547.98
782.98 547.00
783.00 546.98
783.98 546.00
783.98 545.00
784.00 544.98
784.98 544.00
784.98 543.00
785.00 542.98
785.98 542.00
785.98 541.00
786.00 540.98
786.98 540.00
786.98 539.00
786.98 538.00
787.00 537.98
787.98 537.00
787.98 536.00
787.98 535.00
788.00 534.98
788.98 534.00
788.98 533.00
789.00 532.98
789.98 532.00
789.98 531.00
790.00 530.98
790.98 530.00
790.98 529.00
791.00 528.98
791.98 528.00
791.98 527.00
792.00 526.98
792.98 526.00
792.98 525.00
792.98 524.00
793.00 523.98
793.98 523.00
793.98 522.00
793.98 521.00
794.00 520.98
794.98 520.00
794.98 519.00
794.98 518.00
794.98 517.00
795.00 516.98
795.98 516.00

Contour 21:
837.98 870.00
837.98 869.00
837.98 868.00
837.98 867.00
837.98 866.00
837.98 865.00
837.98 864.00
837.98 863.00
837.98 862.00
837.00 861.02
836.98 861.00
836.98 860.00
836.00 859.02
835.98 859.00
835.98 858.00
835.00 857.02
834.98 857.00
834.98 856.00
834.00 855.02
833.98 855.00
833.00 854.02
832.98 854.00
832.00 853.02
831.98 853.00
831.00 852.02
830.00 852.02
829.98 852.00
829.00 851.02
828.98 851.00
828.00 850.02
827.00 850.02
826.00 850.02
825.00 850.02
824.00 850.02
823.00 850.02
822.00 850.02
821.00 850.02
820.00 850.02
819.02 851.00
819.00 851.02
818.00 851.02
817.00 851.02
816.02 852.00
816.00 852.02
815.00 852.02
814.02 853.00
814.00 853.02
813.00 853.02
812.02 854.00
812.00 854.02
811.00 854.02
810.02 855.00
810.00 855.02
809.02 856.00
809.00 856.02
808.02 857.00
808.02 858.00
808.00 858.02
807.02 859.00
807.02 860.00
807.00 860.02
806.02 861.00
806.02 862.00
806.02 863.00
806.02 864.00
806.02 865.00
806.00 865.02
805.02 866.00
805.02 867.00
805.02 868.00
805.02 869.00
805.02 870.00
805.02 871.00
805.02 872.00
805.02 873.00
806.00 873.98
806.02 874.00
806.02 875.00
807.00 875.98
807.02 876.00
808.00 876.98
808.02 877.00
809.00 877.98
809.02 878.00
810.00 878.98
811.00 878.98
811.02 879.00
812.00 879.98
813.00 879.98
813.02 880.00
814.00 880.98
815.00 880.98
816.00 880.98
816.02 881.00
817.00 881.98
818.00 881.98
819.00 881.98
820.00 881.98
821.00 881.98
822.00 881.98
823.00 881.98
823.98 881.00
824.00 880.98
825.00 880.98
826.00 880.98
827.00 880.98
827.98 880.00
828.00 879.98
829.00 879.98
830.00 879.98
830.98 879.00
831.00 878.98
831.98 878.00
832.00 877.98
832.98 877.00
833.00 876.98
833.98 876.00
834.00 875.98
834.98 875.00
835.00 874.98
835.98 874.00
835.98 873.00
836.00 872.98
836.98 872.00
836.98 871.00
837.00 870.98
837.98 870.00

Contour 22:
965.98 744.00
965.98 743.00
965.98 742.00
965.98 741.00
965.98 740.00
965.98 739.00
965.98 738.00
965.98 737.00
965.98 736.00
965.98 735.00
965.98 734.00
965.00 733.02
964.98 733.00
964.98 732.00
964.98 731.00
964.98 730.00
964.00 729.02
963.98 729.00
963.98 728.00
963.98 727.00
963.00 726.02
962.98 726.00
962.98 725.00
962.00 724.02
961.98 724.00
961.98 723.00
961.00 722.02
960.98 722.00
960.98 721.00
960.00 720.02
959.98 720.00
959.98 719.00
959.00 718.02
958.98 718.00
958.00 717.02
957.98 717.00
957.00 716.02
956.98 716.00
956.00 715.02
955.98 715.00
955.00 714.02
954.98 714.00
954.00 713.02
953.00 713.02
952.98 713.00
952.00 712.02
951.98 712.00
951.00 711.02
950.00 711.02
949.98 711.00
949.00 710.02
948.00 710.02
947.98 710.00
947.00 709.02
946.00 709.02
945.98 709.00
945.00 708.02
944.00 708.02
943.98 708.00
943.00 707.02
942.00 707.02
941.98 707.00
941.00 706.02
940.00 706.02
939.00 706.02
938.98 706.00
938.00 705.02
937.00 705.02
936.00 705.02
935.00 705.02
934.98 705.00
934.00 704.02
933.00 704.02
932.00 704.02
931.00 704.02
930.00 704.02
929.00 704.02
928.00 704.02
927.00 704.02
926.00 704.02
925.00 704.02
924.02 705.00
924.00 705.02
923.00 705.02
922.00 705.02
921.02 706.00
921.00 706.02
920.00 706.02
919.00 706.02
918.00 706.02
917.02 707.00
917.00 707.02
916.00 707.02
915.02 708.00
915.00 708.02
914.00 708.02
913.02 709.00
913.00 709.02
912.02 710.00
912.00 710.02
911.02 711.00
911.00 711.02
910.00 711.02
909.02 712.00
909.00 712.02
908.02 713.00
908.00 713.02
907.02 714.00
907.00 714.02
906.02 715.00
906.02 716.00
906.00 716.02
905.02 717.00
905.00 717.02
904.02 718.00
904.02 719.00
904.00 719.02
903.02 720.00
903.02 721.00
903.00 721.02
902.02 722.00
902.02 723.00
902.02 724.00
902.02 725.00
902.00 725.02
901.02 726.00
901.02 727.00
901.02 728.00
901.02 729.00
901.02 730.00
901.02 731.00
901.02 732.00
901.02 733.00
901.02 734.00
902.00 734.98
902.02 735.00
902.02 736.00
902.02 737.00
902.02 738.00
903.00 738.98
903.02 739.00
903.02 740.00
903.02 741.00
904.00 741.98
904.02 742.00
904.02 743.00
905.00 743.98
905.02 744.00
905.02 745.00
906.00 745.98
906.02 746.00
907.00 746.98
907.02 747.00
907.02 748.00
908.00 748.98
908.02 749.00
909.00 749.98
909.02 750.00
909.02 751.00
910.00 751.98
910.02 752.00
911.00 752.98
911.02 753.00
912.00 753.98
913.00 753.98
913.02 754.00
914.00 754.98
914.02 755.00
915.00 755.98
915.02 756.00
916.00 756.98
917.00 756.98
917.02 757.00
918.00 757.98
918.02 758.00
919.00 758.98
920.00 758.98
921.00 758.98
921.02 759.00
922.00 759.98
923.00 759.98
923.02 760.00
924.00 760.98
925.00 760.98
926.00 760.98
926.02 761.00
927.00 761.98
928.00 761.98
929.00 761.98
929.02 762.00
930.00 762.98
931.00 762.98
932.00 762.98
933.00 762.98
933.02 763.00
934.00 763.98
935.00 763.98
936.00 763.98
937.00 763.98
938.00 763.98
939.00 763.98
940.00 763.98
941.00 763.98
942.00 763.98
943.00 763.98
944.00 763.98
945.00 763.98
946.00 763.98
947.00 763.98
948.00 763.98
949.00 763.98
949.98 763.00
950.00 762.98
951.00 762.98
952.00 762.98
952.98 762.00
953.00 761.98
954.00 761.98
954.98 761.00
955.00 760.98
956.00 760.98
956.98 760.00
957.00 759.98
957.98 759.00
958.00 758.98
958.98 758.00
959.00 757.98
959.98 757.00
960.00 756.98
960.98 756.00
961.00 755.98
961.98 755.00
961.98 754.00
962.00 753.98
962.98 753.00
962.98 752.00
963.00 751.98
963.98 751.00
963.98 750.00
963.98 749.00
964.00 748.98
964.98 748.00
964.98 747.00
964.98 746.00
964.98 745.00
965.00 744.98
965.98 744.00

