Contour 0:
71.50 570.00
71.50 569.00
71.50 568.00
71.50 567.00
71.50 566.00
71.50 565.00
71.00 564.50
70.50 564.00
70.50 563.00
70.50 562.00
70.50 561.00
70.50 560.00
70.50 559.00
70.00 558.50
69.50 558.00
69.50 557.00
69.00 556.50
68.50 556.00
68.50 555.00
68.00 554.50
67.50 554.00
67.50 553.00
67.00 552.50
66.50 552.00
66.00 551.50
65.50 551.00
65.00 550.50
64.50 550.00
64.00 549.50
63.50 549.00
63.50 548.00
63.00 547.50
62.50 547.00
62.00 546.50
61.50 546.00
61.00 545.50
60.50 545.00
60.00 544.50
59.00 544.50
58.50 544.00
58.00 543.50
57.50 543.00
57.00 542.50
56.00 542.50
55.50 542.00
55.00 541.50
54.00 541.50
53.50 541.00
53.00 540.50
52.00 540.50
51.50 540.00
51.00 539.50
50.00 539.50
49.00 539.50
48.50 539.00
48.00 538.50
47.00 538.50
46.00 538.50
45.50 538.00
45.00 537.50
44.00 537.50
43.00 537.50
42.00 537.50
41.00 537.50
40.00 537.50
39.00 537.50
38.00 537.50
37.00 537.50
36.00 537.50
35.00 537.50
34.00 537.50
33.00 537.50
32.00 537.50
31.50 538.00
31.00 538.50
30.00 538.50
29.00 538.50
28.50 539.00
28.00 539.50
27.50 540.00
27.00 540.50
26.00 540.50
25.50 541.00
25.00 541.50
24.50 542.00
24.00 542.50
23.00 542.50
22.50 543.00
22.00 543.50
21.50 544.00
21.00 544.50
20.50 545.00
20.00 545.50
19.50 546.00
19.00 546.50
18.50 547.00
18.00 547.50
17.50 548.00
17.00 548.50
16.50 549.00
16.50 550.00
16.00 550.50
15.50 551.00
15.00 551.50
14.50 552.00
14.50 553.00
14.00 553.50
13.50 554.00
13.50 555.00
13.00 555.50
12.50 556.00
12.50 557.00
12.50 558.00
12.00 558.50
11.50 559.00
11.50 560.00
11.00 560.50
10.50 561.00
10.50 562.00
10.50 563.00
10.50 564.00
10.50 565.00
10.50 566.00
10.50 567.00
10.50 568.00
10.50 569.00
10.50 570.00
10.50 571.00
10.50 572.00
10.50 573.00
10.50 574.00
10.50 575.00
10.50 576.00
10.50 577.00
11.00 577.50
11.50 578.00
11.50 579.00
11.50 580.00
12.00 580.50
12.50 581.00
12.50 582.00
12.50 583.00
12.50 584.00
13.00 584.50
13.50 585.00
14.00 585.50
14.50 586.00
14.50 587.00
15.00 587.50
15.50 588.00
16.00 588.50
16.50 589.00
16.50 590.00
17.00 590.50
17.50 591.00
18.00 591.50
19.00 591.50
19.50 592.00
20.00 592.50
21.00 592.50
21.50 593.00
22.00 593.50
23.00 593.50
23.50 594.00
24.00 594.50
24.50 595.00
25.00 595.50
26.00 595.50
26.50 596.00
27.00 596.50
27.50 597.00
28.00 597.50
29.00 597.50
29.50 598.00
30.00 598.50
31.00 598.50
31.50 599.00
32.00 599.50
33.00 599.50
34.00 599.50
35.00 599.50
35.50 600.00
36.00 600.50
37.00 600.50
38.00 600.50
39.00 600.50
40.00 600.50
41.00 600.50
42.00 600.50
43.00 600.50
44.00 600.50
45.00 600.50
45.50 600.00
46.00 599.50
47.00 599.50
48.00 599.50
49.00 599.50
49.50 599.00
50.00 598.50
51.00 598.50
52.00 598.50
52.50 598.00
53.00 597.50
53.50 597.00
54.00 596.50
55.00 596.50
55.50 596.00
56.00 595.50
56.50 595.00
57.00 594.50
57.50 594.00
58.00 593.50
59.00 593.50
59.50 593.00
60.00 592.50
60.50 592.00
61.00 591.50
61.50 591.00
62.00 590.50
62.50 590.00
63.00 589.50
63.50 589.00
64.00 588.50
64.50 588.00
64.50 587.00
65.00 586.50
65.50 586.00
66.00 585.50
66.50 585.00
66.50 584.00
67.00 583.50
67.50 583.00
67.50 582.00
68.00 581.50
68.50 581.00
68.50 580.00
69.00 579.50
69.50 579.00
69.50 578.00
69.50 577.00
70.00 576.50
70.50 576.00
70.50 575.00
70.50 574.00
70.50 573.00
70.50 572.00
70.50 571.00
71.00 570.50
71.50 570.00

Contour 1:
126.75 229.00
126.75 228.00
126.75 227.00
126.75 226.00
126.75 225.00
126.75 224.00
126.75 223.00
126.75 222.00
126.00 221.25
125.75 221.00
125.75 220.00
125.75 219.00
125.00 218.25
124.75 218.00
124.00 217.25
123.75 217.00
123.00 216.25
122.75 216.00
122.00 215.25
121.75 215.00
121.75 214.00
121.00 213.25
120.75 213.00
120.00 212.25
119.75 212.00
119.00 211.25
118.75 211.00
118.00 210.25
117.00 210.25
116.75 210.00
116.00 209.25
115.00 209.25
114.75 209.00
114.00 208.25
113.00 208.25
112.75 208.00
112.00 207.25
111.00 207.25
110.00 207.25
109.75 207.00
109.00 206.25
108.00 206.25
107.00 206.25
106.00 206.25
105.75 206.00
105.00 205.25
104.00 205.25
103.00 205.25
102.00 205.25
101.00 205.25
100.75 205.00
100.00 204.25
99.00 204.25
98.00 204.25
97.00 204.25
96.00 204.25
95.00 204.25
94.00 204.25
93.00 204.25
92.75 204.00
92.00 203.25
91.00 203.25
90.00 203.25
89.25 204.00
89.00 204.25
88.00 204.25
87.00 204.25
86.00 204.25
85.00 204.25
84.25 205.00
84.00 205.25
83.00 205.25
82.00 205.25
81.00 205.25
80.00 205.25
79.25 206.00
79.00 206.25
78.00 206.25
77.00 206.25
76.00 206.25
75.25 207.00
75.00 207.25
74.00 207.25
73.25 208.00
73.00 208.25
72.25 209.00
72.00 209.25
71.25 210.00
71.00 210.25
70.25 211.00
70.00 211.25
69.25 212.00
69.00 212.25
68.00 212.25
67.25 213.00
67.00 213.25
66.25 214.00
66.00 214.25
65.25 215.00
65.00 215.25
64.25 216.00
64.00 216.25
63.25 217.00
63.00 217.25
62.25 218.00
62.00 218.25
61.00 218.25
60.25 219.00
60.00 219.25
59.25 220.00
59.25 221.00
59.00 221.25
58.25 222.00
58.00 222.25
57.25 223.00
57.00 223.25
56.25 224.00
56.25 225.00
56.25 226.00
56.00 226.25
55.25 227.00
55.25 228.00
55.25 229.00
55.25 230.00
55.25 231.00
55.25 232.00
55.00 232.25
54.25 233.00
54.25 234.00
54.25 235.00
54.25 236.00
54.25 237.00
54.25 238.00
54.25 239.00
54.25 240.00
54.25 241.00
54.25 242.00
54.25 243.00
55.00 243.75
55.25 244.00
55.25 245.00
55.25 246.00
55.25 247.00
55.25 248.00
56.00 248.75
56.25 249.00
56.25 250.00
57.00 250.75
57.25 251.00
57.25 252.00
57.25 253.00
58.00 253.75
58.25 254.00
59.00 254.75
59.25 255.00
59.25 256.00
60.00 256.75
60.25 257.00
61.00 257.75
61.25 258.00
61.25 259.00
62.00 259.75
62.25 260.00
63.00 260.75
63.25 261.00
63.25 262.00
64.00 262.75
65.00 262.75
65.25 263.00
66.00 263.75
66.25 264.00
67.00 264.75
67.25 265.00
68.00 265.75
69.00 265.75
69.25 266.00
70.00 266.75
70.25 267.00
71.00 267.75
72.00 267.75
72.25 268.00
73.00 268.75
73.25 269.00
74.00 269.75
75.00 269.75
75.25 270.00
76.00 270.75
77.00 270.75
78.00 270.75
78.25 271.00
79.00 271.75
80.00 271.75
81.00 271.75
82.00 271.75
83.00 271.75
84.00 271.75
85.00 271.75
86.00 271.75
87.00 271.75
88.00 271.75
89.00 271.75
90.00 271.75
90.75 271.00
91.00 270.75
92.00 270.75
93.00 270.75
94.00 270.75
95.00 270.75
96.00 270.75
96.75 270.00
97.00 269.75
98.00 269.75
99.00 269.75
99.75 269.00
100.00 268.75
100.75 268.00
101.00 267.75
102.00 267.75
102.75 267.00
103.00 266.75
103.75 266.00
104.00 265.75
104.75 265.00
105.00 264.75
105.75 264.00
106.00 263.75
107.00 263.75
107.75 263.00
108.00 262.75
108.75 262.00
108.75 261.00
109.00 260.75
109.75 260.00
110.00 259.75
110.75 259.00
110.75 258.00
111.00 257.75
111.75 257.00
112.00 256.75
112.75 256.00
113.00 255.75
113.75 255.00
114.00 254.75
114.75 254.00
114.75 253.00
115.00 252.75
115.75 252.00
116.00 251.75
116.75 251.00
116.75 250.00
117.00 249.75
117.75 249.00
118.00 248.75
118.75 248.00
118.75 247.00
119.00 246.75
119.75 246.00
119.75 245.00
120.00 244.75
120.75 244.00
120.75 243.00
121.00 242.75
121.75 242.00
122.00 241.75
122.75 241.00
122.75 240.00
123.00 239.75
123.75 239.00
123.75 238.00
124.00 237.75
124.75 237.00
124.75 236.00
124.75 235.00
125.00 234.75
125.75 234.00
125.75 233.00
125.75 232.00
125.75 231.00
125.75 230.00
126.00 229.75
126.75 229.00

Contour 2:
197.83 112.00
197.83 111.00
197.83 110.00
197.83 109.00
197.83 108.00
197.83 107.00
197.83 106.00
197.83 105.00
197.83 104.00
197.83 103.00
197.00 102.17
196.83 102.00
196.83 101.00
196.83 100.00
196.83 99.00
196.00 98.17
195.83 98.00
195.83 97.00
195.00 96.17
194.83 96.00
194.83 95.00
194.83 94.00
194.00 93.17
193.83 93.00
193.83 92.00
193.00 91.17
192.83 91.00
192.83 90.00
192.00 89.17
191.83 89.00
191.83 88.00
191.00 87.17
190.83 87.00
190.00 86.17
189.83 86.00
189.83 85.00
189.00 84.17
188.83 84.00
188.00 83.17
187.83 83.00
187.00 82.17
186.83 82.00
186.00 81.17
185.83 81.00
185.00 80.17
184.83 80.00
184.00 79.17
183.83 79.00
183.00 78.17
182.83 78.00
182.00 77.17
181.83 77.00
181.00 76.17
180.00 76.17
179.83 76.00
179.00 75.17
178.83 75.00
178.00 74.17
177.00 74.17
176.83 74.00
176.00 73.17
175.83 73.00
175.00 72.17
174.00 72.17
173.83 72.00
173.00 71.17
172.00 71.17
171.83 71.00
171.00 70.17
170.00 70.17
169.00 70.17
168.83 70.00
168.00 69.17
167.00 69.17
166.83 69.00
166.00 68.17
165.00 68.17
164.00 68.17
163.83 68.00
163.00 67.17
162.00 67.17
161.83 67.00
161.00 66.17
160.00 66.17
159.00 66.17
158.83 66.00
158.00 65.17
157.00 65.17
156.00 65.17
155.00 65.17
154.00 65.17
153.00 65.17
152.00 65.17
151.00 65.17
150.00 65.17
149.00 65.17
148.00 65.17
147.00 65.17
146.00 65.17
145.00 65.17
144.17 66.00
144.00 66.17
143.00 66.17
142.00 66.17
141.00 66.17
140.17 67.00
140.00 67.17
139.00 67.17
138.00 67.17
137.00 67.17
136.17 68.00
136.00 68.17
135.00 68.17
134.17 69.00
134.00 69.17
133.00 69.17
132.17 70.00
132.00 70.17
131.00 70.17
130.17 71.00
130.00 71.17
129.17 72.00
129.00 72.17
128.17 73.00
128.00 73.17
127.17 74.00
127.00 74.17
126.17 75.00
126.00 75.17
125.17 76.00
125.17 77.00
125.00 77.17
124.17 78.00
124.17 79.00
124.00 79.17
123.17 80.00
123.00 80.17
122.17 81.00
122.17 82.00
122.00 82.17
121.17 83.00
121.17 84.00
121.17 85.00
121.17 86.00
121.00 86.17
120.17 87.00
120.17 88.00
120.17 89.00
120.17 90.00
120.17 91.00
120.00 91.17
119.17 92.00
119.17 93.00
119.17 94.00
119.17 95.00
119.17 96.00
119.17 97.00
119.17 98.00
119.17 99.00
119.17 100.00
119.17 101.00
119.17 102.00
119.17 103.00
119.17 104.00
119.17 105.00
119.17 106.00
119.17 107.00
119.17 108.00
119.17 109.00
119.17 110.00
119.17 111.00
120.00 111.83
120.17 112.00
120.17 113.00
120.17 114.00
120.17 115.00
120.17 116.00
121.00 116.83
121.17 117.00
121.17 118.00
121.17 119.00
122.00 119.83
122.17 120.00
122.17 121.00
123.00 121.83
123.17 122.00
123.17 123.00
124.00 123.83
124.17 124.00
124.17 125.00
125.00 125.83
125.17 126.00
125.17 127.00
126.00 127.83
126.17 128.00
127.00 128.83
127.17 129.00
127.17 130.00
128.00 130.83
128.17 131.00
129.00 131.83
129.17 132.00
130.00 132.83
130.17 133.00
130.17 134.00
131.00 134.83
131.17 135.00
132.00 135.83
132.17 136.00
133.00 136.83
133.17 137.00
134.00 137.83
135.00 137.83
135.17 138.00
136.00 138.83
136.17 139.00
137.00 139.83
137.17 140.00
138.00 140.83
138.17 141.00
139.00 141.83
140.00 141.83
140.17 142.00
141.00 142.83
142.00 142.83
142.17 143.00
143.00 143.83
144.00 143.83
144.17 144.00
145.00 144.83
146.00 144.83
147.00 144.83
147.17 145.00
148.00 145.83
149.00 145.83
149.17 146.00
150.00 146.83
151.00 146.83
152.00 146.83
153.00 146.83
154.00 146.83
154.17 147.00
155.00 147.83
156.00 147.83
157.00 147.83
158.00 147.83
159.00 147.83
160.00 147.83
161.00 147.83
162.00 147.83
163.00 147.83
164.00 147.83
165.00 147.83
166.00 147.83
167.00 147.83
168.00 147.83
169.00 147.83
170.00 147.83
170.83 147.00
171.00 146.83
172.00 146.83
173.00 146.83
174.00 146.83
174.83 146.00
175.00 145.83
176.00 145.83
176.83 145.00
177.00 144.83
178.00 144.83
178.83 144.00
179.00 143.83
180.00 143.83
180.83 143.00
181.00 142.83
182.00 142.83
182.83 142.00
183.00 141.83
183.83 141.00
184.00 140.83
185.00 140.83
185.83 140.00
186.00 139.83
186.83 139.00
187.00 138.83
187.83 138.00
187.83 137.00
188.00 136.83
188.83 136.00
189.00 135.83
189.83 135.00
189.83 134.00
190.00 133.83
190.83 133.00
190.83 132.00
191.00 131.83
191.83 131.00
191.83 130.00
192.00 129.83
192.83 129.00
192.83 128.00
192.83 127.00
193.00 126.83
193.83 126.00
193.83 125.00
193.83 124.00
194.00 123.83
194.83 123.00
194.83 122.00
195.00 121.83
195.83 121.00
195.83 120.00
195.83 119.00
196.00 118.83
196.83 118.00
196.83 117.00
196.83 116.00
196.83 115.00
196.83 114.00
196.83 113.00
197.00 112.83
197.83 112.00

Contour 3:
212.88 836.00
212.88 835.00
212.88 834.00
212.88 833.00
212.88 832.00
212.88 831.00
212.88 830.00
212.88 829.00
212.88 828.00
212.88 827.00
212.00 826.12
211.88 826.00
211.88 825.00
211.00 824.12
210.88 824.00
210.88 823.00
210.88 822.00
210.00 821.12
209.88 821.00
209.88 820.00
209.00 819.12
208.88 819.00
208.88 818.00
208.00 817.12
207.88 817.00
207.00 816.12
206.88 816.00
206.88 815.00
206.00 814.12
205.88 814.00
205.00 813.12
204.88 813.00
204.00 812.12
203.88 812.00
203.00 811.12
202.88 811.00
202.00 810.12
201.88 810.00
201.00 809.12
200.00 809.12
199.88 809.00
199.00 808.12
198.88 808.00
198.00 807.12
197.00 807.12
196.88 807.00
196.00 806.12
195.00 806.12
194.88 806.00
194.00 805.12
193.00 805.12
192.88 805.00
192.00 804.12
191.00 804.12
190.00 804.12
189.88 804.00
189.00 803.12
188.00 803.12
187.88 803.00
187.00 802.12
186.00 802.12
185.00 802.12
184.00 802.12
183.00 802.12
182.00 802.12
181.00 802.12
180.00 802.12
179.00 802.12
178.00 802.12
177.00 802.12
176.00 802.12
175.00 802.12
174.00 802.12
173.00 802.12
172.00 802.12
171.00 802.12
170.00 802.12
169.00 802.12
168.00 802.12
167.00 802.12
166.00 802.12
165.12 803.00
165.00 803.12
164.00 803.12
163.00 803.12
162.12 804.00
162.00 804.12
161.00 804.12
160.00 804.12
159.12 805.00
159.00 805.12
158.00 805.12
157.12 806.00
157.00 806.12
156.12 807.00
156.00 807.12
155.00 807.12
154.12 808.00
154.00 808.12
153.12 809.00
153.00 809.12
152.12 810.00
152.00 810.12
151.12 811.00
151.00 811.12
150.12 812.00
150.12 813.00
150.00 813.12
149.12 814.00
149.00 814.12
148.12 815.00
148.00 815.12
147.12 816.00
147.12 817.00
147.00 817.12
146.12 818.00
146.12 819.00
146.00 819.12
145.12 820.00
145.12 821.00
145.12 822.00
145.12 823.00
145.12 824.00
145.12 825.00
145.00 825.12
144.12 826.00
144.12 827.00
144.12 828.00
144.12 829.00
144.12 830.00
144.12 831.00
144.12 832.00
144.12 833.00
144.12 834.00
145.00 834.88
145.12 835.00
145.12 836.00
145.12 837.00
145.12 838.00
146.00 838.88
146.12 839.00
146.12 840.00
147.00 840.88
147.12 841.00
147.12 842.00
148.00 842.88
148.12 843.00
148.12 844.00
149.00 844.88
149.12 845.00
149.12 846.00
150.00 846.88
150.12 847.00
150.12 848.00
151.00 848.88
151.12 849.00
152.00 849.88
152.12 850.00
153.00 850.88
153.12 851.00
154.00 851.88
154.12 852.00
155.00 852.88
155.12 853.00
156.00 853.88
157.00 853.88
157.12 854.00
158.00 854.88
158.12 855.00
159.00 855.88
159.12 856.00
160.00 856.88
161.00 856.88
161.12 857.00
162.00 857.88
163.00 857.88
163.12 858.00
164.00 858.88
164.12 859.00
165.00 859.88
166.00 859.88
166.12 860.00
167.00 860.88
168.00 860.88
169.00 860.88
169.12 861.00
170.00 861.88
171.00 861.88
172.00 861.88
172.12 862.00
173.00 862.88
174.00 862.88
175.00 862.88
176.00 862.88
177.00 862.88
178.00 862.88
179.00 862.88
180.00 862.88
181.00 862.88
182.00 862.88
183.00 862.88
184.00 862.88
185.00 862.88
186.00 862.88
187.00 862.88
188.00 862.88
189.00 862.88
189.88 862.00
190.00 861.88
191.00 861.88
192.00 861.88
192.88 861.00
193.00 860.88
194.00 860.88
194.88 860.00
195.00 859.88
196.00 859.88
196.88 859.00
197.00 858.88
197.88 858.00
198.00 857.88
199.00 857.88
199.88 857.00
200.00 856.88
200.88 856.00
201.00 855.88
202.00 855.88
202.88 855.00
203.00 854.88
203.88 854.00
204.00 853.88
204.88 853.00
205.00 852.88
205.88 852.00
206.00 851.88
206.88 851.00
206.88 850.00
207.00 849.88
207.88 849.00
208.00 848.88
208.88 848.00
208.88 847.00
209.00 846.88
209.88 846.00
209.88 845.00
210.00 844.88
210.88 844.00
210.88 843.00
210.88 842.00
211.00 841.88
211.88 841.00
211.88 840.00
211.88 839.00
211.88 838.00
211.88 837.00
212.00 836.88
212.88 836.00

Contour 4:
321.90 397.00
321.90 396.00
321.90 395.00
321.90 394.00
321.90 393.00
321.90 392.00
321.90 391.00
321.90 390.00
321.90 389.00
321.90 388.00
321.90 387.00
321.90 386.00
321.90 385.00
321.90 384.00
321.90 383.00
321.90 382.00
321.90 381.00
321.90 380.00
321.90 379.00
321.00 378.10
320.90 378.00
320.00 377.10
319.90 377.00
319.90 376.00
319.00 375.10
318.90 375.00
318.90 374.00
318.00 373.10
317.00 373.10
316.90 373.00
316.90 372.00
316.00 371.10
315.90 371.00
315.00 370.10
314.90 370.00
314.00 369.10
313.00 369.10
312.90 369.00
312.00 368.10
311.90 368.00
311.00 367.10
310.90 367.00
310.00 366.10
309.00 366.10
308.90 366.00
308.00 365.10
307.00 365.10
306.90 365.00
306.00 364.10
305.00 364.10
304.90 364.00
304.00 363.10
303.00 363.10
302.00 363.10
301.90 363.00
301.00 362.10
300.00 362.10
299.00 362.10
298.90 362.00
298.00 361.10
297.00 361.10
296.00 361.10
295.00 361.10
294.90 361.00
294.00 360.10
293.00 360.10
292.00 360.10
291.10 361.00
291.00 361.10
290.00 361.10
289.00 361.10
288.00 361.10
287.10 362.00
287.00 362.10
286.00 362.10
285.10 363.00
285.00 363.10
284.00 363.10
283.00 363.10
282.10 364.00
282.00 364.10
281.00 364.10
280.10 365.00
280.00 365.10
279.10 366.00
279.00 366.10
278.00 366.10
277.10 367.00
277.00 367.10
276.10 368.00
276.00 368.10
275.00 368.10
274.10 369.00
274.00 369.10
273.00 369.10
272.10 370.00
272.00 370.10
271.10 371.00
271.00 371.10
270.10 372.00
270.00 372.10
269.10 373.00
269.00 373.10
268.10 374.00
268.00 374.10
267.00 374.10
266.10 375.00
266.00 375.10
265.10 376.00
265.00 376.10
264.10 377.00
264.10 378.00
264.10 379.00
264.00 379.10
263.10 380.00
263.10 381.00
263.10 382.00
263.00 382.10
262.10 383.00
262.10 384.00
262.10 385.00
262.10 386.00
262.00 386.10
261.10 387.00
261.10 388.00
261.10 389.00
261.00 389.10
260.10 390.00
260.10 391.00
260.00 391.10
259.10 392.00
259.10 393.00
259.10 394.00
259.00 394.10
258.10 395.00
258.10 396.00
258.10 397.00
258.10 398.00
258.10 399.00
258.10 400.00
258.10 401.00
258.10 402.00
259.00 402.90
259.10 403.00
259.10 404.00
259.10 405.00
259.10 406.00
260.00 406.90
260.10 407.00
260.10 408.00
261.00 408.90
261.10 409.00
261.10 410.00
262.00 410.90
262.10 411.00
263.00 411.90
263.10 412.00
263.10 413.00
264.00 413.90
264.10 414.00
265.00 414.90
265.10 415.00
266.00 415.90
266.10 416.00
267.00 416.90
267.10 417.00
268.00 417.90
268.10 418.00
269.00 418.90
269.10 419.00
269.10 420.00
270.00 420.90
270.10 421.00
271.00 421.90
271.10 422.00
272.00 422.90
272.10 423.00
273.00 423.90
273.10 424.00
274.00 424.90
275.00 424.90
275.10 425.00
276.00 425.90
276.10 426.00
277.00 426.90
277.10 427.00
278.00 427.90
279.00 427.90
279.10 428.00
280.00 428.90
280.10 429.00
281.00 429.90
282.00 429.90
282.10 430.00
283.00 430.90
284.00 430.90
285.00 430.90
286.00 430.90
286.10 431.00
287.00 431.90
288.00 431.90
289.00 431.90
290.00 431.90
291.00 431.90
291.10 432.00
292.00 432.90
293.00 432.90
294.00 432.90
295.00 432.90
295.90 432.00
296.00 431.90
297.00 431.90
298.00 431.90
299.00 431.90
299.90 431.00
300.00 430.90
301.00 430.90
302.00 430.90
302.90 430.00
303.00 429.90
304.00 429.90
304.90 429.00
305.00 428.90
305.90 428.00
306.00 427.90
306.90 427.00
307.00 426.90
307.90 426.00
308.00 425.90
308.90 425.00
309.00 424.90
309.90 424.00
310.00 423.90
310.90 423.00
311.00 422.90
311.90 422.00
311.90 421.00
312.00 420.90
312.90 420.00
312.90 419.00
313.00 418.90
313.90 418.00
313.90 417.00
314.00 416.90
314.90 416.00
314.90 415.00
315.00 414.90
315.90 414.00
315.90 413.00
316.00 412.90
316.90 412.00
316.90 411.00
316.90 410.00
317.00 409.90
317.90 409.00
317.90 408.00
317.90 407.00
318.00 406.90
318.90 406.00
318.90 405.00
318.90 404.00
319.00 403.90
319.90 403.00
319.90 402.00
319.90 401.00
320.00 400.90
320.90 400.00
320.90 399.00
320.90 398.00
321.00 397.90
321.90 397.00

Contour 5:
357.92 495.00
357.92 494.00
357.92 493.00
357.92 492.00
357.92 491.00
357.00 490.08
356.92 490.00
356.92 489.00
356.92 488.00
356.92 487.00
356.00 486.08
355.92 486.00
355.92 485.00
355.92 484.00
355.00 483.08
354.92 483.00
354.92 482.00
354.00 481.08
353.92 481.00
353.92 480.00
353.00 479.08
352.92 479.00
352.00 478.08
351.92 478.00
351.00 477.08
350.92 477.00
350.92 476.00
350.00 475.08
349.92 475.00
349.00 474.08
348.92 474.00
348.00 473.08
347.00 473.08
346.92 473.00
346.00 472.08
345.92 472.00
345.00 471.08
344.92 471.00
344.00 470.08
343.00 470.08
342.92 470.00
342.00 469.08
341.00 469.08
340.00 469.08
339.92 469.00
339.00 468.08
338.00 468.08
337.00 468.08
336.00 468.08
335.00 468.08
334.00 468.08
333.00 468.08
332.00 468.08
331.00 468.08
330.00 468.08
329.00 468.08
328.00 468.08
327.08 469.00
327.00 469.08
326.00 469.08
325.08 470.00
325.00 470.08
324.00 470.08
323.00 470.08
322.00 470.08
321.00 470.08
320.00 470.08
319.00 470.08
318.08 471.00
318.00 471.08
317.00 471.08
316.00 471.08
315.00 471.08
314.08 472.00
314.00 472.08
313.00 472.08
312.00 472.08
311.08 473.00
311.00 473.08
310.00 473.08
309.00 473.08
308.08 474.00
308.00 474.08
307.00 474.08
306.00 474.08
305.08 475.00
305.00 475.08
304.00 475.08
303.08 476.00
303.00 476.08
302.00 476.08
301.08 477.00
301.00 477.08
300.00 477.08
299.08 478.00
299.00 478.08
298.00 478.08
297.08 479.00
297.00 479.08
296.08 480.00
296.00 480.08
295.08 481.00
295.00 481.08
294.08 482.00
294.00 482.08
293.08 483.00
293.08 484.00
293.00 484.08
292.08 485.00
292.08 486.00
292.00 486.08
291.08 487.00
291.08 488.00
291.08 489.00
291.00 489.08
290.08 490.00
290.08 491.00
290.08 492.00
290.08 493.00
290.08 494.00
291.00 494.92
291.08 495.00
291.08 496.00
291.08 497.00
292.00 497.92
292.08 498.00
292.08 499.00
293.00 499.92
293.08 500.00
293.08 501.00
293.08 502.00
294.00 502.92
294.08 503.00
294.08 504.00
294.08 505.00
295.00 505.92
295.08 506.00
295.08 507.00
296.00 507.92
296.08 508.00
296.08 509.00
297.00 509.92
297.08 510.00
298.00 510.92
299.00 510.92
299.08 511.00
300.00 511.92
300.08 512.00
301.00 512.92
302.00 512.92
302.08 513.00
303.00 513.92
303.08 514.00
304.00 514.92
305.00 514.92
305.08 515.00
306.00 515.92
307.00 515.92
307.08 516.00
308.00 516.92
309.00 516.92
309.08 517.00
310.00 517.92
311.00 517.92
312.00 517.92
313.00 517.92
313.08 518.00
314.00 518.92
315.00 518.92
316.00 518.92
317.00 518.92
317.08 519.00
318.00 519.92
319.00 519.92
320.00 519.92
321.00 519.92
322.00 519.92
323.00 519.92
324.00 519.92
325.00 519.92
326.00 519.92
327.00 519.92
328.00 519.92
329.00 519.92
330.00 519.92
331.00 519.92
332.00 519.92
333.00 519.92
334.00 519.92
335.00 519.92
336.00 519.92
336.92 519.00
337.00 518.92
338.00 518.92
339.00 518.92
340.00 518.92
340.92 518.00
341.00 517.92
342.00 517.92
343.00 517.92
343.92 517.00
344.00 516.92
345.00 516.92
345.92 516.00
346.00 515.92
346.92 515.00
347.00 514.92
348.00 514.92
348.92 514.00
349.00 513.92
349.92 513.00
350.00 512.92
350.92 512.00
351.00 511.92
351.92 511.00
352.00 510.92
352.92 510.00
352.92 509.00
353.00 508.92
353.92 508.00
354.00 507.92
354.92 507.00
354.92 506.00
354.92 505.00
355.00 504.92
355.92 504.00
355.92 503.00
355.92 502.00
356.00 501.92
356.92 501.00
356.92 500.00
356.92 499.00
356.92 498.00
356.92 497.00
356.92 496.00
357.00 495.92
357.92 495.00

Contour 6:
329.07 0.00
329.00 0.07
328.00 0.07
327.00 0.07
326.00 0.07
325.00 0.07
324.00 0.07
323.00 0.07
322.00 0.07
321.07 1.00
321.00 1.07
320.00 1.07
319.00 1.07
318.00 1.07
317.93 1.00
317.00 0.07
316.07 1.00
316.00 1.07
315.00 1.07
314.00 1.07
313.00 1.07
312.00 1.07
311.00 1.07
310.07 2.00
310.00 2.07
309.07 3.00
309.07 4.00
309.00 4.07
308.07 5.00
308.07 6.00
308.07 7.00
308.07 8.00
308.07 9.00
308.07 10.00
308.00 10.07
307.07 11.00
308.00 11.93
308.07 12.00
308.07 13.00
308.07 14.00
309.00 14.93
309.07 15.00
310.00 15.93
310.07 16.00
310.07 17.00
310.07 18.00
310.07 19.00
311.00 19.93
311.07 20.00
312.00 20.93
312.07 21.00
313.00 21.93
314.00 21.93
314.07 22.00
314.07 23.00
315.00 23.93
316.00 23.93
316.07 24.00
317.00 24.93
317.93 24.00
318.00 23.93
319.00 23.93
319.07 24.00
320.00 24.93
321.00 24.93
322.00 24.93
323.00 24.93
323.07 25.00
324.00 25.93
325.00 25.93
325.93 25.00
326.00 24.93
327.00 24.93
328.00 24.93
329.00 24.93
330.00 24.93
331.00 24.93
331.93 24.00
332.00 23.93
332.93 23.00
333.00 22.93
334.00 22.93
334.93 22.00
335.00 21.93
336.00 21.93
336.93 21.00
337.00 20.93
338.00 20.93
338.93 20.00
339.00 19.93
339.93 19.00
340.00 18.93
340.93 18.00
341.00 17.93
341.93 17.00
342.00 16.93
342.93 16.00
343.00 15.93
343.93 15.00
344.00 14.93
344.93 14.00
344.93 13.00
345.00 12.93
345.93 12.00
345.93 11.00
346.00 10.93
346.93 10.00
346.93 9.00
346.93 8.00
346.93 7.00
346.00 6.07
345.93 6.00
345.00 5.07
344.93 5.00
344.00 4.07
343.00 4.07
342.00 4.07
341.00 4.07
340.93 4.00
340.00 3.07
339.00 3.07
338.93 3.00
338.00 2.07
337.93 2.00
337.00 1.07
336.93 1.00
336.00 0.07
335.93 0.00

Contour 7:
457.94 149.00
457.94 148.00
457.94 147.00
457.94 146.00
457.94 145.00
457.94 144.00
457.00 143.06
456.94 143.00
456.94 142.00
456.94 141.00
456.94 140.00
456.94 139.00
456.94 138.00
456.94 137.00
456.00 136.06
455.94 136.00
455.94 135.00
455.00 134.06
454.94 134.00
454.94 133.00
454.00 132.06
453.94 132.00
453.00 131.06
452.94 131.00
452.94 130.00
452.00 129.06
451.94 129.00
451.00 128.06
450.94 128.00
450.94 127.00
450.00 126.06
449.94 126.00
449.00 125.06
448.94 125.00
448.00 124.06
447.94 124.00
447.00 123.06
446.94 123.00
446.00 122.06
445.94 122.00
445.00 121.06
444.94 121.00
444.00 120.06
443.00 120.06
442.94 120.00
442.00 119.06
441.00 119.06
440.94 119.00
440.00 118.06
439.00 118.06
438.94 118.00
438.00 117.06
437.00 117.06
436.00 117.06
435.94 117.00
435.00 116.06
434.00 116.06
433.00 116.06
432.00 116.06
431.00 116.06
430.00 116.06
429.94 116.00
429.00 115.06
428.00 115.06
427.06 116.00
427.00 116.06
426.00 116.06
425.00 116.06
424.00 116.06
423.00 116.06
422.00 116.06
421.00 116.06
420.00 116.06
419.06 117.00
419.00 117.06
418.00 117.06
417.00 117.06
416.00 117.06
415.06 118.00
415.00 118.06
414.00 118.06
413.00 118.06
412.00 118.06
411.00 118.06
410.06 119.00
410.00 119.06
409.00 119.06
408.06 120.00
408.00 120.06
407.00 120.06
406.06 121.00
406.00 121.06
405.00 121.06
404.00 121.06
403.06 122.00
403.00 122.06
402.00 122.06
401.00 122.06
400.06 123.00
400.00 123.06
399.00 123.06
398.06 124.00
398.00 124.06
397.00 124.06
396.06 125.00
396.00 125.06
395.00 125.06
394.06 126.00
394.00 126.06
393.00 126.06
392.06 127.00
392.00 127.06
391.00 127.06
390.06 128.00
390.00 128.06
389.00 128.06
388.06 129.00
388.00 129.06
387.06 130.00
387.00 130.06
386.00 130.06
385.06 131.00
385.00 131.06
384.06 132.00
384.06 133.00
384.00 133.06
383.06 134.00
383.00 134.06
382.06 135.00
382.06 136.00
382.00 136.06
381.06 137.00
381.00 137.06
380.06 138.00
380.06 139.00
380.00 139.06
379.06 140.00
379.06 141.00
379.00 141.06
378.06 142.00
378.06 143.00
378.06 144.00
378.00 144.06
377.06 145.00
377.06 146.00
377.06 147.00
377.06 148.00
377.06 149.00
377.06 150.00
377.00 150.06
376.06 151.00
376.06 152.00
376.06 153.00
376.00 153.06
375.06 154.00
375.06 155.00
375.00 155.06
374.06 156.00
374.06 157.00
375.00 157.94
375.06 158.00
375.06 159.00
375.06 160.00
375.06 161.00
375.06 162.00
375.06 163.00
376.00 163.94
376.06 164.00
377.00 164.94
377.06 165.00
378.00 165.94
378.06 166.00
379.00 166.94
379.06 167.00
380.00 167.94
380.06 168.00
380.06 169.00
381.00 169.94
381.06 170.00
382.00 170.94
382.06 171.00
383.00 171.94
383.06 172.00
383.06 173.00
384.00 173.94
384.06 174.00
385.00 174.94
385.06 175.00
386.00 175.94
386.06 176.00
387.00 176.94
388.00 176.94
388.06 177.00
389.00 177.94
389.06 178.00
390.00 178.94
390.06 179.00
391.00 179.94
392.00 179.94
392.06 180.00
393.00 180.94
394.00 180.94
394.06 181.00
395.00 181.94
395.06 182.00
396.00 182.94
397.00 182.94
398.00 182.94
398.06 183.00
399.00 183.94
400.00 183.94
401.00 183.94
402.00 183.94
402.06 184.00
403.00 184.94
404.00 184.94
405.00 184.94
406.00 184.94
407.00 184.94
408.00 184.94
409.00 184.94
410.00 184.94
411.00 184.94
412.00 184.94
413.00 184.94
414.00 184.94
415.00 184.94
416.00 184.94
417.00 184.94
417.94 184.00
418.00 183.94
419.00 183.94
420.00 183.94
421.00 183.94
422.00 183.94
423.00 183.94
424.00 183.94
424.94 183.00
425.00 182.94
426.00 182.94
427.00 182.94
427.94 182.00
428.00 181.94
429.00 181.94
430.00 181.94
430.94 181.00
431.00 180.94
432.00 180.94
432.94 180.00
433.00 179.94
434.00 179.94
434.94 179.00
435.00 178.94
436.00 178.94
436.94 178.00
437.00 177.94
438.00 177.94
438.94 177.00
439.00 176.94
439.94 176.00
440.00 175.94
441.00 175.94
441.94 175.00
442.00 174.94
442.94 174.00
443.00 173.94
443.94 173.00
444.00 172.94
444.94 172.00
445.00 171.94
445.94 171.00
446.00 170.94
446.94 170.00
447.00 169.94
447.94 169.00
448.00 168.94
449.00 168.94
449.94 168.00
449.94 167.00
450.00 166.94
450.94 166.00
451.00 165.94
451.94 165.00
452.00 164.94
452.94 164.00
452.94 163.00
453.00 162.94
453.94 162.00
453.94 161.00
454.00 160.94
454.94 160.00
454.94 159.00
455.00 158.94
455.94 158.00
455.94 157.00
455.94 156.00
456.00 155.94
456.94 155.00
456.94 154.00
456.94 153.00
456.94 152.00
456.94 151.00
456.94 150.00
457.00 149.94
457.94 149.00

Contour 8:
445.94 398.00
445.94 397.00
445.94 396.00
445.00 395.06
444.94 395.00
444.94 394.00
444.94 393.00
444.94 392.00
444.94 391.00
444.94 390.00
444.00 389.06
443.94 389.00
443.94 388.00
443.00 387.06
442.94 387.00
442.94 386.00
442.00 385.06
441.94 385.00
441.94 384.00
441.00 383.06
440.94 383.00
440.94 382.00
440.00 381.06
439.94 381.00
439.00 380.06
438.94 380.00
438.94 379.00
438.00 378.06
437.94 378.00
437.00 377.06
436.94 377.00
436.00 376.06
435.94 376.00
435.00 375.06
434.94 375.00
434.00 374.06
433.00 374.06
432.94 374.00
432.94 373.00
432.00 372.06
431.94 372.00
431.00 371.06
430.00 371.06
429.94 371.00
429.00 370.06
428.00 370.06
427.00 370.06
426.94 370.00
426.00 369.06
425.00 369.06
424.00 369.06
423.94 369.00
423.00 368.06
422.00 368.06
421.00 368.06
420.94 368.00
420.00 367.06
419.00 367.06
418.00 367.06
417.00 367.06
416.00 367.06
415.00 367.06
414.00 367.06
413.00 367.06
412.00 367.06
411.06 368.00
411.00 368.06
410.00 368.06
409.06 369.00
409.00 369.06
408.00 369.06
407.06 370.00
407.00 370.06
406.06 371.00
406.00 371.06
405.06 372.00
405.00 372.06
404.06 373.00
404.00 373.06
403.06 374.00
403.00 374.06
402.06 375.00
402.00 375.06
401.06 376.00
401.00 376.06
400.06 377.00
400.06 378.00
400.00 378.06
399.06 379.00
399.06 380.00
399.00 380.06
398.06 381.00
398.00 381.06
397.06 382.00
397.06 383.00
397.06 384.00
397.00 384.06
396.06 385.00
396.06 386.00
396.06 387.00
396.00 387.06
395.06 388.00
395.06 389.00
395.00 389.06
394.06 390.00
394.06 391.00
394.06 392.00
394.06 393.00
394.06 394.00
394.00 394.06
393.06 395.00
393.06 396.00
393.06 397.00
393.06 398.00
393.06 399.00
393.00 399.06
392.06 400.00
392.06 401.00
392.06 402.00
392.06 403.00
392.00 403.06
391.06 404.00
391.06 405.00
391.06 406.00
391.06 407.00
391.06 408.00
391.06 409.00
391.06 410.00
391.06 411.00
391.06 412.00
391.00 412.06
390.06 413.00
390.06 414.00
390.06 415.00
390.06 416.00
390.06 417.00
391.00 417.94
391.06 418.00
391.06 419.00
391.06 420.00
391.06 421.00
392.00 421.94
392.06 422.00
392.06 423.00
393.00 423.94
393.06 424.00
393.06 425.00
394.00 425.94
394.06 426.00
394.06 427.00
395.00 427.94
395.06 428.00
396.00 428.94
397.00 428.94
397.06 429.00
398.00 429.94
398.06 430.00
399.00 430.94
400.00 430.94
400.06 431.00
401.00 431.94
401.06 432.00
402.00 432.94
403.00 432.94
403.06 433.00
404.00 433.94
405.00 433.94
406.00 433.94
407.00 433.94
408.00 433.94
409.00 433.94
410.00 433.94
410.94 433.00
411.00 432.94
412.00 432.94
412.94 432.00
413.00 431.94
414.00 431.94
414.94 431.00
415.00 430.94
416.00 430.94
416.94 430.00
417.00 429.94
418.00 429.94
419.00 429.94
419.94 429.00
420.00 428.94
421.00 428.94
421.94 428.00
422.00 427.94
423.00 427.94
424.00 427.94
425.00 427.94
425.94 427.00
426.00 426.94
427.00 426.94
427.94 426.00
428.00 425.94
428.94 425.00
429.00 424.94
430.00 424.94
430.94 424.00
431.00 423.94
432.00 423.94
432.94 423.00
433.00 422.94
433.94 422.00
434.00 421.94
434.94 421.00
435.00 420.94
435.94 420.00
436.00 419.94
436.94 419.00
437.00 418.94
437.94 418.00
437.94 417.00
438.00 416.94
438.94 416.00
439.00 415.94
439.94 415.00
439.94 414.00
440.00 413.94
440.94 413.00
441.00 412.94
441.94 412.00
441.94 411.00
442.00 410.94
442.94 410.00
442.94 409.00
443.00 408.94
443.94 408.00
443.94 407.00
443.94 406.00
444.00 405.94
444.94 405.00
444.94 404.00
444.94 403.00
444.94 402.00
444.94 401.00
444.94 400.00
444.94 399.00
445.00 398.94
445.94 398.00

Contour 9:
488.95 245.00
488.95 244.00
488.95 243.00
488.00 242.05
487.95 242.00
487.95 241.00
487.95 240.00
487.95 239.00
487.95 238.00
487.00 237.05
486.95 237.00
486.95 236.00
486.00 235.05
485.95 235.00
485.00 234.05
484.95 234.00
484.95 233.00
484.00 232.05
483.95 232.00
483.00 231.05
482.95 231.00
482.00 230.05
481.95 230.00
481.00 229.05
480.95 229.00
480.00 228.05
479.95 228.00
479.00 227.05
478.95 227.00
478.00 226.05
477.95 226.00
477.00 225.05
476.00 225.05
475.95 225.00
475.00 224.05
474.95 224.00
474.00 223.05
473.00 223.05
472.00 223.05
471.95 223.00
471.00 222.05
470.00 222.05
469.95 222.00
469.00 221.05
468.00 221.05
467.00 221.05
466.00 221.05
465.95 221.00
465.00 220.05
464.00 220.05
463.95 220.00
463.00 219.05
462.00 219.05
461.00 219.05
460.95 219.00
460.00 218.05
459.00 218.05
458.00 218.05
457.00 218.05
456.00 218.05
455.00 218.05
454.95 218.00
454.00 217.05
453.00 217.05
452.00 217.05
451.00 217.05
450.00 217.05
449.00 217.05
448.00 217.05
447.00 217.05
446.00 217.05
445.05 218.00
445.00 218.05
444.00 218.05
443.00 218.05
442.00 218.05
441.00 218.05
440.00 218.05
439.05 219.00
439.00 219.05
438.00 219.05
437.00 219.05
436.00 219.05
435.05 220.00
435.00 220.05
434.00 220.05
433.00 220.05
432.05 221.00
432.00 221.05
431.00 221.05
430.05 222.00
430.00 222.05
429.00 222.05
428.00 222.05
427.05 223.00
427.00 223.05
426.00 223.05
425.05 224.00
425.00 224.05
424.00 224.05
423.05 225.00
423.00 225.05
422.00 225.05
421.05 226.00
421.00 226.05
420.05 227.00
420.00 227.05
419.00 227.05
418.05 228.00
418.00 228.05
417.05 229.00
417.00 229.05
416.00 229.05
415.05 230.00
415.00 230.05
414.00 230.05
413.05 231.00
413.00 231.05
412.05 232.00
412.00 232.05
411.00 232.05
410.05 233.00
410.00 233.05
409.00 233.05
408.05 234.00
408.00 234.05
407.05 235.00
407.00 235.05
406.00 235.05
405.05 236.00
405.00 236.05
404.05 237.00
404.00 237.05
403.05 238.00
403.00 238.05
402.00 238.05
401.05 239.00
401.05 240.00
401.00 240.05
400.05 241.00
400.00 241.05
399.05 242.00
399.05 243.00
399.00 243.05
398.05 244.00
398.05 245.00
398.00 245.05
397.05 246.00
397.05 247.00
397.05 248.00
397.00 248.05
396.05 249.00
396.05 250.00
396.05 251.00
396.05 252.00
396.00 252.05
395.05 253.00
395.05 254.00
395.05 255.00
395.05 256.00
395.05 257.00
395.05 258.00
395.05 259.00
396.00 259.95
396.05 260.00
396.05 261.00
396.05 262.00
396.05 263.00
397.00 263.95
397.05 264.00
397.05 265.00
398.00 265.95
398.05 266.00
398.05 267.00
399.00 267.95
399.05 268.00
399.05 269.00
400.00 269.95
400.05 270.00
400.05 271.00
401.00 271.95
401.05 272.00
402.00 272.95
402.05 273.00
403.00 273.95
403.05 274.00
403.05 275.00
404.00 275.95
404.05 276.00
405.00 276.95
405.05 277.00
406.00 277.95
406.05 278.00
407.00 278.95
407.05 279.00
408.00 279.95
408.05 280.00
409.00 280.95
410.00 280.95
410.05 281.00
411.00 281.95
412.00 281.95
412.05 282.00
413.00 282.95
414.00 282.95
414.05 283.00
415.00 283.95
416.00 283.95
416.05 284.00
417.00 284.95
418.00 284.95
419.00 284.95
419.05 285.00
420.00 285.95
421.00 285.95
422.00 285.95
423.00 285.95
423.05 286.00
424.00 286.95
425.00 286.95
426.00 286.95
427.00 286.95
428.00 286.95
429.00 286.95
430.00 286.95
431.00 286.95
432.00 286.95
433.00 286.95
433.05 287.00
434.00 287.95
435.00 287.95
436.00 287.95
437.00 287.95
438.00 287.95
439.00 287.95
440.00 287.95
440.95 287.00
441.00 286.95
442.00 286.95
443.00 286.95
444.00 286.95
445.00 286.95
446.00 286.95
447.00 286.95
447.95 286.00
448.00 285.95
449.00 285.95
450.00 285.95
451.00 285.95
452.00 285.95
453.00 285.95
453.95 285.00
454.00 284.95
455.00 284.95
455.95 284.00
456.00 283.95
457.00 283.95
458.00 283.95
459.00 283.95
459.95 283.00
460.00 282.95
461.00 282.95
462.00 282.95
462.95 282.00
463.00 281.95
463.95 281.00
464.00 280.95
465.00 280.95
465.95 280.00
466.00 279.95
467.00 279.95
467.95 279.00
468.00 278.95
469.00 278.95
469.95 278.00
470.00 277.95
471.00 277.95
471.95 277.00
472.00 276.95
472.95 276.00
473.00 275.95
473.95 275.00
474.00 274.95
475.00 274.95
475.95 274.00
476.00 273.95
476.95 273.00
477.00 272.95
477.95 272.00
478.00 271.95
478.95 271.00
479.00 270.95
479.95 270.00
480.00 269.95
480.95 269.00
480.95 268.00
481.00 267.95
481.95 267.00
482.00 266.95
482.95 266.00
482.95 265.00
483.00 264.95
483.95 264.00
483.95 263.00
484.00 262.95
484.95 262.00
484.95 261.00
485.00 260.95
485.95 260.00
485.95 259.00
485.95 258.00
486.00 257.95
486.95 257.00
486.95 256.00
486.95 255.00
486.95 254.00
487.00 253.95
487.95 253.00
487.95 252.00
487.95 251.00
487.95 250.00
487.95 249.00
487.95 248.00
487.95 247.00
487.95 246.00
488.00 245.95
488.95 245.00

Contour 10:
489.95 480.00
489.95 479.00
489.95 478.00
489.95 477.00
489.95 476.00
489.95 475.00
489.95 474.00
489.95 473.00
489.00 472.05
488.95 472.00
488.95 471.00
488.95 470.00
488.00 469.05
487.95 469.00
487.95 468.00
487.00 467.05
486.95 467.00
486.00 466.05
485.95 466.00
485.00 465.05
484.95 465.00
484.00 464.05
483.95 464.00
483.00 463.05
482.95 463.00
482.00 462.05
481.95 462.00
481.00 461.05
480.00 461.05
479.00 461.05
478.95 461.00
478.00 460.05
477.00 460.05
476.00 460.05
475.00 460.05
474.00 460.05
473.00 460.05
472.00 460.05
471.00 460.05
470.00 460.05
469.05 461.00
469.00 461.05
468.00 461.05
467.00 461.05
466.00 461.05
465.00 461.05
464.05 462.00
464.00 462.05
463.00 462.05
462.00 462.05
461.00 462.05
460.00 462.05
459.00 462.05
458.00 462.05
457.05 463.00
457.00 463.05
456.00 463.05
455.00 463.05
454.05 464.00
454.00 464.05
453.00 464.05
452.00 464.05
451.05 465.00
451.00 465.05
450.00 465.05
449.00 465.05
448.00 465.05
447.05 466.00
447.00 466.05
446.00 466.05
445.00 466.05
444.05 467.00
444.00 467.05
443.00 467.05
442.00 467.05
441.05 468.00
441.00 468.05
440.00 468.05
439.00 468.05
438.05 469.00
438.00 469.05
437.00 469.05
436.00 469.05
435.05 470.00
435.00 470.05
434.00 470.05
433.05 471.00
433.00 471.05
432.00 471.05
431.05 472.00
431.00 472.05
430.05 473.00
430.00 473.05
429.05 474.00
429.00 474.05
428.05 475.00
428.00 475.05
427.05 476.00
427.05 477.00
427.00 477.05
426.05 478.00
426.05 479.00
426.00 479.05
425.05 480.00
425.05 481.00
425.05 482.00
425.05 483.00
425.05 484.00
425.00 484.05
424.05 485.00
424.05 486.00
424.05 487.00
424.05 488.00
424.05 489.00
424.05 490.00
424.05 491.00
425.00 491.95
425.05 492.00
425.05 493.00
426.00 493.95
426.05 494.00
426.05 495.00
427.00 495.95
427.05 496.00
428.00 496.95
428.05 497.00
429.00 497.95
429.05 498.00
430.00 498.95
430.05 499.00
431.00 499.95
431.05 500.00
432.00 500.95
432.05 501.00
433.00 501.95
434.00 501.95
434.05 502.00
435.00 502.95
436.00 502.95
436.05 503.00
437.00 503.95
438.00 503.95
439.00 503.95
440.00 503.95
441.00 503.95
442.00 503.95
443.00 503.95
444.00 503.95
445.00 503.95
446.00 503.95
447.00 503.95
448.00 503.95
449.00 503.95
450.00 503.95
451.00 503.95
452.00 503.95
453.00 503.95
453.95 503.00
454.00 502.95
455.00 502.95
456.00 502.95
457.00 502.95
458.00 502.95
459.00 502.95
460.00 502.95
461.00 502.95
462.00 502.95
462.95 502.00
463.00 501.95
464.00 501.95
465.00 501.95
466.00 501.95
467.00 501.95
468.00 501.95
468.95 501.00
469.00 500.95
470.00 500.95
471.00 500.95
471.95 500.00
472.00 499.95
473.00 499.95
473.95 499.00
474.00 498.95
475.00 498.95
476.00 498.95
476.95 498.00
477.00 497.95
477.95 497.00
478.00 496.95
479.00 496.95
479.95 496.00
480.00 495.95
480.95 495.00
481.00 494.95
481.95 494.00
482.00 493.95
482.95 493.00
483.00 492.95
483.95 492.00
484.00 491.95
484.95 491.00
485.00 490.95
485.95 490.00
486.00 489.95
486.95 489.00
486.95 488.00
487.00 487.95
487.95 487.00
487.95 486.00
488.00 485.95
488.95 485.00
488.95 484.00
488.95 483.00
488.95 482.00
488.95 481.00
489.00 480.95
489.95 480.00

Contour 11:
523.96 702.00
523.96 701.00
523.96 700.00
523.96 699.00
523.96 698.00
523.96 697.00
523.96 696.00
523.96 695.00
523.96 694.00
523.96 693.00
523.96 692.00
523.96 691.00
523.96 690.00
523.96 689.00
523.96 688.00
523.96 687.00
523.00 686.04
522.96 686.00
522.96 685.00
522.96 684.00
522.96 683.00
522.00 682.04
521.96 682.00
521.96 681.00
521.00 680.04
520.96 680.00
520.96 679.00
520.00 678.04
519.96 678.00
519.00 677.04
518.96 677.00
518.00 676.04
517.96 676.00
517.00 675.04
516.96 675.00
516.00 674.04
515.96 674.00
515.00 673.04
514.00 673.04
513.96 673.00
513.00 672.04
512.96 672.00
512.00 671.04
511.00 671.04
510.96 671.00
510.00 670.04
509.96 670.00
509.00 669.04
508.00 669.04
507.00 669.04
506.96 669.00
506.00 668.04
505.00 668.04
504.96 668.00
504.00 667.04
503.00 667.04
502.00 667.04
501.00 667.04
500.96 667.00
500.00 666.04
499.00 666.04
498.00 666.04
497.00 666.04
496.00 666.04
495.00 666.04
494.00 666.04
493.00 666.04
492.04 667.00
492.00 667.04
491.00 667.04
490.00 667.04
489.00 667.04
488.04 668.00
488.00 668.04
487.00 668.04
486.00 668.04
485.04 669.00
485.00 669.04
484.00 669.04
483.00 669.04
482.04 670.00
482.00 670.04
481.00 670.04
480.00 670.04
479.04 671.00
479.00 671.04
478.00 671.04
477.04 672.00
477.00 672.04
476.00 672.04
475.00 672.04
474.04 673.00
474.00 673.04
473.04 674.00
473.00 674.04
472.04 675.00
472.00 675.04
471.00 675.04
470.04 676.00
470.00 676.04
469.04 677.00
469.00 677.04
468.04 678.00
468.00 678.04
467.04 679.00
467.00 679.04
466.04 680.00
466.04 681.00
466.00 681.04
465.04 682.00
465.04 683.00
465.00 683.04
464.04 684.00
464.04 685.00
464.00 685.04
463.04 686.00
463.04 687.00
463.04 688.00
463.00 688.04
462.04 689.00
462.04 690.00
462.04 691.00
462.04 692.00
462.04 693.00
462.00 693.04
461.04 694.00
461.04 695.00
461.04 696.00
461.04 697.00
461.04 698.00
461.04 699.00
461.04 700.00
461.04 701.00
461.04 702.00
461.04 703.00
461.04 704.00
461.04 705.00
461.04 706.00
462.00 706.96
462.04 707.00
462.04 708.00
462.04 709.00
462.04 710.00
462.04 711.00
463.00 711.96
463.04 712.00
463.04 713.00
463.04 714.00
464.00 714.96
464.04 715.00
464.04 716.00
465.00 716.96
465.04 717.00
465.04 718.00
466.00 718.96
466.04 719.00
467.00 719.96
467.04 720.00
468.00 720.96
468.04 721.00
468.04 722.00
469.00 722.96
469.04 723.00
470.00 723.96
470.04 724.00
471.00 724.96
472.00 724.96
472.04 725.00
473.00 725.96
473.04 726.00
474.00 726.96
475.00 726.96
475.04 727.00
476.00 727.96
477.00 727.96
477.04 728.00
478.00 728.96
479.00 728.96
479.04 729.00
480.00 729.96
481.00 729.96
481.04 730.00
482.00 730.96
483.00 730.96
484.00 730.96
485.00 730.96
485.04 731.00
486.00 731.96
487.00 731.96
488.00 731.96
489.00 731.96
490.00 731.96
490.96 731.00
491.00 730.96
492.00 730.96
493.00 730.96
493.96 730.00
494.00 729.96
495.00 729.96
495.96 729.00
496.00 728.96
497.00 728.96
498.00 728.96
498.96 728.00
499.00 727.96
500.00 727.96
500.96 727.00
501.00 726.96
502.00 726.96
502.96 726.00
503.00 725.96
503.96 725.00
504.00 724.96
505.00 724.96
505.96 724.00
506.00 723.96
506.96 723.00
507.00 722.96
507.96 722.00
508.00 721.96
509.00 721.96
509.96 721.00
510.00 720.96
510.96 720.00
511.00 719.96
512.00 719.96
512.96 719.00
513.00 718.96
513.96 718.00
514.00 717.96
514.96 717.00
515.00 716.96
515.96 716.00
516.00 715.96
516.96 715.00
517.00 714.96
517.96 714.00
518.00 713.96
518.96 713.00
519.00 712.96
519.96 712.00
519.96 711.00
520.00 710.96
520.96 710.00
520.96 709.00
521.00 708.96
521.96 708.00
521.96 707.00
521.96 706.00
522.00 705.96
522.96 705.00
522.96 704.00
522.96 703.00
523.00 702.96
523.96 702.00

Contour 12:
550.96 454.00
550.96 453.00
550.96 452.00
550.96 451.00
550.96 450.00
550.96 449.00
550.96 448.00
550.96 447.00
550.96 446.00
550.00 445.04
549.96 445.00
549.96 444.00
549.96 443.00
549.00 442.04
548.96 442.00
548.96 441.00
548.00 440.04
547.96 440.00
547.96 439.00
547.00 438.04
546.96 438.00
546.00 437.04
545.96 437.00
545.96 436.00
545.00 435.04
544.96 435.00
544.00 434.04
543.96 434.00
543.00 433.04
542.96 433.00
542.96 432.00
542.00 431.04
541.96 431.00
541.00 430.04
540.96 430.00
540.00 429.04
539.96 429.00
539.00 428.04
538.96 428.00
538.00 427.04
537.96 427.00
537.00 426.04
536.96 426.00
536.00 425.04
535.96 425.00
535.00 424.04
534.00 424.04
533.96 424.00
533.00 423.04
532.00 423.04
531.96 423.00
531.00 422.04
530.00 422.04
529.96 422.00
529.00 421.04
528.00 421.04
527.96 421.00
527.00 420.04
526.00 420.04
525.00 420.04
524.00 420.04
523.96 420.00
523.00 419.04
522.00 419.04
521.00 419.04
520.00 419.04
519.00 419.04
518.00 419.04
517.00 419.04
516.00 419.04
515.04 420.00
515.00 420.04
514.00 420.04
513.00 420.04
512.00 420.04
511.04 421.00
511.00 421.04
510.00 421.04
509.04 422.00
509.00 422.04
508.00 422.04
507.04 423.00
507.00 423.04
506.00 423.04
505.04 424.00
505.00 424.04
504.04 425.00
504.00 425.04
503.00 425.04
502.04 426.00
502.00 426.04
501.04 427.00
501.00 427.04
500.04 428.00
500.00 428.04
499.04 429.00
499.00 429.04
498.04 430.00
498.04 431.00
498.00 431.04
497.04 432.00
497.00 432.04
496.04 433.00
496.00 433.04
495.04 434.00
495.04 435.00
495.00 435.04
494.04 436.00
494.04 437.00
494.00 437.04
493.04 438.00
493.04 439.00
493.00 439.04
492.04 440.00
492.04 441.00
492.04 442.00
492.00 442.04
491.04 443.00
491.04 444.00
491.04 445.00
491.00 445.04
490.04 446.00
490.04 447.00
490.04 448.00
490.04 449.00
490.04 450.00
490.04 451.00
490.04 452.00
490.04 453.00
490.04 454.00
491.00 454.96
491.04 455.00
491.04 456.00
491.04 457.00
491.04 458.00
491.04 459.00
491.04 460.00
491.04 461.00
491.04 462.00
492.00 462.96
492.04 463.00
492.04 464.00
492.04 465.00
493.00 465.96
493.04 466.00
493.04 467.00
493.04 468.00
494.00 468.96
494.04 469.00
494.04 470.00
495.00 470.96
495.04 471.00
495.04 472.00
496.00 472.96
496.04 473.00
497.00 473.96
497.04 474.00
498.00 474.96
498.04 475.00
499.00 475.96
500.00 475.96
500.04 476.00
501.00 476.96
501.04 477.00
502.00 477.96
502.04 478.00
503.00 478.96
504.00 478.96
504.04 479.00
505.00 479.96
506.00 479.96
506.04 480.00
507.00 480.96
508.00 480.96
509.00 480.96
509.04 481.00
510.00 481.96
511.00 481.96
512.00 481.96
513.00 481.96
513.04 482.00
514.00 482.96
515.00 482.96
516.00 482.96
517.00 482.96
518.00 482.96
519.00 482.96
520.00 482.96
521.00 482.96
522.00 482.96
523.00 482.96
524.00 482.96
525.00 482.96
526.00 482.96
527.00 482.96
527.96 482.00
528.00 481.96
529.00 481.96
530.00 481.96
531.00 481.96
531.96 481.00
532.00 480.96
533.00 480.96
533.96 480.00
534.00 479.96
535.00 479.96
535.96 479.00
536.00 478.96
536.96 478.00
537.00 477.96
537.96 477.00
538.00 476.96
538.96 476.00
539.00 475.96
539.96 475.00
540.00 474.96
540.96 474.00
541.00 473.96
541.96 473.00
542.00 472.96
542.96 472.00
543.00 471.96
543.96 471.00
544.00 470.96
544.96 470.00
545.00 469.96
545.96 469.00
545.96 468.00
546.00 467.96
546.96 467.00
546.96 466.00
547.00 465.96
547.96 465.00
547.96 464.00
547.96 463.00
548.00 462.96
548.96 462.00
548.96 461.00
549.00 460.96
549.96 460.00
549.96 459.00
549.96 458.00
549.96 457.00
549.96 456.00
549.96 455.00
550.00 454.96
550.96 454.00

Contour 13:
556.96 329.00
556.96 328.00
556.96 327.00
556.96 326.00
556.96 325.00
556.96 324.00
556.96 323.00
556.96 322.00
556.96 321.00
556.96 320.00
556.00 319.04
555.96 319.00
555.96 318.00
555.00 317.04
554.96 317.00
554.96 316.00
554.96 315.00
554.00 314.04
553.96 314.00
553.96 313.00
553.00 312.04
552.96 312.00
552.96 311.00
552.00 310.04
551.96 310.00
551.00 309.04
550.96 309.00
550.96 308.00
550.00 307.04
549.96 307.00
549.00 306.04
548.96 306.00
548.00 305.04
547.96 305.00
547.00 304.04
546.96 304.00
546.00 303.04
545.96 303.00
545.00 302.04
544.96 302.00
544.00 301.04
543.96 301.00
543.00 300.04
542.96 300.00
542.00 299.04
541.96 299.00
541.00 298.04
540.96 298.00
540.00 297.04
539.00 297.04
538.96 297.00
538.00 296.04
537.96 296.00
537.00 295.04
536.00 295.04
535.96 295.00
535.00 294.04
534.00 294.04
533.00 294.04
532.96 294.00
532.00 293.04
531.00 293.04
530.00 293.04
529.00 293.04
528.00 293.04
527.00 293.04
526.00 293.04
525.00 293.04
524.00 293.04
523.00 293.04
522.00 293.04
521.00 293.04
520.00 293.04
519.00 293.04
518.00 293.04
517.04 294.00
517.00 294.04
516.00 294.04
515.00 294.04
514.04 295.00
514.00 295.04
513.00 295.04
512.04 296.00
512.00 296.04
511.00 296.04
510.04 297.00
510.00 297.04
509.04 298.00
509.00 298.04
508.00 298.04
507.04 299.00
507.00 299.04
506.04 300.00
506.00 300.04
505.04 301.00
505.04 302.00
505.00 302.04
504.04 303.00
504.00 303.04
503.04 304.00
503.04 305.00
503.00 305.04
502.04 306.00
502.04 307.00
502.04 308.00
502.00 308.04
501.04 309.00
501.04 310.00
501.00 310.04
500.04 311.00
500.04 312.00
500.04 313.00
500.04 314.00
500.04 315.00
500.04 316.00
500.04 317.00
500.04 318.00
500.00 318.04
499.04 319.00
499.04 320.00
499.04 321.00
499.04 322.00
499.04 323.00
499.04 324.00
499.04 325.00
499.04 326.00
499.04 327.00
500.00 327.96
500.04 328.00
500.04 329.00
500.04 330.00
501.00 330.96
501.04 331.00
501.04 332.00
502.00 332.96
502.04 333.00
502.04 334.00
503.00 334.96
503.04 335.00
503.04 336.00
504.00 336.96
504.04 337.00
505.00 337.96
505.04 338.00
505.04 339.00
506.00 339.96
506.04 340.00
507.00 340.96
507.04 341.00
508.00 341.96
508.04 342.00
508.04 343.00
509.00 343.96
509.04 344.00
510.00 344.96
510.04 345.00
511.00 345.96
511.04 346.00
512.00 346.96
512.04 347.00
513.00 347.96
513.04 348.00
513.04 349.00
514.00 349.96
514.04 350.00
515.00 350.96
515.04 351.00
516.00 351.96
517.00 351.96
517.04 352.00
518.00 352.96
518.04 353.00
519.00 353.96
520.00 353.96
520.04 354.00
521.00 354.96
522.00 354.96
522.04 355.00
523.00 355.96
524.00 355.96
525.00 355.96
526.00 355.96
527.00 355.96
528.00 355.96
528.04 356.00
529.00 356.96
530.00 356.96
531.00 356.96
532.00 356.96
533.00 356.96
533.96 356.00
534.00 355.96
535.00 355.96
536.00 355.96
537.00 355.96
537.96 355.00
538.00 354.96
539.00 354.96
539.96 354.00
540.00 353.96
541.00 353.96
541.96 353.00
542.00 352.96
542.96 352.00
543.00 351.96
543.96 351.00
544.00 350.96
544.96 350.00
545.00 349.96
545.96 349.00
546.00 348.96
546.96 348.00
547.00 347.96
547.96 347.00
548.00 346.96
548.96 346.00
549.00 345.96
549.96 345.00
550.00 344.96
550.96 344.00
550.96 343.00
551.00 342.96
551.96 342.00
552.00 341.96
552.96 341.00
552.96 340.00
553.00 339.96
553.96 339.00
553.96 338.00
554.00 337.96
554.96 337.00
554.96 336.00
554.96 335.00
555.00 334.96
555.96 334.00
555.96 333.00
555.96 332.00
555.96 331.00
555.96 330.00
556.00 329.96
556.96 329.00

Contour 14:
563.97 537.00
563.97 536.00
563.97 535.00
563.00 534.03
562.97 534.00
562.97 533.00
562.97 532.00
562.97 531.00
562.97 530.00
562.00 529.03
561.97 529.00
561.97 528.00
561.97 527.00
561.00 526.03
560.97 526.00
560.97 525.00
560.97 524.00
560.00 523.03
559.97 523.00
559.97 522.00
559.00 521.03
558.97 521.00
558.97 520.00
558.00 519.03
557.97 519.00
557.97 518.00
557.00 517.03
556.97 517.00
556.97 516.00
556.00 515.03
555.00 515.03
554.97 515.00
554.97 514.00
554.00 513.03
553.00 513.03
552.97 513.00
552.00 512.03
551.97 512.00
551.00 511.03
550.00 511.03
549.97 511.00
549.00 510.03
548.00 510.03
547.00 510.03
546.97 510.00
546.00 509.03
545.00 509.03
544.00 509.03
543.00 509.03
542.00 509.03
541.97 509.00
541.00 508.03
540.00 508.03
539.03 509.00
539.00 509.03
538.00 509.03
537.00 509.03
536.00 509.03
535.00 509.03
534.00 509.03
533.03 510.00
533.00 510.03
532.00 510.03
531.00 510.03
530.03 511.00
530.00 511.03
529.00 511.03
528.00 511.03
527.03 512.00
527.00 512.03
526.00 512.03
525.00 512.03
524.03 513.00
524.00 513.03
523.00 513.03
522.03 514.00
522.00 514.03
521.00 514.03
520.03 515.00
520.00 515.03
519.03 516.00
519.00 516.03
518.00 516.03
517.03 517.00
517.00 517.03
516.03 518.00
516.00 518.03
515.03 519.00
515.00 519.03
514.03 520.00
514.00 520.03
513.03 521.00
513.00 521.03
512.03 522.00
512.00 522.03
511.03 523.00
511.03 524.00
511.00 524.03
510.03 525.00
510.00 525.03
509.03 526.00
509.03 527.00
509.00 527.03
508.03 528.00
508.03 529.00
508.00 529.03
507.03 530.00
507.03 531.00
507.03 532.00
507.00 532.03
506.03 533.00
506.03 534.00
506.03 535.00
506.03 536.00
506.03 537.00
506.00 537.03
505.03 538.00
505.03 539.00
505.03 540.00
505.03 541.00
505.03 542.00
505.03 543.00
505.03 544.00
505.03 545.00
505.03 546.00
505.03 547.00
506.00 547.97
506.03 548.00
506.03 549.00
506.03 550.00
506.03 551.00
507.00 551.97
507.03 552.00
507.03 553.00
507.03 554.00
507.03 555.00
508.00 555.97
508.03 556.00
508.03 557.00
509.00 557.97
509.03 558.00
510.00 558.97
510.03 559.00
510.03 560.00
511.00 560.97
511.03 561.00
511.03 562.00
512.00 562.97
512.03 563.00
513.00 563.97
513.03 564.00
514.00 564.97
514.03 565.00
515.00 565.97
515.03 566.00
516.00 566.97
517.00 566.97
517.03 567.00
518.00 567.97
519.00 567.97
520.00 567.97
520.03 568.00
521.00 568.97
522.00 568.97
523.00 568.97
523.03 569.00
524.00 569.97
525.00 569.97
526.00 569.97
527.00 569.97
528.00 569.97
529.00 569.97
529.03 570.00
530.00 570.97
531.00 570.97
532.00 570.97
532.97 570.00
533.00 569.97
534.00 569.97
535.00 569.97
536.00 569.97
537.00 569.97
537.97 569.00
538.00 568.97
539.00 568.97
539.97 568.00
540.00 567.97
541.00 567.97
541.97 567.00
542.00 566.97
543.00 566.97
543.97 566.00
544.00 565.97
545.00 565.97
545.97 565.00
546.00 564.97
546.97 564.00
547.00 563.97
547.97 563.00
548.00 562.97
548.97 562.00
549.00 561.97
549.97 561.00
550.00 560.97
550.97 560.00
551.00 559.97
551.97 559.00
552.00 558.97
552.97 558.00
553.00 557.97
553.97 557.00
554.00 556.97
554.97 556.00
554.97 555.00
555.00 554.97
555.97 554.00
556.00 553.97
556.97 553.00
557.00 552.97
557.97 552.00
557.97 551.00
558.00 550.97
558.97 550.00
558.97 549.00
559.00 548.97
559.97 548.00
559.97 547.00
560.00 546.97
560.97 546.00
560.97 545.00
561.00 544.97
561.97 544.00
561.97 543.00
562.00 542.97
562.97 542.00
562.97 541.00
562.97 540.00
562.97 539.00
562.97 538.00
563.00 537.97
563.97 537.00

Contour 15:
607.97 640.00
607.97 639.00
607.97 638.00
607.97 637.00
607.97 636.00
607.97 635.00
607.97 634.00
607.97 633.00
607.97 632.00
607.00 631.03
606.97 631.00
606.97 630.00
606.97 629.00
606.97 628.00
606.97 627.00
606.00 626.03
605.97 626.00
605.97 625.00
605.00 624.03
604.97 624.00
604.97 623.00
604.00 622.03
603.97 622.00
603.00 621.03
602.97 621.00
602.00 620.03
601.97 620.00
601.97 619.00
601.00 618.03
600.97 618.00
600.00 617.03
599.97 617.00
599.00 616.03
598.00 616.03
597.97 616.00
597.00 615.03
596.97 615.00
596.00 614.03
595.00 614.03
594.97 614.00
594.00 613.03
593.97 613.00
593.00 612.03
592.00 612.03
591.97 612.00
591.00 611.03
590.00 611.03
589.97 611.00
589.00 610.03
588.00 610.03
587.00 610.03
586.97 610.00
586.00 609.03
585.00 609.03
584.00 609.03
583.97 609.00
583.00 608.03
582.00 608.03
581.00 608.03
580.00 608.03
579.97 608.00
579.00 607.03
578.00 607.03
577.03 608.00
577.00 608.03
576.00 608.03
575.00 608.03
574.00 608.03
573.00 608.03
572.03 609.00
572.00 609.03
571.00 609.03
570.00 609.03
569.00 609.03
568.03 610.00
568.00 610.03
567.00 610.03
566.00 610.03
565.03 611.00
565.00 611.03
564.00 611.03
563.03 612.00
563.00 612.03
562.00 612.03
561.03 613.00
561.00 613.03
560.00 613.03
559.03 614.00
559.00 614.03
558.03 615.00
558.00 615.03
557.03 616.00
557.00 616.03
556.00 616.03
555.03 617.00
555.00 617.03
554.03 618.00
554.00 618.03
553.03 619.00
553.00 619.03
552.03 620.00
552.00 620.03
551.03 621.00
551.03 622.00
551.00 622.03
550.03 623.00
550.00 623.03
549.03 624.00
549.00 624.03
548.03 625.00
548.03 626.00
548.00 626.03
547.03 627.00
547.03 628.00
547.00 628.03
546.03 629.00
546.00 629.03
545.03 630.00
545.03 631.00
545.00 631.03
544.03 632.00
544.00 632.03
543.03 633.00
543.03 634.00
543.00 634.03
542.03 635.00
542.03 636.00
542.03 637.00
542.03 638.00
542.03 639.00
542.00 639.03
541.03 640.00
541.03 641.00
541.03 642.00
541.03 643.00
542.00 643.97
542.03 644.00
542.03 645.00
542.03 646.00
542.03 647.00
542.03 648.00
542.03 649.00
542.03 650.00
543.00 650.97
543.03 651.00
543.03 652.00
543.03 653.00
544.00 653.97
544.03 654.00
545.00 654.97
545.03 655.00
545.03 656.00
546.00 656.97
546.03 657.00
547.00 657.97
547.03 658.00
547.03 659.00
548.00 659.97
548.03 660.00
548.03 661.00
549.00 661.97
549.03 662.00
550.00 662.97
550.03 663.00
550.03 664.00
551.00 664.97
551.03 665.00
552.00 665.97
552.03 666.00
553.00 666.97
553.03 667.00
554.00 667.97
554.03 668.00
555.00 668.97
555.03 669.00
556.00 669.97
557.00 669.97
557.03 670.00
558.00 670.97
559.00 670.97
559.03 671.00
560.00 671.97
561.00 671.97
561.03 672.00
562.00 672.97
563.00 672.97
564.00 672.97
564.03 673.00
565.00 673.97
566.00 673.97
567.00 673.97
567.03 674.00
568.00 674.97
569.00 674.97
570.00 674.97
571.00 674.97
572.00 674.97
573.00 674.97
574.00 674.97
575.00 674.97
576.00 674.97
576.97 674.00
577.00 673.97
578.00 673.97
579.00 673.97
580.00 673.97
581.00 673.97
581.97 673.00
582.00 672.97
583.00 672.97
584.00 672.97
584.97 672.00
585.00 671.97
586.00 671.97
587.00 671.97
587.97 671.00
588.00 670.97
589.00 670.97
589.97 670.00
590.00 669.97
590.97 669.00
591.00 668.97
591.97 668.00
592.00 667.97
592.97 667.00
593.00 666.97
593.97 666.00
594.00 665.97
594.97 665.00
594.97 664.00
595.00 663.97
595.97 663.00
596.00 662.97
596.97 662.00
597.00 661.97
597.97 661.00
597.97 660.00
598.00 659.97
598.97 659.00
598.97 658.00
599.00 657.97
599.97 657.00
600.00 656.97
600.97 656.00
600.97 655.00
601.00 654.97
601.97 654.00
601.97 653.00
602.00 652.97
602.97 652.00
602.97 651.00
603.00 650.97
603.97 650.00
603.97 649.00
604.00 648.97
604.97 648.00
604.97 647.00
605.00 646.97
605.97 646.00
605.97 645.00
606.00 644.97
606.97 644.00
606.97 643.00
606.97 642.00
606.97 641.00
607.00 640.97
607.97 640.00

Contour 16:
655.97 331.00
655.97 330.00
655.97 329.00
655.97 328.00
655.97 327.00
655.97 326.00
655.97 325.00
655.97 324.00
655.97 323.00
655.97 322.00
655.97 321.00
655.97 320.00
655.00 319.03
654.97 319.00
654.97 318.00
654.00 317.03
653.97 317.00
653.97 316.00
653.00 315.03
652.97 315.00
652.00 314.03
651.97 314.00
651.97 313.00
651.00 312.03
650.97 312.00
650.00 311.03
649.97 311.00
649.00 310.03
648.97 310.00
648.97 309.00
648.00 308.03
647.97 308.00
647.00 307.03
646.97 307.00
646.00 306.03
645.97 306.00
645.00 305.03
644.97 305.00
644.00 304.03
643.97 304.00
643.00 303.03
642.00 303.03
641.97 303.00
641.00 302.03
640.97 302.00
640.00 301.03
639.00 301.03
638.97 301.00
638.00 300.03
637.00 300.03
636.97 300.00
636.00 299.03
635.00 299.03
634.97 299.00
634.00 298.03
633.00 298.03
632.97 298.00
632.00 297.03
631.00 297.03
630.00 297.03
629.97 297.00
629.00 296.03
628.00 296.03
627.00 296.03
626.00 296.03
625.00 296.03
624.00 296.03
623.00 296.03
622.00 296.03
621.00 296.03
620.00 296.03
619.00 296.03
618.00 296.03
617.00 296.03
616.00 296.03
615.00 296.03
614.00 296.03
613.03 297.00
613.00 297.03
612.00 297.03
611.00 297.03
610.00 297.03
609.03 298.00
609.00 298.03
608.00 298.03
607.00 298.03
606.03 299.00
606.00 299.03
605.00 299.03
604.03 300.00
604.00 300.03
603.03 301.00
603.00 301.03
602.00 301.03
601.03 302.00
601.00 302.03
600.03 303.00
600.00 303.03
599.03 304.00
599.00 304.03
598.03 305.00
598.00 305.03
597.03 306.00
597.00 306.03
596.03 307.00
596.00 307.03
595.03 308.00
595.03 309.00
595.00 309.03
594.03 310.00
594.00 310.03
593.03 311.00
593.03 312.00
593.00 312.03
592.03 313.00
592.03 314.00
592.03 315.00
592.03 316.00
592.00 316.03
591.03 317.00
591.03 318.00
591.03 319.00
591.03 320.00
591.03 321.00
591.03 322.00
591.03 323.00
591.03 324.00
592.00 324.97
592.03 325.00
592.03 326.00
592.03 327.00
592.03 328.00
592.03 329.00
592.03 330.00
593.00 330.97
593.03 331.00
593.03 332.00
593.03 333.00
594.00 333.97
594.03 334.00
594.03 335.00
595.00 335.97
595.03 336.00
596.00 336.97
596.03 337.00
596.03 338.00
597.00 338.97
597.03 339.00
598.00 339.97
598.03 340.00
599.00 340.97
599.03 341.00
600.00 341.97
600.03 342.00
601.00 342.97
601.03 343.00
602.00 343.97
602.03 344.00
603.00 344.97
603.03 345.00
604.00 345.97
605.00 345.97
605.03 346.00
606.00 346.97
606.03 347.00
607.00 347.97
608.00 347.97
609.00 347.97
609.03 348.00
610.00 348.97
611.00 348.97
612.00 348.97
613.00 348.97
614.00 348.97
614.03 349.00
615.00 349.97
616.00 349.97
617.00 349.97
618.00 349.97
619.00 349.97
620.00 349.97
621.00 349.97
622.00 349.97
623.00 349.97
624.00 349.97
625.00 349.97
626.00 349.97
627.00 349.97
628.00 349.97
629.00 349.97
630.00 349.97
631.00 349.97
632.00 349.97
633.00 349.97
634.00 349.97
635.00 349.97
635.97 349.00
636.00 348.97
637.00 348.97
638.00 348.97
639.00 348.97
639.97 348.00
640.00 347.97
641.00 347.97
642.00 347.97
642.97 347.00
643.00 346.97
643.97 346.00
644.00 345.97
645.00 345.97
645.97 345.00
646.00 344.97
647.00 344.97
647.97 344.00
648.00 343.97
648.97 343.00
649.00 342.97
649.97 342.00
650.00 341.97
650.97 341.00
650.97 340.00
651.00 339.97
651.97 339.00
652.00 338.97
652.97 338.00
652.97 337.00
653.00 336.97
653.97 336.00
653.97 335.00
654.00 334.97
654.97 334.00
654.97 333.00
654.97 332.00
655.00 331.97
655.97 331.00

Contour 17:
655.97 498.00
655.97 497.00
655.97 496.00
655.97 495.00
655.97 494.00
655.97 493.00
655.97 492.00
655.97 491.00
655.97 490.00
655.97 489.00
655.97 488.00
655.97 487.00
655.97 486.00
655.97 485.00
655.97 484.00
655.97 483.00
655.00 482.03
654.97 482.00
654.97 481.00
654.97 480.00
654.97 479.00
654.00 478.03
653.97 478.00
653.97 477.00
653.97 476.00
653.00 475.03
652.97 475.00
652.00 474.03
651.97 474.00
651.97 473.00
651.00 472.03
650.97 472.00
650.00 471.03
649.97 471.00
649.00 470.03
648.97 470.00
648.00 469.03
647.97 469.00
647.00 468.03
646.97 468.00
646.00 467.03
645.97 467.00
645.00 466.03
644.97 466.00
644.00 465.03
643.00 465.03
642.97 465.00
642.00 464.03
641.97 464.00
641.00 463.03
640.00 463.03
639.97 463.00
639.00 462.03
638.00 462.03
637.97 462.00
637.00 461.03
636.00 461.03
635.00 461.03
634.97 461.00
634.00 460.03
633.00 460.03
632.00 460.03
631.00 460.03
630.00 460.03
629.00 460.03
628.00 460.03
627.00 460.03
626.00 460.03
625.00 460.03
624.00 460.03
623.00 460.03
622.00 460.03
621.00 460.03
620.00 460.03
619.00 460.03
618.00 460.03
617.03 461.00
617.00 461.03
616.00 461.03
615.00 461.03
614.03 462.00
614.00 462.03
613.00 462.03
612.00 462.03
611.03 463.00
611.00 463.03
610.00 463.03
609.00 463.03
608.03 464.00
608.00 464.03
607.00 464.03
606.03 465.00
606.00 465.03
605.03 466.00
605.00 466.03
604.00 466.03
603.03 467.00
603.00 467.03
602.03 468.00
602.00 468.03
601.03 469.00
601.00 469.03
600.03 470.00
600.03 471.00
600.00 471.03
599.03 472.00
599.00 472.03
598.03 473.00
598.03 474.00
598.00 474.03
597.03 475.00
597.03 476.00
597.00 476.03
596.03 477.00
596.03 478.00
596.03 479.00
596.00 479.03
595.03 480.00
595.03 481.00
595.03 482.00
595.03 483.00
595.03 484.00
595.03 485.00
595.03 486.00
595.03 487.00
595.03 488.00
595.03 489.00
595.03 490.00
595.03 491.00
595.03 492.00
596.00 492.97
596.03 493.00
596.03 494.00
596.03 495.00
597.00 495.97
597.03 496.00
597.03 497.00
598.00 497.97
598.03 498.00
598.03 499.00
599.00 499.97
599.03 500.00
600.00 500.97
600.03 501.00
600.03 502.00
601.00 502.97
601.03 503.00
602.00 503.97
602.03 504.00
603.00 504.97
603.03 505.00
604.00 505.97
604.03 506.00
604.03 507.00
605.00 507.97
605.03 508.00
606.00 508.97
606.03 509.00
607.00 509.97
608.00 509.97
608.03 510.00
609.00 510.97
609.03 511.00
610.00 511.97
610.03 512.00
611.00 512.97
611.03 513.00
612.00 513.97
613.00 513.97
613.03 514.00
614.00 514.97
615.00 514.97
615.03 515.00
616.00 515.97
617.00 515.97
617.03 516.00
618.00 516.97
618.03 517.00
619.00 517.97
620.00 517.97
620.03 518.00
621.00 518.97
622.00 518.97
623.00 518.97
623.03 519.00
624.00 519.97
625.00 519.97
626.00 519.97
627.00 519.97
628.00 519.97
629.00 519.97
630.00 519.97
631.00 519.97
632.00 519.97
633.00 519.97
634.00 519.97
635.00 519.97
636.00 519.97
637.00 519.97
637.97 519.00
638.00 518.97
639.00 518.97
640.00 518.97
640.97 518.00
641.00 517.97
642.00 517.97
642.97 517.00
643.00 516.97
644.00 516.97
644.97 516.00
645.00 515.97
645.97 515.00
646.00 514.97
646.97 514.00
647.00 513.97
647.97 513.00
648.00 512.97
648.97 512.00
649.00 511.97
649.97 511.00
650.00 510.97
650.97 510.00
650.97 509.00
651.00 508.97
651.97 508.00
651.97 507.00
652.00 506.97
652.97 506.00
652.97 505.00
653.00 504.97
653.97 504.00
653.97 503.00
654.00 502.97
654.97 502.00
654.97 501.00
654.97 500.00
654.97 499.00
655.00 498.97
655.97 498.00

Contour 18:
698.97 428.00
698.97 427.00
698.97 426.00
698.97 425.00
698.97 424.00
698.97 423.00
698.97 422.00
698.97 421.00
698.97 420.00
698.97 419.00
698.00 418.03
697.97 418.00
697.97 417.00
697.97 416.00
697.00 415.03
696.97 415.00
696.97 414.00
696.00 413.03
695.97 413.00
695.97 412.00
695.00 411.03
694.97 411.00
694.00 410.03
693.97 410.00
693.00 409.03
692.97 409.00
692.00 408.03
691.97 408.00
691.00 407.03
690.97 407.00
690.00 406.03
689.97 406.00
689.00 405.03
688.97 405.00
688.00 404.03
687.97 404.00
687.00 403.03
686.97 403.00
686.00 402.03
685.00 402.03
684.97 402.00
684.00 401.03
683.00 401.03
682.97 401.00
682.00 400.03
681.97 400.00
681.00 399.03
680.00 399.03
679.97 399.00
679.00 398.03
678.00 398.03
677.97 398.00
677.00 397.03
676.00 397.03
675.97 397.00
675.00 396.03
674.00 396.03
673.97 396.00
673.00 395.03
672.00 395.03
671.00 395.03
670.00 395.03
669.00 395.03
668.00 395.03
667.00 395.03
666.00 395.03
665.00 395.03
664.00 395.03
663.00 395.03
662.00 395.03
661.00 395.03
660.00 395.03
659.00 395.03
658.03 396.00
658.00 396.03
657.00 396.03
656.00 396.03
655.00 396.03
654.00 396.03
653.03 397.00
653.00 397.03
652.00 397.03
651.00 397.03
650.03 398.00
650.00 398.03
649.00 398.03
648.03 399.00
648.00 399.03
647.00 399.03
646.03 400.00
646.00 400.03
645.00 400.03
644.03 401.00
644.00 401.03
643.00 401.03
642.03 402.00
642.00 402.03
641.03 403.00
641.00 403.03
640.03 404.00
640.00 404.03
639.03 405.00
639.00 405.03
638.03 406.00
638.00 406.03
637.03 407.00
637.03 408.00
637.00 408.03
636.03 409.00
636.00 409.03
635.03 410.00
635.03 411.00
635.00 411.03
634.03 412.00
634.03 413.00
634.03 414.00
634.00 414.03
633.03 415.00
633.03 416.00
633.03 417.00
633.03 418.00
633.03 419.00
633.03 420.00
633.03 421.00
633.03 422.00
633.03 423.00
634.00 423.97
634.03 424.00
634.03 425.00
635.00 425.97
635.03 426.00
635.03 427.00
635.03 428.00
636.00 428.97
636.03 429.00
637.00 429.97
637.03 430.00
638.00 430.97
638.03 431.00
639.00 431.97
639.03 432.00
640.00 432.97
640.03 433.00
641.00 433.97
641.03 434.00
642.00 434.97
642.03 435.00
643.00 435.97
644.00 435.97
644.03 436.00
645.00 436.97
645.03 437.00
646.00 437.97
647.00 437.97
648.00 437.97
648.03 438.00
649.00 438.97
650.00 438.97
650.03 439.00
651.00 439.97
652.00 439.97
653.00 439.97
653.03 440.00
654.00 440.97
655.00 440.97
656.00 440.97
656.03 441.00
657.00 441.97
658.00 441.97
659.00 441.97
660.00 441.97
660.03 442.00
661.00 442.97
662.00 442.97
663.00 442.97
664.00 442.97
665.00 442.97
666.00 442.97
666.03 443.00
667.00 443.97
668.00 443.97
669.00 443.97
670.00 443.97
671.00 443.97
672.00 443.97
673.00 443.97
674.00 443.97
675.00 443.97
676.00 443.97
676.97 443.00
677.00 442.97
678.00 442.97
679.00 442.97
680.00 442.97
681.00 442.97
682.00 442.97
682.97 442.00
683.00 441.97
684.00 441.97
685.00 441.97
685.97 441.00
686.00 440.97
687.00 440.97
687.97 440.00
688.00 439.97
688.97 439.00
689.00 438.97
690.00 438.97
690.97 438.00
691.00 437.97
691.97 437.00
692.00 436.97
692.97 436.00
693.00 435.97
693.97 435.00
694.00 434.97
694.97 434.00
695.00 433.97
695.97 433.00
696.00 432.97
696.97 432.00
696.97 431.00
697.00 430.97
697.97 430.00
697.97 429.00
698.00 428.97
698.97 428.00

Contour 19:
728.98 622.00
728.98 621.00
728.98 620.00
728.98 619.00
728.98 618.00
728.98 617.00
728.98 616.00
728.98 615.00
728.00 614.02
727.98 614.00
727.98 613.00
727.98 612.00
727.98 611.00
727.98 610.00
727.98 609.00
727.00 608.02
726.98 608.00
726.98 607.00
726.00 606.02
725.98 606.00
725.98 605.00
725.00 604.02
724.98 604.00
724.00 603.02
723.98 603.00
723.98 602.00
723.00 601.02
722.98 601.00
722.00 600.02
721.00 600.02
720.98 600.00
720.00 599.02
719.98 599.00
719.00 598.02
718.98 598.00
718.00 597.02
717.00 597.02
716.98 597.00
716.00 596.02
715.00 596.02
714.98 596.00
714.00 595.02
713.00 595.02
712.00 595.02
711.98 595.00
711.00 594.02
710.00 594.02
709.00 594.02
708.00 594.02
707.00 594.02
706.00 594.02
705.00 594.02
704.00 594.02
703.00 594.02
702.00 594.02
701.02 595.00
701.00 595.02
700.00 595.02
699.00 595.02
698.00 595.02
697.00 595.02
696.02 596.00
696.00 596.02
695.00 596.02
694.02 597.00
694.00 597.02
693.02 598.00
693.00 598.02
692.00 598.02
691.02 599.00
691.00 599.02
690.02 600.00
690.00 600.02
689.02 601.00
689.00 601.02
688.00 601.02
687.02 602.00
687.00 602.02
686.02 603.00
686.00 603.02
685.02 604.00
685.00 604.02
684.00 604.02
683.02 605.00
683.00 605.02
682.00 605.02
681.02 606.00
681.00 606.02
680.02 607.00
680.00 607.02
679.00 607.02
678.02 608.00
678.00 608.02
677.02 609.00
677.00 609.02
676.02 610.00
676.00 610.02
675.00 610.02
674.02 611.00
674.00 611.02
673.02 612.00
673.00 612.02
672.02 613.00
672.00 613.02
671.02 614.00
671.00 614.02
670.00 614.02
669.02 615.00
669.00 615.02
668.02 616.00
668.00 616.02
667.02 617.00
667.00 617.02
666.02 618.00
666.02 619.00
666.00 619.02
665.02 620.00
665.02 621.00
665.00 621.02
664.02 622.00
664.02 623.00
664.02 624.00
664.00 624.02
663.02 625.00
663.02 626.00
663.02 627.00
663.02 628.00
663.02 629.00
663.02 630.00
663.02 631.00
663.02 632.00
663.02 633.00
663.02 634.00
663.02 635.00
663.02 636.00
663.02 637.00
663.02 638.00
664.00 638.98
664.02 639.00
664.02 640.00
664.02 641.00
664.02 642.00
665.00 642.98
665.02 643.00
665.02 644.00
666.00 644.98
666.02 645.00
666.02 646.00
667.00 646.98
667.02 647.00
667.02 648.00
668.00 648.98
669.00 648.98
669.02 649.00
669.02 650.00
670.00 650.98
671.00 650.98
671.02 651.00
672.00 651.98
672.02 652.00
673.00 652.98
673.02 653.00
674.00 653.98
675.00 653.98
675.02 654.00
676.00 654.98
676.02 655.00
677.00 655.98
678.00 655.98
678.02 656.00
679.00 656.98
680.00 656.98
681.00 656.98
681.02 657.00
682.00 657.98
683.00 657.98
684.00 657.98
685.00 657.98
685.02 658.00
686.00 658.98
687.00 658.98
688.00 658.98
689.00 658.98
690.00 658.98
691.00 658.98
692.00 658.98
693.00 658.98
694.00 658.98
695.00 658.98
696.00 658.98
697.00 658.98
697.98 658.00
698.00 657.98
699.00 657.98
700.00 657.98
700.98 657.00
701.00 656.98
702.00 656.98
702.98 656.00
703.00 655.98
704.00 655.98
704.98 655.00
705.00 654.98
706.00 654.98
706.98 654.00
707.00 653.98
708.00 653.98
708.98 653.00
709.00 652.98
709.98 652.00
710.00 651.98
710.98 651.00
711.00 650.98
712.00 650.98
712.98 650.00
713.00 649.98
713.98 649.00
714.00 648.98
714.98 648.00
715.00 647.98
715.98 647.00
716.00 646.98
716.98 646.00
716.98 645.00
717.00 644.98
717.98 644.00
718.00 643.98
718.98 643.00
719.00 642.98
719.98 642.00
719.98 641.00
720.00 640.98
720.98 640.00
721.00 639.98
721.98 639.00
721.98 638.00
722.00 637.98
722.98 637.00
723.00 636.98
723.98 636.00
723.98 635.00
724.00 634.98
724.98 634.00
725.00 633.98
725.98 633.00
725.98 632.00
726.00 631.98
726.98 631.00
726.98 630.00
726.98 629.00
727.00 628.98
727.98 628.00
727.98 627.00
727.98 626.00
727.98 625.00
727.98 624.00
727.98 623.00
728.00 622.98
728.98 622.00

Contour 20:
793.98 878.00
793.98 877.00
793.98 876.00
793.98 875.00
793.98 874.00
793.98 873.00
793.98 872.00
793.98 871.00
793.98 870.00
793.98 869.00
793.98 868.00
793.00 867.02
792.98 867.00
792.98 866.00
792.98 865.00
792.00 864.02
791.98 864.00
791.98 863.00
791.00 862.02
790.98 862.00
790.98 861.00
790.00 860.02
789.98 860.00
789.98 859.00
789.00 858.02
788.98 858.00
788.98 857.00
788.00 856.02
787.98 856.00
787.98 855.00
787.00 854.02
786.98 854.00
786.00 853.02
785.98 853.00
785.00 852.02
784.98 852.00
784.00 851.02
783.98 851.00
783.98 850.00
783.00 849.02
782.00 849.02
781.98 849.00
781.00 848.02
780.98 848.00
780.98 847.00
780.00 846.02
779.98 846.00
779.98 845.00
779.00 844.02
778.98 844.00
778.00 843.02
777.00 843.02
776.98 843.00
776.00 842.02
775.00 842.02
774.98 842.00
774.00 841.02
773.00 841.02
772.00 841.02
771.00 841.02
770.00 841.02
769.98 841.00
769.00 840.02
768.00 840.02
767.00 840.02
766.00 840.02
765.00 840.02
764.00 840.02
763.00 840.02
762.00 840.02
761.00 840.02
760.00 840.02
759.00 840.02
758.00 840.02
757.00 840.02
756.02 841.00
756.00 841.02
755.00 841.02
754.00 841.02
753.02 842.00
753.00 842.02
752.00 842.02
751.00 842.02
750.02 843.00
750.00 843.02
749.00 843.02
748.02 844.00
748.00 844.02
747.00 844.02
746.02 845.00
746.00 845.02
745.02 846.00
745.00 846.02
744.00 846.02
743.02 847.00
743.00 847.02
742.02 848.00
742.00 848.02
741.02 849.00
741.00 849.02
740.02 850.00
740.02 851.00
740.00 851.02
739.02 852.00
739.00 852.02
738.02 853.00
738.00 853.02
737.02 854.00
737.00 854.02
736.02 855.00
736.02 856.00
736.00 856.02
735.02 857.00
735.02 858.00
735.00 858.02
734.02 859.00
734.02 860.00
734.02 861.00
734.02 862.00
734.02 863.00
734.02 864.00
734.02 865.00
734.00 865.02
733.02 866.00
733.02 867.00
733.00 867.02
732.02 868.00
732.02 869.00
732.02 870.00
733.00 870.98
733.02 871.00
733.02 872.00
733.02 873.00
734.00 873.98
734.02 874.00
734.02 875.00
734.00 875.02
733.02 876.00
733.02 877.00
733.00 877.02
732.98 877.00
732.00 876.02
731.98 876.00
731.98 875.00
731.00 874.02
730.98 874.00
730.00 873.02
729.98 873.00
729.98 872.00
729.00 871.02
728.98 871.00
728.98 870.00
728.98 869.00
728.00 868.02
727.98 868.00
727.98 867.00
727.00 866.02
726.98 866.00
726.98 865.00
726.00 864.02
725.98 864.00
725.00 863.02
724.98 863.00
724.98 862.00
724.00 861.02
723.98 861.00
723.00 860.02
722.98 860.00
722.00 859.02
721.98 859.00
721.98 858.00
721.00 857.02
720.98 857.00
720.00 856.02
719.00 856.02
718.98 856.00
718.00 855.02
717.98 855.00
717.00 854.02
716.00 854.02
715.98 854.00
715.00 853.02
714.00 853.02
713.98 853.00
713.00 852.02
712.00 852.02
711.00 852.02
710.98 852.00
710.00 851.02
709.00 851.02
708.00 851.02
707.00 851.02
706.00 851.02
705.00 851.02
704.00 851.02
703.00 851.02
702.00 851.02
701.02 852.00
701.00 852.02
700.00 852.02
699.00 852.02
698.02 853.00
698.00 853.02
697.00 853.02
696.00 853.02
695.02 854.00
695.00 854.02
694.02 855.00
694.00 855.02
693.00 855.02
692.02 856.00
692.00 856.02
691.00 856.02
690.02 857.00
690.00 857.02
689.02 858.00
689.00 858.02
688.00 858.02
687.02 859.00
687.00 859.02
686.02 860.00
686.00 860.02
685.02 861.00
685.00 861.02
684.02 862.00
684.02 863.00
684.00 863.02
683.02 864.00
683.02 865.00
683.00 865.02
682.02 866.00
682.00 866.02
681.02 867.00
681.02 868.00
681.02 869.00
681.02 870.00
681.00 870.02
680.02 871.00
680.02 872.00
680.02 873.00
680.02 874.00
680.02 875.00
680.02 876.00
680.02 877.00
680.02 878.00
680.02 879.00
680.02 880.00
680.02 881.00
680.00 881.02
679.02 882.00
680.00 882.98
680.02 883.00
680.02 884.00
680.02 885.00
680.02 886.00
681.00 886.98
681.02 887.00
681.02 888.00
681.02 889.00
681.02 890.00
682.00 890.98
682.02 891.00
682.02 892.00
683.00 892.98
683.02 893.00
683.02 894.00
683.02 895.00
683.02 896.00
684.00 896.98
684.02 897.00
684.02 898.00
684.02 899.00
685.00 899.98
685.02 900.00
685.02 901.00
686.00 901.98
686.02 902.00
687.00 902.98
687.02 903.00
687.02 904.00
688.00 904.98
688.02 905.00
689.00 905.98
689.02 906.00
690.00 906.98
690.02 907.00
690.02 908.00
691.00 908.98
691.02 909.00
692.00 909.98
692.02 910.00
693.00 910.98
693.02 911.00
694.00 911.98
694.02 912.00
695.00 912.98
695.02 913.00
696.00 913.98
696.02 914.00
697.00 914.98
697.02 915.00
698.00 915.98
699.00 915.98
699.02 916.00
700.00 916.98
700.02 917.00
701.00 917.98
702.00 917.98
702.02 918.00
703.00 918.98
703.02 919.00
703.02 920.00
704.00 920.98
705.00 920.98
705.02 921.00
706.00 921.98
707.00 921.98
708.00 921.98
709.00 921.98
709.02 922.00
710.00 922.98
711.00 922.98
712.00 922.98
712.98 922.00
713.00 921.98
714.00 921.98
715.00 921.98
716.00 921.98
717.00 921.98
718.00 921.98
719.00 921.98
719.98 921.00
720.00 920.98
721.00 920.98
722.00 920.98
722.98 920.00
723.00 919.98
724.00 919.98
724.98 919.00
725.00 918.98
726.00 918.98
726.98 918.00
727.00 917.98
727.98 917.00
728.00 916.98
728.98 916.00
729.00 915.98
729.98 915.00
730.00 914.98
730.98 914.00
731.00 913.98
731.98 913.00
731.98 912.00
732.00 911.98
732.98 911.00
733.00 910.98
733.98 910.00
734.00 909.98
734.98 909.00
734.98 908.00
735.00 907.98
735.98 907.00
735.98 906.00
736.00 905.98
736.98 905.00
736.98 904.00
736.98 903.00
736.98 902.00
736.98 901.00
736.98 900.00
736.98 899.00
736.98 898.00
736.98 897.00
736.98 896.00
736.98 895.00
737.00 894.98
737.98 894.00
737.98 893.00
738.00 892.98
739.00 892.98
739.98 892.00
740.00 891.98
741.00 891.98
742.00 891.98
742.02 892.00
743.00 892.98
744.00 892.98
744.02 893.00
745.00 893.98
746.00 893.98
746.02 894.00
747.00 894.98
747.02 895.00
748.00 895.98
749.00 895.98
749.02 896.00
750.00 896.98
751.00 896.98
751.02 897.00
752.00 897.98
752.02 898.00
753.00 898.98
754.00 898.98
755.00 898.98
755.02 899.00
756.00 899.98
757.00 899.98
758.00 899.98
758.02 900.00
759.00 900.98
760.00 900.98
761.00 900.98
762.00 900.98
763.00 900.98
764.00 900.98
765.00 900.98
766.00 900.98
767.00 900.98
768.00 900.98
768.98 900.00
769.00 899.98
770.00 899.98
771.00 899.98
772.00 899.98
772.98 899.00
773.00 898.98
774.00 898.98
775.00 898.98
775.98 898.00
776.00 897.98
777.00 897.98
777.98 897.00
778.00 896.98
778.98 896.00
779.00 895.98
780.00 895.98
780.98 895.00
781.00 894.98
782.00 894.98
782.98 894.00
783.00 893.98
784.00 893.98
784.98 893.00
785.00 892.98
785.98 892.00
786.00 891.98
786.98 891.00
786.98 890.00
787.00 889.98
787.98 889.00
787.98 888.00
787.98 887.00
788.00 886.98
788.98 886.00
789.00 885.98
789.98 885.00
790.00 884.98
791.00 884.98
791.98 884.00
791.98 883.00
792.00 882.98
792.98 882.00
792.98 881.00
792.98 880.00
792.98 879.00
793.00 878.98
793.98 878.00

Contour 21:
793.98 523.00
793.98 522.00
793.98 521.00
793.98 520.00
793.98 519.00
793.98 518.00
793.98 517.00
793.98 516.00
793.98 515.00
793.98 514.00
793.98 513.00
793.98 512.00
793.98 511.00
793.98 510.00
793.98 509.00
793.98 508.00
793.00 507.02
792.98 507.00
792.98 506.00
792.98 505.00
792.98 504.00
792.98 503.00
792.98 502.00
792.98 501.00
792.98 500.00
792.98 499.00
792.98 498.00
792.00 497.02
791.98 497.00
791.98 496.00
791.00 495.02
790.98 495.00
790.98 494.00
790.00 493.02
789.98 493.00
789.00 492.02
788.98 492.00
788.00 491.02
787.98 491.00
787.00 490.02
786.98 490.00
786.00 489.02
785.98 489.00
785.00 488.02
784.98 488.00
784.00 487.02
783.98 487.00
783.00 486.02
782.98 486.00
782.00 485.02
781.00 485.02
780.98 485.00
780.00 484.02
779.98 484.00
779.00 483.02
778.00 483.02
777.98 483.00
777.00 482.02
776.00 482.02
775.98 482.00
775.00 481.02
774.00 481.02
773.00 481.02
772.00 481.02
771.00 481.02
770.00 481.02
769.00 481.02
768.00 481.02
767.00 481.02
766.00 481.02
765.02 482.00
765.00 482.02
764.00 482.02
763.02 483.00
763.00 483.02
762.02 484.00
762.00 484.02
761.02 485.00
761.00 485.02
760.00 485.02
759.02 486.00
759.00 486.02
758.02 487.00
758.02 488.00
758.00 488.02
757.02 489.00
757.00 489.02
756.02 490.00
756.02 491.00
756.00 491.02
755.02 492.00
755.00 492.02
754.02 493.00
754.02 494.00
754.02 495.00
754.00 495.02
753.02 496.00
753.02 497.00
753.00 497.02
752.02 498.00
752.02 499.00
752.00 499.02
751.02 500.00
751.02 501.00
751.00 501.02
750.02 502.00
750.02 503.00
750.00 503.02
749.02 504.00
749.02 505.00
749.00 505.02
748.02 506.00
748.02 507.00
748.02 508.00
748.00 508.02
747.02 509.00
747.02 510.00
747.02 511.00
747.00 511.02
746.02 512.00
746.02 513.00
746.02 514.00
746.00 514.02
745.02 515.00
745.02 516.00
745.00 516.02
744.02 517.00
744.02 518.00
744.02 519.00
744.00 519.02
743.02 520.00
743.02 521.00
743.02 522.00
743.02 523.00
743.00 523.02
742.02 524.00
742.02 525.00
742.02 526.00
742.02 527.00
742.02 528.00
743.00 528.98
743.02 529.00
743.02 530.00
743.02 531.00
743.02 532.00
744.00 532.98
744.02 533.00
744.02 534.00
745.00 534.98
745.02 535.00
745.02 536.00
746.00 536.98
746.02 537.00
747.00 537.98
747.02 538.00
747.02 539.00
748.00 539.98
748.02 540.00
749.00 540.98
749.02 541.00
750.00 541.98
750.02 542.00
751.00 542.98
751.02 543.00
752.00 543.98
752.02 544.00
753.00 544.98
753.02 545.00
754.00 545.98
754.02 546.00
755.00 546.98
755.02 547.00
756.00 547.98
757.00 547.98
757.02 548.00
758.00 548.98
759.00 548.98
760.00 548.98
760.02 549.00
761.00 549.98
762.00 549.98
763.00 549.98
764.00 549.98
765.00 549.98
766.00 549.98
767.00 549.98
768.00 549.98
769.00 549.98
770.00 549.98
771.00 549.98
772.00 549.98
773.00 549.98
773.98 549.00
774.00 548.98
775.00 548.98
776.00 548.98
776.98 548.00
777.00 547.98
778.00 547.98
778.98 547.00
779.00 546.98
780.00 546.98
780.98 546.00
781.00 545.98
781.98 545.00
782.00 544.98
783.00 544.98
783.98 544.00
784.00 543.98
784.98 543.00
784.98 542.00
785.00 541.98
785.98 541.00
786.00 540.98
786.98 540.00
786.98 539.00
787.00 538.98
787.98 538.00
787.98 537.00
788.00 536.98
788.98 536.00
789.00 535.98
789.98 535.00
789.98 534.00
790.00 533.98
790.98 533.00
790.98 532.00
791.00 531.98
791.98 531.00
791.98 530.00
791.98 529.00
792.00 528.98
792.98 528.00
792.98 527.00
792.98 526.00
792.98 525.00
792.98 524.00
793.00 523.98
793.98 523.00

Contour 22:
967.98 738.00
967.98 737.00
967.98 736.00
967.98 735.00
967.98 734.00
967.00 733.02
966.98 733.00
966.98 732.00
966.98 731.00
966.98 730.00
966.98 729.00
966.00 728.02
965.98 728.00
965.98 727.00
965.98 726.00
965.00 725.02
964.98 725.00
964.00 724.02
963.98 724.00
963.00 723.02
962.98 723.00
962.98 722.00
962.00 721.02
961.98 721.00
961.00 720.02
960.98 720.00
960.98 719.00
960.00 718.02
959.98 718.00
959.00 717.02
958.98 717.00
958.00 716.02
957.98 716.00
957.00 715.02
956.98 715.00
956.00 714.02
955.98 714.00
955.00 713.02
954.98 713.00
954.00 712.02
953.98 712.00
953.00 711.02
952.00 711.02
951.98 711.00
951.00 710.02
950.00 710.02
949.98 710.00
949.00 709.02
948.00 709.02
947.98 709.00
947.00 708.02
946.00 708.02
945.00 708.02
944.98 708.00
944.00 707.02
943.98 707.00
943.00 706.02
942.00 706.02
941.98 706.00
941.00 705.02
940.00 705.02
939.98 705.00
939.00 704.02
938.00 704.02
937.98 704.00
937.00 703.02
936.00 703.02
935.00 703.02
934.98 703.00
934.00 702.02
933.00 702.02
932.00 702.02
931.00 702.02
930.98 702.00
930.00 701.02
929.00 701.02
928.00 701.02
927.00 701.02
926.00 701.02
925.00 701.02
924.00 701.02
923.00 701.02
922.02 702.00
922.00 702.02
921.00 702.02
920.00 702.02
919.00 702.02
918.02 703.00
918.00 703.02
917.00 703.02
916.00 703.02
915.00 703.02
914.02 704.00
914.00 704.02
913.00 704.02
912.02 705.00
912.00 705.02
911.02 706.00
911.00 706.02
910.02 707.00
910.02 708.00
910.00 708.02
909.02 709.00
909.02 710.00
909.00 710.02
908.02 711.00
908.02 712.00
908.00 712.02
907.02 713.00
907.02 714.00
907.02 715.00
907.00 715.02
906.02 716.00
906.02 717.00
906.00 717.02
905.02 718.00
905.02 719.00
905.02 720.00
905.00 720.02
904.02 721.00
904.02 722.00
904.00 722.02
903.02 723.00
903.02 724.00
903.02 725.00
903.02 726.00
903.02 727.00
903.02 728.00
903.02 729.00
903.02 730.00
903.02 731.00
903.02 732.00
903.02 733.00
903.02 734.00
903.02 735.00
903.02 736.00
904.00 736.98
904.02 737.00
904.02 738.00
904.02 739.00
905.00 739.98
905.02 740.00
905.02 741.00
905.02 742.00
906.00 742.98
906.02 743.00
907.00 743.98
907.02 744.00
907.02 745.00
908.00 745.98
908.02 746.00
908.02 747.00
909.00 747.98
909.02 748.00
910.00 748.98
910.02 749.00
910.02 750.00
911.00 750.98
911.02 751.00
912.00 751.98
912.02 752.00
912.02 753.00
913.00 753.98
913.02 754.00
914.00 754.98
914.02 755.00
915.00 755.98
915.02 756.00
916.00 756.98
916.02 757.00
917.00 757.98
918.00 757.98
918.02 758.00
919.00 758.98
920.00 758.98
920.02 759.00
921.00 759.98
922.00 759.98
922.02 760.00
923.00 760.98
924.00 760.98
925.00 760.98
925.02 761.00
926.00 761.98
927.00 761.98
928.00 761.98
929.00 761.98
929.02 762.00
930.00 762.98
931.00 762.98
932.00 762.98
933.00 762.98
934.00 762.98
935.00 762.98
936.00 762.98
936.02 763.00
937.00 763.98
938.00 763.98
939.00 763.98
940.00 763.98
941.00 763.98
942.00 763.98
943.00 763.98
944.00 763.98
945.00 763.98
946.00 763.98
947.00 763.98
948.00 763.98
949.00 763.98
950.00 763.98
951.00 763.98
951.98 763.00
952.00 762.98
953.00 762.98
953.98 762.00
954.00 761.98
955.00 761.98
955.98 761.00
956.00 760.98
956.98 760.00
957.00 759.98
957.98 759.00
958.00 758.98
958.98 758.00
959.00 757.98
959.98 757.00
960.00 756.98
960.98 756.00
961.00 755.98
961.98 755.00
961.98 754.00
962.00 753.98
962.98 753.00
963.00 752.98
963.98 752.00
963.98 751.00
964.00 750.98
964.98 750.00
964.98 749.00
964.98 748.00
965.00 747.98
965.98 747.00
965.98 746.00
965.98 745.00
965.98 744.00
966.00 743.98
966.98 743.00
966.98 742.00
966.98 741.00
966.98 740.00
966.98 739.00
967.00 738.98
967.98 738.00

