Contour 0:
63.50 574.00
63.50 573.00
63.50 572.00
63.50 571.00
63.50 570.00
63.50 569.00
63.50 568.00
63.50 567.00
63.50 566.00
63.50 565.00
63.50 564.00
63.00 563.50
62.50 563.00
62.50 562.00
62.50 561.00
62.50 560.00
62.00 559.50
61.50 559.00
61.50 558.00
61.50 557.00
61.00 556.50
60.50 556.00
60.50 555.00
60.00 554.50
59.50 554.00
59.50 553.00
59.00 552.50
58.50 552.00
58.00 551.50
57.50 551.00
57.50 550.00
57.00 549.50
56.50 549.00
56.00 548.50
55.50 548.00
55.00 547.50
54.50 547.00
54.00 546.50
53.50 546.00
53.00 545.50
52.50 545.00
52.00 544.50
51.00 544.50
50.50 544.00
50.00 543.50
49.50 543.00
49.00 542.50
48.00 542.50
47.50 542.00
47.00 541.50
46.50 541.00
46.00 540.50
45.00 540.50
44.00 540.50
43.50 540.00
43.00 539.50
42.00 539.50
41.50 539.00
41.00 538.50
40.00 538.50
39.00 538.50
38.50 538.00
38.00 537.50
37.00 537.50
36.00 537.50
35.00 537.50
34.00 537.50
33.00 537.50
32.00 537.50
31.00 537.50
30.00 537.50
29.00 537.50
28.00 537.50
27.00 537.50
26.50 538.00
26.00 538.50
25.00 538.50
24.00 538.50
23.00 538.50
22.50 539.00
22.00 539.50
21.00 539.50
20.00 539.50
19.50 540.00
19.00 540.50
18.00 540.50
17.00 540.50
16.50 541.00
16.00 541.50
15.50 542.00
15.00 542.50
14.00 542.50
13.50 543.00
13.00 543.50
12.00 543.50
11.50 544.00
11.00 544.50
10.50 545.00
10.00 545.50
9.50 546.00
9.00 546.50
8.50 547.00
8.00 547.50
7.50 548.00
7.00 548.50
6.50 549.00
6.50 550.00
6.00 550.50
5.50 551.00
5.00 551.50
4.50 552.00
4.00 552.50
3.50 553.00
3.50 554.00
3.00 554.50
2.50 555.00
2.50 556.00
2.50 557.00
2.00 557.50
1.50 558.00
1.50 559.00
1.50 560.00
1.00 560.50
0.50 561.00
0.50 562.00
0.50 563.00
0.50 564.00
0.50 565.00
0.50 566.00
0.50 567.00
0.50 568.00
0.50 569.00
0.50 570.00
1.00 570.50
1.50 571.00
1.50 572.00
1.50 573.00
2.00 573.50
2.50 574.00
2.50 575.00
2.50 576.00
2.50 577.00
3.00 577.50
3.50 578.00
3.50 579.00
3.50 580.00
4.00 580.50
4.50 581.00
4.50 582.00
5.00 582.50
5.50 583.00
6.00 583.50
6.50 584.00
6.50 585.00
7.00 585.50
7.50 586.00
8.00 586.50
8.50 587.00
9.00 587.50
9.50 588.00
10.00 588.50
11.00 588.50
11.50 589.00
12.00 589.50
12.50 590.00
13.00 590.50
14.00 590.50
14.50 591.00
15.00 591.50
16.00 591.50
16.50 592.00
17.00 592.50
18.00 592.50
18.50 593.00
19.00 593.50
20.00 593.50
20.50 594.00
21.00 594.50
22.00 594.50
22.50 595.00
23.00 595.50
24.00 595.50
25.00 595.50
25.50 596.00
26.00 596.50
27.00 596.50
28.00 596.50
28.50 597.00
29.00 597.50
30.00 597.50
31.00 597.50
32.00 597.50
33.00 597.50
34.00 597.50
35.00 597.50
36.00 597.50
37.00 597.50
38.00 597.50
39.00 597.50
39.50 597.00
40.00 596.50
41.00 596.50
42.00 596.50
43.00 596.50
44.00 596.50
44.50 596.00
45.00 595.50
46.00 595.50
46.50 595.00
47.00 594.50
47.50 594.00
48.00 593.50
49.00 593.50
49.50 593.00
50.00 592.50
51.00 592.50
51.50 592.00
52.00 591.50
52.50 591.00
53.00 590.50
53.50 590.00
54.00 589.50
54.50 589.00
55.00 588.50
55.50 588.00
56.00 587.50
56.50 587.00
57.00 586.50
57.50 586.00
58.00 585.50
58.50 585.00
58.50 584.00
59.00 583.50
59.50 583.00
60.00 582.50
60.50 582.00
61.00 581.50
61.50 581.00
61.50 580.00
61.50 579.00
61.50 578.00
62.00 577.50
62.50 577.00
62.50 576.00
62.50 575.00
63.00 574.50
63.50 574.00

Contour 1:
131.75 237.00
131.75 236.00
131.75 235.00
131.75 234.00
131.75 233.00
131.00 232.25
130.75 232.00
130.75 231.00
130.75 230.00
130.00 229.25
129.75 229.00
129.75 228.00
129.00 227.25
128.75 227.00
128.75 226.00
128.00 225.25
127.75 225.00
127.00 224.25
126.75 224.00
126.75 223.00
126.00 222.25
125.75 222.00
125.00 221.25
124.75 221.00
124.75 220.00
124.00 219.25
123.75 219.00
123.00 218.25
122.00 218.25
121.75 218.00
121.00 217.25
120.75 217.00
120.00 216.25
119.00 216.25
118.75 216.00
118.00 215.25
117.75 215.00
117.00 214.25
116.00 214.25
115.75 214.00
115.00 213.25
114.00 213.25
113.75 213.00
113.00 212.25
112.00 212.25
111.75 212.00
111.00 211.25
110.00 211.25
109.75 211.00
109.00 210.25
108.00 210.25
107.00 210.25
106.75 210.00
106.00 209.25
105.00 209.25
104.00 209.25
103.00 209.25
102.75 209.00
102.00 208.25
101.00 208.25
100.00 208.25
99.00 208.25
98.00 208.25
97.00 208.25
96.00 208.25
95.00 208.25
94.00 208.25
93.00 208.25
92.00 208.25
91.00 208.25
90.00 208.25
89.00 208.25
88.00 208.25
87.25 209.00
87.00 209.25
86.00 209.25
85.00 209.25
84.00 209.25
83.00 209.25
82.25 210.00
82.00 210.25
81.00 210.25
80.00 210.25
79.25 211.00
79.00 211.25
78.00 211.25
77.00 211.25
76.25 212.00
76.00 212.25
75.00 212.25
74.25 213.00
74.00 213.25
73.00 213.25
72.25 214.00
72.00 214.25
71.00 214.25
70.25 215.00
70.00 215.25
69.00 215.25
68.25 216.00
68.00 216.25
67.25 217.00
67.00 217.25
66.00 217.25
65.25 218.00
65.00 218.25
64.25 219.00
64.00 219.25
63.25 220.00
63.00 220.25
62.25 221.00
62.00 221.25
61.25 222.00
61.00 222.25
60.25 223.00
60.00 223.25
59.25 224.00
59.25 225.00
59.25 226.00
59.00 226.25
58.25 227.00
58.25 228.00
58.00 228.25
57.25 229.00
57.25 230.00
57.25 231.00
57.00 231.25
56.25 232.00
56.25 233.00
56.25 234.00
56.25 235.00
56.25 236.00
56.25 237.00
56.25 238.00
56.25 239.00
56.25 240.00
56.25 241.00
56.25 242.00
56.25 243.00
56.25 244.00
56.25 245.00
56.25 246.00
56.25 247.00
57.00 247.75
57.25 248.00
57.25 249.00
57.25 250.00
58.00 250.75
58.25 251.00
58.25 252.00
59.00 252.75
59.25 253.00
59.25 254.00
59.25 255.00
60.00 255.75
60.25 256.00
60.25 257.00
61.00 257.75
61.25 258.00
61.25 259.00
62.00 259.75
62.25 260.00
62.25 261.00
63.00 261.75
63.25 262.00
63.25 263.00
64.00 263.75
64.25 264.00
65.00 264.75
65.25 265.00
65.25 266.00
66.00 266.75
66.25 267.00
67.00 267.75
67.25 268.00
68.00 268.75
68.25 269.00
69.00 269.75
70.00 269.75
70.25 270.00
71.00 270.75
72.00 270.75
72.25 271.00
73.00 271.75
74.00 271.75
74.25 272.00
75.00 272.75
76.00 272.75
77.00 272.75
77.25 273.00
78.00 273.75
79.00 273.75
80.00 273.75
81.00 273.75
82.00 273.75
83.00 273.75
84.00 273.75
85.00 273.75
86.00 273.75
87.00 273.75
88.00 273.75
89.00 273.75
90.00 273.75
91.00 273.75
91.75 273.00
92.00 272.75
93.00 272.75
94.00 272.75
95.00 272.75
96.00 272.75
96.75 272.00
97.00 271.75
98.00 271.75
98.75 271.00
99.00 270.75
100.00 270.75
100.75 270.00
101.00 269.75
101.75 269.00
102.00 268.75
102.75 268.00
103.00 267.75
104.00 267.75
104.75 267.00
105.00 266.75
105.75 266.00
106.00 265.75
107.00 265.75
107.75 265.00
108.00 264.75
108.75 264.00
109.00 263.75
110.00 263.75
110.75 263.00
111.00 262.75
111.75 262.00
112.00 261.75
112.75 261.00
113.00 260.75
113.75 260.00
114.00 259.75
114.75 259.00
115.00 258.75
116.00 258.75
116.75 258.00
117.00 257.75
117.75 257.00
118.00 256.75
119.00 256.75
119.75 256.00
120.00 255.75
120.75 255.00
121.00 254.75
122.00 254.75
122.75 254.00
123.00 253.75
123.75 253.00
124.00 252.75
124.75 252.00
125.00 251.75
125.75 251.00
126.00 250.75
126.75 250.00
127.00 249.75
127.75 249.00
127.75 248.00
128.00 247.75
128.75 247.00
128.75 246.00
129.00 245.75
129.75 245.00
129.75 244.00
130.00 243.75
130.75 243.00
130.75 242.00
130.75 241.00
130.75 240.00
130.75 239.00
130.75 238.00
131.00 237.75
131.75 237.00

Contour 2:
195.83 115.00
195.83 114.00
195.83 113.00
195.83 112.00
195.83 111.00
195.83 110.00
195.83 109.00
195.83 108.00
195.83 107.00
195.83 106.00
195.83 105.00
195.00 104.17
194.83 104.00
194.83 103.00
194.83 102.00
194.83 101.00
194.83 100.00
194.83 99.00
194.00 98.17
193.83 98.00
193.83 97.00
193.00 96.17
192.83 96.00
192.83 95.00
192.83 94.00
192.00 93.17
191.83 93.00
191.83 92.00
191.00 91.17
190.83 91.00
190.83 90.00
190.00 89.17
189.83 89.00
189.00 88.17
188.83 88.00
188.00 87.17
187.83 87.00
187.83 86.00
187.00 85.17
186.83 85.00
186.00 84.17
185.83 84.00
185.00 83.17
184.83 83.00
184.83 82.00
184.00 81.17
183.83 81.00
183.00 80.17
182.00 80.17
181.83 80.00
181.00 79.17
180.83 79.00
180.00 78.17
179.83 78.00
179.00 77.17
178.83 77.00
178.00 76.17
177.83 76.00
177.00 75.17
176.83 75.00
176.00 74.17
175.00 74.17
174.83 74.00
174.00 73.17
173.00 73.17
172.83 73.00
172.00 72.17
171.00 72.17
170.83 72.00
170.00 71.17
169.00 71.17
168.83 71.00
168.00 70.17
167.00 70.17
166.83 70.00
166.00 69.17
165.83 69.00
165.00 68.17
164.00 68.17
163.83 68.00
163.00 67.17
162.00 67.17
161.83 67.00
161.00 66.17
160.00 66.17
159.00 66.17
158.00 66.17
157.00 66.17
156.00 66.17
155.00 66.17
154.00 66.17
153.00 66.17
152.00 66.17
151.00 66.17
150.00 66.17
149.00 66.17
148.00 66.17
147.17 67.00
147.00 67.17
146.00 67.17
145.00 67.17
144.00 67.17
143.00 67.17
142.00 67.17
141.00 67.17
140.00 67.17
139.00 67.17
138.00 67.17
137.00 67.17
136.17 68.00
136.00 68.17
135.00 68.17
134.17 69.00
134.00 69.17
133.00 69.17
132.17 70.00
132.00 70.17
131.17 71.00
131.00 71.17
130.17 72.00
130.00 72.17
129.17 73.00
129.00 73.17
128.17 74.00
128.00 74.17
127.17 75.00
127.17 76.00
127.00 76.17
126.17 77.00
126.00 77.17
125.17 78.00
125.00 78.17
124.17 79.00
124.17 80.00
124.00 80.17
123.17 81.00
123.00 81.17
122.17 82.00
122.17 83.00
122.00 83.17
121.17 84.00
121.17 85.00
121.00 85.17
120.17 86.00
120.17 87.00
120.17 88.00
120.17 89.00
120.17 90.00
120.17 91.00
120.00 91.17
119.17 92.00
119.17 93.00
119.17 94.00
119.17 95.00
119.17 96.00
119.17 97.00
119.17 98.00
119.17 99.00
119.00 99.17
118.17 100.00
118.17 101.00
118.17 102.00
118.17 103.00
118.17 104.00
118.17 105.00
118.17 106.00
118.17 107.00
118.17 108.00
118.17 109.00
118.17 110.00
118.17 111.00
119.00 111.83
119.17 112.00
119.17 113.00
119.17 114.00
119.17 115.00
119.17 116.00
120.00 116.83
120.17 117.00
120.17 118.00
120.17 119.00
120.17 120.00
121.00 120.83
121.17 121.00
121.17 122.00
121.17 123.00
122.00 123.83
122.17 124.00
122.17 125.00
123.00 125.83
123.17 126.00
123.17 127.00
124.00 127.83
124.17 128.00
124.17 129.00
125.00 129.83
125.17 130.00
126.00 130.83
126.17 131.00
126.17 132.00
127.00 132.83
127.17 133.00
127.17 134.00
128.00 134.83
128.17 135.00
129.00 135.83
129.17 136.00
130.00 136.83
130.17 137.00
131.00 137.83
131.17 138.00
132.00 138.83
132.17 139.00
133.00 139.83
133.17 140.00
134.00 140.83
135.00 140.83
135.17 141.00
136.00 141.83
136.17 142.00
137.00 142.83
137.17 143.00
138.00 143.83
139.00 143.83
139.17 144.00
140.00 144.83
140.17 145.00
141.00 145.83
142.00 145.83
142.17 146.00
143.00 146.83
144.00 146.83
144.17 147.00
145.00 147.83
146.00 147.83
147.00 147.83
147.17 148.00
148.00 148.83
149.00 148.83
150.00 148.83
150.17 149.00
151.00 149.83
152.00 149.83
153.00 149.83
154.00 149.83
154.17 150.00
155.00 150.83
156.00 150.83
157.00 150.83
158.00 150.83
159.00 150.83
160.00 150.83
161.00 150.83
162.00 150.83
163.00 150.83
164.00 150.83
165.00 150.83
166.00 150.83
167.00 150.83
168.00 150.83
168.83 150.00
169.00 149.83
170.00 149.83
170.83 149.00
171.00 148.83
172.00 148.83
172.83 148.00
173.00 147.83
174.00 147.83
174.83 147.00
175.00 146.83
176.00 146.83
176.83 146.00
177.00 145.83
178.00 145.83
178.83 145.00
179.00 144.83
179.83 144.00
180.00 143.83
181.00 143.83
181.83 143.00
182.00 142.83
182.83 142.00
183.00 141.83
183.83 141.00
183.83 140.00
184.00 139.83
184.83 139.00
185.00 138.83
185.83 138.00
186.00 137.83
186.83 137.00
186.83 136.00
187.00 135.83
187.83 135.00
187.83 134.00
188.00 133.83
188.83 133.00
188.83 132.00
189.00 131.83
189.83 131.00
189.83 130.00
190.00 129.83
190.83 129.00
190.83 128.00
191.00 127.83
191.83 127.00
191.83 126.00
192.00 125.83
192.83 125.00
192.83 124.00
192.83 123.00
193.00 122.83
193.83 122.00
193.83 121.00
193.83 120.00
194.00 119.83
194.83 119.00
194.83 118.00
194.83 117.00
194.83 116.00
195.00 115.83
195.83 115.00

Contour 3:
209.88 817.00
209.88 816.00
209.88 815.00
209.88 814.00
209.88 813.00
209.88 812.00
209.88 811.00
209.88 810.00
209.88 809.00
209.00 808.12
208.88 808.00
208.88 807.00
208.88 806.00
208.88 805.00
208.00 804.12
207.88 804.00
207.88 803.00
207.00 802.12
206.88 802.00
206.88 801.00
206.00 800.12
205.88 800.00
205.00 799.12
204.88 799.00
204.00 798.12
203.88 798.00
203.00 797.12
202.88 797.00
202.00 796.12
201.88 796.00
201.00 795.12
200.88 795.00
200.00 794.12
199.88 794.00
199.00 793.12
198.00 793.12
197.88 793.00
197.00 792.12
196.88 792.00
196.00 791.12
195.00 791.12
194.88 791.00
194.00 790.12
193.88 790.00
193.00 789.12
192.00 789.12
191.88 789.00
191.00 788.12
190.00 788.12
189.00 788.12
188.88 788.00
188.00 787.12
187.00 787.12
186.00 787.12
185.00 787.12
184.00 787.12
183.00 787.12
182.00 787.12
181.00 787.12
180.00 787.12
179.00 787.12
178.00 787.12
177.00 787.12
176.00 787.12
175.00 787.12
174.12 788.00
174.00 788.12
173.00 788.12
172.00 788.12
171.00 788.12
170.00 788.12
169.12 789.00
169.00 789.12
168.00 789.12
167.12 790.00
167.00 790.12
166.00 790.12
165.12 791.00
165.00 791.12
164.00 791.12
163.12 792.00
163.00 792.12
162.00 792.12
161.12 793.00
161.00 793.12
160.12 794.00
160.00 794.12
159.00 794.12
158.12 795.00
158.00 795.12
157.12 796.00
157.00 796.12
156.12 797.00
156.00 797.12
155.12 798.00
155.00 798.12
154.12 799.00
154.00 799.12
153.12 800.00
153.12 801.00
153.00 801.12
152.12 802.00
152.00 802.12
151.12 803.00
151.00 803.12
150.12 804.00
150.00 804.12
149.12 805.00
149.12 806.00
149.00 806.12
148.12 807.00
148.12 808.00
148.00 808.12
147.12 809.00
147.12 810.00
147.12 811.00
147.12 812.00
147.00 812.12
146.12 813.00
146.12 814.00
146.12 815.00
146.12 816.00
146.12 817.00
146.00 817.12
145.12 818.00
145.12 819.00
145.12 820.00
145.12 821.00
145.12 822.00
145.12 823.00
145.12 824.00
145.12 825.00
145.12 826.00
145.12 827.00
145.12 828.00
146.00 828.88
146.12 829.00
146.12 830.00
146.12 831.00
146.12 832.00
146.12 833.00
146.12 834.00
147.00 834.88
147.12 835.00
147.12 836.00
147.12 837.00
148.00 837.88
148.12 838.00
148.12 839.00
149.00 839.88
149.12 840.00
150.00 840.88
150.12 841.00
150.12 842.00
151.00 842.88
151.12 843.00
152.00 843.88
152.12 844.00
153.00 844.88
153.12 845.00
154.00 845.88
154.12 846.00
155.00 846.88
155.12 847.00
156.00 847.88
156.12 848.00
157.00 848.88
157.12 849.00
158.00 849.88
158.12 850.00
159.00 850.88
160.00 850.88
160.12 851.00
161.00 851.88
161.12 852.00
162.00 852.88
163.00 852.88
163.12 853.00
164.00 853.88
165.00 853.88
165.12 854.00
166.00 854.88
167.00 854.88
168.00 854.88
169.00 854.88
170.00 854.88
171.00 854.88
172.00 854.88
173.00 854.88
174.00 854.88
175.00 854.88
175.88 854.00
176.00 853.88
177.00 853.88
178.00 853.88
179.00 853.88
179.88 853.00
180.00 852.88
181.00 852.88
181.88 852.00
182.00 851.88
183.00 851.88
183.88 851.00
184.00 850.88
185.00 850.88
185.88 850.00
186.00 849.88
187.00 849.88
187.88 849.00
188.00 848.88
189.00 848.88
189.88 848.00
190.00 847.88
191.00 847.88
191.88 847.00
192.00 846.88
192.88 846.00
193.00 845.88
194.00 845.88
194.88 845.00
195.00 844.88
195.88 844.00
196.00 843.88
196.88 843.00
197.00 842.88
198.00 842.88
198.88 842.00
198.88 841.00
199.00 840.88
199.88 840.00
200.00 839.88
200.88 839.00
200.88 838.00
201.00 837.88
201.88 837.00
202.00 836.88
202.88 836.00
202.88 835.00
203.00 834.88
203.88 834.00
204.00 833.88
204.88 833.00
204.88 832.00
204.88 831.00
205.00 830.88
205.88 830.00
205.88 829.00
206.00 828.88
206.88 828.00
206.88 827.00
206.88 826.00
207.00 825.88
207.88 825.00
207.88 824.00
207.88 823.00
207.88 822.00
208.00 821.88
208.88 821.00
208.88 820.00
208.88 819.00
208.88 818.00
209.00 817.88
209.88 817.00

Contour 4:
319.90 395.00
319.90 394.00
319.90 393.00
319.90 392.00
319.90 391.00
319.90 390.00
319.90 389.00
319.00 388.10
318.90 388.00
318.90 387.00
318.90 386.00
318.90 385.00
318.90 384.00
318.90 383.00
318.00 382.10
317.90 382.00
317.90 381.00
317.90 380.00
317.90 379.00
317.00 378.10
316.90 378.00
316.90 377.00
316.00 376.10
315.90 376.00
315.00 375.10
314.90 375.00
314.00 374.10
313.90 374.00
313.00 373.10
312.90 373.00
312.00 372.10
311.90 372.00
311.90 371.00
311.00 370.10
310.00 370.10
309.90 370.00
309.00 369.10
308.90 369.00
308.00 368.10
307.00 368.10
306.90 368.00
306.00 367.10
305.00 367.10
304.90 367.00
304.00 366.10
303.90 366.00
303.00 365.10
302.00 365.10
301.90 365.00
301.00 364.10
300.00 364.10
299.00 364.10
298.90 364.00
298.00 363.10
297.00 363.10
296.00 363.10
295.00 363.10
294.90 363.00
294.00 362.10
293.00 362.10
292.00 362.10
291.00 362.10
290.00 362.10
289.00 362.10
288.00 362.10
287.00 362.10
286.00 362.10
285.00 362.10
284.00 362.10
283.00 362.10
282.10 363.00
282.00 363.10
281.10 364.00
281.00 364.10
280.00 364.10
279.10 365.00
279.00 365.10
278.10 366.00
278.00 366.10
277.10 367.00
277.00 367.10
276.10 368.00
276.00 368.10
275.10 369.00
275.00 369.10
274.10 370.00
274.00 370.10
273.00 370.10
272.10 371.00
272.10 372.00
272.00 372.10
271.10 373.00
271.00 373.10
270.10 374.00
270.00 374.10
269.10 375.00
269.00 375.10
268.00 375.10
267.10 376.00
267.00 376.10
266.10 377.00
266.00 377.10
265.10 378.00
265.00 378.10
264.10 379.00
264.10 380.00
264.00 380.10
263.10 381.00
263.10 382.00
263.00 382.10
262.10 383.00
262.10 384.00
262.10 385.00
262.00 385.10
261.10 386.00
261.10 387.00
261.10 388.00
261.00 388.10
260.10 389.00
260.10 390.00
260.10 391.00
260.10 392.00
260.10 393.00
260.10 394.00
260.10 395.00
260.10 396.00
260.10 397.00
260.10 398.00
260.10 399.00
260.10 400.00
260.10 401.00
261.00 401.90
261.10 402.00
261.10 403.00
261.10 404.00
261.10 405.00
261.10 406.00
261.10 407.00
261.10 408.00
262.00 408.90
262.10 409.00
262.10 410.00
262.10 411.00
262.10 412.00
263.00 412.90
263.10 413.00
263.10 414.00
264.00 414.90
264.10 415.00
264.10 416.00
265.00 416.90
265.10 417.00
265.10 418.00
266.00 418.90
266.10 419.00
267.00 419.90
267.10 420.00
268.00 420.90
269.00 420.90
269.10 421.00
270.00 421.90
270.10 422.00
271.00 422.90
271.10 423.00
272.00 423.90
273.00 423.90
273.10 424.00
274.00 424.90
275.00 424.90
275.10 425.00
276.00 425.90
276.10 426.00
277.00 426.90
278.00 426.90
278.10 427.00
279.00 427.90
279.10 428.00
280.00 428.90
281.00 428.90
281.10 429.00
282.00 429.90
283.00 429.90
283.10 430.00
284.00 430.90
285.00 430.90
286.00 430.90
287.00 430.90
288.00 430.90
288.10 431.00
289.00 431.90
290.00 431.90
291.00 431.90
292.00 431.90
293.00 431.90
294.00 431.90
295.00 431.90
296.00 431.90
297.00 431.90
297.90 431.00
298.00 430.90
299.00 430.90
300.00 430.90
301.00 430.90
301.90 430.00
302.00 429.90
303.00 429.90
303.90 429.00
304.00 428.90
305.00 428.90
305.90 428.00
306.00 427.90
306.90 427.00
307.00 426.90
307.90 426.00
308.00 425.90
308.90 425.00
309.00 424.90
309.90 424.00
310.00 423.90
310.90 423.00
310.90 422.00
311.00 421.90
311.90 421.00
312.00 420.90
312.90 420.00
312.90 419.00
313.00 418.90
313.90 418.00
313.90 417.00
313.90 416.00
314.00 415.90
314.90 415.00
314.90 414.00
314.90 413.00
314.90 412.00
315.00 411.90
315.90 411.00
315.90 410.00
315.90 409.00
315.90 408.00
316.00 407.90
316.90 407.00
316.90 406.00
316.90 405.00
316.90 404.00
317.00 403.90
317.90 403.00
317.90 402.00
317.90 401.00
318.00 400.90
318.90 400.00
318.90 399.00
318.90 398.00
318.90 397.00
318.90 396.00
319.00 395.90
319.90 395.00

Contour 5:
354.92 501.00
354.92 500.00
354.92 499.00
354.92 498.00
354.92 497.00
354.92 496.00
354.92 495.00
354.92 494.00
354.92 493.00
354.92 492.00
354.00 491.08
353.92 491.00
353.92 490.00
353.92 489.00
353.00 488.08
352.92 488.00
352.92 487.00
352.00 486.08
351.92 486.00
351.00 485.08
350.92 485.00
350.92 484.00
350.00 483.08
349.92 483.00
349.00 482.08
348.92 482.00
348.00 481.08
347.92 481.00
347.00 480.08
346.92 480.00
346.00 479.08
345.92 479.00
345.00 478.08
344.92 478.00
344.00 477.08
343.92 477.00
343.00 476.08
342.92 476.00
342.00 475.08
341.92 475.00
341.00 474.08
340.92 474.00
340.00 473.08
339.00 473.08
338.92 473.00
338.00 472.08
337.00 472.08
336.92 472.00
336.00 471.08
335.00 471.08
334.00 471.08
333.00 471.08
332.00 471.08
331.92 471.00
331.00 470.08
330.00 470.08
329.00 470.08
328.00 470.08
327.00 470.08
326.08 471.00
326.00 471.08
325.00 471.08
324.00 471.08
323.00 471.08
322.00 471.08
321.00 471.08
320.08 472.00
320.00 472.08
319.00 472.08
318.08 473.00
318.00 473.08
317.00 473.08
316.00 473.08
315.08 474.00
315.00 474.08
314.08 475.00
314.00 475.08
313.00 475.08
312.08 476.00
312.00 476.08
311.00 476.08
310.08 477.00
310.00 477.08
309.00 477.08
308.08 478.00
308.00 478.08
307.00 478.08
306.08 479.00
306.00 479.08
305.00 479.08
304.08 480.00
304.00 480.08
303.08 481.00
303.00 481.08
302.00 481.08
301.08 482.00
301.00 482.08
300.00 482.08
299.08 483.00
299.00 483.08
298.08 484.00
298.00 484.08
297.08 485.00
297.00 485.08
296.00 485.08
295.08 486.00
295.00 486.08
294.08 487.00
294.00 487.08
293.08 488.00
293.08 489.00
293.00 489.08
292.08 490.00
292.08 491.00
292.00 491.08
291.08 492.00
291.08 493.00
291.08 494.00
291.08 495.00
291.08 496.00
291.08 497.00
291.08 498.00
291.08 499.00
291.08 500.00
292.00 500.92
292.08 501.00
292.08 502.00
292.08 503.00
292.08 504.00
293.00 504.92
293.08 505.00
293.08 506.00
294.00 506.92
294.08 507.00
294.08 508.00
295.00 508.92
295.08 509.00
295.08 510.00
296.00 510.92
297.00 510.92
297.08 511.00
298.00 511.92
298.08 512.00
299.00 512.92
299.08 513.00
300.00 513.92
300.08 514.00
301.00 514.92
302.00 514.92
302.08 515.00
303.00 515.92
303.08 516.00
304.00 516.92
305.00 516.92
305.08 517.00
306.00 517.92
307.00 517.92
307.08 518.00
308.00 518.92
309.00 518.92
310.00 518.92
310.08 519.00
311.00 519.92
312.00 519.92
312.08 520.00
313.00 520.92
314.00 520.92
315.00 520.92
315.08 521.00
316.00 521.92
317.00 521.92
318.00 521.92
318.08 522.00
319.00 522.92
320.00 522.92
321.00 522.92
322.00 522.92
323.00 522.92
323.08 523.00
324.00 523.92
325.00 523.92
326.00 523.92
327.00 523.92
327.92 523.00
328.00 522.92
329.00 522.92
330.00 522.92
331.00 522.92
332.00 522.92
333.00 522.92
333.92 522.00
334.00 521.92
335.00 521.92
336.00 521.92
337.00 521.92
337.92 521.00
338.00 520.92
339.00 520.92
339.92 520.00
340.00 519.92
341.00 519.92
341.92 519.00
342.00 518.92
343.00 518.92
343.92 518.00
344.00 517.92
344.92 517.00
345.00 516.92
345.92 516.00
346.00 515.92
347.00 515.92
347.92 515.00
348.00 514.92
348.92 514.00
349.00 513.92
349.92 513.00
349.92 512.00
350.00 511.92
350.92 511.00
351.00 510.92
351.92 510.00
351.92 509.00
352.00 508.92
352.92 508.00
352.92 507.00
352.92 506.00
353.00 505.92
353.92 505.00
353.92 504.00
353.92 503.00
353.92 502.00
354.00 501.92
354.92 501.00

Contour 6:
455.93 152.00
455.93 151.00
455.93 150.00
455.93 149.00
455.93 148.00
455.93 147.00
455.00 146.07
454.93 146.00
454.93 145.00
454.93 144.00
454.93 143.00
454.93 142.00
454.93 141.00
454.93 140.00
454.93 139.00
454.00 138.07
453.93 138.00
453.93 137.00
453.93 136.00
453.93 135.00
453.93 134.00
453.00 133.07
452.93 133.00
452.93 132.00
452.00 131.07
451.93 131.00
451.93 130.00
451.00 129.07
450.93 129.00
450.00 128.07
449.93 128.00
449.93 127.00
449.00 126.07
448.93 126.00
448.00 125.07
447.93 125.00
447.00 124.07
446.93 124.00
446.00 123.07
445.93 123.00
445.00 122.07
444.93 122.00
444.00 121.07
443.93 121.00
443.00 120.07
442.00 120.07
441.93 120.00
441.00 119.07
440.00 119.07
439.00 119.07
438.93 119.00
438.00 118.07
437.00 118.07
436.00 118.07
435.93 118.00
435.00 117.07
434.00 117.07
433.00 117.07
432.93 117.00
432.00 116.07
431.00 116.07
430.00 116.07
429.00 116.07
428.00 116.07
427.00 116.07
426.00 116.07
425.00 116.07
424.00 116.07
423.00 116.07
422.00 116.07
421.00 116.07
420.00 116.07
419.00 116.07
418.00 116.07
417.00 116.07
416.00 116.07
415.07 117.00
415.00 117.07
414.00 117.07
413.00 117.07
412.07 118.00
412.00 118.07
411.00 118.07
410.00 118.07
409.00 118.07
408.07 119.00
408.00 119.07
407.00 119.07
406.00 119.07
405.00 119.07
404.00 119.07
403.07 120.00
403.00 120.07
402.00 120.07
401.00 120.07
400.07 121.00
400.00 121.07
399.00 121.07
398.00 121.07
397.07 122.00
397.00 122.07
396.00 122.07
395.07 123.00
395.00 123.07
394.07 124.00
394.00 124.07
393.00 124.07
392.07 125.00
392.00 125.07
391.07 126.00
391.00 126.07
390.00 126.07
389.07 127.00
389.00 127.07
388.00 127.07
387.07 128.00
387.00 128.07
386.07 129.00
386.00 129.07
385.07 130.00
385.00 130.07
384.07 131.00
384.00 131.07
383.07 132.00
383.00 132.07
382.07 133.00
382.07 134.00
382.00 134.07
381.07 135.00
381.00 135.07
380.07 136.00
380.00 136.07
379.07 137.00
379.07 138.00
379.00 138.07
378.07 139.00
378.07 140.00
378.00 140.07
377.07 141.00
377.07 142.00
377.00 142.07
376.07 143.00
376.07 144.00
376.07 145.00
376.00 145.07
375.07 146.00
375.07 147.00
375.07 148.00
375.07 149.00
375.07 150.00
375.07 151.00
375.00 151.07
374.07 152.00
374.07 153.00
374.07 154.00
374.00 154.07
373.07 155.00
373.00 155.07
372.07 156.00
372.07 157.00
372.07 158.00
372.07 159.00
373.00 159.93
373.07 160.00
373.07 161.00
373.07 162.00
373.07 163.00
374.00 163.93
374.07 164.00
375.00 164.93
375.07 165.00
376.00 165.93
376.07 166.00
377.00 166.93
377.07 167.00
378.00 167.93
379.00 167.93
379.07 168.00
379.07 169.00
380.00 169.93
380.07 170.00
381.00 170.93
381.07 171.00
382.00 171.93
382.07 172.00
383.00 172.93
383.07 173.00
384.00 173.93
384.07 174.00
385.00 174.93
385.07 175.00
386.00 175.93
386.07 176.00
387.00 176.93
388.00 176.93
388.07 177.00
389.00 177.93
389.07 178.00
390.00 178.93
391.00 178.93
391.07 179.00
392.00 179.93
393.00 179.93
393.07 180.00
394.00 180.93
395.00 180.93
395.07 181.00
396.00 181.93
397.00 181.93
398.00 181.93
399.00 181.93
399.07 182.00
400.00 182.93
401.00 182.93
402.00 182.93
403.00 182.93
404.00 182.93
404.07 183.00
405.00 183.93
406.00 183.93
407.00 183.93
408.00 183.93
409.00 183.93
410.00 183.93
411.00 183.93
412.00 183.93
413.00 183.93
414.00 183.93
414.93 183.00
415.00 182.93
416.00 182.93
417.00 182.93
418.00 182.93
419.00 182.93
420.00 182.93
420.93 182.00
421.00 181.93
422.00 181.93
423.00 181.93
423.93 181.00
424.00 180.93
425.00 180.93
426.00 180.93
426.93 180.00
427.00 179.93
428.00 179.93
428.93 179.00
429.00 178.93
430.00 178.93
430.93 178.00
431.00 177.93
432.00 177.93
432.93 177.00
433.00 176.93
434.00 176.93
434.93 176.00
435.00 175.93
436.00 175.93
436.93 175.00
437.00 174.93
437.93 174.00
438.00 173.93
439.00 173.93
439.93 173.00
440.00 172.93
440.93 172.00
441.00 171.93
442.00 171.93
442.93 171.00
443.00 170.93
443.93 170.00
444.00 169.93
444.93 169.00
445.00 168.93
445.93 168.00
446.00 167.93
446.93 167.00
447.00 166.93
447.93 166.00
448.00 165.93
448.93 165.00
449.00 164.93
449.93 164.00
449.93 163.00
450.00 162.93
450.93 162.00
451.00 161.93
451.93 161.00
452.00 160.93
452.93 160.00
452.93 159.00
453.00 158.93
453.93 158.00
453.93 157.00
454.00 156.93
454.93 156.00
454.93 155.00
454.93 154.00
454.93 153.00
455.00 152.93
455.93 152.00

Contour 7:
441.94 397.00
441.94 396.00
441.94 395.00
441.94 394.00
441.94 393.00
441.94 392.00
441.94 391.00
441.94 390.00
441.94 389.00
441.94 388.00
441.94 387.00
441.94 386.00
441.94 385.00
441.94 384.00
441.00 383.06
440.94 383.00
440.94 382.00
440.94 381.00
440.94 380.00
440.00 379.06
439.94 379.00
439.94 378.00
439.94 377.00
439.94 376.00
439.00 375.06
438.94 375.00
438.94 374.00
438.94 373.00
438.00 372.06
437.94 372.00
437.94 371.00
437.00 370.06
436.94 370.00
436.00 369.06
435.94 369.00
435.94 368.00
435.00 367.06
434.94 367.00
434.00 366.06
433.94 366.00
433.00 365.06
432.94 365.00
432.00 364.06
431.94 364.00
431.00 363.06
430.94 363.00
430.00 362.06
429.94 362.00
429.00 361.06
428.94 361.00
428.00 360.06
427.00 360.06
426.94 360.00
426.00 359.06
425.00 359.06
424.94 359.00
424.00 358.06
423.00 358.06
422.00 358.06
421.94 358.00
421.00 357.06
420.00 357.06
419.00 357.06
418.00 357.06
417.00 357.06
416.06 358.00
416.00 358.06
415.00 358.06
414.00 358.06
413.00 358.06
412.00 358.06
411.00 358.06
410.06 359.00
410.00 359.06
409.00 359.06
408.00 359.06
407.06 360.00
407.00 360.06
406.00 360.06
405.06 361.00
405.00 361.06
404.00 361.06
403.06 362.00
403.00 362.06
402.00 362.06
401.06 363.00
401.00 363.06
400.00 363.06
399.06 364.00
399.00 364.06
398.06 365.00
398.00 365.06
397.00 365.06
396.06 366.00
396.00 366.06
395.06 367.00
395.06 368.00
395.00 368.06
394.06 369.00
394.00 369.06
393.06 370.00
393.06 371.00
393.00 371.06
392.06 372.00
392.06 373.00
392.06 374.00
392.06 375.00
392.00 375.06
391.06 376.00
391.06 377.00
391.06 378.00
391.06 379.00
391.06 380.00
391.06 381.00
391.00 381.06
390.06 382.00
390.06 383.00
390.06 384.00
390.06 385.00
390.06 386.00
390.06 387.00
390.06 388.00
390.06 389.00
390.06 390.00
390.06 391.00
390.00 391.06
389.06 392.00
389.06 393.00
389.06 394.00
389.06 395.00
389.06 396.00
389.06 397.00
389.06 398.00
389.00 398.06
388.06 399.00
388.06 400.00
388.06 401.00
388.06 402.00
388.06 403.00
388.06 404.00
388.06 405.00
389.00 405.94
389.06 406.00
389.06 407.00
390.00 407.94
390.06 408.00
390.06 409.00
391.00 409.94
391.06 410.00
391.06 411.00
392.00 411.94
392.06 412.00
393.00 412.94
393.06 413.00
394.00 413.94
395.00 413.94
395.06 414.00
396.00 414.94
396.06 415.00
397.00 415.94
398.00 415.94
398.06 416.00
399.00 416.94
400.00 416.94
400.06 417.00
401.00 417.94
402.00 417.94
402.06 418.00
403.00 418.94
404.00 418.94
404.06 419.00
405.00 419.94
406.00 419.94
407.00 419.94
408.00 419.94
409.00 419.94
410.00 419.94
411.00 419.94
411.94 419.00
412.00 418.94
413.00 418.94
414.00 418.94
414.94 418.00
415.00 417.94
416.00 417.94
416.94 417.00
417.00 416.94
418.00 416.94
418.94 416.00
419.00 415.94
420.00 415.94
421.00 415.94
422.00 415.94
422.94 415.00
423.00 414.94
424.00 414.94
425.00 414.94
425.94 414.00
426.00 413.94
426.94 413.00
427.00 412.94
428.00 412.94
428.94 412.00
429.00 411.94
429.94 411.00
430.00 410.94
430.94 410.00
431.00 409.94
431.94 409.00
432.00 408.94
432.94 408.00
433.00 407.94
433.94 407.00
434.00 406.94
435.00 406.94
435.94 406.00
436.00 405.94
436.94 405.00
437.00 404.94
437.94 404.00
437.94 403.00
438.00 402.94
438.94 402.00
439.00 401.94
439.94 401.00
439.94 400.00
440.00 399.94
440.94 399.00
440.94 398.00
441.00 397.94
441.94 397.00

Contour 8:
489.94 248.00
489.94 247.00
489.94 246.00
489.94 245.00
489.94 244.00
489.94 243.00
489.94 242.00
489.94 241.00
489.94 240.00
489.94 239.00
489.94 238.00
489.94 237.00
489.94 236.00
489.00 235.06
488.94 235.00
488.94 234.00
488.94 233.00
488.00 232.06
487.94 232.00
487.94 231.00
487.00 230.06
486.94 230.00
486.94 229.00
486.00 228.06
485.94 228.00
485.00 227.06
484.94 227.00
484.00 226.06
483.94 226.00
483.00 225.06
482.94 225.00
482.00 224.06
481.94 224.00
481.00 223.06
480.94 223.00
480.00 222.06
479.94 222.00
479.00 221.06
478.00 221.06
477.94 221.00
477.00 220.06
476.94 220.00
476.00 219.06
475.00 219.06
474.94 219.00
474.00 218.06
473.00 218.06
472.00 218.06
471.94 218.00
471.00 217.06
470.00 217.06
469.00 217.06
468.00 217.06
467.94 217.00
467.00 216.06
466.00 216.06
465.00 216.06
464.94 216.00
464.00 215.06
463.00 215.06
462.00 215.06
461.94 215.00
461.00 214.06
460.00 214.06
459.00 214.06
458.00 214.06
457.00 214.06
456.00 214.06
455.00 214.06
454.94 214.00
454.00 213.06
453.00 213.06
452.00 213.06
451.00 213.06
450.00 213.06
449.00 213.06
448.00 213.06
447.00 213.06
446.00 213.06
445.00 213.06
444.06 214.00
444.00 214.06
443.00 214.06
442.00 214.06
441.00 214.06
440.00 214.06
439.06 215.00
439.00 215.06
438.00 215.06
437.00 215.06
436.00 215.06
435.06 216.00
435.00 216.06
434.00 216.06
433.00 216.06
432.06 217.00
432.00 217.06
431.00 217.06
430.06 218.00
430.00 218.06
429.00 218.06
428.00 218.06
427.06 219.00
427.00 219.06
426.00 219.06
425.06 220.00
425.00 220.06
424.06 221.00
424.00 221.06
423.00 221.06
422.06 222.00
422.00 222.06
421.00 222.06
420.06 223.00
420.00 223.06
419.00 223.06
418.06 224.00
418.00 224.06
417.00 224.06
416.06 225.00
416.00 225.06
415.06 226.00
415.00 226.06
414.06 227.00
414.00 227.06
413.06 228.00
413.00 228.06
412.06 229.00
412.00 229.06
411.06 230.00
411.00 230.06
410.00 230.06
409.06 231.00
409.00 231.06
408.06 232.00
408.06 233.00
408.00 233.06
407.06 234.00
407.00 234.06
406.06 235.00
406.00 235.06
405.06 236.00
405.00 236.06
404.06 237.00
404.00 237.06
403.06 238.00
403.06 239.00
403.00 239.06
402.06 240.00
402.00 240.06
401.06 241.00
401.06 242.00
401.00 242.06
400.06 243.00
400.06 244.00
400.06 245.00
400.00 245.06
399.06 246.00
399.06 247.00
399.06 248.00
399.06 249.00
399.06 250.00
399.00 250.06
398.06 251.00
398.06 252.00
398.06 253.00
399.00 253.94
399.06 254.00
399.06 255.00
399.06 256.00
399.06 257.00
399.06 258.00
399.06 259.00
399.06 260.00
399.06 261.00
400.00 261.94
400.06 262.00
400.06 263.00
400.06 264.00
401.00 264.94
401.06 265.00
402.00 265.94
402.06 266.00
402.06 267.00
403.00 267.94
403.06 268.00
404.00 268.94
404.06 269.00
405.00 269.94
405.06 270.00
406.00 270.94
406.06 271.00
407.00 271.94
407.06 272.00
408.00 272.94
408.06 273.00
409.00 273.94
410.00 273.94
410.06 274.00
411.00 274.94
411.06 275.00
412.00 275.94
413.00 275.94
413.06 276.00
414.00 276.94
414.06 277.00
415.00 277.94
416.00 277.94
416.06 278.00
417.00 278.94
418.00 278.94
419.00 278.94
419.06 279.00
420.00 279.94
421.00 279.94
422.00 279.94
422.06 280.00
423.00 280.94
424.00 280.94
425.00 280.94
426.00 280.94
426.06 281.00
427.00 281.94
428.00 281.94
429.00 281.94
430.00 281.94
431.00 281.94
431.06 282.00
432.00 282.94
433.00 282.94
434.00 282.94
435.00 282.94
436.00 282.94
437.00 282.94
438.00 282.94
439.00 282.94
440.00 282.94
440.94 282.00
441.00 281.94
442.00 281.94
443.00 281.94
444.00 281.94
445.00 281.94
446.00 281.94
447.00 281.94
448.00 281.94
449.00 281.94
450.00 281.94
450.94 281.00
451.00 280.94
452.00 280.94
453.00 280.94
454.00 280.94
455.00 280.94
455.94 280.00
456.00 279.94
457.00 279.94
458.00 279.94
458.94 279.00
459.00 278.94
460.00 278.94
460.94 278.00
461.00 277.94
462.00 277.94
463.00 277.94
464.00 277.94
464.94 277.00
465.00 276.94
466.00 276.94
466.94 276.00
467.00 275.94
468.00 275.94
468.94 275.00
469.00 274.94
470.00 274.94
470.94 274.00
471.00 273.94
471.94 273.00
472.00 272.94
473.00 272.94
473.94 272.00
474.00 271.94
474.94 271.00
475.00 270.94
475.94 270.00
476.00 269.94
477.00 269.94
477.94 269.00
478.00 268.94
478.94 268.00
479.00 267.94
479.94 267.00
480.00 266.94
480.94 266.00
481.00 265.94
481.94 265.00
482.00 264.94
482.94 264.00
482.94 263.00
483.00 262.94
483.94 262.00
484.00 261.94
484.94 261.00
485.00 260.94
485.94 260.00
485.94 259.00
486.00 258.94
486.94 258.00
486.94 257.00
486.94 256.00
487.00 255.94
487.94 255.00
487.94 254.00
487.94 253.00
488.00 252.94
488.94 252.00
488.94 251.00
488.94 250.00
488.94 249.00
489.00 248.94
489.94 248.00

Contour 9:
489.95 481.00
489.95 480.00
489.95 479.00
489.95 478.00
489.00 477.05
488.95 477.00
488.95 476.00
488.95 475.00
488.95 474.00
488.95 473.00
488.00 472.05
487.95 472.00
487.95 471.00
487.95 470.00
487.00 469.05
486.95 469.00
486.95 468.00
486.00 467.05
485.95 467.00
485.95 466.00
485.00 465.05
484.95 465.00
484.95 464.00
484.00 463.05
483.95 463.00
483.95 462.00
483.00 461.05
482.95 461.00
482.00 460.05
481.95 460.00
481.95 459.00
481.00 458.05
480.95 458.00
480.00 457.05
479.00 457.05
478.95 457.00
478.00 456.05
477.00 456.05
476.95 456.00
476.00 455.05
475.00 455.05
474.00 455.05
473.00 455.05
472.00 455.05
471.00 455.05
470.00 455.05
469.00 455.05
468.00 455.05
467.00 455.05
466.00 455.05
465.05 456.00
465.00 456.05
464.00 456.05
463.00 456.05
462.00 456.05
461.05 457.00
461.00 457.05
460.00 457.05
459.00 457.05
458.05 458.00
458.00 458.05
457.00 458.05
456.00 458.05
455.05 459.00
455.00 459.05
454.00 459.05
453.00 459.05
452.05 460.00
452.00 460.05
451.00 460.05
450.05 461.00
450.00 461.05
449.00 461.05
448.00 461.05
447.05 462.00
447.00 462.05
446.00 462.05
445.00 462.05
444.05 463.00
444.00 463.05
443.00 463.05
442.05 464.00
442.00 464.05
441.00 464.05
440.00 464.05
439.05 465.00
439.00 465.05
438.00 465.05
437.05 466.00
437.00 466.05
436.00 466.05
435.05 467.00
435.00 467.05
434.05 468.00
434.00 468.05
433.00 468.05
432.05 469.00
432.00 469.05
431.05 470.00
431.00 470.05
430.00 470.05
429.05 471.00
429.00 471.05
428.05 472.00
428.00 472.05
427.05 473.00
427.00 473.05
426.05 474.00
426.00 474.05
425.05 475.00
425.00 475.05
424.05 476.00
424.05 477.00
424.05 478.00
424.05 479.00
424.00 479.05
423.05 480.00
423.05 481.00
423.05 482.00
423.05 483.00
423.05 484.00
423.05 485.00
423.05 486.00
423.05 487.00
423.05 488.00
423.05 489.00
423.05 490.00
423.05 491.00
423.05 492.00
423.05 493.00
424.00 493.95
424.05 494.00
424.05 495.00
425.00 495.95
425.05 496.00
425.05 497.00
426.00 497.95
426.05 498.00
426.05 499.00
427.00 499.95
427.05 500.00
428.00 500.95
428.05 501.00
429.00 501.95
429.05 502.00
430.00 502.95
430.05 503.00
431.00 503.95
432.00 503.95
432.05 504.00
433.00 504.95
434.00 504.95
434.05 505.00
435.00 505.95
436.00 505.95
436.05 506.00
437.00 506.95
438.00 506.95
439.00 506.95
440.00 506.95
440.05 507.00
441.00 507.95
442.00 507.95
443.00 507.95
444.00 507.95
445.00 507.95
446.00 507.95
447.00 507.95
448.00 507.95
449.00 507.95
450.00 507.95
451.00 507.95
452.00 507.95
453.00 507.95
454.00 507.95
455.00 507.95
456.00 507.95
457.00 507.95
458.00 507.95
459.00 507.95
460.00 507.95
460.95 507.00
461.00 506.95
462.00 506.95
463.00 506.95
464.00 506.95
465.00 506.95
466.00 506.95
466.95 506.00
467.00 505.95
468.00 505.95
468.95 505.00
469.00 504.95
470.00 504.95
470.95 504.00
471.00 503.95
472.00 503.95
472.95 503.00
473.00 502.95
474.00 502.95
474.95 502.00
475.00 501.95
476.00 501.95
476.95 501.00
477.00 500.95
477.95 500.00
478.00 499.95
479.00 499.95
479.95 499.00
480.00 498.95
480.95 498.00
481.00 497.95
481.95 497.00
482.00 496.95
482.95 496.00
483.00 495.95
483.95 495.00
484.00 494.95
484.95 494.00
485.00 493.95
485.95 493.00
486.00 492.95
486.95 492.00
486.95 491.00
487.00 490.95
487.95 490.00
487.95 489.00
487.95 488.00
488.00 487.95
488.95 487.00
488.95 486.00
488.95 485.00
488.95 484.00
488.95 483.00
488.95 482.00
489.00 481.95
489.95 481.00

Contour 10:
527.95 697.00
527.95 696.00
527.95 695.00
527.95 694.00
527.95 693.00
527.95 692.00
527.95 691.00
527.95 690.00
527.95 689.00
527.95 688.00
527.95 687.00
527.95 686.00
527.00 685.05
526.95 685.00
526.95 684.00
526.00 683.05
525.95 683.00
525.95 682.00
525.00 681.05
524.95 681.00
524.95 680.00
524.00 679.05
523.95 679.00
523.00 678.05
522.95 678.00
522.00 677.05
521.95 677.00
521.00 676.05
520.00 676.05
519.95 676.00
519.00 675.05
518.95 675.00
518.00 674.05
517.95 674.00
517.00 673.05
516.00 673.05
515.95 673.00
515.00 672.05
514.00 672.05
513.95 672.00
513.00 671.05
512.00 671.05
511.95 671.00
511.00 670.05
510.00 670.05
509.95 670.00
509.00 669.05
508.00 669.05
507.00 669.05
506.95 669.00
506.00 668.05
505.00 668.05
504.00 668.05
503.95 668.00
503.00 667.05
502.00 667.05
501.00 667.05
500.00 667.05
499.00 667.05
498.00 667.05
497.00 667.05
496.00 667.05
495.00 667.05
494.00 667.05
493.05 668.00
493.00 668.05
492.00 668.05
491.00 668.05
490.00 668.05
489.00 668.05
488.05 669.00
488.00 669.05
487.00 669.05
486.00 669.05
485.05 670.00
485.00 670.05
484.00 670.05
483.00 670.05
482.05 671.00
482.00 671.05
481.00 671.05
480.05 672.00
480.00 672.05
479.05 673.00
479.00 673.05
478.05 674.00
478.00 674.05
477.00 674.05
476.05 675.00
476.00 675.05
475.05 676.00
475.00 676.05
474.05 677.00
474.00 677.05
473.05 678.00
473.00 678.05
472.00 678.05
471.05 679.00
471.05 680.00
471.00 680.05
470.05 681.00
470.00 681.05
469.05 682.00
469.00 682.05
468.05 683.00
468.05 684.00
468.00 684.05
467.05 685.00
467.00 685.05
466.05 686.00
466.00 686.05
465.05 687.00
465.05 688.00
465.00 688.05
464.05 689.00
464.00 689.05
463.05 690.00
463.05 691.00
463.00 691.05
462.05 692.00
462.05 693.00
462.05 694.00
462.05 695.00
462.05 696.00
462.05 697.00
462.05 698.00
462.05 699.00
462.05 700.00
462.05 701.00
462.05 702.00
462.05 703.00
462.05 704.00
462.05 705.00
462.05 706.00
462.05 707.00
462.05 708.00
463.00 708.95
463.05 709.00
463.05 710.00
463.05 711.00
464.00 711.95
464.05 712.00
464.05 713.00
465.00 713.95
465.05 714.00
465.05 715.00
466.00 715.95
466.05 716.00
466.05 717.00
467.00 717.95
467.05 718.00
468.00 718.95
468.05 719.00
468.05 720.00
469.00 720.95
469.05 721.00
470.00 721.95
470.05 722.00
471.00 722.95
471.05 723.00
472.00 723.95
473.00 723.95
473.05 724.00
474.00 724.95
474.05 725.00
475.00 725.95
475.05 726.00
476.00 726.95
477.00 726.95
477.05 727.00
478.00 727.95
479.00 727.95
480.00 727.95
480.05 728.00
481.00 728.95
482.00 728.95
483.00 728.95
483.05 729.00
484.00 729.95
485.00 729.95
486.00 729.95
487.00 729.95
488.00 729.95
488.95 729.00
489.00 728.95
490.00 728.95
491.00 728.95
492.00 728.95
493.00 728.95
494.00 728.95
495.00 728.95
496.00 728.95
497.00 728.95
497.95 728.00
498.00 727.95
499.00 727.95
500.00 727.95
501.00 727.95
502.00 727.95
502.95 727.00
503.00 726.95
504.00 726.95
504.95 726.00
505.00 725.95
506.00 725.95
506.95 725.00
507.00 724.95
507.95 724.00
508.00 723.95
509.00 723.95
509.95 723.00
510.00 722.95
510.95 722.00
511.00 721.95
512.00 721.95
512.95 721.00
513.00 720.95
513.95 720.00
514.00 719.95
514.95 719.00
515.00 718.95
515.95 718.00
516.00 717.95
516.95 717.00
517.00 716.95
517.95 716.00
518.00 715.95
518.95 715.00
519.00 714.95
519.95 714.00
520.00 713.95
520.95 713.00
520.95 712.00
521.00 711.95
521.95 711.00
522.00 710.95
522.95 710.00
522.95 709.00
523.00 708.95
523.95 708.00
524.00 707.95
524.95 707.00
524.95 706.00
524.95 705.00
525.00 704.95
525.95 704.00
525.95 703.00
526.00 702.95
526.95 702.00
526.95 701.00
526.95 700.00
526.95 699.00
526.95 698.00
527.00 697.95
527.95 697.00

Contour 11:
548.96 454.00
548.96 453.00
548.96 452.00
548.96 451.00
548.96 450.00
548.96 449.00
548.96 448.00
548.96 447.00
548.00 446.04
547.96 446.00
547.96 445.00
547.96 444.00
547.96 443.00
547.96 442.00
547.00 441.04
546.96 441.00
546.96 440.00
546.00 439.04
545.96 439.00
545.96 438.00
545.00 437.04
544.96 437.00
544.96 436.00
544.00 435.04
543.96 435.00
543.00 434.04
542.96 434.00
542.00 433.04
541.96 433.00
541.00 432.04
540.96 432.00
540.96 431.00
540.00 430.04
539.96 430.00
539.00 429.04
538.96 429.00
538.00 428.04
537.96 428.00
537.00 427.04
536.96 427.00
536.00 426.04
535.96 426.00
535.00 425.04
534.96 425.00
534.00 424.04
533.96 424.00
533.00 423.04
532.00 423.04
531.96 423.00
531.00 422.04
530.96 422.00
530.00 421.04
529.00 421.04
528.96 421.00
528.00 420.04
527.00 420.04
526.96 420.00
526.00 419.04
525.00 419.04
524.00 419.04
523.96 419.00
523.00 418.04
522.00 418.04
521.00 418.04
520.00 418.04
519.00 418.04
518.00 418.04
517.00 418.04
516.00 418.04
515.00 418.04
514.00 418.04
513.04 419.00
513.00 419.04
512.00 419.04
511.00 419.04
510.04 420.00
510.00 420.04
509.00 420.04
508.04 421.00
508.00 421.04
507.00 421.04
506.00 421.04
505.04 422.00
505.00 422.04
504.04 423.00
504.00 423.04
503.00 423.04
502.04 424.00
502.00 424.04
501.00 424.04
500.04 425.00
500.00 425.04
499.04 426.00
499.00 426.04
498.00 426.04
497.04 427.00
497.00 427.04
496.04 428.00
496.00 428.04
495.04 429.00
495.04 430.00
495.00 430.04
494.04 431.00
494.00 431.04
493.04 432.00
493.04 433.00
493.00 433.04
492.04 434.00
492.00 434.04
491.04 435.00
491.04 436.00
491.00 436.04
490.04 437.00
490.04 438.00
490.04 439.00
490.00 439.04
489.04 440.00
489.04 441.00
489.04 442.00
489.04 443.00
489.04 444.00
489.04 445.00
489.04 446.00
489.04 447.00
489.04 448.00
489.04 449.00
489.04 450.00
489.04 451.00
490.00 451.96
490.04 452.00
490.04 453.00
490.04 454.00
490.04 455.00
491.00 455.96
491.04 456.00
491.04 457.00
491.04 458.00
492.00 458.96
492.04 459.00
492.04 460.00
492.04 461.00
493.00 461.96
493.04 462.00
493.04 463.00
494.00 463.96
494.04 464.00
494.04 465.00
495.00 465.96
495.04 466.00
495.04 467.00
496.00 467.96
496.04 468.00
496.04 469.00
497.00 469.96
497.04 470.00
497.04 471.00
498.00 471.96
498.04 472.00
499.00 472.96
499.04 473.00
500.00 473.96
500.04 474.00
501.00 474.96
501.04 475.00
502.00 475.96
503.00 475.96
503.04 476.00
504.00 476.96
504.04 477.00
505.00 477.96
506.00 477.96
506.04 478.00
507.00 478.96
508.00 478.96
508.04 479.00
509.00 479.96
510.00 479.96
510.04 480.00
511.00 480.96
512.00 480.96
513.00 480.96
513.04 481.00
514.00 481.96
515.00 481.96
516.00 481.96
517.00 481.96
518.00 481.96
519.00 481.96
520.00 481.96
521.00 481.96
522.00 481.96
523.00 481.96
524.00 481.96
525.00 481.96
525.96 481.00
526.00 480.96
527.00 480.96
528.00 480.96
528.96 480.00
529.00 479.96
530.00 479.96
530.96 479.00
531.00 478.96
532.00 478.96
533.00 478.96
533.96 478.00
534.00 477.96
534.96 477.00
535.00 476.96
535.96 476.00
536.00 475.96
537.00 475.96
537.96 475.00
538.00 474.96
538.96 474.00
539.00 473.96
539.96 473.00
540.00 472.96
540.96 472.00
541.00 471.96
541.96 471.00
542.00 470.96
542.96 470.00
543.00 469.96
543.96 469.00
543.96 468.00
544.00 467.96
544.96 467.00
544.96 466.00
545.00 465.96
545.96 465.00
545.96 464.00
546.00 463.96
546.96 463.00
546.96 462.00
546.96 461.00
547.00 460.96
547.96 460.00
547.96 459.00
547.96 458.00
547.96 457.00
547.96 456.00
547.96 455.00
548.00 454.96
548.96 454.00

Contour 12:
556.96 331.00
556.96 330.00
556.96 329.00
556.96 328.00
556.96 327.00
556.96 326.00
556.96 325.00
556.96 324.00
556.96 323.00
556.00 322.04
555.96 322.00
555.96 321.00
555.96 320.00
555.96 319.00
555.96 318.00
555.96 317.00
555.96 316.00
555.96 315.00
555.00 314.04
554.96 314.00
554.96 313.00
554.96 312.00
554.00 311.04
553.96 311.00
553.96 310.00
553.00 309.04
552.96 309.00
552.00 308.04
551.96 308.00
551.96 307.00
551.00 306.04
550.96 306.00
550.00 305.04
549.96 305.00
549.00 304.04
548.96 304.00
548.00 303.04
547.96 303.00
547.00 302.04
546.00 302.04
545.96 302.00
545.00 301.04
544.96 301.00
544.00 300.04
543.00 300.04
542.96 300.00
542.00 299.04
541.96 299.00
541.00 298.04
540.96 298.00
540.00 297.04
539.00 297.04
538.96 297.00
538.00 296.04
537.00 296.04
536.96 296.00
536.00 295.04
535.00 295.04
534.00 295.04
533.96 295.00
533.00 294.04
532.00 294.04
531.00 294.04
530.96 294.00
530.00 293.04
529.00 293.04
528.00 293.04
527.00 293.04
526.00 293.04
525.00 293.04
524.00 293.04
523.00 293.04
522.04 294.00
522.00 294.04
521.00 294.04
520.00 294.04
519.00 294.04
518.04 295.00
518.00 295.04
517.00 295.04
516.00 295.04
515.04 296.00
515.00 296.04
514.00 296.04
513.04 297.00
513.00 297.04
512.00 297.04
511.04 298.00
511.00 298.04
510.04 299.00
510.00 299.04
509.00 299.04
508.04 300.00
508.00 300.04
507.04 301.00
507.00 301.04
506.04 302.00
506.00 302.04
505.04 303.00
505.00 303.04
504.04 304.00
504.00 304.04
503.04 305.00
503.04 306.00
503.00 306.04
502.04 307.00
502.00 307.04
501.04 308.00
501.04 309.00
501.04 310.00
501.04 311.00
501.00 311.04
500.04 312.00
500.04 313.00
500.04 314.00
500.04 315.00
500.04 316.00
500.04 317.00
500.04 318.00
500.04 319.00
500.04 320.00
500.04 321.00
500.04 322.00
501.00 322.96
501.04 323.00
501.04 324.00
501.04 325.00
501.04 326.00
502.00 326.96
502.04 327.00
502.04 328.00
502.04 329.00
502.04 330.00
503.00 330.96
503.04 331.00
503.04 332.00
504.00 332.96
504.04 333.00
504.04 334.00
505.00 334.96
505.04 335.00
505.04 336.00
506.00 336.96
506.04 337.00
506.04 338.00
507.00 338.96
507.04 339.00
508.00 339.96
508.04 340.00
509.00 340.96
509.04 341.00
510.00 341.96
510.04 342.00
510.04 343.00
511.00 343.96
511.04 344.00
512.00 344.96
512.04 345.00
513.00 345.96
513.04 346.00
514.00 346.96
514.04 347.00
515.00 347.96
516.00 347.96
516.04 348.00
517.00 348.96
517.04 349.00
518.00 349.96
518.04 350.00
519.00 350.96
520.00 350.96
520.04 351.00
521.00 351.96
521.04 352.00
522.00 352.96
523.00 352.96
523.04 353.00
524.00 353.96
525.00 353.96
526.00 353.96
526.04 354.00
527.00 354.96
528.00 354.96
529.00 354.96
529.04 355.00
530.00 355.96
531.00 355.96
532.00 355.96
533.00 355.96
534.00 355.96
535.00 355.96
536.00 355.96
536.96 355.00
537.00 354.96
538.00 354.96
539.00 354.96
540.00 354.96
540.96 354.00
541.00 353.96
542.00 353.96
542.96 353.00
543.00 352.96
544.00 352.96
544.96 352.00
545.00 351.96
545.96 351.00
546.00 350.96
546.96 350.00
547.00 349.96
547.96 349.00
548.00 348.96
548.96 348.00
549.00 347.96
549.96 347.00
550.00 346.96
550.96 346.00
551.00 345.96
551.96 345.00
551.96 344.00
552.00 343.96
552.96 343.00
552.96 342.00
553.00 341.96
553.96 341.00
553.96 340.00
553.96 339.00
554.00 338.96
554.96 338.00
554.96 337.00
555.00 336.96
555.96 336.00
555.96 335.00
555.96 334.00
555.96 333.00
555.96 332.00
556.00 331.96
556.96 331.00

Contour 13:
568.96 536.00
568.96 535.00
568.96 534.00
568.96 533.00
568.96 532.00
568.96 531.00
568.96 530.00
568.96 529.00
568.96 528.00
568.96 527.00
568.96 526.00
568.00 525.04
567.96 525.00
567.96 524.00
567.96 523.00
567.00 522.04
566.96 522.00
566.00 521.04
565.96 521.00
565.96 520.00
565.00 519.04
564.00 519.04
563.96 519.00
563.00 518.04
562.96 518.00
562.00 517.04
561.96 517.00
561.00 516.04
560.96 516.00
560.00 515.04
559.96 515.00
559.00 514.04
558.96 514.00
558.00 513.04
557.96 513.00
557.00 512.04
556.96 512.00
556.00 511.04
555.96 511.00
555.00 510.04
554.00 510.04
553.96 510.00
553.00 509.04
552.00 509.04
551.96 509.00
551.00 508.04
550.00 508.04
549.00 508.04
548.96 508.00
548.00 507.04
547.00 507.04
546.00 507.04
545.00 507.04
544.00 507.04
543.00 507.04
542.00 507.04
541.00 507.04
540.00 507.04
539.00 507.04
538.00 507.04
537.00 507.04
536.04 508.00
536.00 508.04
535.00 508.04
534.00 508.04
533.04 509.00
533.00 509.04
532.00 509.04
531.00 509.04
530.04 510.00
530.00 510.04
529.00 510.04
528.04 511.00
528.00 511.04
527.00 511.04
526.04 512.00
526.00 512.04
525.04 513.00
525.00 513.04
524.00 513.04
523.04 514.00
523.00 514.04
522.04 515.00
522.00 515.04
521.00 515.04
520.04 516.00
520.00 516.04
519.04 517.00
519.00 517.04
518.04 518.00
518.00 518.04
517.04 519.00
517.00 519.04
516.04 520.00
516.00 520.04
515.04 521.00
515.04 522.00
515.00 522.04
514.04 523.00
514.00 523.04
513.04 524.00
513.04 525.00
513.00 525.04
512.04 526.00
512.00 526.04
511.04 527.00
511.04 528.00
511.04 529.00
511.00 529.04
510.04 530.00
510.04 531.00
510.04 532.00
510.00 532.04
509.04 533.00
509.04 534.00
509.04 535.00
509.04 536.00
509.04 537.00
509.04 538.00
509.04 539.00
509.00 539.04
508.04 540.00
508.04 541.00
508.04 542.00
508.04 543.00
508.04 544.00
508.04 545.00
509.00 545.96
509.04 546.00
509.04 547.00
509.04 548.00
510.00 548.96
510.04 549.00
510.04 550.00
511.00 550.96
511.04 551.00
511.04 552.00
512.00 552.96
512.04 553.00
512.04 554.00
513.00 554.96
513.04 555.00
513.04 556.00
514.00 556.96
514.04 557.00
515.00 557.96
515.04 558.00
515.04 559.00
516.00 559.96
516.04 560.00
517.00 560.96
517.04 561.00
517.04 562.00
518.00 562.96
518.04 563.00
519.00 563.96
519.04 564.00
520.00 564.96
520.04 565.00
521.00 565.96
521.04 566.00
522.00 566.96
522.04 567.00
523.00 567.96
523.04 568.00
524.00 568.96
525.00 568.96
525.04 569.00
526.00 569.96
527.00 569.96
527.04 570.00
528.00 570.96
529.00 570.96
529.04 571.00
530.00 571.96
531.00 571.96
532.00 571.96
533.00 571.96
534.00 571.96
535.00 571.96
536.00 571.96
537.00 571.96
538.00 571.96
539.00 571.96
539.96 571.00
540.00 570.96
541.00 570.96
541.96 570.00
542.00 569.96
543.00 569.96
543.96 569.00
544.00 568.96
545.00 568.96
545.96 568.00
546.00 567.96
547.00 567.96
547.96 567.00
548.00 566.96
548.96 566.00
549.00 565.96
549.96 565.00
550.00 564.96
550.96 564.00
551.00 563.96
551.96 563.00
552.00 562.96
553.00 562.96
553.96 562.00
554.00 561.96
554.96 561.00
555.00 560.96
555.96 560.00
555.96 559.00
556.00 558.96
556.96 558.00
557.00 557.96
557.96 557.00
558.00 556.96
558.96 556.00
558.96 555.00
559.00 554.96
560.00 554.96
560.96 554.00
561.00 553.96
562.00 553.96
562.96 553.00
562.96 552.00
562.96 551.00
563.00 550.96
563.96 550.00
564.00 549.96
564.96 549.00
565.00 548.96
565.96 548.00
565.96 547.00
566.00 546.96
566.96 546.00
566.96 545.00
567.00 544.96
567.96 544.00
567.96 543.00
567.96 542.00
567.96 541.00
567.96 540.00
567.96 539.00
567.96 538.00
567.96 537.00
568.00 536.96
568.96 536.00

Contour 14:
608.97 641.00
608.97 640.00
608.97 639.00
608.97 638.00
608.97 637.00
608.97 636.00
608.97 635.00
608.97 634.00
608.97 633.00
608.97 632.00
608.97 631.00
608.97 630.00
608.97 629.00
608.97 628.00
608.00 627.03
607.97 627.00
607.97 626.00
607.97 625.00
607.97 624.00
607.97 623.00
607.97 622.00
607.97 621.00
607.97 620.00
607.97 619.00
607.97 618.00
607.00 617.03
606.97 617.00
606.00 616.03
605.97 616.00
605.97 615.00
605.00 614.03
604.97 614.00
604.00 613.03
603.97 613.00
603.00 612.03
602.97 612.00
602.00 611.03
601.97 611.00
601.00 610.03
600.00 610.03
599.00 610.03
598.97 610.00
598.00 609.03
597.00 609.03
596.97 609.00
596.00 608.03
595.00 608.03
594.97 608.00
594.00 607.03
593.00 607.03
592.00 607.03
591.97 607.00
591.00 606.03
590.00 606.03
589.97 606.00
589.00 605.03
588.00 605.03
587.00 605.03
586.00 605.03
585.00 605.03
584.00 605.03
583.00 605.03
582.00 605.03
581.97 605.00
581.00 604.03
580.00 604.03
579.00 604.03
578.00 604.03
577.00 604.03
576.00 604.03
575.00 604.03
574.00 604.03
573.00 604.03
572.03 605.00
572.00 605.03
571.00 605.03
570.00 605.03
569.03 606.00
569.00 606.03
568.00 606.03
567.00 606.03
566.03 607.00
566.00 607.03
565.00 607.03
564.03 608.00
564.00 608.03
563.00 608.03
562.00 608.03
561.03 609.00
561.00 609.03
560.03 610.00
560.00 610.03
559.00 610.03
558.03 611.00
558.00 611.03
557.03 612.00
557.00 612.03
556.03 613.00
556.00 613.03
555.00 613.03
554.03 614.00
554.00 614.03
553.00 614.03
552.03 615.00
552.03 616.00
552.00 616.03
551.03 617.00
551.00 617.03
550.03 618.00
550.03 619.00
550.00 619.03
549.03 620.00
549.00 620.03
548.03 621.00
548.00 621.03
547.03 622.00
547.03 623.00
547.00 623.03
546.03 624.00
546.00 624.03
545.03 625.00
545.00 625.03
544.03 626.00
544.03 627.00
544.00 627.03
543.03 628.00
543.03 629.00
543.00 629.03
542.03 630.00
542.03 631.00
542.03 632.00
542.00 632.03
541.03 633.00
541.03 634.00
541.03 635.00
541.00 635.03
540.03 636.00
540.03 637.00
540.03 638.00
540.03 639.00
540.03 640.00
540.03 641.00
540.03 642.00
540.03 643.00
541.00 643.97
541.03 644.00
541.03 645.00
541.03 646.00
542.00 646.97
542.03 647.00
542.03 648.00
543.00 648.97
543.03 649.00
543.03 650.00
544.00 650.97
544.03 651.00
544.03 652.00
545.00 652.97
545.03 653.00
546.00 653.97
546.03 654.00
547.00 654.97
547.03 655.00
548.00 655.97
548.03 656.00
549.00 656.97
549.03 657.00
550.00 657.97
550.03 658.00
550.03 659.00
551.00 659.97
551.03 660.00
552.00 660.97
552.03 661.00
552.03 662.00
553.00 662.97
553.03 663.00
554.00 663.97
554.03 664.00
555.00 664.97
556.00 664.97
556.03 665.00
557.00 665.97
558.00 665.97
558.03 666.00
559.00 666.97
559.03 667.00
560.00 667.97
560.03 668.00
561.00 668.97
562.00 668.97
562.03 669.00
563.00 669.97
564.00 669.97
564.03 670.00
565.00 670.97
565.03 671.00
566.00 671.97
567.00 671.97
568.00 671.97
569.00 671.97
570.00 671.97
571.00 671.97
572.00 671.97
573.00 671.97
574.00 671.97
575.00 671.97
576.00 671.97
577.00 671.97
578.00 671.97
578.97 671.00
579.00 670.97
580.00 670.97
581.00 670.97
581.97 670.00
582.00 669.97
583.00 669.97
583.97 669.00
584.00 668.97
585.00 668.97
586.00 668.97
586.97 668.00
587.00 667.97
588.00 667.97
589.00 667.97
590.00 667.97
590.97 667.00
591.00 666.97
591.97 666.00
592.00 665.97
592.97 665.00
593.00 664.97
593.97 664.00
594.00 663.97
594.97 663.00
595.00 662.97
595.97 662.00
596.00 661.97
597.00 661.97
597.97 661.00
598.00 660.97
598.97 660.00
599.00 659.97
599.97 659.00
600.00 658.97
601.00 658.97
601.97 658.00
602.00 657.97
602.97 657.00
603.00 656.97
603.97 656.00
604.00 655.97
604.97 655.00
605.00 654.97
605.97 654.00
605.97 653.00
605.97 652.00
605.97 651.00
606.00 650.97
606.97 650.00
606.97 649.00
606.97 648.00
607.00 647.97
607.97 647.00
607.97 646.00
607.97 645.00
607.97 644.00
607.97 643.00
607.97 642.00
608.00 641.97
608.97 641.00

Contour 15:
656.97 497.00
656.97 496.00
656.97 495.00
656.97 494.00
656.97 493.00
656.97 492.00
656.97 491.00
656.97 490.00
656.97 489.00
656.97 488.00
656.97 487.00
656.97 486.00
656.97 485.00
656.00 484.03
655.97 484.00
655.97 483.00
655.97 482.00
655.00 481.03
654.97 481.00
654.97 480.00
654.97 479.00
654.00 478.03
653.97 478.00
653.97 477.00
653.00 476.03
652.97 476.00
652.97 475.00
652.00 474.03
651.97 474.00
651.97 473.00
651.00 472.03
650.97 472.00
650.00 471.03
649.97 471.00
649.97 470.00
649.00 469.03
648.97 469.00
648.00 468.03
647.97 468.00
647.00 467.03
646.97 467.00
646.00 466.03
645.97 466.00
645.97 465.00
645.00 464.03
644.97 464.00
644.00 463.03
643.97 463.00
643.00 462.03
642.97 462.00
642.00 461.03
641.97 461.00
641.00 460.03
640.97 460.00
640.00 459.03
639.97 459.00
639.00 458.03
638.97 458.00
638.00 457.03
637.00 457.03
636.97 457.00
636.00 456.03
635.00 456.03
634.97 456.00
634.00 455.03
633.00 455.03
632.00 455.03
631.00 455.03
630.97 455.00
630.00 454.03
629.00 454.03
628.00 454.03
627.00 454.03
626.00 454.03
625.00 454.03
624.00 454.03
623.00 454.03
622.00 454.03
621.00 454.03
620.00 454.03
619.00 454.03
618.03 455.00
618.00 455.03
617.00 455.03
616.00 455.03
615.03 456.00
615.00 456.03
614.00 456.03
613.03 457.00
613.00 457.03
612.00 457.03
611.03 458.00
611.00 458.03
610.00 458.03
609.03 459.00
609.00 459.03
608.00 459.03
607.03 460.00
607.00 460.03
606.03 461.00
606.00 461.03
605.00 461.03
604.03 462.00
604.00 462.03
603.03 463.00
603.00 463.03
602.03 464.00
602.00 464.03
601.03 465.00
601.00 465.03
600.03 466.00
600.00 466.03
599.03 467.00
599.00 467.03
598.03 468.00
598.00 468.03
597.03 469.00
597.03 470.00
597.00 470.03
596.03 471.00
596.00 471.03
595.03 472.00
595.00 472.03
594.03 473.00
594.00 473.03
593.03 474.00
593.00 474.03
592.03 475.00
592.03 476.00
592.00 476.03
591.03 477.00
591.03 478.00
591.03 479.00
591.00 479.03
590.03 480.00
590.03 481.00
590.03 482.00
590.03 483.00
590.00 483.03
589.03 484.00
589.03 485.00
589.03 486.00
589.03 487.00
589.03 488.00
589.03 489.00
589.03 490.00
589.03 491.00
589.03 492.00
589.03 493.00
590.00 493.97
590.03 494.00
590.03 495.00
591.00 495.97
591.03 496.00
592.00 496.97
592.03 497.00
593.00 497.97
593.03 498.00
594.00 498.97
594.03 499.00
594.03 500.00
595.00 500.97
595.03 501.00
596.00 501.97
596.03 502.00
597.00 502.97
597.03 503.00
598.00 503.97
598.03 504.00
599.00 504.97
599.03 505.00
600.00 505.97
600.03 506.00
601.00 506.97
601.03 507.00
602.00 507.97
602.03 508.00
603.00 508.97
603.03 509.00
604.00 509.97
604.03 510.00
605.00 510.97
605.03 511.00
606.00 511.97
607.00 511.97
607.03 512.00
608.00 512.97
609.00 512.97
609.03 513.00
610.00 513.97
611.00 513.97
612.00 513.97
612.03 514.00
613.00 514.97
614.00 514.97
615.00 514.97
616.00 514.97
617.00 514.97
618.00 514.97
618.03 515.00
619.00 515.97
620.00 515.97
621.00 515.97
622.00 515.97
623.00 515.97
624.00 515.97
625.00 515.97
626.00 515.97
627.00 515.97
628.00 515.97
629.00 515.97
630.00 515.97
631.00 515.97
632.00 515.97
633.00 515.97
634.00 515.97
634.97 515.00
635.00 514.97
636.00 514.97
637.00 514.97
638.00 514.97
638.97 514.00
639.00 513.97
640.00 513.97
641.00 513.97
642.00 513.97
642.97 513.00
643.00 512.97
644.00 512.97
644.97 512.00
645.00 511.97
646.00 511.97
646.97 511.00
647.00 510.97
647.97 510.00
648.00 509.97
649.00 509.97
649.97 509.00
650.00 508.97
650.97 508.00
651.00 507.97
651.97 507.00
652.00 506.97
652.97 506.00
653.00 505.97
653.97 505.00
653.97 504.00
654.00 503.97
654.97 503.00
654.97 502.00
655.00 501.97
655.97 501.00
655.97 500.00
655.97 499.00
655.97 498.00
656.00 497.97
656.97 497.00

Contour 16:
657.97 328.00
657.97 327.00
657.97 326.00
657.97 325.00
657.97 324.00
657.97 323.00
657.00 322.03
656.97 322.00
656.97 321.00
656.97 320.00
656.00 319.03
655.97 319.00
655.97 318.00
655.97 317.00
655.00 316.03
654.97 316.00
654.97 315.00
654.00 314.03
653.97 314.00
653.97 313.00
653.00 312.03
652.97 312.00
652.00 311.03
651.97 311.00
651.97 310.00
651.00 309.03
650.97 309.00
650.00 308.03
649.97 308.00
649.00 307.03
648.97 307.00
648.00 306.03
647.97 306.00
647.00 305.03
646.97 305.00
646.00 304.03
645.97 304.00
645.00 303.03
644.00 303.03
643.97 303.00
643.00 302.03
642.00 302.03
641.97 302.00
641.00 301.03
640.00 301.03
639.97 301.00
639.00 300.03
638.00 300.03
637.97 300.00
637.00 299.03
636.00 299.03
635.97 299.00
635.00 298.03
634.00 298.03
633.00 298.03
632.97 298.00
632.00 297.03
631.00 297.03
630.00 297.03
629.00 297.03
628.00 297.03
627.00 297.03
626.00 297.03
625.00 297.03
624.97 297.00
624.00 296.03
623.00 296.03
622.00 296.03
621.03 297.00
621.00 297.03
620.00 297.03
619.00 297.03
618.00 297.03
617.00 297.03
616.00 297.03
615.00 297.03
614.00 297.03
613.00 297.03
612.00 297.03
611.00 297.03
610.03 298.00
610.00 298.03
609.00 298.03
608.00 298.03
607.00 298.03
606.03 299.00
606.00 299.03
605.00 299.03
604.00 299.03
603.03 300.00
603.00 300.03
602.00 300.03
601.03 301.00
601.00 301.03
600.03 302.00
600.00 302.03
599.03 303.00
599.00 303.03
598.03 304.00
598.00 304.03
597.03 305.00
597.03 306.00
597.00 306.03
596.03 307.00
596.00 307.03
595.03 308.00
595.00 308.03
594.03 309.00
594.00 309.03
593.03 310.00
593.03 311.00
593.00 311.03
592.03 312.00
592.03 313.00
592.00 313.03
591.03 314.00
591.03 315.00
591.03 316.00
591.03 317.00
591.03 318.00
591.03 319.00
591.03 320.00
592.00 320.97
592.03 321.00
592.03 322.00
592.03 323.00
593.00 323.97
593.03 324.00
593.03 325.00
594.00 325.97
594.03 326.00
594.03 327.00
595.00 327.97
595.03 328.00
595.03 329.00
596.00 329.97
596.03 330.00
596.03 331.00
597.00 331.97
597.03 332.00
598.00 332.97
598.03 333.00
599.00 333.97
599.03 334.00
599.03 335.00
600.00 335.97
600.03 336.00
601.00 336.97
601.03 337.00
602.00 337.97
602.03 338.00
603.00 338.97
604.00 338.97
604.03 339.00
605.00 339.97
605.03 340.00
606.00 340.97
606.03 341.00
607.00 341.97
608.00 341.97
608.03 342.00
609.00 342.97
610.00 342.97
611.00 342.97
611.03 343.00
612.00 343.97
613.00 343.97
614.00 343.97
614.03 344.00
615.00 344.97
616.00 344.97
617.00 344.97
618.00 344.97
618.03 345.00
619.00 345.97
620.00 345.97
621.00 345.97
622.00 345.97
623.00 345.97
624.00 345.97
624.03 346.00
625.00 346.97
626.00 346.97
627.00 346.97
628.00 346.97
629.00 346.97
630.00 346.97
630.03 347.00
631.00 347.97
632.00 347.97
633.00 347.97
634.00 347.97
635.00 347.97
636.00 347.97
637.00 347.97
638.00 347.97
639.00 347.97
640.00 347.97
641.00 347.97
642.00 347.97
642.97 347.00
643.00 346.97
644.00 346.97
645.00 346.97
645.97 346.00
646.00 345.97
646.97 345.00
647.00 344.97
647.97 344.00
648.00 343.97
648.97 343.00
649.00 342.97
649.97 342.00
650.00 341.97
650.97 341.00
651.00 340.97
651.97 340.00
652.00 339.97
652.97 339.00
652.97 338.00
653.00 337.97
653.97 337.00
653.97 336.00
654.00 335.97
654.97 335.00
655.00 334.97
655.97 334.00
655.97 333.00
655.97 332.00
656.00 331.97
656.97 331.00
656.97 330.00
656.97 329.00
657.00 328.97
657.97 328.00

Contour 17:
701.97 422.00
701.97 421.00
701.00 420.03
700.97 420.00
700.97 419.00
700.97 418.00
700.97 417.00
700.00 416.03
699.97 416.00
699.97 415.00
699.00 414.03
698.97 414.00
698.00 413.03
697.97 413.00
697.97 412.00
697.00 411.03
696.97 411.00
696.97 410.00
696.00 409.03
695.97 409.00
695.00 408.03
694.00 408.03
693.97 408.00
693.00 407.03
692.97 407.00
692.00 406.03
691.00 406.03
690.97 406.00
690.00 405.03
689.00 405.03
688.97 405.00
688.00 404.03
687.97 404.00
687.00 403.03
686.00 403.03
685.97 403.00
685.00 402.03
684.00 402.03
683.97 402.00
683.00 401.03
682.97 401.00
682.00 400.03
681.00 400.03
680.97 400.00
680.00 399.03
679.00 399.03
678.97 399.00
678.00 398.03
677.00 398.03
676.97 398.00
676.00 397.03
675.00 397.03
674.97 397.00
674.00 396.03
673.00 396.03
672.97 396.00
672.00 395.03
671.00 395.03
670.00 395.03
669.97 395.00
669.00 394.03
668.00 394.03
667.97 394.00
667.00 393.03
666.00 393.03
665.00 393.03
664.97 393.00
664.00 392.03
663.00 392.03
662.00 392.03
661.00 392.03
660.00 392.03
659.00 392.03
658.00 392.03
657.00 392.03
656.00 392.03
655.00 392.03
654.03 393.00
654.00 393.03
653.00 393.03
652.03 394.00
652.00 394.03
651.00 394.03
650.03 395.00
650.00 395.03
649.00 395.03
648.03 396.00
648.00 396.03
647.03 397.00
647.00 397.03
646.03 398.00
646.00 398.03
645.03 399.00
645.00 399.03
644.03 400.00
644.00 400.03
643.03 401.00
643.00 401.03
642.03 402.00
642.00 402.03
641.03 403.00
641.03 404.00
641.00 404.03
640.03 405.00
640.03 406.00
640.00 406.03
639.03 407.00
639.03 408.00
639.00 408.03
638.03 409.00
638.03 410.00
638.03 411.00
638.03 412.00
638.03 413.00
638.00 413.03
637.03 414.00
637.03 415.00
637.03 416.00
637.03 417.00
638.00 417.97
638.03 418.00
638.03 419.00
638.03 420.00
638.03 421.00
638.03 422.00
639.00 422.97
639.03 423.00
639.03 424.00
639.03 425.00
640.00 425.97
640.03 426.00
640.03 427.00
641.00 427.97
641.03 428.00
641.03 429.00
642.00 429.97
642.03 430.00
643.00 430.97
643.03 431.00
644.00 431.97
644.03 432.00
644.03 433.00
645.00 433.97
645.03 434.00
646.00 434.97
647.00 434.97
647.03 435.00
648.00 435.97
648.03 436.00
649.00 436.97
649.03 437.00
650.00 437.97
651.00 437.97
651.03 438.00
652.00 438.97
653.00 438.97
653.03 439.00
654.00 439.97
655.00 439.97
656.00 439.97
656.03 440.00
657.00 440.97
658.00 440.97
659.00 440.97
659.03 441.00
660.00 441.97
661.00 441.97
662.00 441.97
663.00 441.97
663.03 442.00
664.00 442.97
665.00 442.97
666.00 442.97
667.00 442.97
668.00 442.97
668.03 443.00
669.00 443.97
670.00 443.97
671.00 443.97
672.00 443.97
673.00 443.97
674.00 443.97
675.00 443.97
676.00 443.97
677.00 443.97
678.00 443.97
679.00 443.97
680.00 443.97
681.00 443.97
682.00 443.97
683.00 443.97
683.97 443.00
684.00 442.97
685.00 442.97
686.00 442.97
687.00 442.97
687.97 442.00
688.00 441.97
689.00 441.97
690.00 441.97
690.97 441.00
691.00 440.97
691.97 440.00
692.00 439.97
693.00 439.97
693.97 439.00
694.00 438.97
694.97 438.00
695.00 437.97
695.97 437.00
696.00 436.97
696.97 436.00
697.00 435.97
697.97 435.00
697.97 434.00
698.00 433.97
698.97 433.00
698.97 432.00
699.00 431.97
699.97 431.00
699.97 430.00
699.97 429.00
700.00 428.97
700.97 428.00
700.97 427.00
700.97 426.00
700.97 425.00
700.97 424.00
700.97 423.00
701.00 422.97
701.97 422.00

Contour 18:
728.97 621.00
728.97 620.00
728.97 619.00
728.97 618.00
728.00 617.03
727.97 617.00
727.97 616.00
727.97 615.00
727.97 614.00
727.97 613.00
727.97 612.00
727.97 611.00
727.97 610.00
727.00 609.03
726.97 609.00
726.97 608.00
726.00 607.03
725.97 607.00
725.97 606.00
725.00 605.03
724.97 605.00
724.00 604.03
723.00 604.03
722.97 604.00
722.00 603.03
721.97 603.00
721.00 602.03
720.97 602.00
720.00 601.03
719.97 601.00
719.00 600.03
718.97 600.00
718.00 599.03
717.97 599.00
717.00 598.03
716.97 598.00
716.00 597.03
715.00 597.03
714.97 597.00
714.00 596.03
713.00 596.03
712.00 596.03
711.00 596.03
710.97 596.00
710.00 595.03
709.00 595.03
708.00 595.03
707.00 595.03
706.00 595.03
705.00 595.03
704.00 595.03
703.00 595.03
702.00 595.03
701.00 595.03
700.00 595.03
699.00 595.03
698.03 596.00
698.00 596.03
697.00 596.03
696.00 596.03
695.03 597.00
695.00 597.03
694.03 598.00
694.00 598.03
693.03 599.00
693.00 599.03
692.00 599.03
691.03 600.00
691.00 600.03
690.03 601.00
690.00 601.03
689.00 601.03
688.03 602.00
688.00 602.03
687.00 602.03
686.03 603.00
686.00 603.03
685.03 604.00
685.00 604.03
684.00 604.03
683.03 605.00
683.00 605.03
682.03 606.00
682.00 606.03
681.03 607.00
681.00 607.03
680.00 607.03
679.03 608.00
679.00 608.03
678.03 609.00
678.00 609.03
677.00 609.03
676.03 610.00
676.00 610.03
675.03 611.00
675.03 612.00
675.03 613.00
675.00 613.03
674.00 613.03
673.03 614.00
673.00 614.03
672.03 615.00
672.00 615.03
671.03 616.00
671.00 616.03
670.03 617.00
670.00 617.03
669.03 618.00
669.00 618.03
668.03 619.00
668.00 619.03
667.03 620.00
667.00 620.03
666.03 621.00
666.03 622.00
666.00 622.03
665.03 623.00
665.00 623.03
664.03 624.00
664.00 624.03
663.03 625.00
663.03 626.00
663.03 627.00
663.00 627.03
662.03 628.00
662.03 629.00
662.00 629.03
661.03 630.00
661.03 631.00
661.03 632.00
661.00 632.03
660.03 633.00
660.03 634.00
660.03 635.00
660.03 636.00
661.00 636.97
661.03 637.00
661.03 638.00
661.03 639.00
661.03 640.00
661.03 641.00
661.03 642.00
662.00 642.97
662.03 643.00
662.03 644.00
662.03 645.00
662.03 646.00
663.00 646.97
663.03 647.00
663.03 648.00
664.00 648.97
664.03 649.00
665.00 649.97
665.03 650.00
666.00 650.97
666.03 651.00
666.03 652.00
666.03 653.00
666.03 654.00
667.00 654.97
667.03 655.00
667.03 656.00
668.00 656.97
669.00 656.97
669.03 657.00
669.03 658.00
669.03 659.00
670.00 659.97
670.03 660.00
671.00 660.97
671.03 661.00
672.00 661.97
673.00 661.97
673.03 662.00
674.00 662.97
675.00 662.97
675.03 663.00
676.00 663.97
677.00 663.97
677.03 664.00
678.00 664.97
679.00 664.97
679.03 665.00
680.00 665.97
681.00 665.97
682.00 665.97
682.03 666.00
683.00 666.97
684.00 666.97
685.00 666.97
686.00 666.97
687.00 666.97
688.00 666.97
689.00 666.97
689.97 666.00
690.00 665.97
691.00 665.97
692.00 665.97
693.00 665.97
693.97 665.00
694.00 664.97
695.00 664.97
696.00 664.97
696.97 664.00
697.00 663.97
697.97 663.00
698.00 662.97
699.00 662.97
700.00 662.97
700.97 662.00
701.00 661.97
702.00 661.97
703.00 661.97
703.97 661.00
704.00 660.97
705.00 660.97
705.97 660.00
706.00 659.97
706.97 659.00
707.00 658.97
708.00 658.97
708.97 658.00
709.00 657.97
709.97 657.00
710.00 656.97
710.97 656.00
711.00 655.97
711.97 655.00
712.00 654.97
713.00 654.97
713.97 654.00
714.00 653.97
714.97 653.00
714.97 652.00
715.00 651.97
715.97 651.00
716.00 650.97
716.97 650.00
717.00 649.97
717.97 649.00
718.00 648.97
718.97 648.00
719.00 647.97
719.97 647.00
719.97 646.00
720.00 645.97
720.97 645.00
720.97 644.00
721.00 643.97
721.97 643.00
722.00 642.97
722.97 642.00
722.97 641.00
723.00 640.97
723.97 640.00
723.97 639.00
724.00 638.97
724.97 638.00
724.97 637.00
724.97 636.00
725.00 635.97
725.97 635.00
725.97 634.00
725.97 633.00
726.00 632.97
726.97 632.00
726.97 631.00
726.97 630.00
726.97 629.00
727.00 628.97
727.97 628.00
727.97 627.00
727.97 626.00
727.97 625.00
727.97 624.00
727.97 623.00
727.97 622.00
728.00 621.97
728.97 621.00

Contour 19:
793.98 881.00
793.98 880.00
793.98 879.00
793.98 878.00
793.98 877.00
793.98 876.00
793.98 875.00
793.98 874.00
793.98 873.00
793.98 872.00
793.98 871.00
793.98 870.00
793.98 869.00
793.98 868.00
793.00 867.02
792.98 867.00
792.98 866.00
792.98 865.00
792.00 864.02
791.98 864.00
791.98 863.00
791.00 862.02
790.98 862.00
790.00 861.02
789.98 861.00
789.98 860.00
789.00 859.02
788.98 859.00
788.00 858.02
787.98 858.00
787.98 857.00
787.00 856.02
786.98 856.00
786.00 855.02
785.98 855.00
785.00 854.02
784.98 854.00
784.00 853.02
783.98 853.00
783.98 852.00
783.00 851.02
782.98 851.00
782.00 850.02
781.98 850.00
781.00 849.02
780.98 849.00
780.00 848.02
779.00 848.02
778.98 848.00
778.00 847.02
777.98 847.00
777.00 846.02
776.00 846.02
775.98 846.00
775.00 845.02
774.98 845.00
774.00 844.02
773.00 844.02
772.98 844.00
772.00 843.02
771.00 843.02
770.98 843.00
770.00 842.02
769.00 842.02
768.98 842.00
768.00 841.02
767.00 841.02
766.98 841.00
766.00 840.02
765.00 840.02
764.00 840.02
763.00 840.02
762.98 840.00
762.00 839.02
761.00 839.02
760.00 839.02
759.00 839.02
758.00 839.02
757.00 839.02
756.00 839.02
755.00 839.02
754.00 839.02
753.02 840.00
753.00 840.02
752.00 840.02
751.00 840.02
750.02 841.00
750.00 841.02
749.00 841.02
748.00 841.02
747.02 842.00
747.00 842.02
746.02 843.00
746.00 843.02
745.00 843.02
744.02 844.00
744.00 844.02
743.02 845.00
743.00 845.02
742.02 846.00
742.00 846.02
741.02 847.00
741.00 847.02
740.00 847.02
739.02 848.00
739.02 849.00
739.00 849.02
738.02 850.00
738.00 850.02
737.02 851.00
737.02 852.00
737.00 852.02
736.02 853.00
736.00 853.02
735.02 854.00
735.02 855.00
735.00 855.02
734.02 856.00
734.02 857.00
734.02 858.00
734.00 858.02
733.02 859.00
733.02 860.00
733.02 861.00
733.00 861.02
732.02 862.00
732.02 863.00
732.02 864.00
732.00 864.02
731.02 865.00
731.02 866.00
731.00 866.02
730.98 866.00
730.00 865.02
729.00 865.02
728.98 865.00
728.00 864.02
727.98 864.00
727.00 863.02
726.00 863.02
725.98 863.00
725.00 862.02
724.98 862.00
724.00 861.02
723.98 861.00
723.00 860.02
722.00 860.02
721.98 860.00
721.00 859.02
720.00 859.02
719.98 859.00
719.00 858.02
718.00 858.02
717.00 858.02
716.98 858.00
716.00 857.02
715.00 857.02
714.00 857.02
713.98 857.00
713.00 856.02
712.00 856.02
711.00 856.02
710.00 856.02
709.00 856.02
708.00 856.02
707.00 856.02
706.00 856.02
705.00 856.02
704.00 856.02
703.00 856.02
702.02 857.00
702.00 857.02
701.00 857.02
700.02 858.00
700.00 858.02
699.00 858.02
698.00 858.02
697.02 859.00
697.00 859.02
696.00 859.02
695.02 860.00
695.00 860.02
694.02 861.00
694.00 861.02
693.00 861.02
692.02 862.00
692.00 862.02
691.02 863.00
691.00 863.02
690.02 864.00
690.00 864.02
689.02 865.00
689.00 865.02
688.02 866.00
688.00 866.02
687.02 867.00
687.00 867.02
686.02 868.00
686.00 868.02
685.02 869.00
685.00 869.02
684.02 870.00
684.02 871.00
684.00 871.02
683.02 872.00
683.02 873.00
683.00 873.02
682.02 874.00
682.02 875.00
682.00 875.02
681.02 876.00
681.02 877.00
681.02 878.00
681.00 878.02
680.02 879.00
680.02 880.00
680.00 880.02
679.02 881.00
679.02 882.00
679.02 883.00
679.02 884.00
679.02 885.00
679.02 886.00
679.00 886.02
678.02 887.00
678.02 888.00
678.02 889.00
678.02 890.00
678.02 891.00
679.00 891.98
679.02 892.00
679.02 893.00
679.02 894.00
679.02 895.00
680.00 895.98
680.02 896.00
680.02 897.00
681.00 897.98
681.02 898.00
681.02 899.00
681.02 900.00
682.00 900.98
682.02 901.00
682.02 902.00
683.00 902.98
683.02 903.00
684.00 903.98
684.02 904.00
684.02 905.00
685.00 905.98
685.02 906.00
686.00 906.98
686.02 907.00
686.02 908.00
687.00 908.98
687.02 909.00
687.02 910.00
688.00 910.98
688.02 911.00
689.00 911.98
689.02 912.00
690.00 912.98
690.02 913.00
691.00 913.98
691.02 914.00
692.00 914.98
692.02 915.00
693.00 915.98
693.02 916.00
694.00 916.98
695.00 916.98
695.02 917.00
696.00 917.98
696.02 918.00
697.00 918.98
698.00 918.98
698.02 919.00
699.00 919.98
700.00 919.98
700.02 920.00
701.00 920.98
702.00 920.98
703.00 920.98
703.02 921.00
704.00 921.98
705.00 921.98
705.02 922.00
706.00 922.98
707.00 922.98
707.02 923.00
708.00 923.98
709.00 923.98
710.00 923.98
710.02 924.00
711.00 924.98
712.00 924.98
713.00 924.98
714.00 924.98
715.00 924.98
716.00 924.98
716.98 924.00
717.00 923.98
718.00 923.98
719.00 923.98
720.00 923.98
720.98 923.00
721.00 922.98
722.00 922.98
723.00 922.98
723.98 922.00
724.00 921.98
725.00 921.98
725.98 921.00
726.00 920.98
727.00 920.98
727.98 920.00
728.00 919.98
728.98 919.00
729.00 918.98
730.00 918.98
730.98 918.00
731.00 917.98
731.98 917.00
732.00 916.98
733.00 916.98
733.98 916.00
734.00 915.98
734.98 915.00
735.00 914.98
735.98 914.00
735.98 913.00
736.00 912.98
736.98 912.00
736.98 911.00
737.00 910.98
737.98 910.00
737.98 909.00
738.00 908.98
738.98 908.00
738.98 907.00
738.98 906.00
739.00 905.98
739.98 905.00
739.98 904.00
739.98 903.00
740.00 902.98
740.98 902.00
740.98 901.00
741.00 900.98
741.98 900.00
742.00 899.98
742.98 899.00
743.00 898.98
744.00 898.98
744.02 899.00
745.00 899.98
746.00 899.98
746.02 900.00
747.00 900.98
748.00 900.98
748.02 901.00
749.00 901.98
750.00 901.98
750.02 902.00
751.00 902.98
752.00 902.98
753.00 902.98
753.02 903.00
754.00 903.98
755.00 903.98
756.00 903.98
757.00 903.98
757.02 904.00
758.00 904.98
759.00 904.98
760.00 904.98
761.00 904.98
762.00 904.98
762.98 904.00
763.00 903.98
764.00 903.98
765.00 903.98
766.00 903.98
767.00 903.98
768.00 903.98
768.98 903.00
769.00 902.98
770.00 902.98
771.00 902.98
772.00 902.98
772.98 902.00
773.00 901.98
774.00 901.98
774.98 901.00
775.00 900.98
776.00 900.98
777.00 900.98
777.98 900.00
778.00 899.98
779.00 899.98
779.98 899.00
780.00 898.98
780.98 898.00
781.00 897.98
781.98 897.00
782.00 896.98
782.98 896.00
783.00 895.98
784.00 895.98
784.98 895.00
784.98 894.00
785.00 893.98
785.98 893.00
786.00 892.98
786.98 892.00
787.00 891.98
787.98 891.00
788.00 890.98
788.98 890.00
788.98 889.00
789.00 888.98
789.98 888.00
790.00 887.98
790.98 887.00
790.98 886.00
791.00 885.98
791.98 885.00
791.98 884.00
792.00 883.98
792.98 883.00
792.98 882.00
793.00 881.98
793.98 881.00

Contour 20:
796.98 511.00
796.98 510.00
796.98 509.00
796.98 508.00
796.98 507.00
796.98 506.00
796.98 505.00
796.98 504.00
796.98 503.00
796.98 502.00
796.00 501.02
795.98 501.00
795.98 500.00
795.98 499.00
795.98 498.00
795.98 497.00
795.98 496.00
795.98 495.00
795.00 494.02
794.98 494.00
794.98 493.00
794.98 492.00
794.00 491.02
793.98 491.00
793.98 490.00
793.98 489.00
793.00 488.02
792.98 488.00
792.98 487.00
792.98 486.00
792.00 485.02
791.98 485.00
791.98 484.00
791.00 483.02
790.98 483.00
790.00 482.02
789.98 482.00
789.00 481.02
788.98 481.00
788.00 480.02
787.98 480.00
787.00 479.02
786.98 479.00
786.00 478.02
785.98 478.00
785.00 477.02
784.98 477.00
784.00 476.02
783.98 476.00
783.00 475.02
782.00 475.02
781.98 475.00
781.00 474.02
780.00 474.02
779.00 474.02
778.98 474.00
778.00 473.02
777.00 473.02
776.00 473.02
775.00 473.02
774.02 474.00
774.00 474.02
773.00 474.02
772.00 474.02
771.00 474.02
770.02 475.00
770.00 475.02
769.00 475.02
768.02 476.00
768.00 476.02
767.00 476.02
766.02 477.00
766.00 477.02
765.00 477.02
764.02 478.00
764.00 478.02
763.02 479.00
763.00 479.02
762.02 480.00
762.00 480.02
761.02 481.00
761.00 481.02
760.02 482.00
760.00 482.02
759.02 483.00
759.02 484.00
759.00 484.02
758.02 485.00
758.00 485.02
757.02 486.00
757.00 486.02
756.02 487.00
756.02 488.00
756.00 488.02
755.02 489.00
755.02 490.00
755.00 490.02
754.02 491.00
754.02 492.00
754.00 492.02
753.02 493.00
753.02 494.00
753.00 494.02
752.02 495.00
752.00 495.02
751.02 496.00
751.02 497.00
751.00 497.02
750.02 498.00
750.02 499.00
750.00 499.02
749.02 500.00
749.02 501.00
749.00 501.02
748.02 502.00
748.02 503.00
748.00 503.02
747.02 504.00
747.02 505.00
747.00 505.02
746.02 506.00
746.02 507.00
746.02 508.00
746.02 509.00
746.00 509.02
745.02 510.00
745.02 511.00
745.02 512.00
745.02 513.00
745.02 514.00
745.02 515.00
745.02 516.00
745.02 517.00
745.02 518.00
746.00 518.98
746.02 519.00
746.02 520.00
746.02 521.00
746.02 522.00
747.00 522.98
747.02 523.00
747.02 524.00
747.02 525.00
748.00 525.98
748.02 526.00
748.02 527.00
748.02 528.00
749.00 528.98
749.02 529.00
749.02 530.00
750.00 530.98
750.02 531.00
750.02 532.00
751.00 532.98
751.02 533.00
751.02 534.00
752.00 534.98
752.02 535.00
753.00 535.98
753.02 536.00
754.00 536.98
754.02 537.00
755.00 537.98
755.02 538.00
756.00 538.98
756.02 539.00
757.00 539.98
757.02 540.00
758.00 540.98
759.00 540.98
759.02 541.00
760.00 541.98
761.00 541.98
761.02 542.00
762.00 542.98
763.00 542.98
764.00 542.98
764.02 543.00
765.00 543.98
766.00 543.98
767.00 543.98
768.00 543.98
769.00 543.98
770.00 543.98
771.00 543.98
772.00 543.98
773.00 543.98
773.98 543.00
774.00 542.98
775.00 542.98
776.00 542.98
776.98 542.00
777.00 541.98
778.00 541.98
778.98 541.00
779.00 540.98
780.00 540.98
780.98 540.00
781.00 539.98
781.98 539.00
782.00 538.98
782.98 538.00
783.00 537.98
783.98 537.00
783.98 536.00
784.00 535.98
784.98 535.00
785.00 534.98
785.98 534.00
785.98 533.00
786.00 532.98
786.98 532.00
787.00 531.98
787.98 531.00
788.00 530.98
788.98 530.00
789.00 529.98
789.98 529.00
789.98 528.00
790.00 527.98
790.98 527.00
790.98 526.00
791.00 525.98
791.98 525.00
791.98 524.00
792.00 523.98
792.98 523.00
792.98 522.00
793.00 521.98
793.98 521.00
793.98 520.00
793.98 519.00
794.00 518.98
794.98 518.00
794.98 517.00
794.98 516.00
795.00 515.98
795.98 515.00
795.98 514.00
795.98 513.00
795.98 512.00
796.00 511.98
796.98 511.00

Contour 21:
969.98 742.00
969.98 741.00
969.98 740.00
969.98 739.00
969.98 738.00
969.98 737.00
969.98 736.00
969.98 735.00
969.98 734.00
969.98 733.00
969.98 732.00
969.98 731.00
969.98 730.00
969.98 729.00
969.98 728.00
969.00 727.02
968.98 727.00
968.98 726.00
968.98 725.00
968.00 724.02
967.98 724.00
967.98 723.00
967.98 722.00
967.00 721.02
966.98 721.00
966.00 720.02
965.98 720.00
965.98 719.00
965.00 718.02
964.98 718.00
964.00 717.02
963.98 717.00
963.00 716.02
962.98 716.00
962.00 715.02
961.98 715.00
961.00 714.02
960.98 714.00
960.00 713.02
959.00 713.02
958.98 713.00
958.00 712.02
957.00 712.02
956.98 712.00
956.00 711.02
955.00 711.02
954.98 711.00
954.00 710.02
953.00 710.02
952.98 710.00
952.00 709.02
951.00 709.02
950.98 709.00
950.00 708.02
949.00 708.02
948.00 708.02
947.98 708.00
947.00 707.02
946.00 707.02
945.98 707.00
945.00 706.02
944.00 706.02
943.00 706.02
942.98 706.00
942.00 705.02
941.00 705.02
940.00 705.02
939.00 705.02
938.98 705.00
938.00 704.02
937.00 704.02
936.00 704.02
935.00 704.02
934.00 704.02
933.00 704.02
932.00 704.02
931.00 704.02
930.00 704.02
929.00 704.02
928.00 704.02
927.02 705.00
927.00 705.02
926.00 705.02
925.02 706.00
925.00 706.02
924.00 706.02
923.02 707.00
923.00 707.02
922.00 707.02
921.00 707.02
920.02 708.00
920.00 708.02
919.00 708.02
918.02 709.00
918.00 709.02
917.00 709.02
916.02 710.00
916.00 710.02
915.02 711.00
915.00 711.02
914.02 712.00
914.00 712.02
913.00 712.02
912.02 713.00
912.02 714.00
912.00 714.02
911.02 715.00
911.00 715.02
910.02 716.00
910.02 717.00
910.00 717.02
909.02 718.00
909.02 719.00
909.02 720.00
909.02 721.00
909.00 721.02
908.02 722.00
908.02 723.00
908.02 724.00
908.00 724.02
907.02 725.00
907.02 726.00
907.02 727.00
907.02 728.00
907.02 729.00
907.02 730.00
907.02 731.00
907.02 732.00
907.02 733.00
907.02 734.00
907.02 735.00
907.02 736.00
907.02 737.00
907.02 738.00
908.00 738.98
908.02 739.00
908.02 740.00
908.02 741.00
908.02 742.00
909.00 742.98
909.02 743.00
909.02 744.00
909.02 745.00
910.00 745.98
910.02 746.00
910.02 747.00
911.00 747.98
911.02 748.00
911.02 749.00
912.00 749.98
912.02 750.00
913.00 750.98
913.02 751.00
914.00 751.98
914.02 752.00
915.00 752.98
915.02 753.00
916.00 753.98
916.02 754.00
917.00 754.98
917.02 755.00
918.00 755.98
918.02 756.00
919.00 756.98
919.02 757.00
920.00 757.98
921.00 757.98
921.02 758.00
922.00 758.98
922.02 759.00
923.00 759.98
924.00 759.98
924.02 760.00
925.00 760.98
926.00 760.98
926.02 761.00
927.00 761.98
928.00 761.98
928.02 762.00
929.00 762.98
930.00 762.98
931.00 762.98
931.02 763.00
932.00 763.98
933.00 763.98
934.00 763.98
934.02 764.00
935.00 764.98
936.00 764.98
937.00 764.98
938.00 764.98
939.00 764.98
940.00 764.98
941.00 764.98
942.00 764.98
943.00 764.98
944.00 764.98
945.00 764.98
946.00 764.98
947.00 764.98
948.00 764.98
948.98 764.00
949.00 763.98
950.00 763.98
951.00 763.98
952.00 763.98
952.98 763.00
953.00 762.98
954.00 762.98
955.00 762.98
955.98 762.00
956.00 761.98
956.98 761.00
957.00 760.98
958.00 760.98
958.98 760.00
959.00 759.98
959.98 759.00
960.00 758.98
960.98 758.00
961.00 757.98
961.98 757.00
962.00 756.98
962.98 756.00
963.00 755.98
963.98 755.00
964.00 754.98
964.98 754.00
964.98 753.00
965.00 752.98
965.98 752.00
966.00 751.98
966.98 751.00
966.98 750.00
966.98 749.00
967.00 748.98
967.98 748.00
967.98 747.00
968.00 746.98
968.98 746.00
968.98 745.00
968.98 744.00
968.98 743.00
969.00 742.98
969.98 742.00

