Contour 0:
0.00 575.50
0.50 576.00
0.50 577.00
1.00 577.50
1.50 578.00
1.50 579.00
1.50 580.00
2.00 580.50
2.50 581.00
3.00 581.50
3.50 582.00
4.00 582.50
4.50 583.00
5.00 583.50
5.50 584.00
6.00 584.50
6.50 585.00
7.00 585.50
7.50 586.00
8.00 586.50
8.50 587.00
9.00 587.50
9.50 588.00
10.00 588.50
10.50 589.00
11.00 589.50
12.00 589.50
12.50 590.00
13.00 590.50
13.50 591.00
14.00 591.50
15.00 591.50
15.50 592.00
16.00 592.50
17.00 592.50
17.50 593.00
18.00 593.50
18.50 594.00
19.00 594.50
20.00 594.50
21.00 594.50
22.00 594.50
22.50 595.00
23.00 595.50
24.00 595.50
25.00 595.50
26.00 595.50
27.00 595.50
27.50 596.00
28.00 596.50
29.00 596.50
30.00 596.50
31.00 596.50
32.00 596.50
33.00 596.50
34.00 596.50
35.00 596.50
36.00 596.50
36.50 596.00
37.00 595.50
38.00 595.50
39.00 595.50
40.00 595.50
41.00 595.50
41.50 595.00
42.00 594.50
43.00 594.50
44.00 594.50
44.50 594.00
45.00 593.50
46.00 593.50
46.50 593.00
47.00 592.50
48.00 592.50
49.00 592.50
49.50 592.00
50.00 591.50
50.50 591.00
51.00 590.50
51.50 590.00
52.00 589.50
52.50 589.00
53.00 588.50
53.50 588.00
54.00 587.50
54.50 587.00
55.00 586.50
55.50 586.00
56.00 585.50
56.50 585.00
57.00 584.50
57.50 584.00
57.50 583.00
58.00 582.50
58.50 582.00
58.50 581.00
59.00 580.50
59.50 580.00
59.50 579.00
59.50 578.00
60.00 577.50
60.50 577.00
60.50 576.00
60.50 575.00
61.00 574.50
61.50 574.00
61.50 573.00
62.00 572.50
62.50 572.00
62.50 571.00
62.50 570.00
62.50 569.00
62.50 568.00
62.50 567.00
62.50 566.00
62.50 565.00
62.50 564.00
62.00 563.50
61.50 563.00
61.50 562.00
61.50 561.00
61.50 560.00
61.00 559.50
60.50 559.00
60.50 558.00
60.50 557.00
60.00 556.50
59.50 556.00
59.50 555.00
59.00 554.50
58.50 554.00
58.00 553.50
57.50 553.00
57.00 552.50
56.50 552.00
56.00 551.50
55.50 551.00
55.00 550.50
54.50 550.00
54.00 549.50
53.50 549.00
53.50 548.00
53.00 547.50
52.00 547.50
51.50 547.00
51.00 546.50
50.50 546.00
50.00 545.50
49.50 545.00
49.00 544.50
48.00 544.50
47.50 544.00
47.00 543.50
46.50 543.00
46.00 542.50
45.00 542.50
44.50 542.00
44.00 541.50
43.50 541.00
43.00 540.50
42.00 540.50
41.50 540.00
41.00 539.50
40.00 539.50
39.50 539.00
39.00 538.50
38.00 538.50
37.00 538.50
36.50 538.00
36.00 537.50
35.00 537.50
34.00 537.50
33.00 537.50
32.00 537.50
31.00 537.50
30.00 537.50
29.00 537.50
28.00 537.50
27.00 537.50
26.00 537.50
25.00 537.50
24.50 538.00
24.00 538.50
23.00 538.50
22.00 538.50
21.00 538.50
20.00 538.50
19.50 539.00
19.00 539.50
18.00 539.50
17.50 540.00
17.00 540.50
16.00 540.50
15.50 541.00
15.00 541.50
14.00 541.50
13.50 542.00
13.00 542.50
12.00 542.50
11.50 543.00
11.00 543.50
10.50 544.00
10.00 544.50
9.00 544.50
8.50 545.00
8.00 545.50
7.50 546.00
7.00 546.50
6.50 547.00
6.00 547.50
5.50 548.00
5.50 549.00
5.00 549.50
4.50 550.00
4.00 550.50
3.00 550.50
2.50 551.00
2.00 551.50
1.50 552.00
1.50 553.00
1.00 553.50
0.50 554.00
0.50 555.00
0.00 555.50

Contour 1:
130.75 239.00
130.75 238.00
130.75 237.00
130.75 236.00
130.75 235.00
130.00 234.25
129.75 234.00
129.75 233.00
129.75 232.00
129.00 231.25
128.75 231.00
128.75 230.00
128.75 229.00
128.00 228.25
127.75 228.00
127.75 227.00
127.00 226.25
126.75 226.00
126.75 225.00
126.00 224.25
125.75 224.00
125.00 223.25
124.75 223.00
124.00 222.25
123.00 222.25
122.75 222.00
122.00 221.25
121.75 221.00
121.00 220.25
120.75 220.00
120.00 219.25
119.75 219.00
119.00 218.25
118.75 218.00
118.00 217.25
117.00 217.25
116.75 217.00
116.00 216.25
115.75 216.00
115.00 215.25
114.00 215.25
113.75 215.00
113.00 214.25
112.00 214.25
111.75 214.00
111.00 213.25
110.00 213.25
109.75 213.00
109.00 212.25
108.00 212.25
107.75 212.00
107.00 211.25
106.00 211.25
105.00 211.25
104.75 211.00
104.00 210.25
103.00 210.25
102.75 210.00
102.00 209.25
101.00 209.25
100.00 209.25
99.75 209.00
99.00 208.25
98.00 208.25
97.00 208.25
96.00 208.25
95.00 208.25
94.00 208.25
93.00 208.25
92.00 208.25
91.00 208.25
90.00 208.25
89.00 208.25
88.00 208.25
87.00 208.25
86.00 208.25
85.25 209.00
85.00 209.25
84.00 209.25
83.00 209.25
82.00 209.25
81.00 209.25
80.00 209.25
79.00 209.25
78.25 210.00
78.00 210.25
77.00 210.25
76.00 210.25
75.25 211.00
75.00 211.25
74.00 211.25
73.25 212.00
73.00 212.25
72.25 213.00
72.00 213.25
71.00 213.25
70.25 214.00
70.00 214.25
69.00 214.25
68.25 215.00
68.00 215.25
67.00 215.25
66.25 216.00
66.00 216.25
65.00 216.25
64.25 217.00
64.00 217.25
63.25 218.00
63.00 218.25
62.25 219.00
62.00 219.25
61.25 220.00
61.00 220.25
60.25 221.00
60.00 221.25
59.25 222.00
59.00 222.25
58.25 223.00
58.00 223.25
57.25 224.00
57.00 224.25
56.25 225.00
56.25 226.00
56.25 227.00
56.00 227.25
55.25 228.00
55.25 229.00
55.25 230.00
55.25 231.00
55.25 232.00
55.00 232.25
54.25 233.00
54.25 234.00
54.25 235.00
54.25 236.00
54.25 237.00
54.25 238.00
54.25 239.00
54.25 240.00
54.25 241.00
54.25 242.00
54.25 243.00
54.25 244.00
54.25 245.00
54.25 246.00
54.25 247.00
54.25 248.00
54.25 249.00
55.00 249.75
55.25 250.00
55.25 251.00
55.25 252.00
56.00 252.75
56.25 253.00
56.25 254.00
57.00 254.75
57.25 255.00
57.25 256.00
58.00 256.75
58.25 257.00
58.25 258.00
59.00 258.75
59.25 259.00
59.25 260.00
60.00 260.75
60.25 261.00
61.00 261.75
61.25 262.00
62.00 262.75
62.25 263.00
62.25 264.00
63.00 264.75
63.25 265.00
64.00 265.75
64.25 266.00
65.00 266.75
65.25 267.00
66.00 267.75
66.25 268.00
67.00 268.75
67.25 269.00
68.00 269.75
69.00 269.75
69.25 270.00
70.00 270.75
71.00 270.75
71.25 271.00
72.00 271.75
73.00 271.75
74.00 271.75
75.00 271.75
75.25 272.00
76.00 272.75
77.00 272.75
78.00 272.75
79.00 272.75
80.00 272.75
81.00 272.75
82.00 272.75
82.25 273.00
83.00 273.75
84.00 273.75
85.00 273.75
86.00 273.75
87.00 273.75
88.00 273.75
89.00 273.75
90.00 273.75
91.00 273.75
91.75 273.00
92.00 272.75
93.00 272.75
94.00 272.75
94.75 272.00
95.00 271.75
96.00 271.75
97.00 271.75
97.75 271.00
98.00 270.75
99.00 270.75
100.00 270.75
100.75 270.00
101.00 269.75
102.00 269.75
102.75 269.00
103.00 268.75
104.00 268.75
104.75 268.00
105.00 267.75
105.75 267.00
106.00 266.75
107.00 266.75
107.75 266.00
108.00 265.75
109.00 265.75
109.75 265.00
110.00 264.75
110.75 264.00
111.00 263.75
112.00 263.75
112.75 263.00
113.00 262.75
114.00 262.75
114.75 262.00
115.00 261.75
115.75 261.00
116.00 260.75
117.00 260.75
117.75 260.00
118.00 259.75
118.75 259.00
119.00 258.75
119.75 258.00
120.00 257.75
120.75 257.00
121.00 256.75
121.75 256.00
122.00 255.75
122.75 255.00
123.00 254.75
123.75 254.00
124.00 253.75
124.75 253.00
125.00 252.75
125.75 252.00
126.00 251.75
126.75 251.00
126.75 250.00
127.00 249.75
127.75 249.00
127.75 248.00
127.75 247.00
128.00 246.75
128.75 246.00
128.75 245.00
128.75 244.00
129.00 243.75
129.75 243.00
129.75 242.00
129.75 241.00
129.75 240.00
130.00 239.75
130.75 239.00

Contour 2:
194.83 113.00
194.83 112.00
194.83 111.00
194.83 110.00
194.83 109.00
194.83 108.00
194.83 107.00
194.83 106.00
194.00 105.17
193.83 105.00
193.83 104.00
193.83 103.00
193.83 102.00
193.83 101.00
193.00 100.17
192.83 100.00
192.83 99.00
192.83 98.00
192.00 97.17
191.83 97.00
191.83 96.00
191.83 95.00
191.00 94.17
190.83 94.00
190.83 93.00
190.00 92.17
189.83 92.00
189.83 91.00
189.83 90.00
189.00 89.17
188.83 89.00
188.00 88.17
187.83 88.00
187.83 87.00
187.00 86.17
186.83 86.00
186.00 85.17
185.83 85.00
185.00 84.17
184.00 84.17
183.83 84.00
183.00 83.17
182.83 83.00
182.00 82.17
181.83 82.00
181.00 81.17
180.83 81.00
180.00 80.17
179.00 80.17
178.83 80.00
178.00 79.17
177.83 79.00
177.00 78.17
176.00 78.17
175.83 78.00
175.00 77.17
174.83 77.00
174.00 76.17
173.83 76.00
173.00 75.17
172.83 75.00
172.00 74.17
171.83 74.00
171.00 73.17
170.83 73.00
170.00 72.17
169.83 72.00
169.00 71.17
168.00 71.17
167.83 71.00
167.00 70.17
166.00 70.17
165.83 70.00
165.00 69.17
164.83 69.00
164.00 68.17
163.00 68.17
162.83 68.00
162.00 67.17
161.00 67.17
160.00 67.17
159.00 67.17
158.00 67.17
157.00 67.17
156.00 67.17
155.00 67.17
154.00 67.17
153.00 67.17
152.00 67.17
151.00 67.17
150.00 67.17
149.00 67.17
148.00 67.17
147.00 67.17
146.00 67.17
145.00 67.17
144.00 67.17
143.00 67.17
142.00 67.17
141.00 67.17
140.00 67.17
139.00 67.17
138.00 67.17
137.17 68.00
137.00 68.17
136.00 68.17
135.17 69.00
135.00 69.17
134.17 70.00
134.00 70.17
133.17 71.00
133.00 71.17
132.00 71.17
131.17 72.00
131.00 72.17
130.17 73.00
130.00 73.17
129.17 74.00
129.00 74.17
128.17 75.00
128.00 75.17
127.17 76.00
127.17 77.00
127.00 77.17
126.17 78.00
126.00 78.17
125.17 79.00
125.17 80.00
125.00 80.17
124.17 81.00
124.00 81.17
123.17 82.00
123.17 83.00
123.00 83.17
122.17 84.00
122.17 85.00
122.00 85.17
121.17 86.00
121.17 87.00
121.17 88.00
121.00 88.17
120.17 89.00
120.17 90.00
120.00 90.17
119.17 91.00
119.17 92.00
119.17 93.00
119.00 93.17
118.17 94.00
118.17 95.00
118.00 95.17
117.17 96.00
117.17 97.00
117.17 98.00
117.17 99.00
117.00 99.17
116.17 100.00
116.17 101.00
116.17 102.00
116.17 103.00
116.17 104.00
116.17 105.00
116.17 106.00
116.17 107.00
116.17 108.00
116.17 109.00
116.17 110.00
116.17 111.00
116.17 112.00
116.17 113.00
116.17 114.00
116.17 115.00
117.00 115.83
117.17 116.00
117.17 117.00
117.17 118.00
117.17 119.00
118.00 119.83
118.17 120.00
118.17 121.00
118.17 122.00
119.00 122.83
119.17 123.00
119.17 124.00
120.00 124.83
120.17 125.00
120.17 126.00
120.17 127.00
121.00 127.83
121.17 128.00
121.17 129.00
122.00 129.83
122.17 130.00
122.17 131.00
123.00 131.83
123.17 132.00
124.00 132.83
124.17 133.00
124.17 134.00
125.00 134.83
125.17 135.00
126.00 135.83
126.17 136.00
126.17 137.00
127.00 137.83
127.17 138.00
128.00 138.83
128.17 139.00
129.00 139.83
129.17 140.00
130.00 140.83
130.17 141.00
131.00 141.83
131.17 142.00
132.00 142.83
132.17 143.00
133.00 143.83
133.17 144.00
134.00 144.83
134.17 145.00
135.00 145.83
136.00 145.83
136.17 146.00
137.00 146.83
137.17 147.00
138.00 147.83
139.00 147.83
139.17 148.00
140.00 148.83
141.00 148.83
142.00 148.83
142.17 149.00
143.00 149.83
144.00 149.83
144.17 150.00
145.00 150.83
146.00 150.83
147.00 150.83
147.17 151.00
148.00 151.83
149.00 151.83
150.00 151.83
150.17 152.00
151.00 152.83
152.00 152.83
153.00 152.83
154.00 152.83
155.00 152.83
156.00 152.83
157.00 152.83
158.00 152.83
159.00 152.83
160.00 152.83
161.00 152.83
162.00 152.83
163.00 152.83
164.00 152.83
165.00 152.83
165.83 152.00
166.00 151.83
167.00 151.83
168.00 151.83
168.83 151.00
169.00 150.83
170.00 150.83
170.83 150.00
171.00 149.83
172.00 149.83
173.00 149.83
173.83 149.00
174.00 148.83
174.83 148.00
175.00 147.83
176.00 147.83
176.83 147.00
177.00 146.83
177.83 146.00
178.00 145.83
178.83 145.00
179.00 144.83
179.83 144.00
180.00 143.83
180.83 143.00
181.00 142.83
181.83 142.00
182.00 141.83
182.83 141.00
183.00 140.83
183.83 140.00
184.00 139.83
184.83 139.00
184.83 138.00
185.00 137.83
185.83 137.00
186.00 136.83
186.83 136.00
186.83 135.00
187.00 134.83
187.83 134.00
188.00 133.83
188.83 133.00
188.83 132.00
189.00 131.83
189.83 131.00
189.83 130.00
190.00 129.83
190.83 129.00
190.83 128.00
191.00 127.83
191.83 127.00
191.83 126.00
192.00 125.83
192.83 125.00
192.83 124.00
192.83 123.00
192.83 122.00
192.83 121.00
193.00 120.83
193.83 120.00
193.83 119.00
193.83 118.00
193.83 117.00
193.83 116.00
193.83 115.00
193.83 114.00
194.00 113.83
194.83 113.00

Contour 3:
212.88 814.00
212.00 813.12
211.88 813.00
211.88 812.00
211.88 811.00
211.88 810.00
211.00 809.12
210.88 809.00
210.88 808.00
210.00 807.12
209.88 807.00
209.88 806.00
209.00 805.12
208.88 805.00
208.00 804.12
207.88 804.00
207.00 803.12
206.88 803.00
206.88 802.00
206.00 801.12
205.88 801.00
205.00 800.12
204.88 800.00
204.00 799.12
203.88 799.00
203.00 798.12
202.88 798.00
202.00 797.12
201.00 797.12
200.88 797.00
200.00 796.12
199.88 796.00
199.00 795.12
198.00 795.12
197.88 795.00
197.00 794.12
196.00 794.12
195.88 794.00
195.00 793.12
194.00 793.12
193.88 793.00
193.00 792.12
192.00 792.12
191.00 792.12
190.00 792.12
189.88 792.00
189.00 791.12
188.00 791.12
187.00 791.12
186.00 791.12
185.00 791.12
184.88 791.00
184.00 790.12
183.00 790.12
182.00 790.12
181.00 790.12
180.00 790.12
179.12 791.00
179.00 791.12
178.00 791.12
177.00 791.12
176.00 791.12
175.00 791.12
174.00 791.12
173.00 791.12
172.12 792.00
172.00 792.12
171.00 792.12
170.00 792.12
169.00 792.12
168.12 793.00
168.00 793.12
167.00 793.12
166.12 794.00
166.00 794.12
165.00 794.12
164.12 795.00
164.00 795.12
163.12 796.00
163.00 796.12
162.00 796.12
161.12 797.00
161.00 797.12
160.12 798.00
160.00 798.12
159.12 799.00
159.00 799.12
158.12 800.00
158.00 800.12
157.12 801.00
157.00 801.12
156.12 802.00
156.00 802.12
155.12 803.00
155.00 803.12
154.12 804.00
154.00 804.12
153.12 805.00
153.00 805.12
152.12 806.00
152.12 807.00
152.00 807.12
151.12 808.00
151.00 808.12
150.12 809.00
150.12 810.00
150.00 810.12
149.12 811.00
149.12 812.00
149.00 812.12
148.12 813.00
148.12 814.00
148.12 815.00
148.00 815.12
147.12 816.00
147.12 817.00
147.12 818.00
147.12 819.00
147.00 819.12
146.12 820.00
146.12 821.00
146.12 822.00
146.12 823.00
146.12 824.00
146.12 825.00
146.12 826.00
146.12 827.00
146.12 828.00
146.12 829.00
146.12 830.00
146.12 831.00
146.12 832.00
146.12 833.00
146.12 834.00
147.00 834.88
147.12 835.00
147.12 836.00
147.12 837.00
147.12 838.00
147.12 839.00
147.12 840.00
148.00 840.88
148.12 841.00
148.12 842.00
149.00 842.88
149.12 843.00
149.12 844.00
150.00 844.88
150.12 845.00
151.00 845.88
151.12 846.00
151.12 847.00
152.00 847.88
152.12 848.00
153.00 848.88
153.12 849.00
154.00 849.88
154.12 850.00
155.00 850.88
156.00 850.88
156.12 851.00
157.00 851.88
157.12 852.00
158.00 852.88
158.12 853.00
159.00 853.88
160.00 853.88
160.12 854.00
161.00 854.88
162.00 854.88
162.12 855.00
163.00 855.88
164.00 855.88
165.00 855.88
165.12 856.00
166.00 856.88
167.00 856.88
168.00 856.88
169.00 856.88
170.00 856.88
171.00 856.88
172.00 856.88
173.00 856.88
174.00 856.88
175.00 856.88
176.00 856.88
176.88 856.00
177.00 855.88
178.00 855.88
179.00 855.88
180.00 855.88
180.88 855.00
181.00 854.88
182.00 854.88
182.88 854.00
183.00 853.88
184.00 853.88
185.00 853.88
185.88 853.00
186.00 852.88
187.00 852.88
187.88 852.00
188.00 851.88
189.00 851.88
189.88 851.00
190.00 850.88
191.00 850.88
191.88 850.00
192.00 849.88
193.00 849.88
193.88 849.00
194.00 848.88
194.88 848.00
195.00 847.88
196.00 847.88
196.88 847.00
197.00 846.88
197.88 846.00
198.00 845.88
198.88 845.00
198.88 844.00
199.00 843.88
199.88 843.00
200.00 842.88
200.88 842.00
201.00 841.88
201.88 841.00
202.00 840.88
202.88 840.00
202.88 839.00
203.00 838.88
203.88 838.00
204.00 837.88
204.88 837.00
204.88 836.00
205.00 835.88
205.88 835.00
206.00 834.88
206.88 834.00
206.88 833.00
207.00 832.88
207.88 832.00
207.88 831.00
208.00 830.88
208.88 830.00
208.88 829.00
209.00 828.88
209.88 828.00
209.88 827.00
209.88 826.00
210.00 825.88
210.88 825.00
210.88 824.00
210.88 823.00
211.00 822.88
211.88 822.00
211.88 821.00
211.88 820.00
211.88 819.00
211.88 818.00
211.88 817.00
211.88 816.00
211.88 815.00
212.00 814.88
212.88 814.00

Contour 4:
318.90 396.00
318.90 395.00
318.90 394.00
318.90 393.00
318.90 392.00
318.90 391.00
318.90 390.00
318.90 389.00
318.90 388.00
318.00 387.10
317.90 387.00
317.90 386.00
317.90 385.00
317.90 384.00
317.90 383.00
317.90 382.00
317.90 381.00
317.00 380.10
316.90 380.00
316.90 379.00
316.90 378.00
316.00 377.10
315.90 377.00
315.00 376.10
314.90 376.00
314.90 375.00
314.00 374.10
313.90 374.00
313.00 373.10
312.90 373.00
312.90 372.00
312.00 371.10
311.90 371.00
311.00 370.10
310.90 370.00
310.00 369.10
309.90 369.00
309.00 368.10
308.90 368.00
308.00 367.10
307.90 367.00
307.00 366.10
306.00 366.10
305.90 366.00
305.00 365.10
304.90 365.00
304.00 364.10
303.00 364.10
302.90 364.00
302.00 363.10
301.00 363.10
300.90 363.00
300.00 362.10
299.00 362.10
298.00 362.10
297.90 362.00
297.00 361.10
296.00 361.10
295.00 361.10
294.90 361.00
294.00 360.10
293.00 360.10
292.00 360.10
291.00 360.10
290.00 360.10
289.00 360.10
288.00 360.10
287.00 360.10
286.00 360.10
285.00 360.10
284.00 360.10
283.10 361.00
283.00 361.10
282.00 361.10
281.00 361.10
280.10 362.00
280.00 362.10
279.00 362.10
278.10 363.00
278.00 363.10
277.10 364.00
277.00 364.10
276.00 364.10
275.10 365.00
275.00 365.10
274.10 366.00
274.00 366.10
273.00 366.10
272.10 367.00
272.00 367.10
271.10 368.00
271.00 368.10
270.10 369.00
270.00 369.10
269.00 369.10
268.10 370.00
268.00 370.10
267.10 371.00
267.00 371.10
266.10 372.00
266.00 372.10
265.10 373.00
265.00 373.10
264.10 374.00
264.00 374.10
263.10 375.00
263.00 375.10
262.10 376.00
262.00 376.10
261.10 377.00
261.10 378.00
261.00 378.10
260.10 379.00
260.00 379.10
259.10 380.00
259.10 381.00
259.00 381.10
258.10 382.00
258.10 383.00
258.10 384.00
258.10 385.00
258.00 385.10
257.10 386.00
257.10 387.00
257.10 388.00
257.10 389.00
257.10 390.00
257.10 391.00
257.10 392.00
257.10 393.00
257.10 394.00
257.10 395.00
257.10 396.00
257.10 397.00
257.10 398.00
257.00 398.10
256.10 399.00
256.10 400.00
256.10 401.00
256.10 402.00
256.10 403.00
256.10 404.00
256.10 405.00
257.00 405.90
257.10 406.00
257.10 407.00
257.10 408.00
257.10 409.00
257.10 410.00
257.10 411.00
258.00 411.90
258.10 412.00
258.10 413.00
259.00 413.90
259.10 414.00
260.00 414.90
260.10 415.00
261.00 415.90
261.10 416.00
262.00 416.90
262.10 417.00
263.00 417.90
263.10 418.00
264.00 418.90
264.10 419.00
265.00 419.90
265.10 420.00
266.00 420.90
266.10 421.00
267.00 421.90
267.10 422.00
268.00 422.90
268.10 423.00
269.00 423.90
270.00 423.90
270.10 424.00
271.00 424.90
272.00 424.90
272.10 425.00
273.00 425.90
273.10 426.00
274.00 426.90
275.00 426.90
275.10 427.00
276.00 427.90
277.00 427.90
277.10 428.00
278.00 428.90
279.00 428.90
280.00 428.90
280.10 429.00
281.00 429.90
282.00 429.90
283.00 429.90
284.00 429.90
285.00 429.90
285.10 430.00
286.00 430.90
287.00 430.90
288.00 430.90
289.00 430.90
290.00 430.90
291.00 430.90
292.00 430.90
293.00 430.90
294.00 430.90
295.00 430.90
296.00 430.90
297.00 430.90
298.00 430.90
299.00 430.90
300.00 430.90
300.90 430.00
301.00 429.90
302.00 429.90
302.90 429.00
303.00 428.90
304.00 428.90
304.90 428.00
305.00 427.90
305.90 427.00
306.00 426.90
306.90 426.00
307.00 425.90
307.90 425.00
308.00 424.90
308.90 424.00
308.90 423.00
309.00 422.90
309.90 422.00
310.00 421.90
310.90 421.00
310.90 420.00
310.90 419.00
311.00 418.90
311.90 418.00
311.90 417.00
312.00 416.90
312.90 416.00
312.90 415.00
312.90 414.00
313.00 413.90
313.90 413.00
313.90 412.00
313.90 411.00
314.00 410.90
314.90 410.00
314.90 409.00
314.90 408.00
315.00 407.90
315.90 407.00
315.90 406.00
316.00 405.90
316.90 405.00
316.90 404.00
316.90 403.00
317.00 402.90
317.90 402.00
317.90 401.00
317.90 400.00
317.90 399.00
317.90 398.00
317.90 397.00
318.00 396.90
318.90 396.00

Contour 5:
353.92 503.00
353.92 502.00
353.92 501.00
353.92 500.00
353.92 499.00
353.92 498.00
353.92 497.00
353.92 496.00
353.92 495.00
353.92 494.00
353.92 493.00
353.92 492.00
353.92 491.00
353.00 490.08
352.92 490.00
352.92 489.00
352.92 488.00
352.00 487.08
351.92 487.00
351.92 486.00
351.00 485.08
350.92 485.00
350.92 484.00
350.00 483.08
349.92 483.00
349.92 482.00
349.00 481.08
348.92 481.00
348.00 480.08
347.92 480.00
347.00 479.08
346.92 479.00
346.00 478.08
345.92 478.00
345.00 477.08
344.92 477.00
344.00 476.08
343.92 476.00
343.00 475.08
342.00 475.08
341.92 475.00
341.00 474.08
340.92 474.00
340.00 473.08
339.00 473.08
338.92 473.00
338.00 472.08
337.00 472.08
336.00 472.08
335.92 472.00
335.00 471.08
334.00 471.08
333.00 471.08
332.00 471.08
331.92 471.00
331.00 470.08
330.00 470.08
329.00 470.08
328.00 470.08
327.00 470.08
326.00 470.08
325.00 470.08
324.08 471.00
324.00 471.08
323.00 471.08
322.00 471.08
321.00 471.08
320.00 471.08
319.00 471.08
318.08 472.00
318.00 472.08
317.00 472.08
316.00 472.08
315.00 472.08
314.08 473.00
314.00 473.08
313.00 473.08
312.00 473.08
311.08 474.00
311.00 474.08
310.00 474.08
309.00 474.08
308.08 475.00
308.00 475.08
307.00 475.08
306.08 476.00
306.00 476.08
305.00 476.08
304.08 477.00
304.00 477.08
303.00 477.08
302.08 478.00
302.00 478.08
301.00 478.08
300.08 479.00
300.00 479.08
299.08 480.00
299.00 480.08
298.00 480.08
297.08 481.00
297.00 481.08
296.08 482.00
296.00 482.08
295.08 483.00
295.00 483.08
294.08 484.00
294.08 485.00
294.00 485.08
293.08 486.00
293.00 486.08
292.08 487.00
292.08 488.00
292.08 489.00
292.00 489.08
291.08 490.00
291.08 491.00
291.08 492.00
291.08 493.00
291.08 494.00
291.08 495.00
291.08 496.00
291.08 497.00
291.08 498.00
292.00 498.92
292.08 499.00
292.08 500.00
292.08 501.00
293.00 501.92
293.08 502.00
293.08 503.00
293.08 504.00
294.00 504.92
294.08 505.00
295.00 505.92
295.08 506.00
295.08 507.00
296.00 507.92
296.08 508.00
297.00 508.92
297.08 509.00
298.00 509.92
298.08 510.00
299.00 510.92
299.08 511.00
300.00 511.92
300.08 512.00
301.00 512.92
301.08 513.00
302.00 513.92
302.08 514.00
303.00 514.92
303.08 515.00
304.00 515.92
304.08 516.00
305.00 516.92
306.00 516.92
306.08 517.00
307.00 517.92
307.08 518.00
308.00 518.92
309.00 518.92
310.00 518.92
310.08 519.00
311.00 519.92
312.00 519.92
313.00 519.92
313.08 520.00
314.00 520.92
315.00 520.92
316.00 520.92
317.00 520.92
317.08 521.00
318.00 521.92
319.00 521.92
320.00 521.92
321.00 521.92
322.00 521.92
323.00 521.92
324.00 521.92
325.00 521.92
326.00 521.92
327.00 521.92
328.00 521.92
329.00 521.92
330.00 521.92
331.00 521.92
332.00 521.92
333.00 521.92
333.92 521.00
334.00 520.92
335.00 520.92
336.00 520.92
337.00 520.92
338.00 520.92
338.92 520.00
339.00 519.92
340.00 519.92
341.00 519.92
341.92 519.00
342.00 518.92
343.00 518.92
343.92 518.00
344.00 517.92
344.92 517.00
345.00 516.92
346.00 516.92
346.92 516.00
347.00 515.92
347.92 515.00
348.00 514.92
348.92 514.00
349.00 513.92
349.92 513.00
349.92 512.00
350.00 511.92
350.92 511.00
350.92 510.00
351.00 509.92
351.92 509.00
351.92 508.00
352.00 507.92
352.92 507.00
352.92 506.00
352.92 505.00
352.92 504.00
353.00 503.92
353.92 503.00

Contour 6:
456.93 147.00
456.93 146.00
456.93 145.00
456.93 144.00
456.93 143.00
456.93 142.00
456.93 141.00
456.93 140.00
456.93 139.00
456.93 138.00
456.93 137.00
456.00 136.07
455.93 136.00
455.93 135.00
455.93 134.00
455.00 133.07
454.93 133.00
454.93 132.00
454.00 131.07
453.93 131.00
453.00 130.07
452.93 130.00
452.93 129.00
452.00 128.07
451.93 128.00
451.93 127.00
451.00 126.07
450.93 126.00
450.00 125.07
449.93 125.00
449.93 124.00
449.00 123.07
448.93 123.00
448.00 122.07
447.93 122.00
447.00 121.07
446.93 121.00
446.00 120.07
445.93 120.00
445.00 119.07
444.93 119.00
444.00 118.07
443.00 118.07
442.93 118.00
442.00 117.07
441.00 117.07
440.93 117.00
440.00 116.07
439.00 116.07
438.93 116.00
438.00 115.07
437.00 115.07
436.00 115.07
435.00 115.07
434.93 115.00
434.00 114.07
433.00 114.07
432.00 114.07
431.93 114.00
431.00 113.07
430.00 113.07
429.00 113.07
428.00 113.07
427.00 113.07
426.00 113.07
425.00 113.07
424.00 113.07
423.00 113.07
422.00 113.07
421.00 113.07
420.07 114.00
420.00 114.07
419.00 114.07
418.00 114.07
417.07 115.00
417.00 115.07
416.00 115.07
415.00 115.07
414.07 116.00
414.00 116.07
413.00 116.07
412.07 117.00
412.00 117.07
411.00 117.07
410.00 117.07
409.07 118.00
409.00 118.07
408.00 118.07
407.00 118.07
406.07 119.00
406.00 119.07
405.00 119.07
404.07 120.00
404.00 120.07
403.00 120.07
402.00 120.07
401.07 121.00
401.00 121.07
400.00 121.07
399.07 122.00
399.00 122.07
398.00 122.07
397.00 122.07
396.07 123.00
396.00 123.07
395.00 123.07
394.07 124.00
394.00 124.07
393.00 124.07
392.07 125.00
392.00 125.07
391.00 125.07
390.07 126.00
390.00 126.07
389.07 127.00
389.00 127.07
388.00 127.07
387.07 128.00
387.00 128.07
386.07 129.00
386.00 129.07
385.07 130.00
385.00 130.07
384.07 131.00
384.00 131.07
383.07 132.00
383.00 132.07
382.07 133.00
382.00 133.07
381.07 134.00
381.07 135.00
381.00 135.07
380.07 136.00
380.00 136.07
379.07 137.00
379.07 138.00
379.00 138.07
378.07 139.00
378.07 140.00
378.00 140.07
377.07 141.00
377.07 142.00
377.00 142.07
376.07 143.00
376.07 144.00
376.07 145.00
376.07 146.00
376.00 146.07
375.07 147.00
375.07 148.00
375.07 149.00
375.07 150.00
375.07 151.00
375.07 152.00
375.00 152.07
374.07 153.00
374.07 154.00
374.07 155.00
374.00 155.07
373.07 156.00
373.07 157.00
373.07 158.00
374.00 158.93
374.07 159.00
374.07 160.00
375.00 160.93
375.07 161.00
375.07 162.00
375.07 163.00
376.00 163.93
376.07 164.00
376.07 165.00
377.00 165.93
377.07 166.00
378.00 166.93
378.07 167.00
379.00 167.93
379.07 168.00
379.07 169.00
380.00 169.93
380.07 170.00
381.00 170.93
381.07 171.00
382.00 171.93
382.07 172.00
383.00 172.93
383.07 173.00
384.00 173.93
384.07 174.00
385.00 174.93
385.07 175.00
386.00 175.93
386.07 176.00
387.00 176.93
387.07 177.00
388.00 177.93
389.00 177.93
389.07 178.00
390.00 178.93
390.07 179.00
391.00 179.93
392.00 179.93
392.07 180.00
393.00 180.93
394.00 180.93
394.07 181.00
395.00 181.93
396.00 181.93
396.07 182.00
397.00 182.93
398.00 182.93
399.00 182.93
399.07 183.00
400.00 183.93
401.00 183.93
402.00 183.93
403.00 183.93
404.00 183.93
405.00 183.93
406.00 183.93
407.00 183.93
408.00 183.93
409.00 183.93
410.00 183.93
411.00 183.93
412.00 183.93
413.00 183.93
414.00 183.93
415.00 183.93
416.00 183.93
417.00 183.93
418.00 183.93
418.93 183.00
419.00 182.93
420.00 182.93
421.00 182.93
421.93 182.00
422.00 181.93
423.00 181.93
424.00 181.93
424.93 181.00
425.00 180.93
426.00 180.93
426.93 180.00
427.00 179.93
428.00 179.93
428.93 179.00
429.00 178.93
430.00 178.93
430.93 178.00
431.00 177.93
432.00 177.93
432.93 177.00
433.00 176.93
433.93 176.00
434.00 175.93
435.00 175.93
435.93 175.00
436.00 174.93
437.00 174.93
437.93 174.00
438.00 173.93
438.93 173.00
439.00 172.93
439.93 172.00
440.00 171.93
441.00 171.93
441.93 171.00
442.00 170.93
442.93 170.00
443.00 169.93
443.93 169.00
444.00 168.93
444.93 168.00
444.93 167.00
445.00 166.93
445.93 166.00
446.00 165.93
446.93 165.00
447.00 164.93
447.93 164.00
448.00 163.93
448.93 163.00
449.00 162.93
449.93 162.00
450.00 161.93
450.93 161.00
451.00 160.93
451.93 160.00
452.00 159.93
452.93 159.00
452.93 158.00
453.00 157.93
453.93 157.00
453.93 156.00
454.00 155.93
454.93 155.00
454.93 154.00
455.00 153.93
455.93 153.00
455.93 152.00
455.93 151.00
455.93 150.00
455.93 149.00
455.93 148.00
456.00 147.93
456.93 147.00

Contour 7:
441.94 396.00
441.94 395.00
441.94 394.00
441.94 393.00
441.94 392.00
441.94 391.00
441.94 390.00
441.94 389.00
441.94 388.00
441.94 387.00
441.94 386.00
441.94 385.00
441.94 384.00
441.94 383.00
441.94 382.00
441.94 381.00
441.94 380.00
441.94 379.00
441.94 378.00
441.00 377.06
440.94 377.00
440.94 376.00
440.94 375.00
440.94 374.00
440.00 373.06
439.94 373.00
439.94 372.00
439.00 371.06
438.94 371.00
438.00 370.06
437.94 370.00
437.94 369.00
437.00 368.06
436.94 368.00
436.00 367.06
435.94 367.00
435.00 366.06
434.94 366.00
434.00 365.06
433.94 365.00
433.00 364.06
432.94 364.00
432.00 363.06
431.94 363.00
431.00 362.06
430.00 362.06
429.94 362.00
429.00 361.06
428.94 361.00
428.00 360.06
427.94 360.00
427.00 359.06
426.00 359.06
425.94 359.00
425.00 358.06
424.00 358.06
423.00 358.06
422.00 358.06
421.94 358.00
421.00 357.06
420.00 357.06
419.00 357.06
418.00 357.06
417.00 357.06
416.00 357.06
415.00 357.06
414.00 357.06
413.00 357.06
412.00 357.06
411.00 357.06
410.00 357.06
409.06 358.00
409.00 358.06
408.00 358.06
407.06 359.00
407.00 359.06
406.00 359.06
405.06 360.00
405.00 360.06
404.06 361.00
404.00 361.06
403.00 361.06
402.06 362.00
402.00 362.06
401.06 363.00
401.00 363.06
400.00 363.06
399.06 364.00
399.00 364.06
398.06 365.00
398.00 365.06
397.06 366.00
397.00 366.06
396.06 367.00
396.00 367.06
395.06 368.00
395.00 368.06
394.06 369.00
394.06 370.00
394.06 371.00
394.00 371.06
393.06 372.00
393.06 373.00
393.06 374.00
393.06 375.00
393.06 376.00
393.00 376.06
392.06 377.00
392.06 378.00
392.06 379.00
392.06 380.00
392.06 381.00
392.06 382.00
392.06 383.00
392.06 384.00
392.06 385.00
392.06 386.00
392.06 387.00
392.06 388.00
392.06 389.00
392.00 389.06
391.06 390.00
391.06 391.00
391.06 392.00
391.06 393.00
391.06 394.00
391.00 394.06
390.06 395.00
390.06 396.00
390.06 397.00
390.06 398.00
390.06 399.00
390.00 399.06
389.06 400.00
389.06 401.00
389.06 402.00
390.00 402.94
390.06 403.00
390.06 404.00
390.06 405.00
391.00 405.94
391.06 406.00
391.06 407.00
392.00 407.94
392.06 408.00
393.00 408.94
393.06 409.00
394.00 409.94
394.06 410.00
395.00 410.94
396.00 410.94
397.00 410.94
397.06 411.00
398.00 411.94
399.00 411.94
399.06 412.00
400.00 412.94
400.06 413.00
401.00 413.94
401.06 414.00
402.00 414.94
402.06 415.00
403.00 415.94
403.06 416.00
404.00 416.94
404.06 417.00
405.00 417.94
406.00 417.94
406.06 418.00
407.00 418.94
408.00 418.94
409.00 418.94
410.00 418.94
411.00 418.94
412.00 418.94
413.00 418.94
414.00 418.94
415.00 418.94
415.94 418.00
416.00 417.94
417.00 417.94
418.00 417.94
418.94 417.00
419.00 416.94
420.00 416.94
421.00 416.94
421.94 416.00
422.00 415.94
423.00 415.94
423.94 415.00
424.00 414.94
425.00 414.94
425.94 414.00
426.00 413.94
427.00 413.94
427.94 413.00
428.00 412.94
429.00 412.94
429.94 412.00
430.00 411.94
430.94 411.00
431.00 410.94
431.94 410.00
432.00 409.94
432.94 409.00
433.00 408.94
433.94 408.00
434.00 407.94
434.94 407.00
435.00 406.94
435.94 406.00
436.00 405.94
436.94 405.00
437.00 404.94
437.94 404.00
437.94 403.00
438.00 402.94
438.94 402.00
438.94 401.00
439.00 400.94
439.94 400.00
440.00 399.94
440.94 399.00
440.94 398.00
440.94 397.00
441.00 396.94
441.94 396.00

Contour 8:
489.94 243.00
489.94 242.00
489.94 241.00
489.94 240.00
489.94 239.00
489.94 238.00
489.94 237.00
489.94 236.00
489.94 235.00
489.94 234.00
489.94 233.00
489.94 232.00
489.94 231.00
489.94 230.00
489.00 229.06
488.94 229.00
488.94 228.00
488.94 227.00
488.94 226.00
488.00 225.06
487.94 225.00
487.94 224.00
487.94 223.00
487.00 222.06
486.94 222.00
486.00 221.06
485.94 221.00
485.94 220.00
485.00 219.06
484.94 219.00
484.00 218.06
483.94 218.00
483.00 217.06
482.94 217.00
482.00 216.06
481.94 216.00
481.00 215.06
480.00 215.06
479.94 215.00
479.00 214.06
478.94 214.00
478.00 213.06
477.00 213.06
476.94 213.00
476.00 212.06
475.94 212.00
475.00 211.06
474.00 211.06
473.94 211.00
473.00 210.06
472.00 210.06
471.00 210.06
470.94 210.00
470.00 209.06
469.00 209.06
468.00 209.06
467.00 209.06
466.94 209.00
466.00 208.06
465.00 208.06
464.00 208.06
463.00 208.06
462.00 208.06
461.00 208.06
460.00 208.06
459.00 208.06
458.00 208.06
457.00 208.06
456.00 208.06
455.00 208.06
454.00 208.06
453.00 208.06
452.00 208.06
451.00 208.06
450.00 208.06
449.06 209.00
449.00 209.06
448.00 209.06
447.00 209.06
446.00 209.06
445.00 209.06
444.06 210.00
444.00 210.06
443.00 210.06
442.00 210.06
441.06 211.00
441.00 211.06
440.00 211.06
439.00 211.06
438.06 212.00
438.00 212.06
437.00 212.06
436.06 213.00
436.00 213.06
435.00 213.06
434.06 214.00
434.00 214.06
433.00 214.06
432.06 215.00
432.00 215.06
431.00 215.06
430.00 215.06
429.06 216.00
429.00 216.06
428.00 216.06
427.06 217.00
427.00 217.06
426.00 217.06
425.06 218.00
425.00 218.06
424.00 218.06
423.06 219.00
423.00 219.06
422.06 220.00
422.00 220.06
421.00 220.06
420.06 221.00
420.00 221.06
419.06 222.00
419.00 222.06
418.06 223.00
418.00 223.06
417.00 223.06
416.06 224.00
416.00 224.06
415.06 225.00
415.00 225.06
414.06 226.00
414.00 226.06
413.06 227.00
413.00 227.06
412.06 228.00
412.00 228.06
411.06 229.00
411.00 229.06
410.06 230.00
410.00 230.06
409.06 231.00
409.00 231.06
408.06 232.00
408.00 232.06
407.06 233.00
407.06 234.00
407.00 234.06
406.06 235.00
406.00 235.06
405.06 236.00
405.06 237.00
405.00 237.06
404.06 238.00
404.06 239.00
404.00 239.06
403.06 240.00
403.06 241.00
403.00 241.06
402.06 242.00
402.06 243.00
402.00 243.06
401.06 244.00
401.06 245.00
401.06 246.00
401.06 247.00
401.00 247.06
400.06 248.00
400.06 249.00
400.06 250.00
400.06 251.00
400.06 252.00
400.06 253.00
400.00 253.06
399.06 254.00
399.06 255.00
399.06 256.00
400.00 256.94
400.06 257.00
400.06 258.00
400.06 259.00
400.06 260.00
400.06 261.00
401.00 261.94
401.06 262.00
401.06 263.00
402.00 263.94
402.06 264.00
402.06 265.00
403.00 265.94
403.06 266.00
404.00 266.94
404.06 267.00
404.06 268.00
405.00 268.94
405.06 269.00
406.00 269.94
406.06 270.00
406.06 271.00
407.00 271.94
407.06 272.00
408.00 272.94
408.06 273.00
409.00 273.94
409.06 274.00
410.00 274.94
410.06 275.00
411.00 275.94
411.06 276.00
412.00 276.94
412.06 277.00
413.00 277.94
413.06 278.00
414.00 278.94
415.00 278.94
415.06 279.00
416.00 279.94
417.00 279.94
418.00 279.94
418.06 280.00
419.00 280.94
420.00 280.94
421.00 280.94
422.00 280.94
422.06 281.00
423.00 281.94
424.00 281.94
425.00 281.94
426.00 281.94
426.06 282.00
427.00 282.94
428.00 282.94
429.00 282.94
430.00 282.94
431.00 282.94
432.00 282.94
433.00 282.94
434.00 282.94
435.00 282.94
436.00 282.94
437.00 282.94
437.06 283.00
438.00 283.94
439.00 283.94
439.94 283.00
440.00 282.94
441.00 282.94
442.00 282.94
443.00 282.94
444.00 282.94
445.00 282.94
446.00 282.94
446.94 282.00
447.00 281.94
448.00 281.94
449.00 281.94
449.94 281.00
450.00 280.94
451.00 280.94
452.00 280.94
452.94 280.00
453.00 279.94
454.00 279.94
455.00 279.94
455.94 279.00
456.00 278.94
457.00 278.94
457.94 278.00
458.00 277.94
459.00 277.94
459.94 277.00
460.00 276.94
460.94 276.00
461.00 275.94
462.00 275.94
462.94 275.00
463.00 274.94
464.00 274.94
464.94 274.00
465.00 273.94
466.00 273.94
466.94 273.00
467.00 272.94
467.94 272.00
468.00 271.94
469.00 271.94
469.94 271.00
470.00 270.94
471.00 270.94
471.94 270.00
472.00 269.94
472.94 269.00
473.00 268.94
473.94 268.00
474.00 267.94
474.94 267.00
475.00 266.94
475.94 266.00
476.00 265.94
476.94 265.00
477.00 264.94
477.94 264.00
478.00 263.94
478.94 263.00
479.00 262.94
479.94 262.00
480.00 261.94
480.94 261.00
481.00 260.94
481.94 260.00
482.00 259.94
482.94 259.00
482.94 258.00
483.00 257.94
483.94 257.00
484.00 256.94
484.94 256.00
485.00 255.94
485.94 255.00
485.94 254.00
486.00 253.94
486.94 253.00
486.94 252.00
486.94 251.00
487.00 250.94
487.94 250.00
487.94 249.00
487.94 248.00
488.00 247.94
488.94 247.00
488.94 246.00
488.94 245.00
488.94 244.00
489.00 243.94
489.94 243.00

Contour 9:
492.95 486.00
492.95 485.00
492.95 484.00
492.95 483.00
492.95 482.00
492.95 481.00
492.95 480.00
492.95 479.00
492.95 478.00
492.95 477.00
492.95 476.00
492.00 475.05
491.95 475.00
491.95 474.00
491.00 473.05
490.95 473.00
490.95 472.00
490.00 471.05
489.95 471.00
489.95 470.00
489.00 469.05
488.95 469.00
488.95 468.00
488.00 467.05
487.95 467.00
487.95 466.00
487.00 465.05
486.95 465.00
486.95 464.00
486.00 463.05
485.95 463.00
485.95 462.00
485.00 461.05
484.95 461.00
484.00 460.05
483.95 460.00
483.00 459.05
482.95 459.00
482.00 458.05
481.95 458.00
481.00 457.05
480.00 457.05
479.00 457.05
478.95 457.00
478.00 456.05
477.00 456.05
476.00 456.05
475.00 456.05
474.00 456.05
473.00 456.05
472.00 456.05
471.05 457.00
471.00 457.05
470.00 457.05
469.00 457.05
468.00 457.05
467.00 457.05
466.00 457.05
465.00 457.05
464.05 458.00
464.00 458.05
463.00 458.05
462.00 458.05
461.00 458.05
460.05 459.00
460.00 459.05
459.00 459.05
458.00 459.05
457.05 460.00
457.00 460.05
456.00 460.05
455.05 461.00
455.00 461.05
454.00 461.05
453.05 462.00
453.00 462.05
452.00 462.05
451.00 462.05
450.05 463.00
450.00 463.05
449.00 463.05
448.05 464.00
448.00 464.05
447.05 465.00
447.00 465.05
446.00 465.05
445.05 466.00
445.00 466.05
444.00 466.05
443.05 467.00
443.00 467.05
442.00 467.05
441.05 468.00
441.00 468.05
440.05 469.00
440.00 469.05
439.00 469.05
438.05 470.00
438.00 470.05
437.00 470.05
436.05 471.00
436.00 471.05
435.00 471.05
434.05 472.00
434.00 472.05
433.05 473.00
433.00 473.05
432.05 474.00
432.00 474.05
431.05 475.00
431.00 475.05
430.05 476.00
430.05 477.00
430.00 477.05
429.05 478.00
429.05 479.00
429.05 480.00
429.00 480.05
428.05 481.00
428.05 482.00
428.05 483.00
428.05 484.00
428.05 485.00
428.05 486.00
428.05 487.00
428.05 488.00
428.05 489.00
428.05 490.00
428.05 491.00
428.05 492.00
428.05 493.00
428.05 494.00
428.05 495.00
428.05 496.00
429.00 496.95
429.05 497.00
429.05 498.00
430.00 498.95
430.05 499.00
430.05 500.00
431.00 500.95
431.05 501.00
432.00 501.95
432.05 502.00
433.00 502.95
433.05 503.00
434.00 503.95
434.05 504.00
435.00 504.95
436.00 504.95
436.05 505.00
437.00 505.95
438.00 505.95
438.05 506.00
439.00 506.95
440.00 506.95
440.05 507.00
441.00 507.95
442.00 507.95
443.00 507.95
443.05 508.00
444.00 508.95
445.00 508.95
446.00 508.95
447.00 508.95
448.00 508.95
449.00 508.95
450.00 508.95
451.00 508.95
452.00 508.95
453.00 508.95
454.00 508.95
455.00 508.95
456.00 508.95
457.00 508.95
458.00 508.95
458.95 508.00
459.00 507.95
460.00 507.95
461.00 507.95
462.00 507.95
463.00 507.95
464.00 507.95
465.00 507.95
466.00 507.95
467.00 507.95
468.00 507.95
469.00 507.95
470.00 507.95
470.95 507.00
471.00 506.95
472.00 506.95
472.95 506.00
473.00 505.95
474.00 505.95
474.95 505.00
475.00 504.95
476.00 504.95
476.95 504.00
477.00 503.95
478.00 503.95
478.95 503.00
479.00 502.95
479.95 502.00
480.00 501.95
481.00 501.95
481.95 501.00
482.00 500.95
482.95 500.00
483.00 499.95
483.95 499.00
484.00 498.95
484.95 498.00
485.00 497.95
485.95 497.00
486.00 496.95
486.95 496.00
487.00 495.95
487.95 495.00
488.00 494.95
488.95 494.00
489.00 493.95
489.95 493.00
489.95 492.00
490.00 491.95
490.95 491.00
490.95 490.00
491.00 489.95
491.95 489.00
491.95 488.00
491.95 487.00
492.00 486.95
492.95 486.00

Contour 10:
526.95 700.00
526.95 699.00
526.95 698.00
526.95 697.00
526.95 696.00
526.95 695.00
526.95 694.00
526.00 693.05
525.95 693.00
525.95 692.00
525.95 691.00
525.95 690.00
525.95 689.00
525.95 688.00
525.00 687.05
524.95 687.00
524.95 686.00
524.00 685.05
523.95 685.00
523.95 684.00
523.00 683.05
522.95 683.00
522.00 682.05
521.95 682.00
521.95 681.00
521.00 680.05
520.95 680.00
520.00 679.05
519.95 679.00
519.00 678.05
518.95 678.00
518.00 677.05
517.95 677.00
517.00 676.05
516.00 676.05
515.95 676.00
515.00 675.05
514.95 675.00
514.00 674.05
513.00 674.05
512.95 674.00
512.00 673.05
511.95 673.00
511.00 672.05
510.00 672.05
509.00 672.05
508.95 672.00
508.00 671.05
507.95 671.00
507.00 670.05
506.00 670.05
505.00 670.05
504.95 670.00
504.00 669.05
503.00 669.05
502.00 669.05
501.00 669.05
500.00 669.05
499.00 669.05
498.00 669.05
497.00 669.05
496.00 669.05
495.00 669.05
494.00 669.05
493.00 669.05
492.00 669.05
491.05 670.00
491.00 670.05
490.00 670.05
489.00 670.05
488.00 670.05
487.00 670.05
486.05 671.00
486.00 671.05
485.00 671.05
484.00 671.05
483.00 671.05
482.05 672.00
482.00 672.05
481.00 672.05
480.05 673.00
480.00 673.05
479.00 673.05
478.05 674.00
478.00 674.05
477.05 675.00
477.00 675.05
476.00 675.05
475.05 676.00
475.00 676.05
474.05 677.00
474.00 677.05
473.05 678.00
473.00 678.05
472.05 679.00
472.00 679.05
471.05 680.00
471.05 681.00
471.00 681.05
470.05 682.00
470.00 682.05
469.05 683.00
469.05 684.00
469.00 684.05
468.05 685.00
468.00 685.05
467.05 686.00
467.05 687.00
467.00 687.05
466.05 688.00
466.00 688.05
465.05 689.00
465.05 690.00
465.00 690.05
464.05 691.00
464.05 692.00
464.00 692.05
463.05 693.00
463.05 694.00
463.00 694.05
462.05 695.00
462.05 696.00
462.05 697.00
462.05 698.00
462.05 699.00
462.05 700.00
462.05 701.00
462.05 702.00
462.05 703.00
462.05 704.00
462.05 705.00
462.05 706.00
462.05 707.00
462.05 708.00
462.05 709.00
463.00 709.95
463.05 710.00
463.05 711.00
463.05 712.00
463.05 713.00
464.00 713.95
464.05 714.00
464.05 715.00
465.00 715.95
465.05 716.00
465.05 717.00
466.00 717.95
466.05 718.00
467.00 718.95
467.05 719.00
467.05 720.00
468.00 720.95
468.05 721.00
469.00 721.95
469.05 722.00
470.00 722.95
470.05 723.00
471.00 723.95
471.05 724.00
472.00 724.95
472.05 725.00
473.00 725.95
474.00 725.95
474.05 726.00
475.00 726.95
476.00 726.95
476.05 727.00
477.00 727.95
478.00 727.95
478.05 728.00
479.00 728.95
480.00 728.95
481.00 728.95
482.00 728.95
482.05 729.00
483.00 729.95
484.00 729.95
485.00 729.95
486.00 729.95
487.00 729.95
488.00 729.95
489.00 729.95
490.00 729.95
491.00 729.95
492.00 729.95
493.00 729.95
494.00 729.95
495.00 729.95
496.00 729.95
497.00 729.95
497.95 729.00
498.00 728.95
499.00 728.95
500.00 728.95
501.00 728.95
502.00 728.95
503.00 728.95
503.95 728.00
504.00 727.95
505.00 727.95
506.00 727.95
506.95 727.00
507.00 726.95
507.95 726.00
508.00 725.95
509.00 725.95
509.95 725.00
510.00 724.95
510.95 724.00
511.00 723.95
511.95 723.00
512.00 722.95
512.95 722.00
513.00 721.95
514.00 721.95
514.95 721.00
515.00 720.95
515.95 720.00
516.00 719.95
516.95 719.00
517.00 718.95
517.95 718.00
518.00 717.95
518.95 717.00
519.00 716.95
519.95 716.00
520.00 715.95
520.95 715.00
520.95 714.00
521.00 713.95
521.95 713.00
521.95 712.00
522.00 711.95
522.95 711.00
523.00 710.95
523.95 710.00
523.95 709.00
523.95 708.00
524.00 707.95
524.95 707.00
524.95 706.00
525.00 705.95
525.95 705.00
525.95 704.00
525.95 703.00
525.95 702.00
525.95 701.00
526.00 700.95
526.95 700.00

Contour 11:
549.96 454.00
549.96 453.00
549.96 452.00
549.96 451.00
549.96 450.00
549.96 449.00
549.96 448.00
549.96 447.00
549.96 446.00
549.00 445.04
548.96 445.00
548.96 444.00
548.96 443.00
548.96 442.00
548.00 441.04
547.96 441.00
547.96 440.00
547.96 439.00
547.00 438.04
546.96 438.00
546.96 437.00
546.00 436.04
545.96 436.00
545.96 435.00
545.00 434.04
544.96 434.00
544.96 433.00
544.00 432.04
543.96 432.00
543.00 431.04
542.96 431.00
542.00 430.04
541.96 430.00
541.00 429.04
540.96 429.00
540.00 428.04
539.96 428.00
539.96 427.00
539.00 426.04
538.96 426.00
538.00 425.04
537.96 425.00
537.00 424.04
536.96 424.00
536.00 423.04
535.00 423.04
534.96 423.00
534.00 422.04
533.96 422.00
533.00 421.04
532.00 421.04
531.96 421.00
531.00 420.04
530.00 420.04
529.96 420.00
529.00 419.04
528.00 419.04
527.00 419.04
526.96 419.00
526.00 418.04
525.00 418.04
524.00 418.04
523.00 418.04
522.00 418.04
521.00 418.04
520.00 418.04
519.00 418.04
518.00 418.04
517.00 418.04
516.00 418.04
515.00 418.04
514.00 418.04
513.00 418.04
512.00 418.04
511.00 418.04
510.04 419.00
510.00 419.04
509.00 419.04
508.00 419.04
507.00 419.04
506.04 420.00
506.00 420.04
505.00 420.04
504.04 421.00
504.00 421.04
503.00 421.04
502.04 422.00
502.00 422.04
501.00 422.04
500.04 423.00
500.00 423.04
499.04 424.00
499.00 424.04
498.04 425.00
498.00 425.04
497.04 426.00
497.00 426.04
496.04 427.00
496.00 427.04
495.04 428.00
495.04 429.00
495.00 429.04
494.04 430.00
494.00 430.04
493.04 431.00
493.04 432.00
493.00 432.04
492.04 433.00
492.04 434.00
492.00 434.04
491.04 435.00
491.04 436.00
491.00 436.04
490.04 437.00
490.04 438.00
490.04 439.00
490.00 439.04
489.04 440.00
489.04 441.00
489.04 442.00
489.04 443.00
489.04 444.00
489.00 444.04
488.04 445.00
488.04 446.00
488.04 447.00
488.04 448.00
488.04 449.00
489.00 449.96
489.04 450.00
489.04 451.00
489.04 452.00
489.04 453.00
489.04 454.00
490.00 454.96
490.04 455.00
490.04 456.00
490.04 457.00
491.00 457.96
491.04 458.00
491.04 459.00
492.00 459.96
492.04 460.00
493.00 460.96
493.04 461.00
493.04 462.00
494.00 462.96
494.04 463.00
494.04 464.00
495.00 464.96
495.04 465.00
495.04 466.00
496.00 466.96
496.04 467.00
496.04 468.00
497.00 468.96
497.04 469.00
498.00 469.96
498.04 470.00
498.04 471.00
499.00 471.96
499.04 472.00
500.00 472.96
501.00 472.96
501.04 473.00
502.00 473.96
502.04 474.00
503.00 474.96
503.04 475.00
504.00 475.96
505.00 475.96
505.04 476.00
506.00 476.96
507.00 476.96
507.04 477.00
508.00 477.96
508.04 478.00
509.00 478.96
510.00 478.96
510.04 479.00
511.00 479.96
512.00 479.96
513.00 479.96
513.04 480.00
514.00 480.96
515.00 480.96
516.00 480.96
517.00 480.96
518.00 480.96
519.00 480.96
520.00 480.96
521.00 480.96
522.00 480.96
523.00 480.96
523.96 480.00
524.00 479.96
525.00 479.96
526.00 479.96
527.00 479.96
527.96 479.00
528.00 478.96
529.00 478.96
530.00 478.96
530.96 478.00
531.00 477.96
532.00 477.96
532.96 477.00
533.00 476.96
534.00 476.96
534.96 476.00
535.00 475.96
535.96 475.00
536.00 474.96
537.00 474.96
537.96 474.00
538.00 473.96
538.96 473.00
539.00 472.96
539.96 472.00
540.00 471.96
540.96 471.00
541.00 470.96
541.96 470.00
542.00 469.96
542.96 469.00
543.00 468.96
543.96 468.00
543.96 467.00
544.00 466.96
544.96 466.00
545.00 465.96
545.96 465.00
545.96 464.00
546.00 463.96
546.96 463.00
546.96 462.00
546.96 461.00
547.00 460.96
547.96 460.00
547.96 459.00
547.96 458.00
548.00 457.96
548.96 457.00
548.96 456.00
548.96 455.00
549.00 454.96
549.96 454.00

Contour 12:
559.96 329.00
559.96 328.00
559.96 327.00
559.00 326.04
558.96 326.00
558.96 325.00
558.96 324.00
558.96 323.00
558.96 322.00
558.96 321.00
558.96 320.00
558.00 319.04
557.96 319.00
557.96 318.00
557.96 317.00
557.96 316.00
557.96 315.00
557.00 314.04
556.96 314.00
556.96 313.00
556.00 312.04
555.96 312.00
555.96 311.00
555.00 310.04
554.96 310.00
554.96 309.00
554.00 308.04
553.96 308.00
553.00 307.04
552.96 307.00
552.00 306.04
551.96 306.00
551.00 305.04
550.96 305.00
550.00 304.04
549.96 304.00
549.00 303.04
548.96 303.00
548.00 302.04
547.96 302.00
547.00 301.04
546.96 301.00
546.00 300.04
545.00 300.04
544.96 300.00
544.00 299.04
543.96 299.00
543.00 298.04
542.96 298.00
542.00 297.04
541.00 297.04
540.96 297.00
540.00 296.04
539.00 296.04
538.96 296.00
538.00 295.04
537.00 295.04
536.96 295.00
536.00 294.04
535.00 294.04
534.00 294.04
533.96 294.00
533.00 293.04
532.00 293.04
531.00 293.04
530.00 293.04
529.00 293.04
528.00 293.04
527.00 293.04
526.96 293.00
526.00 292.04
525.00 292.04
524.04 293.00
524.00 293.04
523.00 293.04
522.00 293.04
521.00 293.04
520.00 293.04
519.04 294.00
519.00 294.04
518.00 294.04
517.00 294.04
516.00 294.04
515.04 295.00
515.00 295.04
514.00 295.04
513.04 296.00
513.00 296.04
512.04 297.00
512.00 297.04
511.00 297.04
510.04 298.00
510.00 298.04
509.04 299.00
509.00 299.04
508.04 300.00
508.00 300.04
507.04 301.00
507.00 301.04
506.04 302.00
506.00 302.04
505.04 303.00
505.00 303.04
504.04 304.00
504.04 305.00
504.00 305.04
503.04 306.00
503.04 307.00
503.00 307.04
502.04 308.00
502.04 309.00
502.04 310.00
502.04 311.00
502.04 312.00
502.00 312.04
501.04 313.00
501.04 314.00
501.04 315.00
501.04 316.00
501.04 317.00
501.04 318.00
501.04 319.00
501.04 320.00
501.04 321.00
501.04 322.00
501.04 323.00
502.00 323.96
502.04 324.00
502.04 325.00
502.04 326.00
502.04 327.00
503.00 327.96
503.04 328.00
503.04 329.00
503.04 330.00
504.00 330.96
504.04 331.00
504.04 332.00
504.04 333.00
505.00 333.96
505.04 334.00
505.04 335.00
506.00 335.96
506.04 336.00
507.00 336.96
507.04 337.00
507.04 338.00
508.00 338.96
508.04 339.00
509.00 339.96
509.04 340.00
510.00 340.96
510.04 341.00
510.04 342.00
511.00 342.96
511.04 343.00
512.00 343.96
512.04 344.00
513.00 344.96
513.04 345.00
513.04 346.00
514.00 346.96
514.04 347.00
515.00 347.96
515.04 348.00
516.00 348.96
516.04 349.00
517.00 349.96
518.00 349.96
518.04 350.00
519.00 350.96
519.04 351.00
520.00 351.96
521.00 351.96
521.04 352.00
522.00 352.96
522.04 353.00
523.00 353.96
524.00 353.96
524.04 354.00
525.00 354.96
526.00 354.96
527.00 354.96
527.04 355.00
528.00 355.96
529.00 355.96
530.00 355.96
531.00 355.96
532.00 355.96
533.00 355.96
534.00 355.96
535.00 355.96
536.00 355.96
537.00 355.96
537.96 355.00
538.00 354.96
539.00 354.96
540.00 354.96
540.96 354.00
541.00 353.96
542.00 353.96
543.00 353.96
543.96 353.00
544.00 352.96
544.96 352.00
545.00 351.96
546.00 351.96
546.96 351.00
547.00 350.96
547.96 350.00
548.00 349.96
548.96 349.00
549.00 348.96
550.00 348.96
550.96 348.00
551.00 347.96
551.96 347.00
552.00 346.96
552.96 346.00
552.96 345.00
553.00 344.96
553.96 344.00
554.00 343.96
554.96 343.00
554.96 342.00
555.00 341.96
555.96 341.00
556.00 340.96
556.96 340.00
556.96 339.00
557.00 338.96
557.96 338.00
557.96 337.00
557.96 336.00
558.00 335.96
558.96 335.00
558.96 334.00
558.96 333.00
558.96 332.00
558.96 331.00
558.96 330.00
559.00 329.96
559.96 329.00

Contour 13:
572.96 538.00
572.96 537.00
572.96 536.00
572.96 535.00
572.96 534.00
572.96 533.00
572.96 532.00
572.96 531.00
572.96 530.00
572.96 529.00
572.96 528.00
572.00 527.04
571.96 527.00
571.96 526.00
571.96 525.00
571.00 524.04
570.96 524.00
570.96 523.00
570.00 522.04
569.96 522.00
569.96 521.00
569.00 520.04
568.96 520.00
568.96 519.00
568.00 518.04
567.96 518.00
567.00 517.04
566.96 517.00
566.00 516.04
565.96 516.00
565.00 515.04
564.96 515.00
564.00 514.04
563.96 514.00
563.00 513.04
562.96 513.00
562.00 512.04
561.96 512.00
561.00 511.04
560.96 511.00
560.00 510.04
559.96 510.00
559.00 509.04
558.00 509.04
557.96 509.00
557.00 508.04
556.00 508.04
555.96 508.00
555.00 507.04
554.00 507.04
553.00 507.04
552.00 507.04
551.96 507.00
551.00 506.04
550.00 506.04
549.00 506.04
548.00 506.04
547.00 506.04
546.00 506.04
545.00 506.04
544.00 506.04
543.04 507.00
543.00 507.04
542.00 507.04
541.00 507.04
540.00 507.04
539.04 508.00
539.00 508.04
538.00 508.04
537.00 508.04
536.04 509.00
536.00 509.04
535.00 509.04
534.00 509.04
533.04 510.00
533.00 510.04
532.00 510.04
531.04 511.00
531.00 511.04
530.00 511.04
529.04 512.00
529.00 512.04
528.04 513.00
528.00 513.04
527.00 513.04
526.04 514.00
526.00 514.04
525.04 515.00
525.00 515.04
524.04 516.00
524.00 516.04
523.04 517.00
523.00 517.04
522.04 518.00
522.00 518.04
521.04 519.00
521.00 519.04
520.04 520.00
520.04 521.00
520.00 521.04
519.04 522.00
519.04 523.00
519.00 523.04
518.04 524.00
518.04 525.00
518.04 526.00
518.00 526.04
517.04 527.00
517.04 528.00
517.00 528.04
516.04 529.00
516.04 530.00
516.00 530.04
515.04 531.00
515.04 532.00
515.00 532.04
514.04 533.00
514.04 534.00
514.04 535.00
514.00 535.04
513.04 536.00
513.04 537.00
513.04 538.00
513.04 539.00
513.04 540.00
513.04 541.00
513.04 542.00
513.04 543.00
513.04 544.00
514.00 544.96
514.04 545.00
514.04 546.00
514.04 547.00
514.04 548.00
514.04 549.00
515.00 549.96
515.04 550.00
515.04 551.00
516.00 551.96
516.04 552.00
516.04 553.00
517.00 553.96
517.04 554.00
517.04 555.00
518.00 555.96
518.04 556.00
518.04 557.00
519.00 557.96
519.04 558.00
520.00 558.96
520.04 559.00
520.04 560.00
521.00 560.96
521.04 561.00
521.04 562.00
522.00 562.96
522.04 563.00
523.00 563.96
523.04 564.00
524.00 564.96
524.04 565.00
525.00 565.96
525.04 566.00
526.00 566.96
527.00 566.96
527.04 567.00
528.00 567.96
529.00 567.96
529.04 568.00
530.00 568.96
531.00 568.96
532.00 568.96
533.00 568.96
533.04 569.00
534.00 569.96
535.00 569.96
536.00 569.96
537.00 569.96
538.00 569.96
539.00 569.96
540.00 569.96
541.00 569.96
542.00 569.96
543.00 569.96
544.00 569.96
545.00 569.96
546.00 569.96
546.96 569.00
547.00 568.96
548.00 568.96
549.00 568.96
550.00 568.96
550.96 568.00
551.00 567.96
552.00 567.96
552.96 567.00
553.00 566.96
553.96 566.00
554.00 565.96
555.00 565.96
555.96 565.00
556.00 564.96
556.96 564.00
557.00 563.96
557.96 563.00
558.00 562.96
558.96 562.00
559.00 561.96
559.96 561.00
560.00 560.96
560.96 560.00
560.96 559.00
561.00 558.96
561.96 558.00
562.00 557.96
562.96 557.00
562.96 556.00
563.00 555.96
563.96 555.00
564.00 554.96
564.96 554.00
564.96 553.00
565.00 552.96
565.96 552.00
566.00 551.96
566.96 551.00
566.96 550.00
567.00 549.96
567.96 549.00
567.96 548.00
568.00 547.96
568.96 547.00
568.96 546.00
569.00 545.96
569.96 545.00
569.96 544.00
570.00 543.96
570.96 543.00
570.96 542.00
571.00 541.96
571.96 541.00
571.96 540.00
571.96 539.00
572.00 538.96
572.96 538.00

Contour 14:
610.97 641.00
610.97 640.00
610.97 639.00
610.97 638.00
610.97 637.00
610.97 636.00
610.97 635.00
610.97 634.00
610.97 633.00
610.97 632.00
610.97 631.00
610.97 630.00
610.00 629.03
609.97 629.00
609.97 628.00
609.97 627.00
609.97 626.00
609.97 625.00
609.00 624.03
608.97 624.00
608.97 623.00
608.97 622.00
608.00 621.03
607.97 621.00
607.97 620.00
607.97 619.00
607.00 618.03
606.97 618.00
606.00 617.03
605.97 617.00
605.00 616.03
604.97 616.00
604.00 615.03
603.00 615.03
602.97 615.00
602.00 614.03
601.97 614.00
601.00 613.03
600.97 613.00
600.00 612.03
599.97 612.00
599.00 611.03
598.00 611.03
597.97 611.00
597.00 610.03
596.97 610.00
596.00 609.03
595.97 609.00
595.00 608.03
594.00 608.03
593.97 608.00
593.00 607.03
592.00 607.03
591.00 607.03
590.97 607.00
590.00 606.03
589.00 606.03
588.97 606.00
588.00 605.03
587.00 605.03
586.00 605.03
585.00 605.03
584.97 605.00
584.00 604.03
583.00 604.03
582.00 604.03
581.00 604.03
580.00 604.03
579.00 604.03
578.00 604.03
577.00 604.03
576.03 605.00
576.00 605.03
575.00 605.03
574.00 605.03
573.00 605.03
572.03 606.00
572.00 606.03
571.00 606.03
570.00 606.03
569.00 606.03
568.03 607.00
568.00 607.03
567.00 607.03
566.03 608.00
566.00 608.03
565.00 608.03
564.03 609.00
564.00 609.03
563.00 609.03
562.03 610.00
562.00 610.03
561.00 610.03
560.03 611.00
560.00 611.03
559.03 612.00
559.00 612.03
558.03 613.00
558.00 613.03
557.00 613.03
556.03 614.00
556.00 614.03
555.03 615.00
555.00 615.03
554.03 616.00
554.00 616.03
553.03 617.00
553.00 617.03
552.03 618.00
552.03 619.00
552.00 619.03
551.03 620.00
551.00 620.03
550.03 621.00
550.03 622.00
550.00 622.03
549.03 623.00
549.03 624.00
549.00 624.03
548.03 625.00
548.03 626.00
548.00 626.03
547.03 627.00
547.03 628.00
547.00 628.03
546.03 629.00
546.03 630.00
546.03 631.00
546.00 631.03
545.03 632.00
545.03 633.00
545.00 633.03
544.03 634.00
544.03 635.00
544.03 636.00
544.03 637.00
544.03 638.00
544.03 639.00
544.03 640.00
544.00 640.03
543.03 641.00
543.03 642.00
543.03 643.00
543.03 644.00
543.03 645.00
544.00 645.97
544.03 646.00
544.03 647.00
544.03 648.00
544.03 649.00
545.00 649.97
545.03 650.00
545.03 651.00
545.03 652.00
546.00 652.97
546.03 653.00
546.03 654.00
547.00 654.97
547.03 655.00
548.00 655.97
548.03 656.00
548.03 657.00
549.00 657.97
549.03 658.00
550.00 658.97
550.03 659.00
551.00 659.97
551.03 660.00
552.00 660.97
552.03 661.00
553.00 661.97
553.03 662.00
554.00 662.97
555.00 662.97
555.03 663.00
556.00 663.97
556.03 664.00
557.00 664.97
557.03 665.00
558.00 665.97
559.00 665.97
559.03 666.00
560.00 666.97
560.03 667.00
561.00 667.97
562.00 667.97
562.03 668.00
563.00 668.97
564.00 668.97
564.03 669.00
565.00 669.97
566.00 669.97
567.00 669.97
568.00 669.97
569.00 669.97
569.03 670.00
570.00 670.97
571.00 670.97
572.00 670.97
573.00 670.97
574.00 670.97
575.00 670.97
576.00 670.97
577.00 670.97
578.00 670.97
579.00 670.97
580.00 670.97
581.00 670.97
582.00 670.97
582.97 670.00
583.00 669.97
584.00 669.97
584.97 669.00
585.00 668.97
586.00 668.97
586.97 668.00
587.00 667.97
588.00 667.97
588.97 667.00
589.00 666.97
590.00 666.97
591.00 666.97
591.97 666.00
592.00 665.97
593.00 665.97
593.97 665.00
594.00 664.97
594.97 664.00
595.00 663.97
596.00 663.97
596.97 663.00
597.00 662.97
597.97 662.00
598.00 661.97
598.97 661.00
599.00 660.97
599.97 660.00
600.00 659.97
600.97 659.00
600.97 658.00
601.00 657.97
601.97 657.00
602.00 656.97
602.97 656.00
603.00 655.97
603.97 655.00
603.97 654.00
604.00 653.97
604.97 653.00
605.00 652.97
605.97 652.00
606.00 651.97
606.97 651.00
607.00 650.97
607.97 650.00
607.97 649.00
608.00 648.97
608.97 648.00
608.97 647.00
608.97 646.00
609.00 645.97
609.97 645.00
609.97 644.00
609.97 643.00
609.97 642.00
610.00 641.97
610.97 641.00

Contour 15:
657.97 327.00
657.97 326.00
657.97 325.00
657.97 324.00
657.97 323.00
657.97 322.00
657.97 321.00
657.97 320.00
657.97 319.00
657.00 318.03
656.97 318.00
656.97 317.00
656.97 316.00
656.97 315.00
656.00 314.03
655.97 314.00
655.97 313.00
655.97 312.00
655.00 311.03
654.97 311.00
654.97 310.00
654.00 309.03
653.97 309.00
653.00 308.03
652.97 308.00
652.97 307.00
652.00 306.03
651.97 306.00
651.00 305.03
650.97 305.00
650.00 304.03
649.97 304.00
649.00 303.03
648.97 303.00
648.00 302.03
647.97 302.00
647.00 301.03
646.97 301.00
646.00 300.03
645.00 300.03
644.97 300.00
644.00 299.03
643.97 299.00
643.00 298.03
642.97 298.00
642.00 297.03
641.00 297.03
640.97 297.00
640.00 296.03
639.00 296.03
638.97 296.00
638.00 295.03
637.97 295.00
637.00 294.03
636.00 294.03
635.97 294.00
635.00 293.03
634.00 293.03
633.00 293.03
632.00 293.03
631.97 293.00
631.00 292.03
630.00 292.03
629.00 292.03
628.00 292.03
627.00 292.03
626.00 292.03
625.00 292.03
624.00 292.03
623.00 292.03
622.00 292.03
621.00 292.03
620.00 292.03
619.00 292.03
618.03 293.00
618.00 293.03
617.00 293.03
616.00 293.03
615.00 293.03
614.00 293.03
613.03 294.00
613.00 294.03
612.00 294.03
611.00 294.03
610.00 294.03
609.00 294.03
608.03 295.00
608.00 295.03
607.00 295.03
606.00 295.03
605.03 296.00
605.00 296.03
604.00 296.03
603.03 297.00
603.00 297.03
602.00 297.03
601.03 298.00
601.00 298.03
600.03 299.00
600.00 299.03
599.03 300.00
599.03 301.00
599.00 301.03
598.03 302.00
598.00 302.03
597.03 303.00
597.03 304.00
597.00 304.03
596.03 305.00
596.00 305.03
595.03 306.00
595.03 307.00
595.00 307.03
594.03 308.00
594.00 308.03
593.03 309.00
593.03 310.00
593.03 311.00
593.00 311.03
592.03 312.00
592.03 313.00
592.03 314.00
592.03 315.00
592.03 316.00
592.03 317.00
592.03 318.00
592.03 319.00
592.03 320.00
593.00 320.97
593.03 321.00
593.03 322.00
593.03 323.00
594.00 323.97
594.03 324.00
594.03 325.00
595.00 325.97
595.03 326.00
595.03 327.00
595.03 328.00
596.00 328.97
596.03 329.00
596.03 330.00
597.00 330.97
597.03 331.00
598.00 331.97
598.03 332.00
598.03 333.00
599.00 333.97
599.03 334.00
600.00 334.97
600.03 335.00
601.00 335.97
601.03 336.00
601.03 337.00
602.00 337.97
602.03 338.00
603.00 338.97
604.00 338.97
604.03 339.00
605.00 339.97
605.03 340.00
606.00 340.97
606.03 341.00
607.00 341.97
608.00 341.97
608.03 342.00
609.00 342.97
610.00 342.97
611.00 342.97
611.03 343.00
612.00 343.97
613.00 343.97
614.00 343.97
614.03 344.00
615.00 344.97
616.00 344.97
617.00 344.97
618.00 344.97
619.00 344.97
620.00 344.97
620.03 345.00
621.00 345.97
622.00 345.97
623.00 345.97
624.00 345.97
625.00 345.97
626.00 345.97
627.00 345.97
628.00 345.97
629.00 345.97
630.00 345.97
631.00 345.97
632.00 345.97
633.00 345.97
633.97 345.00
634.00 344.97
635.00 344.97
636.00 344.97
637.00 344.97
638.00 344.97
639.00 344.97
640.00 344.97
641.00 344.97
641.97 344.00
642.00 343.97
643.00 343.97
643.97 343.00
644.00 342.97
645.00 342.97
645.97 342.00
646.00 341.97
646.97 341.00
647.00 340.97
648.00 340.97
648.97 340.00
649.00 339.97
649.97 339.00
650.00 338.97
650.97 338.00
651.00 337.97
651.97 337.00
652.00 336.97
652.97 336.00
653.00 335.97
653.97 335.00
654.00 334.97
654.97 334.00
654.97 333.00
655.00 332.97
655.97 332.00
655.97 331.00
656.00 330.97
656.97 330.00
656.97 329.00
656.97 328.00
657.00 327.97
657.97 327.00

Contour 16:
657.97 491.00
657.97 490.00
657.97 489.00
657.97 488.00
657.97 487.00
657.97 486.00
657.97 485.00
657.97 484.00
657.00 483.03
656.97 483.00
656.97 482.00
656.97 481.00
656.97 480.00
656.97 479.00
656.00 478.03
655.97 478.00
655.97 477.00
655.97 476.00
655.00 475.03
654.97 475.00
654.97 474.00
654.97 473.00
654.00 472.03
653.97 472.00
653.97 471.00
653.97 470.00
653.00 469.03
652.97 469.00
652.97 468.00
652.00 467.03
651.97 467.00
651.97 466.00
651.00 465.03
650.97 465.00
650.97 464.00
650.00 463.03
649.97 463.00
649.97 462.00
649.00 461.03
648.97 461.00
648.97 460.00
648.00 459.03
647.97 459.00
647.00 458.03
646.97 458.00
646.00 457.03
645.97 457.00
645.00 456.03
644.00 456.03
643.97 456.00
643.00 455.03
642.97 455.00
642.00 454.03
641.00 454.03
640.97 454.00
640.00 453.03
639.00 453.03
638.00 453.03
637.97 453.00
637.00 452.03
636.00 452.03
635.00 452.03
634.97 452.00
634.00 451.03
633.00 451.03
632.00 451.03
631.00 451.03
630.00 451.03
629.97 451.00
629.00 450.03
628.00 450.03
627.00 450.03
626.00 450.03
625.00 450.03
624.00 450.03
623.00 450.03
622.03 451.00
622.00 451.03
621.00 451.03
620.00 451.03
619.03 452.00
619.00 452.03
618.00 452.03
617.00 452.03
616.03 453.00
616.00 453.03
615.00 453.03
614.03 454.00
614.00 454.03
613.00 454.03
612.03 455.00
612.00 455.03
611.03 456.00
611.00 456.03
610.00 456.03
609.03 457.00
609.00 457.03
608.03 458.00
608.00 458.03
607.00 458.03
606.03 459.00
606.00 459.03
605.03 460.00
605.00 460.03
604.03 461.00
604.00 461.03
603.03 462.00
603.00 462.03
602.03 463.00
602.00 463.03
601.03 464.00
601.03 465.00
601.00 465.03
600.03 466.00
600.00 466.03
599.03 467.00
599.03 468.00
599.00 468.03
598.03 469.00
598.03 470.00
598.00 470.03
597.03 471.00
597.03 472.00
597.00 472.03
596.03 473.00
596.03 474.00
596.03 475.00
596.00 475.03
595.03 476.00
595.03 477.00
595.03 478.00
595.03 479.00
595.03 480.00
595.03 481.00
595.03 482.00
595.00 482.03
594.03 483.00
594.03 484.00
595.00 484.97
595.03 485.00
595.03 486.00
595.03 487.00
595.03 488.00
595.03 489.00
595.03 490.00
596.00 490.97
596.03 491.00
596.03 492.00
596.03 493.00
597.00 493.97
597.03 494.00
597.03 495.00
598.00 495.97
598.03 496.00
598.03 497.00
599.00 497.97
599.03 498.00
600.00 498.97
600.03 499.00
601.00 499.97
601.03 500.00
602.00 500.97
602.03 501.00
603.00 501.97
603.03 502.00
604.00 502.97
604.03 503.00
605.00 503.97
606.00 503.97
606.03 504.00
607.00 504.97
607.03 505.00
608.00 505.97
609.00 505.97
609.03 506.00
610.00 506.97
611.00 506.97
611.03 507.00
612.00 507.97
613.00 507.97
614.00 507.97
614.03 508.00
615.00 508.97
616.00 508.97
617.00 508.97
617.03 509.00
618.00 509.97
619.00 509.97
620.00 509.97
621.00 509.97
622.00 509.97
623.00 509.97
624.00 509.97
624.03 510.00
625.00 510.97
626.00 510.97
627.00 510.97
628.00 510.97
629.00 510.97
630.00 510.97
631.00 510.97
632.00 510.97
633.00 510.97
634.00 510.97
635.00 510.97
636.00 510.97
637.00 510.97
638.00 510.97
638.97 510.00
639.00 509.97
640.00 509.97
641.00 509.97
642.00 509.97
642.97 509.00
643.00 508.97
644.00 508.97
644.97 508.00
645.00 507.97
646.00 507.97
646.97 507.00
647.00 506.97
647.97 506.00
648.00 505.97
649.00 505.97
649.97 505.00
650.00 504.97
650.97 504.00
651.00 503.97
651.97 503.00
651.97 502.00
652.00 501.97
652.97 501.00
653.00 500.97
653.97 500.00
654.00 499.97
654.97 499.00
654.97 498.00
655.00 497.97
655.97 497.00
655.97 496.00
656.00 495.97
656.97 495.00
656.97 494.00
656.97 493.00
656.97 492.00
657.00 491.97
657.97 491.00

Contour 17:
702.97 422.00
702.97 421.00
702.97 420.00
702.97 419.00
702.97 418.00
702.97 417.00
702.00 416.03
701.97 416.00
701.97 415.00
701.97 414.00
701.00 413.03
700.97 413.00
700.97 412.00
700.00 411.03
699.97 411.00
699.97 410.00
699.00 409.03
698.97 409.00
698.00 408.03
697.97 408.00
697.00 407.03
696.97 407.00
696.00 406.03
695.97 406.00
695.00 405.03
694.97 405.00
694.00 404.03
693.97 404.00
693.00 403.03
692.00 403.03
691.97 403.00
691.00 402.03
690.97 402.00
690.00 401.03
689.00 401.03
688.97 401.00
688.00 400.03
687.97 400.00
687.00 399.03
686.00 399.03
685.97 399.00
685.00 398.03
684.97 398.00
684.00 397.03
683.00 397.03
682.97 397.00
682.00 396.03
681.97 396.00
681.00 395.03
680.00 395.03
679.97 395.00
679.00 394.03
678.00 394.03
677.00 394.03
676.97 394.00
676.00 393.03
675.00 393.03
674.00 393.03
673.00 393.03
672.97 393.00
672.00 392.03
671.00 392.03
670.00 392.03
669.00 392.03
668.00 392.03
667.00 392.03
666.00 392.03
665.00 392.03
664.00 392.03
663.00 392.03
662.00 392.03
661.00 392.03
660.00 392.03
659.00 392.03
658.00 392.03
657.00 392.03
656.00 392.03
655.00 392.03
654.00 392.03
653.03 393.00
653.00 393.03
652.00 393.03
651.00 393.03
650.00 393.03
649.03 394.00
649.00 394.03
648.00 394.03
647.03 395.00
647.00 395.03
646.03 396.00
646.00 396.03
645.03 397.00
645.00 397.03
644.00 397.03
643.03 398.00
643.03 399.00
643.00 399.03
642.03 400.00
642.00 400.03
641.03 401.00
641.00 401.03
640.03 402.00
640.00 402.03
639.03 403.00
639.03 404.00
639.00 404.03
638.03 405.00
638.03 406.00
638.00 406.03
637.03 407.00
637.03 408.00
637.03 409.00
637.00 409.03
636.03 410.00
636.03 411.00
636.03 412.00
636.03 413.00
636.03 414.00
636.03 415.00
636.03 416.00
636.03 417.00
636.03 418.00
636.03 419.00
636.03 420.00
637.00 420.97
637.03 421.00
637.03 422.00
638.00 422.97
638.03 423.00
638.03 424.00
638.03 425.00
639.00 425.97
639.03 426.00
640.00 426.97
640.03 427.00
640.03 428.00
641.00 428.97
641.03 429.00
642.00 429.97
642.03 430.00
643.00 430.97
643.03 431.00
644.00 431.97
644.03 432.00
645.00 432.97
646.00 432.97
646.03 433.00
647.00 433.97
647.03 434.00
648.00 434.97
648.03 435.00
649.00 435.97
650.00 435.97
650.03 436.00
651.00 436.97
652.00 436.97
652.03 437.00
653.00 437.97
654.00 437.97
655.00 437.97
655.03 438.00
656.00 438.97
657.00 438.97
658.00 438.97
658.03 439.00
659.00 439.97
660.00 439.97
660.03 440.00
661.00 440.97
662.00 440.97
663.00 440.97
664.00 440.97
664.03 441.00
665.00 441.97
666.00 441.97
667.00 441.97
668.00 441.97
669.00 441.97
670.00 441.97
671.00 441.97
672.00 441.97
673.00 441.97
673.03 442.00
674.00 442.97
675.00 442.97
676.00 442.97
676.97 442.00
677.00 441.97
678.00 441.97
679.00 441.97
680.00 441.97
681.00 441.97
682.00 441.97
683.00 441.97
684.00 441.97
685.00 441.97
685.97 441.00
686.00 440.97
687.00 440.97
688.00 440.97
688.97 440.00
689.00 439.97
690.00 439.97
690.97 439.00
691.00 438.97
692.00 438.97
692.97 438.00
693.00 437.97
693.97 437.00
694.00 436.97
694.97 436.00
695.00 435.97
695.97 435.00
696.00 434.97
696.97 434.00
697.00 433.97
697.97 433.00
697.97 432.00
698.00 431.97
698.97 431.00
698.97 430.00
699.00 429.97
699.97 429.00
700.00 428.97
700.97 428.00
700.97 427.00
700.97 426.00
701.00 425.97
701.97 425.00
701.97 424.00
701.97 423.00
702.00 422.97
702.97 422.00

Contour 18:
725.97 627.00
725.97 626.00
725.97 625.00
725.97 624.00
725.97 623.00
725.97 622.00
725.97 621.00
725.97 620.00
725.97 619.00
725.97 618.00
725.97 617.00
725.97 616.00
725.97 615.00
725.00 614.03
724.97 614.00
724.97 613.00
724.97 612.00
724.00 611.03
723.97 611.00
723.97 610.00
723.00 609.03
722.97 609.00
722.97 608.00
722.00 607.03
721.97 607.00
721.97 606.00
721.00 605.03
720.97 605.00
720.00 604.03
719.97 604.00
719.97 603.00
719.00 602.03
718.97 602.00
718.00 601.03
717.97 601.00
717.00 600.03
716.97 600.00
716.00 599.03
715.00 599.03
714.97 599.00
714.00 598.03
713.97 598.00
713.00 597.03
712.00 597.03
711.97 597.00
711.00 596.03
710.00 596.03
709.97 596.00
709.00 595.03
708.00 595.03
707.00 595.03
706.00 595.03
705.00 595.03
704.00 595.03
703.00 595.03
702.00 595.03
701.00 595.03
700.00 595.03
699.03 596.00
699.00 596.03
698.00 596.03
697.00 596.03
696.03 597.00
696.00 597.03
695.00 597.03
694.03 598.00
694.00 598.03
693.00 598.03
692.00 598.03
691.03 599.00
691.00 599.03
690.00 599.03
689.03 600.00
689.00 600.03
688.00 600.03
687.03 601.00
687.00 601.03
686.03 602.00
686.00 602.03
685.00 602.03
684.03 603.00
684.00 603.03
683.03 604.00
683.00 604.03
682.03 605.00
682.00 605.03
681.00 605.03
680.03 606.00
680.00 606.03
679.03 607.00
679.00 607.03
678.03 608.00
678.00 608.03
677.03 609.00
677.00 609.03
676.03 610.00
676.03 611.00
676.00 611.03
675.03 612.00
675.00 612.03
674.03 613.00
674.00 613.03
673.03 614.00
673.00 614.03
672.03 615.00
672.00 615.03
671.03 616.00
671.00 616.03
670.03 617.00
670.00 617.03
669.03 618.00
669.03 619.00
669.00 619.03
668.03 620.00
668.00 620.03
667.03 621.00
667.00 621.03
666.03 622.00
666.00 622.03
665.03 623.00
665.00 623.03
664.03 624.00
664.03 625.00
664.00 625.03
663.03 626.00
663.03 627.00
663.03 628.00
663.03 629.00
663.00 629.03
662.03 630.00
662.03 631.00
662.03 632.00
662.03 633.00
662.03 634.00
662.03 635.00
662.03 636.00
662.03 637.00
662.03 638.00
662.03 639.00
662.00 639.03
661.03 640.00
661.03 641.00
662.00 641.97
662.03 642.00
662.03 643.00
662.03 644.00
662.03 645.00
662.03 646.00
662.03 647.00
663.00 647.97
663.03 648.00
663.03 649.00
663.03 650.00
664.00 650.97
664.03 651.00
664.03 652.00
665.00 652.97
665.03 653.00
666.00 653.97
666.03 654.00
666.03 655.00
667.00 655.97
667.03 656.00
668.00 656.97
668.03 657.00
669.00 657.97
669.03 658.00
670.00 658.97
670.03 659.00
671.00 659.97
671.03 660.00
672.00 660.97
672.03 661.00
673.00 661.97
673.03 662.00
674.00 662.97
675.00 662.97
675.03 663.00
676.00 663.97
677.00 663.97
678.00 663.97
678.03 664.00
679.00 664.97
680.00 664.97
681.00 664.97
682.00 664.97
683.00 664.97
683.03 665.00
684.00 665.97
685.00 665.97
686.00 665.97
686.97 665.00
687.00 664.97
688.00 664.97
689.00 664.97
690.00 664.97
691.00 664.97
692.00 664.97
693.00 664.97
694.00 664.97
695.00 664.97
695.97 664.00
696.00 663.97
697.00 663.97
698.00 663.97
698.97 663.00
699.00 662.97
700.00 662.97
700.97 662.00
701.00 661.97
702.00 661.97
702.97 661.00
703.00 660.97
703.97 660.00
704.00 659.97
704.97 659.00
705.00 658.97
705.97 658.00
706.00 657.97
706.97 657.00
707.00 656.97
707.97 656.00
708.00 655.97
708.97 655.00
709.00 654.97
709.97 654.00
710.00 653.97
710.97 653.00
711.00 652.97
711.97 652.00
712.00 651.97
712.97 651.00
713.00 650.97
713.97 650.00
714.00 649.97
714.97 649.00
715.00 648.97
715.97 648.00
715.97 647.00
716.00 646.97
716.97 646.00
717.00 645.97
717.97 645.00
717.97 644.00
718.00 643.97
718.97 643.00
719.00 642.97
719.97 642.00
719.97 641.00
720.00 640.97
720.97 640.00
720.97 639.00
721.00 638.97
721.97 638.00
721.97 637.00
722.00 636.97
722.97 636.00
722.97 635.00
723.00 634.97
723.97 634.00
723.97 633.00
723.97 632.00
724.00 631.97
724.97 631.00
724.97 630.00
724.97 629.00
724.97 628.00
725.00 627.97
725.97 627.00

Contour 19:
793.98 880.00
793.98 879.00
793.98 878.00
793.98 877.00
793.98 876.00
793.98 875.00
793.98 874.00
793.98 873.00
793.00 872.02
792.98 872.00
792.98 871.00
792.98 870.00
792.98 869.00
792.98 868.00
792.98 867.00
792.98 866.00
792.00 865.02
791.98 865.00
791.98 864.00
791.98 863.00
791.98 862.00
791.00 861.02
790.98 861.00
790.98 860.00
790.98 859.00
790.98 858.00
790.98 857.00
790.00 856.02
789.98 856.00
789.98 855.00
789.98 854.00
789.00 853.02
788.98 853.00
788.98 852.00
788.00 851.02
787.98 851.00
787.00 850.02
786.98 850.00
786.98 849.00
786.00 848.02
785.98 848.00
785.00 847.02
784.98 847.00
784.00 846.02
783.98 846.00
783.00 845.02
782.98 845.00
782.00 844.02
781.98 844.00
781.00 843.02
780.98 843.00
780.00 842.02
779.00 842.02
778.98 842.00
778.00 841.02
777.98 841.00
777.00 840.02
776.00 840.02
775.98 840.00
775.00 839.02
774.00 839.02
773.00 839.02
772.00 839.02
771.00 839.02
770.98 839.00
770.00 838.02
769.00 838.02
768.00 838.02
767.00 838.02
766.00 838.02
765.00 838.02
764.00 838.02
763.00 838.02
762.00 838.02
761.00 838.02
760.00 838.02
759.00 838.02
758.00 838.02
757.00 838.02
756.00 838.02
755.02 839.00
755.00 839.02
754.00 839.02
753.00 839.02
752.02 840.00
752.00 840.02
751.00 840.02
750.00 840.02
749.02 841.00
749.00 841.02
748.00 841.02
747.02 842.00
747.00 842.02
746.00 842.02
745.02 843.00
745.00 843.02
744.00 843.02
743.02 844.00
743.00 844.02
742.00 844.02
741.02 845.00
741.00 845.02
740.02 846.00
740.00 846.02
739.00 846.02
738.02 847.00
738.00 847.02
737.02 848.00
737.00 848.02
736.02 849.00
736.02 850.00
736.00 850.02
735.02 851.00
735.00 851.02
734.02 852.00
734.02 853.00
734.00 853.02
733.02 854.00
733.02 855.00
733.00 855.02
732.02 856.00
732.02 857.00
732.02 858.00
732.02 859.00
732.02 860.00
732.00 860.02
731.02 861.00
731.02 862.00
731.02 863.00
731.02 864.00
731.02 865.00
731.00 865.02
730.02 866.00
730.02 867.00
730.00 867.02
729.02 868.00
729.00 868.02
728.00 868.02
727.98 868.00
727.00 867.02
726.00 867.02
725.98 867.00
725.00 866.02
724.98 866.00
724.00 865.02
723.00 865.02
722.98 865.00
722.00 864.02
721.98 864.00
721.00 863.02
720.98 863.00
720.00 862.02
719.98 862.00
719.00 861.02
718.98 861.00
718.00 860.02
717.98 860.00
717.00 859.02
716.98 859.00
716.00 858.02
715.98 858.00
715.00 857.02
714.98 857.00
714.00 856.02
713.00 856.02
712.00 856.02
711.98 856.00
711.00 855.02
710.00 855.02
709.00 855.02
708.00 855.02
707.00 855.02
706.00 855.02
705.02 856.00
705.00 856.02
704.00 856.02
703.00 856.02
702.02 857.00
702.00 857.02
701.00 857.02
700.00 857.02
699.00 857.02
698.02 858.00
698.00 858.02
697.00 858.02
696.02 859.00
696.00 859.02
695.00 859.02
694.00 859.02
693.02 860.00
693.00 860.02
692.00 860.02
691.02 861.00
691.00 861.02
690.00 861.02
689.02 862.00
689.00 862.02
688.02 863.00
688.00 863.02
687.02 864.00
687.00 864.02
686.02 865.00
686.00 865.02
685.02 866.00
685.00 866.02
684.02 867.00
684.00 867.02
683.02 868.00
683.02 869.00
683.00 869.02
682.02 870.00
682.00 870.02
681.02 871.00
681.02 872.00
681.00 872.02
680.02 873.00
680.02 874.00
680.00 874.02
679.02 875.00
679.02 876.00
679.02 877.00
679.00 877.02
678.02 878.00
678.02 879.00
678.02 880.00
678.02 881.00
678.02 882.00
678.02 883.00
678.02 884.00
678.02 885.00
678.02 886.00
678.02 887.00
678.02 888.00
678.02 889.00
678.02 890.00
678.02 891.00
678.02 892.00
678.02 893.00
679.00 893.98
679.02 894.00
679.02 895.00
679.02 896.00
679.02 897.00
679.02 898.00
680.00 898.98
680.02 899.00
680.02 900.00
681.00 900.98
681.02 901.00
681.02 902.00
681.02 903.00
682.00 903.98
682.02 904.00
682.02 905.00
683.00 905.98
683.02 906.00
683.02 907.00
684.00 907.98
684.02 908.00
684.02 909.00
685.00 909.98
685.02 910.00
686.00 910.98
686.02 911.00
686.02 912.00
687.00 912.98
687.02 913.00
688.00 913.98
688.02 914.00
689.00 914.98
689.02 915.00
690.00 915.98
690.02 916.00
691.00 916.98
691.02 917.00
692.00 917.98
692.02 918.00
693.00 918.98
694.00 918.98
694.02 919.00
695.00 919.98
695.02 920.00
696.00 920.98
697.00 920.98
697.02 921.00
698.00 921.98
698.02 922.00
699.00 922.98
700.00 922.98
700.02 923.00
701.00 923.98
702.00 923.98
702.02 924.00
703.00 924.98
704.00 924.98
704.02 925.00
705.00 925.98
706.00 925.98
706.02 926.00
707.00 926.98
708.00 926.98
709.00 926.98
710.00 926.98
710.02 927.00
711.00 927.98
712.00 927.98
713.00 927.98
714.00 927.98
715.00 927.98
716.00 927.98
717.00 927.98
718.00 927.98
719.00 927.98
719.98 927.00
720.00 926.98
721.00 926.98
722.00 926.98
722.98 926.00
723.00 925.98
724.00 925.98
724.98 925.00
725.00 924.98
726.00 924.98
726.98 924.00
727.00 923.98
728.00 923.98
728.98 923.00
729.00 922.98
729.98 922.00
730.00 921.98
730.98 921.00
731.00 920.98
731.98 920.00
732.00 919.98
732.98 919.00
733.00 918.98
733.98 918.00
734.00 917.98
734.98 917.00
734.98 916.00
735.00 915.98
735.98 915.00
735.98 914.00
736.00 913.98
736.98 913.00
736.98 912.00
737.00 911.98
737.98 911.00
737.98 910.00
737.98 909.00
738.00 908.98
738.98 908.00
738.98 907.00
738.98 906.00
739.00 905.98
739.98 905.00
739.98 904.00
739.98 903.00
739.98 902.00
740.00 901.98
740.98 901.00
740.98 900.00
740.98 899.00
741.00 898.98
741.98 898.00
742.00 897.98
743.00 897.98
743.02 898.00
744.00 898.98
745.00 898.98
745.02 899.00
746.00 899.98
746.02 900.00
747.00 900.98
748.00 900.98
748.02 901.00
749.00 901.98
750.00 901.98
750.02 902.00
751.00 902.98
752.00 902.98
752.02 903.00
753.00 903.98
754.00 903.98
755.00 903.98
756.00 903.98
757.00 903.98
757.02 904.00
758.00 904.98
759.00 904.98
760.00 904.98
761.00 904.98
762.00 904.98
763.00 904.98
764.00 904.98
765.00 904.98
766.00 904.98
766.98 904.00
767.00 903.98
768.00 903.98
769.00 903.98
770.00 903.98
771.00 903.98
771.98 903.00
772.00 902.98
773.00 902.98
774.00 902.98
774.98 902.00
775.00 901.98
776.00 901.98
776.98 901.00
777.00 900.98
778.00 900.98
778.98 900.00
779.00 899.98
779.98 899.00
780.00 898.98
781.00 898.98
781.98 898.00
782.00 897.98
782.98 897.00
783.00 896.98
784.00 896.98
784.98 896.00
785.00 895.98
785.98 895.00
786.00 894.98
786.98 894.00
787.00 893.98
787.98 893.00
788.00 892.98
788.98 892.00
788.98 891.00
789.00 890.98
789.98 890.00
790.00 889.98
790.98 889.00
790.98 888.00
791.00 887.98
791.98 887.00
791.98 886.00
792.00 885.98
792.98 885.00
792.98 884.00
792.98 883.00
792.98 882.00
792.98 881.00
793.00 880.98
793.98 880.00

Contour 20:
793.98 501.00
793.98 500.00
793.98 499.00
793.98 498.00
793.98 497.00
793.98 496.00
793.98 495.00
793.98 494.00
793.98 493.00
793.98 492.00
793.98 491.00
793.98 490.00
793.98 489.00
793.98 488.00
793.98 487.00
793.98 486.00
793.98 485.00
793.00 484.02
792.98 484.00
792.98 483.00
792.98 482.00
792.00 481.02
791.98 481.00
791.98 480.00
791.98 479.00
791.00 478.02
790.98 478.00
790.98 477.00
790.00 476.02
789.98 476.00
789.00 475.02
788.00 475.02
787.98 475.00
787.00 474.02
786.98 474.00
786.00 473.02
785.98 473.00
785.00 472.02
784.00 472.02
783.98 472.00
783.00 471.02
782.00 471.02
781.98 471.00
781.00 470.02
780.00 470.02
779.00 470.02
778.98 470.00
778.00 469.02
777.00 469.02
776.00 469.02
775.00 469.02
774.00 469.02
773.00 469.02
772.02 470.00
772.00 470.02
771.00 470.02
770.00 470.02
769.02 471.00
769.00 471.02
768.00 471.02
767.02 472.00
767.00 472.02
766.02 473.00
766.00 473.02
765.02 474.00
765.00 474.02
764.00 474.02
763.02 475.00
763.00 475.02
762.02 476.00
762.00 476.02
761.02 477.00
761.00 477.02
760.02 478.00
760.02 479.00
760.00 479.02
759.02 480.00
759.00 480.02
758.02 481.00
758.00 481.02
757.02 482.00
757.02 483.00
757.00 483.02
756.02 484.00
756.02 485.00
756.00 485.02
755.02 486.00
755.02 487.00
755.00 487.02
754.02 488.00
754.02 489.00
754.02 490.00
754.00 490.02
753.02 491.00
753.02 492.00
753.00 492.02
752.02 493.00
752.02 494.00
752.00 494.02
751.02 495.00
751.02 496.00
751.00 496.02
750.02 497.00
750.02 498.00
750.00 498.02
749.02 499.00
749.00 499.02
748.02 500.00
748.02 501.00
748.02 502.00
748.00 502.02
747.02 503.00
747.00 503.02
746.02 504.00
746.02 505.00
746.02 506.00
746.00 506.02
745.02 507.00
745.02 508.00
745.02 509.00
745.02 510.00
745.02 511.00
745.02 512.00
745.02 513.00
745.02 514.00
745.02 515.00
745.02 516.00
745.02 517.00
745.02 518.00
745.02 519.00
746.00 519.98
746.02 520.00
746.02 521.00
746.02 522.00
747.00 522.98
747.02 523.00
747.02 524.00
748.00 524.98
748.02 525.00
748.02 526.00
749.00 526.98
749.02 527.00
750.00 527.98
750.02 528.00
750.02 529.00
751.00 529.98
751.02 530.00
752.00 530.98
752.02 531.00
753.00 531.98
753.02 532.00
754.00 532.98
754.02 533.00
755.00 533.98
755.02 534.00
756.00 534.98
756.02 535.00
757.00 535.98
758.00 535.98
758.02 536.00
759.00 536.98
760.00 536.98
760.02 537.00
761.00 537.98
762.00 537.98
763.00 537.98
764.00 537.98
765.00 537.98
766.00 537.98
767.00 537.98
768.00 537.98
769.00 537.98
770.00 537.98
771.00 537.98
772.00 537.98
772.98 537.00
773.00 536.98
774.00 536.98
775.00 536.98
775.98 536.00
776.00 535.98
777.00 535.98
778.00 535.98
778.98 535.00
779.00 534.98
779.98 534.00
780.00 533.98
780.98 533.00
781.00 532.98
781.98 532.00
782.00 531.98
782.98 531.00
783.00 530.98
783.98 530.00
784.00 529.98
784.98 529.00
784.98 528.00
785.00 527.98
785.98 527.00
786.00 526.98
786.98 526.00
786.98 525.00
786.98 524.00
787.00 523.98
787.98 523.00
787.98 522.00
788.00 521.98
788.98 521.00
788.98 520.00
788.98 519.00
789.00 518.98
789.98 518.00
789.98 517.00
789.98 516.00
789.98 515.00
789.98 514.00
790.00 513.98
790.98 513.00
790.98 512.00
790.98 511.00
790.98 510.00
790.98 509.00
791.00 508.98
791.98 508.00
791.98 507.00
791.98 506.00
791.98 505.00
792.00 504.98
792.98 504.00
792.98 503.00
792.98 502.00
793.00 501.98
793.98 501.00

Contour 21:
970.98 743.00
970.98 742.00
970.98 741.00
970.98 740.00
970.98 739.00
970.98 738.00
970.98 737.00
970.98 736.00
970.98 735.00
970.98 734.00
970.98 733.00
970.00 732.02
969.98 732.00
969.98 731.00
969.98 730.00
969.98 729.00
969.98 728.00
969.98 727.00
969.00 726.02
968.98 726.00
968.98 725.00
968.98 724.00
968.00 723.02
967.98 723.00
967.98 722.00
967.00 721.02
966.98 721.00
966.98 720.00
966.00 719.02
965.98 719.00
965.00 718.02
964.98 718.00
964.00 717.02
963.98 717.00
963.00 716.02
962.98 716.00
962.00 715.02
961.98 715.00
961.00 714.02
960.98 714.00
960.00 713.02
959.98 713.00
959.00 712.02
958.98 712.00
958.00 711.02
957.98 711.00
957.00 710.02
956.98 710.00
956.00 709.02
955.98 709.00
955.00 708.02
954.00 708.02
953.98 708.00
953.00 707.02
952.00 707.02
951.98 707.00
951.00 706.02
950.00 706.02
949.98 706.00
949.00 705.02
948.00 705.02
947.00 705.02
946.98 705.00
946.00 704.02
945.00 704.02
944.00 704.02
943.98 704.00
943.00 703.02
942.00 703.02
941.98 703.00
941.00 702.02
940.00 702.02
939.00 702.02
938.00 702.02
937.98 702.00
937.00 701.02
936.00 701.02
935.00 701.02
934.00 701.02
933.00 701.02
932.00 701.02
931.00 701.02
930.00 701.02
929.00 701.02
928.00 701.02
927.00 701.02
926.00 701.02
925.02 702.00
925.00 702.02
924.00 702.02
923.00 702.02
922.02 703.00
922.00 703.02
921.00 703.02
920.02 704.00
920.00 704.02
919.00 704.02
918.02 705.00
918.00 705.02
917.02 706.00
917.00 706.02
916.02 707.00
916.00 707.02
915.00 707.02
914.02 708.00
914.00 708.02
913.02 709.00
913.00 709.02
912.02 710.00
912.00 710.02
911.02 711.00
911.00 711.02
910.02 712.00
910.00 712.02
909.02 713.00
909.00 713.02
908.02 714.00
908.02 715.00
908.00 715.02
907.02 716.00
907.00 716.02
906.02 717.00
906.02 718.00
906.02 719.00
906.00 719.02
905.02 720.00
905.02 721.00
905.02 722.00
905.02 723.00
905.02 724.00
905.02 725.00
905.02 726.00
906.00 726.98
906.02 727.00
906.02 728.00
906.02 729.00
906.02 730.00
906.02 731.00
906.02 732.00
907.00 732.98
907.02 733.00
907.02 734.00
907.02 735.00
907.02 736.00
908.00 736.98
908.02 737.00
908.02 738.00
908.02 739.00
908.02 740.00
909.00 740.98
909.02 741.00
909.02 742.00
909.02 743.00
910.00 743.98
910.02 744.00
910.02 745.00
911.00 745.98
911.02 746.00
911.02 747.00
912.00 747.98
912.02 748.00
912.02 749.00
913.00 749.98
913.02 750.00
914.00 750.98
914.02 751.00
914.02 752.00
915.00 752.98
915.02 753.00
916.00 753.98
916.02 754.00
917.00 754.98
917.02 755.00
918.00 755.98
918.02 756.00
919.00 756.98
920.00 756.98
920.02 757.00
921.00 757.98
921.02 758.00
922.00 758.98
923.00 758.98
923.02 759.00
924.00 759.98
925.00 759.98
925.02 760.00
926.00 760.98
927.00 760.98
927.02 761.00
928.00 761.98
929.00 761.98
930.00 761.98
930.02 762.00
931.00 762.98
932.00 762.98
933.00 762.98
934.00 762.98
935.00 762.98
935.02 763.00
936.00 763.98
937.00 763.98
938.00 763.98
939.00 763.98
940.00 763.98
941.00 763.98
942.00 763.98
943.00 763.98
944.00 763.98
945.00 763.98
946.00 763.98
947.00 763.98
947.98 763.00
948.00 762.98
949.00 762.98
950.00 762.98
951.00 762.98
952.00 762.98
952.98 762.00
953.00 761.98
954.00 761.98
955.00 761.98
955.98 761.00
956.00 760.98
957.00 760.98
957.98 760.00
958.00 759.98
959.00 759.98
959.98 759.00
960.00 758.98
960.98 758.00
961.00 757.98
962.00 757.98
962.98 757.00
963.00 756.98
963.98 756.00
964.00 755.98
964.98 755.00
965.00 754.98
965.98 754.00
966.00 753.98
966.98 753.00
967.00 752.98
967.98 752.00
967.98 751.00
968.00 750.98
968.98 750.00
968.98 749.00
968.98 748.00
969.00 747.98
969.98 747.00
969.98 746.00
969.98 745.00
969.98 744.00
970.00 743.98
970.98 743.00

