Contour 0:
0.00 580.50
0.50 581.00
0.50 582.00
1.00 582.50
1.50 583.00
2.00 583.50
2.50 584.00
3.00 584.50
3.50 585.00
3.50 586.00
4.00 586.50
4.50 587.00
5.00 587.50
5.50 588.00
6.00 588.50
7.00 588.50
7.50 589.00
8.00 589.50
8.50 590.00
9.00 590.50
10.00 590.50
10.50 591.00
11.00 591.50
12.00 591.50
13.00 591.50
13.50 592.00
14.00 592.50
15.00 592.50
16.00 592.50
17.00 592.50
17.50 593.00
18.00 593.50
19.00 593.50
20.00 593.50
20.50 594.00
21.00 594.50
22.00 594.50
23.00 594.50
23.50 595.00
24.00 595.50
25.00 595.50
26.00 595.50
27.00 595.50
28.00 595.50
29.00 595.50
30.00 595.50
30.50 595.00
31.00 594.50
32.00 594.50
33.00 594.50
34.00 594.50
35.00 594.50
36.00 594.50
36.50 594.00
37.00 593.50
38.00 593.50
39.00 593.50
39.50 593.00
40.00 592.50
41.00 592.50
42.00 592.50
42.50 592.00
43.00 591.50
44.00 591.50
45.00 591.50
45.50 591.00
46.00 590.50
47.00 590.50
47.50 590.00
48.00 589.50
49.00 589.50
49.50 589.00
50.00 588.50
50.50 588.00
51.00 587.50
51.50 587.00
52.00 586.50
52.50 586.00
53.00 585.50
53.50 585.00
54.00 584.50
54.50 584.00
54.50 583.00
55.00 582.50
55.50 582.00
56.00 581.50
56.50 581.00
56.50 580.00
57.00 579.50
57.50 579.00
57.50 578.00
58.00 577.50
58.50 577.00
58.50 576.00
58.50 575.00
58.50 574.00
59.00 573.50
59.50 573.00
59.50 572.00
59.50 571.00
59.50 570.00
59.50 569.00
59.50 568.00
59.50 567.00
59.50 566.00
59.50 565.00
59.50 564.00
59.50 563.00
59.50 562.00
59.00 561.50
58.50 561.00
58.50 560.00
58.50 559.00
58.00 558.50
57.50 558.00
57.50 557.00
57.50 556.00
57.00 555.50
56.50 555.00
56.50 554.00
56.00 553.50
55.50 553.00
55.00 552.50
54.50 552.00
54.00 551.50
53.50 551.00
53.00 550.50
52.50 550.00
52.00 549.50
51.50 549.00
51.50 548.00
51.00 547.50
50.50 547.00
50.00 546.50
49.50 546.00
49.00 545.50
48.50 545.00
48.00 544.50
47.00 544.50
46.50 544.00
46.00 543.50
45.50 543.00
45.00 542.50
44.00 542.50
43.50 542.00
43.00 541.50
42.00 541.50
41.50 541.00
41.00 540.50
40.50 540.00
40.00 539.50
39.50 539.00
39.00 538.50
38.00 538.50
37.50 538.00
37.00 537.50
36.00 537.50
35.50 537.00
35.00 536.50
34.00 536.50
33.00 536.50
32.00 536.50
31.50 536.00
31.00 535.50
30.00 535.50
29.00 535.50
28.00 535.50
27.00 535.50
26.00 535.50
25.00 535.50
24.00 535.50
23.50 536.00
23.00 536.50
22.00 536.50
21.00 536.50
20.00 536.50
19.00 536.50
18.00 536.50
17.00 536.50
16.50 537.00
16.00 537.50
15.00 537.50
14.50 538.00
14.00 538.50
13.00 538.50
12.50 539.00
12.00 539.50
11.00 539.50
10.50 540.00
10.00 540.50
9.00 540.50
8.50 541.00
8.00 541.50
7.00 541.50
6.50 542.00
6.00 542.50
5.50 543.00
5.00 543.50
4.00 543.50
3.50 544.00
3.00 544.50
2.50 545.00
2.00 545.50
1.50 546.00
1.50 547.00
1.00 547.50
0.50 548.00
0.50 549.00
0.00 549.50

Contour 1:
126.75 247.00
126.75 246.00
126.75 245.00
126.75 244.00
126.75 243.00
126.75 242.00
126.75 241.00
126.75 240.00
126.75 239.00
126.00 238.25
125.75 238.00
125.75 237.00
125.75 236.00
125.00 235.25
124.75 235.00
124.75 234.00
124.00 233.25
123.75 233.00
123.00 232.25
122.75 232.00
122.75 231.00
122.00 230.25
121.75 230.00
121.75 229.00
121.00 228.25
120.75 228.00
120.00 227.25
119.75 227.00
119.00 226.25
118.75 226.00
118.00 225.25
117.75 225.00
117.00 224.25
116.00 224.25
115.75 224.00
115.00 223.25
114.75 223.00
114.00 222.25
113.75 222.00
113.00 221.25
112.75 221.00
112.00 220.25
111.00 220.25
110.75 220.00
110.00 219.25
109.75 219.00
109.00 218.25
108.00 218.25
107.75 218.00
107.00 217.25
106.00 217.25
105.75 217.00
105.00 216.25
104.75 216.00
104.00 215.25
103.00 215.25
102.75 215.00
102.00 214.25
101.00 214.25
100.75 214.00
100.00 213.25
99.00 213.25
98.75 213.00
98.00 212.25
97.00 212.25
96.00 212.25
95.75 212.00
95.00 211.25
94.00 211.25
93.00 211.25
92.00 211.25
91.75 211.00
91.00 210.25
90.00 210.25
89.00 210.25
88.00 210.25
87.00 210.25
86.00 210.25
85.00 210.25
84.00 210.25
83.00 210.25
82.00 210.25
81.25 211.00
81.00 211.25
80.00 211.25
79.00 211.25
78.25 212.00
78.00 212.25
77.00 212.25
76.00 212.25
75.25 213.00
75.00 213.25
74.00 213.25
73.00 213.25
72.00 213.25
71.25 214.00
71.00 214.25
70.00 214.25
69.00 214.25
68.00 214.25
67.25 215.00
67.00 215.25
66.25 216.00
66.00 216.25
65.00 216.25
64.25 217.00
64.00 217.25
63.25 218.00
63.00 218.25
62.00 218.25
61.25 219.00
61.00 219.25
60.25 220.00
60.00 220.25
59.25 221.00
59.00 221.25
58.25 222.00
58.00 222.25
57.25 223.00
57.00 223.25
56.25 224.00
56.25 225.00
56.00 225.25
55.25 226.00
55.00 226.25
54.25 227.00
54.25 228.00
54.00 228.25
53.25 229.00
53.25 230.00
53.25 231.00
53.00 231.25
52.25 232.00
52.25 233.00
52.25 234.00
52.25 235.00
52.25 236.00
52.25 237.00
52.25 238.00
52.00 238.25
51.25 239.00
51.25 240.00
51.25 241.00
51.25 242.00
51.25 243.00
51.25 244.00
51.25 245.00
51.25 246.00
51.25 247.00
51.25 248.00
51.25 249.00
51.25 250.00
52.00 250.75
52.25 251.00
52.25 252.00
52.25 253.00
53.00 253.75
53.25 254.00
53.25 255.00
53.25 256.00
54.00 256.75
54.25 257.00
54.25 258.00
54.25 259.00
55.00 259.75
55.25 260.00
55.25 261.00
56.00 261.75
56.25 262.00
56.25 263.00
57.00 263.75
57.25 264.00
58.00 264.75
58.25 265.00
59.00 265.75
59.25 266.00
60.00 266.75
60.25 267.00
61.00 267.75
62.00 267.75
62.25 268.00
63.00 268.75
63.25 269.00
64.00 269.75
64.25 270.00
65.00 270.75
66.00 270.75
66.25 271.00
67.00 271.75
68.00 271.75
68.25 272.00
69.00 272.75
70.00 272.75
70.25 273.00
71.00 273.75
72.00 273.75
73.00 273.75
74.00 273.75
74.25 274.00
75.00 274.75
76.00 274.75
77.00 274.75
78.00 274.75
79.00 274.75
80.00 274.75
81.00 274.75
82.00 274.75
82.75 274.00
83.00 273.75
84.00 273.75
85.00 273.75
86.00 273.75
87.00 273.75
88.00 273.75
89.00 273.75
90.00 273.75
91.00 273.75
92.00 273.75
92.75 273.00
93.00 272.75
94.00 272.75
95.00 272.75
96.00 272.75
97.00 272.75
97.75 272.00
98.00 271.75
99.00 271.75
100.00 271.75
100.75 271.00
101.00 270.75
102.00 270.75
102.75 270.00
103.00 269.75
104.00 269.75
104.75 269.00
105.00 268.75
106.00 268.75
106.75 268.00
107.00 267.75
108.00 267.75
108.75 267.00
109.00 266.75
110.00 266.75
110.75 266.00
111.00 265.75
111.75 265.00
112.00 264.75
113.00 264.75
113.75 264.00
114.00 263.75
114.75 263.00
115.00 262.75
116.00 262.75
116.75 262.00
117.00 261.75
118.00 261.75
118.75 261.00
119.00 260.75
119.75 260.00
120.00 259.75
120.75 259.00
121.00 258.75
121.75 258.00
121.75 257.00
122.00 256.75
122.75 256.00
123.00 255.75
123.75 255.00
123.75 254.00
124.00 253.75
124.75 253.00
124.75 252.00
124.75 251.00
125.00 250.75
125.75 250.00
125.75 249.00
125.75 248.00
126.00 247.75
126.75 247.00

Contour 2:
190.83 103.00
190.00 102.17
189.83 102.00
189.83 101.00
189.83 100.00
189.83 99.00
189.00 98.17
188.83 98.00
188.83 97.00
188.83 96.00
188.00 95.17
187.83 95.00
187.83 94.00
187.00 93.17
186.83 93.00
186.00 92.17
185.83 92.00
185.83 91.00
185.00 90.17
184.83 90.00
184.00 89.17
183.83 89.00
183.83 88.00
183.00 87.17
182.83 87.00
182.00 86.17
181.83 86.00
181.00 85.17
180.83 85.00
180.00 84.17
179.83 84.00
179.00 83.17
178.83 83.00
178.00 82.17
177.83 82.00
177.00 81.17
176.83 81.00
176.00 80.17
175.00 80.17
174.83 80.00
174.00 79.17
173.00 79.17
172.83 79.00
172.00 78.17
171.83 78.00
171.00 77.17
170.83 77.00
170.00 76.17
169.83 76.00
169.00 75.17
168.83 75.00
168.00 74.17
167.83 74.00
167.00 73.17
166.83 73.00
166.00 72.17
165.00 72.17
164.83 72.00
164.00 71.17
163.83 71.00
163.00 70.17
162.00 70.17
161.00 70.17
160.83 70.00
160.00 69.17
159.00 69.17
158.00 69.17
157.83 69.00
157.00 68.17
156.00 68.17
155.00 68.17
154.00 68.17
153.00 68.17
152.00 68.17
151.83 68.00
151.00 67.17
150.00 67.17
149.00 67.17
148.00 67.17
147.00 67.17
146.00 67.17
145.00 67.17
144.00 67.17
143.00 67.17
142.00 67.17
141.00 67.17
140.00 67.17
139.00 67.17
138.00 67.17
137.17 68.00
137.00 68.17
136.00 68.17
135.00 68.17
134.17 69.00
134.00 69.17
133.17 70.00
133.00 70.17
132.00 70.17
131.17 71.00
131.00 71.17
130.17 72.00
130.00 72.17
129.17 73.00
129.00 73.17
128.17 74.00
128.00 74.17
127.17 75.00
127.00 75.17
126.17 76.00
126.00 76.17
125.17 77.00
125.17 78.00
125.00 78.17
124.17 79.00
124.00 79.17
123.17 80.00
123.00 80.17
122.17 81.00
122.17 82.00
122.00 82.17
121.17 83.00
121.17 84.00
121.00 84.17
120.17 85.00
120.17 86.00
120.17 87.00
120.00 87.17
119.17 88.00
119.17 89.00
119.00 89.17
118.17 90.00
118.17 91.00
118.00 91.17
117.17 92.00
117.17 93.00
117.00 93.17
116.17 94.00
116.17 95.00
116.00 95.17
115.17 96.00
115.17 97.00
115.17 98.00
115.00 98.17
114.17 99.00
114.17 100.00
114.17 101.00
114.17 102.00
114.17 103.00
114.17 104.00
114.00 104.17
113.17 105.00
113.17 106.00
113.17 107.00
113.17 108.00
113.17 109.00
113.17 110.00
113.17 111.00
113.17 112.00
113.17 113.00
113.17 114.00
113.17 115.00
114.00 115.83
114.17 116.00
114.17 117.00
114.17 118.00
114.17 119.00
114.17 120.00
115.00 120.83
115.17 121.00
115.17 122.00
115.17 123.00
116.00 123.83
116.17 124.00
116.17 125.00
116.17 126.00
117.00 126.83
117.17 127.00
117.17 128.00
117.17 129.00
118.00 129.83
118.17 130.00
119.00 130.83
119.17 131.00
119.17 132.00
119.17 133.00
120.00 133.83
120.17 134.00
121.00 134.83
121.17 135.00
122.00 135.83
122.17 136.00
122.17 137.00
123.00 137.83
123.17 138.00
124.00 138.83
124.17 139.00
125.00 139.83
125.17 140.00
126.00 140.83
126.17 141.00
127.00 141.83
127.17 142.00
128.00 142.83
128.17 143.00
129.00 143.83
129.17 144.00
130.00 144.83
131.00 144.83
131.17 145.00
132.00 145.83
132.17 146.00
133.00 146.83
134.00 146.83
134.17 147.00
135.00 147.83
136.00 147.83
136.17 148.00
137.00 148.83
138.00 148.83
138.17 149.00
139.00 149.83
140.00 149.83
140.17 150.00
141.00 150.83
142.00 150.83
143.00 150.83
143.17 151.00
144.00 151.83
145.00 151.83
146.00 151.83
146.17 152.00
147.00 152.83
148.00 152.83
149.00 152.83
150.00 152.83
151.00 152.83
151.17 153.00
152.00 153.83
153.00 153.83
154.00 153.83
154.83 153.00
155.00 152.83
156.00 152.83
157.00 152.83
158.00 152.83
159.00 152.83
160.00 152.83
160.83 152.00
161.00 151.83
162.00 151.83
163.00 151.83
164.00 151.83
165.00 151.83
165.83 151.00
166.00 150.83
167.00 150.83
167.83 150.00
168.00 149.83
169.00 149.83
169.83 149.00
170.00 148.83
171.00 148.83
171.83 148.00
172.00 147.83
172.83 147.00
173.00 146.83
173.83 146.00
174.00 145.83
174.83 145.00
175.00 144.83
175.83 144.00
176.00 143.83
176.83 143.00
177.00 142.83
177.83 142.00
178.00 141.83
178.83 141.00
179.00 140.83
179.83 140.00
180.00 139.83
180.83 139.00
181.00 138.83
181.83 138.00
181.83 137.00
182.00 136.83
182.83 136.00
183.00 135.83
183.83 135.00
184.00 134.83
184.83 134.00
185.00 133.83
185.83 133.00
185.83 132.00
186.00 131.83
186.83 131.00
186.83 130.00
187.00 129.83
187.83 129.00
187.83 128.00
188.00 127.83
188.83 127.00
188.83 126.00
188.83 125.00
188.83 124.00
188.83 123.00
189.00 122.83
189.83 122.00
189.83 121.00
189.83 120.00
189.83 119.00
189.83 118.00
189.83 117.00
189.83 116.00
189.83 115.00
189.83 114.00
189.83 113.00
189.83 112.00
189.83 111.00
189.83 110.00
189.83 109.00
189.83 108.00
189.83 107.00
189.83 106.00
189.83 105.00
189.83 104.00
190.00 103.83
190.83 103.00

Contour 3:
211.88 824.00
211.88 823.00
211.88 822.00
211.88 821.00
211.88 820.00
211.00 819.12
210.88 819.00
210.88 818.00
210.88 817.00
210.88 816.00
210.88 815.00
210.00 814.12
209.88 814.00
209.88 813.00
209.88 812.00
209.00 811.12
208.88 811.00
208.88 810.00
208.00 809.12
207.88 809.00
207.00 808.12
206.88 808.00
206.00 807.12
205.88 807.00
205.88 806.00
205.00 805.12
204.88 805.00
204.00 804.12
203.88 804.00
203.00 803.12
202.88 803.00
202.00 802.12
201.88 802.00
201.00 801.12
200.88 801.00
200.00 800.12
199.00 800.12
198.88 800.00
198.00 799.12
197.88 799.00
197.00 798.12
196.00 798.12
195.88 798.00
195.00 797.12
194.00 797.12
193.00 797.12
192.88 797.00
192.00 796.12
191.00 796.12
190.00 796.12
189.00 796.12
188.00 796.12
187.00 796.12
186.00 796.12
185.00 796.12
184.00 796.12
183.00 796.12
182.00 796.12
181.00 796.12
180.00 796.12
179.00 796.12
178.00 796.12
177.00 796.12
176.00 796.12
175.00 796.12
174.00 796.12
173.00 796.12
172.00 796.12
171.12 797.00
171.00 797.12
170.00 797.12
169.00 797.12
168.12 798.00
168.00 798.12
167.00 798.12
166.12 799.00
166.00 799.12
165.00 799.12
164.12 800.00
164.00 800.12
163.00 800.12
162.12 801.00
162.00 801.12
161.12 802.00
161.00 802.12
160.00 802.12
159.12 803.00
159.00 803.12
158.12 804.00
158.00 804.12
157.00 804.12
156.12 805.00
156.00 805.12
155.12 806.00
155.00 806.12
154.12 807.00
154.00 807.12
153.12 808.00
153.00 808.12
152.12 809.00
152.00 809.12
151.12 810.00
151.00 810.12
150.12 811.00
150.00 811.12
149.12 812.00
149.00 812.12
148.12 813.00
148.00 813.12
147.12 814.00
147.12 815.00
147.00 815.12
146.12 816.00
146.12 817.00
146.00 817.12
145.12 818.00
145.12 819.00
145.12 820.00
145.00 820.12
144.12 821.00
144.12 822.00
144.12 823.00
144.12 824.00
144.12 825.00
144.12 826.00
144.00 826.12
143.12 827.00
143.12 828.00
143.12 829.00
143.12 830.00
143.12 831.00
143.12 832.00
143.12 833.00
143.12 834.00
143.12 835.00
143.12 836.00
144.00 836.88
144.12 837.00
144.12 838.00
144.12 839.00
145.00 839.88
145.12 840.00
145.12 841.00
145.12 842.00
146.00 842.88
146.12 843.00
146.12 844.00
147.00 844.88
147.12 845.00
147.12 846.00
148.00 846.88
148.12 847.00
149.00 847.88
149.12 848.00
150.00 848.88
150.12 849.00
151.00 849.88
151.12 850.00
151.12 851.00
152.00 851.88
153.00 851.88
153.12 852.00
154.00 852.88
154.12 853.00
155.00 853.88
155.12 854.00
156.00 854.88
157.00 854.88
157.12 855.00
158.00 855.88
159.00 855.88
159.12 856.00
160.00 856.88
161.00 856.88
161.12 857.00
162.00 857.88
163.00 857.88
164.00 857.88
164.12 858.00
165.00 858.88
166.00 858.88
167.00 858.88
168.00 858.88
169.00 858.88
170.00 858.88
171.00 858.88
172.00 858.88
173.00 858.88
174.00 858.88
175.00 858.88
176.00 858.88
177.00 858.88
178.00 858.88
179.00 858.88
180.00 858.88
181.00 858.88
181.88 858.00
182.00 857.88
183.00 857.88
183.88 857.00
184.00 856.88
185.00 856.88
186.00 856.88
186.88 856.00
187.00 855.88
188.00 855.88
188.88 855.00
189.00 854.88
190.00 854.88
191.00 854.88
191.88 854.00
192.00 853.88
193.00 853.88
193.88 853.00
194.00 852.88
195.00 852.88
195.88 852.00
196.00 851.88
197.00 851.88
197.88 851.00
198.00 850.88
198.88 850.00
199.00 849.88
199.88 849.00
200.00 848.88
200.88 848.00
201.00 847.88
201.88 847.00
201.88 846.00
202.00 845.88
202.88 845.00
203.00 844.88
203.88 844.00
203.88 843.00
204.00 842.88
204.88 842.00
205.00 841.88
205.88 841.00
205.88 840.00
206.00 839.88
206.88 839.00
206.88 838.00
206.88 837.00
207.00 836.88
207.88 836.00
207.88 835.00
208.00 834.88
208.88 834.00
208.88 833.00
209.00 832.88
209.88 832.00
209.88 831.00
209.88 830.00
210.00 829.88
210.88 829.00
210.88 828.00
210.88 827.00
210.88 826.00
210.88 825.00
211.00 824.88
211.88 824.00

Contour 4:
322.90 396.00
322.90 395.00
322.90 394.00
322.90 393.00
322.90 392.00
322.90 391.00
322.90 390.00
322.90 389.00
322.90 388.00
322.00 387.10
321.90 387.00
321.90 386.00
321.00 385.10
320.90 385.00
320.90 384.00
320.00 383.10
319.90 383.00
319.90 382.00
319.90 381.00
319.00 380.10
318.90 380.00
318.90 379.00
318.90 378.00
318.00 377.10
317.90 377.00
317.90 376.00
317.00 375.10
316.90 375.00
316.00 374.10
315.90 374.00
315.00 373.10
314.90 373.00
314.00 372.10
313.90 372.00
313.00 371.10
312.90 371.00
312.00 370.10
311.90 370.00
311.00 369.10
310.90 369.00
310.00 368.10
309.90 368.00
309.00 367.10
308.00 367.10
307.90 367.00
307.00 366.10
306.00 366.10
305.90 366.00
305.00 365.10
304.00 365.10
303.90 365.00
303.00 364.10
302.00 364.10
301.90 364.00
301.00 363.10
300.00 363.10
299.00 363.10
298.00 363.10
297.00 363.10
296.90 363.00
296.00 362.10
295.00 362.10
294.00 362.10
293.90 362.00
293.00 361.10
292.00 361.10
291.00 361.10
290.00 361.10
289.00 361.10
288.00 361.10
287.10 362.00
287.00 362.10
286.00 362.10
285.00 362.10
284.00 362.10
283.00 362.10
282.10 363.00
282.00 363.10
281.00 363.10
280.10 364.00
280.00 364.10
279.00 364.10
278.10 365.00
278.00 365.10
277.00 365.10
276.10 366.00
276.00 366.10
275.00 366.10
274.10 367.00
274.00 367.10
273.00 367.10
272.10 368.00
272.00 368.10
271.00 368.10
270.10 369.00
270.00 369.10
269.10 370.00
269.00 370.10
268.00 370.10
267.10 371.00
267.00 371.10
266.10 372.00
266.10 373.00
266.00 373.10
265.10 374.00
265.00 374.10
264.10 375.00
264.10 376.00
264.00 376.10
263.10 377.00
263.00 377.10
262.10 378.00
262.10 379.00
262.00 379.10
261.10 380.00
261.10 381.00
261.00 381.10
260.10 382.00
260.10 383.00
260.00 383.10
259.10 384.00
259.10 385.00
259.00 385.10
258.10 386.00
258.10 387.00
258.10 388.00
258.00 388.10
257.10 389.00
257.10 390.00
257.10 391.00
257.00 391.10
256.10 392.00
256.10 393.00
256.10 394.00
256.10 395.00
256.10 396.00
256.10 397.00
256.10 398.00
256.10 399.00
256.10 400.00
256.10 401.00
256.10 402.00
256.10 403.00
256.10 404.00
257.00 404.90
257.10 405.00
257.10 406.00
257.10 407.00
258.00 407.90
258.10 408.00
258.10 409.00
259.00 409.90
259.10 410.00
260.00 410.90
260.10 411.00
260.10 412.00
261.00 412.90
261.10 413.00
261.10 414.00
262.00 414.90
262.10 415.00
263.00 415.90
263.10 416.00
263.10 417.00
264.00 417.90
264.10 418.00
265.00 418.90
265.10 419.00
266.00 419.90
266.10 420.00
266.10 421.00
267.00 421.90
267.10 422.00
268.00 422.90
269.00 422.90
269.10 423.00
269.10 424.00
270.00 424.90
271.00 424.90
271.10 425.00
272.00 425.90
272.10 426.00
273.00 426.90
273.10 427.00
274.00 427.90
274.10 428.00
275.00 428.90
275.10 429.00
276.00 429.90
277.00 429.90
277.10 430.00
278.00 430.90
279.00 430.90
279.10 431.00
280.00 431.90
281.00 431.90
281.10 432.00
282.00 432.90
283.00 432.90
284.00 432.90
285.00 432.90
285.10 433.00
286.00 433.90
287.00 433.90
288.00 433.90
289.00 433.90
290.00 433.90
291.00 433.90
292.00 433.90
292.90 433.00
293.00 432.90
294.00 432.90
295.00 432.90
296.00 432.90
296.90 432.00
297.00 431.90
298.00 431.90
298.90 431.00
299.00 430.90
300.00 430.90
300.90 430.00
301.00 429.90
301.90 429.00
302.00 428.90
303.00 428.90
303.90 428.00
304.00 427.90
304.90 427.00
305.00 426.90
305.90 426.00
305.90 425.00
306.00 424.90
306.90 424.00
307.00 423.90
307.90 423.00
308.00 422.90
308.90 422.00
309.00 421.90
309.90 421.00
309.90 420.00
310.00 419.90
310.90 419.00
310.90 418.00
311.00 417.90
311.90 417.00
312.00 416.90
312.90 416.00
312.90 415.00
313.00 414.90
313.90 414.00
313.90 413.00
314.00 412.90
314.90 412.00
315.00 411.90
315.90 411.00
315.90 410.00
316.00 409.90
316.90 409.00
316.90 408.00
317.00 407.90
317.90 407.00
317.90 406.00
318.00 405.90
318.90 405.00
318.90 404.00
319.00 403.90
319.90 403.00
319.90 402.00
320.00 401.90
320.90 401.00
320.90 400.00
321.00 399.90
321.90 399.00
321.90 398.00
321.90 397.00
322.00 396.90
322.90 396.00

Contour 5:
352.92 500.00
352.92 499.00
352.92 498.00
352.92 497.00
352.92 496.00
352.92 495.00
352.92 494.00
352.00 493.08
351.92 493.00
351.92 492.00
351.92 491.00
351.92 490.00
351.00 489.08
350.92 489.00
350.92 488.00
350.00 487.08
349.92 487.00
349.92 486.00
349.00 485.08
348.92 485.00
348.92 484.00
348.00 483.08
347.92 483.00
347.92 482.00
347.00 481.08
346.92 481.00
346.00 480.08
345.92 480.00
345.00 479.08
344.92 479.00
344.00 478.08
343.92 478.00
343.00 477.08
342.92 477.00
342.00 476.08
341.92 476.00
341.00 475.08
340.92 475.00
340.00 474.08
339.00 474.08
338.92 474.00
338.00 473.08
337.00 473.08
336.00 473.08
335.00 473.08
334.00 473.08
333.92 473.00
333.00 472.08
332.00 472.08
331.00 472.08
330.00 472.08
329.00 472.08
328.00 472.08
327.00 472.08
326.00 472.08
325.00 472.08
324.08 473.00
324.00 473.08
323.00 473.08
322.00 473.08
321.00 473.08
320.00 473.08
319.00 473.08
318.00 473.08
317.08 474.00
317.00 474.08
316.00 474.08
315.00 474.08
314.08 475.00
314.00 475.08
313.00 475.08
312.00 475.08
311.08 476.00
311.00 476.08
310.00 476.08
309.00 476.08
308.08 477.00
308.00 477.08
307.00 477.08
306.00 477.08
305.08 478.00
305.00 478.08
304.00 478.08
303.00 478.08
302.08 479.00
302.00 479.08
301.00 479.08
300.00 479.08
299.08 480.00
299.00 480.08
298.00 480.08
297.00 480.08
296.08 481.00
296.00 481.08
295.08 482.00
295.00 482.08
294.08 483.00
294.00 483.08
293.08 484.00
293.00 484.08
292.08 485.00
292.00 485.08
291.08 486.00
291.00 486.08
290.08 487.00
290.08 488.00
290.00 488.08
289.08 489.00
289.00 489.08
288.08 490.00
288.08 491.00
288.08 492.00
288.08 493.00
288.08 494.00
288.00 494.08
287.08 495.00
287.08 496.00
287.08 497.00
288.00 497.92
288.08 498.00
288.08 499.00
288.08 500.00
288.08 501.00
289.00 501.92
289.08 502.00
289.08 503.00
289.08 504.00
290.00 504.92
290.08 505.00
290.08 506.00
291.00 506.92
291.08 507.00
291.08 508.00
292.00 508.92
292.08 509.00
293.00 509.92
293.08 510.00
293.08 511.00
294.00 511.92
294.08 512.00
295.00 512.92
296.00 512.92
296.08 513.00
297.00 513.92
297.08 514.00
298.00 514.92
298.08 515.00
299.00 515.92
299.08 516.00
300.00 516.92
301.00 516.92
301.08 517.00
302.00 517.92
303.00 517.92
303.08 518.00
304.00 518.92
305.00 518.92
306.00 518.92
306.08 519.00
307.00 519.92
308.00 519.92
309.00 519.92
310.00 519.92
310.08 520.00
311.00 520.92
312.00 520.92
313.00 520.92
314.00 520.92
315.00 520.92
316.00 520.92
317.00 520.92
318.00 520.92
319.00 520.92
319.08 521.00
320.00 521.92
321.00 521.92
322.00 521.92
323.00 521.92
324.00 521.92
325.00 521.92
326.00 521.92
327.00 521.92
328.00 521.92
329.00 521.92
330.00 521.92
331.00 521.92
332.00 521.92
333.00 521.92
334.00 521.92
335.00 521.92
336.00 521.92
336.92 521.00
337.00 520.92
338.00 520.92
339.00 520.92
339.92 520.00
340.00 519.92
341.00 519.92
341.92 519.00
342.00 518.92
343.00 518.92
343.92 518.00
344.00 517.92
344.92 517.00
345.00 516.92
345.92 516.00
346.00 515.92
346.92 515.00
347.00 514.92
347.92 514.00
348.00 513.92
348.92 513.00
348.92 512.00
349.00 511.92
349.92 511.00
350.00 510.92
350.92 510.00
350.92 509.00
350.92 508.00
350.92 507.00
351.00 506.92
351.92 506.00
351.92 505.00
351.92 504.00
351.92 503.00
351.92 502.00
351.92 501.00
352.00 500.92
352.92 500.00

Contour 6:
347.93 5.00
347.00 4.07
346.93 4.00
346.93 3.00
346.00 2.07
345.00 2.07
344.93 2.00
344.00 1.07
343.00 1.07
342.00 1.07
341.00 1.07
340.00 1.07
339.00 1.07
338.00 1.07
337.00 1.07
336.00 1.07
335.93 1.00
335.00 0.07
334.00 0.07
333.00 0.07
332.00 0.07
331.00 0.07
330.00 0.07
329.00 0.07
328.00 0.07
327.00 0.07
326.00 0.07
325.00 0.07
324.00 0.07
323.00 0.07
322.00 0.07
321.00 0.07
320.00 0.07
319.00 0.07
318.00 0.07
317.07 1.00
317.00 1.07
316.00 1.07
315.00 1.07
314.00 1.07
313.00 1.07
312.00 1.07
311.00 1.07
310.07 2.00
310.00 2.07
309.00 2.07
308.07 3.00
308.00 3.07
307.07 4.00
307.00 4.07
306.07 5.00
306.00 5.07
305.07 6.00
305.00 6.07
304.07 7.00
304.07 8.00
304.00 8.07
303.07 9.00
303.00 9.07
302.07 10.00
302.07 11.00
302.07 12.00
302.07 13.00
302.07 14.00
302.07 15.00
303.00 15.93
303.07 16.00
303.07 17.00
303.07 18.00
303.07 19.00
304.00 19.93
304.07 20.00
305.00 20.93
306.00 20.93
307.00 20.93
308.00 20.93
308.07 21.00
309.00 21.93
309.07 22.00
309.00 22.07
308.07 23.00
308.07 24.00
308.00 24.07
307.07 25.00
307.07 26.00
308.00 26.93
308.07 27.00
309.00 27.93
309.07 28.00
310.00 28.93
310.07 29.00
311.00 29.93
312.00 29.93
313.00 29.93
314.00 29.93
315.00 29.93
316.00 29.93
317.00 29.93
317.93 29.00
318.00 28.93
319.00 28.93
320.00 28.93
320.93 28.00
321.00 27.93
322.00 27.93
322.93 27.00
323.00 26.93
324.00 26.93
324.93 26.00
325.00 25.93
326.00 25.93
326.93 25.00
327.00 24.93
328.00 24.93
328.93 24.00
329.00 23.93
330.00 23.93
330.93 23.00
331.00 22.93
332.00 22.93
332.93 22.00
333.00 21.93
333.93 21.00
334.00 20.93
334.93 20.00
335.00 19.93
336.00 19.93
336.93 19.00
337.00 18.93
337.93 18.00
338.00 17.93
338.93 17.00
339.00 16.93
339.93 16.00
340.00 15.93
340.93 15.00
340.93 14.00
341.00 13.93
341.93 13.00
342.00 12.93
342.93 12.00
343.00 11.93
343.93 11.00
343.93 10.00
344.00 9.93
344.93 9.00
345.00 8.93
345.93 8.00
346.00 7.93
346.93 7.00
346.93 6.00
347.00 5.93
347.93 5.00

Contour 7:
456.94 147.00
456.94 146.00
456.94 145.00
456.94 144.00
456.94 143.00
456.94 142.00
456.94 141.00
456.00 140.06
455.94 140.00
455.94 139.00
455.94 138.00
455.94 137.00
455.94 136.00
455.00 135.06
454.94 135.00
454.94 134.00
454.94 133.00
454.00 132.06
453.94 132.00
453.94 131.00
453.00 130.06
452.94 130.00
452.00 129.06
451.94 129.00
451.94 128.00
451.00 127.06
450.94 127.00
450.00 126.06
449.94 126.00
449.00 125.06
448.94 125.00
448.00 124.06
447.94 124.00
447.00 123.06
446.94 123.00
446.00 122.06
445.94 122.00
445.00 121.06
444.94 121.00
444.00 120.06
443.94 120.00
443.00 119.06
442.00 119.06
441.94 119.00
441.00 118.06
440.94 118.00
440.00 117.06
439.00 117.06
438.00 117.06
437.94 117.00
437.00 116.06
436.00 116.06
435.00 116.06
434.94 116.00
434.00 115.06
433.00 115.06
432.00 115.06
431.00 115.06
430.00 115.06
429.00 115.06
428.00 115.06
427.00 115.06
426.00 115.06
425.00 115.06
424.00 115.06
423.00 115.06
422.00 115.06
421.06 116.00
421.00 116.06
420.00 116.06
419.00 116.06
418.00 116.06
417.00 116.06
416.00 116.06
415.06 117.00
415.00 117.06
414.00 117.06
413.06 118.00
413.00 118.06
412.00 118.06
411.06 119.00
411.00 119.06
410.00 119.06
409.00 119.06
408.06 120.00
408.00 120.06
407.00 120.06
406.00 120.06
405.06 121.00
405.00 121.06
404.00 121.06
403.00 121.06
402.06 122.00
402.00 122.06
401.00 122.06
400.06 123.00
400.00 123.06
399.00 123.06
398.06 124.00
398.00 124.06
397.00 124.06
396.06 125.00
396.00 125.06
395.06 126.00
395.00 126.06
394.00 126.06
393.06 127.00
393.00 127.06
392.00 127.06
391.06 128.00
391.00 128.06
390.00 128.06
389.06 129.00
389.00 129.06
388.06 130.00
388.00 130.06
387.06 131.00
387.00 131.06
386.00 131.06
385.06 132.00
385.00 132.06
384.06 133.00
384.00 133.06
383.06 134.00
383.06 135.00
383.00 135.06
382.06 136.00
382.06 137.00
382.00 137.06
381.06 138.00
381.06 139.00
381.06 140.00
381.00 140.06
380.06 141.00
380.00 141.06
379.06 142.00
379.06 143.00
379.06 144.00
379.00 144.06
378.06 145.00
378.06 146.00
378.00 146.06
377.06 147.00
377.06 148.00
377.06 149.00
377.06 150.00
377.06 151.00
377.06 152.00
377.06 153.00
377.06 154.00
377.06 155.00
377.00 155.06
376.06 156.00
376.00 156.06
375.00 156.06
374.00 156.06
373.00 156.06
372.94 156.00
372.00 155.06
371.00 155.06
370.00 155.06
369.00 155.06
368.00 155.06
367.06 156.00
367.00 156.06
366.00 156.06
365.06 157.00
365.06 158.00
365.00 158.06
364.06 159.00
364.06 160.00
364.00 160.06
363.06 161.00
363.06 162.00
364.00 162.94
364.06 163.00
364.06 164.00
365.00 164.94
365.06 165.00
366.00 165.94
367.00 165.94
367.06 166.00
368.00 166.94
369.00 166.94
369.06 167.00
370.00 167.94
371.00 167.94
372.00 167.94
372.94 167.00
373.00 166.94
374.00 166.94
374.94 166.00
375.00 165.94
376.00 165.94
376.94 165.00
377.00 164.94
378.00 164.94
378.06 165.00
379.00 165.94
379.06 166.00
379.06 167.00
380.00 167.94
380.06 168.00
380.06 169.00
381.00 169.94
381.06 170.00
381.06 171.00
382.00 171.94
382.06 172.00
383.00 172.94
383.06 173.00
384.00 173.94
384.06 174.00
384.06 175.00
385.00 175.94
385.06 176.00
386.00 176.94
387.00 176.94
387.06 177.00
388.00 177.94
388.06 178.00
389.00 178.94
390.00 178.94
390.06 179.00
391.00 179.94
391.06 180.00
392.00 180.94
393.00 180.94
393.06 181.00
394.00 181.94
395.00 181.94
395.06 182.00
396.00 182.94
397.00 182.94
398.00 182.94
398.06 183.00
399.00 183.94
400.00 183.94
401.00 183.94
401.06 184.00
402.00 184.94
403.00 184.94
404.00 184.94
405.00 184.94
405.06 185.00
406.00 185.94
407.00 185.94
408.00 185.94
409.00 185.94
410.00 185.94
411.00 185.94
412.00 185.94
413.00 185.94
414.00 185.94
414.94 185.00
415.00 184.94
416.00 184.94
417.00 184.94
418.00 184.94
418.94 184.00
419.00 183.94
420.00 183.94
421.00 183.94
421.94 183.00
422.00 182.94
423.00 182.94
423.94 182.00
424.00 181.94
425.00 181.94
425.94 181.00
426.00 180.94
427.00 180.94
427.94 180.00
428.00 179.94
429.00 179.94
429.94 179.00
430.00 178.94
430.94 178.00
431.00 177.94
432.00 177.94
432.94 177.00
433.00 176.94
433.94 176.00
434.00 175.94
435.00 175.94
435.94 175.00
436.00 174.94
436.94 174.00
437.00 173.94
438.00 173.94
438.94 173.00
439.00 172.94
439.94 172.00
440.00 171.94
440.94 171.00
441.00 170.94
441.94 170.00
442.00 169.94
443.00 169.94
443.94 169.00
444.00 168.94
444.94 168.00
445.00 167.94
445.94 167.00
446.00 166.94
446.94 166.00
447.00 165.94
447.94 165.00
448.00 164.94
448.94 164.00
448.94 163.00
449.00 162.94
449.94 162.00
450.00 161.94
450.94 161.00
451.00 160.94
451.94 160.00
452.00 159.94
452.94 159.00
453.00 158.94
453.94 158.00
453.94 157.00
454.00 156.94
454.94 156.00
454.94 155.00
454.94 154.00
455.00 153.94
455.94 153.00
455.94 152.00
455.94 151.00
455.94 150.00
455.94 149.00
455.94 148.00
456.00 147.94
456.94 147.00

Contour 8:
440.95 391.00
440.95 390.00
440.95 389.00
440.95 388.00
440.95 387.00
440.95 386.00
440.95 385.00
440.95 384.00
440.00 383.05
439.95 383.00
439.95 382.00
439.95 381.00
439.95 380.00
439.95 379.00
439.95 378.00
439.00 377.05
438.95 377.00
438.95 376.00
438.95 375.00
438.95 374.00
438.95 373.00
438.00 372.05
437.95 372.00
437.95 371.00
437.95 370.00
437.00 369.05
436.95 369.00
436.95 368.00
436.00 367.05
435.95 367.00
435.95 366.00
435.00 365.05
434.95 365.00
434.95 364.00
434.00 363.05
433.95 363.00
433.00 362.05
432.95 362.00
432.00 361.05
431.95 361.00
431.00 360.05
430.95 360.00
430.00 359.05
429.95 359.00
429.00 358.05
428.95 358.00
428.00 357.05
427.95 357.00
427.00 356.05
426.95 356.00
426.00 355.05
425.00 355.05
424.95 355.00
424.00 354.05
423.95 354.00
423.00 353.05
422.00 353.05
421.00 353.05
420.00 353.05
419.00 353.05
418.00 353.05
417.00 353.05
416.00 353.05
415.00 353.05
414.00 353.05
413.00 353.05
412.00 353.05
411.00 353.05
410.00 353.05
409.00 353.05
408.00 353.05
407.00 353.05
406.05 354.00
406.00 354.05
405.00 354.05
404.00 354.05
403.00 354.05
402.05 355.00
402.00 355.05
401.00 355.05
400.05 356.00
400.00 356.05
399.00 356.05
398.05 357.00
398.00 357.05
397.00 357.05
396.05 358.00
396.00 358.05
395.05 359.00
395.00 359.05
394.00 359.05
393.05 360.00
393.05 361.00
393.00 361.05
392.05 362.00
392.00 362.05
391.05 363.00
391.00 363.05
390.05 364.00
390.05 365.00
390.00 365.05
389.05 366.00
389.05 367.00
389.00 367.05
388.05 368.00
388.00 368.05
387.05 369.00
387.05 370.00
387.05 371.00
387.05 372.00
387.05 373.00
387.05 374.00
387.05 375.00
387.05 376.00
387.05 377.00
387.05 378.00
387.05 379.00
387.05 380.00
387.05 381.00
387.05 382.00
387.05 383.00
387.00 383.05
386.05 384.00
386.05 385.00
386.05 386.00
386.05 387.00
386.05 388.00
386.05 389.00
386.05 390.00
386.05 391.00
386.05 392.00
386.05 393.00
386.05 394.00
386.05 395.00
386.05 396.00
386.05 397.00
386.05 398.00
386.05 399.00
386.05 400.00
386.05 401.00
387.00 401.95
387.05 402.00
387.05 403.00
387.05 404.00
388.00 404.95
388.05 405.00
388.05 406.00
389.00 406.95
389.05 407.00
390.00 407.95
390.05 408.00
390.05 409.00
391.00 409.95
391.05 410.00
392.00 410.95
392.05 411.00
393.00 411.95
394.00 411.95
394.05 412.00
395.00 412.95
395.05 413.00
396.00 413.95
396.05 414.00
397.00 414.95
397.05 415.00
398.00 415.95
399.00 415.95
400.00 415.95
401.00 415.95
402.00 415.95
402.05 416.00
403.00 416.95
403.95 416.00
404.00 415.95
405.00 415.95
406.00 415.95
407.00 415.95
408.00 415.95
409.00 415.95
410.00 415.95
411.00 415.95
412.00 415.95
412.95 415.00
413.00 414.95
414.00 414.95
415.00 414.95
415.95 414.00
416.00 413.95
417.00 413.95
418.00 413.95
419.00 413.95
419.95 413.00
420.00 412.95
421.00 412.95
422.00 412.95
422.95 412.00
423.00 411.95
423.95 411.00
424.00 410.95
425.00 410.95
425.95 410.00
426.00 409.95
427.00 409.95
427.95 409.00
428.00 408.95
428.95 408.00
429.00 407.95
429.95 407.00
430.00 406.95
431.00 406.95
431.95 406.00
432.00 405.95
432.95 405.00
432.95 404.00
433.00 403.95
433.95 403.00
434.00 402.95
434.95 402.00
435.00 401.95
435.95 401.00
436.00 400.95
436.95 400.00
436.95 399.00
437.00 398.95
437.95 398.00
437.95 397.00
438.00 396.95
438.95 396.00
438.95 395.00
438.95 394.00
439.00 393.95
439.95 393.00
439.95 392.00
440.00 391.95
440.95 391.00

Contour 9:
488.95 242.00
488.95 241.00
488.95 240.00
488.95 239.00
488.95 238.00
488.95 237.00
488.95 236.00
488.95 235.00
488.95 234.00
488.95 233.00
488.95 232.00
488.00 231.05
487.95 231.00
487.95 230.00
487.95 229.00
487.95 228.00
487.00 227.05
486.95 227.00
486.95 226.00
486.00 225.05
485.95 225.00
485.95 224.00
485.95 223.00
485.00 222.05
484.95 222.00
484.95 221.00
484.00 220.05
483.95 220.00
483.00 219.05
482.95 219.00
482.00 218.05
481.95 218.00
481.00 217.05
480.95 217.00
480.00 216.05
479.95 216.00
479.00 215.05
478.95 215.00
478.00 214.05
477.00 214.05
476.95 214.00
476.00 213.05
475.00 213.05
474.95 213.00
474.00 212.05
473.00 212.05
472.95 212.00
472.00 211.05
471.00 211.05
470.00 211.05
469.95 211.00
469.00 210.05
468.00 210.05
467.95 210.00
467.00 209.05
466.00 209.05
465.00 209.05
464.00 209.05
463.00 209.05
462.95 209.00
462.00 208.05
461.00 208.05
460.05 209.00
460.00 209.05
459.00 209.05
458.00 209.05
457.00 209.05
456.00 209.05
455.05 210.00
455.00 210.05
454.00 210.05
453.00 210.05
452.00 210.05
451.05 211.00
451.00 211.05
450.00 211.05
449.05 212.00
449.00 212.05
448.00 212.05
447.00 212.05
446.05 213.00
446.00 213.05
445.00 213.05
444.00 213.05
443.00 213.05
442.05 214.00
442.00 214.05
441.00 214.05
440.00 214.05
439.05 215.00
439.00 215.05
438.00 215.05
437.05 216.00
437.00 216.05
436.00 216.05
435.05 217.00
435.00 217.05
434.05 218.00
434.00 218.05
433.00 218.05
432.05 219.00
432.00 219.05
431.00 219.05
430.05 220.00
430.00 220.05
429.00 220.05
428.05 221.00
428.00 221.05
427.00 221.05
426.00 221.05
425.05 222.00
425.00 222.05
424.00 222.05
423.05 223.00
423.00 223.05
422.00 223.05
421.05 224.00
421.00 224.05
420.05 225.00
420.00 225.05
419.00 225.05
418.05 226.00
418.00 226.05
417.05 227.00
417.00 227.05
416.00 227.05
415.05 228.00
415.00 228.05
414.05 229.00
414.00 229.05
413.05 230.00
413.00 230.05
412.05 231.00
412.00 231.05
411.05 232.00
411.00 232.05
410.05 233.00
410.00 233.05
409.05 234.00
409.00 234.05
408.05 235.00
408.00 235.05
407.05 236.00
407.05 237.00
407.00 237.05
406.05 238.00
406.00 238.05
405.05 239.00
405.05 240.00
405.00 240.05
404.05 241.00
404.00 241.05
403.05 242.00
403.05 243.00
403.00 243.05
402.05 244.00
402.05 245.00
402.00 245.05
401.05 246.00
401.05 247.00
401.00 247.05
400.05 248.00
400.05 249.00
400.05 250.00
400.05 251.00
400.00 251.05
399.05 252.00
399.05 253.00
399.05 254.00
399.05 255.00
400.00 255.95
400.05 256.00
400.05 257.00
400.05 258.00
400.05 259.00
400.05 260.00
400.05 261.00
401.00 261.95
401.05 262.00
401.05 263.00
402.00 263.95
402.05 264.00
402.05 265.00
403.00 265.95
403.05 266.00
404.00 266.95
404.05 267.00
405.00 267.95
405.05 268.00
406.00 268.95
406.05 269.00
407.00 269.95
407.05 270.00
408.00 270.95
408.05 271.00
409.00 271.95
409.05 272.00
410.00 272.95
410.05 273.00
411.00 273.95
411.05 274.00
412.00 274.95
412.05 275.00
413.00 275.95
413.05 276.00
414.00 276.95
414.05 277.00
415.00 277.95
416.00 277.95
416.05 278.00
417.00 278.95
418.00 278.95
418.05 279.00
419.00 279.95
420.00 279.95
421.00 279.95
421.05 280.00
422.00 280.95
423.00 280.95
424.00 280.95
425.00 280.95
425.05 281.00
426.00 281.95
427.00 281.95
428.00 281.95
429.00 281.95
429.05 282.00
430.00 282.95
431.00 282.95
432.00 282.95
433.00 282.95
434.00 282.95
435.00 282.95
436.00 282.95
437.00 282.95
438.00 282.95
439.00 282.95
440.00 282.95
440.95 282.00
441.00 281.95
442.00 281.95
443.00 281.95
444.00 281.95
445.00 281.95
445.95 281.00
446.00 280.95
447.00 280.95
448.00 280.95
449.00 280.95
449.95 280.00
450.00 279.95
451.00 279.95
452.00 279.95
453.00 279.95
453.95 279.00
454.00 278.95
455.00 278.95
455.95 278.00
456.00 277.95
457.00 277.95
457.95 277.00
458.00 276.95
459.00 276.95
459.95 276.00
460.00 275.95
461.00 275.95
462.00 275.95
462.95 275.00
463.00 274.95
464.00 274.95
464.95 274.00
465.00 273.95
465.95 273.00
466.00 272.95
467.00 272.95
467.95 272.00
468.00 271.95
468.95 271.00
469.00 270.95
469.95 270.00
470.00 269.95
471.00 269.95
471.95 269.00
472.00 268.95
472.95 268.00
473.00 267.95
473.95 267.00
474.00 266.95
474.95 266.00
475.00 265.95
475.95 265.00
476.00 264.95
476.95 264.00
477.00 263.95
477.95 263.00
478.00 262.95
478.95 262.00
479.00 261.95
479.95 261.00
479.95 260.00
480.00 259.95
480.95 259.00
481.00 258.95
481.95 258.00
481.95 257.00
482.00 256.95
482.95 256.00
483.00 255.95
483.95 255.00
483.95 254.00
484.00 253.95
484.95 253.00
484.95 252.00
485.00 251.95
485.95 251.00
485.95 250.00
486.00 249.95
486.95 249.00
486.95 248.00
487.00 247.95
487.95 247.00
487.95 246.00
487.95 245.00
487.95 244.00
487.95 243.00
488.00 242.95
488.95 242.00

Contour 10:
496.96 489.00
496.96 488.00
496.96 487.00
496.96 486.00
496.96 485.00
496.00 484.04
495.96 484.00
495.96 483.00
495.96 482.00
495.96 481.00
495.96 480.00
495.96 479.00
495.96 478.00
495.96 477.00
495.96 476.00
495.00 475.04
494.96 475.00
494.96 474.00
494.96 473.00
494.96 472.00
494.00 471.04
493.96 471.00
493.96 470.00
493.00 469.04
492.96 469.00
492.96 468.00
492.00 467.04
491.96 467.00
491.00 466.04
490.96 466.00
490.96 465.00
490.00 464.04
489.96 464.00
489.00 463.04
488.96 463.00
488.00 462.04
487.00 462.04
486.96 462.00
486.00 461.04
485.96 461.00
485.00 460.04
484.00 460.04
483.96 460.00
483.00 459.04
482.00 459.04
481.00 459.04
480.00 459.04
479.00 459.04
478.96 459.00
478.00 458.04
477.00 458.04
476.00 458.04
475.04 459.00
475.00 459.04
474.00 459.04
473.00 459.04
472.00 459.04
471.00 459.04
470.00 459.04
469.00 459.04
468.00 459.04
467.04 460.00
467.00 460.04
466.00 460.04
465.00 460.04
464.00 460.04
463.04 461.00
463.00 461.04
462.00 461.04
461.00 461.04
460.00 461.04
459.04 462.00
459.00 462.04
458.00 462.04
457.00 462.04
456.00 462.04
455.00 462.04
454.00 462.04
453.00 462.04
452.00 462.04
451.04 463.00
451.00 463.04
450.00 463.04
449.00 463.04
448.04 464.00
448.00 464.04
447.00 464.04
446.04 465.00
446.00 465.04
445.00 465.04
444.04 466.00
444.00 466.04
443.00 466.04
442.04 467.00
442.00 467.04
441.00 467.04
440.04 468.00
440.00 468.04
439.00 468.04
438.00 468.04
437.04 469.00
437.00 469.04
436.04 470.00
436.00 470.04
435.00 470.04
434.04 471.00
434.00 471.04
433.00 471.04
432.04 472.00
432.00 472.04
431.04 473.00
431.00 473.04
430.04 474.00
430.04 475.00
430.00 475.04
429.04 476.00
429.04 477.00
429.04 478.00
429.04 479.00
429.04 480.00
429.04 481.00
429.04 482.00
429.04 483.00
429.04 484.00
429.04 485.00
429.04 486.00
429.04 487.00
429.04 488.00
429.04 489.00
429.04 490.00
429.04 491.00
429.04 492.00
429.04 493.00
429.04 494.00
429.04 495.00
430.00 495.96
430.04 496.00
430.04 497.00
430.04 498.00
431.00 498.96
431.04 499.00
431.04 500.00
432.00 500.96
432.04 501.00
433.00 501.96
433.04 502.00
434.00 502.96
434.04 503.00
435.00 503.96
435.04 504.00
436.00 504.96
437.00 504.96
437.04 505.00
438.00 505.96
438.04 506.00
439.00 506.96
440.00 506.96
440.04 507.00
441.00 507.96
442.00 507.96
443.00 507.96
443.04 508.00
444.00 508.96
445.00 508.96
445.04 509.00
446.00 509.96
447.00 509.96
448.00 509.96
449.00 509.96
450.00 509.96
450.04 510.00
451.00 510.96
452.00 510.96
453.00 510.96
454.00 510.96
455.00 510.96
456.00 510.96
457.00 510.96
458.00 510.96
459.00 510.96
460.00 510.96
461.00 510.96
462.00 510.96
463.00 510.96
464.00 510.96
465.00 510.96
466.00 510.96
467.00 510.96
468.00 510.96
469.00 510.96
470.00 510.96
471.00 510.96
472.00 510.96
473.00 510.96
474.00 510.96
474.96 510.00
475.00 509.96
476.00 509.96
476.96 509.00
477.00 508.96
478.00 508.96
478.96 508.00
479.00 507.96
480.00 507.96
480.96 507.00
481.00 506.96
481.96 506.00
482.00 505.96
483.00 505.96
483.96 505.00
484.00 504.96
485.00 504.96
485.96 504.00
486.00 503.96
487.00 503.96
487.96 503.00
488.00 502.96
488.96 502.00
489.00 501.96
489.96 501.00
490.00 500.96
490.96 500.00
491.00 499.96
491.96 499.00
492.00 498.96
492.96 498.00
493.00 497.96
493.96 497.00
493.96 496.00
494.00 495.96
494.96 495.00
494.96 494.00
495.00 493.96
495.96 493.00
495.96 492.00
495.96 491.00
495.96 490.00
496.00 489.96
496.96 489.00

Contour 11:
525.96 701.00
525.96 700.00
525.00 699.04
524.96 699.00
524.96 698.00
524.96 697.00
524.96 696.00
524.00 695.04
523.96 695.00
523.96 694.00
523.96 693.00
523.96 692.00
523.00 691.04
522.96 691.00
522.96 690.00
522.96 689.00
522.00 688.04
521.96 688.00
521.96 687.00
521.00 686.04
520.96 686.00
520.96 685.00
520.96 684.00
520.00 683.04
519.96 683.00
519.96 682.00
519.00 681.04
518.96 681.00
518.00 680.04
517.96 680.00
517.00 679.04
516.96 679.00
516.00 678.04
515.96 678.00
515.00 677.04
514.96 677.00
514.00 676.04
513.96 676.00
513.00 675.04
512.00 675.04
511.96 675.00
511.00 674.04
510.96 674.00
510.00 673.04
509.00 673.04
508.96 673.00
508.00 672.04
507.00 672.04
506.00 672.04
505.00 672.04
504.96 672.00
504.00 671.04
503.00 671.04
502.00 671.04
501.00 671.04
500.00 671.04
499.00 671.04
498.00 671.04
497.00 671.04
496.00 671.04
495.00 671.04
494.00 671.04
493.00 671.04
492.00 671.04
491.00 671.04
490.04 672.00
490.00 672.04
489.00 672.04
488.00 672.04
487.04 673.00
487.00 673.04
486.00 673.04
485.04 674.00
485.00 674.04
484.00 674.04
483.04 675.00
483.00 675.04
482.00 675.04
481.04 676.00
481.00 676.04
480.00 676.04
479.04 677.00
479.00 677.04
478.00 677.04
477.04 678.00
477.00 678.04
476.04 679.00
476.00 679.04
475.00 679.04
474.04 680.00
474.00 680.04
473.04 681.00
473.00 681.04
472.04 682.00
472.00 682.04
471.04 683.00
471.00 683.04
470.04 684.00
470.04 685.00
470.00 685.04
469.04 686.00
469.04 687.00
469.00 687.04
468.04 688.00
468.00 688.04
467.04 689.00
467.04 690.00
467.00 690.04
466.04 691.00
466.04 692.00
466.00 692.04
465.04 693.00
465.04 694.00
465.00 694.04
464.04 695.00
464.04 696.00
464.00 696.04
463.04 697.00
463.04 698.00
463.04 699.00
463.00 699.04
462.04 700.00
462.04 701.00
462.04 702.00
462.04 703.00
462.04 704.00
462.04 705.00
462.04 706.00
462.04 707.00
462.04 708.00
462.04 709.00
462.04 710.00
463.00 710.96
463.04 711.00
463.04 712.00
463.04 713.00
464.00 713.96
464.04 714.00
464.04 715.00
465.00 715.96
465.04 716.00
465.04 717.00
466.00 717.96
466.04 718.00
466.04 719.00
467.00 719.96
467.04 720.00
468.00 720.96
468.04 721.00
468.04 722.00
469.00 722.96
469.04 723.00
470.00 723.96
470.04 724.00
471.00 724.96
471.04 725.00
472.00 725.96
472.04 726.00
473.00 726.96
473.04 727.00
474.00 727.96
475.00 727.96
475.04 728.00
476.00 728.96
477.00 728.96
477.04 729.00
478.00 729.96
479.00 729.96
479.04 730.00
480.00 730.96
481.00 730.96
482.00 730.96
483.00 730.96
483.04 731.00
484.00 731.96
485.00 731.96
486.00 731.96
487.00 731.96
487.04 732.00
488.00 732.96
489.00 732.96
490.00 732.96
491.00 732.96
492.00 732.96
493.00 732.96
494.00 732.96
495.00 732.96
495.96 732.00
496.00 731.96
497.00 731.96
498.00 731.96
499.00 731.96
499.96 731.00
500.00 730.96
501.00 730.96
502.00 730.96
502.96 730.00
503.00 729.96
504.00 729.96
504.96 729.00
505.00 728.96
506.00 728.96
507.00 728.96
507.96 728.00
508.00 727.96
509.00 727.96
509.96 727.00
510.00 726.96
511.00 726.96
511.96 726.00
512.00 725.96
512.96 725.00
513.00 724.96
513.96 724.00
514.00 723.96
514.96 723.00
515.00 722.96
515.96 722.00
516.00 721.96
516.96 721.00
517.00 720.96
517.96 720.00
518.00 719.96
518.96 719.00
519.00 718.96
519.96 718.00
519.96 717.00
520.00 716.96
520.96 716.00
521.00 715.96
521.96 715.00
521.96 714.00
521.96 713.00
522.00 712.96
522.96 712.00
522.96 711.00
522.96 710.00
523.00 709.96
523.96 709.00
523.96 708.00
523.96 707.00
524.00 706.96
524.96 706.00
524.96 705.00
524.96 704.00
524.96 703.00
524.96 702.00
525.00 701.96
525.96 701.00

Contour 12:
550.96 451.00
550.96 450.00
550.96 449.00
550.96 448.00
550.96 447.00
550.96 446.00
550.96 445.00
550.00 444.04
549.96 444.00
549.96 443.00
549.96 442.00
549.96 441.00
549.96 440.00
549.00 439.04
548.96 439.00
548.96 438.00
548.96 437.00
548.00 436.04
547.96 436.00
547.96 435.00
547.96 434.00
547.00 433.04
546.96 433.00
546.00 432.04
545.96 432.00
545.96 431.00
545.00 430.04
544.96 430.00
544.00 429.04
543.96 429.00
543.00 428.04
542.96 428.00
542.00 427.04
541.96 427.00
541.00 426.04
540.96 426.00
540.00 425.04
539.96 425.00
539.00 424.04
538.96 424.00
538.00 423.04
537.00 423.04
536.96 423.00
536.00 422.04
535.96 422.00
535.00 421.04
534.00 421.04
533.96 421.00
533.00 420.04
532.00 420.04
531.96 420.00
531.00 419.04
530.00 419.04
529.00 419.04
528.96 419.00
528.00 418.04
527.00 418.04
526.96 418.00
526.00 417.04
525.00 417.04
524.00 417.04
523.00 417.04
522.96 417.00
522.00 416.04
521.00 416.04
520.00 416.04
519.00 416.04
518.00 416.04
517.00 416.04
516.00 416.04
515.00 416.04
514.00 416.04
513.00 416.04
512.04 417.00
512.00 417.04
511.00 417.04
510.00 417.04
509.04 418.00
509.00 418.04
508.00 418.04
507.00 418.04
506.04 419.00
506.00 419.04
505.00 419.04
504.04 420.00
504.00 420.04
503.00 420.04
502.04 421.00
502.00 421.04
501.04 422.00
501.00 422.04
500.00 422.04
499.04 423.00
499.00 423.04
498.04 424.00
498.00 424.04
497.04 425.00
497.00 425.04
496.04 426.00
496.00 426.04
495.04 427.00
495.00 427.04
494.04 428.00
494.00 428.04
493.04 429.00
493.04 430.00
493.00 430.04
492.04 431.00
492.04 432.00
492.04 433.00
492.04 434.00
492.00 434.04
491.04 435.00
491.04 436.00
491.04 437.00
491.04 438.00
491.04 439.00
491.04 440.00
491.04 441.00
491.00 441.04
490.04 442.00
490.04 443.00
490.04 444.00
491.00 444.96
491.04 445.00
491.04 446.00
491.04 447.00
491.04 448.00
491.04 449.00
491.04 450.00
492.00 450.96
492.04 451.00
492.04 452.00
493.00 452.96
493.04 453.00
493.04 454.00
493.04 455.00
494.00 455.96
494.04 456.00
494.04 457.00
495.00 457.96
495.04 458.00
495.04 459.00
495.04 460.00
496.00 460.96
496.04 461.00
496.04 462.00
497.00 462.96
497.04 463.00
497.04 464.00
497.04 465.00
498.00 465.96
498.04 466.00
498.04 467.00
499.00 467.96
499.04 468.00
499.04 469.00
500.00 469.96
500.04 470.00
500.04 471.00
501.00 471.96
501.04 472.00
501.04 473.00
502.00 473.96
502.04 474.00
503.00 474.96
503.04 475.00
504.00 475.96
504.04 476.00
505.00 476.96
505.04 477.00
506.00 477.96
507.00 477.96
507.04 478.00
508.00 478.96
509.00 478.96
509.04 479.00
510.00 479.96
511.00 479.96
511.04 480.00
512.00 480.96
513.00 480.96
514.00 480.96
515.00 480.96
516.00 480.96
517.00 480.96
518.00 480.96
519.00 480.96
520.00 480.96
521.00 480.96
522.00 480.96
523.00 480.96
524.00 480.96
524.96 480.00
525.00 479.96
526.00 479.96
527.00 479.96
528.00 479.96
528.96 479.00
529.00 478.96
530.00 478.96
531.00 478.96
531.96 478.00
532.00 477.96
533.00 477.96
533.96 477.00
534.00 476.96
535.00 476.96
535.96 476.00
536.00 475.96
537.00 475.96
537.96 475.00
538.00 474.96
538.96 474.00
539.00 473.96
539.96 473.00
540.00 472.96
540.96 472.00
541.00 471.96
541.96 471.00
542.00 470.96
542.96 470.00
543.00 469.96
543.96 469.00
543.96 468.00
544.00 467.96
544.96 467.00
544.96 466.00
545.00 465.96
545.96 465.00
546.00 464.96
546.96 464.00
546.96 463.00
547.00 462.96
547.96 462.00
547.96 461.00
547.96 460.00
548.00 459.96
548.96 459.00
548.96 458.00
548.96 457.00
549.00 456.96
549.96 456.00
549.96 455.00
549.96 454.00
549.96 453.00
549.96 452.00
550.00 451.96
550.96 451.00

Contour 13:
558.97 325.00
558.97 324.00
558.97 323.00
558.97 322.00
558.97 321.00
558.97 320.00
558.97 319.00
558.97 318.00
558.00 317.03
557.97 317.00
557.97 316.00
557.97 315.00
557.97 314.00
557.00 313.03
556.97 313.00
556.97 312.00
556.97 311.00
556.00 310.03
555.97 310.00
555.00 309.03
554.97 309.00
554.00 308.03
553.97 308.00
553.00 307.03
552.97 307.00
552.00 306.03
551.97 306.00
551.00 305.03
550.97 305.00
550.00 304.03
549.97 304.00
549.00 303.03
548.97 303.00
548.00 302.03
547.97 302.00
547.00 301.03
546.00 301.03
545.97 301.00
545.00 300.03
544.97 300.00
544.00 299.03
543.97 299.00
543.00 298.03
542.00 298.03
541.97 298.00
541.00 297.03
540.00 297.03
539.97 297.00
539.00 296.03
538.00 296.03
537.97 296.00
537.00 295.03
536.00 295.03
535.00 295.03
534.97 295.00
534.00 294.03
533.00 294.03
532.97 294.00
532.00 293.03
531.00 293.03
530.00 293.03
529.00 293.03
528.00 293.03
527.00 293.03
526.00 293.03
525.00 293.03
524.00 293.03
523.00 293.03
522.00 293.03
521.00 293.03
520.00 293.03
519.00 293.03
518.00 293.03
517.03 294.00
517.00 294.03
516.00 294.03
515.00 294.03
514.03 295.00
514.00 295.03
513.00 295.03
512.03 296.00
512.00 296.03
511.00 296.03
510.03 297.00
510.00 297.03
509.00 297.03
508.03 298.00
508.00 298.03
507.03 299.00
507.00 299.03
506.03 300.00
506.00 300.03
505.03 301.00
505.00 301.03
504.03 302.00
504.00 302.03
503.03 303.00
503.03 304.00
503.00 304.03
502.03 305.00
502.03 306.00
502.00 306.03
501.03 307.00
501.03 308.00
501.03 309.00
501.00 309.03
500.03 310.00
500.03 311.00
500.03 312.00
500.03 313.00
500.03 314.00
500.00 314.03
499.03 315.00
499.03 316.00
499.03 317.00
499.03 318.00
499.03 319.00
499.03 320.00
499.03 321.00
499.03 322.00
500.00 322.97
500.03 323.00
500.03 324.00
500.03 325.00
500.03 326.00
500.03 327.00
501.00 327.97
501.03 328.00
501.03 329.00
502.00 329.97
502.03 330.00
502.03 331.00
503.00 331.97
503.03 332.00
503.03 333.00
504.00 333.97
504.03 334.00
504.03 335.00
505.00 335.97
505.03 336.00
506.00 336.97
506.03 337.00
507.00 337.97
507.03 338.00
507.03 339.00
508.00 339.97
508.03 340.00
509.00 340.97
509.03 341.00
510.00 341.97
510.03 342.00
510.03 343.00
511.00 343.97
511.03 344.00
512.00 344.97
512.03 345.00
513.00 345.97
513.03 346.00
513.03 347.00
514.00 347.97
514.03 348.00
515.00 348.97
515.03 349.00
516.00 349.97
516.03 350.00
517.00 350.97
517.03 351.00
518.00 351.97
519.00 351.97
519.03 352.00
520.00 352.97
520.03 353.00
521.00 353.97
522.00 353.97
523.00 353.97
523.03 354.00
524.00 354.97
525.00 354.97
526.00 354.97
526.03 355.00
527.00 355.97
528.00 355.97
529.00 355.97
530.00 355.97
531.00 355.97
532.00 355.97
533.00 355.97
534.00 355.97
534.97 355.00
535.00 354.97
536.00 354.97
537.00 354.97
538.00 354.97
538.97 354.00
539.00 353.97
540.00 353.97
540.97 353.00
541.00 352.97
542.00 352.97
542.97 352.00
543.00 351.97
543.97 351.00
544.00 350.97
545.00 350.97
545.97 350.00
546.00 349.97
546.97 349.00
547.00 348.97
547.97 348.00
548.00 347.97
548.97 347.00
549.00 346.97
549.97 346.00
550.00 345.97
550.97 345.00
551.00 344.97
551.97 344.00
551.97 343.00
552.00 342.97
552.97 342.00
552.97 341.00
553.00 340.97
553.97 340.00
553.97 339.00
554.00 338.97
554.97 338.00
554.97 337.00
555.00 336.97
555.97 336.00
555.97 335.00
556.00 334.97
556.97 334.00
556.97 333.00
556.97 332.00
557.00 331.97
557.97 331.00
557.97 330.00
557.97 329.00
557.97 328.00
557.97 327.00
557.97 326.00
558.00 325.97
558.97 325.00

Contour 14:
575.97 540.00
575.97 539.00
575.97 538.00
575.97 537.00
575.97 536.00
575.97 535.00
575.00 534.03
574.97 534.00
574.97 533.00
574.97 532.00
574.97 531.00
574.00 530.03
573.97 530.00
573.97 529.00
573.00 528.03
572.97 528.00
572.97 527.00
572.00 526.03
571.97 526.00
571.97 525.00
571.00 524.03
570.97 524.00
570.00 523.03
569.97 523.00
569.97 522.00
569.00 521.03
568.97 521.00
568.00 520.03
567.97 520.00
567.00 519.03
566.97 519.00
566.00 518.03
565.97 518.00
565.00 517.03
564.97 517.00
564.00 516.03
563.97 516.00
563.00 515.03
562.00 515.03
561.97 515.00
561.00 514.03
560.97 514.00
560.00 513.03
559.00 513.03
558.97 513.00
558.00 512.03
557.00 512.03
556.00 512.03
555.97 512.00
555.00 511.03
554.00 511.03
553.00 511.03
552.00 511.03
551.00 511.03
550.00 511.03
549.00 511.03
548.00 511.03
547.00 511.03
546.00 511.03
545.00 511.03
544.03 512.00
544.00 512.03
543.00 512.03
542.03 513.00
542.00 513.03
541.00 513.03
540.00 513.03
539.03 514.00
539.00 514.03
538.00 514.03
537.03 515.00
537.00 515.03
536.00 515.03
535.03 516.00
535.00 516.03
534.00 516.03
533.00 516.03
532.03 517.00
532.00 517.03
531.00 517.03
530.03 518.00
530.00 518.03
529.03 519.00
529.00 519.03
528.03 520.00
528.00 520.03
527.03 521.00
527.00 521.03
526.03 522.00
526.00 522.03
525.03 523.00
525.00 523.03
524.03 524.00
524.00 524.03
523.03 525.00
523.03 526.00
523.00 526.03
522.03 527.00
522.00 527.03
521.03 528.00
521.03 529.00
521.00 529.03
520.03 530.00
520.03 531.00
520.00 531.03
519.03 532.00
519.03 533.00
519.00 533.03
518.03 534.00
518.03 535.00
518.03 536.00
518.03 537.00
518.00 537.03
517.03 538.00
517.03 539.00
517.03 540.00
517.03 541.00
517.03 542.00
517.03 543.00
517.00 543.03
516.03 544.00
516.03 545.00
516.03 546.00
516.03 547.00
516.03 548.00
517.00 548.97
517.03 549.00
517.03 550.00
517.03 551.00
517.03 552.00
517.03 553.00
517.03 554.00
518.00 554.97
518.03 555.00
518.03 556.00
519.00 556.97
519.03 557.00
519.03 558.00
519.03 559.00
520.00 559.97
520.03 560.00
521.00 560.97
521.03 561.00
521.03 562.00
522.00 562.97
522.03 563.00
522.03 564.00
523.00 564.97
523.03 565.00
524.00 565.97
524.03 566.00
525.00 566.97
525.03 567.00
525.03 568.00
526.00 568.97
526.03 569.00
527.00 569.97
527.03 570.00
527.03 571.00
528.00 571.97
528.03 572.00
529.00 572.97
529.03 573.00
530.00 573.97
530.03 574.00
531.00 574.97
532.00 574.97
533.00 574.97
533.03 575.00
534.00 575.97
535.00 575.97
536.00 575.97
537.00 575.97
537.03 576.00
538.00 576.97
539.00 576.97
540.00 576.97
541.00 576.97
542.00 576.97
543.00 576.97
544.00 576.97
545.00 576.97
546.00 576.97
547.00 576.97
548.00 576.97
548.97 576.00
549.00 575.97
550.00 575.97
551.00 575.97
551.97 575.00
552.00 574.97
553.00 574.97
553.97 574.00
554.00 573.97
554.97 573.00
555.00 572.97
556.00 572.97
556.97 572.00
557.00 571.97
557.97 571.00
558.00 570.97
558.97 570.00
559.00 569.97
559.97 569.00
560.00 568.97
560.97 568.00
561.00 567.97
561.97 567.00
562.00 566.97
563.00 566.97
563.97 566.00
564.00 565.97
564.97 565.00
564.97 564.00
565.00 563.97
565.97 563.00
566.00 562.97
566.97 562.00
567.00 561.97
567.97 561.00
567.97 560.00
568.00 559.97
568.97 559.00
568.97 558.00
569.00 557.97
569.97 557.00
569.97 556.00
570.00 555.97
570.97 555.00
570.97 554.00
571.00 553.97
571.97 553.00
571.97 552.00
571.97 551.00
572.00 550.97
572.97 550.00
572.97 549.00
572.97 548.00
573.00 547.97
573.97 547.00
573.97 546.00
573.97 545.00
574.00 544.97
574.97 544.00
574.97 543.00
574.97 542.00
574.97 541.00
575.00 540.97
575.97 540.00

Contour 15:
616.97 641.00
616.97 640.00
616.97 639.00
616.97 638.00
616.97 637.00
616.97 636.00
616.97 635.00
616.97 634.00
616.97 633.00
616.97 632.00
616.00 631.03
615.97 631.00
615.97 630.00
615.97 629.00
615.97 628.00
615.00 627.03
614.97 627.00
614.97 626.00
614.97 625.00
614.00 624.03
613.97 624.00
613.00 623.03
612.97 623.00
612.97 622.00
612.00 621.03
611.97 621.00
611.00 620.03
610.97 620.00
610.00 619.03
609.97 619.00
609.00 618.03
608.97 618.00
608.00 617.03
607.00 617.03
606.97 617.00
606.00 616.03
605.00 616.03
604.97 616.00
604.00 615.03
603.00 615.03
602.97 615.00
602.00 614.03
601.00 614.03
600.97 614.00
600.00 613.03
599.00 613.03
598.97 613.00
598.00 612.03
597.00 612.03
596.97 612.00
596.00 611.03
595.00 611.03
594.97 611.00
594.00 610.03
593.00 610.03
592.00 610.03
591.97 610.00
591.00 609.03
590.00 609.03
589.00 609.03
588.00 609.03
587.00 609.03
586.00 609.03
585.00 609.03
584.00 609.03
583.03 610.00
583.00 610.03
582.00 610.03
581.00 610.03
580.00 610.03
579.03 611.00
579.00 611.03
578.00 611.03
577.00 611.03
576.00 611.03
575.03 612.00
575.00 612.03
574.00 612.03
573.00 612.03
572.03 613.00
572.00 613.03
571.00 613.03
570.03 614.00
570.00 614.03
569.00 614.03
568.03 615.00
568.00 615.03
567.03 616.00
567.00 616.03
566.00 616.03
565.03 617.00
565.00 617.03
564.03 618.00
564.00 618.03
563.03 619.00
563.00 619.03
562.03 620.00
562.00 620.03
561.03 621.00
561.00 621.03
560.03 622.00
560.00 622.03
559.03 623.00
559.00 623.03
558.03 624.00
558.03 625.00
558.00 625.03
557.03 626.00
557.00 626.03
556.03 627.00
556.00 627.03
555.03 628.00
555.03 629.00
555.00 629.03
554.03 630.00
554.03 631.00
554.00 631.03
553.03 632.00
553.03 633.00
553.00 633.03
552.03 634.00
552.03 635.00
552.03 636.00
552.03 637.00
552.00 637.03
551.03 638.00
551.03 639.00
551.03 640.00
551.00 640.03
550.03 641.00
550.03 642.00
550.03 643.00
550.03 644.00
550.03 645.00
550.03 646.00
550.03 647.00
550.03 648.00
550.03 649.00
550.03 650.00
551.00 650.97
551.03 651.00
551.03 652.00
551.03 653.00
551.03 654.00
552.00 654.97
552.03 655.00
552.03 656.00
553.00 656.97
553.03 657.00
553.03 658.00
554.00 658.97
554.03 659.00
555.00 659.97
555.03 660.00
555.03 661.00
556.00 661.97
556.03 662.00
557.00 662.97
557.03 663.00
558.00 663.97
558.03 664.00
559.00 664.97
559.03 665.00
560.00 665.97
560.03 666.00
561.00 666.97
561.03 667.00
562.00 667.97
562.03 668.00
563.00 668.97
564.00 668.97
564.03 669.00
565.00 669.97
565.03 670.00
566.00 670.97
567.00 670.97
567.03 671.00
568.00 671.97
568.03 672.00
569.00 672.97
570.00 672.97
570.03 673.00
571.00 673.97
572.00 673.97
572.03 674.00
573.00 674.97
574.00 674.97
575.00 674.97
576.00 674.97
577.00 674.97
578.00 674.97
579.00 674.97
580.00 674.97
581.00 674.97
582.00 674.97
583.00 674.97
584.00 674.97
585.00 674.97
586.00 674.97
587.00 674.97
587.97 674.00
588.00 673.97
589.00 673.97
590.00 673.97
590.97 673.00
591.00 672.97
592.00 672.97
593.00 672.97
593.97 672.00
594.00 671.97
594.97 671.00
595.00 670.97
596.00 670.97
596.97 670.00
597.00 669.97
597.97 669.00
598.00 668.97
599.00 668.97
599.97 668.00
600.00 667.97
600.97 667.00
601.00 666.97
601.97 666.00
602.00 665.97
602.97 665.00
603.00 664.97
603.97 664.00
604.00 663.97
604.97 663.00
604.97 662.00
605.00 661.97
605.97 661.00
606.00 660.97
606.97 660.00
606.97 659.00
607.00 658.97
607.97 658.00
608.00 657.97
608.97 657.00
608.97 656.00
609.00 655.97
609.97 655.00
610.00 654.97
610.97 654.00
610.97 653.00
611.00 652.97
611.97 652.00
612.00 651.97
612.97 651.00
612.97 650.00
613.00 649.97
613.97 649.00
614.00 648.97
614.97 648.00
614.97 647.00
614.97 646.00
615.00 645.97
615.97 645.00
615.97 644.00
615.97 643.00
615.97 642.00
616.00 641.97
616.97 641.00

Contour 16:
657.97 484.00
657.97 483.00
657.97 482.00
657.97 481.00
657.97 480.00
657.97 479.00
657.97 478.00
657.97 477.00
657.97 476.00
657.97 475.00
657.97 474.00
657.97 473.00
657.00 472.03
656.97 472.00
656.97 471.00
656.97 470.00
656.97 469.00
656.00 468.03
655.97 468.00
655.97 467.00
655.00 466.03
654.97 466.00
654.97 465.00
654.00 464.03
653.97 464.00
653.97 463.00
653.00 462.03
652.97 462.00
652.00 461.03
651.97 461.00
651.97 460.00
651.00 459.03
650.97 459.00
650.00 458.03
649.97 458.00
649.00 457.03
648.97 457.00
648.00 456.03
647.97 456.00
647.00 455.03
646.00 455.03
645.97 455.00
645.00 454.03
644.00 454.03
643.97 454.00
643.00 453.03
642.00 453.03
641.97 453.00
641.00 452.03
640.00 452.03
639.97 452.00
639.00 451.03
638.00 451.03
637.00 451.03
636.00 451.03
635.97 451.00
635.00 450.03
634.00 450.03
633.00 450.03
632.00 450.03
631.00 450.03
630.00 450.03
629.00 450.03
628.00 450.03
627.00 450.03
626.00 450.03
625.00 450.03
624.03 451.00
624.00 451.03
623.00 451.03
622.00 451.03
621.03 452.00
621.00 452.03
620.00 452.03
619.00 452.03
618.03 453.00
618.00 453.03
617.00 453.03
616.00 453.03
615.03 454.00
615.00 454.03
614.00 454.03
613.03 455.00
613.00 455.03
612.03 456.00
612.00 456.03
611.00 456.03
610.03 457.00
610.00 457.03
609.03 458.00
609.00 458.03
608.03 459.00
608.00 459.03
607.03 460.00
607.00 460.03
606.03 461.00
606.00 461.03
605.03 462.00
605.00 462.03
604.03 463.00
604.00 463.03
603.03 464.00
603.03 465.00
603.00 465.03
602.03 466.00
602.00 466.03
601.03 467.00
601.03 468.00
601.00 468.03
600.03 469.00
600.03 470.00
600.00 470.03
599.03 471.00
599.03 472.00
599.03 473.00
599.00 473.03
598.03 474.00
598.03 475.00
598.03 476.00
598.03 477.00
598.03 478.00
598.03 479.00
598.00 479.03
597.03 480.00
597.03 481.00
597.03 482.00
597.03 483.00
598.00 483.97
598.03 484.00
598.03 485.00
598.03 486.00
598.03 487.00
598.03 488.00
599.00 488.97
599.03 489.00
599.03 490.00
599.03 491.00
600.00 491.97
600.03 492.00
600.03 493.00
601.00 493.97
601.03 494.00
602.00 494.97
602.03 495.00
602.03 496.00
603.00 496.97
603.03 497.00
604.00 497.97
605.00 497.97
605.03 498.00
606.00 498.97
606.03 499.00
607.00 499.97
607.03 500.00
608.00 500.97
609.00 500.97
610.00 500.97
610.03 501.00
611.00 501.97
612.00 501.97
612.03 502.00
613.00 502.97
614.00 502.97
614.03 503.00
615.00 503.97
616.00 503.97
617.00 503.97
617.03 504.00
618.00 504.97
619.00 504.97
619.03 505.00
620.00 505.97
621.00 505.97
622.00 505.97
623.00 505.97
624.00 505.97
625.00 505.97
626.00 505.97
627.00 505.97
628.00 505.97
629.00 505.97
630.00 505.97
631.00 505.97
632.00 505.97
633.00 505.97
634.00 505.97
635.00 505.97
635.97 505.00
636.00 504.97
637.00 504.97
638.00 504.97
639.00 504.97
640.00 504.97
640.97 504.00
641.00 503.97
642.00 503.97
642.97 503.00
643.00 502.97
643.97 502.00
644.00 501.97
645.00 501.97
645.97 501.00
646.00 500.97
646.97 500.00
647.00 499.97
648.00 499.97
648.97 499.00
649.00 498.97
649.97 498.00
650.00 497.97
650.97 497.00
651.00 496.97
651.97 496.00
652.00 495.97
652.97 495.00
653.00 494.97
653.97 494.00
653.97 493.00
654.00 492.97
654.97 492.00
654.97 491.00
655.00 490.97
655.97 490.00
655.97 489.00
655.97 488.00
656.00 487.97
656.97 487.00
656.97 486.00
656.97 485.00
657.00 484.97
657.97 484.00

Contour 17:
661.97 331.00
661.97 330.00
661.97 329.00
661.97 328.00
661.97 327.00
661.97 326.00
661.97 325.00
661.97 324.00
661.97 323.00
661.97 322.00
661.97 321.00
661.97 320.00
661.97 319.00
661.97 318.00
661.97 317.00
661.00 316.03
660.97 316.00
660.97 315.00
660.97 314.00
660.97 313.00
660.97 312.00
660.00 311.03
659.97 311.00
659.97 310.00
659.00 309.03
658.97 309.00
658.97 308.00
658.00 307.03
657.97 307.00
657.97 306.00
657.00 305.03
656.97 305.00
656.00 304.03
655.97 304.00
655.00 303.03
654.97 303.00
654.00 302.03
653.97 302.00
653.00 301.03
652.97 301.00
652.00 300.03
651.97 300.00
651.00 299.03
650.97 299.00
650.00 298.03
649.00 298.03
648.97 298.00
648.00 297.03
647.00 297.03
646.97 297.00
646.00 296.03
645.97 296.00
645.00 295.03
644.00 295.03
643.97 295.00
643.00 294.03
642.00 294.03
641.00 294.03
640.97 294.00
640.00 293.03
639.00 293.03
638.00 293.03
637.00 293.03
636.00 293.03
635.97 293.00
635.00 292.03
634.00 292.03
633.00 292.03
632.00 292.03
631.00 292.03
630.00 292.03
629.00 292.03
628.00 292.03
627.00 292.03
626.00 292.03
625.00 292.03
624.00 292.03
623.00 292.03
622.00 292.03
621.00 292.03
620.03 293.00
620.00 293.03
619.00 293.03
618.00 293.03
617.00 293.03
616.00 293.03
615.03 294.00
615.00 294.03
614.00 294.03
613.00 294.03
612.03 295.00
612.00 295.03
611.00 295.03
610.00 295.03
609.03 296.00
609.00 296.03
608.00 296.03
607.03 297.00
607.00 297.03
606.03 298.00
606.00 298.03
605.03 299.00
605.00 299.03
604.03 300.00
604.00 300.03
603.03 301.00
603.00 301.03
602.03 302.00
602.00 302.03
601.03 303.00
601.03 304.00
601.00 304.03
600.03 305.00
600.03 306.00
600.00 306.03
599.03 307.00
599.03 308.00
599.00 308.03
598.03 309.00
598.03 310.00
598.03 311.00
598.03 312.00
598.03 313.00
598.03 314.00
598.03 315.00
598.03 316.00
598.03 317.00
598.03 318.00
598.03 319.00
598.03 320.00
598.03 321.00
599.00 321.97
599.03 322.00
599.03 323.00
599.03 324.00
599.03 325.00
600.00 325.97
600.03 326.00
600.03 327.00
601.00 327.97
601.03 328.00
602.00 328.97
602.03 329.00
602.03 330.00
603.00 330.97
603.03 331.00
604.00 331.97
604.03 332.00
605.00 332.97
605.03 333.00
606.00 333.97
606.03 334.00
607.00 334.97
607.03 335.00
608.00 335.97
608.03 336.00
609.00 336.97
609.03 337.00
610.00 337.97
611.00 337.97
611.03 338.00
612.00 338.97
612.03 339.00
613.00 339.97
614.00 339.97
614.03 340.00
615.00 340.97
616.00 340.97
617.00 340.97
617.03 341.00
618.00 341.97
619.00 341.97
620.00 341.97
621.00 341.97
621.03 342.00
622.00 342.97
623.00 342.97
624.00 342.97
625.00 342.97
626.00 342.97
627.00 342.97
628.00 342.97
629.00 342.97
630.00 342.97
630.03 343.00
631.00 343.97
632.00 343.97
633.00 343.97
634.00 343.97
635.00 343.97
636.00 343.97
636.03 344.00
637.00 344.97
638.00 344.97
639.00 344.97
640.00 344.97
641.00 344.97
642.00 344.97
643.00 344.97
644.00 344.97
645.00 344.97
646.00 344.97
647.00 344.97
647.97 344.00
648.00 343.97
649.00 343.97
650.00 343.97
650.97 343.00
651.00 342.97
652.00 342.97
652.97 342.00
653.00 341.97
653.97 341.00
654.00 340.97
655.00 340.97
655.97 340.00
656.00 339.97
656.97 339.00
657.00 338.97
657.97 338.00
657.97 337.00
658.00 336.97
658.97 336.00
659.00 335.97
659.97 335.00
659.97 334.00
660.00 333.97
660.97 333.00
660.97 332.00
661.00 331.97
661.97 331.00

Contour 18:
705.98 429.00
705.98 428.00
705.98 427.00
705.00 426.02
704.98 426.00
704.98 425.00
704.98 424.00
704.98 423.00
704.98 422.00
704.98 421.00
704.00 420.02
703.98 420.00
703.98 419.00
703.98 418.00
703.00 417.02
702.98 417.00
702.98 416.00
702.00 415.02
701.98 415.00
701.98 414.00
701.00 413.02
700.98 413.00
700.00 412.02
699.98 412.00
699.98 411.00
699.00 410.02
698.98 410.00
698.00 409.02
697.98 409.00
697.98 408.00
697.00 407.02
696.98 407.00
696.00 406.02
695.98 406.00
695.00 405.02
694.00 405.02
693.98 405.00
693.00 404.02
692.98 404.00
692.00 403.02
691.98 403.00
691.00 402.02
690.98 402.00
690.00 401.02
689.00 401.02
688.98 401.00
688.00 400.02
687.00 400.02
686.98 400.00
686.00 399.02
685.00 399.02
684.98 399.00
684.00 398.02
683.00 398.02
682.98 398.00
682.00 397.02
681.00 397.02
680.98 397.00
680.00 396.02
679.00 396.02
678.98 396.00
678.00 395.02
677.98 395.00
677.00 394.02
676.00 394.02
675.00 394.02
674.98 394.00
674.00 393.02
673.00 393.02
672.00 393.02
671.98 393.00
671.00 392.02
670.00 392.02
669.00 392.02
668.00 392.02
667.00 392.02
666.00 392.02
665.00 392.02
664.00 392.02
663.00 392.02
662.00 392.02
661.02 393.00
661.00 393.02
660.00 393.02
659.00 393.02
658.02 394.00
658.00 394.02
657.00 394.02
656.02 395.00
656.00 395.02
655.00 395.02
654.02 396.00
654.00 396.02
653.02 397.00
653.00 397.02
652.00 397.02
651.02 398.00
651.00 398.02
650.02 399.00
650.00 399.02
649.02 400.00
649.00 400.02
648.00 400.02
647.02 401.00
647.00 401.02
646.02 402.00
646.00 402.02
645.02 403.00
645.00 403.02
644.02 404.00
644.02 405.00
644.00 405.02
643.02 406.00
643.00 406.02
642.02 407.00
642.02 408.00
642.00 408.02
641.02 409.00
641.02 410.00
641.00 410.02
640.02 411.00
640.02 412.00
640.02 413.00
640.02 414.00
640.00 414.02
639.02 415.00
639.02 416.00
639.02 417.00
639.02 418.00
640.00 418.98
640.02 419.00
640.02 420.00
640.02 421.00
640.02 422.00
641.00 422.98
641.02 423.00
641.02 424.00
642.00 424.98
642.02 425.00
642.02 426.00
643.00 426.98
643.02 427.00
643.02 428.00
644.00 428.98
644.02 429.00
645.00 429.98
645.02 430.00
646.00 430.98
646.02 431.00
647.00 431.98
647.02 432.00
648.00 432.98
648.02 433.00
649.00 433.98
649.02 434.00
650.00 434.98
651.00 434.98
651.02 435.00
652.00 435.98
652.02 436.00
653.00 436.98
654.00 436.98
654.02 437.00
655.00 437.98
656.00 437.98
656.02 438.00
657.00 438.98
658.00 438.98
658.02 439.00
659.00 439.98
660.00 439.98
660.02 440.00
661.00 440.98
662.00 440.98
663.00 440.98
663.02 441.00
664.00 441.98
665.00 441.98
666.00 441.98
666.02 442.00
667.00 442.98
668.00 442.98
669.00 442.98
670.00 442.98
671.00 442.98
672.00 442.98
673.00 442.98
674.00 442.98
674.02 443.00
675.00 443.98
676.00 443.98
677.00 443.98
678.00 443.98
679.00 443.98
680.00 443.98
681.00 443.98
682.00 443.98
683.00 443.98
684.00 443.98
685.00 443.98
686.00 443.98
687.00 443.98
688.00 443.98
689.00 443.98
690.00 443.98
691.00 443.98
692.00 443.98
693.00 443.98
693.98 443.00
694.00 442.98
695.00 442.98
696.00 442.98
697.00 442.98
697.98 442.00
698.00 441.98
699.00 441.98
699.98 441.00
700.00 440.98
700.98 440.00
701.00 439.98
701.98 439.00
702.00 438.98
702.98 438.00
703.00 437.98
703.98 437.00
703.98 436.00
704.00 435.98
704.98 435.00
704.98 434.00
704.98 433.00
704.98 432.00
704.98 431.00
704.98 430.00
705.00 429.98
705.98 429.00

Contour 19:
725.98 615.00
725.98 614.00
725.98 613.00
725.98 612.00
725.98 611.00
725.98 610.00
725.98 609.00
725.98 608.00
725.00 607.02
724.98 607.00
724.98 606.00
724.98 605.00
724.00 604.02
723.98 604.00
723.98 603.00
723.00 602.02
722.98 602.00
722.98 601.00
722.00 600.02
721.98 600.00
721.00 599.02
720.98 599.00
720.00 598.02
719.98 598.00
719.00 597.02
718.98 597.00
718.00 596.02
717.98 596.00
717.00 595.02
716.98 595.00
716.00 594.02
715.98 594.00
715.00 593.02
714.00 593.02
713.98 593.00
713.00 592.02
712.00 592.02
711.98 592.00
711.00 591.02
710.00 591.02
709.98 591.00
709.00 590.02
708.00 590.02
707.00 590.02
706.98 590.00
706.00 589.02
705.00 589.02
704.00 589.02
703.00 589.02
702.00 589.02
701.00 589.02
700.00 589.02
699.00 589.02
698.00 589.02
697.02 590.00
697.00 590.02
696.00 590.02
695.00 590.02
694.02 591.00
694.00 591.02
693.00 591.02
692.02 592.00
692.00 592.02
691.00 592.02
690.02 593.00
690.00 593.02
689.00 593.02
688.02 594.00
688.00 594.02
687.02 595.00
687.00 595.02
686.00 595.02
685.02 596.00
685.00 596.02
684.02 597.00
684.00 597.02
683.02 598.00
683.00 598.02
682.02 599.00
682.00 599.02
681.02 600.00
681.02 601.00
681.00 601.02
680.02 602.00
680.00 602.02
679.02 603.00
679.02 604.00
679.00 604.02
678.02 605.00
678.02 606.00
678.00 606.02
677.02 607.00
677.00 607.02
676.02 608.00
676.02 609.00
676.00 609.02
675.02 610.00
675.00 610.02
674.02 611.00
674.00 611.02
673.02 612.00
673.00 612.02
672.02 613.00
672.02 614.00
672.00 614.02
671.02 615.00
671.00 615.02
670.02 616.00
670.00 616.02
669.02 617.00
669.02 618.00
669.00 618.02
668.02 619.00
668.00 619.02
667.02 620.00
667.02 621.00
667.00 621.02
666.02 622.00
666.02 623.00
666.02 624.00
666.00 624.02
665.02 625.00
665.02 626.00
665.02 627.00
665.00 627.02
664.02 628.00
664.02 629.00
664.02 630.00
664.02 631.00
664.00 631.02
663.02 632.00
663.02 633.00
663.02 634.00
663.02 635.00
663.02 636.00
663.02 637.00
663.02 638.00
663.02 639.00
663.02 640.00
663.02 641.00
664.00 641.98
664.02 642.00
664.02 643.00
664.02 644.00
665.00 644.98
665.02 645.00
665.02 646.00
666.00 646.98
666.02 647.00
666.02 648.00
667.00 648.98
667.02 649.00
668.00 649.98
668.02 650.00
669.00 650.98
669.02 651.00
670.00 651.98
670.02 652.00
671.00 652.98
671.02 653.00
671.02 654.00
672.00 654.98
673.00 654.98
673.02 655.00
674.00 655.98
674.02 656.00
675.00 656.98
676.00 656.98
676.02 657.00
677.00 657.98
677.02 658.00
678.00 658.98
679.00 658.98
680.00 658.98
680.02 659.00
681.00 659.98
682.00 659.98
683.00 659.98
684.00 659.98
685.00 659.98
686.00 659.98
687.00 659.98
688.00 659.98
689.00 659.98
690.00 659.98
691.00 659.98
692.00 659.98
693.00 659.98
694.00 659.98
695.00 659.98
696.00 659.98
696.98 659.00
697.00 658.98
698.00 658.98
699.00 658.98
699.98 658.00
700.00 657.98
701.00 657.98
701.98 657.00
702.00 656.98
703.00 656.98
703.98 656.00
704.00 655.98
704.98 655.00
705.00 654.98
705.98 654.00
706.00 653.98
706.98 653.00
707.00 652.98
707.98 652.00
707.98 651.00
708.00 650.98
708.98 650.00
709.00 649.98
709.98 649.00
710.00 648.98
710.98 648.00
710.98 647.00
711.00 646.98
711.98 646.00
712.00 645.98
712.98 645.00
712.98 644.00
713.00 643.98
713.98 643.00
714.00 642.98
714.98 642.00
714.98 641.00
715.00 640.98
715.98 640.00
716.00 639.98
716.98 639.00
716.98 638.00
717.00 637.98
717.98 637.00
717.98 636.00
718.00 635.98
718.98 635.00
719.00 634.98
719.98 634.00
719.98 633.00
720.00 632.98
720.98 632.00
720.98 631.00
721.00 630.98
721.98 630.00
721.98 629.00
722.00 628.98
722.98 628.00
722.98 627.00
722.98 626.00
723.00 625.98
723.98 625.00
723.98 624.00
723.98 623.00
723.98 622.00
724.00 621.98
724.98 621.00
724.98 620.00
724.98 619.00
724.98 618.00
724.98 617.00
724.98 616.00
725.00 615.98
725.98 615.00

Contour 20:
791.98 878.00
791.98 877.00
791.98 876.00
791.98 875.00
791.98 874.00
791.00 873.02
790.98 873.00
790.98 872.00
790.98 871.00
790.98 870.00
790.00 869.02
789.98 869.00
789.98 868.00
789.98 867.00
789.00 866.02
788.98 866.00
788.98 865.00
788.00 864.02
787.98 864.00
787.98 863.00
787.98 862.00
787.00 861.02
786.98 861.00
786.98 860.00
786.00 859.02
785.98 859.00
785.98 858.00
785.00 857.02
784.98 857.00
784.98 856.00
784.00 855.02
783.98 855.00
783.98 854.00
783.00 853.02
782.98 853.00
782.00 852.02
781.98 852.00
781.00 851.02
780.98 851.00
780.00 850.02
779.00 850.02
778.98 850.00
778.00 849.02
777.98 849.00
777.00 848.02
776.98 848.00
776.00 847.02
775.00 847.02
774.00 847.02
773.98 847.00
773.00 846.02
772.00 846.02
771.98 846.00
771.00 845.02
770.00 845.02
769.98 845.00
769.00 844.02
768.00 844.02
767.00 844.02
766.98 844.00
766.00 843.02
765.00 843.02
764.00 843.02
763.98 843.00
763.00 842.02
762.00 842.02
761.00 842.02
760.00 842.02
759.98 842.00
759.00 841.02
758.00 841.02
757.00 841.02
756.00 841.02
755.00 841.02
754.00 841.02
753.00 841.02
752.02 842.00
752.00 842.02
751.00 842.02
750.00 842.02
749.00 842.02
748.02 843.00
748.00 843.02
747.00 843.02
746.00 843.02
745.02 844.00
745.00 844.02
744.00 844.02
743.02 845.00
743.00 845.02
742.02 846.00
742.00 846.02
741.00 846.02
740.02 847.00
740.00 847.02
739.02 848.00
739.00 848.02
738.00 848.02
737.02 849.00
737.02 850.00
737.00 850.02
736.02 851.00
736.00 851.02
735.02 852.00
735.02 853.00
735.00 853.02
734.02 854.00
734.00 854.02
733.02 855.00
733.02 856.00
733.00 856.02
732.02 857.00
732.02 858.00
732.00 858.02
731.02 859.00
731.02 860.00
731.02 861.00
731.00 861.02
730.02 862.00
730.02 863.00
730.02 864.00
730.02 865.00
730.00 865.02
729.02 866.00
729.02 867.00
729.00 867.02
728.02 868.00
729.00 868.98
729.02 869.00
729.02 870.00
729.02 871.00
730.00 871.98
730.02 872.00
730.02 873.00
730.02 874.00
730.02 875.00
731.00 875.98
731.02 876.00
731.02 877.00
731.02 878.00
732.00 878.98
732.02 879.00
732.02 880.00
733.00 880.98
733.02 881.00
733.02 882.00
733.02 883.00
734.00 883.98
734.02 884.00
734.02 885.00
735.00 885.98
735.02 886.00
735.02 887.00
736.00 887.98
736.02 888.00
736.02 889.00
737.00 889.98
737.02 890.00
737.02 891.00
738.00 891.98
738.02 892.00
738.02 893.00
739.00 893.98
739.02 894.00
739.02 895.00
740.00 895.98
740.02 896.00
740.02 897.00
741.00 897.98
741.98 897.00
742.00 896.98
743.00 896.98
743.02 897.00
744.00 897.98
745.00 897.98
745.02 898.00
746.00 898.98
747.00 898.98
747.02 899.00
748.00 899.98
748.02 900.00
749.00 900.98
750.00 900.98
750.02 901.00
751.00 901.98
751.02 902.00
752.00 902.98
753.00 902.98
753.02 903.00
754.00 903.98
755.00 903.98
755.02 904.00
756.00 904.98
757.00 904.98
758.00 904.98
759.00 904.98
760.00 904.98
761.00 904.98
762.00 904.98
763.00 904.98
764.00 904.98
765.00 904.98
766.00 904.98
767.00 904.98
767.98 904.00
768.00 903.98
769.00 903.98
770.00 903.98
770.98 903.00
771.00 902.98
772.00 902.98
773.00 902.98
773.98 902.00
774.00 901.98
775.00 901.98
775.98 901.00
776.00 900.98
776.98 900.00
777.00 899.98
778.00 899.98
778.98 899.00
779.00 898.98
779.98 898.00
780.00 897.98
780.98 897.00
781.00 896.98
781.98 896.00
782.00 895.98
782.98 895.00
782.98 894.00
783.00 893.98
783.98 893.00
784.00 892.98
784.98 892.00
784.98 891.00
785.00 890.98
785.98 890.00
786.00 889.98
786.98 889.00
786.98 888.00
787.00 887.98
787.98 887.00
788.00 886.98
788.98 886.00
788.98 885.00
789.00 884.98
789.98 884.00
789.98 883.00
790.00 882.98
790.98 882.00
790.98 881.00
790.98 880.00
790.98 879.00
791.00 878.98
791.98 878.00

Contour 21:
795.98 496.00
795.98 495.00
795.00 494.02
794.98 494.00
794.98 493.00
794.98 492.00
794.98 491.00
794.98 490.00
794.98 489.00
794.98 488.00
794.98 487.00
794.98 486.00
794.98 485.00
794.98 484.00
794.98 483.00
794.00 482.02
793.98 482.00
793.98 481.00
793.00 480.02
792.98 480.00
792.98 479.00
792.00 478.02
791.98 478.00
791.00 477.02
790.98 477.00
790.00 476.02
789.98 476.00
789.00 475.02
788.98 475.00
788.00 474.02
787.98 474.00
787.00 473.02
786.98 473.00
786.00 472.02
785.98 472.00
785.00 471.02
784.98 471.00
784.00 470.02
783.00 470.02
782.98 470.00
782.00 469.02
781.00 469.02
780.00 469.02
779.00 469.02
778.98 469.00
778.00 468.02
777.00 468.02
776.02 469.00
776.00 469.02
775.00 469.02
774.00 469.02
773.00 469.02
772.02 470.00
772.00 470.02
771.00 470.02
770.00 470.02
769.02 471.00
769.00 471.02
768.02 472.00
768.00 472.02
767.00 472.02
766.02 473.00
766.00 473.02
765.02 474.00
765.00 474.02
764.02 475.00
764.00 475.02
763.02 476.00
763.00 476.02
762.02 477.00
762.00 477.02
761.02 478.00
761.00 478.02
760.02 479.00
760.00 479.02
759.02 480.00
759.00 480.02
758.02 481.00
758.00 481.02
757.02 482.00
757.00 482.02
756.02 483.00
756.00 483.02
755.02 484.00
755.02 485.00
755.00 485.02
754.02 486.00
754.02 487.00
754.00 487.02
753.02 488.00
753.02 489.00
753.00 489.02
752.02 490.00
752.02 491.00
752.00 491.02
751.02 492.00
751.02 493.00
751.02 494.00
751.00 494.02
750.02 495.00
750.02 496.00
750.00 496.02
749.02 497.00
749.02 498.00
749.00 498.02
748.02 499.00
748.02 500.00
748.00 500.02
747.02 501.00
747.02 502.00
747.00 502.02
746.02 503.00
746.02 504.00
746.00 504.02
745.02 505.00
745.02 506.00
745.02 507.00
745.00 507.02
744.02 508.00
744.02 509.00
744.02 510.00
744.02 511.00
744.02 512.00
744.02 513.00
744.02 514.00
744.02 515.00
745.00 515.98
745.02 516.00
745.02 517.00
746.00 517.98
746.02 518.00
747.00 518.98
747.02 519.00
748.00 519.98
748.02 520.00
748.02 521.00
749.00 521.98
749.02 522.00
750.00 522.98
750.02 523.00
751.00 523.98
751.02 524.00
751.02 525.00
752.00 525.98
752.02 526.00
753.00 526.98
753.02 527.00
754.00 527.98
754.02 528.00
755.00 528.98
755.02 529.00
756.00 529.98
757.00 529.98
757.02 530.00
758.00 530.98
759.00 530.98
759.02 531.00
760.00 531.98
761.00 531.98
762.00 531.98
763.00 531.98
763.02 532.00
764.00 532.98
765.00 532.98
766.00 532.98
767.00 532.98
768.00 532.98
769.00 532.98
770.00 532.98
770.98 532.00
771.00 531.98
772.00 531.98
773.00 531.98
774.00 531.98
775.00 531.98
776.00 531.98
776.98 531.00
777.00 530.98
778.00 530.98
778.98 530.00
779.00 529.98
780.00 529.98
780.98 529.00
781.00 528.98
781.98 528.00
782.00 527.98
782.98 527.00
783.00 526.98
783.98 526.00
783.98 525.00
784.00 524.98
784.98 524.00
785.00 523.98
785.98 523.00
785.98 522.00
786.00 521.98
786.98 521.00
786.98 520.00
787.00 519.98
787.98 519.00
787.98 518.00
788.00 517.98
788.98 517.00
788.98 516.00
789.00 515.98
789.98 515.00
790.00 514.98
790.98 514.00
790.98 513.00
790.98 512.00
791.00 511.98
791.98 511.00
791.98 510.00
791.98 509.00
792.00 508.98
792.98 508.00
792.98 507.00
792.98 506.00
793.00 505.98
793.98 505.00
793.98 504.00
793.98 503.00
794.00 502.98
794.98 502.00
794.98 501.00
794.98 500.00
794.98 499.00
794.98 498.00
794.98 497.00
795.00 496.98
795.98 496.00

Contour 22:
970.98 735.00
970.98 734.00
970.98 733.00
970.00 732.02
969.98 732.00
969.98 731.00
969.98 730.00
969.98 729.00
969.98 728.00
969.98 727.00
969.00 726.02
968.98 726.00
968.98 725.00
968.98 724.00
968.98 723.00
968.00 722.02
967.98 722.00
967.98 721.00
967.00 720.02
966.98 720.00
966.98 719.00
966.00 718.02
965.98 718.00
965.98 717.00
965.00 716.02
964.98 716.00
964.00 715.02
963.98 715.00
963.00 714.02
962.98 714.00
962.00 713.02
961.98 713.00
961.00 712.02
960.98 712.00
960.00 711.02
959.98 711.00
959.00 710.02
958.98 710.00
958.00 709.02
957.00 709.02
956.98 709.00
956.00 708.02
955.98 708.00
955.00 707.02
954.00 707.02
953.98 707.00
953.00 706.02
952.00 706.02
951.98 706.00
951.00 705.02
950.98 705.00
950.00 704.02
949.00 704.02
948.98 704.00
948.00 703.02
947.00 703.02
946.00 703.02
945.98 703.00
945.00 702.02
944.00 702.02
943.98 702.00
943.00 701.02
942.00 701.02
941.00 701.02
940.98 701.00
940.00 700.02
939.00 700.02
938.00 700.02
937.00 700.02
936.00 700.02
935.00 700.02
934.00 700.02
933.00 700.02
932.00 700.02
931.00 700.02
930.00 700.02
929.00 700.02
928.00 700.02
927.02 701.00
927.00 701.02
926.00 701.02
925.02 702.00
925.00 702.02
924.00 702.02
923.02 703.00
923.00 703.02
922.00 703.02
921.00 703.02
920.02 704.00
920.00 704.02
919.00 704.02
918.02 705.00
918.00 705.02
917.00 705.02
916.02 706.00
916.00 706.02
915.00 706.02
914.02 707.00
914.00 707.02
913.00 707.02
912.02 708.00
912.00 708.02
911.02 709.00
911.00 709.02
910.02 710.00
910.00 710.02
909.02 711.00
909.00 711.02
908.02 712.00
908.02 713.00
908.00 713.02
907.02 714.00
907.02 715.00
907.00 715.02
906.02 716.00
906.02 717.00
906.02 718.00
906.02 719.00
906.02 720.00
906.02 721.00
906.02 722.00
906.02 723.00
906.02 724.00
906.02 725.00
906.02 726.00
907.00 726.98
907.02 727.00
907.02 728.00
907.02 729.00
907.02 730.00
908.00 730.98
908.02 731.00
908.02 732.00
908.02 733.00
908.02 734.00
908.02 735.00
909.00 735.98
909.02 736.00
909.02 737.00
909.02 738.00
909.02 739.00
910.00 739.98
910.02 740.00
910.02 741.00
910.02 742.00
911.00 742.98
911.02 743.00
911.02 744.00
911.02 745.00
912.00 745.98
912.02 746.00
912.02 747.00
913.00 747.98
913.02 748.00
913.02 749.00
914.00 749.98
914.02 750.00
915.00 750.98
915.02 751.00
916.00 751.98
916.02 752.00
917.00 752.98
917.02 753.00
918.00 753.98
918.02 754.00
919.00 754.98
920.00 754.98
920.02 755.00
921.00 755.98
922.00 755.98
922.02 756.00
923.00 756.98
924.00 756.98
924.02 757.00
925.00 757.98
926.00 757.98
926.02 758.00
927.00 758.98
928.00 758.98
928.02 759.00
929.00 759.98
930.00 759.98
931.00 759.98
931.02 760.00
932.00 760.98
933.00 760.98
934.00 760.98
935.00 760.98
935.02 761.00
936.00 761.98
937.00 761.98
938.00 761.98
939.00 761.98
940.00 761.98
941.00 761.98
942.00 761.98
943.00 761.98
944.00 761.98
945.00 761.98
946.00 761.98
946.98 761.00
947.00 760.98
948.00 760.98
949.00 760.98
950.00 760.98
950.98 760.00
951.00 759.98
952.00 759.98
953.00 759.98
953.98 759.00
954.00 758.98
955.00 758.98
956.00 758.98
956.98 758.00
957.00 757.98
958.00 757.98
958.98 757.00
959.00 756.98
959.98 756.00
960.00 755.98
961.00 755.98
961.98 755.00
962.00 754.98
962.98 754.00
963.00 753.98
963.98 753.00
964.00 752.98
964.98 752.00
965.00 751.98
965.98 751.00
966.00 750.98
966.98 750.00
966.98 749.00
967.00 748.98
967.98 748.00
967.98 747.00
968.00 746.98
968.98 746.00
968.98 745.00
968.98 744.00
968.98 743.00
969.00 742.98
969.98 742.00
969.98 741.00
969.98 740.00
969.98 739.00
969.98 738.00
969.98 737.00
969.98 736.00
970.00 735.98
970.98 735.00

