Contour 0:
0.00 580.50
0.50 581.00
0.50 582.00
1.00 582.50
1.50 583.00
1.50 584.00
1.50 585.00
2.00 585.50
2.50 586.00
3.00 586.50
3.50 587.00
4.00 587.50
4.50 588.00
5.00 588.50
5.50 589.00
6.00 589.50
6.50 590.00
7.00 590.50
8.00 590.50
8.50 591.00
9.00 591.50
9.50 592.00
10.00 592.50
11.00 592.50
12.00 592.50
12.50 593.00
13.00 593.50
14.00 593.50
14.50 594.00
15.00 594.50
16.00 594.50
17.00 594.50
18.00 594.50
19.00 594.50
19.50 595.00
20.00 595.50
21.00 595.50
22.00 595.50
23.00 595.50
24.00 595.50
25.00 595.50
26.00 595.50
27.00 595.50
28.00 595.50
29.00 595.50
30.00 595.50
31.00 595.50
31.50 595.00
32.00 594.50
33.00 594.50
34.00 594.50
35.00 594.50
36.00 594.50
37.00 594.50
37.50 594.00
38.00 593.50
39.00 593.50
39.50 593.00
40.00 592.50
41.00 592.50
41.50 592.00
42.00 591.50
43.00 591.50
43.50 591.00
44.00 590.50
45.00 590.50
45.50 590.00
46.00 589.50
47.00 589.50
47.50 589.00
48.00 588.50
48.50 588.00
49.00 587.50
49.50 587.00
50.00 586.50
50.50 586.00
51.00 585.50
51.50 585.00
52.00 584.50
52.50 584.00
53.00 583.50
53.50 583.00
54.00 582.50
54.50 582.00
54.50 581.00
55.00 580.50
55.50 580.00
55.50 579.00
56.00 578.50
56.50 578.00
56.50 577.00
57.00 576.50
57.50 576.00
57.50 575.00
58.00 574.50
58.50 574.00
58.50 573.00
59.00 572.50
59.50 572.00
59.50 571.00
59.50 570.00
59.50 569.00
59.50 568.00
59.50 567.00
59.50 566.00
59.50 565.00
59.50 564.00
59.50 563.00
59.50 562.00
59.50 561.00
59.50 560.00
59.00 559.50
58.50 559.00
58.50 558.00
58.50 557.00
58.00 556.50
57.50 556.00
57.50 555.00
57.00 554.50
56.50 554.00
56.00 553.50
55.50 553.00
55.50 552.00
55.00 551.50
54.50 551.00
54.00 550.50
53.50 550.00
53.50 549.00
53.00 548.50
52.50 548.00
52.00 547.50
51.50 547.00
51.00 546.50
50.00 546.50
49.50 546.00
49.00 545.50
48.50 545.00
48.00 544.50
47.50 544.00
47.00 543.50
46.00 543.50
45.50 543.00
45.00 542.50
44.50 542.00
44.00 541.50
43.00 541.50
42.50 541.00
42.00 540.50
41.00 540.50
40.50 540.00
40.00 539.50
39.00 539.50
38.50 539.00
38.00 538.50
37.00 538.50
36.50 538.00
36.00 537.50
35.00 537.50
34.00 537.50
33.50 537.00
33.00 536.50
32.00 536.50
31.00 536.50
30.50 536.00
30.00 535.50
29.00 535.50
28.00 535.50
27.00 535.50
26.50 536.00
26.00 536.50
25.00 536.50
24.00 536.50
23.00 536.50
22.00 536.50
21.00 536.50
20.50 537.00
20.00 537.50
19.00 537.50
18.00 537.50
17.50 538.00
17.00 538.50
16.00 538.50
15.50 539.00
15.00 539.50
14.00 539.50
13.50 540.00
13.00 540.50
12.00 540.50
11.50 541.00
11.00 541.50
10.00 541.50
9.50 542.00
9.00 542.50
8.00 542.50
7.50 543.00
7.00 543.50
6.00 543.50
5.50 544.00
5.00 544.50
4.50 545.00
4.00 545.50
3.50 546.00
3.00 546.50
2.50 547.00
2.00 547.50
1.50 548.00
1.50 549.00
1.00 549.50
0.50 550.00
0.00 550.50

Contour 1:
126.75 248.00
126.75 247.00
126.75 246.00
126.75 245.00
126.75 244.00
126.75 243.00
126.00 242.25
125.75 242.00
125.75 241.00
125.00 240.25
124.75 240.00
124.75 239.00
124.00 238.25
123.75 238.00
123.00 237.25
122.75 237.00
122.75 236.00
122.00 235.25
121.75 235.00
121.00 234.25
120.75 234.00
120.00 233.25
119.75 233.00
119.00 232.25
118.75 232.00
118.75 231.00
118.00 230.25
117.75 230.00
117.00 229.25
116.75 229.00
116.00 228.25
115.75 228.00
115.00 227.25
114.75 227.00
114.00 226.25
113.75 226.00
113.00 225.25
112.75 225.00
112.00 224.25
111.75 224.00
111.00 223.25
110.75 223.00
110.00 222.25
109.00 222.25
108.75 222.00
108.00 221.25
107.75 221.00
107.00 220.25
106.75 220.00
106.00 219.25
105.00 219.25
104.75 219.00
104.00 218.25
103.00 218.25
102.75 218.00
102.00 217.25
101.00 217.25
100.00 217.25
99.75 217.00
99.00 216.25
98.00 216.25
97.00 216.25
96.75 216.00
96.00 215.25
95.00 215.25
94.00 215.25
93.00 215.25
92.75 215.00
92.00 214.25
91.00 214.25
90.00 214.25
89.00 214.25
88.00 214.25
87.75 214.00
87.00 213.25
86.00 213.25
85.00 213.25
84.00 213.25
83.00 213.25
82.00 213.25
81.00 213.25
80.00 213.25
79.25 214.00
79.00 214.25
78.00 214.25
77.00 214.25
76.00 214.25
75.00 214.25
74.25 215.00
74.00 215.25
73.00 215.25
72.00 215.25
71.25 216.00
71.00 216.25
70.00 216.25
69.25 217.00
69.00 217.25
68.00 217.25
67.25 218.00
67.00 218.25
66.00 218.25
65.00 218.25
64.25 219.00
64.00 219.25
63.25 220.00
63.00 220.25
62.00 220.25
61.25 221.00
61.00 221.25
60.25 222.00
60.00 222.25
59.25 223.00
59.00 223.25
58.25 224.00
58.00 224.25
57.25 225.00
57.25 226.00
57.00 226.25
56.25 227.00
56.00 227.25
55.25 228.00
55.00 228.25
54.25 229.00
54.25 230.00
54.25 231.00
54.00 231.25
53.25 232.00
53.25 233.00
53.25 234.00
53.00 234.25
52.25 235.00
52.25 236.00
52.25 237.00
52.25 238.00
52.00 238.25
51.25 239.00
51.25 240.00
51.25 241.00
51.25 242.00
51.25 243.00
51.25 244.00
51.00 244.25
50.25 245.00
50.25 246.00
50.25 247.00
50.25 248.00
50.25 249.00
50.25 250.00
50.25 251.00
50.25 252.00
51.00 252.75
51.25 253.00
51.25 254.00
51.25 255.00
51.25 256.00
52.00 256.75
52.25 257.00
52.25 258.00
52.25 259.00
53.00 259.75
53.25 260.00
53.25 261.00
54.00 261.75
54.25 262.00
54.25 263.00
55.00 263.75
55.25 264.00
56.00 264.75
56.25 265.00
56.25 266.00
57.00 266.75
57.25 267.00
58.00 267.75
59.00 267.75
59.25 268.00
60.00 268.75
60.25 269.00
61.00 269.75
62.00 269.75
62.25 270.00
63.00 270.75
63.25 271.00
64.00 271.75
65.00 271.75
66.00 271.75
66.25 272.00
67.00 272.75
68.00 272.75
68.25 273.00
69.00 273.75
70.00 273.75
70.25 274.00
71.00 274.75
72.00 274.75
73.00 274.75
74.00 274.75
74.25 275.00
75.00 275.75
76.00 275.75
77.00 275.75
77.25 276.00
78.00 276.75
79.00 276.75
80.00 276.75
81.00 276.75
82.00 276.75
83.00 276.75
84.00 276.75
85.00 276.75
86.00 276.75
86.75 276.00
87.00 275.75
88.00 275.75
89.00 275.75
90.00 275.75
91.00 275.75
92.00 275.75
93.00 275.75
93.75 275.00
94.00 274.75
95.00 274.75
96.00 274.75
97.00 274.75
97.75 274.00
98.00 273.75
99.00 273.75
100.00 273.75
100.75 273.00
101.00 272.75
102.00 272.75
103.00 272.75
104.00 272.75
104.75 272.00
105.00 271.75
106.00 271.75
106.75 271.00
107.00 270.75
108.00 270.75
108.75 270.00
109.00 269.75
110.00 269.75
111.00 269.75
111.75 269.00
112.00 268.75
113.00 268.75
113.75 268.00
114.00 267.75
114.75 267.00
115.00 266.75
116.00 266.75
116.75 266.00
117.00 265.75
117.75 265.00
118.00 264.75
118.75 264.00
119.00 263.75
119.75 263.00
120.00 262.75
120.75 262.00
121.00 261.75
121.75 261.00
121.75 260.00
122.00 259.75
122.75 259.00
123.00 258.75
123.75 258.00
124.00 257.75
124.75 257.00
124.75 256.00
124.75 255.00
125.00 254.75
125.75 254.00
125.75 253.00
125.75 252.00
125.75 251.00
125.75 250.00
125.75 249.00
126.00 248.75
126.75 248.00

Contour 2:
187.83 115.00
187.83 114.00
187.00 113.17
186.83 113.00
186.83 112.00
186.83 111.00
187.00 110.83
187.83 110.00
187.83 109.00
187.83 108.00
187.83 107.00
187.83 106.00
187.00 105.17
186.83 105.00
186.83 104.00
186.83 103.00
186.83 102.00
186.00 101.17
185.83 101.00
185.83 100.00
185.83 99.00
185.00 98.17
184.83 98.00
184.83 97.00
184.00 96.17
183.83 96.00
183.83 95.00
183.83 94.00
183.00 93.17
182.83 93.00
182.83 92.00
182.00 91.17
181.83 91.00
181.83 90.00
181.00 89.17
180.83 89.00
180.00 88.17
179.83 88.00
179.83 87.00
179.00 86.17
178.83 86.00
178.00 85.17
177.83 85.00
177.00 84.17
176.83 84.00
176.00 83.17
175.83 83.00
175.83 82.00
175.00 81.17
174.83 81.00
174.00 80.17
173.83 80.00
173.00 79.17
172.83 79.00
172.00 78.17
171.83 78.00
171.00 77.17
170.83 77.00
170.00 76.17
169.83 76.00
169.00 75.17
168.83 75.00
168.00 74.17
167.83 74.00
167.00 73.17
166.83 73.00
166.00 72.17
165.00 72.17
164.83 72.00
164.00 71.17
163.83 71.00
163.00 70.17
162.00 70.17
161.83 70.00
161.00 69.17
160.00 69.17
159.83 69.00
159.00 68.17
158.00 68.17
157.83 68.00
157.00 67.17
156.00 67.17
155.00 67.17
154.00 67.17
153.00 67.17
152.00 67.17
151.83 67.00
151.00 66.17
150.00 66.17
149.00 66.17
148.00 66.17
147.00 66.17
146.83 66.00
146.00 65.17
145.00 65.17
144.00 65.17
143.00 65.17
142.00 65.17
141.00 65.17
140.00 65.17
139.00 65.17
138.00 65.17
137.17 66.00
137.00 66.17
136.00 66.17
135.00 66.17
134.17 67.00
134.00 67.17
133.00 67.17
132.00 67.17
131.17 68.00
131.00 68.17
130.17 69.00
130.00 69.17
129.17 70.00
129.00 70.17
128.00 70.17
127.17 71.00
127.00 71.17
126.17 72.00
126.00 72.17
125.17 73.00
125.17 74.00
125.00 74.17
124.17 75.00
124.00 75.17
123.17 76.00
123.00 76.17
122.17 77.00
122.17 78.00
122.00 78.17
121.17 79.00
121.17 80.00
121.00 80.17
120.17 81.00
120.17 82.00
120.00 82.17
119.17 83.00
119.17 84.00
119.00 84.17
118.17 85.00
118.00 85.17
117.17 86.00
117.17 87.00
117.00 87.17
116.17 88.00
116.00 88.17
115.17 89.00
115.17 90.00
115.00 90.17
114.17 91.00
114.17 92.00
114.17 93.00
114.00 93.17
113.17 94.00
113.17 95.00
113.17 96.00
113.17 97.00
113.17 98.00
113.00 98.17
112.17 99.00
112.17 100.00
112.17 101.00
112.17 102.00
112.17 103.00
112.17 104.00
112.00 104.17
111.17 105.00
111.17 106.00
111.17 107.00
111.17 108.00
111.17 109.00
111.17 110.00
111.17 111.00
111.17 112.00
111.17 113.00
111.17 114.00
112.00 114.83
112.17 115.00
112.17 116.00
112.17 117.00
112.17 118.00
113.00 118.83
113.17 119.00
113.17 120.00
113.17 121.00
113.17 122.00
114.00 122.83
114.17 123.00
114.17 124.00
114.17 125.00
115.00 125.83
115.17 126.00
115.17 127.00
115.17 128.00
116.00 128.83
116.17 129.00
116.17 130.00
117.00 130.83
117.17 131.00
118.00 131.83
118.17 132.00
118.17 133.00
119.00 133.83
119.17 134.00
120.00 134.83
120.17 135.00
120.17 136.00
121.00 136.83
121.17 137.00
122.00 137.83
122.17 138.00
123.00 138.83
123.17 139.00
124.00 139.83
124.17 140.00
125.00 140.83
125.17 141.00
126.00 141.83
127.00 141.83
127.17 142.00
128.00 142.83
128.17 143.00
129.00 143.83
130.00 143.83
130.17 144.00
131.00 144.83
131.17 145.00
132.00 145.83
133.00 145.83
133.17 146.00
134.00 146.83
134.17 147.00
135.00 147.83
136.00 147.83
136.17 148.00
137.00 148.83
138.00 148.83
139.00 148.83
139.17 149.00
140.00 149.83
141.00 149.83
142.00 149.83
143.00 149.83
143.17 150.00
144.00 150.83
145.00 150.83
146.00 150.83
147.00 150.83
148.00 150.83
149.00 150.83
150.00 150.83
151.00 150.83
152.00 150.83
153.00 150.83
154.00 150.83
155.00 150.83
156.00 150.83
157.00 150.83
158.00 150.83
159.00 150.83
160.00 150.83
160.83 150.00
161.00 149.83
162.00 149.83
163.00 149.83
163.83 149.00
164.00 148.83
165.00 148.83
165.83 148.00
166.00 147.83
166.83 147.00
167.00 146.83
167.83 146.00
168.00 145.83
169.00 145.83
169.83 145.00
170.00 144.83
170.83 144.00
171.00 143.83
171.83 143.00
172.00 142.83
173.00 142.83
173.83 142.00
174.00 141.83
174.83 141.00
175.00 140.83
175.83 140.00
176.00 139.83
176.83 139.00
177.00 138.83
177.83 138.00
178.00 137.83
178.83 137.00
179.00 136.83
179.83 136.00
180.00 135.83
180.83 135.00
181.00 134.83
181.83 134.00
182.00 133.83
182.83 133.00
182.83 132.00
183.00 131.83
183.83 131.00
183.83 130.00
184.00 129.83
184.83 129.00
184.83 128.00
184.83 127.00
185.00 126.83
185.83 126.00
185.83 125.00
185.83 124.00
185.83 123.00
186.00 122.83
186.83 122.00
186.83 121.00
186.83 120.00
186.83 119.00
186.83 118.00
186.83 117.00
186.83 116.00
187.00 115.83
187.83 115.00

Contour 3:
208.88 829.00
208.88 828.00
208.88 827.00
208.88 826.00
208.88 825.00
208.88 824.00
208.88 823.00
208.88 822.00
208.88 821.00
208.88 820.00
208.88 819.00
208.00 818.12
207.88 818.00
207.88 817.00
207.88 816.00
207.88 815.00
207.00 814.12
206.88 814.00
206.88 813.00
206.88 812.00
206.00 811.12
205.88 811.00
205.00 810.12
204.88 810.00
204.88 809.00
204.00 808.12
203.88 808.00
203.00 807.12
202.88 807.00
202.00 806.12
201.88 806.00
201.00 805.12
200.88 805.00
200.00 804.12
199.88 804.00
199.00 803.12
198.88 803.00
198.00 802.12
197.88 802.00
197.00 801.12
196.88 801.00
196.00 800.12
195.88 800.00
195.00 799.12
194.88 799.00
194.00 798.12
193.88 798.00
193.00 797.12
192.00 797.12
191.88 797.00
191.00 796.12
190.88 796.00
190.00 795.12
189.00 795.12
188.88 795.00
188.00 794.12
187.00 794.12
186.00 794.12
185.88 794.00
185.00 793.12
184.00 793.12
183.00 793.12
182.00 793.12
181.88 793.00
181.00 792.12
180.00 792.12
179.00 792.12
178.00 792.12
177.00 792.12
176.00 792.12
175.00 792.12
174.12 793.00
174.00 793.12
173.00 793.12
172.00 793.12
171.00 793.12
170.00 793.12
169.12 794.00
169.00 794.12
168.00 794.12
167.00 794.12
166.12 795.00
166.00 795.12
165.00 795.12
164.12 796.00
164.00 796.12
163.12 797.00
163.00 797.12
162.12 798.00
162.00 798.12
161.12 799.00
161.00 799.12
160.00 799.12
159.12 800.00
159.00 800.12
158.12 801.00
158.12 802.00
158.00 802.12
157.12 803.00
157.00 803.12
156.12 804.00
156.00 804.12
155.12 805.00
155.12 806.00
155.00 806.12
154.12 807.00
154.00 807.12
153.12 808.00
153.12 809.00
153.00 809.12
152.12 810.00
152.12 811.00
152.00 811.12
151.12 812.00
151.12 813.00
151.00 813.12
150.12 814.00
150.12 815.00
150.12 816.00
150.00 816.12
149.12 817.00
149.00 817.12
148.12 818.00
148.12 819.00
148.12 820.00
148.12 821.00
148.00 821.12
147.12 822.00
147.12 823.00
147.12 824.00
147.12 825.00
147.12 826.00
147.12 827.00
147.12 828.00
147.12 829.00
147.12 830.00
147.12 831.00
147.12 832.00
147.12 833.00
148.00 833.88
148.12 834.00
148.12 835.00
148.12 836.00
148.12 837.00
148.12 838.00
149.00 838.88
149.12 839.00
149.12 840.00
149.12 841.00
150.00 841.88
150.12 842.00
150.12 843.00
150.12 844.00
151.00 844.88
151.12 845.00
151.12 846.00
152.00 846.88
152.12 847.00
152.12 848.00
153.00 848.88
153.12 849.00
153.12 850.00
154.00 850.88
154.12 851.00
155.00 851.88
155.12 852.00
155.12 853.00
156.00 853.88
156.12 854.00
157.00 854.88
157.12 855.00
158.00 855.88
158.12 856.00
159.00 856.88
159.12 857.00
160.00 857.88
160.12 858.00
161.00 858.88
162.00 858.88
162.12 859.00
163.00 859.88
163.12 860.00
164.00 860.88
165.00 860.88
165.12 861.00
166.00 861.88
167.00 861.88
168.00 861.88
168.12 862.00
169.00 862.88
170.00 862.88
171.00 862.88
171.12 863.00
172.00 863.88
173.00 863.88
174.00 863.88
175.00 863.88
176.00 863.88
177.00 863.88
178.00 863.88
179.00 863.88
180.00 863.88
180.88 863.00
181.00 862.88
182.00 862.88
183.00 862.88
183.88 862.00
184.00 861.88
185.00 861.88
186.00 861.88
186.88 861.00
187.00 860.88
188.00 860.88
188.88 860.00
189.00 859.88
189.88 859.00
190.00 858.88
191.00 858.88
191.88 858.00
192.00 857.88
192.88 857.00
193.00 856.88
193.88 856.00
194.00 855.88
195.00 855.88
195.88 855.00
196.00 854.88
196.88 854.00
197.00 853.88
197.88 853.00
198.00 852.88
198.88 852.00
198.88 851.00
199.00 850.88
199.88 850.00
200.00 849.88
200.88 849.00
201.00 848.88
201.88 848.00
201.88 847.00
202.00 846.88
202.88 846.00
202.88 845.00
203.00 844.88
203.88 844.00
203.88 843.00
204.00 842.88
204.88 842.00
204.88 841.00
205.00 840.88
205.88 840.00
205.88 839.00
205.88 838.00
206.00 837.88
206.88 837.00
206.88 836.00
206.88 835.00
206.88 834.00
207.00 833.88
207.88 833.00
207.88 832.00
207.88 831.00
207.88 830.00
208.00 829.88
208.88 829.00

Contour 4:
322.90 395.00
322.90 394.00
322.90 393.00
322.90 392.00
322.90 391.00
322.90 390.00
322.90 389.00
322.90 388.00
322.90 387.00
322.90 386.00
322.00 385.10
321.90 385.00
321.90 384.00
321.90 383.00
321.90 382.00
321.00 381.10
320.90 381.00
320.90 380.00
320.90 379.00
320.90 378.00
320.00 377.10
319.90 377.00
319.00 376.10
318.90 376.00
318.90 375.00
318.00 374.10
317.90 374.00
317.00 373.10
316.90 373.00
316.00 372.10
315.90 372.00
315.00 371.10
314.00 371.10
313.90 371.00
313.00 370.10
312.90 370.00
312.00 369.10
311.90 369.00
311.00 368.10
310.90 368.00
310.00 367.10
309.00 367.10
308.90 367.00
308.00 366.10
307.00 366.10
306.00 366.10
305.90 366.00
305.00 365.10
304.00 365.10
303.00 365.10
302.90 365.00
302.00 364.10
301.00 364.10
300.00 364.10
299.90 364.00
299.00 363.10
298.00 363.10
297.00 363.10
296.00 363.10
295.00 363.10
294.00 363.10
293.00 363.10
292.00 363.10
291.00 363.10
290.00 363.10
289.00 363.10
288.00 363.10
287.00 363.10
286.10 364.00
286.00 364.10
285.00 364.10
284.00 364.10
283.10 365.00
283.00 365.10
282.00 365.10
281.10 366.00
281.00 366.10
280.00 366.10
279.10 367.00
279.00 367.10
278.00 367.10
277.10 368.00
277.00 368.10
276.00 368.10
275.10 369.00
275.00 369.10
274.00 369.10
273.10 370.00
273.00 370.10
272.10 371.00
272.00 371.10
271.10 372.00
271.00 372.10
270.00 372.10
269.10 373.00
269.10 374.00
269.00 374.10
268.10 375.00
268.00 375.10
267.10 376.00
267.00 376.10
266.10 377.00
266.00 377.10
265.10 378.00
265.10 379.00
265.00 379.10
264.10 380.00
264.10 381.00
264.00 381.10
263.10 382.00
263.10 383.00
263.00 383.10
262.10 384.00
262.10 385.00
262.00 385.10
261.10 386.00
261.10 387.00
261.00 387.10
260.10 388.00
260.10 389.00
260.00 389.10
259.10 390.00
259.10 391.00
259.00 391.10
258.10 392.00
258.10 393.00
258.10 394.00
258.10 395.00
258.00 395.10
257.10 396.00
257.10 397.00
257.10 398.00
257.10 399.00
257.10 400.00
257.10 401.00
257.10 402.00
258.00 402.90
258.10 403.00
258.10 404.00
258.10 405.00
258.10 406.00
258.10 407.00
259.00 407.90
259.10 408.00
259.10 409.00
260.00 409.90
260.10 410.00
260.10 411.00
261.00 411.90
261.10 412.00
261.10 413.00
262.00 413.90
262.10 414.00
262.10 415.00
263.00 415.90
263.10 416.00
264.00 416.90
264.10 417.00
264.10 418.00
265.00 418.90
265.10 419.00
266.00 419.90
266.10 420.00
266.10 421.00
267.00 421.90
267.10 422.00
268.00 422.90
268.10 423.00
269.00 423.90
269.10 424.00
270.00 424.90
270.10 425.00
271.00 425.90
271.10 426.00
272.00 426.90
273.00 426.90
273.10 427.00
274.00 427.90
274.10 428.00
275.00 428.90
276.00 428.90
276.10 429.00
277.00 429.90
277.10 430.00
278.00 430.90
279.00 430.90
279.10 431.00
280.00 431.90
281.00 431.90
282.00 431.90
282.10 432.00
283.00 432.90
284.00 432.90
285.00 432.90
286.00 432.90
287.00 432.90
287.10 433.00
288.00 433.90
289.00 433.90
290.00 433.90
291.00 433.90
292.00 433.90
293.00 433.90
294.00 433.90
295.00 433.90
296.00 433.90
297.00 433.90
297.90 433.00
298.00 432.90
299.00 432.90
300.00 432.90
300.90 432.00
301.00 431.90
301.90 431.00
302.00 430.90
303.00 430.90
303.90 430.00
304.00 429.90
304.90 429.00
305.00 428.90
305.90 428.00
306.00 427.90
306.90 427.00
307.00 426.90
307.90 426.00
308.00 425.90
308.90 425.00
309.00 424.90
309.90 424.00
309.90 423.00
310.00 422.90
310.90 422.00
310.90 421.00
311.00 420.90
311.90 420.00
312.00 419.90
312.90 419.00
312.90 418.00
313.00 417.90
313.90 417.00
313.90 416.00
314.00 415.90
314.90 415.00
315.00 414.90
315.90 414.00
315.90 413.00
316.00 412.90
316.90 412.00
317.00 411.90
317.90 411.00
317.90 410.00
318.00 409.90
318.90 409.00
318.90 408.00
319.00 407.90
319.90 407.00
319.90 406.00
319.90 405.00
320.00 404.90
320.90 404.00
320.90 403.00
320.90 402.00
321.00 401.90
321.90 401.00
321.90 400.00
321.90 399.00
321.90 398.00
321.90 397.00
321.90 396.00
322.00 395.90
322.90 395.00

Contour 5:
352.92 500.00
352.92 499.00
352.92 498.00
352.92 497.00
352.92 496.00
352.92 495.00
352.92 494.00
352.92 493.00
352.92 492.00
352.92 491.00
352.92 490.00
352.92 489.00
352.92 488.00
352.00 487.08
351.92 487.00
351.00 486.08
350.92 486.00
350.92 485.00
350.92 484.00
350.00 483.08
349.92 483.00
349.00 482.08
348.92 482.00
348.00 481.08
347.92 481.00
347.00 480.08
346.92 480.00
346.00 479.08
345.92 479.00
345.00 478.08
344.92 478.00
344.00 477.08
343.92 477.00
343.00 476.08
342.92 476.00
342.00 475.08
341.00 475.08
340.92 475.00
340.00 474.08
339.00 474.08
338.92 474.00
338.00 473.08
337.00 473.08
336.00 473.08
335.92 473.00
335.00 472.08
334.00 472.08
333.00 472.08
332.00 472.08
331.00 472.08
330.00 472.08
329.00 472.08
328.00 472.08
327.00 472.08
326.00 472.08
325.00 472.08
324.00 472.08
323.00 472.08
322.08 473.00
322.00 473.08
321.00 473.08
320.00 473.08
319.00 473.08
318.00 473.08
317.00 473.08
316.00 473.08
315.00 473.08
314.08 474.00
314.00 474.08
313.00 474.08
312.00 474.08
311.00 474.08
310.08 475.00
310.00 475.08
309.00 475.08
308.00 475.08
307.08 476.00
307.00 476.08
306.00 476.08
305.00 476.08
304.08 477.00
304.00 477.08
303.00 477.08
302.00 477.08
301.08 478.00
301.00 478.08
300.00 478.08
299.00 478.08
298.08 479.00
298.00 479.08
297.00 479.08
296.08 480.00
296.00 480.08
295.08 481.00
295.00 481.08
294.00 481.08
293.08 482.00
293.00 482.08
292.08 483.00
292.00 483.08
291.08 484.00
291.00 484.08
290.08 485.00
290.00 485.08
289.08 486.00
289.08 487.00
289.00 487.08
288.08 488.00
288.08 489.00
288.00 489.08
287.08 490.00
287.08 491.00
287.08 492.00
287.08 493.00
287.08 494.00
287.08 495.00
287.08 496.00
287.08 497.00
287.08 498.00
287.08 499.00
287.08 500.00
287.08 501.00
287.08 502.00
287.08 503.00
288.00 503.92
288.08 504.00
288.08 505.00
289.00 505.92
289.08 506.00
290.00 506.92
290.08 507.00
290.08 508.00
291.00 508.92
291.08 509.00
292.00 509.92
292.08 510.00
293.00 510.92
294.00 510.92
294.08 511.00
295.00 511.92
295.08 512.00
296.00 512.92
296.08 513.00
297.00 513.92
297.08 514.00
298.00 514.92
298.08 515.00
299.00 515.92
299.08 516.00
300.00 516.92
300.08 517.00
301.00 517.92
301.08 518.00
302.00 518.92
302.08 519.00
303.00 519.92
304.00 519.92
304.08 520.00
305.00 520.92
306.00 520.92
307.00 520.92
308.00 520.92
309.00 520.92
310.00 520.92
311.00 520.92
311.08 521.00
312.00 521.92
313.00 521.92
314.00 521.92
315.00 521.92
316.00 521.92
316.08 522.00
317.00 522.92
318.00 522.92
319.00 522.92
320.00 522.92
321.00 522.92
321.92 522.00
322.00 521.92
323.00 521.92
324.00 521.92
325.00 521.92
326.00 521.92
327.00 521.92
328.00 521.92
329.00 521.92
330.00 521.92
331.00 521.92
332.00 521.92
332.92 521.00
333.00 520.92
334.00 520.92
335.00 520.92
336.00 520.92
337.00 520.92
337.92 520.00
338.00 519.92
339.00 519.92
339.92 519.00
340.00 518.92
341.00 518.92
341.92 518.00
342.00 517.92
342.92 517.00
343.00 516.92
343.92 516.00
344.00 515.92
344.92 515.00
345.00 514.92
345.92 514.00
345.92 513.00
346.00 512.92
346.92 512.00
347.00 511.92
347.92 511.00
348.00 510.92
348.92 510.00
349.00 509.92
349.92 509.00
349.92 508.00
350.00 507.92
350.92 507.00
350.92 506.00
350.92 505.00
351.00 504.92
351.92 504.00
351.92 503.00
351.92 502.00
351.92 501.00
352.00 500.92
352.92 500.00

Contour 6:
455.93 152.00
455.93 151.00
455.93 150.00
455.93 149.00
455.93 148.00
455.93 147.00
455.93 146.00
455.93 145.00
455.93 144.00
455.93 143.00
455.93 142.00
455.93 141.00
455.93 140.00
455.93 139.00
455.00 138.07
454.93 138.00
454.93 137.00
454.93 136.00
454.00 135.07
453.93 135.00
453.93 134.00
453.93 133.00
453.00 132.07
452.93 132.00
452.93 131.00
452.00 130.07
451.93 130.00
451.00 129.07
450.93 129.00
450.93 128.00
450.00 127.07
449.93 127.00
449.00 126.07
448.93 126.00
448.00 125.07
447.93 125.00
447.93 124.00
447.00 123.07
446.93 123.00
446.00 122.07
445.93 122.00
445.00 121.07
444.93 121.00
444.00 120.07
443.93 120.00
443.00 119.07
442.00 119.07
441.93 119.00
441.00 118.07
440.00 118.07
439.93 118.00
439.00 117.07
438.00 117.07
437.93 117.00
437.00 116.07
436.00 116.07
435.00 116.07
434.93 116.00
434.00 115.07
433.00 115.07
432.00 115.07
431.00 115.07
430.00 115.07
429.00 115.07
428.00 115.07
427.00 115.07
426.00 115.07
425.00 115.07
424.00 115.07
423.00 115.07
422.00 115.07
421.00 115.07
420.00 115.07
419.07 116.00
419.00 116.07
418.00 116.07
417.00 116.07
416.00 116.07
415.07 117.00
415.00 117.07
414.00 117.07
413.00 117.07
412.00 117.07
411.07 118.00
411.00 118.07
410.00 118.07
409.00 118.07
408.00 118.07
407.07 119.00
407.00 119.07
406.00 119.07
405.07 120.00
405.00 120.07
404.00 120.07
403.00 120.07
402.07 121.00
402.00 121.07
401.00 121.07
400.07 122.00
400.00 122.07
399.07 123.00
399.00 123.07
398.00 123.07
397.07 124.00
397.00 124.07
396.07 125.00
396.00 125.07
395.00 125.07
394.07 126.00
394.00 126.07
393.00 126.07
392.07 127.00
392.00 127.07
391.00 127.07
390.07 128.00
390.00 128.07
389.07 129.00
389.00 129.07
388.00 129.07
387.07 130.00
387.00 130.07
386.07 131.00
386.00 131.07
385.00 131.07
384.07 132.00
384.00 132.07
383.07 133.00
383.00 133.07
382.07 134.00
382.07 135.00
382.00 135.07
381.07 136.00
381.00 136.07
380.07 137.00
380.07 138.00
380.00 138.07
379.07 139.00
379.07 140.00
379.00 140.07
378.07 141.00
378.07 142.00
378.00 142.07
377.07 143.00
377.07 144.00
377.07 145.00
377.00 145.07
376.07 146.00
376.07 147.00
376.07 148.00
376.07 149.00
376.07 150.00
376.07 151.00
376.07 152.00
376.07 153.00
376.07 154.00
376.07 155.00
376.07 156.00
376.07 157.00
376.07 158.00
376.07 159.00
376.07 160.00
376.07 161.00
376.07 162.00
376.07 163.00
377.00 163.93
377.07 164.00
377.07 165.00
377.07 166.00
378.00 166.93
378.07 167.00
378.07 168.00
379.00 168.93
379.07 169.00
379.07 170.00
380.00 170.93
380.07 171.00
381.00 171.93
381.07 172.00
381.07 173.00
382.00 173.93
382.07 174.00
383.00 174.93
383.07 175.00
384.00 175.93
384.07 176.00
385.00 176.93
385.07 177.00
386.00 177.93
386.07 178.00
387.00 178.93
387.07 179.00
388.00 179.93
389.00 179.93
389.07 180.00
390.00 180.93
390.07 181.00
391.00 181.93
392.00 181.93
392.07 182.00
393.00 182.93
393.07 183.00
394.00 183.93
395.00 183.93
396.00 183.93
396.07 184.00
397.00 184.93
398.00 184.93
398.07 185.00
399.00 185.93
400.00 185.93
401.00 185.93
402.00 185.93
402.07 186.00
403.00 186.93
404.00 186.93
405.00 186.93
406.00 186.93
407.00 186.93
408.00 186.93
409.00 186.93
410.00 186.93
411.00 186.93
412.00 186.93
412.93 186.00
413.00 185.93
414.00 185.93
415.00 185.93
415.93 185.00
416.00 184.93
417.00 184.93
418.00 184.93
419.00 184.93
419.93 184.00
420.00 183.93
421.00 183.93
422.00 183.93
423.00 183.93
423.93 183.00
424.00 182.93
425.00 182.93
425.93 182.00
426.00 181.93
427.00 181.93
427.93 181.00
428.00 180.93
429.00 180.93
429.93 180.00
430.00 179.93
431.00 179.93
431.93 179.00
432.00 178.93
432.93 178.00
433.00 177.93
433.93 177.00
434.00 176.93
435.00 176.93
435.93 176.00
436.00 175.93
436.93 175.00
437.00 174.93
438.00 174.93
438.93 174.00
439.00 173.93
439.93 173.00
440.00 172.93
440.93 172.00
441.00 171.93
442.00 171.93
442.93 171.00
443.00 170.93
443.93 170.00
444.00 169.93
444.93 169.00
445.00 168.93
445.93 168.00
446.00 167.93
446.93 167.00
447.00 166.93
447.93 166.00
447.93 165.00
448.00 164.93
448.93 164.00
449.00 163.93
449.93 163.00
450.00 162.93
450.93 162.00
451.00 161.93
451.93 161.00
451.93 160.00
452.00 159.93
452.93 159.00
452.93 158.00
453.00 157.93
453.93 157.00
453.93 156.00
454.00 155.93
454.93 155.00
454.93 154.00
454.93 153.00
455.00 152.93
455.93 152.00

Contour 7:
440.94 386.00
440.94 385.00
440.94 384.00
440.94 383.00
440.94 382.00
440.94 381.00
440.94 380.00
440.94 379.00
440.94 378.00
440.94 377.00
440.94 376.00
440.00 375.06
439.94 375.00
439.94 374.00
439.94 373.00
439.00 372.06
438.94 372.00
438.94 371.00
438.00 370.06
437.94 370.00
437.94 369.00
437.00 368.06
436.94 368.00
436.94 367.00
436.00 366.06
435.94 366.00
435.00 365.06
434.94 365.00
434.94 364.00
434.00 363.06
433.94 363.00
433.00 362.06
432.94 362.00
432.94 361.00
432.00 360.06
431.94 360.00
431.00 359.06
430.94 359.00
430.00 358.06
429.94 358.00
429.94 357.00
429.00 356.06
428.94 356.00
428.00 355.06
427.00 355.06
426.94 355.00
426.00 354.06
425.94 354.00
425.00 353.06
424.94 353.00
424.00 352.06
423.00 352.06
422.94 352.00
422.00 351.06
421.00 351.06
420.94 351.00
420.00 350.06
419.00 350.06
418.94 350.00
418.00 349.06
417.00 349.06
416.94 349.00
416.00 348.06
415.00 348.06
414.00 348.06
413.00 348.06
412.00 348.06
411.00 348.06
410.00 348.06
409.00 348.06
408.06 349.00
408.00 349.06
407.00 349.06
406.06 350.00
406.00 350.06
405.00 350.06
404.00 350.06
403.06 351.00
403.00 351.06
402.00 351.06
401.06 352.00
401.00 352.06
400.00 352.06
399.06 353.00
399.00 353.06
398.00 353.06
397.06 354.00
397.00 354.06
396.06 355.00
396.00 355.06
395.00 355.06
394.06 356.00
394.00 356.06
393.00 356.06
392.06 357.00
392.00 357.06
391.06 358.00
391.00 358.06
390.06 359.00
390.00 359.06
389.06 360.00
389.00 360.06
388.06 361.00
388.06 362.00
388.00 362.06
387.06 363.00
387.06 364.00
387.00 364.06
386.06 365.00
386.06 366.00
386.06 367.00
386.06 368.00
386.06 369.00
386.06 370.00
386.06 371.00
386.06 372.00
386.06 373.00
386.06 374.00
386.06 375.00
386.06 376.00
386.06 377.00
386.06 378.00
386.06 379.00
386.06 380.00
386.00 380.06
385.06 381.00
385.06 382.00
385.00 382.06
384.06 383.00
384.06 384.00
384.06 385.00
384.00 385.06
383.06 386.00
383.06 387.00
383.06 388.00
383.06 389.00
383.06 390.00
383.06 391.00
384.00 391.94
384.06 392.00
385.00 392.94
385.06 393.00
385.06 394.00
386.00 394.94
386.06 395.00
386.06 396.00
386.06 397.00
387.00 397.94
387.06 398.00
387.06 399.00
388.00 399.94
388.06 400.00
389.00 400.94
389.06 401.00
390.00 401.94
390.06 402.00
391.00 402.94
391.06 403.00
392.00 403.94
392.06 404.00
393.00 404.94
393.06 405.00
393.06 406.00
394.00 406.94
394.06 407.00
395.00 407.94
396.00 407.94
396.06 408.00
397.00 408.94
397.06 409.00
398.00 409.94
399.00 409.94
399.06 410.00
399.06 411.00
400.00 411.94
401.00 411.94
401.06 412.00
402.00 412.94
403.00 412.94
404.00 412.94
405.00 412.94
406.00 412.94
407.00 412.94
408.00 412.94
409.00 412.94
410.00 412.94
411.00 412.94
411.94 412.00
412.00 411.94
413.00 411.94
414.00 411.94
415.00 411.94
415.94 411.00
416.00 410.94
417.00 410.94
418.00 410.94
418.94 410.00
419.00 409.94
420.00 409.94
420.94 409.00
421.00 408.94
422.00 408.94
423.00 408.94
423.94 408.00
424.00 407.94
425.00 407.94
425.94 407.00
426.00 406.94
427.00 406.94
427.94 406.00
428.00 405.94
429.00 405.94
429.94 405.00
430.00 404.94
430.94 404.00
431.00 403.94
432.00 403.94
432.94 403.00
433.00 402.94
433.94 402.00
434.00 401.94
434.94 401.00
434.94 400.00
435.00 399.94
435.94 399.00
436.00 398.94
436.94 398.00
436.94 397.00
437.00 396.94
437.94 396.00
437.94 395.00
437.94 394.00
438.00 393.94
438.94 393.00
438.94 392.00
438.94 391.00
438.94 390.00
439.00 389.94
439.94 389.00
439.94 388.00
439.94 387.00
440.00 386.94
440.94 386.00

Contour 8:
489.94 240.00
489.94 239.00
489.94 238.00
489.94 237.00
489.94 236.00
489.94 235.00
489.94 234.00
489.00 233.06
488.94 233.00
488.94 232.00
488.94 231.00
488.94 230.00
488.94 229.00
488.94 228.00
488.00 227.06
487.94 227.00
487.94 226.00
487.94 225.00
487.00 224.06
486.94 224.00
486.94 223.00
486.00 222.06
485.94 222.00
485.94 221.00
485.00 220.06
484.94 220.00
484.00 219.06
483.94 219.00
483.00 218.06
482.00 218.06
481.94 218.00
481.00 217.06
480.94 217.00
480.00 216.06
479.00 216.06
478.94 216.00
478.00 215.06
477.00 215.06
476.94 215.00
476.00 214.06
475.94 214.00
475.00 213.06
474.00 213.06
473.94 213.00
473.00 212.06
472.00 212.06
471.94 212.00
471.00 211.06
470.00 211.06
469.94 211.00
469.00 210.06
468.00 210.06
467.94 210.00
467.00 209.06
466.00 209.06
465.00 209.06
464.00 209.06
463.00 209.06
462.00 209.06
461.00 209.06
460.00 209.06
459.00 209.06
458.00 209.06
457.00 209.06
456.00 209.06
455.00 209.06
454.00 209.06
453.00 209.06
452.06 210.00
452.00 210.06
451.00 210.06
450.00 210.06
449.06 211.00
449.00 211.06
448.00 211.06
447.00 211.06
446.06 212.00
446.00 212.06
445.00 212.06
444.00 212.06
443.06 213.00
443.00 213.06
442.00 213.06
441.00 213.06
440.06 214.00
440.00 214.06
439.00 214.06
438.00 214.06
437.06 215.00
437.00 215.06
436.00 215.06
435.00 215.06
434.06 216.00
434.00 216.06
433.00 216.06
432.06 217.00
432.00 217.06
431.00 217.06
430.00 217.06
429.06 218.00
429.00 218.06
428.00 218.06
427.06 219.00
427.00 219.06
426.00 219.06
425.06 220.00
425.00 220.06
424.00 220.06
423.06 221.00
423.00 221.06
422.06 222.00
422.00 222.06
421.00 222.06
420.06 223.00
420.00 223.06
419.06 224.00
419.00 224.06
418.00 224.06
417.06 225.00
417.00 225.06
416.06 226.00
416.00 226.06
415.06 227.00
415.00 227.06
414.00 227.06
413.06 228.00
413.00 228.06
412.06 229.00
412.00 229.06
411.06 230.00
411.00 230.06
410.06 231.00
410.00 231.06
409.06 232.00
409.00 232.06
408.06 233.00
408.00 233.06
407.06 234.00
407.00 234.06
406.06 235.00
406.06 236.00
406.00 236.06
405.06 237.00
405.00 237.06
404.06 238.00
404.06 239.00
404.00 239.06
403.06 240.00
403.00 240.06
402.06 241.00
402.06 242.00
402.00 242.06
401.06 243.00
401.06 244.00
401.00 244.06
400.06 245.00
400.06 246.00
400.06 247.00
400.06 248.00
400.06 249.00
400.06 250.00
400.06 251.00
400.06 252.00
400.06 253.00
400.06 254.00
400.06 255.00
400.06 256.00
400.06 257.00
400.06 258.00
400.06 259.00
400.06 260.00
401.00 260.94
401.06 261.00
401.06 262.00
402.00 262.94
402.06 263.00
402.06 264.00
403.00 264.94
403.06 265.00
403.06 266.00
404.00 266.94
404.06 267.00
405.00 267.94
405.06 268.00
406.00 268.94
406.06 269.00
407.00 269.94
407.06 270.00
408.00 270.94
408.06 271.00
409.00 271.94
409.06 272.00
410.00 272.94
410.06 273.00
411.00 273.94
411.06 274.00
412.00 274.94
412.06 275.00
413.00 275.94
414.00 275.94
414.06 276.00
415.00 276.94
415.06 277.00
416.00 277.94
417.00 277.94
417.06 278.00
418.00 278.94
419.00 278.94
420.00 278.94
420.06 279.00
421.00 279.94
422.00 279.94
423.00 279.94
423.06 280.00
424.00 280.94
425.00 280.94
426.00 280.94
427.00 280.94
427.06 281.00
428.00 281.94
429.00 281.94
430.00 281.94
431.00 281.94
432.00 281.94
433.00 281.94
433.06 282.00
434.00 282.94
435.00 282.94
436.00 282.94
437.00 282.94
438.00 282.94
439.00 282.94
440.00 282.94
440.94 282.00
441.00 281.94
442.00 281.94
443.00 281.94
444.00 281.94
445.00 281.94
445.94 281.00
446.00 280.94
447.00 280.94
448.00 280.94
449.00 280.94
450.00 280.94
450.94 280.00
451.00 279.94
452.00 279.94
453.00 279.94
454.00 279.94
454.94 279.00
455.00 278.94
456.00 278.94
457.00 278.94
457.94 278.00
458.00 277.94
459.00 277.94
460.00 277.94
460.94 277.00
461.00 276.94
462.00 276.94
462.94 276.00
463.00 275.94
463.94 275.00
464.00 274.94
465.00 274.94
465.94 274.00
466.00 273.94
467.00 273.94
467.94 273.00
468.00 272.94
468.94 272.00
469.00 271.94
470.00 271.94
470.94 271.00
471.00 270.94
471.94 270.00
472.00 269.94
472.94 269.00
473.00 268.94
473.94 268.00
474.00 267.94
474.94 267.00
475.00 266.94
475.94 266.00
476.00 265.94
476.94 265.00
477.00 264.94
477.94 264.00
478.00 263.94
478.94 263.00
479.00 262.94
479.94 262.00
479.94 261.00
480.00 260.94
480.94 260.00
481.00 259.94
481.94 259.00
482.00 258.94
482.94 258.00
482.94 257.00
483.00 256.94
483.94 256.00
484.00 255.94
484.94 255.00
484.94 254.00
485.00 253.94
485.94 253.00
485.94 252.00
486.00 251.94
486.94 251.00
486.94 250.00
487.00 249.94
487.94 249.00
487.94 248.00
487.94 247.00
488.00 246.94
488.94 246.00
488.94 245.00
488.94 244.00
488.94 243.00
488.94 242.00
488.94 241.00
489.00 240.94
489.94 240.00

Contour 9:
496.95 493.00
496.95 492.00
496.95 491.00
496.95 490.00
496.95 489.00
496.95 488.00
496.95 487.00
496.95 486.00
496.95 485.00
496.95 484.00
496.95 483.00
496.95 482.00
496.00 481.05
495.95 481.00
495.95 480.00
495.95 479.00
495.95 478.00
495.95 477.00
495.00 476.05
494.95 476.00
494.95 475.00
494.95 474.00
494.00 473.05
493.95 473.00
493.95 472.00
493.00 471.05
492.95 471.00
492.95 470.00
492.00 469.05
491.95 469.00
491.00 468.05
490.95 468.00
490.00 467.05
489.95 467.00
489.00 466.05
488.95 466.00
488.00 465.05
487.95 465.00
487.00 464.05
486.00 464.05
485.95 464.00
485.00 463.05
484.00 463.05
483.00 463.05
482.95 463.00
482.00 462.05
481.00 462.05
480.00 462.05
479.00 462.05
478.00 462.05
477.00 462.05
476.00 462.05
475.00 462.05
474.00 462.05
473.00 462.05
472.00 462.05
471.00 462.05
470.00 462.05
469.00 462.05
468.00 462.05
467.00 462.05
466.00 462.05
465.00 462.05
464.00 462.05
463.05 463.00
463.00 463.05
462.00 463.05
461.00 463.05
460.95 463.00
460.00 462.05
459.00 462.05
458.00 462.05
457.00 462.05
456.00 462.05
455.00 462.05
454.00 462.05
453.05 463.00
453.00 463.05
452.00 463.05
451.00 463.05
450.05 464.00
450.00 464.05
449.00 464.05
448.00 464.05
447.05 465.00
447.00 465.05
446.00 465.05
445.05 466.00
445.00 466.05
444.00 466.05
443.05 467.00
443.00 467.05
442.00 467.05
441.00 467.05
440.05 468.00
440.00 468.05
439.00 468.05
438.05 469.00
438.00 469.05
437.00 469.05
436.05 470.00
436.00 470.05
435.00 470.05
434.05 471.00
434.00 471.05
433.05 472.00
433.00 472.05
432.00 472.05
431.05 473.00
431.00 473.05
430.05 474.00
430.05 475.00
430.05 476.00
430.00 476.05
429.05 477.00
429.05 478.00
429.00 478.05
428.05 479.00
428.05 480.00
428.00 480.05
427.05 481.00
427.05 482.00
427.05 483.00
427.05 484.00
427.05 485.00
427.05 486.00
427.05 487.00
427.05 488.00
427.05 489.00
427.05 490.00
427.05 491.00
427.05 492.00
428.00 492.95
428.05 493.00
428.05 494.00
428.05 495.00
428.05 496.00
428.05 497.00
429.00 497.95
429.05 498.00
429.05 499.00
429.05 500.00
430.00 500.95
430.05 501.00
430.05 502.00
431.00 502.95
431.05 503.00
431.05 504.00
432.00 504.95
432.05 505.00
433.00 505.95
433.05 506.00
434.00 506.95
434.05 507.00
435.00 507.95
435.05 508.00
436.00 508.95
436.05 509.00
437.00 509.95
437.05 510.00
438.00 510.95
438.05 511.00
439.00 511.95
440.00 511.95
440.05 512.00
441.00 512.95
442.00 512.95
442.05 513.00
443.00 513.95
444.00 513.95
445.00 513.95
446.00 513.95
447.00 513.95
448.00 513.95
449.00 513.95
450.00 513.95
451.00 513.95
452.00 513.95
453.00 513.95
454.00 513.95
455.00 513.95
456.00 513.95
457.00 513.95
458.00 513.95
459.00 513.95
459.05 514.00
460.00 514.95
461.00 514.95
462.00 514.95
463.00 514.95
464.00 514.95
465.00 514.95
466.00 514.95
467.00 514.95
468.00 514.95
469.00 514.95
470.00 514.95
471.00 514.95
472.00 514.95
472.95 514.00
473.00 513.95
474.00 513.95
475.00 513.95
475.95 513.00
476.00 512.95
477.00 512.95
478.00 512.95
478.95 512.00
479.00 511.95
480.00 511.95
480.95 511.00
481.00 510.95
482.00 510.95
483.00 510.95
483.95 510.00
484.00 509.95
485.00 509.95
485.95 509.00
486.00 508.95
486.95 508.00
487.00 507.95
488.00 507.95
488.95 507.00
489.00 506.95
489.95 506.00
490.00 505.95
490.95 505.00
491.00 504.95
491.95 504.00
492.00 503.95
492.95 503.00
492.95 502.00
493.00 501.95
493.95 501.00
493.95 500.00
494.00 499.95
494.95 499.00
494.95 498.00
495.00 497.95
495.95 497.00
495.95 496.00
495.95 495.00
495.95 494.00
496.00 493.95
496.95 493.00

Contour 10:
524.95 707.00
524.95 706.00
524.95 705.00
524.95 704.00
524.95 703.00
524.95 702.00
524.95 701.00
524.95 700.00
524.95 699.00
524.95 698.00
524.95 697.00
524.95 696.00
524.00 695.05
523.95 695.00
523.95 694.00
523.95 693.00
523.95 692.00
523.00 691.05
522.95 691.00
522.95 690.00
522.95 689.00
522.00 688.05
521.95 688.00
521.95 687.00
521.00 686.05
520.95 686.00
520.95 685.00
520.95 684.00
520.00 683.05
519.95 683.00
519.95 682.00
519.00 681.05
518.95 681.00
518.95 680.00
518.00 679.05
517.95 679.00
517.00 678.05
516.95 678.00
516.00 677.05
515.95 677.00
515.00 676.05
514.95 676.00
514.00 675.05
513.00 675.05
512.95 675.00
512.00 674.05
511.95 674.00
511.00 673.05
510.95 673.00
510.00 672.05
509.00 672.05
508.00 672.05
507.95 672.00
507.00 671.05
506.00 671.05
505.00 671.05
504.00 671.05
503.00 671.05
502.00 671.05
501.00 671.05
500.95 671.00
500.00 670.05
499.00 670.05
498.00 670.05
497.00 670.05
496.00 670.05
495.00 670.05
494.00 670.05
493.00 670.05
492.00 670.05
491.00 670.05
490.00 670.05
489.00 670.05
488.05 671.00
488.00 671.05
487.00 671.05
486.00 671.05
485.05 672.00
485.00 672.05
484.00 672.05
483.05 673.00
483.00 673.05
482.00 673.05
481.05 674.00
481.00 674.05
480.00 674.05
479.05 675.00
479.00 675.05
478.05 676.00
478.00 676.05
477.00 676.05
476.05 677.00
476.00 677.05
475.05 678.00
475.00 678.05
474.00 678.05
473.05 679.00
473.00 679.05
472.00 679.05
471.05 680.00
471.00 680.05
470.05 681.00
470.00 681.05
469.05 682.00
469.00 682.05
468.00 682.05
467.05 683.00
467.05 684.00
467.00 684.05
466.05 685.00
466.00 685.05
465.05 686.00
465.05 687.00
465.00 687.05
464.05 688.00
464.05 689.00
464.00 689.05
463.05 690.00
463.00 690.05
462.05 691.00
462.05 692.00
462.05 693.00
462.00 693.05
461.05 694.00
461.05 695.00
461.00 695.05
460.05 696.00
460.05 697.00
460.05 698.00
460.05 699.00
460.00 699.05
459.05 700.00
459.05 701.00
459.05 702.00
459.05 703.00
459.05 704.00
459.00 704.05
458.05 705.00
458.05 706.00
459.00 706.95
459.05 707.00
459.05 708.00
459.05 709.00
459.05 710.00
459.05 711.00
459.05 712.00
460.00 712.95
460.05 713.00
460.05 714.00
460.05 715.00
460.05 716.00
461.00 716.95
461.05 717.00
461.05 718.00
462.00 718.95
462.05 719.00
462.05 720.00
463.00 720.95
464.00 720.95
464.05 721.00
465.00 721.95
465.05 722.00
466.00 722.95
466.05 723.00
467.00 723.95
467.05 724.00
468.00 724.95
468.05 725.00
468.05 726.00
469.00 726.95
469.05 727.00
470.00 727.95
470.05 728.00
471.00 728.95
471.05 729.00
472.00 729.95
473.00 729.95
473.05 730.00
474.00 730.95
474.05 731.00
475.00 731.95
476.00 731.95
476.05 732.00
477.00 732.95
478.00 732.95
479.00 732.95
480.00 732.95
480.05 733.00
481.00 733.95
482.00 733.95
483.00 733.95
484.00 733.95
485.00 733.95
486.00 733.95
487.00 733.95
488.00 733.95
489.00 733.95
490.00 733.95
491.00 733.95
492.00 733.95
493.00 733.95
494.00 733.95
495.00 733.95
496.00 733.95
496.95 733.00
497.00 732.95
498.00 732.95
499.00 732.95
499.95 732.00
500.00 731.95
501.00 731.95
502.00 731.95
502.95 731.00
503.00 730.95
504.00 730.95
505.00 730.95
505.95 730.00
506.00 729.95
506.95 729.00
507.00 728.95
508.00 728.95
508.95 728.00
509.00 727.95
510.00 727.95
510.95 727.00
511.00 726.95
511.95 726.00
512.00 725.95
512.95 725.00
513.00 724.95
513.95 724.00
514.00 723.95
514.95 723.00
515.00 722.95
515.95 722.00
516.00 721.95
516.95 721.00
517.00 720.95
517.95 720.00
518.00 719.95
518.95 719.00
519.00 718.95
519.95 718.00
519.95 717.00
520.00 716.95
520.95 716.00
521.00 715.95
521.95 715.00
521.95 714.00
522.00 713.95
522.95 713.00
522.95 712.00
522.95 711.00
523.00 710.95
523.95 710.00
523.95 709.00
523.95 708.00
524.00 707.95
524.95 707.00

Contour 11:
551.96 453.00
551.96 452.00
551.96 451.00
551.96 450.00
551.96 449.00
551.96 448.00
551.96 447.00
551.96 446.00
551.00 445.04
550.96 445.00
550.96 444.00
550.96 443.00
550.96 442.00
550.00 441.04
549.96 441.00
549.96 440.00
549.00 439.04
548.96 439.00
548.96 438.00
548.00 437.04
547.96 437.00
547.00 436.04
546.96 436.00
546.96 435.00
546.00 434.04
545.96 434.00
545.00 433.04
544.96 433.00
544.96 432.00
544.00 431.04
543.96 431.00
543.00 430.04
542.96 430.00
542.00 429.04
541.96 429.00
541.00 428.04
540.96 428.00
540.00 427.04
539.96 427.00
539.00 426.04
538.00 426.04
537.96 426.00
537.00 425.04
536.96 425.00
536.00 424.04
535.00 424.04
534.96 424.00
534.00 423.04
533.00 423.04
532.96 423.00
532.00 422.04
531.00 422.04
530.96 422.00
530.00 421.04
529.00 421.04
528.96 421.00
528.00 420.04
527.00 420.04
526.00 420.04
525.00 420.04
524.96 420.00
524.00 419.04
523.00 419.04
522.00 419.04
521.00 419.04
520.00 419.04
519.00 419.04
518.00 419.04
517.00 419.04
516.04 420.00
516.00 420.04
515.00 420.04
514.00 420.04
513.00 420.04
512.04 421.00
512.00 421.04
511.00 421.04
510.00 421.04
509.04 422.00
509.00 422.04
508.00 422.04
507.00 422.04
506.04 423.00
506.00 423.04
505.00 423.04
504.04 424.00
504.00 424.04
503.00 424.04
502.04 425.00
502.00 425.04
501.00 425.04
500.04 426.00
500.00 426.04
499.00 426.04
498.04 427.00
498.00 427.04
497.04 428.00
497.00 428.04
496.04 429.00
496.00 429.04
495.04 430.00
495.04 431.00
495.00 431.04
494.04 432.00
494.04 433.00
494.00 433.04
493.04 434.00
493.04 435.00
493.04 436.00
493.04 437.00
493.00 437.04
492.04 438.00
492.04 439.00
492.04 440.00
492.04 441.00
492.04 442.00
492.04 443.00
492.04 444.00
492.04 445.00
492.04 446.00
492.04 447.00
492.04 448.00
492.04 449.00
492.04 450.00
492.04 451.00
492.04 452.00
493.00 452.96
493.04 453.00
493.04 454.00
493.04 455.00
493.04 456.00
493.04 457.00
494.00 457.96
494.04 458.00
494.04 459.00
494.04 460.00
495.00 460.96
495.04 461.00
495.04 462.00
496.00 462.96
496.04 463.00
496.04 464.00
497.00 464.96
497.04 465.00
497.04 466.00
497.04 467.00
498.00 467.96
498.04 468.00
498.04 469.00
499.00 469.96
499.04 470.00
499.04 471.00
499.04 472.00
500.00 472.96
500.04 473.00
501.00 473.96
501.04 474.00
501.04 475.00
502.00 475.96
502.04 476.00
503.00 476.96
504.00 476.96
504.04 477.00
505.00 477.96
506.00 477.96
506.04 478.00
507.00 478.96
508.00 478.96
509.00 478.96
509.04 479.00
510.00 479.96
511.00 479.96
512.00 479.96
512.04 480.00
513.00 480.96
514.00 480.96
515.00 480.96
516.00 480.96
516.04 481.00
517.00 481.96
518.00 481.96
519.00 481.96
520.00 481.96
521.00 481.96
522.00 481.96
523.00 481.96
524.00 481.96
525.00 481.96
526.00 481.96
527.00 481.96
527.96 481.00
528.00 480.96
529.00 480.96
530.00 480.96
530.96 480.00
531.00 479.96
532.00 479.96
532.96 479.00
533.00 478.96
534.00 478.96
534.96 478.00
535.00 477.96
536.00 477.96
536.96 477.00
537.00 476.96
537.96 476.00
538.00 475.96
539.00 475.96
539.96 475.00
540.00 474.96
540.96 474.00
541.00 473.96
541.96 473.00
542.00 472.96
542.96 472.00
543.00 471.96
543.96 471.00
544.00 470.96
544.96 470.00
544.96 469.00
545.00 468.96
545.96 468.00
546.00 467.96
546.96 467.00
546.96 466.00
547.00 465.96
547.96 465.00
547.96 464.00
548.00 463.96
548.96 463.00
548.96 462.00
549.00 461.96
549.96 461.00
549.96 460.00
549.96 459.00
550.00 458.96
550.96 458.00
550.96 457.00
550.96 456.00
550.96 455.00
550.96 454.00
551.00 453.96
551.96 453.00

Contour 12:
559.96 328.00
559.96 327.00
559.96 326.00
559.96 325.00
559.96 324.00
559.96 323.00
559.96 322.00
559.96 321.00
559.00 320.04
558.96 320.00
558.96 319.00
558.96 318.00
558.96 317.00
558.96 316.00
558.00 315.04
557.96 315.00
557.96 314.00
557.96 313.00
557.00 312.04
556.96 312.00
556.96 311.00
556.00 310.04
555.96 310.00
555.00 309.04
554.96 309.00
554.00 308.04
553.96 308.00
553.00 307.04
552.96 307.00
552.96 306.00
552.00 305.04
551.96 305.00
551.00 304.04
550.96 304.00
550.00 303.04
549.96 303.00
549.00 302.04
548.96 302.00
548.00 301.04
547.00 301.04
546.96 301.00
546.00 300.04
545.96 300.00
545.00 299.04
544.96 299.00
544.00 298.04
543.96 298.00
543.00 297.04
542.96 297.00
542.00 296.04
541.00 296.04
540.96 296.00
540.00 295.04
539.00 295.04
538.96 295.00
538.00 294.04
537.00 294.04
536.96 294.00
536.00 293.04
535.00 293.04
534.00 293.04
533.96 293.00
533.00 292.04
532.00 292.04
531.00 292.04
530.00 292.04
529.00 292.04
528.00 292.04
527.00 292.04
526.00 292.04
525.00 292.04
524.04 293.00
524.00 293.04
523.00 293.04
522.00 293.04
521.00 293.04
520.04 294.00
520.00 294.04
519.00 294.04
518.04 295.00
518.00 295.04
517.00 295.04
516.04 296.00
516.00 296.04
515.00 296.04
514.04 297.00
514.00 297.04
513.00 297.04
512.04 298.00
512.00 298.04
511.04 299.00
511.00 299.04
510.04 300.00
510.00 300.04
509.04 301.00
509.00 301.04
508.04 302.00
508.00 302.04
507.04 303.00
507.04 304.00
507.00 304.04
506.04 305.00
506.00 305.04
505.04 306.00
505.04 307.00
505.00 307.04
504.04 308.00
504.04 309.00
504.04 310.00
504.00 310.04
503.04 311.00
503.04 312.00
503.04 313.00
503.04 314.00
503.04 315.00
503.04 316.00
503.04 317.00
503.04 318.00
503.04 319.00
503.04 320.00
503.04 321.00
503.04 322.00
503.04 323.00
503.04 324.00
503.04 325.00
503.04 326.00
504.00 326.96
504.04 327.00
504.04 328.00
504.04 329.00
504.04 330.00
505.00 330.96
505.04 331.00
505.04 332.00
505.04 333.00
505.04 334.00
506.00 334.96
506.04 335.00
506.04 336.00
507.00 336.96
507.04 337.00
507.04 338.00
507.04 339.00
508.00 339.96
508.04 340.00
508.04 341.00
509.00 341.96
509.04 342.00
510.00 342.96
510.04 343.00
510.04 344.00
511.00 344.96
511.04 345.00
511.04 346.00
512.00 346.96
512.04 347.00
513.00 347.96
513.04 348.00
514.00 348.96
514.04 349.00
515.00 349.96
515.04 350.00
516.00 350.96
516.04 351.00
517.00 351.96
517.04 352.00
518.00 352.96
518.04 353.00
519.00 353.96
520.00 353.96
520.04 354.00
521.00 354.96
522.00 354.96
523.00 354.96
524.00 354.96
524.04 355.00
525.00 355.96
526.00 355.96
527.00 355.96
528.00 355.96
529.00 355.96
530.00 355.96
531.00 355.96
532.00 355.96
533.00 355.96
533.96 355.00
534.00 354.96
535.00 354.96
536.00 354.96
537.00 354.96
537.96 354.00
538.00 353.96
539.00 353.96
539.96 353.00
540.00 352.96
541.00 352.96
541.96 352.00
542.00 351.96
543.00 351.96
543.96 351.00
544.00 350.96
544.96 350.00
545.00 349.96
546.00 349.96
546.96 349.00
547.00 348.96
547.96 348.00
548.00 347.96
548.96 347.00
549.00 346.96
549.96 346.00
550.00 345.96
551.00 345.96
551.96 345.00
552.00 344.96
552.96 344.00
552.96 343.00
553.00 342.96
553.96 342.00
554.00 341.96
554.96 341.00
555.00 340.96
555.96 340.00
555.96 339.00
556.00 338.96
556.96 338.00
556.96 337.00
556.96 336.00
557.00 335.96
557.96 335.00
557.96 334.00
557.96 333.00
558.00 332.96
558.96 332.00
558.96 331.00
558.96 330.00
558.96 329.00
559.00 328.96
559.96 328.00

Contour 13:
576.96 546.00
576.96 545.00
576.96 544.00
576.96 543.00
576.96 542.00
576.96 541.00
576.96 540.00
576.96 539.00
576.96 538.00
576.96 537.00
576.96 536.00
576.96 535.00
576.00 534.04
575.96 534.00
575.96 533.00
575.96 532.00
575.00 531.04
574.96 531.00
574.96 530.00
574.96 529.00
574.00 528.04
573.96 528.00
573.96 527.00
573.00 526.04
572.96 526.00
572.00 525.04
571.96 525.00
571.96 524.00
571.00 523.04
570.96 523.00
570.00 522.04
569.96 522.00
569.00 521.04
568.96 521.00
568.00 520.04
567.00 520.04
566.96 520.00
566.00 519.04
565.96 519.00
565.00 518.04
564.96 518.00
564.00 517.04
563.00 517.04
562.96 517.00
562.00 516.04
561.00 516.04
560.96 516.00
560.00 515.04
559.00 515.04
558.00 515.04
557.00 515.04
556.96 515.00
556.00 514.04
555.00 514.04
554.00 514.04
553.00 514.04
552.00 514.04
551.00 514.04
550.00 514.04
549.00 514.04
548.00 514.04
547.00 514.04
546.04 515.00
546.00 515.04
545.00 515.04
544.00 515.04
543.04 516.00
543.00 516.04
542.00 516.04
541.04 517.00
541.00 517.04
540.00 517.04
539.00 517.04
538.04 518.00
538.00 518.04
537.00 518.04
536.04 519.00
536.00 519.04
535.00 519.04
534.04 520.00
534.00 520.04
533.00 520.04
532.04 521.00
532.00 521.04
531.04 522.00
531.00 522.04
530.00 522.04
529.04 523.00
529.00 523.04
528.04 524.00
528.00 524.04
527.04 525.00
527.00 525.04
526.04 526.00
526.04 527.00
526.00 527.04
525.04 528.00
525.00 528.04
524.04 529.00
524.04 530.00
524.00 530.04
523.04 531.00
523.00 531.04
522.04 532.00
522.04 533.00
522.00 533.04
521.04 534.00
521.04 535.00
521.00 535.04
520.04 536.00
520.04 537.00
520.00 537.04
519.04 538.00
519.04 539.00
519.04 540.00
519.04 541.00
519.00 541.04
518.04 542.00
518.04 543.00
518.04 544.00
518.04 545.00
518.04 546.00
518.04 547.00
518.04 548.00
518.04 549.00
518.04 550.00
518.04 551.00
518.04 552.00
518.04 553.00
518.04 554.00
518.04 555.00
518.04 556.00
519.00 556.96
519.04 557.00
519.04 558.00
519.04 559.00
519.04 560.00
520.00 560.96
520.04 561.00
520.04 562.00
521.00 562.96
521.04 563.00
521.04 564.00
521.04 565.00
522.00 565.96
522.04 566.00
522.04 567.00
523.00 567.96
523.04 568.00
524.00 568.96
524.04 569.00
524.04 570.00
525.00 570.96
525.04 571.00
526.00 571.96
526.04 572.00
527.00 572.96
527.04 573.00
528.00 573.96
528.04 574.00
529.00 574.96
530.00 574.96
530.04 575.00
531.00 575.96
532.00 575.96
532.04 576.00
533.00 576.96
534.00 576.96
534.04 577.00
535.00 577.96
536.00 577.96
537.00 577.96
537.04 578.00
538.00 578.96
539.00 578.96
540.00 578.96
541.00 578.96
542.00 578.96
542.04 579.00
543.00 579.96
543.96 579.00
544.00 578.96
545.00 578.96
546.00 578.96
547.00 578.96
548.00 578.96
549.00 578.96
550.00 578.96
550.96 578.00
551.00 577.96
552.00 577.96
553.00 577.96
553.96 577.00
554.00 576.96
555.00 576.96
555.96 576.00
556.00 575.96
557.00 575.96
558.00 575.96
558.96 575.00
559.00 574.96
559.96 574.00
560.00 573.96
560.96 573.00
561.00 572.96
562.00 572.96
562.96 572.00
563.00 571.96
563.96 571.00
564.00 570.96
564.96 570.00
564.96 569.00
565.00 568.96
565.96 568.00
566.00 567.96
566.96 567.00
566.96 566.00
567.00 565.96
567.96 565.00
567.96 564.00
568.00 563.96
568.96 563.00
569.00 562.96
569.96 562.00
569.96 561.00
570.00 560.96
570.96 560.00
570.96 559.00
571.00 558.96
571.96 558.00
572.00 557.96
572.96 557.00
572.96 556.00
572.96 555.00
573.00 554.96
573.96 554.00
573.96 553.00
574.00 552.96
574.96 552.00
574.96 551.00
575.00 550.96
575.96 550.00
575.96 549.00
575.96 548.00
575.96 547.00
576.00 546.96
576.96 546.00

Contour 14:
617.97 647.00
617.97 646.00
617.97 645.00
617.97 644.00
617.97 643.00
617.97 642.00
617.97 641.00
617.97 640.00
617.97 639.00
617.97 638.00
617.97 637.00
617.97 636.00
617.97 635.00
617.97 634.00
617.97 633.00
617.97 632.00
617.97 631.00
617.97 630.00
617.00 629.03
616.97 629.00
616.97 628.00
616.97 627.00
616.97 626.00
616.97 625.00
616.00 624.03
615.97 624.00
615.97 623.00
615.00 622.03
614.97 622.00
614.00 621.03
613.97 621.00
613.97 620.00
613.00 619.03
612.97 619.00
612.00 618.03
611.00 618.03
610.97 618.00
610.00 617.03
609.97 617.00
609.00 616.03
608.97 616.00
608.00 615.03
607.00 615.03
606.97 615.00
606.00 614.03
605.00 614.03
604.97 614.00
604.00 613.03
603.00 613.03
602.97 613.00
602.00 612.03
601.00 612.03
600.97 612.00
600.00 611.03
599.00 611.03
598.97 611.00
598.00 610.03
597.00 610.03
596.97 610.00
596.00 609.03
595.00 609.03
594.00 609.03
593.97 609.00
593.00 608.03
592.00 608.03
591.00 608.03
590.00 608.03
589.00 608.03
588.00 608.03
587.00 608.03
586.00 608.03
585.00 608.03
584.00 608.03
583.03 609.00
583.00 609.03
582.00 609.03
581.00 609.03
580.00 609.03
579.00 609.03
578.03 610.00
578.00 610.03
577.00 610.03
576.00 610.03
575.03 611.00
575.00 611.03
574.00 611.03
573.03 612.00
573.00 612.03
572.00 612.03
571.03 613.00
571.00 613.03
570.03 614.00
570.00 614.03
569.03 615.00
569.00 615.03
568.00 615.03
567.03 616.00
567.00 616.03
566.03 617.00
566.00 617.03
565.03 618.00
565.00 618.03
564.03 619.00
564.00 619.03
563.03 620.00
563.00 620.03
562.03 621.00
562.00 621.03
561.03 622.00
561.00 622.03
560.03 623.00
560.00 623.03
559.03 624.00
559.03 625.00
559.00 625.03
558.03 626.00
558.03 627.00
558.00 627.03
557.03 628.00
557.00 628.03
556.03 629.00
556.03 630.00
556.00 630.03
555.03 631.00
555.00 631.03
554.03 632.00
554.03 633.00
554.00 633.03
553.03 634.00
553.03 635.00
553.03 636.00
553.00 636.03
552.03 637.00
552.03 638.00
552.03 639.00
552.03 640.00
552.03 641.00
552.03 642.00
552.03 643.00
552.03 644.00
552.03 645.00
552.03 646.00
552.03 647.00
553.00 647.97
553.03 648.00
553.03 649.00
553.03 650.00
553.03 651.00
553.03 652.00
554.00 652.97
554.03 653.00
554.03 654.00
554.03 655.00
555.00 655.97
555.03 656.00
555.03 657.00
556.00 657.97
556.03 658.00
556.03 659.00
557.00 659.97
557.03 660.00
557.03 661.00
558.00 661.97
558.03 662.00
559.00 662.97
559.03 663.00
560.00 663.97
560.03 664.00
561.00 664.97
561.03 665.00
562.00 665.97
562.03 666.00
563.00 666.97
563.03 667.00
564.00 667.97
564.03 668.00
565.00 668.97
565.03 669.00
566.00 669.97
566.03 670.00
567.00 670.97
568.00 670.97
568.03 671.00
569.00 671.97
570.00 671.97
571.00 671.97
572.00 671.97
572.03 672.00
573.00 672.97
574.00 672.97
575.00 672.97
576.00 672.97
577.00 672.97
578.00 672.97
579.00 672.97
580.00 672.97
581.00 672.97
582.00 672.97
583.00 672.97
584.00 672.97
585.00 672.97
586.00 672.97
587.00 672.97
588.00 672.97
589.00 672.97
590.00 672.97
591.00 672.97
592.00 672.97
592.97 672.00
593.00 671.97
594.00 671.97
595.00 671.97
595.97 671.00
596.00 670.97
597.00 670.97
597.97 670.00
598.00 669.97
598.97 669.00
599.00 668.97
600.00 668.97
600.97 668.00
601.00 667.97
601.97 667.00
602.00 666.97
602.97 666.00
603.00 665.97
603.97 665.00
604.00 664.97
604.97 664.00
605.00 663.97
605.97 663.00
605.97 662.00
606.00 661.97
606.97 661.00
607.00 660.97
608.00 660.97
608.97 660.00
609.00 659.97
609.97 659.00
610.00 658.97
610.97 658.00
611.00 657.97
611.97 657.00
612.00 656.97
612.97 656.00
613.00 655.97
613.97 655.00
614.00 654.97
614.97 654.00
614.97 653.00
615.00 652.97
615.97 652.00
615.97 651.00
616.00 650.97
616.97 650.00
616.97 649.00
616.97 648.00
617.00 647.97
617.97 647.00

Contour 15:
659.97 481.00
659.97 480.00
659.97 479.00
659.00 478.03
658.97 478.00
658.97 477.00
658.97 476.00
658.97 475.00
658.97 474.00
658.00 473.03
657.97 473.00
657.97 472.00
657.97 471.00
657.97 470.00
657.97 469.00
657.97 468.00
657.00 467.03
656.97 467.00
656.97 466.00
656.00 465.03
655.97 465.00
655.97 464.00
655.00 463.03
654.97 463.00
654.97 462.00
654.00 461.03
653.97 461.00
653.00 460.03
652.97 460.00
652.00 459.03
651.97 459.00
651.00 458.03
650.97 458.00
650.97 457.00
650.00 456.03
649.97 456.00
649.00 455.03
648.97 455.00
648.00 454.03
647.00 454.03
646.97 454.00
646.00 453.03
645.97 453.00
645.00 452.03
644.00 452.03
643.97 452.00
643.00 451.03
642.00 451.03
641.97 451.00
641.00 450.03
640.00 450.03
639.97 450.00
639.00 449.03
638.00 449.03
637.97 449.00
637.00 448.03
636.00 448.03
635.00 448.03
634.97 448.00
634.00 447.03
633.00 447.03
632.00 447.03
631.00 447.03
630.00 447.03
629.00 447.03
628.00 447.03
627.00 447.03
626.00 447.03
625.00 447.03
624.03 448.00
624.00 448.03
623.00 448.03
622.00 448.03
621.03 449.00
621.00 449.03
620.00 449.03
619.00 449.03
618.03 450.00
618.00 450.03
617.00 450.03
616.03 451.00
616.00 451.03
615.00 451.03
614.03 452.00
614.00 452.03
613.03 453.00
613.00 453.03
612.03 454.00
612.00 454.03
611.00 454.03
610.03 455.00
610.00 455.03
609.03 456.00
609.00 456.03
608.03 457.00
608.00 457.03
607.03 458.00
607.00 458.03
606.03 459.00
606.00 459.03
605.03 460.00
605.00 460.03
604.03 461.00
604.00 461.03
603.03 462.00
603.00 462.03
602.03 463.00
602.03 464.00
602.00 464.03
601.03 465.00
601.03 466.00
601.00 466.03
600.03 467.00
600.03 468.00
600.00 468.03
599.03 469.00
599.03 470.00
599.03 471.00
599.00 471.03
598.03 472.00
598.03 473.00
598.03 474.00
598.03 475.00
598.00 475.03
597.03 476.00
597.03 477.00
597.03 478.00
597.03 479.00
597.03 480.00
597.03 481.00
597.03 482.00
597.03 483.00
598.00 483.97
598.03 484.00
598.03 485.00
598.03 486.00
598.03 487.00
598.03 488.00
599.00 488.97
599.03 489.00
599.03 490.00
599.03 491.00
600.00 491.97
600.03 492.00
601.00 492.97
601.03 493.00
601.03 494.00
602.00 494.97
602.03 495.00
603.00 495.97
603.03 496.00
604.00 496.97
605.00 496.97
605.03 497.00
606.00 497.97
607.00 497.97
607.03 498.00
608.00 498.97
609.00 498.97
609.03 499.00
610.00 499.97
611.00 499.97
611.03 500.00
612.00 500.97
613.00 500.97
613.03 501.00
614.00 501.97
615.00 501.97
616.00 501.97
616.03 502.00
617.00 502.97
618.00 502.97
618.03 503.00
619.00 503.97
620.00 503.97
621.00 503.97
621.03 504.00
622.00 504.97
623.00 504.97
624.00 504.97
625.00 504.97
626.00 504.97
626.03 505.00
627.00 505.97
628.00 505.97
629.00 505.97
630.00 505.97
631.00 505.97
632.00 505.97
633.00 505.97
634.00 505.97
635.00 505.97
636.00 505.97
637.00 505.97
638.00 505.97
639.00 505.97
639.97 505.00
640.00 504.97
641.00 504.97
642.00 504.97
642.97 504.00
643.00 503.97
644.00 503.97
645.00 503.97
645.97 503.00
646.00 502.97
647.00 502.97
647.97 502.00
648.00 501.97
649.00 501.97
649.97 501.00
650.00 500.97
650.97 500.00
651.00 499.97
651.97 499.00
652.00 498.97
652.97 498.00
653.00 497.97
653.97 497.00
654.00 496.97
654.97 496.00
654.97 495.00
655.00 494.97
655.97 494.00
655.97 493.00
656.00 492.97
656.97 492.00
656.97 491.00
657.00 490.97
657.97 490.00
657.97 489.00
657.97 488.00
657.97 487.00
658.00 486.97
658.97 486.00
658.97 485.00
658.97 484.00
658.97 483.00
658.97 482.00
659.00 481.97
659.97 481.00

Contour 16:
663.97 328.00
663.97 327.00
663.97 326.00
663.97 325.00
663.97 324.00
663.97 323.00
663.97 322.00
663.97 321.00
663.97 320.00
663.97 319.00
663.97 318.00
663.97 317.00
663.97 316.00
663.97 315.00
663.97 314.00
663.00 313.03
662.97 313.00
662.97 312.00
662.97 311.00
662.97 310.00
662.97 309.00
662.97 308.00
662.00 307.03
661.97 307.00
661.97 306.00
661.00 305.03
660.97 305.00
660.97 304.00
660.00 303.03
659.97 303.00
659.00 302.03
658.97 302.00
658.00 301.03
657.97 301.00
657.00 300.03
656.97 300.00
656.00 299.03
655.97 299.00
655.00 298.03
654.97 298.00
654.00 297.03
653.97 297.00
653.00 296.03
652.00 296.03
651.97 296.00
651.00 295.03
650.00 295.03
649.97 295.00
649.00 294.03
648.97 294.00
648.00 293.03
647.00 293.03
646.97 293.00
646.00 292.03
645.00 292.03
644.00 292.03
643.97 292.00
643.00 291.03
642.00 291.03
641.00 291.03
640.97 291.00
640.00 290.03
639.00 290.03
638.00 290.03
637.00 290.03
636.97 290.00
636.00 289.03
635.00 289.03
634.00 289.03
633.00 289.03
632.00 289.03
631.00 289.03
630.97 289.00
630.00 288.03
629.00 288.03
628.00 288.03
627.00 288.03
626.00 288.03
625.00 288.03
624.00 288.03
623.00 288.03
622.00 288.03
621.00 288.03
620.00 288.03
619.03 289.00
619.00 289.03
618.00 289.03
617.00 289.03
616.00 289.03
615.03 290.00
615.00 290.03
614.00 290.03
613.03 291.00
613.00 291.03
612.00 291.03
611.03 292.00
611.00 292.03
610.00 292.03
609.03 293.00
609.00 293.03
608.03 294.00
608.00 294.03
607.03 295.00
607.00 295.03
606.03 296.00
606.00 296.03
605.03 297.00
605.00 297.03
604.03 298.00
604.00 298.03
603.03 299.00
603.00 299.03
602.03 300.00
602.03 301.00
602.00 301.03
601.03 302.00
601.03 303.00
601.00 303.03
600.03 304.00
600.03 305.00
600.03 306.00
600.00 306.03
599.03 307.00
599.03 308.00
599.03 309.00
599.03 310.00
599.03 311.00
599.03 312.00
600.00 312.97
600.03 313.00
600.03 314.00
600.03 315.00
600.03 316.00
601.00 316.97
601.03 317.00
601.03 318.00
601.03 319.00
602.00 319.97
602.03 320.00
602.03 321.00
603.00 321.97
603.03 322.00
603.03 323.00
604.00 323.97
604.03 324.00
604.03 325.00
605.00 325.97
605.03 326.00
605.03 327.00
606.00 327.97
606.03 328.00
607.00 328.97
607.03 329.00
607.03 330.00
608.00 330.97
608.03 331.00
609.00 331.97
609.03 332.00
610.00 332.97
610.03 333.00
611.00 333.97
611.03 334.00
612.00 334.97
613.00 334.97
613.03 335.00
614.00 335.97
614.03 336.00
615.00 336.97
616.00 336.97
616.03 337.00
617.00 337.97
618.00 337.97
618.03 338.00
619.00 338.97
620.00 338.97
620.03 339.00
621.00 339.97
622.00 339.97
622.03 340.00
623.00 340.97
624.00 340.97
624.03 341.00
625.00 341.97
626.00 341.97
627.00 341.97
627.03 342.00
628.00 342.97
629.00 342.97
629.03 343.00
630.00 343.97
631.00 343.97
632.00 343.97
632.03 344.00
633.00 344.97
634.00 344.97
635.00 344.97
635.03 345.00
636.00 345.97
637.00 345.97
638.00 345.97
639.00 345.97
640.00 345.97
641.00 345.97
642.00 345.97
643.00 345.97
644.00 345.97
645.00 345.97
646.00 345.97
647.00 345.97
647.97 345.00
648.00 344.97
649.00 344.97
649.97 344.00
650.00 343.97
651.00 343.97
651.97 343.00
652.00 342.97
653.00 342.97
653.97 342.00
654.00 341.97
654.97 341.00
655.00 340.97
655.97 340.00
656.00 339.97
656.97 339.00
657.00 338.97
657.97 338.00
658.00 337.97
658.97 337.00
659.00 336.97
659.97 336.00
659.97 335.00
660.00 334.97
660.97 334.00
661.00 333.97
661.97 333.00
661.97 332.00
662.00 331.97
662.97 331.00
662.97 330.00
662.97 329.00
663.00 328.97
663.97 328.00

Contour 17:
707.97 430.00
707.97 429.00
707.97 428.00
707.97 427.00
707.97 426.00
707.97 425.00
707.97 424.00
707.97 423.00
707.97 422.00
707.97 421.00
707.97 420.00
707.97 419.00
707.97 418.00
707.00 417.03
706.97 417.00
706.97 416.00
706.00 415.03
705.97 415.00
705.00 414.03
704.97 414.00
704.97 413.00
704.00 412.03
703.97 412.00
703.00 411.03
702.97 411.00
702.00 410.03
701.97 410.00
701.00 409.03
700.97 409.00
700.00 408.03
699.97 408.00
699.00 407.03
698.97 407.00
698.00 406.03
697.97 406.00
697.00 405.03
696.00 405.03
695.97 405.00
695.00 404.03
694.00 404.03
693.00 404.03
692.97 404.00
692.00 403.03
691.00 403.03
690.97 403.00
690.00 402.03
689.00 402.03
688.00 402.03
687.97 402.00
687.00 401.03
686.00 401.03
685.97 401.00
685.00 400.03
684.00 400.03
683.00 400.03
682.97 400.00
682.00 399.03
681.00 399.03
680.97 399.00
680.00 398.03
679.00 398.03
678.00 398.03
677.97 398.00
677.00 397.03
676.00 397.03
675.00 397.03
674.97 397.00
674.00 396.03
673.00 396.03
672.00 396.03
671.00 396.03
670.00 396.03
669.00 396.03
668.00 396.03
667.00 396.03
666.00 396.03
665.00 396.03
664.00 396.03
663.00 396.03
662.00 396.03
661.00 396.03
660.00 396.03
659.03 397.00
659.00 397.03
658.00 397.03
657.00 397.03
656.03 398.00
656.00 398.03
655.00 398.03
654.03 399.00
654.00 399.03
653.00 399.03
652.03 400.00
652.00 400.03
651.03 401.00
651.00 401.03
650.03 402.00
650.00 402.03
649.03 403.00
649.00 403.03
648.03 404.00
648.00 404.03
647.03 405.00
647.00 405.03
646.03 406.00
646.03 407.00
646.03 408.00
646.00 408.03
645.03 409.00
645.03 410.00
645.03 411.00
645.03 412.00
645.03 413.00
645.00 413.03
644.03 414.00
644.03 415.00
644.03 416.00
644.03 417.00
645.00 417.97
645.03 418.00
645.03 419.00
645.03 420.00
645.03 421.00
645.03 422.00
645.03 423.00
645.03 424.00
646.00 424.97
646.03 425.00
646.03 426.00
647.00 426.97
647.03 427.00
647.03 428.00
647.03 429.00
648.00 429.97
648.03 430.00
649.00 430.97
649.03 431.00
650.00 431.97
650.03 432.00
651.00 432.97
651.03 433.00
652.00 433.97
652.03 434.00
653.00 434.97
653.03 435.00
654.00 435.97
654.03 436.00
655.00 436.97
655.03 437.00
656.00 437.97
657.00 437.97
657.03 438.00
658.00 438.97
659.00 438.97
659.03 439.00
660.00 439.97
661.00 439.97
661.03 440.00
662.00 440.97
663.00 440.97
664.00 440.97
664.03 441.00
665.00 441.97
666.00 441.97
667.00 441.97
668.00 441.97
668.03 442.00
669.00 442.97
670.00 442.97
671.00 442.97
672.00 442.97
673.00 442.97
674.00 442.97
675.00 442.97
676.00 442.97
677.00 442.97
678.00 442.97
679.00 442.97
680.00 442.97
681.00 442.97
682.00 442.97
683.00 442.97
684.00 442.97
685.00 442.97
686.00 442.97
687.00 442.97
688.00 442.97
689.00 442.97
690.00 442.97
691.00 442.97
692.00 442.97
693.00 442.97
693.97 442.00
694.00 441.97
695.00 441.97
696.00 441.97
697.00 441.97
697.97 441.00
698.00 440.97
698.97 440.00
699.00 439.97
700.00 439.97
700.97 439.00
701.00 438.97
701.97 438.00
702.00 437.97
702.97 437.00
703.00 436.97
703.97 436.00
704.00 435.97
704.97 435.00
705.00 434.97
705.97 434.00
705.97 433.00
706.00 432.97
706.97 432.00
706.97 431.00
707.00 430.97
707.97 430.00

Contour 18:
728.97 616.00
728.97 615.00
728.97 614.00
728.97 613.00
728.97 612.00
728.97 611.00
728.97 610.00
728.97 609.00
728.97 608.00
728.97 607.00
728.97 606.00
728.97 605.00
728.97 604.00
728.97 603.00
728.97 602.00
728.00 601.03
727.97 601.00
727.97 600.00
727.00 599.03
726.97 599.00
726.97 598.00
726.00 597.03
725.97 597.00
725.97 596.00
725.00 595.03
724.97 595.00
724.00 594.03
723.97 594.00
723.00 593.03
722.97 593.00
722.00 592.03
721.97 592.00
721.00 591.03
720.97 591.00
720.00 590.03
719.97 590.00
719.00 589.03
718.00 589.03
717.00 589.03
716.97 589.00
716.00 588.03
715.00 588.03
714.97 588.00
714.00 587.03
713.00 587.03
712.00 587.03
711.00 587.03
710.00 587.03
709.00 587.03
708.97 587.00
708.00 586.03
707.00 586.03
706.00 586.03
705.00 586.03
704.03 587.00
704.00 587.03
703.00 587.03
702.00 587.03
701.00 587.03
700.03 588.00
700.00 588.03
699.00 588.03
698.00 588.03
697.03 589.00
697.00 589.03
696.00 589.03
695.03 590.00
695.00 590.03
694.00 590.03
693.00 590.03
692.03 591.00
692.00 591.03
691.03 592.00
691.00 592.03
690.03 593.00
690.00 593.03
689.03 594.00
689.00 594.03
688.03 595.00
688.00 595.03
687.03 596.00
687.00 596.03
686.03 597.00
686.00 597.03
685.03 598.00
685.00 598.03
684.03 599.00
684.03 600.00
684.00 600.03
683.03 601.00
683.00 601.03
682.03 602.00
682.00 602.03
681.03 603.00
681.00 603.03
680.03 604.00
680.00 604.03
679.03 605.00
679.00 605.03
678.03 606.00
678.03 607.00
678.00 607.03
677.03 608.00
677.03 609.00
677.00 609.03
676.03 610.00
676.00 610.03
675.03 611.00
675.03 612.00
675.00 612.03
674.03 613.00
674.00 613.03
673.03 614.00
673.00 614.03
672.03 615.00
672.03 616.00
672.00 616.03
671.03 617.00
671.03 618.00
671.03 619.00
671.00 619.03
670.03 620.00
670.03 621.00
670.03 622.00
670.00 622.03
669.03 623.00
669.03 624.00
669.03 625.00
669.00 625.03
668.03 626.00
668.03 627.00
668.03 628.00
668.03 629.00
668.03 630.00
668.00 630.03
667.03 631.00
667.03 632.00
667.03 633.00
667.03 634.00
668.00 634.97
668.03 635.00
668.03 636.00
668.03 637.00
668.03 638.00
668.03 639.00
669.00 639.97
669.03 640.00
669.03 641.00
669.03 642.00
669.03 643.00
670.00 643.97
670.03 644.00
670.03 645.00
671.00 645.97
671.03 646.00
672.00 646.97
672.03 647.00
672.03 648.00
673.00 648.97
674.00 648.97
674.03 649.00
675.00 649.97
675.03 650.00
676.00 650.97
676.03 651.00
677.00 651.97
678.00 651.97
678.03 652.00
679.00 652.97
680.00 652.97
680.03 653.00
681.00 653.97
682.00 653.97
682.03 654.00
683.00 654.97
684.00 654.97
685.00 654.97
686.00 654.97
687.00 654.97
688.00 654.97
689.00 654.97
690.00 654.97
691.00 654.97
692.00 654.97
693.00 654.97
694.00 654.97
695.00 654.97
696.00 654.97
696.97 654.00
697.00 653.97
698.00 653.97
699.00 653.97
699.97 653.00
700.00 652.97
701.00 652.97
701.97 652.00
702.00 651.97
703.00 651.97
703.97 651.00
704.00 650.97
705.00 650.97
705.97 650.00
706.00 649.97
706.97 649.00
707.00 648.97
708.00 648.97
708.97 648.00
709.00 647.97
709.97 647.00
710.00 646.97
710.97 646.00
711.00 645.97
711.97 645.00
712.00 644.97
712.97 644.00
713.00 643.97
713.97 643.00
714.00 642.97
714.97 642.00
715.00 641.97
715.97 641.00
716.00 640.97
716.97 640.00
716.97 639.00
717.00 638.97
717.97 638.00
718.00 637.97
718.97 637.00
719.00 636.97
719.97 636.00
719.97 635.00
720.00 634.97
720.97 634.00
721.00 633.97
721.97 633.00
721.97 632.00
722.00 631.97
722.97 631.00
722.97 630.00
723.00 629.97
723.97 629.00
723.97 628.00
724.00 627.97
724.97 627.00
724.97 626.00
725.00 625.97
725.97 625.00
725.97 624.00
725.97 623.00
726.00 622.97
726.97 622.00
726.97 621.00
726.97 620.00
727.00 619.97
727.97 619.00
727.97 618.00
727.97 617.00
728.00 616.97
728.97 616.00

Contour 19:
789.98 887.00
789.98 886.00
789.98 885.00
789.98 884.00
789.98 883.00
789.98 882.00
789.98 881.00
789.98 880.00
789.98 879.00
789.98 878.00
789.98 877.00
789.98 876.00
789.98 875.00
789.98 874.00
789.98 873.00
789.98 872.00
789.98 871.00
789.00 870.02
788.98 870.00
788.98 869.00
788.98 868.00
788.00 867.02
787.98 867.00
787.98 866.00
787.00 865.02
786.98 865.00
786.98 864.00
786.00 863.02
785.98 863.00
785.00 862.02
784.98 862.00
784.98 861.00
784.00 860.02
783.98 860.00
783.00 859.02
782.98 859.00
782.00 858.02
781.98 858.00
781.98 857.00
781.00 856.02
780.98 856.00
780.98 855.00
780.00 854.02
779.98 854.00
779.00 853.02
778.98 853.00
778.98 852.00
778.00 851.02
777.98 851.00
777.00 850.02
776.98 850.00
776.00 849.02
775.98 849.00
775.00 848.02
774.00 848.02
773.98 848.00
773.00 847.02
772.98 847.00
772.00 846.02
771.00 846.02
770.98 846.00
770.00 845.02
769.00 845.02
768.98 845.00
768.00 844.02
767.00 844.02
766.00 844.02
765.00 844.02
764.98 844.00
764.00 843.02
763.00 843.02
762.00 843.02
761.00 843.02
760.98 843.00
760.00 842.02
759.00 842.02
758.00 842.02
757.00 842.02
756.00 842.02
755.00 842.02
754.00 842.02
753.00 842.02
752.00 842.02
751.00 842.02
750.00 842.02
749.02 843.00
749.00 843.02
748.00 843.02
747.00 843.02
746.02 844.00
746.00 844.02
745.00 844.02
744.00 844.02
743.02 845.00
743.00 845.02
742.02 846.00
742.00 846.02
741.02 847.00
741.00 847.02
740.00 847.02
739.02 848.00
739.00 848.02
738.02 849.00
738.02 850.00
738.00 850.02
737.02 851.00
737.00 851.02
736.02 852.00
736.02 853.00
736.00 853.02
735.02 854.00
735.00 854.02
734.02 855.00
734.02 856.00
734.00 856.02
733.02 857.00
733.02 858.00
733.00 858.02
732.02 859.00
732.02 860.00
732.00 860.02
731.02 861.00
731.02 862.00
731.02 863.00
731.00 863.02
730.02 864.00
730.02 865.00
730.02 866.00
730.00 866.02
729.02 867.00
729.02 868.00
729.00 868.02
728.00 868.02
727.00 868.02
726.00 868.02
725.98 868.00
725.00 867.02
724.00 867.02
723.98 867.00
723.00 866.02
722.98 866.00
722.00 865.02
721.00 865.02
720.00 865.02
719.98 865.00
719.00 864.02
718.00 864.02
717.98 864.00
717.00 863.02
716.00 863.02
715.00 863.02
714.00 863.02
713.00 863.02
712.00 863.02
711.00 863.02
710.00 863.02
709.00 863.02
708.02 864.00
708.00 864.02
707.00 864.02
706.00 864.02
705.02 865.00
705.00 865.02
704.00 865.02
703.00 865.02
702.02 866.00
702.00 866.02
701.00 866.02
700.02 867.00
700.00 867.02
699.00 867.02
698.02 868.00
698.00 868.02
697.00 868.02
696.02 869.00
696.00 869.02
695.02 870.00
695.00 870.02
694.02 871.00
694.00 871.02
693.02 872.00
693.00 872.02
692.02 873.00
692.00 873.02
691.02 874.00
691.00 874.02
690.02 875.00
690.00 875.02
689.02 876.00
689.00 876.02
688.02 877.00
688.00 877.02
687.02 878.00
687.00 878.02
686.02 879.00
686.00 879.02
685.02 880.00
685.02 881.00
685.00 881.02
684.02 882.00
684.02 883.00
684.00 883.02
683.02 884.00
683.02 885.00
683.02 886.00
683.00 886.02
682.02 887.00
682.02 888.00
682.02 889.00
682.02 890.00
682.02 891.00
682.02 892.00
682.02 893.00
682.02 894.00
682.02 895.00
682.02 896.00
682.02 897.00
682.02 898.00
682.02 899.00
682.02 900.00
682.02 901.00
682.02 902.00
683.00 902.98
683.02 903.00
683.02 904.00
683.02 905.00
683.02 906.00
683.02 907.00
684.00 907.98
684.02 908.00
684.02 909.00
684.02 910.00
685.00 910.98
685.02 911.00
685.02 912.00
685.02 913.00
686.00 913.98
686.02 914.00
686.02 915.00
686.02 916.00
687.00 916.98
687.02 917.00
687.02 918.00
688.00 918.98
688.02 919.00
689.00 919.98
689.02 920.00
689.02 921.00
690.00 921.98
690.02 922.00
691.00 922.98
691.02 923.00
692.00 923.98
692.02 924.00
693.00 924.98
693.02 925.00
694.00 925.98
695.00 925.98
695.02 926.00
696.00 926.98
697.00 926.98
697.02 927.00
698.00 927.98
699.00 927.98
700.00 927.98
700.02 928.00
701.00 928.98
702.00 928.98
703.00 928.98
703.02 929.00
704.00 929.98
705.00 929.98
706.00 929.98
707.00 929.98
707.02 930.00
708.00 930.98
709.00 930.98
710.00 930.98
711.00 930.98
712.00 930.98
713.00 930.98
714.00 930.98
715.00 930.98
716.00 930.98
717.00 930.98
717.98 930.00
718.00 929.98
719.00 929.98
720.00 929.98
720.98 929.00
721.00 928.98
722.00 928.98
723.00 928.98
723.98 928.00
724.00 927.98
725.00 927.98
725.98 927.00
726.00 926.98
726.98 926.00
727.00 925.98
728.00 925.98
728.98 925.00
729.00 924.98
729.98 924.00
730.00 923.98
731.00 923.98
731.98 923.00
732.00 922.98
732.98 922.00
733.00 921.98
733.98 921.00
733.98 920.00
734.00 919.98
734.98 919.00
735.00 918.98
735.98 918.00
736.00 917.98
736.98 917.00
736.98 916.00
737.00 915.98
737.98 915.00
737.98 914.00
738.00 913.98
738.98 913.00
738.98 912.00
739.00 911.98
739.98 911.00
739.98 910.00
739.98 909.00
740.00 908.98
740.98 908.00
740.98 907.00
740.98 906.00
740.98 905.00
740.98 904.00
740.98 903.00
741.00 902.98
741.98 902.00
742.00 901.98
743.00 901.98
744.00 901.98
745.00 901.98
745.02 902.00
746.00 902.98
747.00 902.98
747.02 903.00
748.00 903.98
749.00 903.98
749.02 904.00
750.00 904.98
751.00 904.98
751.02 905.00
752.00 905.98
753.00 905.98
753.02 906.00
754.00 906.98
755.00 906.98
756.00 906.98
757.00 906.98
757.02 907.00
758.00 907.98
759.00 907.98
760.00 907.98
761.00 907.98
762.00 907.98
763.00 907.98
764.00 907.98
765.00 907.98
766.00 907.98
767.00 907.98
768.00 907.98
769.00 907.98
770.00 907.98
770.98 907.00
771.00 906.98
772.00 906.98
773.00 906.98
773.98 906.00
774.00 905.98
775.00 905.98
775.98 905.00
776.00 904.98
777.00 904.98
777.98 904.00
778.00 903.98
778.98 903.00
779.00 902.98
779.98 902.00
780.00 901.98
780.98 901.00
781.00 900.98
781.98 900.00
782.00 899.98
782.98 899.00
782.98 898.00
783.00 897.98
783.98 897.00
784.00 896.98
784.98 896.00
784.98 895.00
785.00 894.98
785.98 894.00
786.00 893.98
786.98 893.00
786.98 892.00
787.00 891.98
787.98 891.00
787.98 890.00
788.00 889.98
788.98 889.00
788.98 888.00
789.00 887.98
789.98 887.00

Contour 20:
799.98 499.00
799.98 498.00
799.98 497.00
799.98 496.00
799.98 495.00
799.98 494.00
799.98 493.00
799.98 492.00
799.00 491.02
798.98 491.00
798.98 490.00
798.98 489.00
798.98 488.00
798.98 487.00
798.98 486.00
798.98 485.00
798.98 484.00
798.00 483.02
797.98 483.00
797.98 482.00
797.98 481.00
797.00 480.02
796.98 480.00
796.98 479.00
796.00 478.02
795.98 478.00
795.98 477.00
795.00 476.02
794.98 476.00
794.00 475.02
793.98 475.00
793.00 474.02
792.98 474.00
792.00 473.02
791.00 473.02
790.98 473.00
790.00 472.02
789.00 472.02
788.98 472.00
788.00 471.02
787.00 471.02
786.98 471.00
786.00 470.02
785.00 470.02
784.00 470.02
783.00 470.02
782.98 470.00
782.00 469.02
781.00 469.02
780.00 469.02
779.00 469.02
778.00 469.02
777.00 469.02
776.02 470.00
776.00 470.02
775.00 470.02
774.00 470.02
773.00 470.02
772.02 471.00
772.00 471.02
771.02 472.00
771.00 472.02
770.00 472.02
769.02 473.00
769.00 473.02
768.02 474.00
768.00 474.02
767.02 475.00
767.00 475.02
766.02 476.00
766.00 476.02
765.02 477.00
765.00 477.02
764.02 478.00
764.00 478.02
763.02 479.00
763.00 479.02
762.02 480.00
762.00 480.02
761.02 481.00
761.00 481.02
760.02 482.00
760.02 483.00
760.00 483.02
759.02 484.00
759.00 484.02
758.02 485.00
758.00 485.02
757.02 486.00
757.02 487.00
757.00 487.02
756.02 488.00
756.00 488.02
755.02 489.00
755.00 489.02
754.02 490.00
754.00 490.02
753.02 491.00
753.00 491.02
752.02 492.00
752.00 492.02
751.02 493.00
751.00 493.02
750.02 494.00
750.00 494.02
749.02 495.00
749.02 496.00
749.00 496.02
748.02 497.00
748.02 498.00
748.00 498.02
747.02 499.00
747.02 500.00
747.02 501.00
747.00 501.02
746.02 502.00
746.02 503.00
746.02 504.00
746.02 505.00
746.02 506.00
746.02 507.00
746.02 508.00
746.02 509.00
746.02 510.00
746.02 511.00
746.02 512.00
746.02 513.00
746.02 514.00
747.00 514.98
747.02 515.00
747.02 516.00
747.02 517.00
748.00 517.98
748.02 518.00
748.02 519.00
749.00 519.98
749.02 520.00
749.02 521.00
749.02 522.00
750.00 522.98
750.02 523.00
751.00 523.98
751.02 524.00
751.02 525.00
752.00 525.98
752.02 526.00
753.00 526.98
753.02 527.00
754.00 527.98
754.02 528.00
755.00 528.98
756.00 528.98
756.02 529.00
757.00 529.98
758.00 529.98
758.02 530.00
759.00 530.98
760.00 530.98
760.02 531.00
761.00 531.98
762.00 531.98
763.00 531.98
764.00 531.98
764.02 532.00
765.00 532.98
766.00 532.98
767.00 532.98
768.00 532.98
769.00 532.98
770.00 532.98
771.00 532.98
772.00 532.98
773.00 532.98
774.00 532.98
775.00 532.98
776.00 532.98
777.00 532.98
778.00 532.98
778.98 532.00
779.00 531.98
780.00 531.98
780.98 531.00
781.00 530.98
782.00 530.98
782.98 530.00
783.00 529.98
783.98 529.00
784.00 528.98
784.98 528.00
785.00 527.98
785.98 527.00
786.00 526.98
786.98 526.00
787.00 525.98
787.98 525.00
788.00 524.98
788.98 524.00
788.98 523.00
789.00 522.98
789.98 522.00
790.00 521.98
790.98 521.00
791.00 520.98
791.98 520.00
791.98 519.00
792.00 518.98
792.98 518.00
792.98 517.00
793.00 516.98
793.98 516.00
793.98 515.00
794.00 514.98
794.98 514.00
794.98 513.00
795.00 512.98
795.98 512.00
795.98 511.00
796.00 510.98
796.98 510.00
796.98 509.00
796.98 508.00
797.00 507.98
797.98 507.00
797.98 506.00
797.98 505.00
798.00 504.98
798.98 504.00
798.98 503.00
798.98 502.00
798.98 501.00
798.98 500.00
799.00 499.98
799.98 499.00

Contour 21:
971.98 738.00
971.98 737.00
971.98 736.00
971.98 735.00
971.98 734.00
971.98 733.00
971.00 732.02
970.98 732.00
970.98 731.00
970.98 730.00
970.98 729.00
970.98 728.00
970.00 727.02
969.98 727.00
969.98 726.00
969.98 725.00
969.98 724.00
969.00 723.02
968.98 723.00
968.98 722.00
968.98 721.00
968.00 720.02
967.98 720.00
967.98 719.00
967.00 718.02
966.98 718.00
966.98 717.00
966.00 716.02
965.98 716.00
965.00 715.02
964.98 715.00
964.98 714.00
964.00 713.02
963.98 713.00
963.00 712.02
962.98 712.00
962.00 711.02
961.98 711.00
961.00 710.02
960.00 710.02
959.98 710.00
959.00 709.02
958.98 709.00
958.00 708.02
957.00 708.02
956.98 708.00
956.00 707.02
955.00 707.02
954.98 707.00
954.00 706.02
953.00 706.02
952.00 706.02
951.98 706.00
951.00 705.02
950.00 705.02
949.00 705.02
948.98 705.00
948.00 704.02
947.00 704.02
946.00 704.02
945.00 704.02
944.98 704.00
944.00 703.02
943.00 703.02
942.00 703.02
941.00 703.02
940.00 703.02
939.98 703.00
939.00 702.02
938.00 702.02
937.00 702.02
936.00 702.02
935.00 702.02
934.00 702.02
933.00 702.02
932.00 702.02
931.00 702.02
930.00 702.02
929.00 702.02
928.00 702.02
927.00 702.02
926.00 702.02
925.00 702.02
924.00 702.02
923.00 702.02
922.00 702.02
921.02 703.00
921.00 703.02
920.00 703.02
919.00 703.02
918.02 704.00
918.00 704.02
917.00 704.02
916.02 705.00
916.00 705.02
915.00 705.02
914.02 706.00
914.00 706.02
913.02 707.00
913.00 707.02
912.02 708.00
912.00 708.02
911.02 709.00
911.00 709.02
910.02 710.00
910.02 711.00
910.00 711.02
909.02 712.00
909.02 713.00
909.00 713.02
908.02 714.00
908.02 715.00
908.02 716.00
908.00 716.02
907.02 717.00
907.02 718.00
907.02 719.00
907.02 720.00
907.02 721.00
907.02 722.00
907.02 723.00
907.02 724.00
907.02 725.00
907.02 726.00
907.02 727.00
907.02 728.00
907.02 729.00
907.02 730.00
908.00 730.98
908.02 731.00
908.02 732.00
908.02 733.00
908.02 734.00
909.00 734.98
909.02 735.00
909.02 736.00
909.02 737.00
909.02 738.00
909.02 739.00
910.00 739.98
910.02 740.00
910.02 741.00
911.00 741.98
911.02 742.00
911.02 743.00
912.00 743.98
912.02 744.00
912.02 745.00
913.00 745.98
913.02 746.00
913.02 747.00
914.00 747.98
914.02 748.00
915.00 748.98
915.02 749.00
916.00 749.98
916.02 750.00
916.02 751.00
917.00 751.98
917.02 752.00
918.00 752.98
918.02 753.00
919.00 753.98
919.02 754.00
920.00 754.98
921.00 754.98
921.02 755.00
922.00 755.98
922.02 756.00
923.00 756.98
923.02 757.00
924.00 757.98
925.00 757.98
925.02 758.00
926.00 758.98
927.00 758.98
927.02 759.00
928.00 759.98
929.00 759.98
930.00 759.98
930.02 760.00
931.00 760.98
932.00 760.98
933.00 760.98
934.00 760.98
934.02 761.00
935.00 761.98
936.00 761.98
937.00 761.98
938.00 761.98
939.00 761.98
940.00 761.98
941.00 761.98
942.00 761.98
943.00 761.98
944.00 761.98
945.00 761.98
946.00 761.98
947.00 761.98
948.00 761.98
949.00 761.98
949.98 761.00
950.00 760.98
951.00 760.98
952.00 760.98
952.98 760.00
953.00 759.98
954.00 759.98
955.00 759.98
955.98 759.00
956.00 758.98
957.00 758.98
957.98 758.00
958.00 757.98
958.98 757.00
959.00 756.98
960.00 756.98
960.98 756.00
961.00 755.98
961.98 755.00
962.00 754.98
963.00 754.98
963.98 754.00
964.00 753.98
964.98 753.00
965.00 752.98
965.98 752.00
966.00 751.98
966.98 751.00
966.98 750.00
967.00 749.98
967.98 749.00
968.00 748.98
968.98 748.00
968.98 747.00
969.00 746.98
969.98 746.00
969.98 745.00
969.98 744.00
969.98 743.00
970.00 742.98
970.98 742.00
970.98 741.00
970.98 740.00
970.98 739.00
971.00 738.98
971.98 738.00

