Contour 0:
0.00 582.50
0.50 583.00
0.50 584.00
1.00 584.50
1.50 585.00
1.50 586.00
2.00 586.50
2.50 587.00
2.50 588.00
3.00 588.50
3.50 589.00
4.00 589.50
4.50 590.00
5.00 590.50
5.50 591.00
6.00 591.50
6.50 592.00
7.00 592.50
8.00 592.50
8.50 593.00
9.00 593.50
10.00 593.50
10.50 594.00
11.00 594.50
12.00 594.50
12.50 595.00
13.00 595.50
14.00 595.50
15.00 595.50
16.00 595.50
16.50 596.00
17.00 596.50
18.00 596.50
19.00 596.50
19.50 597.00
20.00 597.50
21.00 597.50
22.00 597.50
23.00 597.50
24.00 597.50
25.00 597.50
26.00 597.50
27.00 597.50
28.00 597.50
28.50 597.00
29.00 596.50
30.00 596.50
31.00 596.50
31.50 596.00
32.00 595.50
33.00 595.50
34.00 595.50
34.50 595.00
35.00 594.50
36.00 594.50
37.00 594.50
37.50 594.00
38.00 593.50
39.00 593.50
39.50 593.00
40.00 592.50
41.00 592.50
41.50 592.00
42.00 591.50
43.00 591.50
43.50 591.00
44.00 590.50
44.50 590.00
45.00 589.50
45.50 589.00
46.00 588.50
46.50 588.00
47.00 587.50
47.50 587.00
48.00 586.50
49.00 586.50
49.50 586.00
49.50 585.00
50.00 584.50
50.50 584.00
51.00 583.50
51.50 583.00
52.00 582.50
52.50 582.00
53.00 581.50
53.50 581.00
53.50 580.00
54.00 579.50
54.50 579.00
55.00 578.50
55.50 578.00
55.50 577.00
56.00 576.50
56.50 576.00
56.50 575.00
56.50 574.00
56.50 573.00
57.00 572.50
57.50 572.00
57.50 571.00
57.50 570.00
57.50 569.00
57.50 568.00
57.50 567.00
57.50 566.00
57.50 565.00
57.50 564.00
57.50 563.00
57.50 562.00
57.50 561.00
57.50 560.00
57.50 559.00
57.00 558.50
56.50 558.00
56.50 557.00
56.50 556.00
56.00 555.50
55.50 555.00
55.50 554.00
55.50 553.00
55.00 552.50
54.50 552.00
54.50 551.00
54.00 550.50
53.50 550.00
53.00 549.50
52.50 549.00
52.50 548.00
52.00 547.50
51.50 547.00
51.00 546.50
50.50 546.00
50.00 545.50
49.50 545.00
49.00 544.50
48.50 544.00
48.00 543.50
47.50 543.00
47.00 542.50
46.50 542.00
46.00 541.50
45.00 541.50
44.50 541.00
44.00 540.50
43.00 540.50
42.50 540.00
42.00 539.50
41.00 539.50
40.50 539.00
40.00 538.50
39.00 538.50
38.50 538.00
38.00 537.50
37.00 537.50
36.00 537.50
35.00 537.50
34.50 537.00
34.00 536.50
33.00 536.50
32.00 536.50
31.00 536.50
30.00 536.50
29.00 536.50
28.00 536.50
27.00 536.50
26.00 536.50
25.50 536.00
25.00 535.50
24.00 535.50
23.50 536.00
23.00 536.50
22.00 536.50
21.00 536.50
20.00 536.50
19.00 536.50
18.50 537.00
18.00 537.50
17.00 537.50
16.00 537.50
15.50 538.00
15.00 538.50
14.00 538.50
13.50 539.00
13.00 539.50
12.50 540.00
12.00 540.50
11.00 540.50
10.50 541.00
10.00 541.50
9.50 542.00
9.00 542.50
8.50 543.00
8.00 543.50
7.00 543.50
6.50 544.00
6.00 544.50
5.50 545.00
5.00 545.50
4.50 546.00
4.00 546.50
3.50 547.00
3.00 547.50
2.50 548.00
2.00 548.50
1.50 549.00
1.50 550.00
1.00 550.50
0.50 551.00
0.00 551.50

Contour 1:
119.75 262.00
119.75 261.00
119.75 260.00
119.75 259.00
119.75 258.00
119.75 257.00
119.75 256.00
119.75 255.00
119.00 254.25
118.75 254.00
118.75 253.00
118.75 252.00
118.00 251.25
117.75 251.00
117.75 250.00
117.75 249.00
117.00 248.25
116.75 248.00
116.75 247.00
116.00 246.25
115.75 246.00
115.00 245.25
114.75 245.00
114.75 244.00
114.00 243.25
113.75 243.00
113.00 242.25
112.75 242.00
112.00 241.25
111.75 241.00
111.00 240.25
110.75 240.00
110.00 239.25
109.75 239.00
109.00 238.25
108.75 238.00
108.00 237.25
107.75 237.00
107.00 236.25
106.75 236.00
106.00 235.25
105.00 235.25
104.75 235.00
104.00 234.25
103.75 234.00
103.00 233.25
102.00 233.25
101.75 233.00
101.00 232.25
100.75 232.00
100.00 231.25
99.00 231.25
98.75 231.00
98.00 230.25
97.00 230.25
96.75 230.00
96.00 229.25
95.00 229.25
94.75 229.00
94.00 228.25
93.00 228.25
92.75 228.00
92.00 227.25
91.00 227.25
90.00 227.25
89.75 227.00
89.00 226.25
88.00 226.25
87.00 226.25
86.00 226.25
85.75 226.00
85.00 225.25
84.00 225.25
83.00 225.25
82.00 225.25
81.00 225.25
80.00 225.25
79.00 225.25
78.00 225.25
77.00 225.25
76.00 225.25
75.00 225.25
74.00 225.25
73.00 225.25
72.00 225.25
71.00 225.25
70.25 226.00
70.00 226.25
69.00 226.25
68.00 226.25
67.00 226.25
66.00 226.25
65.25 227.00
65.00 227.25
64.00 227.25
63.00 227.25
62.00 227.25
61.00 227.25
60.25 228.00
60.00 228.25
59.00 228.25
58.25 229.00
58.00 229.25
57.00 229.25
56.25 230.00
56.00 230.25
55.00 230.25
54.25 231.00
54.00 231.25
53.25 232.00
53.00 232.25
52.25 233.00
52.00 233.25
51.25 234.00
51.00 234.25
50.25 235.00
50.00 235.25
49.25 236.00
49.00 236.25
48.25 237.00
48.25 238.00
48.00 238.25
47.25 239.00
47.00 239.25
46.25 240.00
46.25 241.00
46.00 241.25
45.25 242.00
45.25 243.00
45.00 243.25
44.25 244.00
44.25 245.00
44.00 245.25
43.25 246.00
43.25 247.00
43.25 248.00
43.25 249.00
43.00 249.25
42.25 250.00
42.25 251.00
42.25 252.00
42.25 253.00
42.25 254.00
42.25 255.00
42.25 256.00
42.00 256.25
41.25 257.00
42.00 257.75
42.25 258.00
42.25 259.00
42.25 260.00
42.25 261.00
42.25 262.00
42.25 263.00
43.00 263.75
43.25 264.00
43.25 265.00
43.25 266.00
43.25 267.00
44.00 267.75
44.25 268.00
44.25 269.00
44.25 270.00
45.00 270.75
45.25 271.00
45.25 272.00
45.25 273.00
45.25 274.00
46.00 274.75
46.25 275.00
46.25 276.00
47.00 276.75
47.25 277.00
47.25 278.00
48.00 278.75
48.25 279.00
49.00 279.75
49.25 280.00
50.00 280.75
50.25 281.00
50.25 282.00
51.00 282.75
52.00 282.75
52.25 283.00
53.00 283.75
53.25 284.00
54.00 284.75
54.25 285.00
55.00 285.75
55.25 286.00
56.00 286.75
57.00 286.75
58.00 286.75
58.25 287.00
59.00 287.75
60.00 287.75
60.25 288.00
61.00 288.75
62.00 288.75
63.00 288.75
64.00 288.75
64.25 289.00
65.00 289.75
66.00 289.75
67.00 289.75
68.00 289.75
69.00 289.75
70.00 289.75
71.00 289.75
72.00 289.75
73.00 289.75
74.00 289.75
75.00 289.75
76.00 289.75
77.00 289.75
78.00 289.75
78.75 289.00
79.00 288.75
80.00 288.75
81.00 288.75
82.00 288.75
83.00 288.75
84.00 288.75
84.75 288.00
85.00 287.75
86.00 287.75
87.00 287.75
88.00 287.75
88.75 287.00
89.00 286.75
90.00 286.75
91.00 286.75
91.75 286.00
92.00 285.75
93.00 285.75
93.75 285.00
94.00 284.75
95.00 284.75
95.75 284.00
96.00 283.75
97.00 283.75
97.75 283.00
98.00 282.75
99.00 282.75
99.75 282.00
100.00 281.75
101.00 281.75
101.75 281.00
102.00 280.75
103.00 280.75
103.75 280.00
104.00 279.75
105.00 279.75
105.75 279.00
106.00 278.75
106.75 278.00
107.00 277.75
108.00 277.75
108.75 277.00
109.00 276.75
109.75 276.00
110.00 275.75
110.75 275.00
111.00 274.75
111.75 274.00
112.00 273.75
112.75 273.00
113.00 272.75
113.75 272.00
114.00 271.75
114.75 271.00
115.00 270.75
115.75 270.00
115.75 269.00
116.00 268.75
116.75 268.00
117.00 267.75
117.75 267.00
117.75 266.00
118.00 265.75
118.75 265.00
118.75 264.00
118.75 263.00
119.00 262.75
119.75 262.00

Contour 2:
186.83 115.00
186.83 114.00
186.83 113.00
186.83 112.00
186.83 111.00
186.83 110.00
186.83 109.00
186.83 108.00
186.83 107.00
186.00 106.17
185.83 106.00
185.83 105.00
185.83 104.00
185.83 103.00
185.83 102.00
185.00 101.17
184.83 101.00
184.83 100.00
184.83 99.00
184.00 98.17
183.83 98.00
183.83 97.00
183.83 96.00
183.00 95.17
182.83 95.00
182.00 94.17
181.83 94.00
181.83 93.00
181.83 92.00
181.00 91.17
180.83 91.00
180.00 90.17
179.83 90.00
179.83 89.00
179.00 88.17
178.83 88.00
178.83 87.00
178.00 86.17
177.83 86.00
177.83 85.00
177.00 84.17
176.83 84.00
176.83 83.00
176.83 82.00
176.00 81.17
175.83 81.00
175.00 80.17
174.83 80.00
174.83 79.00
174.00 78.17
173.83 78.00
173.00 77.17
172.83 77.00
172.00 76.17
171.83 76.00
171.00 75.17
170.00 75.17
169.83 75.00
169.00 74.17
168.83 74.00
168.00 73.17
167.00 73.17
166.83 73.00
166.00 72.17
165.00 72.17
164.83 72.00
164.00 71.17
163.83 71.00
163.00 70.17
162.00 70.17
161.00 70.17
160.83 70.00
160.00 69.17
159.00 69.17
158.83 69.00
158.00 68.17
157.00 68.17
156.83 68.00
156.00 67.17
155.00 67.17
154.00 67.17
153.83 67.00
153.00 66.17
152.00 66.17
151.00 66.17
150.00 66.17
149.83 66.00
149.00 65.17
148.00 65.17
147.00 65.17
146.00 65.17
145.00 65.17
144.17 66.00
144.00 66.17
143.00 66.17
142.00 66.17
141.00 66.17
140.17 67.00
140.00 67.17
139.00 67.17
138.00 67.17
137.00 67.17
136.17 68.00
136.00 68.17
135.00 68.17
134.17 69.00
134.00 69.17
133.17 70.00
133.00 70.17
132.00 70.17
131.17 71.00
131.00 71.17
130.17 72.00
130.00 72.17
129.00 72.17
128.17 73.00
128.00 73.17
127.17 74.00
127.00 74.17
126.17 75.00
126.17 76.00
126.00 76.17
125.17 77.00
125.00 77.17
124.17 78.00
124.00 78.17
123.17 79.00
123.00 79.17
122.17 80.00
122.00 80.17
121.17 81.00
121.00 81.17
120.17 82.00
120.17 83.00
120.00 83.17
119.17 84.00
119.00 84.17
118.17 85.00
118.00 85.17
117.17 86.00
117.17 87.00
117.00 87.17
116.17 88.00
116.00 88.17
115.17 89.00
115.17 90.00
115.00 90.17
114.17 91.00
114.17 92.00
114.00 92.17
113.17 93.00
113.17 94.00
113.17 95.00
113.17 96.00
113.00 96.17
112.17 97.00
112.17 98.00
112.17 99.00
112.17 100.00
112.00 100.17
111.17 101.00
111.17 102.00
111.17 103.00
111.17 104.00
111.17 105.00
111.17 106.00
111.17 107.00
111.00 107.17
110.17 108.00
110.17 109.00
110.17 110.00
110.17 111.00
110.17 112.00
110.17 113.00
110.17 114.00
110.17 115.00
110.17 116.00
110.17 117.00
110.17 118.00
111.00 118.83
111.17 119.00
111.17 120.00
111.17 121.00
111.17 122.00
111.17 123.00
112.00 123.83
112.17 124.00
112.17 125.00
112.17 126.00
112.17 127.00
113.00 127.83
113.17 128.00
113.17 129.00
113.17 130.00
114.00 130.83
114.17 131.00
114.17 132.00
115.00 132.83
115.17 133.00
115.17 134.00
116.00 134.83
116.17 135.00
117.00 135.83
117.17 136.00
118.00 136.83
118.17 137.00
118.17 138.00
119.00 138.83
119.17 139.00
120.00 139.83
120.17 140.00
121.00 140.83
121.17 141.00
122.00 141.83
122.17 142.00
123.00 142.83
123.17 143.00
124.00 143.83
124.17 144.00
125.00 144.83
125.17 145.00
126.00 145.83
126.17 146.00
127.00 146.83
127.17 147.00
128.00 147.83
128.17 148.00
129.00 148.83
129.17 149.00
130.00 149.83
131.00 149.83
131.17 150.00
132.00 150.83
133.00 150.83
133.17 151.00
134.00 151.83
135.00 151.83
135.17 152.00
136.00 152.83
137.00 152.83
137.17 153.00
138.00 153.83
139.00 153.83
140.00 153.83
141.00 153.83
142.00 153.83
143.00 153.83
143.17 154.00
144.00 154.83
144.83 154.00
145.00 153.83
146.00 153.83
147.00 153.83
148.00 153.83
149.00 153.83
150.00 153.83
150.83 153.00
151.00 152.83
152.00 152.83
153.00 152.83
154.00 152.83
154.83 152.00
155.00 151.83
156.00 151.83
156.83 151.00
157.00 150.83
158.00 150.83
158.83 150.00
159.00 149.83
160.00 149.83
160.83 149.00
161.00 148.83
162.00 148.83
163.00 148.83
163.83 148.00
164.00 147.83
165.00 147.83
165.83 147.00
166.00 146.83
167.00 146.83
167.83 146.00
168.00 145.83
168.83 145.00
169.00 144.83
170.00 144.83
170.83 144.00
171.00 143.83
171.83 143.00
172.00 142.83
172.83 142.00
173.00 141.83
174.00 141.83
174.83 141.00
175.00 140.83
175.83 140.00
176.00 139.83
176.83 139.00
176.83 138.00
177.00 137.83
177.83 137.00
178.00 136.83
178.83 136.00
179.00 135.83
179.83 135.00
179.83 134.00
180.00 133.83
180.83 133.00
180.83 132.00
181.00 131.83
181.83 131.00
182.00 130.83
182.83 130.00
182.83 129.00
182.83 128.00
183.00 127.83
183.83 127.00
183.83 126.00
183.83 125.00
183.83 124.00
184.00 123.83
184.83 123.00
184.83 122.00
184.83 121.00
184.83 120.00
185.00 119.83
185.83 119.00
185.83 118.00
185.83 117.00
185.83 116.00
186.00 115.83
186.83 115.00

Contour 3:
209.88 823.00
209.88 822.00
209.88 821.00
209.88 820.00
209.88 819.00
209.00 818.12
208.88 818.00
208.88 817.00
208.88 816.00
208.88 815.00
208.88 814.00
208.88 813.00
208.00 812.12
207.88 812.00
207.88 811.00
207.88 810.00
207.00 809.12
206.88 809.00
206.88 808.00
206.00 807.12
205.88 807.00
205.88 806.00
205.00 805.12
204.88 805.00
204.00 804.12
203.88 804.00
203.88 803.00
203.00 802.12
202.88 802.00
202.00 801.12
201.88 801.00
201.00 800.12
200.88 800.00
200.00 799.12
199.88 799.00
199.00 798.12
198.88 798.00
198.00 797.12
197.88 797.00
197.00 796.12
196.88 796.00
196.00 795.12
195.00 795.12
194.88 795.00
194.00 794.12
193.88 794.00
193.00 793.12
192.00 793.12
191.88 793.00
191.00 792.12
190.88 792.00
190.00 791.12
189.00 791.12
188.88 791.00
188.00 790.12
187.00 790.12
186.00 790.12
185.88 790.00
185.00 789.12
184.00 789.12
183.00 789.12
182.88 789.00
182.00 788.12
181.00 788.12
180.00 788.12
179.00 788.12
178.00 788.12
177.00 788.12
176.00 788.12
175.00 788.12
174.00 788.12
173.00 788.12
172.00 788.12
171.00 788.12
170.12 789.00
170.00 789.12
169.00 789.12
168.00 789.12
167.12 790.00
167.00 790.12
166.00 790.12
165.00 790.12
164.12 791.00
164.00 791.12
163.00 791.12
162.12 792.00
162.00 792.12
161.12 793.00
161.00 793.12
160.00 793.12
159.12 794.00
159.00 794.12
158.12 795.00
158.00 795.12
157.12 796.00
157.00 796.12
156.12 797.00
156.00 797.12
155.12 798.00
155.00 798.12
154.12 799.00
154.00 799.12
153.12 800.00
153.12 801.00
153.00 801.12
152.12 802.00
152.12 803.00
152.00 803.12
151.12 804.00
151.00 804.12
150.12 805.00
150.12 806.00
150.12 807.00
150.00 807.12
149.12 808.00
149.12 809.00
149.00 809.12
148.12 810.00
148.12 811.00
148.12 812.00
148.00 812.12
147.12 813.00
147.12 814.00
147.12 815.00
147.12 816.00
147.12 817.00
147.12 818.00
147.00 818.12
146.12 819.00
146.12 820.00
146.12 821.00
146.12 822.00
146.12 823.00
146.12 824.00
146.12 825.00
146.12 826.00
146.12 827.00
146.12 828.00
146.12 829.00
146.12 830.00
146.12 831.00
146.12 832.00
147.00 832.88
147.12 833.00
147.12 834.00
147.12 835.00
147.12 836.00
148.00 836.88
148.12 837.00
148.12 838.00
148.12 839.00
149.00 839.88
149.12 840.00
149.12 841.00
150.00 841.88
150.12 842.00
151.00 842.88
151.12 843.00
151.12 844.00
152.00 844.88
152.12 845.00
152.12 846.00
153.00 846.88
153.12 847.00
154.00 847.88
154.12 848.00
155.00 848.88
155.12 849.00
156.00 849.88
156.12 850.00
157.00 850.88
157.12 851.00
158.00 851.88
158.12 852.00
159.00 852.88
159.12 853.00
160.00 853.88
160.12 854.00
161.00 854.88
161.12 855.00
162.00 855.88
163.00 855.88
163.12 856.00
164.00 856.88
164.12 857.00
165.00 857.88
166.00 857.88
166.12 858.00
167.00 858.88
168.00 858.88
168.12 859.00
169.00 859.88
170.00 859.88
171.00 859.88
171.12 860.00
172.00 860.88
173.00 860.88
174.00 860.88
175.00 860.88
176.00 860.88
177.00 860.88
178.00 860.88
179.00 860.88
180.00 860.88
181.00 860.88
182.00 860.88
182.88 860.00
183.00 859.88
184.00 859.88
185.00 859.88
185.88 859.00
186.00 858.88
187.00 858.88
188.00 858.88
189.00 858.88
189.88 858.00
190.00 857.88
191.00 857.88
191.88 857.00
192.00 856.88
192.88 856.00
193.00 855.88
194.00 855.88
194.88 855.00
195.00 854.88
196.00 854.88
196.88 854.00
197.00 853.88
197.88 853.00
198.00 852.88
198.88 852.00
199.00 851.88
199.88 851.00
200.00 850.88
200.88 850.00
200.88 849.00
201.00 848.88
201.88 848.00
201.88 847.00
202.00 846.88
202.88 846.00
202.88 845.00
203.00 844.88
203.88 844.00
203.88 843.00
203.88 842.00
204.00 841.88
204.88 841.00
204.88 840.00
204.88 839.00
205.00 838.88
205.88 838.00
205.88 837.00
205.88 836.00
205.88 835.00
206.00 834.88
206.88 834.00
206.88 833.00
206.88 832.00
207.00 831.88
207.88 831.00
207.88 830.00
207.88 829.00
208.00 828.88
208.88 828.00
208.88 827.00
208.88 826.00
208.88 825.00
208.88 824.00
209.00 823.88
209.88 823.00

Contour 4:
318.90 400.00
318.90 399.00
318.90 398.00
318.90 397.00
318.90 396.00
318.90 395.00
318.90 394.00
318.90 393.00
318.90 392.00
318.90 391.00
318.90 390.00
318.90 389.00
318.90 388.00
318.90 387.00
318.90 386.00
318.90 385.00
318.00 384.10
317.90 384.00
317.90 383.00
317.90 382.00
317.90 381.00
317.00 380.10
316.90 380.00
316.90 379.00
316.00 378.10
315.90 378.00
315.00 377.10
314.90 377.00
314.90 376.00
314.00 375.10
313.90 375.00
313.00 374.10
312.90 374.00
312.00 373.10
311.90 373.00
311.90 372.00
311.00 371.10
310.90 371.00
310.00 370.10
309.90 370.00
309.00 369.10
308.00 369.10
307.90 369.00
307.00 368.10
306.90 368.00
306.00 367.10
305.00 367.10
304.90 367.00
304.00 366.10
303.00 366.10
302.90 366.00
302.00 365.10
301.00 365.10
300.90 365.00
300.00 364.10
299.00 364.10
298.90 364.00
298.00 363.10
297.00 363.10
296.00 363.10
295.00 363.10
294.90 363.00
294.00 362.10
293.00 362.10
292.00 362.10
291.00 362.10
290.00 362.10
289.00 362.10
288.00 362.10
287.00 362.10
286.00 362.10
285.10 363.00
285.00 363.10
284.00 363.10
283.00 363.10
282.00 363.10
281.10 364.00
281.00 364.10
280.00 364.10
279.00 364.10
278.10 365.00
278.00 365.10
277.00 365.10
276.10 366.00
276.00 366.10
275.10 367.00
275.00 367.10
274.00 367.10
273.10 368.00
273.00 368.10
272.00 368.10
271.10 369.00
271.00 369.10
270.10 370.00
270.00 370.10
269.10 371.00
269.00 371.10
268.10 372.00
268.00 372.10
267.10 373.00
267.00 373.10
266.10 374.00
266.00 374.10
265.10 375.00
265.00 375.10
264.10 376.00
264.10 377.00
264.00 377.10
263.10 378.00
263.10 379.00
263.00 379.10
262.10 380.00
262.10 381.00
262.00 381.10
261.10 382.00
261.10 383.00
261.00 383.10
260.10 384.00
260.10 385.00
260.00 385.10
259.10 386.00
259.10 387.00
259.00 387.10
258.10 388.00
258.10 389.00
258.00 389.10
257.10 390.00
257.10 391.00
257.10 392.00
257.00 392.10
256.10 393.00
256.10 394.00
256.10 395.00
256.10 396.00
256.10 397.00
256.10 398.00
256.10 399.00
256.00 399.10
255.10 400.00
255.10 401.00
255.10 402.00
255.10 403.00
255.10 404.00
255.10 405.00
255.10 406.00
256.00 406.90
256.10 407.00
256.10 408.00
256.10 409.00
257.00 409.90
257.10 410.00
257.10 411.00
257.10 412.00
258.00 412.90
258.10 413.00
259.00 413.90
259.10 414.00
259.10 415.00
260.00 415.90
260.10 416.00
261.00 416.90
261.10 417.00
262.00 417.90
262.10 418.00
263.00 418.90
263.10 419.00
264.00 419.90
264.10 420.00
265.00 420.90
265.10 421.00
266.00 421.90
266.10 422.00
267.00 422.90
267.10 423.00
268.00 423.90
268.10 424.00
269.00 424.90
269.10 425.00
270.00 425.90
270.10 426.00
271.00 426.90
272.00 426.90
272.10 427.00
273.00 427.90
273.10 428.00
274.00 428.90
275.00 428.90
275.10 429.00
276.00 429.90
277.00 429.90
277.10 430.00
278.00 430.90
279.00 430.90
280.00 430.90
280.10 431.00
281.00 431.90
282.00 431.90
283.00 431.90
284.00 431.90
285.00 431.90
285.10 432.00
286.00 432.90
287.00 432.90
288.00 432.90
289.00 432.90
290.00 432.90
291.00 432.90
292.00 432.90
293.00 432.90
294.00 432.90
295.00 432.90
295.90 432.00
296.00 431.90
297.00 431.90
298.00 431.90
298.90 431.00
299.00 430.90
300.00 430.90
300.90 430.00
301.00 429.90
301.90 429.00
302.00 428.90
303.00 428.90
303.90 428.00
303.90 427.00
304.00 426.90
304.90 426.00
305.00 425.90
305.90 425.00
306.00 424.90
306.90 424.00
307.00 423.90
307.90 423.00
307.90 422.00
308.00 421.90
308.90 421.00
309.00 420.90
309.90 420.00
309.90 419.00
310.00 418.90
310.90 418.00
310.90 417.00
311.00 416.90
311.90 416.00
311.90 415.00
312.00 414.90
312.90 414.00
312.90 413.00
313.00 412.90
313.90 412.00
314.00 411.90
314.90 411.00
314.90 410.00
315.00 409.90
315.90 409.00
315.90 408.00
316.00 407.90
316.90 407.00
316.90 406.00
316.90 405.00
317.00 404.90
317.90 404.00
317.90 403.00
317.90 402.00
317.90 401.00
318.00 400.90
318.90 400.00

Contour 5:
351.92 494.00
351.92 493.00
351.92 492.00
351.92 491.00
351.92 490.00
351.92 489.00
351.92 488.00
351.92 487.00
351.92 486.00
351.00 485.08
350.92 485.00
350.92 484.00
350.92 483.00
350.00 482.08
349.92 482.00
349.92 481.00
349.00 480.08
348.92 480.00
348.00 479.08
347.92 479.00
347.92 478.00
347.00 477.08
346.92 477.00
346.00 476.08
345.92 476.00
345.00 475.08
344.92 475.00
344.00 474.08
343.92 474.00
343.00 473.08
342.92 473.00
342.00 472.08
341.92 472.00
341.00 471.08
340.00 471.08
339.92 471.00
339.00 470.08
338.00 470.08
337.00 470.08
336.92 470.00
336.00 469.08
335.00 469.08
334.00 469.08
333.92 469.00
333.00 468.08
332.00 468.08
331.00 468.08
330.92 468.00
330.00 467.08
329.00 467.08
328.00 467.08
327.00 467.08
326.00 467.08
325.00 467.08
324.00 467.08
323.00 467.08
322.08 468.00
322.00 468.08
321.00 468.08
320.00 468.08
319.00 468.08
318.00 468.08
317.08 469.00
317.00 469.08
316.00 469.08
315.00 469.08
314.00 469.08
313.00 469.08
312.08 470.00
312.00 470.08
311.00 470.08
310.00 470.08
309.00 470.08
308.08 471.00
308.00 471.08
307.00 471.08
306.08 472.00
306.00 472.08
305.00 472.08
304.08 473.00
304.00 473.08
303.00 473.08
302.08 474.00
302.00 474.08
301.00 474.08
300.00 474.08
299.08 475.00
299.00 475.08
298.00 475.08
297.08 476.00
297.00 476.08
296.00 476.08
295.08 477.00
295.00 477.08
294.08 478.00
294.00 478.08
293.00 478.08
292.08 479.00
292.00 479.08
291.08 480.00
291.00 480.08
290.08 481.00
290.00 481.08
289.08 482.00
289.00 482.08
288.08 483.00
288.08 484.00
288.00 484.08
287.08 485.00
287.08 486.00
287.00 486.08
286.08 487.00
286.08 488.00
286.08 489.00
286.08 490.00
286.00 490.08
285.08 491.00
285.08 492.00
285.08 493.00
285.08 494.00
285.08 495.00
285.08 496.00
285.08 497.00
286.00 497.92
286.08 498.00
286.08 499.00
286.08 500.00
287.00 500.92
287.08 501.00
287.08 502.00
288.00 502.92
288.08 503.00
288.08 504.00
289.00 504.92
289.08 505.00
290.00 505.92
290.08 506.00
291.00 506.92
291.08 507.00
292.00 507.92
292.08 508.00
293.00 508.92
293.08 509.00
294.00 509.92
295.00 509.92
295.08 510.00
296.00 510.92
296.08 511.00
297.00 511.92
297.08 512.00
298.00 512.92
299.00 512.92
299.08 513.00
300.00 513.92
301.00 513.92
301.08 514.00
302.00 514.92
303.00 514.92
303.08 515.00
304.00 515.92
305.00 515.92
306.00 515.92
307.00 515.92
307.08 516.00
308.00 516.92
309.00 516.92
310.00 516.92
311.00 516.92
312.00 516.92
313.00 516.92
314.00 516.92
315.00 516.92
315.08 517.00
316.00 517.92
317.00 517.92
318.00 517.92
319.00 517.92
320.00 517.92
321.00 517.92
322.00 517.92
323.00 517.92
324.00 517.92
325.00 517.92
325.92 517.00
326.00 516.92
327.00 516.92
328.00 516.92
329.00 516.92
329.92 516.00
330.00 515.92
331.00 515.92
332.00 515.92
332.92 515.00
333.00 514.92
334.00 514.92
335.00 514.92
335.92 514.00
336.00 513.92
337.00 513.92
337.92 513.00
338.00 512.92
339.00 512.92
339.92 512.00
340.00 511.92
341.00 511.92
341.92 511.00
342.00 510.92
342.92 510.00
343.00 509.92
343.92 509.00
344.00 508.92
344.92 508.00
345.00 507.92
345.92 507.00
346.00 506.92
346.92 506.00
346.92 505.00
347.00 504.92
347.92 504.00
348.00 503.92
348.92 503.00
348.92 502.00
349.00 501.92
349.92 501.00
349.92 500.00
349.92 499.00
350.00 498.92
350.92 498.00
350.92 497.00
350.92 496.00
350.92 495.00
351.00 494.92
351.92 494.00

Contour 6:
344.93 12.00
344.93 11.00
344.93 10.00
344.00 9.07
343.93 9.00
343.93 8.00
343.00 7.07
342.00 7.07
341.00 7.07
340.00 7.07
339.93 7.00
339.00 6.07
338.00 6.07
337.00 6.07
336.93 6.00
336.00 5.07
335.00 5.07
334.93 5.00
334.00 4.07
333.93 4.00
333.00 3.07
332.00 3.07
331.93 3.00
331.00 2.07
330.93 2.00
330.00 1.07
329.00 1.07
328.00 1.07
327.07 2.00
327.00 2.07
326.00 2.07
325.00 2.07
324.93 2.00
324.00 1.07
323.00 1.07
322.00 1.07
321.00 1.07
320.00 1.07
319.00 1.07
318.00 1.07
317.00 1.07
316.00 1.07
315.00 1.07
314.00 1.07
313.00 1.07
312.00 1.07
311.00 1.07
310.07 2.00
310.00 2.07
309.00 2.07
308.07 3.00
308.07 4.00
308.07 5.00
308.07 6.00
308.07 7.00
308.07 8.00
308.07 9.00
308.00 9.07
307.00 9.07
306.00 9.07
305.00 9.07
304.07 10.00
304.07 11.00
304.00 11.07
303.07 12.00
303.00 12.07
302.07 13.00
302.07 14.00
303.00 14.93
303.07 15.00
303.07 16.00
304.00 16.93
304.07 17.00
304.07 18.00
305.00 18.93
306.00 18.93
306.07 19.00
307.00 19.93
308.00 19.93
308.07 20.00
309.00 20.93
310.00 20.93
311.00 20.93
312.00 20.93
313.00 20.93
313.07 21.00
314.00 21.93
314.07 22.00
315.00 22.93
316.00 22.93
316.07 23.00
317.00 23.93
318.00 23.93
319.00 23.93
320.00 23.93
321.00 23.93
322.00 23.93
323.00 23.93
324.00 23.93
325.00 23.93
325.93 23.00
326.00 22.93
326.07 23.00
327.00 23.93
328.00 23.93
329.00 23.93
329.93 23.00
330.00 22.93
331.00 22.93
332.00 22.93
333.00 22.93
334.00 22.93
335.00 22.93
335.93 22.00
336.00 21.93
337.00 21.93
337.93 21.00
338.00 20.93
338.93 20.00
339.00 19.93
339.93 19.00
340.00 18.93
340.93 18.00
341.00 17.93
341.93 17.00
342.00 16.93
342.93 16.00
343.00 15.93
343.93 15.00
343.93 14.00
343.93 13.00
344.00 12.93
344.93 12.00

Contour 7:
455.94 154.00
455.94 153.00
455.94 152.00
455.94 151.00
455.94 150.00
455.94 149.00
455.94 148.00
455.94 147.00
455.94 146.00
455.00 145.06
454.94 145.00
454.94 144.00
454.94 143.00
454.00 142.06
453.94 142.00
453.94 141.00
453.94 140.00
453.00 139.06
452.94 139.00
452.94 138.00
452.94 137.00
452.00 136.06
451.94 136.00
451.94 135.00
451.00 134.06
450.94 134.00
450.00 133.06
449.94 133.00
449.94 132.00
449.00 131.06
448.94 131.00
448.00 130.06
447.94 130.00
447.00 129.06
446.94 129.00
446.94 128.00
446.00 127.06
445.94 127.00
445.00 126.06
444.94 126.00
444.00 125.06
443.94 125.00
443.00 124.06
442.94 124.00
442.00 123.06
441.94 123.00
441.00 122.06
440.00 122.06
439.94 122.00
439.00 121.06
438.00 121.06
437.94 121.00
437.00 120.06
436.00 120.06
435.00 120.06
434.00 120.06
433.94 120.00
433.00 119.06
432.00 119.06
431.00 119.06
430.00 119.06
429.00 119.06
428.00 119.06
427.00 119.06
426.94 119.00
426.00 118.06
425.00 118.06
424.00 118.06
423.00 118.06
422.00 118.06
421.00 118.06
420.00 118.06
419.00 118.06
418.00 118.06
417.06 119.00
417.00 119.06
416.00 119.06
415.00 119.06
414.00 119.06
413.00 119.06
412.00 119.06
411.06 120.00
411.00 120.06
410.00 120.06
409.00 120.06
408.00 120.06
407.06 121.00
407.00 121.06
406.00 121.06
405.06 122.00
405.00 122.06
404.00 122.06
403.06 123.00
403.00 123.06
402.00 123.06
401.06 124.00
401.00 124.06
400.00 124.06
399.06 125.00
399.00 125.06
398.00 125.06
397.06 126.00
397.00 126.06
396.00 126.06
395.06 127.00
395.00 127.06
394.06 128.00
394.00 128.06
393.00 128.06
392.06 129.00
392.00 129.06
391.00 129.06
390.06 130.00
390.00 130.06
389.00 130.06
388.06 131.00
388.00 131.06
387.06 132.00
387.00 132.06
386.00 132.06
385.06 133.00
385.00 133.06
384.06 134.00
384.00 134.06
383.06 135.00
383.00 135.06
382.06 136.00
382.00 136.06
381.06 137.00
381.06 138.00
381.00 138.06
380.06 139.00
380.00 139.06
379.06 140.00
379.06 141.00
379.00 141.06
378.06 142.00
378.06 143.00
378.00 143.06
377.06 144.00
377.06 145.00
377.06 146.00
377.00 146.06
376.06 147.00
376.06 148.00
376.06 149.00
376.06 150.00
376.00 150.06
375.06 151.00
375.06 152.00
375.06 153.00
375.06 154.00
375.06 155.00
375.06 156.00
375.06 157.00
375.06 158.00
375.06 159.00
375.06 160.00
375.06 161.00
375.06 162.00
375.06 163.00
375.06 164.00
375.06 165.00
376.00 165.94
376.06 166.00
376.06 167.00
376.06 168.00
377.00 168.94
377.06 169.00
377.06 170.00
377.06 171.00
378.00 171.94
378.06 172.00
378.06 173.00
379.00 173.94
379.06 174.00
380.00 174.94
380.06 175.00
380.06 176.00
381.00 176.94
381.06 177.00
382.00 177.94
382.06 178.00
383.00 178.94
383.06 179.00
384.00 179.94
384.06 180.00
385.00 180.94
385.06 181.00
386.00 181.94
386.06 182.00
387.00 182.94
388.00 182.94
388.06 183.00
389.00 183.94
389.06 184.00
390.00 184.94
391.00 184.94
391.06 185.00
392.00 185.94
392.06 186.00
393.00 186.94
394.00 186.94
394.06 187.00
395.00 187.94
396.00 187.94
396.06 188.00
397.00 188.94
398.00 188.94
399.00 188.94
399.06 189.00
400.00 189.94
401.00 189.94
402.00 189.94
403.00 189.94
404.00 189.94
405.00 189.94
406.00 189.94
407.00 189.94
408.00 189.94
409.00 189.94
410.00 189.94
411.00 189.94
412.00 189.94
413.00 189.94
414.00 189.94
415.00 189.94
415.94 189.00
416.00 188.94
417.00 188.94
418.00 188.94
419.00 188.94
419.94 188.00
420.00 187.94
421.00 187.94
422.00 187.94
422.94 187.00
423.00 186.94
424.00 186.94
424.94 186.00
425.00 185.94
426.00 185.94
426.94 185.00
427.00 184.94
427.94 184.00
428.00 183.94
429.00 183.94
429.94 183.00
430.00 182.94
430.94 182.00
431.00 181.94
432.00 181.94
432.94 181.00
433.00 180.94
434.00 180.94
434.94 180.00
435.00 179.94
435.94 179.00
436.00 178.94
436.94 178.00
437.00 177.94
437.94 177.00
438.00 176.94
438.94 176.00
439.00 175.94
440.00 175.94
440.94 175.00
441.00 174.94
441.94 174.00
442.00 173.94
442.94 173.00
443.00 172.94
443.94 172.00
444.00 171.94
444.94 171.00
445.00 170.94
445.94 170.00
446.00 169.94
446.94 169.00
447.00 168.94
447.94 168.00
447.94 167.00
448.00 166.94
448.94 166.00
449.00 165.94
449.94 165.00
450.00 164.94
450.94 164.00
450.94 163.00
451.00 162.94
451.94 162.00
452.00 161.94
452.94 161.00
452.94 160.00
453.00 159.94
453.94 159.00
453.94 158.00
454.00 157.94
454.94 157.00
454.94 156.00
454.94 155.00
455.00 154.94
455.94 154.00

Contour 8:
436.94 378.00
436.94 377.00
436.94 376.00
436.94 375.00
436.94 374.00
436.94 373.00
436.00 372.06
435.94 372.00
435.94 371.00
435.94 370.00
435.94 369.00
435.00 368.06
434.94 368.00
434.94 367.00
434.94 366.00
434.00 365.06
433.94 365.00
433.94 364.00
433.00 363.06
432.94 363.00
432.94 362.00
432.00 361.06
431.94 361.00
431.94 360.00
431.00 359.06
430.94 359.00
430.00 358.06
429.94 358.00
429.00 357.06
428.94 357.00
428.94 356.00
428.00 355.06
427.94 355.00
427.00 354.06
426.94 354.00
426.00 353.06
425.94 353.00
425.00 352.06
424.94 352.00
424.00 351.06
423.00 351.06
422.94 351.00
422.00 350.06
421.94 350.00
421.00 349.06
420.94 349.00
420.00 348.06
419.00 348.06
418.94 348.00
418.00 347.06
417.00 347.06
416.94 347.00
416.00 346.06
415.00 346.06
414.00 346.06
413.94 346.00
413.00 345.06
412.00 345.06
411.00 345.06
410.00 345.06
409.00 345.06
408.94 345.00
408.00 344.06
407.00 344.06
406.00 344.06
405.00 344.06
404.06 345.00
404.00 345.06
403.00 345.06
402.00 345.06
401.00 345.06
400.06 346.00
400.00 346.06
399.00 346.06
398.06 347.00
398.00 347.06
397.00 347.06
396.06 348.00
396.00 348.06
395.00 348.06
394.06 349.00
394.00 349.06
393.06 350.00
393.00 350.06
392.00 350.06
391.06 351.00
391.00 351.06
390.00 351.06
389.06 352.00
389.00 352.06
388.06 353.00
388.00 353.06
387.06 354.00
387.00 354.06
386.06 355.00
386.00 355.06
385.06 356.00
385.00 356.06
384.06 357.00
384.06 358.00
384.00 358.06
383.06 359.00
383.06 360.00
383.06 361.00
383.00 361.06
382.06 362.00
382.06 363.00
382.06 364.00
382.06 365.00
382.06 366.00
382.06 367.00
382.06 368.00
382.06 369.00
382.06 370.00
382.06 371.00
382.06 372.00
382.06 373.00
382.06 374.00
382.06 375.00
382.06 376.00
383.00 376.94
383.06 377.00
383.06 378.00
383.06 379.00
383.06 380.00
384.00 380.94
384.06 381.00
384.06 382.00
384.06 383.00
385.00 383.94
385.06 384.00
385.06 385.00
385.06 386.00
386.00 386.94
386.06 387.00
386.06 388.00
386.06 389.00
386.06 390.00
386.06 391.00
386.06 392.00
387.00 392.94
387.06 393.00
387.06 394.00
387.06 395.00
388.00 395.94
388.06 396.00
388.06 397.00
389.00 397.94
389.06 398.00
389.06 399.00
390.00 399.94
390.06 400.00
391.00 400.94
391.06 401.00
392.00 401.94
393.00 401.94
393.06 402.00
394.00 402.94
395.00 402.94
395.06 403.00
396.00 403.94
396.06 404.00
397.00 404.94
398.00 404.94
398.06 405.00
399.00 405.94
399.06 406.00
400.00 406.94
401.00 406.94
401.06 407.00
402.00 407.94
403.00 407.94
404.00 407.94
405.00 407.94
406.00 407.94
407.00 407.94
408.00 407.94
409.00 407.94
410.00 407.94
410.94 407.00
411.00 406.94
412.00 406.94
413.00 406.94
413.94 406.00
414.00 405.94
415.00 405.94
416.00 405.94
416.94 405.00
417.00 404.94
417.94 404.00
418.00 403.94
419.00 403.94
419.94 403.00
420.00 402.94
421.00 402.94
421.94 402.00
422.00 401.94
423.00 401.94
423.94 401.00
424.00 400.94
424.94 400.00
425.00 399.94
426.00 399.94
426.94 399.00
427.00 398.94
427.94 398.00
428.00 397.94
428.94 397.00
429.00 396.94
429.94 396.00
429.94 395.00
430.00 394.94
430.94 394.00
431.00 393.94
431.94 393.00
431.94 392.00
432.00 391.94
432.94 391.00
432.94 390.00
433.00 389.94
433.94 389.00
433.94 388.00
433.94 387.00
434.00 386.94
434.94 386.00
434.94 385.00
434.94 384.00
435.00 383.94
435.94 383.00
435.94 382.00
435.94 381.00
435.94 380.00
435.94 379.00
436.00 378.94
436.94 378.00

Contour 9:
488.95 242.00
488.95 241.00
488.95 240.00
488.95 239.00
488.95 238.00
488.95 237.00
488.95 236.00
488.95 235.00
488.95 234.00
488.95 233.00
488.00 232.05
487.95 232.00
487.95 231.00
487.95 230.00
487.95 229.00
487.95 228.00
487.95 227.00
487.00 226.05
486.95 226.00
486.95 225.00
486.00 224.05
485.95 224.00
485.95 223.00
485.00 222.05
484.95 222.00
484.95 221.00
484.00 220.05
483.95 220.00
483.00 219.05
482.95 219.00
482.00 218.05
481.95 218.00
481.00 217.05
480.95 217.00
480.00 216.05
479.95 216.00
479.00 215.05
478.95 215.00
478.00 214.05
477.00 214.05
476.95 214.00
476.00 213.05
475.95 213.00
475.00 212.05
474.00 212.05
473.95 212.00
473.00 211.05
472.00 211.05
471.00 211.05
470.95 211.00
470.00 210.05
469.00 210.05
468.00 210.05
467.00 210.05
466.00 210.05
465.95 210.00
465.00 209.05
464.00 209.05
463.00 209.05
462.00 209.05
461.00 209.05
460.00 209.05
459.00 209.05
458.00 209.05
457.00 209.05
456.05 210.00
456.00 210.05
455.00 210.05
454.00 210.05
453.00 210.05
452.00 210.05
451.05 211.00
451.00 211.05
450.00 211.05
449.00 211.05
448.05 212.00
448.00 212.05
447.00 212.05
446.00 212.05
445.00 212.05
444.05 213.00
444.00 213.05
443.00 213.05
442.00 213.05
441.05 214.00
441.00 214.05
440.00 214.05
439.00 214.05
438.00 214.05
437.05 215.00
437.00 215.05
436.00 215.05
435.00 215.05
434.05 216.00
434.00 216.05
433.00 216.05
432.00 216.05
431.05 217.00
431.00 217.05
430.00 217.05
429.05 218.00
429.00 218.05
428.00 218.05
427.00 218.05
426.05 219.00
426.00 219.05
425.00 219.05
424.05 220.00
424.00 220.05
423.00 220.05
422.05 221.00
422.00 221.05
421.00 221.05
420.05 222.00
420.00 222.05
419.00 222.05
418.05 223.00
418.00 223.05
417.05 224.00
417.00 224.05
416.05 225.00
416.00 225.05
415.05 226.00
415.00 226.05
414.05 227.00
414.00 227.05
413.05 228.00
413.00 228.05
412.05 229.00
412.00 229.05
411.05 230.00
411.00 230.05
410.05 231.00
410.00 231.05
409.05 232.00
409.00 232.05
408.05 233.00
408.00 233.05
407.05 234.00
407.05 235.00
407.00 235.05
406.05 236.00
406.00 236.05
405.05 237.00
405.05 238.00
405.00 238.05
404.05 239.00
404.05 240.00
404.00 240.05
403.05 241.00
403.00 241.05
402.05 242.00
402.05 243.00
402.00 243.05
401.05 244.00
401.05 245.00
401.05 246.00
401.05 247.00
401.00 247.05
400.05 248.00
400.05 249.00
400.05 250.00
400.05 251.00
400.05 252.00
400.05 253.00
400.00 253.05
399.05 254.00
399.05 255.00
399.05 256.00
399.05 257.00
399.05 258.00
399.05 259.00
399.05 260.00
399.05 261.00
399.05 262.00
400.00 262.95
400.05 263.00
400.05 264.00
400.05 265.00
401.00 265.95
401.05 266.00
402.00 266.95
402.05 267.00
402.05 268.00
403.00 268.95
403.05 269.00
404.00 269.95
404.05 270.00
404.05 271.00
405.00 271.95
405.05 272.00
406.00 272.95
407.00 272.95
407.05 273.00
408.00 273.95
408.05 274.00
409.00 274.95
409.05 275.00
410.00 275.95
410.05 276.00
411.00 276.95
411.05 277.00
412.00 277.95
413.00 277.95
413.05 278.00
414.00 278.95
414.05 279.00
415.00 279.95
416.00 279.95
416.05 280.00
417.00 280.95
418.00 280.95
419.00 280.95
419.05 281.00
420.00 281.95
421.00 281.95
422.00 281.95
422.05 282.00
423.00 282.95
424.00 282.95
425.00 282.95
426.00 282.95
427.00 282.95
428.00 282.95
428.05 283.00
429.00 283.95
430.00 283.95
431.00 283.95
432.00 283.95
433.00 283.95
434.00 283.95
435.00 283.95
436.00 283.95
437.00 283.95
438.00 283.95
438.95 283.00
439.00 282.95
440.00 282.95
441.00 282.95
442.00 282.95
443.00 282.95
444.00 282.95
445.00 282.95
446.00 282.95
446.95 282.00
447.00 281.95
448.00 281.95
449.00 281.95
449.95 281.00
450.00 280.95
451.00 280.95
452.00 280.95
453.00 280.95
453.95 280.00
454.00 279.95
455.00 279.95
456.00 279.95
456.95 279.00
457.00 278.95
458.00 278.95
458.95 278.00
459.00 277.95
459.95 277.00
460.00 276.95
461.00 276.95
461.95 276.00
462.00 275.95
463.00 275.95
463.95 275.00
464.00 274.95
464.95 274.00
465.00 273.95
465.95 273.00
466.00 272.95
467.00 272.95
467.95 272.00
468.00 271.95
468.95 271.00
469.00 270.95
469.95 270.00
470.00 269.95
470.95 269.00
471.00 268.95
472.00 268.95
472.95 268.00
473.00 267.95
473.95 267.00
474.00 266.95
474.95 266.00
475.00 265.95
475.95 265.00
476.00 264.95
476.95 264.00
477.00 263.95
477.95 263.00
478.00 262.95
478.95 262.00
479.00 261.95
479.95 261.00
480.00 260.95
480.95 260.00
480.95 259.00
481.00 258.95
481.95 258.00
482.00 257.95
482.95 257.00
483.00 256.95
483.95 256.00
483.95 255.00
484.00 254.95
484.95 254.00
484.95 253.00
485.00 252.95
485.95 252.00
485.95 251.00
486.00 250.95
486.95 250.00
486.95 249.00
486.95 248.00
487.00 247.95
487.95 247.00
487.95 246.00
487.95 245.00
487.95 244.00
487.95 243.00
488.00 242.95
488.95 242.00

Contour 10:
503.95 502.00
503.95 501.00
503.95 500.00
503.95 499.00
503.95 498.00
503.95 497.00
503.95 496.00
503.00 495.05
502.95 495.00
502.95 494.00
502.95 493.00
502.95 492.00
502.95 491.00
502.00 490.05
501.95 490.00
501.95 489.00
501.95 488.00
501.00 487.05
500.95 487.00
500.95 486.00
500.00 485.05
499.95 485.00
499.95 484.00
499.00 483.05
498.95 483.00
498.00 482.05
497.95 482.00
497.00 481.05
496.95 481.00
496.95 480.00
496.00 479.05
495.95 479.00
495.00 478.05
494.95 478.00
494.00 477.05
493.00 477.05
492.95 477.00
492.00 476.05
491.95 476.00
491.00 475.05
490.00 475.05
489.95 475.00
489.00 474.05
488.00 474.05
487.95 474.00
487.00 473.05
486.00 473.05
485.00 473.05
484.95 473.00
484.00 472.05
483.00 472.05
482.00 472.05
481.00 472.05
480.00 472.05
479.00 472.05
478.00 472.05
477.00 472.05
476.00 472.05
475.00 472.05
474.00 472.05
473.00 472.05
472.00 472.05
471.00 472.05
470.00 472.05
469.00 472.05
468.05 473.00
468.00 473.05
467.00 473.05
466.00 473.05
465.00 473.05
464.00 473.05
463.00 473.05
462.00 473.05
461.95 473.00
461.00 472.05
460.00 472.05
459.00 472.05
458.00 472.05
457.00 472.05
456.00 472.05
455.05 473.00
455.00 473.05
454.00 473.05
453.00 473.05
452.05 474.00
452.00 474.05
451.00 474.05
450.00 474.05
449.05 475.00
449.00 475.05
448.00 475.05
447.05 476.00
447.00 476.05
446.00 476.05
445.05 477.00
445.00 477.05
444.05 478.00
444.00 478.05
443.00 478.05
442.05 479.00
442.00 479.05
441.05 480.00
441.00 480.05
440.05 481.00
440.00 481.05
439.05 482.00
439.00 482.05
438.05 483.00
438.00 483.05
437.05 484.00
437.05 485.00
437.00 485.05
436.05 486.00
436.05 487.00
436.00 487.05
435.05 488.00
435.05 489.00
435.05 490.00
435.05 491.00
435.05 492.00
435.00 492.05
434.05 493.00
434.05 494.00
435.00 494.95
435.05 495.00
435.05 496.00
435.05 497.00
435.05 498.00
435.05 499.00
435.05 500.00
435.05 501.00
436.00 501.95
436.05 502.00
436.05 503.00
436.05 504.00
436.05 505.00
437.00 505.95
437.05 506.00
437.05 507.00
437.05 508.00
438.00 508.95
438.05 509.00
439.00 509.95
439.05 510.00
439.05 511.00
440.00 511.95
440.05 512.00
441.00 512.95
441.05 513.00
442.00 513.95
442.05 514.00
443.00 514.95
443.05 515.00
444.00 515.95
444.05 516.00
445.00 516.95
445.05 517.00
445.05 518.00
446.00 518.95
446.05 519.00
447.00 519.95
447.05 520.00
448.00 520.95
448.05 521.00
449.00 521.95
449.05 522.00
450.00 522.95
451.00 522.95
451.05 523.00
452.00 523.95
453.00 523.95
454.00 523.95
455.00 523.95
456.00 523.95
457.00 523.95
458.00 523.95
459.00 523.95
460.00 523.95
461.00 523.95
462.00 523.95
463.00 523.95
464.00 523.95
465.00 523.95
466.00 523.95
466.05 524.00
467.00 524.95
468.00 524.95
469.00 524.95
470.00 524.95
471.00 524.95
472.00 524.95
473.00 524.95
474.00 524.95
475.00 524.95
476.00 524.95
477.00 524.95
477.95 524.00
478.00 523.95
479.00 523.95
480.00 523.95
481.00 523.95
482.00 523.95
482.95 523.00
483.00 522.95
484.00 522.95
485.00 522.95
486.00 522.95
486.95 522.00
487.00 521.95
488.00 521.95
489.00 521.95
489.95 521.00
490.00 520.95
491.00 520.95
491.95 520.00
492.00 519.95
493.00 519.95
493.95 519.00
494.00 518.95
495.00 518.95
495.95 518.00
496.00 517.95
496.95 517.00
497.00 516.95
497.95 516.00
498.00 515.95
498.95 515.00
499.00 514.95
499.95 514.00
499.95 513.00
500.00 512.95
500.95 512.00
501.00 511.95
501.95 511.00
501.95 510.00
501.95 509.00
502.00 508.95
502.95 508.00
502.95 507.00
502.95 506.00
502.95 505.00
502.95 504.00
502.95 503.00
503.00 502.95
503.95 502.00

Contour 11:
522.96 709.00
522.96 708.00
522.96 707.00
522.96 706.00
522.96 705.00
522.96 704.00
522.96 703.00
522.00 702.04
521.96 702.00
521.96 701.00
521.96 700.00
521.96 699.00
521.96 698.00
521.00 697.04
520.96 697.00
520.96 696.00
520.96 695.00
520.96 694.00
520.00 693.04
519.96 693.00
519.96 692.00
519.96 691.00
519.96 690.00
519.00 689.04
518.96 689.00
518.96 688.00
518.00 687.04
517.96 687.00
517.96 686.00
517.00 685.04
516.96 685.00
516.00 684.04
515.96 684.00
515.00 683.04
514.96 683.00
514.00 682.04
513.96 682.00
513.00 681.04
512.96 681.00
512.00 680.04
511.96 680.00
511.00 679.04
510.00 679.04
509.96 679.00
509.00 678.04
508.00 678.04
507.96 678.00
507.00 677.04
506.00 677.04
505.96 677.00
505.00 676.04
504.00 676.04
503.00 676.04
502.96 676.00
502.00 675.04
501.00 675.04
500.00 675.04
499.00 675.04
498.00 675.04
497.00 675.04
496.96 675.00
496.00 674.04
495.00 674.04
494.00 674.04
493.04 675.00
493.00 675.04
492.00 675.04
491.00 675.04
490.00 675.04
489.00 675.04
488.00 675.04
487.00 675.04
486.04 676.00
486.00 676.04
485.00 676.04
484.00 676.04
483.00 676.04
482.04 677.00
482.00 677.04
481.00 677.04
480.04 678.00
480.00 678.04
479.00 678.04
478.04 679.00
478.00 679.04
477.00 679.04
476.04 680.00
476.00 680.04
475.04 681.00
475.00 681.04
474.00 681.04
473.04 682.00
473.00 682.04
472.04 683.00
472.00 683.04
471.04 684.00
471.00 684.04
470.04 685.00
470.00 685.04
469.04 686.00
469.00 686.04
468.04 687.00
468.00 687.04
467.04 688.00
467.04 689.00
467.00 689.04
466.04 690.00
466.00 690.04
465.04 691.00
465.04 692.00
465.00 692.04
464.04 693.00
464.04 694.00
464.00 694.04
463.04 695.00
463.04 696.00
463.00 696.04
462.04 697.00
462.04 698.00
462.04 699.00
462.00 699.04
461.04 700.00
461.04 701.00
461.04 702.00
461.04 703.00
461.04 704.00
461.00 704.04
460.04 705.00
460.04 706.00
460.04 707.00
460.04 708.00
460.04 709.00
460.04 710.00
461.00 710.96
461.04 711.00
461.04 712.00
461.04 713.00
461.04 714.00
461.04 715.00
462.00 715.96
462.04 716.00
462.04 717.00
462.04 718.00
462.04 719.00
463.00 719.96
463.04 720.00
463.04 721.00
463.04 722.00
463.04 723.00
464.00 723.96
464.04 724.00
464.04 725.00
464.04 726.00
465.00 726.96
465.04 727.00
466.00 727.96
466.04 728.00
467.00 728.96
467.04 729.00
468.00 729.96
468.04 730.00
469.00 730.96
469.04 731.00
470.00 731.96
470.04 732.00
471.00 732.96
471.04 733.00
472.00 733.96
473.00 733.96
473.04 734.00
474.00 734.96
475.00 734.96
475.04 735.00
476.00 735.96
477.00 735.96
477.04 736.00
478.00 736.96
479.00 736.96
479.04 737.00
480.00 737.96
481.00 737.96
481.04 738.00
482.00 738.96
483.00 738.96
483.04 739.00
484.00 739.96
485.00 739.96
486.00 739.96
487.00 739.96
488.00 739.96
489.00 739.96
490.00 739.96
491.00 739.96
491.96 739.00
492.00 738.96
493.00 738.96
494.00 738.96
495.00 738.96
495.96 738.00
496.00 737.96
496.96 737.00
497.00 736.96
498.00 736.96
498.96 736.00
499.00 735.96
500.00 735.96
500.96 735.00
501.00 734.96
501.96 734.00
502.00 733.96
503.00 733.96
503.96 733.00
504.00 732.96
505.00 732.96
505.96 732.00
506.00 731.96
506.96 731.00
507.00 730.96
508.00 730.96
508.96 730.00
509.00 729.96
510.00 729.96
510.96 729.00
511.00 728.96
511.96 728.00
512.00 727.96
512.96 727.00
513.00 726.96
513.96 726.00
513.96 725.00
514.00 724.96
514.96 724.00
515.00 723.96
515.96 723.00
516.00 722.96
516.96 722.00
516.96 721.00
517.00 720.96
517.96 720.00
518.00 719.96
518.96 719.00
519.00 718.96
519.96 718.00
519.96 717.00
520.00 716.96
520.96 716.00
520.96 715.00
521.00 714.96
521.96 714.00
521.96 713.00
521.96 712.00
521.96 711.00
521.96 710.00
522.00 709.96
522.96 709.00

Contour 12:
548.96 458.00
548.96 457.00
548.96 456.00
548.96 455.00
548.96 454.00
548.96 453.00
548.96 452.00
548.96 451.00
548.96 450.00
548.96 449.00
548.96 448.00
548.96 447.00
548.00 446.04
547.96 446.00
547.96 445.00
547.96 444.00
547.00 443.04
546.96 443.00
546.96 442.00
546.96 441.00
546.00 440.04
545.96 440.00
545.00 439.04
544.96 439.00
544.96 438.00
544.00 437.04
543.96 437.00
543.00 436.04
542.96 436.00
542.00 435.04
541.96 435.00
541.96 434.00
541.00 433.04
540.96 433.00
540.00 432.04
539.96 432.00
539.00 431.04
538.96 431.00
538.00 430.04
537.96 430.00
537.00 429.04
536.96 429.00
536.00 428.04
535.00 428.04
534.96 428.00
534.00 427.04
533.96 427.00
533.00 426.04
532.96 426.00
532.00 425.04
531.00 425.04
530.96 425.00
530.00 424.04
529.00 424.04
528.96 424.00
528.00 423.04
527.00 423.04
526.00 423.04
525.96 423.00
525.00 422.04
524.00 422.04
523.00 422.04
522.00 422.04
521.96 422.00
521.00 421.04
520.00 421.04
519.00 421.04
518.00 421.04
517.00 421.04
516.00 421.04
515.00 421.04
514.00 421.04
513.00 421.04
512.04 422.00
512.00 422.04
511.00 422.04
510.00 422.04
509.00 422.04
508.04 423.00
508.00 423.04
507.00 423.04
506.00 423.04
505.04 424.00
505.00 424.04
504.00 424.04
503.04 425.00
503.00 425.04
502.04 426.00
502.00 426.04
501.04 427.00
501.00 427.04
500.00 427.04
499.04 428.00
499.00 428.04
498.04 429.00
498.04 430.00
498.00 430.04
497.04 431.00
497.00 431.04
496.04 432.00
496.00 432.04
495.04 433.00
495.04 434.00
495.00 434.04
494.04 435.00
494.04 436.00
494.00 436.04
493.04 437.00
493.04 438.00
493.00 438.04
492.04 439.00
492.04 440.00
492.04 441.00
492.00 441.04
491.04 442.00
491.04 443.00
491.00 443.04
490.04 444.00
490.04 445.00
490.04 446.00
490.00 446.04
489.04 447.00
489.04 448.00
489.04 449.00
489.04 450.00
489.04 451.00
489.04 452.00
489.04 453.00
489.04 454.00
489.04 455.00
489.04 456.00
489.04 457.00
489.04 458.00
489.04 459.00
489.04 460.00
490.00 460.96
490.04 461.00
490.04 462.00
490.04 463.00
491.00 463.96
491.04 464.00
491.04 465.00
492.00 465.96
492.04 466.00
492.04 467.00
493.00 467.96
493.04 468.00
493.04 469.00
494.00 469.96
494.04 470.00
494.04 471.00
495.00 471.96
495.04 472.00
496.00 472.96
496.04 473.00
497.00 473.96
497.04 474.00
498.00 474.96
498.04 475.00
498.04 476.00
499.00 476.96
499.04 477.00
500.00 477.96
500.04 478.00
501.00 478.96
501.04 479.00
502.00 479.96
502.04 480.00
503.00 480.96
504.00 480.96
504.04 481.00
505.00 481.96
505.04 482.00
506.00 482.96
507.00 482.96
507.04 483.00
508.00 483.96
509.00 483.96
509.04 484.00
510.00 484.96
511.00 484.96
512.00 484.96
513.00 484.96
514.00 484.96
514.04 485.00
515.00 485.96
516.00 485.96
517.00 485.96
518.00 485.96
518.96 485.00
519.00 484.96
520.00 484.96
521.00 484.96
522.00 484.96
523.00 484.96
524.00 484.96
525.00 484.96
525.96 484.00
526.00 483.96
527.00 483.96
528.00 483.96
528.96 483.00
529.00 482.96
530.00 482.96
530.96 482.00
531.00 481.96
532.00 481.96
532.96 481.00
533.00 480.96
534.00 480.96
534.96 480.00
535.00 479.96
535.96 479.00
536.00 478.96
536.96 478.00
537.00 477.96
537.96 477.00
538.00 476.96
538.96 476.00
539.00 475.96
539.96 475.00
540.00 474.96
540.96 474.00
541.00 473.96
541.96 473.00
541.96 472.00
542.00 471.96
542.96 471.00
543.00 470.96
543.96 470.00
543.96 469.00
544.00 468.96
544.96 468.00
545.00 467.96
545.96 467.00
545.96 466.00
546.00 465.96
546.96 465.00
546.96 464.00
546.96 463.00
547.00 462.96
547.96 462.00
547.96 461.00
547.96 460.00
547.96 459.00
548.00 458.96
548.96 458.00

Contour 13:
558.96 334.00
558.96 333.00
558.96 332.00
558.96 331.00
558.96 330.00
558.96 329.00
558.96 328.00
558.96 327.00
558.96 326.00
558.96 325.00
558.96 324.00
558.96 323.00
558.96 322.00
558.96 321.00
558.96 320.00
558.96 319.00
558.96 318.00
558.96 317.00
558.00 316.04
557.96 316.00
557.96 315.00
557.96 314.00
557.00 313.04
556.96 313.00
556.96 312.00
556.00 311.04
555.96 311.00
555.00 310.04
554.96 310.00
554.96 309.00
554.00 308.04
553.96 308.00
553.00 307.04
552.96 307.00
552.96 306.00
552.00 305.04
551.96 305.00
551.00 304.04
550.96 304.00
550.96 303.00
550.00 302.04
549.96 302.00
549.00 301.04
548.96 301.00
548.00 300.04
547.96 300.00
547.00 299.04
546.00 299.04
545.96 299.00
545.00 298.04
544.96 298.00
544.00 297.04
543.96 297.00
543.00 296.04
542.00 296.04
541.96 296.00
541.00 295.04
540.00 295.04
539.96 295.00
539.00 294.04
538.00 294.04
537.00 294.04
536.96 294.00
536.00 293.04
535.00 293.04
534.00 293.04
533.96 293.00
533.00 292.04
532.00 292.04
531.00 292.04
530.00 292.04
529.00 292.04
528.00 292.04
527.00 292.04
526.00 292.04
525.00 292.04
524.00 292.04
523.00 292.04
522.04 293.00
522.00 293.04
521.00 293.04
520.00 293.04
519.04 294.00
519.00 294.04
518.00 294.04
517.00 294.04
516.04 295.00
516.00 295.04
515.00 295.04
514.04 296.00
514.00 296.04
513.04 297.00
513.00 297.04
512.00 297.04
511.04 298.00
511.00 298.04
510.04 299.00
510.00 299.04
509.04 300.00
509.00 300.04
508.04 301.00
508.00 301.04
507.04 302.00
507.04 303.00
507.00 303.04
506.04 304.00
506.00 304.04
505.04 305.00
505.04 306.00
505.00 306.04
504.04 307.00
504.04 308.00
504.00 308.04
503.04 309.00
503.04 310.00
503.04 311.00
503.00 311.04
502.04 312.00
502.04 313.00
502.04 314.00
502.04 315.00
502.04 316.00
502.04 317.00
502.04 318.00
502.00 318.04
501.04 319.00
501.04 320.00
501.04 321.00
501.04 322.00
502.00 322.96
502.04 323.00
502.04 324.00
502.04 325.00
502.04 326.00
502.04 327.00
502.04 328.00
502.04 329.00
502.04 330.00
502.04 331.00
503.00 331.96
503.04 332.00
503.04 333.00
503.04 334.00
504.00 334.96
504.04 335.00
504.04 336.00
505.00 336.96
505.04 337.00
505.04 338.00
506.00 338.96
506.04 339.00
506.04 340.00
507.00 340.96
507.04 341.00
507.04 342.00
508.00 342.96
508.04 343.00
508.04 344.00
509.00 344.96
509.04 345.00
510.00 345.96
510.04 346.00
510.04 347.00
511.00 347.96
511.04 348.00
512.00 348.96
512.04 349.00
512.04 350.00
513.00 350.96
514.00 350.96
514.04 351.00
515.00 351.96
515.04 352.00
516.00 352.96
516.04 353.00
517.00 353.96
518.00 353.96
518.04 354.00
519.00 354.96
520.00 354.96
520.04 355.00
521.00 355.96
522.00 355.96
523.00 355.96
524.00 355.96
524.04 356.00
525.00 356.96
526.00 356.96
527.00 356.96
528.00 356.96
529.00 356.96
530.00 356.96
531.00 356.96
532.00 356.96
533.00 356.96
533.96 356.00
534.00 355.96
535.00 355.96
536.00 355.96
536.96 355.00
537.00 354.96
538.00 354.96
539.00 354.96
539.96 354.00
540.00 353.96
541.00 353.96
542.00 353.96
542.96 353.00
543.00 352.96
543.96 352.00
544.00 351.96
545.00 351.96
545.96 351.00
546.00 350.96
546.96 350.00
547.00 349.96
547.96 349.00
548.00 348.96
549.00 348.96
549.96 348.00
550.00 347.96
550.96 347.00
550.96 346.00
551.00 345.96
551.96 345.00
552.00 344.96
552.96 344.00
553.00 343.96
553.96 343.00
553.96 342.00
554.00 341.96
554.96 341.00
555.00 340.96
555.96 340.00
555.96 339.00
556.00 338.96
556.96 338.00
556.96 337.00
557.00 336.96
557.96 336.00
557.96 335.00
558.00 334.96
558.96 334.00

Contour 14:
581.97 557.00
581.97 556.00
581.97 555.00
581.97 554.00
581.97 553.00
581.97 552.00
581.97 551.00
581.00 550.03
580.97 550.00
580.97 549.00
580.97 548.00
580.97 547.00
580.00 546.03
579.97 546.00
579.97 545.00
579.00 544.03
578.97 544.00
578.97 543.00
578.00 542.03
577.97 542.00
577.00 541.03
576.97 541.00
576.97 540.00
576.00 539.03
575.97 539.00
575.00 538.03
574.97 538.00
574.00 537.03
573.97 537.00
573.00 536.03
572.97 536.00
572.00 535.03
571.00 535.03
570.97 535.00
570.00 534.03
569.00 534.03
568.97 534.00
568.00 533.03
567.00 533.03
566.97 533.00
566.00 532.03
565.00 532.03
564.97 532.00
564.00 531.03
563.00 531.03
562.00 531.03
561.00 531.03
560.00 531.03
559.97 531.00
559.00 530.03
558.00 530.03
557.00 530.03
556.00 530.03
555.00 530.03
554.00 530.03
553.03 531.00
553.00 531.03
552.00 531.03
551.00 531.03
550.00 531.03
549.00 531.03
548.03 532.00
548.00 532.03
547.00 532.03
546.00 532.03
545.03 533.00
545.00 533.03
544.00 533.03
543.03 534.00
543.00 534.03
542.00 534.03
541.03 535.00
541.00 535.03
540.00 535.03
539.03 536.00
539.00 536.03
538.00 536.03
537.03 537.00
537.00 537.03
536.03 538.00
536.00 538.03
535.00 538.03
534.03 539.00
534.00 539.03
533.03 540.00
533.00 540.03
532.03 541.00
532.00 541.03
531.03 542.00
531.00 542.03
530.03 543.00
530.00 543.03
529.03 544.00
529.00 544.03
528.03 545.00
528.00 545.03
527.03 546.00
527.00 546.03
526.03 547.00
526.03 548.00
526.00 548.03
525.03 549.00
525.03 550.00
525.00 550.03
524.03 551.00
524.03 552.00
524.03 553.00
524.00 553.03
523.03 554.00
523.03 555.00
523.03 556.00
523.00 556.03
522.03 557.00
522.03 558.00
522.03 559.00
522.03 560.00
522.03 561.00
522.03 562.00
522.03 563.00
522.03 564.00
522.03 565.00
522.03 566.00
522.03 567.00
522.03 568.00
522.03 569.00
522.03 570.00
522.03 571.00
523.00 571.97
523.03 572.00
523.03 573.00
523.03 574.00
523.03 575.00
524.00 575.97
524.03 576.00
524.03 577.00
524.03 578.00
525.00 578.97
525.03 579.00
526.00 579.97
526.03 580.00
526.03 581.00
527.00 581.97
527.03 582.00
527.03 583.00
528.00 583.97
528.03 584.00
529.00 584.97
529.03 585.00
530.00 585.97
530.03 586.00
531.00 586.97
531.03 587.00
532.00 587.97
532.03 588.00
533.00 588.97
533.03 589.00
534.00 589.97
534.03 590.00
535.00 590.97
536.00 590.97
536.03 591.00
537.00 591.97
538.00 591.97
539.00 591.97
539.03 592.00
540.00 592.97
541.00 592.97
542.00 592.97
543.00 592.97
544.00 592.97
545.00 592.97
546.00 592.97
547.00 592.97
548.00 592.97
549.00 592.97
550.00 592.97
551.00 592.97
552.00 592.97
552.97 592.00
553.00 591.97
554.00 591.97
555.00 591.97
556.00 591.97
556.97 591.00
557.00 590.97
557.97 590.00
558.00 589.97
559.00 589.97
559.97 589.00
560.00 588.97
561.00 588.97
561.97 588.00
562.00 587.97
563.00 587.97
563.97 587.00
564.00 586.97
564.97 586.00
565.00 585.97
565.97 585.00
566.00 584.97
566.97 584.00
567.00 583.97
567.97 583.00
568.00 582.97
568.97 582.00
568.97 581.00
569.00 580.97
569.97 580.00
570.00 579.97
570.97 579.00
571.00 578.97
571.97 578.00
571.97 577.00
572.00 576.97
572.97 576.00
573.00 575.97
573.97 575.00
573.97 574.00
574.00 573.97
574.97 573.00
575.00 572.97
575.97 572.00
575.97 571.00
576.00 570.97
576.97 570.00
576.97 569.00
577.00 568.97
577.97 568.00
577.97 567.00
578.00 566.97
578.97 566.00
578.97 565.00
579.00 564.97
579.97 564.00
579.97 563.00
580.00 562.97
580.97 562.00
580.97 561.00
580.97 560.00
580.97 559.00
580.97 558.00
581.00 557.97
581.97 557.00

Contour 15:
625.97 644.00
625.97 643.00
625.97 642.00
625.97 641.00
625.97 640.00
625.97 639.00
625.97 638.00
625.97 637.00
625.00 636.03
624.97 636.00
624.97 635.00
624.97 634.00
624.97 633.00
624.97 632.00
624.00 631.03
623.97 631.00
623.97 630.00
623.97 629.00
623.00 628.03
622.97 628.00
622.97 627.00
622.00 626.03
621.97 626.00
621.97 625.00
621.00 624.03
620.97 624.00
620.00 623.03
619.97 623.00
619.00 622.03
618.97 622.00
618.00 621.03
617.00 621.03
616.97 621.00
616.00 620.03
615.97 620.00
615.00 619.03
614.00 619.03
613.97 619.00
613.00 618.03
612.97 618.00
612.00 617.03
611.00 617.03
610.97 617.00
610.00 616.03
609.00 616.03
608.00 616.03
607.97 616.00
607.00 615.03
606.00 615.03
605.00 615.03
604.97 615.00
604.00 614.03
603.00 614.03
602.00 614.03
601.00 614.03
600.00 614.03
599.00 614.03
598.00 614.03
597.00 614.03
596.00 614.03
595.00 614.03
594.00 614.03
593.00 614.03
592.00 614.03
591.03 615.00
591.00 615.03
590.00 615.03
589.00 615.03
588.00 615.03
587.03 616.00
587.00 616.03
586.00 616.03
585.00 616.03
584.03 617.00
584.00 617.03
583.00 617.03
582.03 618.00
582.00 618.03
581.00 618.03
580.00 618.03
579.03 619.00
579.00 619.03
578.03 620.00
578.00 620.03
577.00 620.03
576.03 621.00
576.00 621.03
575.00 621.03
574.03 622.00
574.00 622.03
573.03 623.00
573.00 623.03
572.00 623.03
571.03 624.00
571.00 624.03
570.03 625.00
570.00 625.03
569.03 626.00
569.00 626.03
568.03 627.00
568.03 628.00
568.00 628.03
567.03 629.00
567.00 629.03
566.03 630.00
566.03 631.00
566.03 632.00
566.00 632.03
565.03 633.00
565.03 634.00
565.03 635.00
565.00 635.03
564.03 636.00
564.03 637.00
564.03 638.00
564.00 638.03
563.03 639.00
563.03 640.00
563.00 640.03
562.03 641.00
562.03 642.00
562.03 643.00
562.00 643.03
561.03 644.00
561.03 645.00
561.03 646.00
561.03 647.00
561.03 648.00
561.03 649.00
561.03 650.00
561.03 651.00
561.03 652.00
561.03 653.00
561.03 654.00
561.03 655.00
562.00 655.97
562.03 656.00
562.03 657.00
562.03 658.00
563.00 658.97
563.03 659.00
564.00 659.97
564.03 660.00
564.03 661.00
565.00 661.97
565.03 662.00
565.03 663.00
566.00 663.97
566.03 664.00
567.00 664.97
567.03 665.00
568.00 665.97
568.03 666.00
568.03 667.00
569.00 667.97
569.03 668.00
569.03 669.00
569.03 670.00
570.00 670.97
570.03 671.00
571.00 671.97
571.03 672.00
572.00 672.97
572.03 673.00
572.03 674.00
573.00 674.97
573.03 675.00
574.00 675.97
575.00 675.97
575.03 676.00
576.00 676.97
577.00 676.97
577.03 677.00
578.00 677.97
579.00 677.97
580.00 677.97
581.00 677.97
581.03 678.00
582.00 678.97
583.00 678.97
584.00 678.97
585.00 678.97
585.03 679.00
586.00 679.97
587.00 679.97
588.00 679.97
589.00 679.97
590.00 679.97
591.00 679.97
592.00 679.97
593.00 679.97
594.00 679.97
594.97 679.00
595.00 678.97
596.00 678.97
597.00 678.97
598.00 678.97
598.97 678.00
599.00 677.97
600.00 677.97
600.97 677.00
601.00 676.97
601.97 676.00
602.00 675.97
603.00 675.97
603.97 675.00
604.00 674.97
604.97 674.00
605.00 673.97
606.00 673.97
606.97 673.00
607.00 672.97
607.97 672.00
608.00 671.97
609.00 671.97
609.97 671.00
610.00 670.97
610.97 670.00
611.00 669.97
611.97 669.00
612.00 668.97
612.97 668.00
613.00 667.97
613.97 667.00
614.00 666.97
614.97 666.00
615.00 665.97
615.97 665.00
616.00 664.97
616.97 664.00
616.97 663.00
617.00 662.97
617.97 662.00
618.00 661.97
618.97 661.00
618.97 660.00
619.00 659.97
619.97 659.00
619.97 658.00
620.00 657.97
620.97 657.00
620.97 656.00
621.00 655.97
621.97 655.00
622.00 654.97
622.97 654.00
622.97 653.00
623.00 652.97
623.97 652.00
623.97 651.00
623.97 650.00
624.00 649.97
624.97 649.00
624.97 648.00
624.97 647.00
624.97 646.00
624.97 645.00
625.00 644.97
625.97 644.00

Contour 16:
653.97 476.00
653.97 475.00
653.97 474.00
653.97 473.00
653.97 472.00
653.97 471.00
653.97 470.00
653.97 469.00
653.97 468.00
653.97 467.00
653.97 466.00
653.00 465.03
652.97 465.00
652.97 464.00
652.97 463.00
652.97 462.00
652.97 461.00
652.00 460.03
651.97 460.00
651.97 459.00
651.00 458.03
650.97 458.00
650.97 457.00
650.00 456.03
649.97 456.00
649.00 455.03
648.97 455.00
648.00 454.03
647.97 454.00
647.97 453.00
647.00 452.03
646.97 452.00
646.00 451.03
645.97 451.00
645.00 450.03
644.97 450.00
644.00 449.03
643.97 449.00
643.00 448.03
642.97 448.00
642.00 447.03
641.97 447.00
641.00 446.03
640.97 446.00
640.00 445.03
639.00 445.03
638.97 445.00
638.00 444.03
637.00 444.03
636.97 444.00
636.00 443.03
635.00 443.03
634.97 443.00
634.00 442.03
633.00 442.03
632.00 442.03
631.00 442.03
630.00 442.03
629.00 442.03
628.00 442.03
627.00 442.03
626.00 442.03
625.00 442.03
624.00 442.03
623.00 442.03
622.00 442.03
621.03 443.00
621.00 443.03
620.00 443.03
619.00 443.03
618.00 443.03
617.03 444.00
617.00 444.03
616.00 444.03
615.00 444.03
614.00 444.03
613.00 444.03
612.03 445.00
612.00 445.03
611.00 445.03
610.00 445.03
609.03 446.00
609.00 446.03
608.00 446.03
607.03 447.00
607.00 447.03
606.03 448.00
606.00 448.03
605.00 448.03
604.03 449.00
604.00 449.03
603.03 450.00
603.00 450.03
602.03 451.00
602.00 451.03
601.03 452.00
601.00 452.03
600.03 453.00
600.03 454.00
600.00 454.03
599.03 455.00
599.03 456.00
599.00 456.03
598.03 457.00
598.00 457.03
597.03 458.00
597.03 459.00
597.00 459.03
596.03 460.00
596.03 461.00
596.03 462.00
596.00 462.03
595.03 463.00
595.03 464.00
595.03 465.00
595.00 465.03
594.03 466.00
594.03 467.00
594.00 467.03
593.03 468.00
593.03 469.00
593.03 470.00
593.03 471.00
593.03 472.00
593.03 473.00
593.03 474.00
593.03 475.00
593.03 476.00
593.03 477.00
594.00 477.97
594.03 478.00
594.03 479.00
594.03 480.00
595.00 480.97
595.03 481.00
595.03 482.00
596.00 482.97
596.03 483.00
596.03 484.00
597.00 484.97
597.03 485.00
597.03 486.00
598.00 486.97
598.03 487.00
599.00 487.97
599.03 488.00
599.03 489.00
600.00 489.97
600.03 490.00
601.00 490.97
601.03 491.00
602.00 491.97
602.03 492.00
603.00 492.97
603.03 493.00
603.03 494.00
604.00 494.97
604.03 495.00
605.00 495.97
605.03 496.00
606.00 496.97
607.00 496.97
607.03 497.00
608.00 497.97
608.03 498.00
609.00 498.97
609.03 499.00
610.00 499.97
610.03 500.00
611.00 500.97
612.00 500.97
612.03 501.00
613.00 501.97
613.03 502.00
614.00 502.97
615.00 502.97
615.03 503.00
616.00 503.97
617.00 503.97
617.03 504.00
618.00 504.97
619.00 504.97
620.00 504.97
621.00 504.97
622.00 504.97
623.00 504.97
624.00 504.97
625.00 504.97
626.00 504.97
627.00 504.97
628.00 504.97
628.97 504.00
629.00 503.97
630.00 503.97
631.00 503.97
632.00 503.97
632.97 503.00
633.00 502.97
634.00 502.97
634.97 502.00
635.00 501.97
636.00 501.97
636.97 501.00
637.00 500.97
637.97 500.00
638.00 499.97
638.97 499.00
639.00 498.97
639.97 498.00
640.00 497.97
640.97 497.00
641.00 496.97
641.97 496.00
642.00 495.97
642.97 495.00
643.00 494.97
643.97 494.00
644.00 493.97
644.97 493.00
645.00 492.97
645.97 492.00
646.00 491.97
646.97 491.00
647.00 490.97
647.97 490.00
648.00 489.97
648.97 489.00
648.97 488.00
649.00 487.97
649.97 487.00
649.97 486.00
650.00 485.97
650.97 485.00
650.97 484.00
651.00 483.97
651.97 483.00
651.97 482.00
652.00 481.97
652.97 481.00
652.97 480.00
652.97 479.00
652.97 478.00
652.97 477.00
653.00 476.97
653.97 476.00

Contour 17:
662.97 327.00
662.97 326.00
662.97 325.00
662.97 324.00
662.97 323.00
662.97 322.00
662.97 321.00
662.97 320.00
662.97 319.00
662.97 318.00
662.97 317.00
662.97 316.00
662.97 315.00
662.97 314.00
662.97 313.00
662.00 312.03
661.97 312.00
661.97 311.00
661.97 310.00
661.97 309.00
661.00 308.03
660.97 308.00
660.97 307.00
660.00 306.03
659.97 306.00
659.00 305.03
658.97 305.00
658.97 304.00
658.00 303.03
657.97 303.00
657.97 302.00
657.00 301.03
656.97 301.00
656.00 300.03
655.97 300.00
655.97 299.00
655.00 298.03
654.97 298.00
654.97 297.00
654.00 296.03
653.97 296.00
653.00 295.03
652.97 295.00
652.00 294.03
651.97 294.00
651.00 293.03
650.97 293.00
650.00 292.03
649.97 292.00
649.00 291.03
648.97 291.00
648.00 290.03
647.00 290.03
646.97 290.00
646.00 289.03
645.00 289.03
644.97 289.00
644.00 288.03
643.00 288.03
642.97 288.00
642.00 287.03
641.00 287.03
640.97 287.00
640.00 286.03
639.00 286.03
638.00 286.03
637.97 286.00
637.00 285.03
636.00 285.03
635.97 285.00
635.00 284.03
634.00 284.03
633.00 284.03
632.00 284.03
631.00 284.03
630.00 284.03
629.00 284.03
628.00 284.03
627.00 284.03
626.00 284.03
625.00 284.03
624.03 285.00
624.00 285.03
623.00 285.03
622.00 285.03
621.00 285.03
620.00 285.03
619.00 285.03
618.03 286.00
618.00 286.03
617.00 286.03
616.00 286.03
615.03 287.00
615.00 287.03
614.00 287.03
613.03 288.00
613.00 288.03
612.00 288.03
611.03 289.00
611.00 289.03
610.03 290.00
610.00 290.03
609.00 290.03
608.03 291.00
608.00 291.03
607.03 292.00
607.00 292.03
606.03 293.00
606.00 293.03
605.03 294.00
605.00 294.03
604.03 295.00
604.00 295.03
603.03 296.00
603.03 297.00
603.00 297.03
602.03 298.00
602.00 298.03
601.03 299.00
601.03 300.00
601.03 301.00
601.00 301.03
600.03 302.00
600.03 303.00
600.03 304.00
600.00 304.03
599.03 305.00
599.03 306.00
599.03 307.00
599.03 308.00
599.03 309.00
599.03 310.00
599.03 311.00
599.03 312.00
599.03 313.00
599.03 314.00
599.03 315.00
599.03 316.00
599.03 317.00
600.00 317.97
600.03 318.00
600.03 319.00
600.03 320.00
601.00 320.97
601.03 321.00
601.03 322.00
602.00 322.97
602.03 323.00
602.03 324.00
603.00 324.97
603.03 325.00
604.00 325.97
604.03 326.00
604.03 327.00
605.00 327.97
605.03 328.00
606.00 328.97
606.03 329.00
607.00 329.97
607.03 330.00
608.00 330.97
608.03 331.00
609.00 331.97
609.03 332.00
610.00 332.97
610.03 333.00
611.00 333.97
611.03 334.00
612.00 334.97
613.00 334.97
613.03 335.00
614.00 335.97
615.00 335.97
615.03 336.00
616.00 336.97
617.00 336.97
617.03 337.00
618.00 337.97
619.00 337.97
619.03 338.00
620.00 338.97
621.00 338.97
621.03 339.00
622.00 339.97
623.00 339.97
624.00 339.97
624.03 340.00
625.00 340.97
626.00 340.97
626.03 341.00
627.00 341.97
628.00 341.97
628.03 342.00
629.00 342.97
630.00 342.97
631.00 342.97
631.03 343.00
632.00 343.97
633.00 343.97
634.00 343.97
634.03 344.00
635.00 344.97
636.00 344.97
637.00 344.97
638.00 344.97
639.00 344.97
640.00 344.97
641.00 344.97
642.00 344.97
643.00 344.97
644.00 344.97
645.00 344.97
645.97 344.00
646.00 343.97
647.00 343.97
647.97 343.00
648.00 342.97
649.00 342.97
649.97 342.00
650.00 341.97
651.00 341.97
651.97 341.00
652.00 340.97
652.97 340.00
653.00 339.97
653.97 339.00
654.00 338.97
654.97 338.00
655.00 337.97
655.97 337.00
656.00 336.97
656.97 336.00
657.00 335.97
657.97 335.00
658.00 334.97
658.97 334.00
658.97 333.00
659.00 332.97
659.97 332.00
660.00 331.97
660.97 331.00
661.00 330.97
661.97 330.00
661.97 329.00
661.97 328.00
662.00 327.97
662.97 327.00

Contour 18:
713.97 430.00
713.97 429.00
713.97 428.00
713.97 427.00
713.97 426.00
713.97 425.00
713.97 424.00
713.97 423.00
713.00 422.03
712.97 422.00
712.97 421.00
712.97 420.00
712.00 419.03
711.97 419.00
711.97 418.00
711.97 417.00
711.00 416.03
710.97 416.00
710.97 415.00
710.00 414.03
709.97 414.00
709.00 413.03
708.97 413.00
708.97 412.00
708.00 411.03
707.97 411.00
707.00 410.03
706.97 410.00
706.00 409.03
705.97 409.00
705.00 408.03
704.97 408.00
704.00 407.03
703.00 407.03
702.97 407.00
702.00 406.03
701.97 406.00
701.00 405.03
700.97 405.00
700.00 404.03
699.00 404.03
698.97 404.00
698.00 403.03
697.00 403.03
696.97 403.00
696.00 402.03
695.00 402.03
694.97 402.00
694.00 401.03
693.00 401.03
692.97 401.00
692.00 400.03
691.00 400.03
690.97 400.00
690.00 399.03
689.00 399.03
688.97 399.00
688.00 398.03
687.00 398.03
686.97 398.00
686.00 397.03
685.00 397.03
684.00 397.03
683.97 397.00
683.00 396.03
682.00 396.03
681.00 396.03
680.97 396.00
680.00 395.03
679.00 395.03
678.00 395.03
677.00 395.03
676.97 395.00
676.00 394.03
675.00 394.03
674.00 394.03
673.00 394.03
672.00 394.03
671.00 394.03
670.00 394.03
669.00 394.03
668.00 394.03
667.00 394.03
666.03 395.00
666.00 395.03
665.00 395.03
664.00 395.03
663.00 395.03
662.03 396.00
662.00 396.03
661.00 396.03
660.03 397.00
660.00 397.03
659.00 397.03
658.03 398.00
658.00 398.03
657.03 399.00
657.00 399.03
656.00 399.03
655.03 400.00
655.00 400.03
654.03 401.00
654.00 401.03
653.03 402.00
653.00 402.03
652.03 403.00
652.03 404.00
652.00 404.03
651.03 405.00
651.00 405.03
650.03 406.00
650.03 407.00
650.00 407.03
649.03 408.00
649.03 409.00
649.00 409.03
648.03 410.00
648.03 411.00
648.03 412.00
648.03 413.00
648.03 414.00
648.03 415.00
648.03 416.00
648.03 417.00
648.03 418.00
648.03 419.00
648.03 420.00
648.03 421.00
648.03 422.00
649.00 422.97
649.03 423.00
649.03 424.00
649.03 425.00
649.03 426.00
650.00 426.97
650.03 427.00
650.03 428.00
651.00 428.97
651.03 429.00
651.03 430.00
652.00 430.97
652.03 431.00
653.00 431.97
653.03 432.00
654.00 432.97
654.03 433.00
655.00 433.97
655.03 434.00
656.00 434.97
656.03 435.00
657.00 435.97
657.03 436.00
658.00 436.97
659.00 436.97
659.03 437.00
660.00 437.97
661.00 437.97
662.00 437.97
662.03 438.00
663.00 438.97
664.00 438.97
665.00 438.97
665.03 439.00
666.00 439.97
667.00 439.97
668.00 439.97
668.03 440.00
669.00 440.97
670.00 440.97
671.00 440.97
671.03 441.00
672.00 441.97
673.00 441.97
674.00 441.97
675.00 441.97
676.00 441.97
677.00 441.97
677.03 442.00
678.00 442.97
679.00 442.97
680.00 442.97
681.00 442.97
682.00 442.97
682.03 443.00
683.00 443.97
684.00 443.97
685.00 443.97
686.00 443.97
687.00 443.97
688.00 443.97
689.00 443.97
690.00 443.97
690.03 444.00
691.00 444.97
692.00 444.97
693.00 444.97
694.00 444.97
695.00 444.97
695.97 444.00
696.00 443.97
697.00 443.97
698.00 443.97
699.00 443.97
700.00 443.97
700.97 443.00
701.00 442.97
702.00 442.97
703.00 442.97
703.97 442.00
704.00 441.97
704.97 441.00
705.00 440.97
706.00 440.97
706.97 440.00
707.00 439.97
707.97 439.00
708.00 438.97
708.97 438.00
709.00 437.97
709.97 437.00
710.00 436.97
710.97 436.00
710.97 435.00
711.00 434.97
711.97 434.00
712.00 433.97
712.97 433.00
712.97 432.00
712.97 431.00
713.00 430.97
713.97 430.00

Contour 19:
735.98 610.00
735.98 609.00
735.98 608.00
735.98 607.00
735.98 606.00
735.98 605.00
735.98 604.00
735.98 603.00
735.98 602.00
735.98 601.00
735.00 600.02
734.98 600.00
734.98 599.00
734.98 598.00
734.98 597.00
734.98 596.00
734.98 595.00
734.00 594.02
733.98 594.00
733.98 593.00
733.98 592.00
733.00 591.02
732.98 591.00
732.98 590.00
732.00 589.02
731.98 589.00
731.98 588.00
731.00 587.02
730.98 587.00
730.00 586.02
729.98 586.00
729.00 585.02
728.98 585.00
728.00 584.02
727.98 584.00
727.00 583.02
726.00 583.02
725.98 583.00
725.00 582.02
724.98 582.00
724.00 581.02
723.98 581.00
723.00 580.02
722.00 580.02
721.00 580.02
720.98 580.00
720.00 579.02
719.00 579.02
718.00 579.02
717.00 579.02
716.00 579.02
715.00 579.02
714.00 579.02
713.00 579.02
712.00 579.02
711.00 579.02
710.02 580.00
710.00 580.02
709.00 580.02
708.00 580.02
707.00 580.02
706.02 581.00
706.00 581.02
705.00 581.02
704.02 582.00
704.00 582.02
703.00 582.02
702.02 583.00
702.00 583.02
701.00 583.02
700.00 583.02
699.02 584.00
699.00 584.02
698.00 584.02
697.02 585.00
697.00 585.02
696.02 586.00
696.00 586.02
695.00 586.02
694.02 587.00
694.00 587.02
693.02 588.00
693.00 588.02
692.02 589.00
692.00 589.02
691.02 590.00
691.00 590.02
690.02 591.00
690.00 591.02
689.02 592.00
689.00 592.02
688.02 593.00
688.00 593.02
687.02 594.00
687.00 594.02
686.02 595.00
686.00 595.02
685.02 596.00
685.00 596.02
684.02 597.00
684.02 598.00
684.00 598.02
683.02 599.00
683.00 599.02
682.02 600.00
682.00 600.02
681.02 601.00
681.00 601.02
680.02 602.00
680.00 602.02
679.02 603.00
679.00 603.02
678.02 604.00
678.00 604.02
677.02 605.00
677.02 606.00
677.00 606.02
676.02 607.00
676.02 608.00
676.00 608.02
675.02 609.00
675.02 610.00
675.00 610.02
674.02 611.00
674.02 612.00
674.00 612.02
673.02 613.00
673.02 614.00
673.02 615.00
673.02 616.00
673.00 616.02
672.02 617.00
672.02 618.00
672.02 619.00
672.02 620.00
672.02 621.00
672.02 622.00
672.00 622.02
671.02 623.00
671.02 624.00
672.00 624.98
672.02 625.00
672.02 626.00
672.02 627.00
672.02 628.00
673.00 628.98
673.02 629.00
673.02 630.00
674.00 630.98
674.02 631.00
674.02 632.00
674.02 633.00
675.00 633.98
675.02 634.00
675.02 635.00
675.02 636.00
676.00 636.98
676.02 637.00
677.00 637.98
677.02 638.00
677.02 639.00
678.00 639.98
678.02 640.00
679.00 640.98
679.02 641.00
680.00 641.98
680.02 642.00
681.00 642.98
681.02 643.00
682.00 643.98
683.00 643.98
683.02 644.00
684.00 644.98
684.02 645.00
685.00 645.98
686.00 645.98
687.00 645.98
687.02 646.00
688.00 646.98
689.00 646.98
690.00 646.98
691.00 646.98
691.02 647.00
692.00 647.98
693.00 647.98
694.00 647.98
695.00 647.98
696.00 647.98
697.00 647.98
698.00 647.98
698.98 647.00
699.00 646.98
700.00 646.98
701.00 646.98
702.00 646.98
703.00 646.98
703.98 646.00
704.00 645.98
705.00 645.98
706.00 645.98
707.00 645.98
707.98 645.00
708.00 644.98
709.00 644.98
709.98 644.00
710.00 643.98
711.00 643.98
711.98 643.00
712.00 642.98
712.98 642.00
713.00 641.98
714.00 641.98
714.98 641.00
715.00 640.98
715.98 640.00
716.00 639.98
716.98 639.00
717.00 638.98
717.98 638.00
718.00 637.98
718.98 637.00
719.00 636.98
719.98 636.00
720.00 635.98
720.98 635.00
721.00 634.98
721.98 634.00
722.00 633.98
722.98 633.00
722.98 632.00
723.00 631.98
723.98 631.00
724.00 630.98
724.98 630.00
725.00 629.98
725.98 629.00
725.98 628.00
726.00 627.98
726.98 627.00
727.00 626.98
727.98 626.00
727.98 625.00
728.00 624.98
728.98 624.00
728.98 623.00
729.00 622.98
729.98 622.00
730.00 621.98
730.98 621.00
730.98 620.00
731.00 619.98
731.98 619.00
732.00 618.98
732.98 618.00
732.98 617.00
733.00 616.98
733.98 616.00
733.98 615.00
734.00 614.98
734.98 614.00
734.98 613.00
734.98 612.00
734.98 611.00
735.00 610.98
735.98 610.00

Contour 20:
788.98 885.00
788.98 884.00
788.98 883.00
788.98 882.00
788.98 881.00
788.98 880.00
788.98 879.00
788.00 878.02
787.98 878.00
787.98 877.00
787.00 876.02
786.98 876.00
786.00 875.02
785.98 875.00
785.98 874.00
785.00 873.02
784.98 873.00
784.00 872.02
783.98 872.00
783.98 871.00
783.00 870.02
782.98 870.00
782.00 869.02
781.00 869.02
780.00 869.02
779.98 869.00
779.00 868.02
778.00 868.02
777.98 868.00
777.98 867.00
777.00 866.02
776.98 866.00
777.00 865.98
777.98 865.00
777.98 864.00
777.98 863.00
777.98 862.00
777.00 861.02
776.98 861.00
776.98 860.00
776.00 859.02
775.00 859.02
774.00 859.02
773.00 859.02
772.98 859.00
772.00 858.02
771.98 858.00
771.00 857.02
770.98 857.00
770.00 856.02
769.00 856.02
768.00 856.02
767.98 856.00
767.00 855.02
766.98 855.00
766.00 854.02
765.98 854.00
765.98 853.00
765.98 852.00
765.98 851.00
765.98 850.00
765.00 849.02
764.00 849.02
763.98 849.00
763.00 848.02
762.00 848.02
761.00 848.02
760.00 848.02
759.98 848.00
759.00 847.02
758.00 847.02
757.00 847.02
756.02 848.00
756.00 848.02
755.00 848.02
754.00 848.02
753.00 848.02
752.02 849.00
752.00 849.02
751.00 849.02
750.02 850.00
750.00 850.02
749.00 850.02
748.02 851.00
748.00 851.02
747.02 852.00
747.00 852.02
746.00 852.02
745.02 853.00
745.00 853.02
744.02 854.00
744.00 854.02
743.02 855.00
743.00 855.02
742.00 855.02
741.02 856.00
741.00 856.02
740.02 857.00
740.00 857.02
739.02 858.00
739.00 858.02
738.02 859.00
738.00 859.02
737.02 860.00
737.02 861.00
737.00 861.02
736.02 862.00
736.00 862.02
735.02 863.00
735.02 864.00
735.02 865.00
735.02 866.00
735.00 866.02
734.02 867.00
734.02 868.00
734.02 869.00
734.02 870.00
734.02 871.00
734.02 872.00
734.02 873.00
734.02 874.00
734.02 875.00
735.00 875.98
735.02 876.00
735.02 877.00
735.02 878.00
736.00 878.98
736.02 879.00
736.02 880.00
736.02 881.00
737.00 881.98
737.02 882.00
737.02 883.00
737.02 884.00
737.02 885.00
738.00 885.98
738.02 886.00
738.02 887.00
738.02 888.00
739.00 888.98
739.02 889.00
739.02 890.00
740.00 890.98
740.02 891.00
740.02 892.00
740.02 893.00
741.00 893.98
741.02 894.00
742.00 894.98
742.02 895.00
743.00 895.98
743.02 896.00
744.00 896.98
744.02 897.00
744.02 898.00
745.00 898.98
745.02 899.00
746.00 899.98
747.00 899.98
747.02 900.00
748.00 900.98
748.02 901.00
749.00 901.98
750.00 901.98
750.02 902.00
751.00 902.98
752.00 902.98
753.00 902.98
753.02 903.00
754.00 903.98
755.00 903.98
756.00 903.98
756.02 904.00
757.00 904.98
758.00 904.98
759.00 904.98
759.02 905.00
760.00 905.98
761.00 905.98
762.00 905.98
763.00 905.98
764.00 905.98
765.00 905.98
766.00 905.98
767.00 905.98
768.00 905.98
769.00 905.98
770.00 905.98
771.00 905.98
772.00 905.98
772.98 905.00
773.00 904.98
774.00 904.98
774.98 904.00
775.00 903.98
776.00 903.98
776.98 903.00
777.00 902.98
777.98 902.00
778.00 901.98
779.00 901.98
779.98 901.00
779.98 900.00
780.00 899.98
780.98 899.00
781.00 898.98
781.98 898.00
782.00 897.98
782.98 897.00
782.98 896.00
783.00 895.98
783.98 895.00
783.98 894.00
784.00 893.98
784.98 893.00
785.00 892.98
785.98 892.00
785.98 891.00
786.00 890.98
786.98 890.00
786.98 889.00
787.00 888.98
787.98 888.00
787.98 887.00
787.98 886.00
788.00 885.98
788.98 885.00

Contour 21:
811.98 482.00
811.98 481.00
811.98 480.00
811.98 479.00
811.98 478.00
811.98 477.00
811.98 476.00
811.98 475.00
811.98 474.00
811.00 473.02
810.98 473.00
810.98 472.00
810.98 471.00
810.00 470.02
809.98 470.00
809.98 469.00
809.98 468.00
809.00 467.02
808.98 467.00
808.00 466.02
807.98 466.00
807.98 465.00
807.00 464.02
806.98 464.00
806.00 463.02
805.98 463.00
805.00 462.02
804.98 462.00
804.00 461.02
803.98 461.00
803.00 460.02
802.98 460.00
802.00 459.02
801.00 459.02
800.98 459.00
800.00 458.02
799.00 458.02
798.00 458.02
797.98 458.00
797.00 457.02
796.00 457.02
795.00 457.02
794.00 457.02
793.00 457.02
792.00 457.02
791.00 457.02
790.00 457.02
789.00 457.02
788.02 458.00
788.00 458.02
787.00 458.02
786.00 458.02
785.02 459.00
785.00 459.02
784.00 459.02
783.02 460.00
783.00 460.02
782.00 460.02
781.02 461.00
781.00 461.02
780.00 461.02
779.02 462.00
779.00 462.02
778.02 463.00
778.00 463.02
777.02 464.00
777.00 464.02
776.02 465.00
776.00 465.02
775.00 465.02
774.02 466.00
774.00 466.02
773.02 467.00
773.00 467.02
772.02 468.00
772.00 468.02
771.02 469.00
771.00 469.02
770.02 470.00
770.00 470.02
769.00 470.02
768.02 471.00
768.00 471.02
767.02 472.00
767.00 472.02
766.02 473.00
766.00 473.02
765.02 474.00
765.00 474.02
764.02 475.00
764.00 475.02
763.02 476.00
763.00 476.02
762.02 477.00
762.02 478.00
762.00 478.02
761.02 479.00
761.00 479.02
760.02 480.00
760.00 480.02
759.02 481.00
759.00 481.02
758.02 482.00
758.00 482.02
757.02 483.00
757.02 484.00
757.00 484.02
756.02 485.00
756.00 485.02
755.02 486.00
755.02 487.00
755.00 487.02
754.02 488.00
754.02 489.00
754.02 490.00
754.02 491.00
754.00 491.02
753.02 492.00
753.02 493.00
753.02 494.00
753.02 495.00
753.02 496.00
753.02 497.00
753.00 497.02
752.02 498.00
752.02 499.00
753.00 499.98
753.02 500.00
753.02 501.00
753.02 502.00
753.02 503.00
753.02 504.00
753.02 505.00
753.02 506.00
753.02 507.00
753.02 508.00
754.00 508.98
754.02 509.00
754.02 510.00
754.02 511.00
755.00 511.98
755.02 512.00
755.02 513.00
756.00 513.98
756.02 514.00
757.00 514.98
757.02 515.00
757.02 516.00
758.00 516.98
758.02 517.00
759.00 517.98
759.02 518.00
760.00 518.98
760.02 519.00
761.00 519.98
762.00 519.98
762.02 520.00
763.00 520.98
764.00 520.98
764.02 521.00
765.00 521.98
766.00 521.98
767.00 521.98
767.02 522.00
768.00 522.98
769.00 522.98
770.00 522.98
770.02 523.00
771.00 523.98
772.00 523.98
773.00 523.98
774.00 523.98
775.00 523.98
776.00 523.98
777.00 523.98
778.00 523.98
778.98 523.00
779.00 522.98
780.00 522.98
781.00 522.98
781.98 522.00
782.00 521.98
783.00 521.98
783.98 521.00
784.00 520.98
785.00 520.98
785.98 520.00
786.00 519.98
786.98 519.00
787.00 518.98
788.00 518.98
788.98 518.00
789.00 517.98
789.98 517.00
790.00 516.98
790.98 516.00
791.00 515.98
791.98 515.00
792.00 514.98
792.98 514.00
793.00 513.98
793.98 513.00
794.00 512.98
794.98 512.00
795.00 511.98
795.98 511.00
795.98 510.00
796.00 509.98
796.98 509.00
797.00 508.98
797.98 508.00
798.00 507.98
798.98 507.00
798.98 506.00
799.00 505.98
799.98 505.00
799.98 504.00
800.00 503.98
800.98 503.00
801.00 502.98
801.98 502.00
801.98 501.00
802.00 500.98
802.98 500.00
803.00 499.98
803.98 499.00
803.98 498.00
804.00 497.98
804.98 497.00
805.00 496.98
805.98 496.00
805.98 495.00
806.00 494.98
806.98 494.00
807.00 493.98
807.98 493.00
807.98 492.00
808.00 491.98
808.98 491.00
808.98 490.00
809.00 489.98
809.98 489.00
809.98 488.00
809.98 487.00
810.00 486.98
810.98 486.00
810.98 485.00
810.98 484.00
810.98 483.00
811.00 482.98
811.98 482.00

Contour 22:
974.98 745.00
974.98 744.00
974.98 743.00
974.98 742.00
974.98 741.00
974.98 740.00
974.98 739.00
974.98 738.00
974.98 737.00
974.98 736.00
974.98 735.00
974.98 734.00
974.98 733.00
974.98 732.00
974.00 731.02
973.98 731.00
973.98 730.00
973.98 729.00
973.00 728.02
972.98 728.00
972.98 727.00
972.98 726.00
972.00 725.02
971.98 725.00
971.00 724.02
970.98 724.00
970.98 723.00
970.00 722.02
969.98 722.00
969.00 721.02
968.98 721.00
968.00 720.02
967.98 720.00
967.00 719.02
966.98 719.00
966.00 718.02
965.98 718.00
965.00 717.02
964.98 717.00
964.00 716.02
963.00 716.02
962.98 716.00
962.00 715.02
961.98 715.00
961.00 714.02
960.00 714.02
959.98 714.00
959.00 713.02
958.00 713.02
957.98 713.00
957.00 712.02
956.00 712.02
955.98 712.00
955.00 711.02
954.00 711.02
953.00 711.02
952.98 711.00
952.00 710.02
951.00 710.02
950.98 710.00
950.00 709.02
949.00 709.02
948.00 709.02
947.98 709.00
947.00 708.02
946.00 708.02
945.00 708.02
944.00 708.02
943.00 708.02
942.98 708.00
942.00 707.02
941.00 707.02
940.00 707.02
939.00 707.02
938.00 707.02
937.98 707.00
937.00 706.02
936.00 706.02
935.00 706.02
934.00 706.02
933.00 706.02
932.00 706.02
931.00 706.02
930.00 706.02
929.00 706.02
928.00 706.02
927.00 706.02
926.00 706.02
925.00 706.02
924.00 706.02
923.00 706.02
922.00 706.02
921.02 707.00
921.00 707.02
920.00 707.02
919.00 707.02
918.02 708.00
918.00 708.02
917.00 708.02
916.00 708.02
915.02 709.00
915.00 709.02
914.00 709.02
913.02 710.00
913.00 710.02
912.00 710.02
911.02 711.00
911.00 711.02
910.02 712.00
910.00 712.02
909.02 713.00
909.00 713.02
908.02 714.00
908.00 714.02
907.02 715.00
907.00 715.02
906.02 716.00
906.02 717.00
906.00 717.02
905.02 718.00
905.02 719.00
905.02 720.00
905.02 721.00
905.02 722.00
905.02 723.00
905.02 724.00
905.02 725.00
905.02 726.00
905.02 727.00
905.02 728.00
905.02 729.00
905.02 730.00
905.02 731.00
906.00 731.98
906.02 732.00
906.02 733.00
906.02 734.00
906.02 735.00
906.02 736.00
907.00 736.98
907.02 737.00
907.02 738.00
907.02 739.00
908.00 739.98
908.02 740.00
908.02 741.00
908.02 742.00
909.00 742.98
909.02 743.00
909.02 744.00
910.00 744.98
910.02 745.00
911.00 745.98
911.02 746.00
911.02 747.00
912.00 747.98
912.02 748.00
912.02 749.00
913.00 749.98
913.02 750.00
914.00 750.98
914.02 751.00
914.02 752.00
915.00 752.98
915.02 753.00
916.00 753.98
916.02 754.00
916.02 755.00
917.00 755.98
917.02 756.00
918.00 756.98
918.02 757.00
919.00 757.98
919.02 758.00
920.00 758.98
920.02 759.00
921.00 759.98
921.02 760.00
922.00 760.98
923.00 760.98
923.02 761.00
924.00 761.98
924.02 762.00
925.00 762.98
926.00 762.98
926.02 763.00
927.00 763.98
928.00 763.98
928.02 764.00
929.00 764.98
930.00 764.98
931.00 764.98
932.00 764.98
932.02 765.00
933.00 765.98
934.00 765.98
935.00 765.98
936.00 765.98
937.00 765.98
938.00 765.98
938.02 766.00
939.00 766.98
940.00 766.98
941.00 766.98
942.00 766.98
943.00 766.98
944.00 766.98
945.00 766.98
946.00 766.98
947.00 766.98
948.00 766.98
949.00 766.98
949.98 766.00
950.00 765.98
951.00 765.98
952.00 765.98
953.00 765.98
954.00 765.98
954.98 765.00
955.00 764.98
956.00 764.98
957.00 764.98
957.98 764.00
958.00 763.98
959.00 763.98
959.98 763.00
960.00 762.98
961.00 762.98
961.98 762.00
962.00 761.98
963.00 761.98
963.98 761.00
964.00 760.98
964.98 760.00
965.00 759.98
965.98 759.00
966.00 758.98
966.98 758.00
967.00 757.98
967.98 757.00
968.00 756.98
968.98 756.00
969.00 755.98
969.98 755.00
969.98 754.00
970.00 753.98
970.98 753.00
971.00 752.98
971.98 752.00
971.98 751.00
972.00 750.98
972.98 750.00
972.98 749.00
973.00 748.98
973.98 748.00
973.98 747.00
973.98 746.00
974.00 745.98
974.98 745.00

