Contour 0:
0.00 580.50
0.50 581.00
1.00 581.50
1.50 582.00
1.50 583.00
2.00 583.50
2.50 584.00
3.00 584.50
3.50 585.00
4.00 585.50
4.50 586.00
5.00 586.50
5.50 587.00
6.00 587.50
6.50 588.00
7.00 588.50
7.50 589.00
8.00 589.50
8.50 590.00
9.00 590.50
9.50 591.00
10.00 591.50
11.00 591.50
11.50 592.00
12.00 592.50
13.00 592.50
14.00 592.50
14.50 593.00
15.00 593.50
16.00 593.50
17.00 593.50
17.50 594.00
18.00 594.50
19.00 594.50
20.00 594.50
21.00 594.50
22.00 594.50
23.00 594.50
24.00 594.50
25.00 594.50
26.00 594.50
27.00 594.50
28.00 594.50
29.00 594.50
30.00 594.50
30.50 594.00
31.00 593.50
32.00 593.50
33.00 593.50
34.00 593.50
34.50 593.00
35.00 592.50
36.00 592.50
37.00 592.50
38.00 592.50
38.50 592.00
39.00 591.50
40.00 591.50
41.00 591.50
41.50 591.00
42.00 590.50
43.00 590.50
43.50 590.00
44.00 589.50
45.00 589.50
45.50 589.00
46.00 588.50
46.50 588.00
47.00 587.50
47.50 587.00
48.00 586.50
48.50 586.00
49.00 585.50
49.50 585.00
50.00 584.50
50.50 584.00
51.00 583.50
51.50 583.00
52.00 582.50
52.50 582.00
53.00 581.50
53.50 581.00
53.50 580.00
54.00 579.50
54.50 579.00
55.00 578.50
55.50 578.00
55.50 577.00
56.00 576.50
56.50 576.00
56.50 575.00
57.00 574.50
57.50 574.00
57.50 573.00
57.50 572.00
58.00 571.50
58.50 571.00
58.50 570.00
58.50 569.00
58.50 568.00
58.50 567.00
58.50 566.00
58.50 565.00
58.50 564.00
58.50 563.00
58.50 562.00
58.50 561.00
58.50 560.00
58.50 559.00
58.50 558.00
58.50 557.00
58.00 556.50
57.50 556.00
57.50 555.00
57.50 554.00
57.00 553.50
56.50 553.00
56.50 552.00
56.00 551.50
55.50 551.00
55.00 550.50
54.50 550.00
54.50 549.00
54.00 548.50
53.50 548.00
53.00 547.50
52.50 547.00
52.00 546.50
51.50 546.00
51.00 545.50
50.50 545.00
50.00 544.50
49.50 544.00
49.00 543.50
48.50 543.00
48.00 542.50
47.50 542.00
47.00 541.50
46.50 541.00
46.00 540.50
45.50 540.00
45.00 539.50
44.50 539.00
44.00 538.50
43.50 538.00
43.00 537.50
42.00 537.50
41.50 537.00
41.00 536.50
40.00 536.50
39.00 536.50
38.50 536.00
38.00 535.50
37.00 535.50
36.00 535.50
35.00 535.50
34.50 535.00
34.00 534.50
33.00 534.50
32.00 534.50
31.00 534.50
30.50 534.00
30.00 533.50
29.00 533.50
28.00 533.50
27.00 533.50
26.50 534.00
26.00 534.50
25.00 534.50
24.00 534.50
23.00 534.50
22.00 534.50
21.00 534.50
20.00 534.50
19.50 535.00
19.00 535.50
18.00 535.50
17.00 535.50
16.00 535.50
15.00 535.50
14.50 536.00
14.00 536.50
13.00 536.50
12.50 537.00
12.00 537.50
11.50 538.00
11.00 538.50
10.50 539.00
10.00 539.50
9.50 540.00
9.00 540.50
8.50 541.00
8.00 541.50
7.50 542.00
7.00 542.50
6.50 543.00
6.00 543.50
5.50 544.00
5.00 544.50
4.00 544.50
3.50 545.00
3.00 545.50
2.50 546.00
2.00 546.50
1.50 547.00
1.50 548.00
1.00 548.50
0.50 549.00
0.50 550.00
0.00 550.50

Contour 1:
114.75 267.00
114.75 266.00
114.75 265.00
114.75 264.00
114.75 263.00
114.75 262.00
114.75 261.00
114.75 260.00
114.75 259.00
114.75 258.00
114.00 257.25
113.75 257.00
113.75 256.00
113.75 255.00
113.75 254.00
113.75 253.00
113.00 252.25
112.75 252.00
112.75 251.00
112.75 250.00
112.00 249.25
111.75 249.00
111.75 248.00
111.00 247.25
110.75 247.00
110.75 246.00
110.00 245.25
109.75 245.00
109.00 244.25
108.75 244.00
108.75 243.00
108.00 242.25
107.75 242.00
107.00 241.25
106.75 241.00
106.75 240.00
106.00 239.25
105.75 239.00
105.00 238.25
104.75 238.00
104.00 237.25
103.75 237.00
103.00 236.25
102.75 236.00
102.00 235.25
101.75 235.00
101.00 234.25
100.75 234.00
100.00 233.25
99.75 233.00
99.00 232.25
98.75 232.00
98.00 231.25
97.75 231.00
97.00 230.25
96.75 230.00
96.00 229.25
95.00 229.25
94.75 229.00
94.00 228.25
93.00 228.25
92.75 228.00
92.00 227.25
91.75 227.00
91.00 226.25
90.00 226.25
89.75 226.00
89.00 225.25
88.00 225.25
87.00 225.25
86.75 225.00
86.00 224.25
85.00 224.25
84.75 224.00
84.00 223.25
83.00 223.25
82.00 223.25
81.00 223.25
80.00 223.25
79.00 223.25
78.75 223.00
78.00 222.25
77.00 222.25
76.00 222.25
75.00 222.25
74.00 222.25
73.00 222.25
72.00 222.25
71.00 222.25
70.00 222.25
69.00 222.25
68.00 222.25
67.00 222.25
66.00 222.25
65.00 222.25
64.00 222.25
63.00 222.25
62.25 223.00
62.00 223.25
61.00 223.25
60.25 224.00
60.00 224.25
59.00 224.25
58.25 225.00
58.00 225.25
57.00 225.25
56.25 226.00
56.00 226.25
55.00 226.25
54.25 227.00
54.00 227.25
53.25 228.00
53.00 228.25
52.25 229.00
52.00 229.25
51.25 230.00
51.00 230.25
50.25 231.00
50.00 231.25
49.25 232.00
49.00 232.25
48.25 233.00
48.00 233.25
47.25 234.00
47.00 234.25
46.25 235.00
46.25 236.00
46.00 236.25
45.25 237.00
45.00 237.25
44.25 238.00
44.25 239.00
44.00 239.25
43.25 240.00
43.00 240.25
42.25 241.00
42.25 242.00
42.25 243.00
42.00 243.25
41.25 244.00
41.25 245.00
41.25 246.00
41.00 246.25
40.25 247.00
40.25 248.00
40.00 248.25
39.25 249.00
39.25 250.00
39.25 251.00
39.25 252.00
39.25 253.00
39.00 253.25
38.25 254.00
38.25 255.00
38.25 256.00
38.25 257.00
38.25 258.00
38.25 259.00
38.25 260.00
38.25 261.00
38.25 262.00
38.25 263.00
38.25 264.00
39.00 264.75
39.25 265.00
39.25 266.00
39.25 267.00
39.25 268.00
39.25 269.00
39.25 270.00
40.00 270.75
40.25 271.00
40.25 272.00
40.25 273.00
41.00 273.75
41.25 274.00
41.25 275.00
42.00 275.75
42.25 276.00
42.25 277.00
43.00 277.75
43.25 278.00
44.00 278.75
44.25 279.00
45.00 279.75
45.25 280.00
46.00 280.75
46.25 281.00
47.00 281.75
47.25 282.00
48.00 282.75
49.00 282.75
49.25 283.00
50.00 283.75
51.00 283.75
51.25 284.00
52.00 284.75
53.00 284.75
53.25 285.00
54.00 285.75
55.00 285.75
55.25 286.00
56.00 286.75
57.00 286.75
58.00 286.75
58.25 287.00
59.00 287.75
60.00 287.75
61.00 287.75
61.25 288.00
62.00 288.75
63.00 288.75
64.00 288.75
65.00 288.75
66.00 288.75
67.00 288.75
68.00 288.75
69.00 288.75
70.00 288.75
71.00 288.75
72.00 288.75
73.00 288.75
74.00 288.75
75.00 288.75
76.00 288.75
77.00 288.75
78.00 288.75
79.00 288.75
80.00 288.75
81.00 288.75
82.00 288.75
82.75 288.00
83.00 287.75
84.00 287.75
85.00 287.75
86.00 287.75
87.00 287.75
87.75 287.00
88.00 286.75
89.00 286.75
90.00 286.75
91.00 286.75
91.75 286.00
92.00 285.75
93.00 285.75
94.00 285.75
95.00 285.75
96.00 285.75
96.75 285.00
97.00 284.75
98.00 284.75
99.00 284.75
99.75 284.00
100.00 283.75
101.00 283.75
101.75 283.00
102.00 282.75
103.00 282.75
103.75 282.00
104.00 281.75
105.00 281.75
105.75 281.00
106.00 280.75
106.75 280.00
107.00 279.75
107.75 279.00
108.00 278.75
108.75 278.00
109.00 277.75
109.75 277.00
110.00 276.75
110.75 276.00
111.00 275.75
111.75 275.00
111.75 274.00
112.00 273.75
112.75 273.00
112.75 272.00
113.00 271.75
113.75 271.00
113.75 270.00
113.75 269.00
113.75 268.00
114.00 267.75
114.75 267.00

Contour 2:
182.83 117.00
182.83 116.00
182.83 115.00
182.83 114.00
182.83 113.00
182.83 112.00
182.83 111.00
182.83 110.00
182.83 109.00
182.83 108.00
182.83 107.00
182.83 106.00
182.83 105.00
182.00 104.17
181.83 104.00
181.83 103.00
181.83 102.00
182.00 101.83
182.83 101.00
182.83 100.00
182.00 99.17
181.83 99.00
181.83 98.00
181.83 97.00
181.83 96.00
181.00 95.17
180.83 95.00
180.83 94.00
180.83 93.00
180.83 92.00
180.83 91.00
180.83 90.00
180.83 89.00
180.83 88.00
180.83 87.00
180.83 86.00
180.00 85.17
179.83 85.00
179.83 84.00
179.00 83.17
178.83 83.00
178.83 82.00
178.00 81.17
177.83 81.00
177.00 80.17
176.83 80.00
176.00 79.17
175.83 79.00
175.00 78.17
174.83 78.00
174.00 77.17
173.83 77.00
173.83 76.00
173.00 75.17
172.83 75.00
172.00 74.17
171.83 74.00
171.00 73.17
170.00 73.17
169.83 73.00
169.00 72.17
168.83 72.00
168.00 71.17
167.83 71.00
167.00 70.17
166.83 70.00
166.00 69.17
165.83 69.00
165.00 68.17
164.83 68.00
164.00 67.17
163.00 67.17
162.83 67.00
162.00 66.17
161.83 66.00
161.00 65.17
160.00 65.17
159.83 65.00
159.00 64.17
158.00 64.17
157.00 64.17
156.00 64.17
155.00 64.17
154.00 64.17
153.00 64.17
152.00 64.17
151.00 64.17
150.00 64.17
149.00 64.17
148.00 64.17
147.00 64.17
146.00 64.17
145.00 64.17
144.00 64.17
143.17 65.00
143.00 65.17
142.00 65.17
141.00 65.17
140.00 65.17
139.17 66.00
139.00 66.17
138.00 66.17
137.17 67.00
137.00 67.17
136.00 67.17
135.17 68.00
135.00 68.17
134.17 69.00
134.00 69.17
133.00 69.17
132.17 70.00
132.00 70.17
131.17 71.00
131.00 71.17
130.00 71.17
129.17 72.00
129.00 72.17
128.17 73.00
128.00 73.17
127.17 74.00
127.00 74.17
126.17 75.00
126.00 75.17
125.17 76.00
125.00 76.17
124.17 77.00
124.00 77.17
123.17 78.00
123.00 78.17
122.17 79.00
122.00 79.17
121.17 80.00
121.00 80.17
120.17 81.00
120.00 81.17
119.17 82.00
119.00 82.17
118.17 83.00
118.17 84.00
118.00 84.17
117.17 85.00
117.00 85.17
116.17 86.00
116.00 86.17
115.17 87.00
115.17 88.00
115.17 89.00
115.00 89.17
114.17 90.00
114.00 90.17
113.17 91.00
113.17 92.00
113.00 92.17
112.17 93.00
112.17 94.00
112.17 95.00
112.17 96.00
112.00 96.17
111.17 97.00
111.17 98.00
111.00 98.17
110.17 99.00
110.17 100.00
110.17 101.00
110.00 101.17
109.17 102.00
109.17 103.00
109.17 104.00
109.00 104.17
108.17 105.00
108.17 106.00
108.17 107.00
108.00 107.17
107.17 108.00
107.17 109.00
107.17 110.00
107.17 111.00
107.17 112.00
107.17 113.00
107.17 114.00
107.17 115.00
108.00 115.83
108.17 116.00
108.17 117.00
108.17 118.00
108.17 119.00
109.00 119.83
109.17 120.00
109.17 121.00
109.17 122.00
109.17 123.00
110.00 123.83
110.17 124.00
110.17 125.00
110.17 126.00
110.17 127.00
111.00 127.83
111.17 128.00
111.17 129.00
111.17 130.00
112.00 130.83
112.17 131.00
112.17 132.00
112.17 133.00
113.00 133.83
113.17 134.00
113.17 135.00
114.00 135.83
114.17 136.00
115.00 136.83
115.17 137.00
115.17 138.00
116.00 138.83
116.17 139.00
117.00 139.83
117.17 140.00
118.00 140.83
118.17 141.00
119.00 141.83
119.17 142.00
120.00 142.83
120.17 143.00
121.00 143.83
121.17 144.00
122.00 144.83
122.17 145.00
123.00 145.83
124.00 145.83
124.17 146.00
125.00 146.83
125.17 147.00
126.00 147.83
127.00 147.83
127.17 148.00
128.00 148.83
129.00 148.83
130.00 148.83
130.17 149.00
131.00 149.83
132.00 149.83
133.00 149.83
134.00 149.83
135.00 149.83
136.00 149.83
137.00 149.83
138.00 149.83
139.00 149.83
140.00 149.83
141.00 149.83
141.17 150.00
142.00 150.83
143.00 150.83
144.00 150.83
145.00 150.83
145.83 150.00
146.00 149.83
147.00 149.83
148.00 149.83
149.00 149.83
149.83 149.00
150.00 148.83
151.00 148.83
152.00 148.83
153.00 148.83
153.83 148.00
154.00 147.83
155.00 147.83
156.00 147.83
157.00 147.83
157.83 147.00
158.00 146.83
159.00 146.83
160.00 146.83
160.83 146.00
161.00 145.83
162.00 145.83
162.83 145.00
163.00 144.83
164.00 144.83
164.83 144.00
165.00 143.83
165.83 143.00
166.00 142.83
167.00 142.83
167.83 142.00
168.00 141.83
168.83 141.00
169.00 140.83
169.83 140.00
170.00 139.83
170.83 139.00
171.00 138.83
171.83 138.00
172.00 137.83
172.83 137.00
173.00 136.83
173.83 136.00
174.00 135.83
174.83 135.00
175.00 134.83
175.83 134.00
176.00 133.83
176.83 133.00
176.83 132.00
177.00 131.83
177.83 131.00
177.83 130.00
178.00 129.83
178.83 129.00
178.83 128.00
178.83 127.00
179.00 126.83
179.83 126.00
179.83 125.00
179.83 124.00
180.00 123.83
180.83 123.00
180.83 122.00
181.00 121.83
181.83 121.00
181.83 120.00
181.83 119.00
181.83 118.00
182.00 117.83
182.83 117.00

Contour 3:
216.88 827.00
216.88 826.00
216.88 825.00
216.88 824.00
216.88 823.00
216.88 822.00
216.88 821.00
216.88 820.00
216.88 819.00
216.00 818.12
215.88 818.00
215.88 817.00
215.88 816.00
215.00 815.12
214.88 815.00
214.88 814.00
214.00 813.12
213.88 813.00
213.00 812.12
212.88 812.00
212.00 811.12
211.88 811.00
211.88 810.00
211.00 809.12
210.88 809.00
210.00 808.12
209.88 808.00
209.00 807.12
208.88 807.00
208.00 806.12
207.88 806.00
207.00 805.12
206.00 805.12
205.88 805.00
205.00 804.12
204.00 804.12
203.88 804.00
203.00 803.12
202.00 803.12
201.88 803.00
201.00 802.12
200.00 802.12
199.88 802.00
199.00 801.12
198.00 801.12
197.88 801.00
197.00 800.12
196.00 800.12
195.00 800.12
194.88 800.00
194.00 799.12
193.00 799.12
192.00 799.12
191.00 799.12
190.00 799.12
189.00 799.12
188.00 799.12
187.00 799.12
186.00 799.12
185.00 799.12
184.00 799.12
183.00 799.12
182.00 799.12
181.00 799.12
180.00 799.12
179.00 799.12
178.00 799.12
177.00 799.12
176.00 799.12
175.00 799.12
174.00 799.12
173.00 799.12
172.00 799.12
171.12 800.00
171.00 800.12
170.00 800.12
169.00 800.12
168.12 801.00
168.00 801.12
167.00 801.12
166.12 802.00
166.00 802.12
165.00 802.12
164.12 803.00
164.00 803.12
163.12 804.00
163.00 804.12
162.00 804.12
161.12 805.00
161.00 805.12
160.12 806.00
160.00 806.12
159.00 806.12
158.12 807.00
158.00 807.12
157.12 808.00
157.00 808.12
156.12 809.00
156.00 809.12
155.12 810.00
155.00 810.12
154.12 811.00
154.00 811.12
153.12 812.00
153.00 812.12
152.12 813.00
152.00 813.12
151.12 814.00
151.12 815.00
151.00 815.12
150.12 816.00
150.00 816.12
149.12 817.00
149.12 818.00
149.00 818.12
148.12 819.00
148.12 820.00
148.00 820.12
147.12 821.00
147.12 822.00
147.00 822.12
146.12 823.00
146.12 824.00
146.12 825.00
146.00 825.12
145.12 826.00
145.12 827.00
145.12 828.00
145.12 829.00
145.12 830.00
145.12 831.00
145.12 832.00
145.12 833.00
145.12 834.00
145.12 835.00
145.12 836.00
146.00 836.88
146.12 837.00
146.12 838.00
146.12 839.00
146.12 840.00
146.12 841.00
147.00 841.88
147.12 842.00
147.12 843.00
148.00 843.88
148.12 844.00
148.12 845.00
149.00 845.88
149.12 846.00
149.12 847.00
150.00 847.88
150.12 848.00
151.00 848.88
151.12 849.00
152.00 849.88
152.12 850.00
153.00 850.88
153.12 851.00
154.00 851.88
154.12 852.00
155.00 852.88
155.12 853.00
156.00 853.88
156.12 854.00
157.00 854.88
158.00 854.88
158.12 855.00
159.00 855.88
159.12 856.00
160.00 856.88
161.00 856.88
161.12 857.00
162.00 857.88
163.00 857.88
164.00 857.88
164.12 858.00
165.00 858.88
166.00 858.88
167.00 858.88
167.12 859.00
168.00 859.88
169.00 859.88
170.00 859.88
170.12 860.00
171.00 860.88
172.00 860.88
173.00 860.88
174.00 860.88
175.00 860.88
176.00 860.88
177.00 860.88
178.00 860.88
179.00 860.88
180.00 860.88
181.00 860.88
182.00 860.88
182.88 860.00
183.00 859.88
184.00 859.88
185.00 859.88
186.00 859.88
187.00 859.88
187.88 859.00
188.00 858.88
189.00 858.88
190.00 858.88
190.88 858.00
191.00 857.88
192.00 857.88
192.88 857.00
193.00 856.88
194.00 856.88
194.88 856.00
195.00 855.88
196.00 855.88
196.88 855.00
197.00 854.88
197.88 854.00
198.00 853.88
199.00 853.88
199.88 853.00
200.00 852.88
200.88 852.00
201.00 851.88
201.88 851.00
202.00 850.88
203.00 850.88
203.88 850.00
204.00 849.88
204.88 849.00
205.00 848.88
205.88 848.00
206.00 847.88
206.88 847.00
206.88 846.00
207.00 845.88
207.88 845.00
208.00 844.88
208.88 844.00
209.00 843.88
209.88 843.00
209.88 842.00
210.00 841.88
210.88 841.00
211.00 840.88
211.88 840.00
211.88 839.00
212.00 838.88
212.88 838.00
212.88 837.00
212.88 836.00
213.00 835.88
213.88 835.00
213.88 834.00
213.88 833.00
214.00 832.88
214.88 832.00
214.88 831.00
215.00 830.88
215.88 830.00
215.88 829.00
215.88 828.00
216.00 827.88
216.88 827.00

Contour 4:
318.90 397.00
318.90 396.00
318.90 395.00
318.90 394.00
318.90 393.00
318.90 392.00
318.90 391.00
318.90 390.00
318.00 389.10
317.90 389.00
317.90 388.00
317.90 387.00
317.90 386.00
317.90 385.00
317.90 384.00
317.00 383.10
316.90 383.00
316.90 382.00
316.00 381.10
315.90 381.00
315.90 380.00
315.00 379.10
314.90 379.00
314.90 378.00
314.00 377.10
313.90 377.00
313.00 376.10
312.90 376.00
312.90 375.00
312.00 374.10
311.90 374.00
311.00 373.10
310.90 373.00
310.00 372.10
309.90 372.00
309.00 371.10
308.90 371.00
308.00 370.10
307.90 370.00
307.00 369.10
306.90 369.00
306.00 368.10
305.00 368.10
304.90 368.00
304.00 367.10
303.00 367.10
302.90 367.00
302.00 366.10
301.00 366.10
300.00 366.10
299.90 366.00
299.00 365.10
298.00 365.10
297.90 365.00
297.00 364.10
296.00 364.10
295.00 364.10
294.90 364.00
294.00 363.10
293.00 363.10
292.00 363.10
291.00 363.10
290.00 363.10
289.00 363.10
288.00 363.10
287.00 363.10
286.00 363.10
285.00 363.10
284.10 364.00
284.00 364.10
283.00 364.10
282.00 364.10
281.10 365.00
281.00 365.10
280.00 365.10
279.00 365.10
278.00 365.10
277.00 365.10
276.10 366.00
276.00 366.10
275.00 366.10
274.00 366.10
273.00 366.10
272.10 367.00
272.00 367.10
271.00 367.10
270.00 367.10
269.10 368.00
269.00 368.10
268.00 368.10
267.10 369.00
267.00 369.10
266.10 370.00
266.00 370.10
265.00 370.10
264.10 371.00
264.00 371.10
263.10 372.00
263.00 372.10
262.10 373.00
262.00 373.10
261.00 373.10
260.10 374.00
260.00 374.10
259.10 375.00
259.00 375.10
258.10 376.00
258.10 377.00
258.00 377.10
257.10 378.00
257.00 378.10
256.10 379.00
256.10 380.00
256.10 381.00
256.00 381.10
255.10 382.00
255.10 383.00
255.10 384.00
255.00 384.10
254.10 385.00
254.10 386.00
254.10 387.00
254.00 387.10
253.10 388.00
253.10 389.00
253.00 389.10
252.10 390.00
252.10 391.00
252.10 392.00
252.00 392.10
251.10 393.00
251.10 394.00
251.10 395.00
251.10 396.00
251.10 397.00
251.00 397.10
250.10 398.00
250.10 399.00
250.10 400.00
250.10 401.00
251.00 401.90
251.10 402.00
251.10 403.00
251.10 404.00
252.00 404.90
252.10 405.00
252.10 406.00
253.00 406.90
253.10 407.00
253.10 408.00
254.00 408.90
254.10 409.00
255.00 409.90
255.10 410.00
255.10 411.00
256.00 411.90
256.10 412.00
256.10 413.00
257.00 413.90
257.10 414.00
257.10 415.00
258.00 415.90
258.10 416.00
259.00 416.90
259.10 417.00
259.10 418.00
260.00 418.90
260.10 419.00
261.00 419.90
261.10 420.00
262.00 420.90
262.10 421.00
263.00 421.90
263.10 422.00
263.10 423.00
264.00 423.90
264.10 424.00
265.00 424.90
266.00 424.90
266.10 425.00
267.00 425.90
267.10 426.00
268.00 426.90
268.10 427.00
269.00 427.90
269.10 428.00
270.00 428.90
270.10 429.00
271.00 429.90
271.10 430.00
272.00 430.90
272.10 431.00
273.00 431.90
274.00 431.90
274.10 432.00
275.00 432.90
276.00 432.90
276.10 433.00
277.00 433.90
278.00 433.90
279.00 433.90
280.00 433.90
281.00 433.90
282.00 433.90
282.10 434.00
283.00 434.90
284.00 434.90
284.90 434.00
285.00 433.90
286.00 433.90
287.00 433.90
288.00 433.90
288.90 433.00
289.00 432.90
290.00 432.90
291.00 432.90
291.90 432.00
292.00 431.90
293.00 431.90
293.90 431.00
294.00 430.90
295.00 430.90
295.90 430.00
296.00 429.90
296.90 429.00
297.00 428.90
297.90 428.00
298.00 427.90
299.00 427.90
299.90 427.00
300.00 426.90
300.90 426.00
301.00 425.90
301.90 425.00
302.00 424.90
302.90 424.00
303.00 423.90
303.90 423.00
304.00 422.90
304.90 422.00
305.00 421.90
305.90 421.00
306.00 420.90
306.90 420.00
307.00 419.90
307.90 419.00
308.00 418.90
308.90 418.00
309.00 417.90
309.90 417.00
310.00 416.90
310.90 416.00
311.00 415.90
311.90 415.00
312.00 414.90
312.90 414.00
313.00 413.90
313.90 413.00
313.90 412.00
314.00 411.90
314.90 411.00
314.90 410.00
315.00 409.90
315.90 409.00
315.90 408.00
315.90 407.00
316.00 406.90
316.90 406.00
316.90 405.00
316.90 404.00
317.00 403.90
317.90 403.00
317.90 402.00
317.90 401.00
317.90 400.00
317.90 399.00
317.90 398.00
318.00 397.90
318.90 397.00

Contour 5:
355.92 498.00
355.92 497.00
355.92 496.00
355.92 495.00
355.92 494.00
355.92 493.00
355.92 492.00
355.92 491.00
355.92 490.00
355.92 489.00
355.92 488.00
355.92 487.00
355.00 486.08
354.92 486.00
354.92 485.00
354.92 484.00
354.00 483.08
353.92 483.00
353.92 482.00
353.92 481.00
353.00 480.08
352.92 480.00
352.00 479.08
351.92 479.00
351.00 478.08
350.92 478.00
350.00 477.08
349.92 477.00
349.00 476.08
348.92 476.00
348.00 475.08
347.92 475.00
347.00 474.08
346.92 474.00
346.00 473.08
345.00 473.08
344.92 473.00
344.00 472.08
343.92 472.00
343.00 471.08
342.00 471.08
341.92 471.00
341.00 470.08
340.00 470.08
339.00 470.08
338.92 470.00
338.00 469.08
337.00 469.08
336.00 469.08
335.00 469.08
334.92 469.00
334.00 468.08
333.00 468.08
332.00 468.08
331.00 468.08
330.00 468.08
329.00 468.08
328.00 468.08
327.00 468.08
326.00 468.08
325.08 469.00
325.00 469.08
324.00 469.08
323.00 469.08
322.00 469.08
321.08 470.00
321.00 470.08
320.00 470.08
319.00 470.08
318.00 470.08
317.08 471.00
317.00 471.08
316.00 471.08
315.08 472.00
315.00 472.08
314.00 472.08
313.00 472.08
312.08 473.00
312.00 473.08
311.00 473.08
310.08 474.00
310.00 474.08
309.00 474.08
308.08 475.00
308.00 475.08
307.00 475.08
306.00 475.08
305.08 476.00
305.00 476.08
304.00 476.08
303.08 477.00
303.00 477.08
302.00 477.08
301.08 478.00
301.00 478.08
300.00 478.08
299.08 479.00
299.00 479.08
298.00 479.08
297.08 480.00
297.00 480.08
296.08 481.00
296.00 481.08
295.08 482.00
295.00 482.08
294.08 483.00
294.00 483.08
293.08 484.00
293.00 484.08
292.08 485.00
292.00 485.08
291.08 486.00
291.00 486.08
290.08 487.00
290.08 488.00
290.00 488.08
289.08 489.00
289.08 490.00
289.08 491.00
289.08 492.00
289.00 492.08
288.08 493.00
288.08 494.00
288.08 495.00
288.08 496.00
288.08 497.00
288.08 498.00
288.08 499.00
288.08 500.00
288.08 501.00
289.00 501.92
289.08 502.00
289.08 503.00
290.00 503.92
290.08 504.00
291.00 504.92
291.08 505.00
291.08 506.00
292.00 506.92
292.08 507.00
293.00 507.92
293.08 508.00
294.00 508.92
294.08 509.00
295.00 509.92
295.08 510.00
296.00 510.92
296.08 511.00
297.00 511.92
297.08 512.00
298.00 512.92
299.00 512.92
299.08 513.00
300.00 513.92
300.08 514.00
301.00 514.92
302.00 514.92
302.08 515.00
303.00 515.92
304.00 515.92
304.08 516.00
305.00 516.92
305.08 517.00
306.00 517.92
307.00 517.92
307.08 518.00
308.00 518.92
309.00 518.92
309.08 519.00
310.00 519.92
311.00 519.92
312.00 519.92
312.08 520.00
313.00 520.92
314.00 520.92
315.00 520.92
316.00 520.92
317.00 520.92
318.00 520.92
319.00 520.92
320.00 520.92
321.00 520.92
322.00 520.92
323.00 520.92
324.00 520.92
325.00 520.92
326.00 520.92
327.00 520.92
328.00 520.92
329.00 520.92
330.00 520.92
331.00 520.92
332.00 520.92
333.00 520.92
333.92 520.00
334.00 519.92
335.00 519.92
336.00 519.92
337.00 519.92
337.92 519.00
338.00 518.92
339.00 518.92
339.92 518.00
340.00 517.92
341.00 517.92
341.92 517.00
342.00 516.92
343.00 516.92
343.92 516.00
344.00 515.92
344.92 515.00
345.00 514.92
346.00 514.92
346.92 514.00
347.00 513.92
347.92 513.00
348.00 512.92
348.92 512.00
349.00 511.92
349.92 511.00
350.00 510.92
350.92 510.00
350.92 509.00
351.00 508.92
351.92 508.00
351.92 507.00
352.00 506.92
352.92 506.00
353.00 505.92
353.92 505.00
353.92 504.00
353.92 503.00
354.00 502.92
354.92 502.00
354.92 501.00
354.92 500.00
354.92 499.00
355.00 498.92
355.92 498.00

Contour 6:
312.07 0.00
312.00 0.07
311.00 0.07
310.00 0.07
309.00 0.07
308.00 0.07
307.00 0.07
306.00 0.07
305.00 0.07
304.00 0.07
303.07 1.00
303.00 1.07
302.00 1.07
301.07 2.00
301.00 2.07
300.07 3.00
300.00 3.07
299.07 4.00
299.07 5.00
299.00 5.07
298.07 6.00
298.07 7.00
298.07 8.00
298.07 9.00
298.07 10.00
298.00 10.07
297.07 11.00
297.07 12.00
297.00 12.07
296.07 13.00
296.07 14.00
296.07 15.00
297.00 15.93
297.07 16.00
297.07 17.00
297.07 18.00
298.00 18.93
298.07 19.00
298.07 20.00
299.00 20.93
299.07 21.00
300.00 21.93
300.07 22.00
301.00 22.93
301.07 23.00
302.00 23.93
303.00 23.93
303.07 24.00
304.00 24.93
304.07 25.00
305.00 25.93
305.07 26.00
306.00 26.93
306.07 27.00
307.00 27.93
307.07 28.00
308.00 28.93
309.00 28.93
309.07 29.00
310.00 29.93
311.00 29.93
311.07 30.00
312.00 30.93
313.00 30.93
314.00 30.93
314.07 31.00
315.00 31.93
316.00 31.93
317.00 31.93
318.00 31.93
318.93 31.00
319.00 30.93
320.00 30.93
321.00 30.93
321.93 30.00
322.00 29.93
323.00 29.93
323.93 29.00
324.00 28.93
325.00 28.93
326.00 28.93
327.00 28.93
327.93 28.00
328.00 27.93
329.00 27.93
329.93 27.00
330.00 26.93
330.93 26.00
331.00 25.93
332.00 25.93
332.93 25.00
333.00 24.93
333.93 24.00
334.00 23.93
334.93 23.00
335.00 22.93
336.00 22.93
336.93 22.00
337.00 21.93
337.93 21.00
338.00 20.93
338.93 20.00
339.00 19.93
339.93 19.00
339.93 18.00
340.00 17.93
340.93 17.00
341.00 16.93
341.93 16.00
341.93 15.00
342.00 14.93
342.93 14.00
343.00 13.93
343.93 13.00
343.93 12.00
344.00 11.93
344.93 11.00
345.00 10.93
345.93 10.00
345.93 9.00
346.00 8.93
346.93 8.00
346.93 7.00
347.00 6.93
347.93 6.00
347.93 5.00
347.00 4.07
346.93 4.00
346.00 3.07
345.93 3.00
345.93 2.00
345.00 1.07
344.00 1.07
343.00 1.07
342.00 1.07
341.00 1.07
340.00 1.07
339.00 1.07
338.00 1.07
337.00 1.07
336.00 1.07
335.93 1.00
335.00 0.07
334.00 0.07
333.00 0.07
332.00 0.07
331.00 0.07
330.00 0.07
329.00 0.07
328.93 0.00

Contour 7:
327.07 0.00
327.00 0.07
326.00 0.07
325.00 0.07
324.00 0.07
323.00 0.07
322.00 0.07
321.00 0.07
320.00 0.07
319.93 0.00

Contour 8:
454.94 154.00
454.94 153.00
454.94 152.00
454.94 151.00
454.94 150.00
454.94 149.00
454.94 148.00
454.94 147.00
454.94 146.00
454.94 145.00
454.00 144.06
453.94 144.00
453.94 143.00
453.94 142.00
453.94 141.00
453.94 140.00
453.00 139.06
452.94 139.00
452.94 138.00
452.94 137.00
452.00 136.06
451.94 136.00
451.94 135.00
451.00 134.06
450.94 134.00
450.94 133.00
450.00 132.06
449.94 132.00
449.94 131.00
449.00 130.06
448.94 130.00
448.00 129.06
447.94 129.00
447.00 128.06
446.94 128.00
446.94 127.00
446.00 126.06
445.94 126.00
445.00 125.06
444.94 125.00
444.00 124.06
443.00 124.06
442.94 124.00
442.00 123.06
441.94 123.00
441.00 122.06
440.94 122.00
440.00 121.06
439.94 121.00
439.00 120.06
438.00 120.06
437.94 120.00
437.00 119.06
436.00 119.06
435.94 119.00
435.00 118.06
434.00 118.06
433.00 118.06
432.94 118.00
432.00 117.06
431.00 117.06
430.00 117.06
429.00 117.06
428.00 117.06
427.00 117.06
426.94 117.00
426.00 116.06
425.00 116.06
424.00 116.06
423.00 116.06
422.00 116.06
421.00 116.06
420.06 117.00
420.00 117.06
419.00 117.06
418.00 117.06
417.00 117.06
416.00 117.06
415.00 117.06
414.06 118.00
414.00 118.06
413.00 118.06
412.00 118.06
411.00 118.06
410.06 119.00
410.00 119.06
409.00 119.06
408.00 119.06
407.06 120.00
407.00 120.06
406.00 120.06
405.00 120.06
404.06 121.00
404.00 121.06
403.00 121.06
402.06 122.00
402.00 122.06
401.00 122.06
400.06 123.00
400.00 123.06
399.06 124.00
399.00 124.06
398.00 124.06
397.06 125.00
397.00 125.06
396.00 125.06
395.06 126.00
395.00 126.06
394.00 126.06
393.06 127.00
393.00 127.06
392.00 127.06
391.00 127.06
390.00 127.06
389.06 128.00
389.00 128.06
388.00 128.06
387.06 129.00
387.00 129.06
386.06 130.00
386.00 130.06
385.06 131.00
385.00 131.06
384.06 132.00
384.00 132.06
383.06 133.00
383.00 133.06
382.06 134.00
382.00 134.06
381.06 135.00
381.00 135.06
380.06 136.00
380.06 137.00
380.00 137.06
379.06 138.00
379.00 138.06
378.06 139.00
378.06 140.00
378.00 140.06
377.06 141.00
377.00 141.06
376.06 142.00
376.06 143.00
376.00 143.06
375.06 144.00
375.06 145.00
375.00 145.06
374.06 146.00
374.06 147.00
374.06 148.00
374.06 149.00
374.00 149.06
373.06 150.00
373.06 151.00
373.06 152.00
373.06 153.00
373.06 154.00
373.06 155.00
373.06 156.00
373.06 157.00
373.06 158.00
373.06 159.00
373.06 160.00
373.06 161.00
373.06 162.00
374.00 162.94
374.06 163.00
374.06 164.00
374.06 165.00
374.06 166.00
374.06 167.00
375.00 167.94
375.06 168.00
375.06 169.00
376.00 169.94
376.06 170.00
376.06 171.00
377.00 171.94
377.06 172.00
377.06 173.00
378.00 173.94
378.06 174.00
379.00 174.94
379.06 175.00
379.06 176.00
380.00 176.94
380.06 177.00
381.00 177.94
381.06 178.00
382.00 178.94
382.06 179.00
383.00 179.94
383.06 180.00
384.00 180.94
384.06 181.00
385.00 181.94
385.06 182.00
386.00 182.94
387.00 182.94
387.06 183.00
388.00 183.94
388.06 184.00
389.00 184.94
390.00 184.94
390.06 185.00
391.00 185.94
392.00 185.94
392.06 186.00
393.00 186.94
394.00 186.94
395.00 186.94
395.06 187.00
396.00 187.94
397.00 187.94
398.00 187.94
398.06 188.00
399.00 188.94
400.00 188.94
401.00 188.94
402.00 188.94
403.00 188.94
404.00 188.94
405.00 188.94
406.00 188.94
407.00 188.94
408.00 188.94
409.00 188.94
410.00 188.94
411.00 188.94
411.94 188.00
412.00 187.94
413.00 187.94
414.00 187.94
415.00 187.94
416.00 187.94
416.94 187.00
417.00 186.94
418.00 186.94
419.00 186.94
420.00 186.94
421.00 186.94
421.94 186.00
422.00 185.94
423.00 185.94
423.94 185.00
424.00 184.94
425.00 184.94
425.94 184.00
426.00 183.94
427.00 183.94
427.94 183.00
428.00 182.94
429.00 182.94
429.94 182.00
430.00 181.94
431.00 181.94
431.94 181.00
432.00 180.94
432.94 180.00
433.00 179.94
433.94 179.00
434.00 178.94
435.00 178.94
435.94 178.00
436.00 177.94
436.94 177.00
437.00 176.94
437.94 176.00
438.00 175.94
439.00 175.94
439.94 175.00
440.00 174.94
440.94 174.00
441.00 173.94
441.94 173.00
442.00 172.94
442.94 172.00
443.00 171.94
443.94 171.00
444.00 170.94
444.94 170.00
445.00 169.94
445.94 169.00
446.00 168.94
446.94 168.00
447.00 167.94
447.94 167.00
448.00 166.94
448.94 166.00
449.00 165.94
449.94 165.00
450.00 164.94
450.94 164.00
450.94 163.00
451.00 162.94
451.94 162.00
451.94 161.00
452.00 160.94
452.94 160.00
452.94 159.00
453.00 158.94
453.94 158.00
453.94 157.00
453.94 156.00
453.94 155.00
454.00 154.94
454.94 154.00

Contour 9:
436.94 381.00
436.94 380.00
436.94 379.00
436.94 378.00
436.94 377.00
436.94 376.00
436.94 375.00
436.94 374.00
436.94 373.00
436.94 372.00
436.94 371.00
436.94 370.00
436.00 369.06
435.94 369.00
435.94 368.00
435.94 367.00
435.00 366.06
434.94 366.00
434.94 365.00
434.94 364.00
434.00 363.06
433.94 363.00
433.94 362.00
433.00 361.06
432.94 361.00
432.00 360.06
431.94 360.00
431.94 359.00
431.00 358.06
430.94 358.00
430.00 357.06
429.94 357.00
429.00 356.06
428.94 356.00
428.94 355.00
428.00 354.06
427.94 354.00
427.00 353.06
426.94 353.00
426.00 352.06
425.94 352.00
425.00 351.06
424.94 351.00
424.94 350.00
424.00 349.06
423.94 349.00
423.00 348.06
422.94 348.00
422.00 347.06
421.94 347.00
421.00 346.06
420.00 346.06
419.94 346.00
419.00 345.06
418.00 345.06
417.94 345.00
417.00 344.06
416.00 344.06
415.00 344.06
414.94 344.00
414.00 343.06
413.00 343.06
412.00 343.06
411.00 343.06
410.00 343.06
409.00 343.06
408.94 343.00
408.00 342.06
407.00 342.06
406.06 343.00
406.00 343.06
405.00 343.06
404.00 343.06
403.00 343.06
402.00 343.06
401.06 344.00
401.00 344.06
400.00 344.06
399.06 345.00
399.00 345.06
398.00 345.06
397.06 346.00
397.00 346.06
396.00 346.06
395.06 347.00
395.00 347.06
394.00 347.06
393.06 348.00
393.00 348.06
392.06 349.00
392.00 349.06
391.00 349.06
390.06 350.00
390.00 350.06
389.00 350.06
388.06 351.00
388.00 351.06
387.06 352.00
387.00 352.06
386.06 353.00
386.00 353.06
385.06 354.00
385.00 354.06
384.06 355.00
384.00 355.06
383.06 356.00
383.00 356.06
382.06 357.00
382.06 358.00
382.00 358.06
381.06 359.00
381.06 360.00
381.06 361.00
381.00 361.06
380.06 362.00
380.06 363.00
380.06 364.00
380.06 365.00
380.06 366.00
380.06 367.00
380.06 368.00
380.06 369.00
380.06 370.00
380.06 371.00
380.06 372.00
380.06 373.00
380.06 374.00
380.06 375.00
381.00 375.94
381.06 376.00
381.06 377.00
381.06 378.00
381.06 379.00
381.06 380.00
382.00 380.94
382.06 381.00
382.06 382.00
383.00 382.94
383.06 383.00
383.06 384.00
384.00 384.94
384.06 385.00
384.06 386.00
385.00 386.94
385.06 387.00
385.06 388.00
386.00 388.94
386.06 389.00
386.06 390.00
386.06 391.00
387.00 391.94
387.06 392.00
387.06 393.00
387.06 394.00
388.00 394.94
388.06 395.00
388.06 396.00
388.06 397.00
389.00 397.94
389.06 398.00
390.00 398.94
390.06 399.00
391.00 399.94
391.06 400.00
392.00 400.94
392.06 401.00
393.00 401.94
393.06 402.00
394.00 402.94
395.00 402.94
395.06 403.00
396.00 403.94
397.00 403.94
398.00 403.94
398.06 404.00
399.00 404.94
400.00 404.94
401.00 404.94
402.00 404.94
403.00 404.94
404.00 404.94
405.00 404.94
405.06 405.00
406.00 405.94
407.00 405.94
408.00 405.94
408.06 406.00
409.00 406.94
410.00 406.94
411.00 406.94
411.94 406.00
412.00 405.94
413.00 405.94
414.00 405.94
414.94 405.00
415.00 404.94
416.00 404.94
416.94 404.00
417.00 403.94
417.94 403.00
418.00 402.94
419.00 402.94
420.00 402.94
420.94 402.00
421.00 401.94
421.94 401.00
422.00 400.94
423.00 400.94
423.94 400.00
424.00 399.94
424.94 399.00
425.00 398.94
426.00 398.94
426.94 398.00
427.00 397.94
427.94 397.00
428.00 396.94
428.94 396.00
429.00 395.94
429.94 395.00
430.00 394.94
430.94 394.00
430.94 393.00
431.00 392.94
431.94 392.00
431.94 391.00
432.00 390.94
432.94 390.00
433.00 389.94
433.94 389.00
433.94 388.00
434.00 387.94
434.94 387.00
434.94 386.00
434.94 385.00
435.00 384.94
435.94 384.00
435.94 383.00
435.94 382.00
436.00 381.94
436.94 381.00

Contour 10:
487.95 243.00
487.95 242.00
487.95 241.00
487.95 240.00
487.95 239.00
487.95 238.00
487.95 237.00
487.95 236.00
487.00 235.05
486.95 235.00
487.00 234.95
487.95 234.00
487.95 233.00
487.95 232.00
487.00 231.05
486.95 231.00
486.95 230.00
486.95 229.00
486.95 228.00
486.95 227.00
486.00 226.05
485.95 226.00
485.95 225.00
485.00 224.05
484.95 224.00
484.95 223.00
484.00 222.05
483.95 222.00
483.00 221.05
482.95 221.00
482.00 220.05
481.95 220.00
481.95 219.00
481.00 218.05
480.95 218.00
480.00 217.05
479.95 217.00
479.00 216.05
478.00 216.05
477.95 216.00
477.00 215.05
476.95 215.00
476.00 214.05
475.00 214.05
474.95 214.00
474.00 213.05
473.00 213.05
472.95 213.00
472.00 212.05
471.00 212.05
470.95 212.00
470.00 211.05
469.00 211.05
468.95 211.00
468.00 210.05
467.00 210.05
466.00 210.05
465.95 210.00
465.00 209.05
464.00 209.05
463.00 209.05
462.00 209.05
461.00 209.05
460.00 209.05
459.00 209.05
458.00 209.05
457.00 209.05
456.00 209.05
455.00 209.05
454.00 209.05
453.00 209.05
452.00 209.05
451.00 209.05
450.00 209.05
449.00 209.05
448.00 209.05
447.00 209.05
446.00 209.05
445.05 210.00
445.00 210.05
444.00 210.05
443.00 210.05
442.05 211.00
442.00 211.05
441.00 211.05
440.05 212.00
440.00 212.05
439.00 212.05
438.00 212.05
437.05 213.00
437.00 213.05
436.00 213.05
435.05 214.00
435.00 214.05
434.00 214.05
433.05 215.00
433.00 215.05
432.00 215.05
431.05 216.00
431.00 216.05
430.00 216.05
429.05 217.00
429.00 217.05
428.00 217.05
427.00 217.05
426.05 218.00
426.00 218.05
425.00 218.05
424.05 219.00
424.00 219.05
423.00 219.05
422.05 220.00
422.00 220.05
421.00 220.05
420.05 221.00
420.00 221.05
419.00 221.05
418.05 222.00
418.00 222.05
417.00 222.05
416.05 223.00
416.00 223.05
415.05 224.00
415.00 224.05
414.05 225.00
414.00 225.05
413.05 226.00
413.00 226.05
412.05 227.00
412.00 227.05
411.05 228.00
411.00 228.05
410.05 229.00
410.00 229.05
409.00 229.05
408.05 230.00
408.00 230.05
407.05 231.00
407.00 231.05
406.05 232.00
406.00 232.05
405.05 233.00
405.05 234.00
405.00 234.05
404.05 235.00
404.00 235.05
403.05 236.00
403.00 236.05
402.05 237.00
402.05 238.00
402.00 238.05
401.05 239.00
401.05 240.00
401.00 240.05
400.05 241.00
400.05 242.00
400.00 242.05
399.05 243.00
399.05 244.00
399.05 245.00
399.05 246.00
399.05 247.00
399.00 247.05
398.05 248.00
398.05 249.00
398.05 250.00
398.05 251.00
398.05 252.00
398.05 253.00
398.05 254.00
398.05 255.00
398.05 256.00
398.05 257.00
398.05 258.00
399.00 258.95
399.05 259.00
399.05 260.00
399.05 261.00
399.05 262.00
399.05 263.00
399.05 264.00
399.05 265.00
400.00 265.95
400.05 266.00
400.05 267.00
401.00 267.95
401.05 268.00
401.05 269.00
402.00 269.95
402.05 270.00
403.00 270.95
403.05 271.00
404.00 271.95
404.05 272.00
404.05 273.00
405.00 273.95
405.05 274.00
406.00 274.95
406.05 275.00
407.00 275.95
407.05 276.00
408.00 276.95
409.00 276.95
409.05 277.00
410.00 277.95
410.05 278.00
411.00 278.95
411.05 279.00
412.00 279.95
413.00 279.95
413.05 280.00
414.00 280.95
415.00 280.95
415.05 281.00
416.00 281.95
417.00 281.95
418.00 281.95
418.05 282.00
419.00 282.95
420.00 282.95
421.00 282.95
422.00 282.95
423.00 282.95
423.05 283.00
424.00 283.95
425.00 283.95
426.00 283.95
427.00 283.95
428.00 283.95
429.00 283.95
430.00 283.95
431.00 283.95
432.00 283.95
433.00 283.95
434.00 283.95
435.00 283.95
436.00 283.95
437.00 283.95
438.00 283.95
439.00 283.95
440.00 283.95
441.00 283.95
442.00 283.95
443.00 283.95
443.95 283.00
444.00 282.95
445.00 282.95
446.00 282.95
446.95 282.00
447.00 281.95
448.00 281.95
449.00 281.95
449.95 281.00
450.00 280.95
451.00 280.95
452.00 280.95
452.95 280.00
453.00 279.95
454.00 279.95
454.95 279.00
455.00 278.95
456.00 278.95
456.95 278.00
457.00 277.95
458.00 277.95
458.95 277.00
459.00 276.95
460.00 276.95
460.95 276.00
461.00 275.95
462.00 275.95
462.95 275.00
463.00 274.95
463.95 274.00
464.00 273.95
465.00 273.95
465.95 273.00
466.00 272.95
466.95 272.00
467.00 271.95
468.00 271.95
468.95 271.00
469.00 270.95
469.95 270.00
470.00 269.95
470.95 269.00
471.00 268.95
472.00 268.95
472.95 268.00
473.00 267.95
473.95 267.00
474.00 266.95
474.95 266.00
475.00 265.95
475.95 265.00
476.00 264.95
476.95 264.00
477.00 263.95
477.95 263.00
478.00 262.95
478.95 262.00
479.00 261.95
479.95 261.00
480.00 260.95
480.95 260.00
480.95 259.00
481.00 258.95
481.95 258.00
482.00 257.95
482.95 257.00
482.95 256.00
483.00 255.95
483.95 255.00
484.00 254.95
484.95 254.00
484.95 253.00
485.00 252.95
485.95 252.00
485.95 251.00
485.95 250.00
486.00 249.95
486.95 249.00
486.95 248.00
486.95 247.00
486.95 246.00
486.95 245.00
486.95 244.00
487.00 243.95
487.95 243.00

Contour 11:
506.95 510.00
506.95 509.00
506.95 508.00
506.95 507.00
506.95 506.00
506.95 505.00
506.95 504.00
506.95 503.00
506.95 502.00
506.95 501.00
506.95 500.00
506.95 499.00
506.95 498.00
506.95 497.00
506.95 496.00
506.95 495.00
506.00 494.05
505.95 494.00
505.95 493.00
505.95 492.00
505.00 491.05
504.95 491.00
504.95 490.00
504.00 489.05
503.95 489.00
503.95 488.00
503.00 487.05
502.95 487.00
502.00 486.05
501.95 486.00
501.00 485.05
500.00 485.05
499.95 485.00
499.00 484.05
498.00 484.05
497.95 484.00
497.00 483.05
496.00 483.05
495.95 483.00
495.00 482.05
494.00 482.05
493.00 482.05
492.95 482.00
492.00 481.05
491.00 481.05
490.00 481.05
489.95 481.00
489.00 480.05
488.00 480.05
487.00 480.05
486.00 480.05
485.00 480.05
484.00 480.05
483.00 480.05
482.00 480.05
481.95 480.00
481.00 479.05
480.00 479.05
479.00 479.05
478.00 479.05
477.00 479.05
476.00 479.05
475.00 479.05
474.00 479.05
473.00 479.05
472.00 479.05
471.00 479.05
470.95 479.00
470.00 478.05
469.00 478.05
468.00 478.05
467.00 478.05
466.00 478.05
465.00 478.05
464.00 478.05
463.00 478.05
462.00 478.05
461.00 478.05
460.00 478.05
459.00 478.05
458.05 479.00
458.00 479.05
457.00 479.05
456.00 479.05
455.00 479.05
454.05 480.00
454.00 480.05
453.00 480.05
452.00 480.05
451.05 481.00
451.00 481.05
450.00 481.05
449.05 482.00
449.00 482.05
448.00 482.05
447.05 483.00
447.00 483.05
446.05 484.00
446.00 484.05
445.05 485.00
445.00 485.05
444.05 486.00
444.00 486.05
443.05 487.00
443.00 487.05
442.05 488.00
442.05 489.00
442.00 489.05
441.05 490.00
441.05 491.00
441.00 491.05
440.05 492.00
440.05 493.00
440.05 494.00
440.05 495.00
440.00 495.05
439.05 496.00
439.05 497.00
439.05 498.00
439.05 499.00
439.05 500.00
439.05 501.00
439.05 502.00
439.05 503.00
439.00 503.05
438.05 504.00
439.00 504.95
439.05 505.00
439.05 506.00
439.05 507.00
439.05 508.00
439.05 509.00
440.00 509.95
440.05 510.00
440.05 511.00
441.00 511.95
441.05 512.00
441.05 513.00
442.00 513.95
442.05 514.00
442.05 515.00
443.00 515.95
443.05 516.00
444.00 516.95
444.05 517.00
444.05 518.00
445.00 518.95
445.05 519.00
446.00 519.95
446.05 520.00
447.00 520.95
447.05 521.00
447.05 522.00
448.00 522.95
448.05 523.00
449.00 523.95
449.05 524.00
449.05 525.00
450.00 525.95
450.05 526.00
451.00 526.95
451.05 527.00
452.00 527.95
453.00 527.95
454.00 527.95
454.05 528.00
455.00 528.95
456.00 528.95
457.00 528.95
458.00 528.95
459.00 528.95
460.00 528.95
461.00 528.95
462.00 528.95
463.00 528.95
463.05 529.00
464.00 529.95
465.00 529.95
466.00 529.95
467.00 529.95
468.00 529.95
469.00 529.95
470.00 529.95
471.00 529.95
471.05 530.00
472.00 530.95
473.00 530.95
474.00 530.95
475.00 530.95
476.00 530.95
477.00 530.95
478.00 530.95
479.00 530.95
480.00 530.95
481.00 530.95
482.00 530.95
483.00 530.95
484.00 530.95
485.00 530.95
485.95 530.00
486.00 529.95
487.00 529.95
488.00 529.95
489.00 529.95
489.95 529.00
490.00 528.95
491.00 528.95
491.95 528.00
492.00 527.95
493.00 527.95
493.95 527.00
494.00 526.95
495.00 526.95
495.95 526.00
496.00 525.95
496.95 525.00
497.00 524.95
497.95 524.00
498.00 523.95
498.95 523.00
499.00 522.95
499.95 522.00
500.00 521.95
500.95 521.00
501.00 520.95
501.95 520.00
502.00 519.95
502.95 519.00
503.00 518.95
503.95 518.00
504.00 517.95
504.95 517.00
504.95 516.00
504.95 515.00
505.00 514.95
505.95 514.00
505.95 513.00
505.95 512.00
505.95 511.00
506.00 510.95
506.95 510.00

Contour 12:
522.96 709.00
522.96 708.00
522.96 707.00
522.96 706.00
522.96 705.00
522.96 704.00
522.96 703.00
522.96 702.00
522.96 701.00
522.96 700.00
522.96 699.00
522.96 698.00
522.96 697.00
522.96 696.00
522.00 695.04
521.96 695.00
521.96 694.00
521.96 693.00
521.00 692.04
520.96 692.00
520.96 691.00
520.00 690.04
519.96 690.00
519.96 689.00
519.00 688.04
518.96 688.00
518.00 687.04
517.96 687.00
517.00 686.04
516.96 686.00
516.00 685.04
515.96 685.00
515.00 684.04
514.96 684.00
514.00 683.04
513.00 683.04
512.96 683.00
512.00 682.04
511.96 682.00
511.00 681.04
510.96 681.00
510.00 680.04
509.00 680.04
508.96 680.00
508.00 679.04
507.00 679.04
506.96 679.00
506.00 678.04
505.00 678.04
504.96 678.00
504.00 677.04
503.00 677.04
502.96 677.00
502.00 676.04
501.00 676.04
500.00 676.04
499.00 676.04
498.00 676.04
497.00 676.04
496.00 676.04
495.00 676.04
494.00 676.04
493.00 676.04
492.00 676.04
491.00 676.04
490.00 676.04
489.00 676.04
488.00 676.04
487.04 677.00
487.00 677.04
486.00 677.04
485.00 677.04
484.00 677.04
483.04 678.00
483.00 678.04
482.00 678.04
481.00 678.04
480.04 679.00
480.00 679.04
479.00 679.04
478.04 680.00
478.00 680.04
477.04 681.00
477.00 681.04
476.00 681.04
475.04 682.00
475.00 682.04
474.04 683.00
474.00 683.04
473.04 684.00
473.00 684.04
472.04 685.00
472.00 685.04
471.04 686.00
471.00 686.04
470.04 687.00
470.00 687.04
469.04 688.00
469.00 688.04
468.04 689.00
468.00 689.04
467.04 690.00
467.00 690.04
466.04 691.00
466.00 691.04
465.04 692.00
465.00 692.04
464.04 693.00
464.00 693.04
463.04 694.00
463.00 694.04
462.04 695.00
462.04 696.00
462.00 696.04
461.04 697.00
461.04 698.00
461.00 698.04
460.04 699.00
460.04 700.00
460.04 701.00
460.00 701.04
459.04 702.00
459.04 703.00
459.04 704.00
459.04 705.00
459.04 706.00
459.04 707.00
459.04 708.00
459.04 709.00
459.04 710.00
459.04 711.00
459.04 712.00
459.04 713.00
459.04 714.00
460.00 714.96
460.04 715.00
460.04 716.00
460.04 717.00
460.04 718.00
461.00 718.96
461.04 719.00
461.04 720.00
461.04 721.00
461.04 722.00
462.00 722.96
462.04 723.00
462.04 724.00
462.04 725.00
463.00 725.96
463.04 726.00
463.04 727.00
463.04 728.00
464.00 728.96
464.04 729.00
465.00 729.96
465.04 730.00
466.00 730.96
466.04 731.00
467.00 731.96
467.04 732.00
468.00 732.96
468.04 733.00
469.00 733.96
470.00 733.96
470.04 734.00
471.00 734.96
472.00 734.96
472.04 735.00
473.00 735.96
474.00 735.96
474.04 736.00
475.00 736.96
476.00 736.96
477.00 736.96
478.00 736.96
479.00 736.96
479.04 737.00
480.00 737.96
481.00 737.96
482.00 737.96
483.00 737.96
484.00 737.96
485.00 737.96
485.96 737.00
486.00 736.96
487.00 736.96
488.00 736.96
489.00 736.96
490.00 736.96
491.00 736.96
492.00 736.96
493.00 736.96
493.96 736.00
494.00 735.96
495.00 735.96
496.00 735.96
496.96 735.00
497.00 734.96
498.00 734.96
499.00 734.96
500.00 734.96
500.96 734.00
501.00 733.96
502.00 733.96
503.00 733.96
503.96 733.00
504.00 732.96
505.00 732.96
505.96 732.00
506.00 731.96
506.96 731.00
507.00 730.96
508.00 730.96
508.96 730.00
509.00 729.96
509.96 729.00
510.00 728.96
511.00 728.96
511.96 728.00
512.00 727.96
512.96 727.00
513.00 726.96
513.96 726.00
514.00 725.96
514.96 725.00
515.00 724.96
515.96 724.00
516.00 723.96
516.96 723.00
516.96 722.00
517.00 721.96
517.96 721.00
518.00 720.96
518.96 720.00
518.96 719.00
519.00 718.96
519.96 718.00
519.96 717.00
520.00 716.96
520.96 716.00
520.96 715.00
520.96 714.00
521.00 713.96
521.96 713.00
521.96 712.00
521.96 711.00
521.96 710.00
522.00 709.96
522.96 709.00

Contour 13:
550.96 462.00
550.96 461.00
550.96 460.00
550.96 459.00
550.96 458.00
550.96 457.00
550.96 456.00
550.96 455.00
550.96 454.00
550.96 453.00
550.96 452.00
550.96 451.00
550.96 450.00
550.96 449.00
550.96 448.00
550.96 447.00
550.00 446.04
549.96 446.00
549.96 445.00
549.96 444.00
549.00 443.04
548.96 443.00
548.96 442.00
548.00 441.04
547.96 441.00
547.96 440.00
547.00 439.04
546.96 439.00
546.00 438.04
545.96 438.00
545.96 437.00
545.00 436.04
544.96 436.00
544.00 435.04
543.96 435.00
543.00 434.04
542.96 434.00
542.00 433.04
541.96 433.00
541.00 432.04
540.96 432.00
540.00 431.04
539.00 431.04
538.96 431.00
538.00 430.04
537.96 430.00
537.00 429.04
536.96 429.00
536.00 428.04
535.96 428.00
535.00 427.04
534.96 427.00
534.00 426.04
533.00 426.04
532.96 426.00
532.00 425.04
531.00 425.04
530.96 425.00
530.00 424.04
529.00 424.04
528.96 424.00
528.00 423.04
527.00 423.04
526.00 423.04
525.96 423.00
525.00 422.04
524.00 422.04
523.00 422.04
522.00 422.04
521.00 422.04
520.96 422.00
520.00 421.04
519.00 421.04
518.00 421.04
517.04 422.00
517.00 422.04
516.00 422.04
515.00 422.04
514.00 422.04
513.00 422.04
512.00 422.04
511.04 423.00
511.00 423.04
510.00 423.04
509.00 423.04
508.00 423.04
507.04 424.00
507.00 424.04
506.00 424.04
505.00 424.04
504.04 425.00
504.00 425.04
503.00 425.04
502.04 426.00
502.00 426.04
501.04 427.00
501.00 427.04
500.04 428.00
500.00 428.04
499.04 429.00
499.00 429.04
498.00 429.04
497.04 430.00
497.00 430.04
496.04 431.00
496.00 431.04
495.04 432.00
495.04 433.00
495.00 433.04
494.04 434.00
494.00 434.04
493.04 435.00
493.04 436.00
493.00 436.04
492.04 437.00
492.04 438.00
492.00 438.04
491.04 439.00
491.04 440.00
491.00 440.04
490.04 441.00
490.04 442.00
490.04 443.00
490.04 444.00
490.04 445.00
490.00 445.04
489.04 446.00
489.04 447.00
489.04 448.00
489.04 449.00
489.04 450.00
489.04 451.00
489.04 452.00
489.00 452.04
488.04 453.00
488.04 454.00
488.04 455.00
488.04 456.00
488.04 457.00
488.04 458.00
488.04 459.00
488.04 460.00
488.04 461.00
488.04 462.00
488.04 463.00
489.00 463.96
489.04 464.00
489.04 465.00
489.04 466.00
490.00 466.96
490.04 467.00
490.04 468.00
491.00 468.96
491.04 469.00
491.04 470.00
492.00 470.96
492.04 471.00
493.00 471.96
493.04 472.00
494.00 472.96
494.04 473.00
495.00 473.96
495.04 474.00
496.00 474.96
497.00 474.96
497.04 475.00
498.00 475.96
498.04 476.00
499.00 476.96
499.04 477.00
500.00 477.96
501.00 477.96
501.04 478.00
502.00 478.96
502.04 479.00
503.00 479.96
504.00 479.96
504.04 480.00
505.00 480.96
505.04 481.00
506.00 481.96
507.00 481.96
507.04 482.00
508.00 482.96
508.04 483.00
509.00 483.96
509.04 484.00
510.00 484.96
511.00 484.96
511.04 485.00
512.00 485.96
513.00 485.96
513.04 486.00
514.00 486.96
515.00 486.96
516.00 486.96
517.00 486.96
518.00 486.96
519.00 486.96
520.00 486.96
521.00 486.96
522.00 486.96
523.00 486.96
524.00 486.96
525.00 486.96
526.00 486.96
527.00 486.96
527.96 486.00
528.00 485.96
529.00 485.96
530.00 485.96
530.96 485.00
531.00 484.96
532.00 484.96
533.00 484.96
533.96 484.00
534.00 483.96
535.00 483.96
535.96 483.00
536.00 482.96
536.96 482.00
537.00 481.96
538.00 481.96
538.96 481.00
539.00 480.96
539.96 480.00
540.00 479.96
540.96 479.00
541.00 478.96
541.96 478.00
542.00 477.96
542.96 477.00
543.00 476.96
543.96 476.00
544.00 475.96
544.96 475.00
544.96 474.00
545.00 473.96
545.96 473.00
546.00 472.96
546.96 472.00
546.96 471.00
547.00 470.96
547.96 470.00
547.96 469.00
548.00 468.96
548.96 468.00
548.96 467.00
548.96 466.00
549.00 465.96
549.96 465.00
549.96 464.00
549.96 463.00
550.00 462.96
550.96 462.00

Contour 14:
561.96 324.00
561.96 323.00
561.96 322.00
561.00 321.04
560.96 321.00
560.96 320.00
560.96 319.00
560.96 318.00
560.96 317.00
560.96 316.00
560.00 315.04
559.96 315.00
559.96 314.00
559.96 313.00
559.00 312.04
558.96 312.00
558.96 311.00
558.00 310.04
557.96 310.00
557.00 309.04
556.96 309.00
556.96 308.00
556.00 307.04
555.96 307.00
555.00 306.04
554.96 306.00
554.00 305.04
553.96 305.00
553.00 304.04
552.00 304.04
551.96 304.00
551.00 303.04
550.96 303.00
550.00 302.04
549.96 302.00
549.00 301.04
548.96 301.00
548.00 300.04
547.96 300.00
547.00 299.04
546.00 299.04
545.96 299.00
545.00 298.04
544.96 298.00
544.00 297.04
543.96 297.00
543.00 296.04
542.96 296.00
542.00 295.04
541.00 295.04
540.96 295.00
540.00 294.04
539.00 294.04
538.96 294.00
538.00 293.04
537.00 293.04
536.96 293.00
536.00 292.04
535.00 292.04
534.00 292.04
533.96 292.00
533.00 291.04
532.00 291.04
531.00 291.04
530.00 291.04
529.00 291.04
528.00 291.04
527.00 291.04
526.00 291.04
525.00 291.04
524.00 291.04
523.00 291.04
522.04 292.00
522.00 292.04
521.00 292.04
520.00 292.04
519.00 292.04
518.00 292.04
517.04 293.00
517.00 293.04
516.00 293.04
515.04 294.00
515.00 294.04
514.00 294.04
513.04 295.00
513.00 295.04
512.00 295.04
511.04 296.00
511.00 296.04
510.04 297.00
510.00 297.04
509.04 298.00
509.00 298.04
508.04 299.00
508.00 299.04
507.04 300.00
507.00 300.04
506.04 301.00
506.04 302.00
506.00 302.04
505.04 303.00
505.00 303.04
504.04 304.00
504.04 305.00
504.00 305.04
503.04 306.00
503.04 307.00
503.00 307.04
502.04 308.00
502.04 309.00
502.04 310.00
502.00 310.04
501.04 311.00
501.04 312.00
501.04 313.00
501.04 314.00
501.04 315.00
501.04 316.00
501.04 317.00
501.04 318.00
501.04 319.00
501.04 320.00
501.04 321.00
501.04 322.00
501.04 323.00
501.04 324.00
501.04 325.00
502.00 325.96
502.04 326.00
502.04 327.00
502.04 328.00
502.04 329.00
503.00 329.96
503.04 330.00
503.04 331.00
504.00 331.96
504.04 332.00
504.04 333.00
505.00 333.96
505.04 334.00
505.04 335.00
506.00 335.96
506.04 336.00
506.04 337.00
507.00 337.96
507.04 338.00
507.04 339.00
508.00 339.96
508.04 340.00
509.00 340.96
509.04 341.00
509.04 342.00
510.00 342.96
510.04 343.00
510.04 344.00
511.00 344.96
511.04 345.00
512.00 345.96
512.04 346.00
513.00 346.96
513.04 347.00
514.00 347.96
514.04 348.00
515.00 348.96
515.04 349.00
516.00 349.96
516.04 350.00
517.00 350.96
517.04 351.00
518.00 351.96
518.04 352.00
519.00 352.96
520.00 352.96
520.04 353.00
521.00 353.96
522.00 353.96
522.04 354.00
523.00 354.96
523.04 355.00
524.00 355.96
525.00 355.96
526.00 355.96
526.04 356.00
527.00 356.96
528.00 356.96
529.00 356.96
530.00 356.96
531.00 356.96
532.00 356.96
533.00 356.96
534.00 356.96
534.96 356.00
535.00 355.96
536.00 355.96
537.00 355.96
537.96 355.00
538.00 354.96
539.00 354.96
540.00 354.96
540.96 354.00
541.00 353.96
542.00 353.96
542.96 353.00
543.00 352.96
544.00 352.96
544.96 352.00
545.00 351.96
545.96 351.00
546.00 350.96
547.00 350.96
547.96 350.00
548.00 349.96
548.96 349.00
549.00 348.96
549.96 348.00
550.00 347.96
550.96 347.00
551.00 346.96
551.96 346.00
552.00 345.96
552.96 345.00
553.00 344.96
553.96 344.00
554.00 343.96
554.96 343.00
554.96 342.00
555.00 341.96
555.96 341.00
556.00 340.96
556.96 340.00
556.96 339.00
557.00 338.96
557.96 338.00
558.00 337.96
558.96 337.00
558.96 336.00
558.96 335.00
559.00 334.96
559.96 334.00
559.96 333.00
559.96 332.00
560.00 331.96
560.96 331.00
560.96 330.00
560.96 329.00
560.96 328.00
560.96 327.00
560.96 326.00
560.96 325.00
561.00 324.96
561.96 324.00

Contour 15:
584.97 560.00
584.97 559.00
584.97 558.00
584.97 557.00
584.97 556.00
584.97 555.00
584.97 554.00
584.00 553.03
583.97 553.00
583.97 552.00
583.97 551.00
583.00 550.03
582.97 550.00
582.97 549.00
582.00 548.03
581.97 548.00
581.97 547.00
581.00 546.03
580.97 546.00
580.00 545.03
579.97 545.00
579.00 544.03
578.97 544.00
578.00 543.03
577.97 543.00
577.00 542.03
576.00 542.03
575.97 542.00
575.00 541.03
574.97 541.00
574.00 540.03
573.00 540.03
572.97 540.00
572.00 539.03
571.97 539.00
571.00 538.03
570.00 538.03
569.00 538.03
568.97 538.00
568.00 537.03
567.00 537.03
566.00 537.03
565.00 537.03
564.97 537.00
564.00 536.03
563.00 536.03
562.00 536.03
561.00 536.03
560.00 536.03
559.00 536.03
558.00 536.03
557.00 536.03
556.97 536.00
556.00 535.03
555.00 535.03
554.00 535.03
553.00 535.03
552.00 535.03
551.00 535.03
550.00 535.03
549.03 536.00
549.00 536.03
548.00 536.03
547.00 536.03
546.03 537.00
546.00 537.03
545.00 537.03
544.03 538.00
544.00 538.03
543.00 538.03
542.03 539.00
542.00 539.03
541.03 540.00
541.00 540.03
540.00 540.03
539.03 541.00
539.00 541.03
538.03 542.00
538.00 542.03
537.00 542.03
536.03 543.00
536.00 543.03
535.00 543.03
534.03 544.00
534.00 544.03
533.03 545.00
533.00 545.03
532.03 546.00
532.00 546.03
531.03 547.00
531.00 547.03
530.03 548.00
530.00 548.03
529.03 549.00
529.00 549.03
528.03 550.00
528.03 551.00
528.00 551.03
527.03 552.00
527.03 553.00
527.03 554.00
527.00 554.03
526.03 555.00
526.03 556.00
526.00 556.03
525.03 557.00
525.03 558.00
525.03 559.00
525.00 559.03
524.03 560.00
524.03 561.00
524.03 562.00
524.03 563.00
524.00 563.03
523.03 564.00
523.03 565.00
523.03 566.00
523.03 567.00
523.03 568.00
523.03 569.00
523.03 570.00
523.03 571.00
523.03 572.00
523.03 573.00
524.00 573.97
524.03 574.00
524.03 575.00
524.03 576.00
524.03 577.00
524.03 578.00
525.00 578.97
525.03 579.00
525.03 580.00
525.03 581.00
526.00 581.97
526.03 582.00
526.03 583.00
527.00 583.97
527.03 584.00
528.00 584.97
528.03 585.00
528.03 586.00
529.00 586.97
529.03 587.00
530.00 587.97
530.03 588.00
531.00 588.97
531.03 589.00
531.03 590.00
532.00 590.97
533.00 590.97
533.03 591.00
534.00 591.97
534.03 592.00
535.00 592.97
535.03 593.00
536.00 593.97
537.00 593.97
537.03 594.00
538.00 594.97
539.00 594.97
540.00 594.97
540.03 595.00
541.00 595.97
542.00 595.97
543.00 595.97
543.03 596.00
544.00 596.97
545.00 596.97
546.00 596.97
547.00 596.97
548.00 596.97
549.00 596.97
550.00 596.97
551.00 596.97
552.00 596.97
553.00 596.97
553.97 596.00
554.00 595.97
555.00 595.97
556.00 595.97
556.97 595.00
557.00 594.97
558.00 594.97
558.97 594.00
559.00 593.97
560.00 593.97
560.97 593.00
561.00 592.97
562.00 592.97
562.97 592.00
563.00 591.97
563.97 591.00
564.00 590.97
565.00 590.97
565.97 590.00
566.00 589.97
566.97 589.00
567.00 588.97
567.97 588.00
568.00 587.97
568.97 587.00
569.00 586.97
569.97 586.00
570.00 585.97
570.97 585.00
571.00 584.97
571.97 584.00
572.00 583.97
573.00 583.97
573.97 583.00
574.00 582.97
574.97 582.00
575.00 581.97
575.97 581.00
575.97 580.00
576.00 579.97
576.97 579.00
577.00 578.97
577.97 578.00
578.00 577.97
578.97 577.00
578.97 576.00
579.00 575.97
579.97 575.00
580.00 574.97
580.97 574.00
580.97 573.00
581.00 572.97
581.97 572.00
582.00 571.97
582.97 571.00
582.97 570.00
582.97 569.00
583.00 568.97
583.97 568.00
583.97 567.00
583.97 566.00
583.97 565.00
583.97 564.00
583.97 563.00
583.97 562.00
583.97 561.00
584.00 560.97
584.97 560.00

Contour 16:
628.97 650.00
628.97 649.00
628.97 648.00
628.97 647.00
628.97 646.00
628.97 645.00
628.97 644.00
628.97 643.00
628.97 642.00
628.97 641.00
628.97 640.00
628.97 639.00
628.00 638.03
627.97 638.00
627.97 637.00
627.97 636.00
627.97 635.00
627.00 634.03
626.97 634.00
626.97 633.00
626.97 632.00
626.00 631.03
625.97 631.00
625.00 630.03
624.97 630.00
624.97 629.00
624.00 628.03
623.97 628.00
623.00 627.03
622.97 627.00
622.00 626.03
621.97 626.00
621.00 625.03
620.97 625.00
620.00 624.03
619.97 624.00
619.00 623.03
618.97 623.00
618.00 622.03
617.97 622.00
617.00 621.03
616.00 621.03
615.97 621.00
615.00 620.03
614.97 620.00
614.00 619.03
613.97 619.00
613.00 618.03
612.97 618.00
612.00 617.03
611.00 617.03
610.97 617.00
610.00 616.03
609.00 616.03
608.00 616.03
607.00 616.03
606.00 616.03
605.00 616.03
604.00 616.03
603.97 616.00
603.00 615.03
602.00 615.03
601.00 615.03
600.03 616.00
600.00 616.03
599.00 616.03
598.00 616.03
597.00 616.03
596.00 616.03
595.00 616.03
594.00 616.03
593.03 617.00
593.00 617.03
592.00 617.03
591.03 618.00
591.00 618.03
590.00 618.03
589.03 619.00
589.00 619.03
588.00 619.03
587.03 620.00
587.00 620.03
586.00 620.03
585.03 621.00
585.00 621.03
584.00 621.03
583.00 621.03
582.03 622.00
582.00 622.03
581.00 622.03
580.03 623.00
580.00 623.03
579.00 623.03
578.03 624.00
578.00 624.03
577.03 625.00
577.00 625.03
576.03 626.00
576.00 626.03
575.00 626.03
574.03 627.00
574.03 628.00
574.00 628.03
573.03 629.00
573.00 629.03
572.03 630.00
572.03 631.00
572.00 631.03
571.03 632.00
571.03 633.00
571.00 633.03
570.03 634.00
570.03 635.00
570.00 635.03
569.03 636.00
569.03 637.00
569.00 637.03
568.03 638.00
568.03 639.00
568.00 639.03
567.03 640.00
567.00 640.03
566.03 641.00
566.03 642.00
566.03 643.00
566.00 643.03
565.03 644.00
565.03 645.00
565.03 646.00
565.03 647.00
565.00 647.03
564.03 648.00
564.03 649.00
564.03 650.00
564.03 651.00
564.03 652.00
564.03 653.00
564.03 654.00
564.03 655.00
565.00 655.97
565.03 656.00
565.03 657.00
565.03 658.00
565.03 659.00
566.00 659.97
566.03 660.00
566.03 661.00
566.03 662.00
567.00 662.97
567.03 663.00
567.03 664.00
567.03 665.00
568.00 665.97
568.03 666.00
569.00 666.97
569.03 667.00
569.03 668.00
570.00 668.97
570.03 669.00
571.00 669.97
571.03 670.00
572.00 670.97
572.03 671.00
573.00 671.97
573.03 672.00
574.00 672.97
574.03 673.00
575.00 673.97
575.03 674.00
576.00 674.97
576.03 675.00
577.00 675.97
577.03 676.00
578.00 676.97
579.00 676.97
579.03 677.00
580.00 677.97
580.03 678.00
581.00 678.97
582.00 678.97
582.03 679.00
583.00 679.97
584.00 679.97
585.00 679.97
586.00 679.97
587.00 679.97
588.00 679.97
589.00 679.97
590.00 679.97
591.00 679.97
592.00 679.97
593.00 679.97
594.00 679.97
595.00 679.97
596.00 679.97
597.00 679.97
598.00 679.97
599.00 679.97
600.00 679.97
601.00 679.97
602.00 679.97
602.97 679.00
603.00 678.97
604.00 678.97
605.00 678.97
605.97 678.00
606.00 677.97
607.00 677.97
607.97 677.00
608.00 676.97
609.00 676.97
609.97 676.00
610.00 675.97
610.97 675.00
611.00 674.97
612.00 674.97
612.97 674.00
613.00 673.97
613.97 673.00
614.00 672.97
614.97 672.00
615.00 671.97
615.97 671.00
616.00 670.97
616.97 670.00
617.00 669.97
617.97 669.00
618.00 668.97
618.97 668.00
619.00 667.97
619.97 667.00
619.97 666.00
620.00 665.97
620.97 665.00
621.00 664.97
621.97 664.00
622.00 663.97
622.97 663.00
623.00 662.97
623.97 662.00
623.97 661.00
624.00 660.97
624.97 660.00
624.97 659.00
625.00 658.97
625.97 658.00
625.97 657.00
626.00 656.97
626.97 656.00
626.97 655.00
627.00 654.97
627.97 654.00
627.97 653.00
627.97 652.00
627.97 651.00
628.00 650.97
628.97 650.00

Contour 17:
654.97 468.00
654.97 467.00
654.97 466.00
654.97 465.00
654.97 464.00
654.97 463.00
654.00 462.03
653.97 462.00
653.97 461.00
653.97 460.00
653.97 459.00
653.00 458.03
652.97 458.00
652.97 457.00
652.00 456.03
651.97 456.00
651.00 455.03
650.97 455.00
650.97 454.00
650.00 453.03
649.97 453.00
649.00 452.03
648.97 452.00
648.97 451.00
648.00 450.03
647.97 450.00
647.00 449.03
646.97 449.00
646.00 448.03
645.97 448.00
645.00 447.03
644.00 447.03
643.97 447.00
643.00 446.03
642.97 446.00
642.00 445.03
641.00 445.03
640.97 445.00
640.00 444.03
639.00 444.03
638.97 444.00
638.00 443.03
637.00 443.03
636.97 443.00
636.00 442.03
635.00 442.03
634.00 442.03
633.00 442.03
632.00 442.03
631.00 442.03
630.00 442.03
629.97 442.00
629.00 441.03
628.00 441.03
627.00 441.03
626.00 441.03
625.00 441.03
624.03 442.00
624.00 442.03
623.00 442.03
622.00 442.03
621.00 442.03
620.00 442.03
619.00 442.03
618.03 443.00
618.00 443.03
617.00 443.03
616.03 444.00
616.00 444.03
615.00 444.03
614.00 444.03
613.03 445.00
613.00 445.03
612.00 445.03
611.00 445.03
610.03 446.00
610.00 446.03
609.00 446.03
608.00 446.03
607.03 447.00
607.00 447.03
606.00 447.03
605.03 448.00
605.00 448.03
604.00 448.03
603.03 449.00
603.00 449.03
602.03 450.00
602.00 450.03
601.03 451.00
601.00 451.03
600.03 452.00
600.03 453.00
600.00 453.03
599.03 454.00
599.03 455.00
599.00 455.03
598.03 456.00
598.03 457.00
598.00 457.03
597.03 458.00
597.03 459.00
597.03 460.00
597.03 461.00
597.00 461.03
596.03 462.00
596.03 463.00
596.03 464.00
596.03 465.00
596.03 466.00
596.03 467.00
596.03 468.00
596.00 468.03
595.03 469.00
595.03 470.00
595.03 471.00
595.03 472.00
595.03 473.00
595.03 474.00
595.03 475.00
595.03 476.00
595.03 477.00
595.03 478.00
595.03 479.00
596.00 479.97
596.03 480.00
596.03 481.00
596.03 482.00
597.00 482.97
597.03 483.00
597.03 484.00
597.03 485.00
598.00 485.97
598.03 486.00
598.03 487.00
599.00 487.97
599.03 488.00
600.00 488.97
600.03 489.00
600.03 490.00
601.00 490.97
601.03 491.00
602.00 491.97
602.03 492.00
603.00 492.97
603.03 493.00
604.00 493.97
604.03 494.00
605.00 494.97
605.03 495.00
606.00 495.97
607.00 495.97
607.03 496.00
608.00 496.97
608.03 497.00
609.00 497.97
610.00 497.97
610.03 498.00
611.00 498.97
611.03 499.00
612.00 499.97
613.00 499.97
613.03 500.00
614.00 500.97
615.00 500.97
616.00 500.97
616.03 501.00
617.00 501.97
618.00 501.97
619.00 501.97
620.00 501.97
621.00 501.97
622.00 501.97
623.00 501.97
624.00 501.97
625.00 501.97
626.00 501.97
627.00 501.97
628.00 501.97
628.97 501.00
629.00 500.97
629.03 501.00
630.00 501.97
631.00 501.97
632.00 501.97
633.00 501.97
634.00 501.97
635.00 501.97
636.00 501.97
636.97 501.00
637.00 500.97
638.00 500.97
639.00 500.97
639.97 500.00
640.00 499.97
640.97 499.00
641.00 498.97
641.97 498.00
642.00 497.97
643.00 497.97
643.97 497.00
644.00 496.97
644.97 496.00
645.00 495.97
646.00 495.97
646.97 495.00
647.00 494.97
647.97 494.00
648.00 493.97
648.97 493.00
648.97 492.00
648.97 491.00
649.00 490.97
649.97 490.00
649.97 489.00
650.00 488.97
650.97 488.00
650.97 487.00
650.97 486.00
650.97 485.00
651.00 484.97
651.97 484.00
651.97 483.00
651.97 482.00
651.97 481.00
652.00 480.97
652.97 480.00
652.97 479.00
652.97 478.00
652.97 477.00
652.97 476.00
652.97 475.00
653.00 474.97
653.97 474.00
653.97 473.00
653.97 472.00
653.97 471.00
653.97 470.00
653.97 469.00
654.00 468.97
654.97 468.00

Contour 18:
665.97 325.00
665.97 324.00
665.97 323.00
665.97 322.00
665.97 321.00
665.97 320.00
665.97 319.00
665.97 318.00
665.00 317.03
664.97 317.00
664.97 316.00
664.97 315.00
664.97 314.00
664.97 313.00
664.00 312.03
663.97 312.00
663.97 311.00
663.00 310.03
662.97 310.00
662.97 309.00
662.00 308.03
661.97 308.00
661.00 307.03
660.97 307.00
660.97 306.00
660.00 305.03
659.97 305.00
659.00 304.03
658.97 304.00
658.00 303.03
657.97 303.00
657.97 302.00
657.00 301.03
656.97 301.00
656.00 300.03
655.97 300.00
655.00 299.03
654.97 299.00
654.97 298.00
654.00 297.03
653.00 297.03
652.97 297.00
652.00 296.03
651.97 296.00
651.00 295.03
650.97 295.00
650.00 294.03
649.97 294.00
649.00 293.03
648.97 293.00
648.00 292.03
647.97 292.00
647.00 291.03
646.00 291.03
645.97 291.00
645.00 290.03
644.00 290.03
643.97 290.00
643.00 289.03
642.00 289.03
641.97 289.00
641.00 288.03
640.00 288.03
639.00 288.03
638.97 288.00
638.00 287.03
637.00 287.03
636.00 287.03
635.00 287.03
634.97 287.00
634.00 286.03
633.00 286.03
632.00 286.03
631.00 286.03
630.00 286.03
629.97 286.00
629.00 285.03
628.00 285.03
627.00 285.03
626.00 285.03
625.00 285.03
624.00 285.03
623.03 286.00
623.00 286.03
622.00 286.03
621.00 286.03
620.00 286.03
619.00 286.03
618.03 287.00
618.00 287.03
617.00 287.03
616.00 287.03
615.03 288.00
615.00 288.03
614.00 288.03
613.03 289.00
613.00 289.03
612.00 289.03
611.03 290.00
611.00 290.03
610.03 291.00
610.00 291.03
609.03 292.00
609.00 292.03
608.00 292.03
607.03 293.00
607.00 293.03
606.03 294.00
606.03 295.00
606.00 295.03
605.03 296.00
605.00 296.03
604.03 297.00
604.00 297.03
603.03 298.00
603.03 299.00
603.00 299.03
602.03 300.00
602.03 301.00
602.00 301.03
601.03 302.00
601.03 303.00
601.00 303.03
600.03 304.00
600.03 305.00
600.03 306.00
600.00 306.03
599.03 307.00
599.03 308.00
599.03 309.00
599.03 310.00
599.03 311.00
599.03 312.00
599.03 313.00
599.03 314.00
599.03 315.00
600.00 315.97
600.03 316.00
600.03 317.00
600.03 318.00
601.00 318.97
601.03 319.00
601.03 320.00
602.00 320.97
602.03 321.00
603.00 321.97
603.03 322.00
603.03 323.00
604.00 323.97
604.03 324.00
604.03 325.00
605.00 325.97
605.03 326.00
605.03 327.00
606.00 327.97
606.03 328.00
607.00 328.97
607.03 329.00
608.00 329.97
608.03 330.00
609.00 330.97
609.03 331.00
610.00 331.97
611.00 331.97
611.03 332.00
612.00 332.97
612.03 333.00
613.00 333.97
614.00 333.97
614.03 334.00
615.00 334.97
615.03 335.00
616.00 335.97
617.00 335.97
617.03 336.00
618.00 336.97
619.00 336.97
619.03 337.00
620.00 337.97
621.00 337.97
621.03 338.00
622.00 338.97
623.00 338.97
623.03 339.00
624.00 339.97
625.00 339.97
625.03 340.00
626.00 340.97
627.00 340.97
627.03 341.00
628.00 341.97
629.00 341.97
629.03 342.00
630.00 342.97
631.00 342.97
632.00 342.97
632.03 343.00
633.00 343.97
634.00 343.97
635.00 343.97
635.03 344.00
636.00 344.97
637.00 344.97
638.00 344.97
638.03 345.00
639.00 345.97
640.00 345.97
641.00 345.97
642.00 345.97
643.00 345.97
644.00 345.97
644.97 345.00
645.00 344.97
646.00 344.97
647.00 344.97
648.00 344.97
648.97 344.00
649.00 343.97
650.00 343.97
651.00 343.97
651.97 343.00
652.00 342.97
653.00 342.97
653.97 342.00
654.00 341.97
654.97 341.00
655.00 340.97
655.97 340.00
656.00 339.97
656.97 339.00
657.00 338.97
657.97 338.00
658.00 337.97
658.97 337.00
659.00 336.97
659.97 336.00
660.00 335.97
660.97 335.00
661.00 334.97
661.97 334.00
662.00 333.97
662.97 333.00
663.00 332.97
663.97 332.00
663.97 331.00
663.97 330.00
664.00 329.97
664.97 329.00
664.97 328.00
664.97 327.00
664.97 326.00
665.00 325.97
665.97 325.00

Contour 19:
713.97 428.00
713.97 427.00
713.97 426.00
713.97 425.00
713.97 424.00
713.97 423.00
713.97 422.00
713.97 421.00
713.97 420.00
713.97 419.00
713.97 418.00
713.97 417.00
713.00 416.03
712.97 416.00
712.97 415.00
712.97 414.00
712.00 413.03
711.97 413.00
711.97 412.00
711.00 411.03
710.97 411.00
710.97 410.00
710.00 409.03
709.97 409.00
709.00 408.03
708.97 408.00
708.00 407.03
707.97 407.00
707.00 406.03
706.97 406.00
706.00 405.03
705.97 405.00
705.00 404.03
704.97 404.00
704.00 403.03
703.97 403.00
703.00 402.03
702.97 402.00
702.00 401.03
701.97 401.00
701.00 400.03
700.97 400.00
700.00 399.03
699.00 399.03
698.97 399.00
698.00 398.03
697.97 398.00
697.00 397.03
696.00 397.03
695.97 397.00
695.00 396.03
694.97 396.00
694.00 395.03
693.00 395.03
692.97 395.00
692.00 394.03
691.00 394.03
690.97 394.00
690.00 393.03
689.00 393.03
688.97 393.00
688.00 392.03
687.00 392.03
686.97 392.00
686.00 391.03
685.00 391.03
684.00 391.03
683.00 391.03
682.97 391.00
682.00 390.03
681.00 390.03
680.00 390.03
679.00 390.03
678.00 390.03
677.00 390.03
676.97 390.00
676.00 389.03
675.00 389.03
674.00 389.03
673.00 389.03
672.00 389.03
671.00 389.03
670.00 389.03
669.00 389.03
668.00 389.03
667.00 389.03
666.03 390.00
666.00 390.03
665.00 390.03
664.00 390.03
663.03 391.00
663.00 391.03
662.00 391.03
661.03 392.00
661.00 392.03
660.00 392.03
659.03 393.00
659.00 393.03
658.03 394.00
658.00 394.03
657.03 395.00
657.00 395.03
656.03 396.00
656.00 396.03
655.03 397.00
655.00 397.03
654.03 398.00
654.00 398.03
653.03 399.00
653.00 399.03
652.03 400.00
652.03 401.00
652.00 401.03
651.03 402.00
651.03 403.00
651.00 403.03
650.03 404.00
650.03 405.00
650.00 405.03
649.03 406.00
649.03 407.00
649.03 408.00
649.03 409.00
649.03 410.00
649.03 411.00
649.03 412.00
649.03 413.00
649.03 414.00
649.03 415.00
649.03 416.00
649.03 417.00
650.00 417.97
650.03 418.00
650.03 419.00
650.03 420.00
651.00 420.97
651.03 421.00
651.03 422.00
652.00 422.97
652.03 423.00
652.03 424.00
653.00 424.97
653.03 425.00
653.03 426.00
654.00 426.97
654.03 427.00
655.00 427.97
655.03 428.00
656.00 428.97
656.03 429.00
657.00 429.97
657.03 430.00
658.00 430.97
658.03 431.00
659.00 431.97
659.03 432.00
660.00 432.97
661.00 432.97
661.03 433.00
662.00 433.97
663.00 433.97
664.00 433.97
664.03 434.00
665.00 434.97
666.00 434.97
667.00 434.97
667.03 435.00
668.00 435.97
669.00 435.97
670.00 435.97
671.00 435.97
671.03 436.00
672.00 436.97
673.00 436.97
674.00 436.97
674.03 437.00
675.00 437.97
676.00 437.97
677.00 437.97
677.03 438.00
678.00 438.97
679.00 438.97
680.00 438.97
680.03 439.00
681.00 439.97
682.00 439.97
683.00 439.97
684.00 439.97
685.00 439.97
686.00 439.97
686.03 440.00
687.00 440.97
688.00 440.97
689.00 440.97
690.00 440.97
691.00 440.97
692.00 440.97
693.00 440.97
694.00 440.97
695.00 440.97
696.00 440.97
697.00 440.97
698.00 440.97
699.00 440.97
700.00 440.97
701.00 440.97
702.00 440.97
702.97 440.00
703.00 439.97
704.00 439.97
704.97 439.00
705.00 438.97
706.00 438.97
706.97 438.00
707.00 437.97
707.97 437.00
708.00 436.97
708.97 436.00
709.00 435.97
709.97 435.00
710.00 434.97
710.97 434.00
710.97 433.00
711.00 432.97
711.97 432.00
711.97 431.00
712.00 430.97
712.97 430.00
712.97 429.00
713.00 428.97
713.97 428.00

Contour 20:
737.98 603.00
737.98 602.00
737.98 601.00
737.00 600.02
736.98 600.00
736.98 599.00
736.98 598.00
736.98 597.00
736.98 596.00
736.98 595.00
736.98 594.00
736.00 593.02
735.98 593.00
735.98 592.00
735.98 591.00
735.00 590.02
734.98 590.00
734.00 589.02
733.98 589.00
733.98 588.00
733.00 587.02
732.98 587.00
732.00 586.02
731.98 586.00
731.00 585.02
730.00 585.02
729.98 585.00
729.00 584.02
728.98 584.00
728.00 583.02
727.00 583.02
726.98 583.00
726.00 582.02
725.00 582.02
724.98 582.00
724.00 581.02
723.00 581.02
722.00 581.02
721.00 581.02
720.00 581.02
719.98 581.00
719.00 580.02
718.00 580.02
717.00 580.02
716.00 580.02
715.00 580.02
714.00 580.02
713.00 580.02
712.00 580.02
711.00 580.02
710.00 580.02
709.00 580.02
708.02 581.00
708.00 581.02
707.00 581.02
706.00 581.02
705.02 582.00
705.00 582.02
704.00 582.02
703.02 583.00
703.00 583.02
702.00 583.02
701.02 584.00
701.00 584.02
700.00 584.02
699.02 585.00
699.00 585.02
698.02 586.00
698.00 586.02
697.02 587.00
697.00 587.02
696.02 588.00
696.00 588.02
695.02 589.00
695.00 589.02
694.00 589.02
693.02 590.00
693.00 590.02
692.02 591.00
692.00 591.02
691.02 592.00
691.00 592.02
690.02 593.00
690.00 593.02
689.02 594.00
689.00 594.02
688.02 595.00
688.00 595.02
687.02 596.00
687.00 596.02
686.02 597.00
686.00 597.02
685.02 598.00
685.00 598.02
684.02 599.00
684.00 599.02
683.02 600.00
683.02 601.00
683.00 601.02
682.02 602.00
682.00 602.02
681.02 603.00
681.00 603.02
680.02 604.00
680.02 605.00
680.00 605.02
679.02 606.00
679.00 606.02
678.02 607.00
678.02 608.00
678.00 608.02
677.02 609.00
677.02 610.00
677.00 610.02
676.02 611.00
676.02 612.00
676.00 612.02
675.02 613.00
675.02 614.00
675.00 614.02
674.02 615.00
674.02 616.00
674.02 617.00
674.02 618.00
674.00 618.02
673.02 619.00
673.02 620.00
673.02 621.00
673.02 622.00
673.02 623.00
673.02 624.00
673.02 625.00
673.02 626.00
673.02 627.00
673.02 628.00
673.02 629.00
674.00 629.98
674.02 630.00
674.02 631.00
675.00 631.98
675.02 632.00
675.02 633.00
675.02 634.00
676.00 634.98
676.02 635.00
676.02 636.00
677.00 636.98
677.02 637.00
678.00 637.98
678.02 638.00
679.00 638.98
679.02 639.00
680.00 639.98
680.02 640.00
681.00 640.98
681.02 641.00
682.00 641.98
683.00 641.98
683.02 642.00
684.00 642.98
685.00 642.98
685.02 643.00
686.00 643.98
687.00 643.98
687.02 644.00
688.00 644.98
689.00 644.98
689.02 645.00
690.00 645.98
691.00 645.98
692.00 645.98
693.00 645.98
694.00 645.98
695.00 645.98
695.02 646.00
696.00 646.98
697.00 646.98
698.00 646.98
699.00 646.98
700.00 646.98
701.00 646.98
702.00 646.98
703.00 646.98
703.98 646.00
704.00 645.98
705.00 645.98
706.00 645.98
707.00 645.98
707.98 645.00
708.00 644.98
709.00 644.98
709.98 644.00
710.00 643.98
710.98 643.00
711.00 642.98
712.00 642.98
712.98 642.00
713.00 641.98
713.98 641.00
714.00 640.98
714.98 640.00
715.00 639.98
715.98 639.00
716.00 638.98
716.98 638.00
717.00 637.98
717.98 637.00
718.00 636.98
718.98 636.00
719.00 635.98
719.98 635.00
720.00 634.98
720.98 634.00
721.00 633.98
721.98 633.00
722.00 632.98
722.98 632.00
722.98 631.00
723.00 630.98
723.98 630.00
724.00 629.98
724.98 629.00
724.98 628.00
725.00 627.98
725.98 627.00
726.00 626.98
726.98 626.00
726.98 625.00
727.00 624.98
727.98 624.00
728.00 623.98
728.98 623.00
728.98 622.00
729.00 621.98
729.98 621.00
730.00 620.98
730.98 620.00
730.98 619.00
731.00 618.98
731.98 618.00
732.00 617.98
732.98 617.00
732.98 616.00
733.00 615.98
733.98 615.00
734.00 614.98
734.98 614.00
734.98 613.00
735.00 612.98
735.98 612.00
735.98 611.00
735.98 610.00
735.98 609.00
736.00 608.98
736.98 608.00
736.98 607.00
736.98 606.00
736.98 605.00
736.98 604.00
737.00 603.98
737.98 603.00

Contour 21:
792.98 886.00
792.98 885.00
792.98 884.00
792.98 883.00
792.98 882.00
792.98 881.00
792.98 880.00
792.98 879.00
792.00 878.02
791.98 878.00
791.98 877.00
791.98 876.00
791.98 875.00
791.98 874.00
791.00 873.02
790.98 873.00
790.98 872.00
790.98 871.00
790.98 870.00
790.00 869.02
789.98 869.00
789.98 868.00
789.98 867.00
789.00 866.02
788.98 866.00
788.98 865.00
788.98 864.00
788.00 863.02
787.98 863.00
787.98 862.00
787.00 861.02
786.98 861.00
786.00 860.02
785.98 860.00
785.00 859.02
784.98 859.00
784.00 858.02
783.98 858.00
783.00 857.02
782.98 857.00
782.00 856.02
781.98 856.00
781.00 855.02
780.00 855.02
779.98 855.00
779.00 854.02
778.98 854.00
778.00 853.02
777.00 853.02
776.98 853.00
776.00 852.02
775.98 852.00
775.00 851.02
774.00 851.02
773.98 851.00
773.00 850.02
772.00 850.02
771.98 850.00
771.00 849.02
770.00 849.02
769.98 849.00
769.00 848.02
768.00 848.02
767.98 848.00
767.00 847.02
766.00 847.02
765.00 847.02
764.98 847.00
764.00 846.02
763.00 846.02
762.00 846.02
761.00 846.02
760.00 846.02
759.00 846.02
758.00 846.02
757.02 847.00
757.00 847.02
756.00 847.02
755.00 847.02
754.00 847.02
753.02 848.00
753.00 848.02
752.00 848.02
751.02 849.00
751.00 849.02
750.00 849.02
749.02 850.00
749.00 850.02
748.00 850.02
747.02 851.00
747.00 851.02
746.00 851.02
745.02 852.00
745.00 852.02
744.00 852.02
743.02 853.00
743.00 853.02
742.02 854.00
742.00 854.02
741.02 855.00
741.00 855.02
740.00 855.02
739.02 856.00
739.00 856.02
738.02 857.00
738.00 857.02
737.02 858.00
737.00 858.02
736.02 859.00
736.00 859.02
735.02 860.00
735.02 861.00
735.00 861.02
734.02 862.00
734.02 863.00
734.00 863.02
733.02 864.00
733.02 865.00
733.00 865.02
732.02 866.00
732.02 867.00
732.00 867.02
731.02 868.00
731.02 869.00
731.00 869.02
730.00 869.02
729.02 870.00
729.00 870.02
728.98 870.00
728.00 869.02
727.00 869.02
726.98 869.00
726.00 868.02
725.98 868.00
725.00 867.02
724.98 867.00
724.00 866.02
723.98 866.00
723.00 865.02
722.00 865.02
721.98 865.00
721.00 864.02
720.98 864.00
720.00 863.02
719.00 863.02
718.98 863.00
718.00 862.02
717.00 862.02
716.98 862.00
716.00 861.02
715.00 861.02
714.00 861.02
713.00 861.02
712.98 861.00
712.00 860.02
711.00 860.02
710.00 860.02
709.00 860.02
708.00 860.02
707.00 860.02
706.00 860.02
705.02 861.00
705.00 861.02
704.00 861.02
703.00 861.02
702.02 862.00
702.00 862.02
701.00 862.02
700.00 862.02
699.02 863.00
699.00 863.02
698.02 864.00
698.00 864.02
697.00 864.02
696.02 865.00
696.00 865.02
695.02 866.00
695.00 866.02
694.02 867.00
694.00 867.02
693.02 868.00
693.00 868.02
692.02 869.00
692.00 869.02
691.02 870.00
691.00 870.02
690.00 870.02
689.02 871.00
689.00 871.02
688.02 872.00
688.02 873.00
688.00 873.02
687.02 874.00
687.00 874.02
686.02 875.00
686.00 875.02
685.02 876.00
685.00 876.02
684.02 877.00
684.02 878.00
684.00 878.02
683.02 879.00
683.00 879.02
682.02 880.00
682.00 880.02
681.02 881.00
681.02 882.00
681.00 882.02
680.02 883.00
680.02 884.00
680.00 884.02
679.02 885.00
679.02 886.00
679.02 887.00
679.00 887.02
678.02 888.00
678.02 889.00
678.02 890.00
678.02 891.00
678.02 892.00
678.02 893.00
678.02 894.00
678.02 895.00
678.00 895.02
677.02 896.00
677.02 897.00
677.02 898.00
677.02 899.00
677.02 900.00
677.02 901.00
678.00 901.98
678.02 902.00
678.02 903.00
678.02 904.00
679.00 904.98
679.02 905.00
679.02 906.00
680.00 906.98
680.02 907.00
680.02 908.00
681.00 908.98
681.02 909.00
681.02 910.00
682.00 910.98
682.02 911.00
683.00 911.98
683.02 912.00
683.02 913.00
684.00 913.98
684.02 914.00
685.00 914.98
685.02 915.00
685.02 916.00
686.00 916.98
686.02 917.00
687.00 917.98
687.02 918.00
688.00 918.98
688.02 919.00
689.00 919.98
689.02 920.00
690.00 920.98
690.02 921.00
691.00 921.98
691.02 922.00
692.00 922.98
692.02 923.00
693.00 923.98
694.00 923.98
694.02 924.00
695.00 924.98
695.02 925.00
696.00 925.98
697.00 925.98
698.00 925.98
699.00 925.98
699.02 926.00
700.00 926.98
701.00 926.98
701.02 927.00
702.00 927.98
703.00 927.98
704.00 927.98
705.00 927.98
705.02 928.00
706.00 928.98
707.00 928.98
708.00 928.98
709.00 928.98
709.98 928.00
710.00 927.98
711.00 927.98
712.00 927.98
713.00 927.98
714.00 927.98
714.98 927.00
715.00 926.98
716.00 926.98
717.00 926.98
718.00 926.98
718.98 926.00
719.00 925.98
720.00 925.98
721.00 925.98
721.98 925.00
722.00 924.98
722.98 924.00
723.00 923.98
724.00 923.98
724.98 923.00
725.00 922.98
725.98 922.00
726.00 921.98
727.00 921.98
727.98 921.00
727.98 920.00
728.00 919.98
728.98 919.00
729.00 918.98
729.98 918.00
730.00 917.98
730.98 917.00
730.98 916.00
731.00 915.98
731.98 915.00
731.98 914.00
732.00 913.98
732.98 913.00
733.00 912.98
733.98 912.00
733.98 911.00
733.98 910.00
734.00 909.98
734.98 909.00
734.98 908.00
735.00 907.98
735.98 907.00
735.98 906.00
736.00 905.98
736.98 905.00
736.98 904.00
737.00 903.98
737.98 903.00
738.00 902.98
739.00 902.98
739.98 902.00
740.00 901.98
740.02 902.00
741.00 902.98
742.00 902.98
742.02 903.00
743.00 903.98
743.02 904.00
744.00 904.98
744.02 905.00
745.00 905.98
745.02 906.00
746.00 906.98
746.02 907.00
747.00 907.98
748.00 907.98
748.02 908.00
749.00 908.98
749.02 909.00
750.00 909.98
750.02 910.00
751.00 910.98
751.02 911.00
752.00 911.98
753.00 911.98
753.02 912.00
754.00 912.98
755.00 912.98
756.00 912.98
756.02 913.00
757.00 913.98
758.00 913.98
759.00 913.98
760.00 913.98
761.00 913.98
762.00 913.98
763.00 913.98
764.00 913.98
765.00 913.98
766.00 913.98
767.00 913.98
768.00 913.98
769.00 913.98
769.98 913.00
770.00 912.98
771.00 912.98
772.00 912.98
772.98 912.00
773.00 911.98
774.00 911.98
775.00 911.98
775.98 911.00
776.00 910.98
777.00 910.98
777.98 910.00
778.00 909.98
778.98 909.00
779.00 908.98
779.98 908.00
780.00 907.98
780.98 907.00
781.00 906.98
781.98 906.00
782.00 905.98
782.98 905.00
783.00 904.98
783.98 904.00
783.98 903.00
784.00 902.98
784.98 902.00
785.00 901.98
785.98 901.00
785.98 900.00
786.00 899.98
786.98 899.00
787.00 898.98
787.98 898.00
787.98 897.00
788.00 896.98
788.98 896.00
788.98 895.00
789.00 894.98
789.98 894.00
789.98 893.00
790.00 892.98
790.98 892.00
790.98 891.00
791.00 890.98
791.98 890.00
791.98 889.00
791.98 888.00
791.98 887.00
792.00 886.98
792.98 886.00

Contour 22:
812.98 477.00
812.98 476.00
812.98 475.00
812.98 474.00
812.98 473.00
812.98 472.00
812.98 471.00
812.98 470.00
812.00 469.02
811.98 469.00
811.98 468.00
811.98 467.00
811.00 466.02
810.98 466.00
810.98 465.00
810.00 464.02
809.98 464.00
809.98 463.00
809.00 462.02
808.98 462.00
808.00 461.02
807.98 461.00
807.98 460.00
807.00 459.02
806.98 459.00
806.00 458.02
805.98 458.00
805.00 457.02
804.00 457.02
803.98 457.00
803.00 456.02
802.00 456.02
801.98 456.00
801.00 455.02
800.00 455.02
799.98 455.00
799.00 454.02
798.00 454.02
797.00 454.02
796.00 454.02
795.98 454.00
795.00 453.02
794.00 453.02
793.00 453.02
792.02 454.00
792.00 454.02
791.00 454.02
790.00 454.02
789.00 454.02
788.02 455.00
788.00 455.02
787.00 455.02
786.02 456.00
786.00 456.02
785.00 456.02
784.00 456.02
783.02 457.00
783.00 457.02
782.00 457.02
781.02 458.00
781.00 458.02
780.02 459.00
780.00 459.02
779.00 459.02
778.02 460.00
778.00 460.02
777.02 461.00
777.00 461.02
776.00 461.02
775.02 462.00
775.00 462.02
774.02 463.00
774.00 463.02
773.02 464.00
773.00 464.02
772.02 465.00
772.00 465.02
771.02 466.00
771.00 466.02
770.00 466.02
769.02 467.00
769.00 467.02
768.02 468.00
768.00 468.02
767.02 469.00
767.00 469.02
766.02 470.00
766.00 470.02
765.02 471.00
765.00 471.02
764.02 472.00
764.00 472.02
763.02 473.00
763.00 473.02
762.02 474.00
762.00 474.02
761.02 475.00
761.00 475.02
760.02 476.00
760.00 476.02
759.02 477.00
759.02 478.00
759.00 478.02
758.02 479.00
758.00 479.02
757.02 480.00
757.00 480.02
756.02 481.00
756.02 482.00
756.00 482.02
755.02 483.00
755.02 484.00
755.00 484.02
754.02 485.00
754.02 486.00
754.02 487.00
754.02 488.00
754.02 489.00
754.00 489.02
753.02 490.00
753.02 491.00
753.02 492.00
753.02 493.00
754.00 493.98
754.02 494.00
754.02 495.00
754.02 496.00
754.02 497.00
754.02 498.00
754.02 499.00
754.02 500.00
754.02 501.00
754.02 502.00
755.00 502.98
755.02 503.00
755.02 504.00
755.02 505.00
756.00 505.98
756.02 506.00
757.00 506.98
757.02 507.00
757.02 508.00
758.00 508.98
758.02 509.00
759.00 509.98
759.02 510.00
759.02 511.00
760.00 511.98
760.02 512.00
761.00 512.98
762.00 512.98
762.02 513.00
763.00 513.98
763.02 514.00
764.00 514.98
765.00 514.98
765.02 515.00
766.00 515.98
767.00 515.98
767.02 516.00
768.00 516.98
769.00 516.98
769.02 517.00
770.00 517.98
771.00 517.98
772.00 517.98
773.00 517.98
773.02 518.00
774.00 518.98
775.00 518.98
776.00 518.98
777.00 518.98
778.00 518.98
778.98 518.00
779.00 517.98
780.00 517.98
781.00 517.98
781.98 517.00
782.00 516.98
783.00 516.98
783.98 516.00
784.00 515.98
785.00 515.98
785.98 515.00
786.00 514.98
786.98 514.00
787.00 513.98
787.98 513.00
788.00 512.98
789.00 512.98
789.98 512.00
790.00 511.98
790.98 511.00
791.00 510.98
791.98 510.00
792.00 509.98
792.98 509.00
793.00 508.98
793.98 508.00
794.00 507.98
794.98 507.00
795.00 506.98
795.98 506.00
795.98 505.00
796.00 504.98
796.98 504.00
797.00 503.98
797.98 503.00
797.98 502.00
798.00 501.98
798.98 501.00
799.00 500.98
799.98 500.00
799.98 499.00
800.00 498.98
800.98 498.00
800.98 497.00
801.00 496.98
801.98 496.00
802.00 495.98
802.98 495.00
802.98 494.00
803.00 493.98
803.98 493.00
804.00 492.98
804.98 492.00
804.98 491.00
805.00 490.98
805.98 490.00
806.00 489.98
806.98 489.00
807.00 488.98
807.98 488.00
808.00 487.98
808.98 487.00
808.98 486.00
809.00 485.98
809.98 485.00
809.98 484.00
810.00 483.98
810.98 483.00
810.98 482.00
810.98 481.00
811.00 480.98
811.98 480.00
811.98 479.00
811.98 478.00
812.00 477.98
812.98 477.00

Contour 23:
973.98 748.00
973.98 747.00
973.98 746.00
973.98 745.00
973.00 744.02
972.98 744.00
972.98 743.00
972.98 742.00
972.98 741.00
972.98 740.00
972.98 739.00
972.98 738.00
972.98 737.00
972.98 736.00
972.98 735.00
972.98 734.00
972.00 733.02
971.98 733.00
971.98 732.00
971.98 731.00
971.00 730.02
970.98 730.00
970.98 729.00
970.98 728.00
970.00 727.02
969.98 727.00
969.98 726.00
969.00 725.02
968.98 725.00
968.00 724.02
967.98 724.00
967.98 723.00
967.00 722.02
966.98 722.00
966.00 721.02
965.98 721.00
965.00 720.02
964.98 720.00
964.00 719.02
963.98 719.00
963.00 718.02
962.00 718.02
961.98 718.00
961.00 717.02
960.98 717.00
960.00 716.02
959.00 716.02
958.00 716.02
957.98 716.00
957.00 715.02
956.00 715.02
955.98 715.00
955.00 714.02
954.00 714.02
953.98 714.00
953.00 713.02
952.98 713.00
952.00 712.02
951.00 712.02
950.98 712.00
950.00 711.02
949.00 711.02
948.00 711.02
947.98 711.00
947.00 710.02
946.00 710.02
945.98 710.00
945.00 709.02
944.00 709.02
943.00 709.02
942.98 709.00
942.00 708.02
941.00 708.02
940.00 708.02
939.00 708.02
938.98 708.00
938.00 707.02
937.00 707.02
936.00 707.02
935.00 707.02
934.00 707.02
933.00 707.02
932.00 707.02
931.00 707.02
930.00 707.02
929.00 707.02
928.00 707.02
927.02 708.00
927.00 708.02
926.00 708.02
925.00 708.02
924.02 709.00
924.00 709.02
923.00 709.02
922.02 710.00
922.00 710.02
921.00 710.02
920.02 711.00
920.00 711.02
919.02 712.00
919.00 712.02
918.00 712.02
917.02 713.00
917.00 713.02
916.02 714.00
916.02 715.00
916.00 715.02
915.02 716.00
915.00 716.02
914.02 717.00
914.00 717.02
913.02 718.00
913.02 719.00
913.00 719.02
912.02 720.00
912.02 721.00
912.00 721.02
911.02 722.00
911.02 723.00
911.02 724.00
911.00 724.02
910.02 725.00
910.02 726.00
910.02 727.00
910.02 728.00
910.02 729.00
910.02 730.00
910.02 731.00
910.00 731.02
909.02 732.00
909.02 733.00
909.02 734.00
909.02 735.00
909.02 736.00
910.00 736.98
910.02 737.00
910.02 738.00
910.02 739.00
910.02 740.00
910.02 741.00
910.02 742.00
910.02 743.00
911.00 743.98
911.02 744.00
911.02 745.00
911.02 746.00
911.02 747.00
912.00 747.98
912.02 748.00
912.02 749.00
912.02 750.00
912.02 751.00
913.00 751.98
913.02 752.00
913.02 753.00
914.00 753.98
914.02 754.00
914.02 755.00
915.00 755.98
915.02 756.00
916.00 756.98
916.02 757.00
917.00 757.98
917.02 758.00
918.00 758.98
918.02 759.00
919.00 759.98
919.02 760.00
920.00 760.98
920.02 761.00
921.00 761.98
921.02 762.00
922.00 762.98
922.02 763.00
923.00 763.98
923.02 764.00
924.00 764.98
924.02 765.00
925.00 765.98
926.00 765.98
926.02 766.00
927.00 766.98
927.02 767.00
928.00 767.98
929.00 767.98
929.02 768.00
930.00 768.98
931.00 768.98
931.02 769.00
932.00 769.98
933.00 769.98
933.02 770.00
934.00 770.98
935.00 770.98
936.00 770.98
937.00 770.98
937.02 771.00
938.00 771.98
939.00 771.98
940.00 771.98
941.00 771.98
942.00 771.98
943.00 771.98
944.00 771.98
945.00 771.98
946.00 771.98
947.00 771.98
948.00 771.98
949.00 771.98
950.00 771.98
951.00 771.98
952.00 771.98
953.00 771.98
954.00 771.98
954.98 771.00
955.00 770.98
956.00 770.98
957.00 770.98
957.98 770.00
958.00 769.98
959.00 769.98
959.98 769.00
960.00 768.98
960.98 768.00
961.00 767.98
961.98 767.00
962.00 766.98
963.00 766.98
963.98 766.00
964.00 765.98
964.98 765.00
965.00 764.98
965.98 764.00
965.98 763.00
966.00 762.98
966.98 762.00
967.00 761.98
967.98 761.00
968.00 760.98
968.98 760.00
968.98 759.00
969.00 758.98
969.98 758.00
970.00 757.98
970.98 757.00
970.98 756.00
971.00 755.98
971.98 755.00
971.98 754.00
971.98 753.00
972.00 752.98
972.98 752.00
972.98 751.00
972.98 750.00
972.98 749.00
973.00 748.98
973.98 748.00

