Contour 0:
0.00 580.50
0.50 581.00
0.50 582.00
1.00 582.50
1.50 583.00
1.50 584.00
2.00 584.50
2.50 585.00
3.00 585.50
3.50 586.00
4.00 586.50
4.50 587.00
5.00 587.50
5.50 588.00
6.00 588.50
6.50 589.00
7.00 589.50
7.50 590.00
8.00 590.50
9.00 590.50
9.50 591.00
10.00 591.50
11.00 591.50
11.50 592.00
12.00 592.50
13.00 592.50
13.50 593.00
14.00 593.50
15.00 593.50
15.50 594.00
16.00 594.50
17.00 594.50
18.00 594.50
18.50 595.00
19.00 595.50
20.00 595.50
21.00 595.50
22.00 595.50
22.50 596.00
23.00 596.50
24.00 596.50
25.00 596.50
26.00 596.50
27.00 596.50
28.00 596.50
29.00 596.50
30.00 596.50
31.00 596.50
31.50 596.00
32.00 595.50
33.00 595.50
34.00 595.50
35.00 595.50
36.00 595.50
36.50 595.00
37.00 594.50
38.00 594.50
39.00 594.50
39.50 594.00
40.00 593.50
41.00 593.50
41.50 593.00
42.00 592.50
43.00 592.50
43.50 592.00
44.00 591.50
44.50 591.00
45.00 590.50
45.50 590.00
46.00 589.50
47.00 589.50
47.50 589.00
47.50 588.00
48.00 587.50
48.50 587.00
49.00 586.50
49.50 586.00
50.00 585.50
50.50 585.00
51.00 584.50
51.50 584.00
52.00 583.50
52.50 583.00
52.50 582.00
53.00 581.50
53.50 581.00
54.00 580.50
54.50 580.00
54.50 579.00
55.00 578.50
55.50 578.00
55.50 577.00
56.00 576.50
56.50 576.00
56.50 575.00
56.50 574.00
57.00 573.50
57.50 573.00
57.50 572.00
57.50 571.00
58.00 570.50
58.50 570.00
58.50 569.00
58.50 568.00
58.50 567.00
58.50 566.00
58.50 565.00
58.50 564.00
58.50 563.00
58.50 562.00
58.50 561.00
58.00 560.50
57.50 560.00
57.50 559.00
57.50 558.00
57.00 557.50
56.50 557.00
56.50 556.00
56.00 555.50
55.50 555.00
55.50 554.00
55.00 553.50
54.50 553.00
54.50 552.00
54.00 551.50
53.50 551.00
53.00 550.50
52.50 550.00
52.50 549.00
52.00 548.50
51.50 548.00
51.00 547.50
50.50 547.00
50.00 546.50
49.50 546.00
49.00 545.50
48.50 545.00
48.00 544.50
47.50 544.00
47.00 543.50
46.50 543.00
46.00 542.50
45.50 542.00
45.00 541.50
44.50 541.00
44.00 540.50
43.00 540.50
42.50 540.00
42.00 539.50
41.50 539.00
41.00 538.50
40.00 538.50
39.50 538.00
39.00 537.50
38.00 537.50
37.50 537.00
37.00 536.50
36.00 536.50
35.50 536.00
35.00 535.50
34.00 535.50
33.00 535.50
32.00 535.50
31.00 535.50
30.00 535.50
29.00 535.50
28.00 535.50
27.00 535.50
26.00 535.50
25.00 535.50
24.00 535.50
23.00 535.50
22.00 535.50
21.00 535.50
20.00 535.50
19.50 536.00
19.00 536.50
18.00 536.50
17.00 536.50
16.50 537.00
16.00 537.50
15.00 537.50
14.00 537.50
13.50 538.00
13.00 538.50
12.00 538.50
11.50 539.00
11.00 539.50
10.00 539.50
9.50 540.00
9.00 540.50
8.50 541.00
8.00 541.50
7.50 542.00
7.00 542.50
6.50 543.00
6.00 543.50
5.00 543.50
4.50 544.00
4.00 544.50
3.50 545.00
3.00 545.50
2.50 546.00
2.00 546.50
1.50 547.00
1.00 547.50
0.50 548.00
0.50 549.00
0.00 549.50

Contour 1:
110.75 268.00
110.75 267.00
110.75 266.00
110.75 265.00
110.75 264.00
110.75 263.00
110.75 262.00
110.75 261.00
110.75 260.00
110.75 259.00
110.75 258.00
110.75 257.00
110.00 256.25
109.75 256.00
109.75 255.00
109.00 254.25
108.75 254.00
108.75 253.00
108.00 252.25
107.75 252.00
107.75 251.00
107.75 250.00
107.00 249.25
106.75 249.00
106.75 248.00
106.75 247.00
106.00 246.25
105.75 246.00
105.75 245.00
105.00 244.25
104.75 244.00
104.00 243.25
103.75 243.00
103.75 242.00
103.00 241.25
102.75 241.00
102.75 240.00
102.00 239.25
101.75 239.00
101.00 238.25
100.75 238.00
100.00 237.25
99.75 237.00
99.00 236.25
98.75 236.00
98.00 235.25
97.75 235.00
97.00 234.25
96.75 234.00
96.00 233.25
95.75 233.00
95.00 232.25
94.75 232.00
94.00 231.25
93.00 231.25
92.75 231.00
92.00 230.25
91.75 230.00
91.00 229.25
90.75 229.00
90.00 228.25
89.00 228.25
88.75 228.00
88.00 227.25
87.75 227.00
87.00 226.25
86.00 226.25
85.75 226.00
85.00 225.25
84.00 225.25
83.75 225.00
83.00 224.25
82.00 224.25
81.00 224.25
80.75 224.00
80.00 223.25
79.00 223.25
78.00 223.25
77.00 223.25
76.75 223.00
76.00 222.25
75.00 222.25
74.00 222.25
73.00 222.25
72.75 222.00
72.00 221.25
71.00 221.25
70.00 221.25
69.00 221.25
68.00 221.25
67.00 221.25
66.00 221.25
65.00 221.25
64.25 222.00
64.00 222.25
63.00 222.25
62.00 222.25
61.00 222.25
60.00 222.25
59.25 223.00
59.00 223.25
58.00 223.25
57.25 224.00
57.00 224.25
56.00 224.25
55.25 225.00
55.00 225.25
54.00 225.25
53.25 226.00
53.00 226.25
52.00 226.25
51.25 227.00
51.00 227.25
50.25 228.00
50.00 228.25
49.25 229.00
49.00 229.25
48.25 230.00
48.00 230.25
47.25 231.00
47.00 231.25
46.25 232.00
46.00 232.25
45.25 233.00
45.00 233.25
44.25 234.00
44.25 235.00
44.00 235.25
43.25 236.00
43.00 236.25
42.25 237.00
42.25 238.00
42.00 238.25
41.25 239.00
41.00 239.25
40.25 240.00
40.25 241.00
40.00 241.25
39.25 242.00
39.25 243.00
39.00 243.25
38.25 244.00
38.25 245.00
38.00 245.25
37.25 246.00
37.25 247.00
37.00 247.25
36.25 248.00
36.25 249.00
36.25 250.00
36.00 250.25
35.25 251.00
35.25 252.00
35.25 253.00
35.25 254.00
35.25 255.00
35.25 256.00
35.25 257.00
35.25 258.00
35.25 259.00
35.25 260.00
35.25 261.00
35.25 262.00
35.25 263.00
35.25 264.00
36.00 264.75
36.25 265.00
36.25 266.00
36.25 267.00
37.00 267.75
37.25 268.00
37.25 269.00
38.00 269.75
38.25 270.00
38.25 271.00
39.00 271.75
39.25 272.00
39.25 273.00
39.25 274.00
40.00 274.75
40.25 275.00
41.00 275.75
41.25 276.00
41.25 277.00
42.00 277.75
43.00 277.75
43.25 278.00
44.00 278.75
44.25 279.00
45.00 279.75
45.25 280.00
46.00 280.75
47.00 280.75
47.25 281.00
48.00 281.75
49.00 281.75
49.25 282.00
50.00 282.75
51.00 282.75
52.00 282.75
52.25 283.00
53.00 283.75
54.00 283.75
54.25 284.00
55.00 284.75
56.00 284.75
57.00 284.75
57.25 285.00
58.00 285.75
59.00 285.75
60.00 285.75
61.00 285.75
62.00 285.75
62.25 286.00
63.00 286.75
64.00 286.75
65.00 286.75
66.00 286.75
67.00 286.75
68.00 286.75
69.00 286.75
70.00 286.75
71.00 286.75
72.00 286.75
73.00 286.75
74.00 286.75
75.00 286.75
76.00 286.75
77.00 286.75
78.00 286.75
78.25 287.00
79.00 287.75
80.00 287.75
80.75 287.00
81.00 286.75
82.00 286.75
83.00 286.75
84.00 286.75
85.00 286.75
86.00 286.75
87.00 286.75
88.00 286.75
89.00 286.75
90.00 286.75
90.75 286.00
91.00 285.75
92.00 285.75
93.00 285.75
93.75 285.00
94.00 284.75
95.00 284.75
95.75 284.00
96.00 283.75
97.00 283.75
97.75 283.00
98.00 282.75
99.00 282.75
99.75 282.00
100.00 281.75
100.75 281.00
101.00 280.75
102.00 280.75
102.75 280.00
103.00 279.75
103.75 279.00
103.75 278.00
104.00 277.75
104.75 277.00
105.00 276.75
105.75 276.00
106.00 275.75
106.75 275.00
106.75 274.00
107.00 273.75
107.75 273.00
108.00 272.75
108.75 272.00
108.75 271.00
109.00 270.75
109.75 270.00
109.75 269.00
110.00 268.75
110.75 268.00

Contour 2:
185.83 113.00
185.83 112.00
185.83 111.00
185.83 110.00
185.83 109.00
185.83 108.00
185.83 107.00
185.00 106.17
184.83 106.00
184.83 105.00
184.83 104.00
184.83 103.00
184.83 102.00
184.83 101.00
184.83 100.00
184.83 99.00
184.83 98.00
184.83 97.00
184.00 96.17
183.83 96.00
183.83 95.00
183.83 94.00
183.83 93.00
183.83 92.00
183.83 91.00
183.83 90.00
183.00 89.17
182.83 89.00
182.83 88.00
182.83 87.00
182.00 86.17
181.83 86.00
181.83 85.00
181.00 84.17
180.83 84.00
180.00 83.17
179.83 83.00
179.83 82.00
179.00 81.17
178.83 81.00
178.00 80.17
177.83 80.00
177.00 79.17
176.83 79.00
176.00 78.17
175.83 78.00
175.00 77.17
174.83 77.00
174.00 76.17
173.83 76.00
173.83 75.00
173.00 74.17
172.83 74.00
172.00 73.17
171.83 73.00
171.00 72.17
170.83 72.00
170.00 71.17
169.83 71.00
169.00 70.17
168.00 70.17
167.83 70.00
167.00 69.17
166.83 69.00
166.00 68.17
165.00 68.17
164.83 68.00
164.00 67.17
163.00 67.17
162.00 67.17
161.00 67.17
160.83 67.00
160.00 66.17
159.00 66.17
158.00 66.17
157.00 66.17
156.83 66.00
156.00 65.17
155.00 65.17
154.00 65.17
153.00 65.17
152.17 66.00
152.00 66.17
151.00 66.17
150.00 66.17
149.00 66.17
148.00 66.17
147.17 67.00
147.00 67.17
146.00 67.17
145.00 67.17
144.00 67.17
143.17 68.00
143.00 68.17
142.00 68.17
141.17 69.00
141.00 69.17
140.00 69.17
139.17 70.00
139.00 70.17
138.00 70.17
137.17 71.00
137.00 71.17
136.00 71.17
135.17 72.00
135.00 72.17
134.17 73.00
134.00 73.17
133.00 73.17
132.17 74.00
132.00 74.17
131.00 74.17
130.17 75.00
130.00 75.17
129.00 75.17
128.17 76.00
128.00 76.17
127.17 77.00
127.00 77.17
126.17 78.00
126.00 78.17
125.17 79.00
125.00 79.17
124.00 79.17
123.17 80.00
123.00 80.17
122.17 81.00
122.00 81.17
121.17 82.00
121.00 82.17
120.17 83.00
120.00 83.17
119.17 84.00
119.00 84.17
118.17 85.00
118.17 86.00
118.00 86.17
117.17 87.00
117.00 87.17
116.17 88.00
116.17 89.00
116.00 89.17
115.17 90.00
115.17 91.00
115.00 91.17
114.17 92.00
114.17 93.00
114.00 93.17
113.17 94.00
113.17 95.00
113.00 95.17
112.17 96.00
112.17 97.00
112.17 98.00
112.00 98.17
111.17 99.00
111.17 100.00
111.17 101.00
111.00 101.17
110.17 102.00
110.17 103.00
110.17 104.00
110.00 104.17
109.17 105.00
109.17 106.00
109.17 107.00
109.17 108.00
109.17 109.00
109.00 109.17
108.17 110.00
108.17 111.00
108.17 112.00
108.17 113.00
108.17 114.00
108.17 115.00
108.17 116.00
108.17 117.00
108.17 118.00
108.17 119.00
108.17 120.00
108.17 121.00
108.17 122.00
109.00 122.83
109.17 123.00
109.17 124.00
109.17 125.00
109.17 126.00
110.00 126.83
110.17 127.00
110.17 128.00
110.17 129.00
110.17 130.00
111.00 130.83
111.17 131.00
111.17 132.00
112.00 132.83
112.17 133.00
112.17 134.00
113.00 134.83
113.17 135.00
113.17 136.00
113.17 137.00
114.00 137.83
114.17 138.00
114.17 139.00
115.00 139.83
115.17 140.00
116.00 140.83
116.17 141.00
116.17 142.00
117.00 142.83
117.17 143.00
118.00 143.83
118.17 144.00
119.00 144.83
119.17 145.00
120.00 145.83
120.17 146.00
121.00 146.83
122.00 146.83
122.17 147.00
123.00 147.83
123.17 148.00
124.00 148.83
124.17 149.00
125.00 149.83
126.00 149.83
126.17 150.00
127.00 150.83
128.00 150.83
128.17 151.00
129.00 151.83
130.00 151.83
130.17 152.00
131.00 152.83
132.00 152.83
133.00 152.83
134.00 152.83
135.00 152.83
135.17 153.00
136.00 153.83
137.00 153.83
138.00 153.83
139.00 153.83
140.00 153.83
141.00 153.83
142.00 153.83
143.00 153.83
144.00 153.83
145.00 153.83
146.00 153.83
147.00 153.83
147.83 153.00
148.00 152.83
149.00 152.83
150.00 152.83
151.00 152.83
152.00 152.83
152.83 152.00
153.00 151.83
154.00 151.83
155.00 151.83
156.00 151.83
156.83 151.00
157.00 150.83
158.00 150.83
159.00 150.83
159.83 150.00
160.00 149.83
161.00 149.83
161.83 149.00
162.00 148.83
162.83 148.00
163.00 147.83
164.00 147.83
164.83 147.00
165.00 146.83
166.00 146.83
166.83 146.00
167.00 145.83
167.83 145.00
168.00 144.83
168.83 144.00
169.00 143.83
169.83 143.00
170.00 142.83
171.00 142.83
171.83 142.00
172.00 141.83
172.83 141.00
173.00 140.83
173.83 140.00
173.83 139.00
174.00 138.83
174.83 138.00
175.00 137.83
175.83 137.00
176.00 136.83
176.83 136.00
176.83 135.00
177.00 134.83
177.83 134.00
178.00 133.83
178.83 133.00
178.83 132.00
179.00 131.83
179.83 131.00
180.00 130.83
180.83 130.00
180.83 129.00
180.83 128.00
181.00 127.83
181.83 127.00
181.83 126.00
182.00 125.83
182.83 125.00
182.83 124.00
183.00 123.83
183.83 123.00
183.83 122.00
183.83 121.00
183.83 120.00
184.00 119.83
184.83 119.00
184.83 118.00
184.83 117.00
184.83 116.00
184.83 115.00
184.83 114.00
185.00 113.83
185.83 113.00

Contour 3:
205.88 827.00
205.88 826.00
205.88 825.00
205.88 824.00
205.88 823.00
205.88 822.00
205.88 821.00
205.88 820.00
205.88 819.00
205.00 818.12
204.88 818.00
204.88 817.00
204.88 816.00
204.88 815.00
204.00 814.12
203.88 814.00
203.88 813.00
203.88 812.00
203.00 811.12
202.88 811.00
202.00 810.12
201.88 810.00
201.88 809.00
201.00 808.12
200.88 808.00
200.88 807.00
200.00 806.12
199.88 806.00
199.00 805.12
198.88 805.00
198.00 804.12
197.88 804.00
197.00 803.12
196.88 803.00
196.88 802.00
196.00 801.12
195.88 801.00
195.00 800.12
194.88 800.00
194.00 799.12
193.88 799.00
193.00 798.12
192.88 798.00
192.00 797.12
191.00 797.12
190.88 797.00
190.00 796.12
189.88 796.00
189.00 795.12
188.00 795.12
187.88 795.00
187.00 794.12
186.00 794.12
185.88 794.00
185.00 793.12
184.00 793.12
183.88 793.00
183.00 792.12
182.00 792.12
181.00 792.12
180.88 792.00
180.00 791.12
179.00 791.12
178.00 791.12
177.00 791.12
176.00 791.12
175.00 791.12
174.00 791.12
173.00 791.12
172.00 791.12
171.00 791.12
170.00 791.12
169.00 791.12
168.00 791.12
167.00 791.12
166.12 792.00
166.00 792.12
165.00 792.12
164.00 792.12
163.00 792.12
162.12 793.00
162.00 793.12
161.00 793.12
160.12 794.00
160.00 794.12
159.12 795.00
159.00 795.12
158.00 795.12
157.12 796.00
157.00 796.12
156.12 797.00
156.00 797.12
155.12 798.00
155.00 798.12
154.12 799.00
154.00 799.12
153.12 800.00
153.00 800.12
152.12 801.00
152.00 801.12
151.12 802.00
151.12 803.00
151.00 803.12
150.12 804.00
150.00 804.12
149.12 805.00
149.12 806.00
149.00 806.12
148.12 807.00
148.00 807.12
147.12 808.00
147.12 809.00
147.00 809.12
146.12 810.00
146.12 811.00
146.00 811.12
145.12 812.00
145.12 813.00
145.12 814.00
145.00 814.12
144.12 815.00
144.12 816.00
144.12 817.00
144.12 818.00
144.12 819.00
144.12 820.00
144.12 821.00
144.12 822.00
144.12 823.00
144.00 823.12
143.12 824.00
143.12 825.00
143.12 826.00
143.12 827.00
144.00 827.88
144.12 828.00
144.12 829.00
144.12 830.00
144.12 831.00
144.12 832.00
144.12 833.00
144.12 834.00
145.00 834.88
145.12 835.00
145.12 836.00
145.12 837.00
146.00 837.88
146.12 838.00
146.12 839.00
147.00 839.88
147.12 840.00
147.12 841.00
148.00 841.88
148.12 842.00
148.12 843.00
149.00 843.88
149.12 844.00
149.12 845.00
150.00 845.88
150.12 846.00
150.12 847.00
151.00 847.88
151.12 848.00
152.00 848.88
152.12 849.00
153.00 849.88
153.12 850.00
154.00 850.88
154.12 851.00
155.00 851.88
155.12 852.00
156.00 852.88
156.12 853.00
157.00 853.88
157.12 854.00
158.00 854.88
158.12 855.00
159.00 855.88
160.00 855.88
160.12 856.00
161.00 856.88
162.00 856.88
162.12 857.00
163.00 857.88
163.12 858.00
164.00 858.88
165.00 858.88
166.00 858.88
166.12 859.00
167.00 859.88
168.00 859.88
169.00 859.88
169.12 860.00
170.00 860.88
171.00 860.88
172.00 860.88
173.00 860.88
174.00 860.88
175.00 860.88
176.00 860.88
177.00 860.88
178.00 860.88
179.00 860.88
179.88 860.00
180.00 859.88
181.00 859.88
182.00 859.88
183.00 859.88
184.00 859.88
184.88 859.00
185.00 858.88
186.00 858.88
187.00 858.88
187.88 858.00
188.00 857.88
189.00 857.88
189.88 857.00
190.00 856.88
191.00 856.88
191.88 856.00
192.00 855.88
192.88 855.00
193.00 854.88
193.88 854.00
194.00 853.88
194.88 853.00
195.00 852.88
195.88 852.00
196.00 851.88
196.88 851.00
197.00 850.88
197.88 850.00
197.88 849.00
198.00 848.88
198.88 848.00
199.00 847.88
199.88 847.00
199.88 846.00
199.88 845.00
200.00 844.88
200.88 844.00
200.88 843.00
200.88 842.00
201.00 841.88
201.88 841.00
201.88 840.00
202.00 839.88
202.88 839.00
202.88 838.00
202.88 837.00
203.00 836.88
203.88 836.00
203.88 835.00
203.88 834.00
203.88 833.00
204.00 832.88
204.88 832.00
204.88 831.00
204.88 830.00
204.88 829.00
204.88 828.00
205.00 827.88
205.88 827.00

Contour 4:
318.90 398.00
318.90 397.00
318.90 396.00
318.90 395.00
318.00 394.10
317.90 394.00
317.90 393.00
317.90 392.00
317.90 391.00
317.90 390.00
317.90 389.00
317.90 388.00
317.90 387.00
317.90 386.00
317.00 385.10
316.90 385.00
316.90 384.00
316.90 383.00
316.00 382.10
315.90 382.00
315.90 381.00
315.00 380.10
314.90 380.00
314.90 379.00
314.00 378.10
313.90 378.00
313.90 377.00
313.00 376.10
312.90 376.00
312.00 375.10
311.90 375.00
311.00 374.10
310.90 374.00
310.90 373.00
310.00 372.10
309.90 372.00
309.00 371.10
308.90 371.00
308.00 370.10
307.90 370.00
307.00 369.10
306.00 369.10
305.90 369.00
305.00 368.10
304.00 368.10
303.90 368.00
303.00 367.10
302.00 367.10
301.90 367.00
301.00 366.10
300.00 366.10
299.00 366.10
298.90 366.00
298.00 365.10
297.00 365.10
296.00 365.10
295.00 365.10
294.90 365.00
294.00 364.10
293.00 364.10
292.00 364.10
291.00 364.10
290.00 364.10
289.00 364.10
288.00 364.10
287.00 364.10
286.00 364.10
285.00 364.10
284.00 364.10
283.00 364.10
282.00 364.10
281.00 364.10
280.10 365.00
280.00 365.10
279.00 365.10
278.00 365.10
277.00 365.10
276.00 365.10
275.10 366.00
275.00 366.10
274.00 366.10
273.00 366.10
272.00 366.10
271.10 367.00
271.00 367.10
270.00 367.10
269.10 368.00
269.00 368.10
268.00 368.10
267.10 369.00
267.00 369.10
266.00 369.10
265.10 370.00
265.00 370.10
264.10 371.00
264.00 371.10
263.00 371.10
262.10 372.00
262.00 372.10
261.10 373.00
261.00 373.10
260.10 374.00
260.00 374.10
259.10 375.00
259.00 375.10
258.10 376.00
258.00 376.10
257.10 377.00
257.10 378.00
257.10 379.00
257.00 379.10
256.10 380.00
256.10 381.00
256.00 381.10
255.10 382.00
255.10 383.00
255.00 383.10
254.10 384.00
254.10 385.00
254.00 385.10
253.10 386.00
253.10 387.00
253.00 387.10
252.10 388.00
252.10 389.00
252.00 389.10
251.10 390.00
251.10 391.00
251.10 392.00
251.00 392.10
250.10 393.00
250.10 394.00
250.10 395.00
250.10 396.00
250.10 397.00
250.10 398.00
250.10 399.00
250.10 400.00
250.10 401.00
250.10 402.00
251.00 402.90
251.10 403.00
251.10 404.00
252.00 404.90
252.10 405.00
252.10 406.00
253.00 406.90
253.10 407.00
253.10 408.00
254.00 408.90
254.10 409.00
254.10 410.00
254.10 411.00
255.00 411.90
255.10 412.00
255.10 413.00
256.00 413.90
256.10 414.00
256.10 415.00
256.10 416.00
257.00 416.90
257.10 417.00
258.00 417.90
258.10 418.00
258.10 419.00
259.00 419.90
259.10 420.00
260.00 420.90
260.10 421.00
260.10 422.00
261.00 422.90
261.10 423.00
262.00 423.90
262.10 424.00
263.00 424.90
263.10 425.00
264.00 425.90
264.10 426.00
265.00 426.90
265.10 427.00
266.00 427.90
266.10 428.00
267.00 428.90
267.10 429.00
268.00 429.90
269.00 429.90
269.10 430.00
270.00 430.90
270.10 431.00
271.00 431.90
272.00 431.90
272.10 432.00
273.00 432.90
274.00 432.90
275.00 432.90
275.10 433.00
276.00 433.90
277.00 433.90
278.00 433.90
279.00 433.90
280.00 433.90
281.00 433.90
282.00 433.90
283.00 433.90
284.00 433.90
284.90 433.00
285.00 432.90
286.00 432.90
287.00 432.90
288.00 432.90
288.90 432.00
289.00 431.90
290.00 431.90
290.90 431.00
291.00 430.90
292.00 430.90
292.90 430.00
293.00 429.90
293.90 429.00
294.00 428.90
295.00 428.90
295.90 428.00
296.00 427.90
296.90 427.00
297.00 426.90
298.00 426.90
298.90 426.00
299.00 425.90
299.90 425.00
300.00 424.90
301.00 424.90
301.90 424.00
302.00 423.90
302.90 423.00
303.00 422.90
303.90 422.00
304.00 421.90
305.00 421.90
305.90 421.00
306.00 420.90
306.90 420.00
307.00 419.90
307.90 419.00
308.00 418.90
308.90 418.00
309.00 417.90
309.90 417.00
310.00 416.90
310.90 416.00
310.90 415.00
311.00 414.90
311.90 414.00
312.00 413.90
312.90 413.00
312.90 412.00
313.00 411.90
313.90 411.00
313.90 410.00
314.00 409.90
314.90 409.00
314.90 408.00
315.00 407.90
315.90 407.00
315.90 406.00
316.00 405.90
316.90 405.00
316.90 404.00
317.00 403.90
317.90 403.00
317.90 402.00
317.90 401.00
317.90 400.00
317.90 399.00
318.00 398.90
318.90 398.00

Contour 5:
354.92 506.00
354.92 505.00
354.92 504.00
354.92 503.00
354.92 502.00
354.92 501.00
354.92 500.00
354.92 499.00
354.92 498.00
354.92 497.00
354.92 496.00
354.00 495.08
353.92 495.00
353.92 494.00
353.92 493.00
353.00 492.08
352.92 492.00
352.92 491.00
352.00 490.08
351.92 490.00
351.92 489.00
351.00 488.08
350.92 488.00
350.92 487.00
350.00 486.08
349.92 486.00
349.92 485.00
349.00 484.08
348.92 484.00
348.00 483.08
347.92 483.00
347.00 482.08
346.92 482.00
346.00 481.08
345.92 481.00
345.00 480.08
344.00 480.08
343.92 480.00
343.00 479.08
342.00 479.08
341.92 479.00
341.00 478.08
340.00 478.08
339.00 478.08
338.00 478.08
337.92 478.00
337.00 477.08
336.00 477.08
335.00 477.08
334.00 477.08
333.00 477.08
332.00 477.08
331.00 477.08
330.00 477.08
329.00 477.08
328.08 478.00
328.00 478.08
327.00 478.08
326.00 478.08
325.00 478.08
324.00 478.08
323.00 478.08
322.00 478.08
321.00 478.08
320.00 478.08
319.00 478.08
318.00 478.08
317.08 479.00
317.00 479.08
316.00 479.08
315.00 479.08
314.00 479.08
313.08 480.00
313.00 480.08
312.00 480.08
311.00 480.08
310.08 481.00
310.00 481.08
309.00 481.08
308.00 481.08
307.08 482.00
307.00 482.08
306.00 482.08
305.00 482.08
304.08 483.00
304.00 483.08
303.00 483.08
302.00 483.08
301.08 484.00
301.00 484.08
300.00 484.08
299.08 485.00
299.00 485.08
298.00 485.08
297.08 486.00
297.00 486.08
296.08 487.00
296.00 487.08
295.00 487.08
294.08 488.00
294.00 488.08
293.08 489.00
293.00 489.08
292.08 490.00
292.00 490.08
291.08 491.00
291.08 492.00
291.00 492.08
290.08 493.00
290.08 494.00
290.00 494.08
289.08 495.00
289.08 496.00
289.00 496.08
288.08 497.00
288.08 498.00
288.08 499.00
288.08 500.00
288.08 501.00
288.08 502.00
289.00 502.92
289.08 503.00
289.08 504.00
289.08 505.00
289.08 506.00
290.00 506.92
290.08 507.00
290.08 508.00
291.00 508.92
291.08 509.00
291.08 510.00
292.00 510.92
292.08 511.00
292.08 512.00
293.00 512.92
293.08 513.00
294.00 513.92
294.08 514.00
294.08 515.00
295.00 515.92
295.08 516.00
296.00 516.92
296.08 517.00
297.00 517.92
297.08 518.00
298.00 518.92
298.08 519.00
299.00 519.92
299.08 520.00
300.00 520.92
300.08 521.00
301.00 521.92
301.08 522.00
302.00 522.92
303.00 522.92
303.08 523.00
304.00 523.92
304.08 524.00
305.00 524.92
306.00 524.92
306.08 525.00
307.00 525.92
308.00 525.92
308.08 526.00
309.00 526.92
310.00 526.92
310.08 527.00
311.00 527.92
312.00 527.92
313.00 527.92
313.08 528.00
314.00 528.92
315.00 528.92
316.00 528.92
317.00 528.92
318.00 528.92
319.00 528.92
320.00 528.92
321.00 528.92
322.00 528.92
323.00 528.92
324.00 528.92
325.00 528.92
326.00 528.92
327.00 528.92
328.00 528.92
329.00 528.92
330.00 528.92
331.00 528.92
332.00 528.92
333.00 528.92
333.92 528.00
334.00 527.92
335.00 527.92
336.00 527.92
337.00 527.92
338.00 527.92
339.00 527.92
339.92 527.00
340.00 526.92
341.00 526.92
341.92 526.00
342.00 525.92
343.00 525.92
343.92 525.00
344.00 524.92
344.92 524.00
345.00 523.92
345.92 523.00
346.00 522.92
346.92 522.00
347.00 521.92
347.92 521.00
348.00 520.92
348.92 520.00
349.00 519.92
349.92 519.00
350.00 518.92
350.92 518.00
350.92 517.00
351.00 516.92
351.92 516.00
351.92 515.00
352.00 514.92
352.92 514.00
352.92 513.00
352.92 512.00
353.00 511.92
353.92 511.00
353.92 510.00
353.92 509.00
353.92 508.00
353.92 507.00
354.00 506.92
354.92 506.00

Contour 6:
328.07 0.00
328.00 0.07
327.00 0.07
326.00 0.07
325.00 0.07
324.00 0.07
323.00 0.07
322.00 0.07
321.00 0.07
320.00 0.07
319.00 0.07
318.00 0.07
317.00 0.07
316.00 0.07
315.00 0.07
314.00 0.07
313.00 0.07
312.00 0.07
311.00 0.07
310.07 1.00
310.00 1.07
309.00 1.07
308.00 1.07
307.00 1.07
306.07 2.00
306.00 2.07
305.00 2.07
304.00 2.07
303.00 2.07
302.07 3.00
302.00 3.07
301.00 3.07
300.00 3.07
299.07 4.00
299.00 4.07
298.07 5.00
298.07 6.00
298.07 7.00
298.00 7.07
297.07 8.00
297.07 9.00
297.07 10.00
297.07 11.00
297.07 12.00
298.00 12.93
298.07 13.00
298.07 14.00
299.00 14.93
299.07 15.00
299.07 16.00
300.00 16.93
300.07 17.00
301.00 17.93
301.07 18.00
301.07 19.00
302.00 19.93
302.07 20.00
303.00 20.93
303.07 21.00
304.00 21.93
304.07 22.00
304.07 23.00
305.00 23.93
305.07 24.00
306.00 24.93
306.07 25.00
307.00 25.93
307.07 26.00
308.00 26.93
308.07 27.00
309.00 27.93
310.00 27.93
310.07 28.00
311.00 28.93
312.00 28.93
312.07 29.00
313.00 29.93
313.07 30.00
314.00 30.93
315.00 30.93
315.07 31.00
316.00 31.93
317.00 31.93
318.00 31.93
319.00 31.93
320.00 31.93
321.00 31.93
321.07 32.00
322.00 32.93
323.00 32.93
324.00 32.93
325.00 32.93
326.00 32.93
327.00 32.93
328.00 32.93
329.00 32.93
329.93 32.00
330.00 31.93
331.00 31.93
332.00 31.93
333.00 31.93
334.00 31.93
334.93 31.00
335.00 30.93
336.00 30.93
336.93 30.00
337.00 29.93
337.93 29.00
338.00 28.93
339.00 28.93
339.93 28.00
340.00 27.93
340.93 27.00
341.00 26.93
341.93 26.00
342.00 25.93
342.93 25.00
343.00 24.93
343.93 24.00
344.00 23.93
344.93 23.00
345.00 22.93
345.93 22.00
346.00 21.93
346.93 21.00
347.00 20.93
347.93 20.00
348.00 19.93
348.93 19.00
349.00 18.93
349.93 18.00
350.00 17.93
350.93 17.00
351.00 16.93
351.93 16.00
351.93 15.00
352.00 14.93
352.93 14.00
353.00 13.93
353.93 13.00
354.00 12.93
354.93 12.00
354.93 11.00
355.00 10.93
355.93 10.00
355.93 9.00
355.93 8.00
355.93 7.00
355.93 6.00
355.00 5.07
354.93 5.00
354.00 4.07
353.93 4.00
353.00 3.07
352.93 3.00
352.00 2.07
351.93 2.00
351.00 1.07
350.93 1.00
350.00 0.07
349.00 0.07
348.93 0.00

Contour 7:
341.07 0.00
341.00 0.07
340.00 0.07
339.00 0.07
338.00 0.07
337.00 0.07
336.00 0.07
335.00 0.07
334.00 0.07
333.00 0.07
332.93 0.00

Contour 8:
452.94 153.00
452.94 152.00
452.94 151.00
452.94 150.00
452.94 149.00
452.00 148.06
451.94 148.00
451.94 147.00
451.94 146.00
451.94 145.00
451.00 144.06
450.94 144.00
450.94 143.00
450.94 142.00
450.94 141.00
450.94 140.00
450.00 139.06
449.94 139.00
449.94 138.00
449.00 137.06
448.94 137.00
448.94 136.00
448.00 135.06
447.94 135.00
447.94 134.00
447.00 133.06
446.94 133.00
446.94 132.00
446.00 131.06
445.94 131.00
445.00 130.06
444.94 130.00
444.00 129.06
443.94 129.00
443.00 128.06
442.94 128.00
442.00 127.06
441.94 127.00
441.94 126.00
441.00 125.06
440.94 125.00
440.00 124.06
439.94 124.00
439.00 123.06
438.00 123.06
437.94 123.00
437.00 122.06
436.94 122.00
436.00 121.06
435.00 121.06
434.00 121.06
433.94 121.00
433.00 120.06
432.00 120.06
431.00 120.06
430.00 120.06
429.94 120.00
429.00 119.06
428.00 119.06
427.00 119.06
426.00 119.06
425.00 119.06
424.94 119.00
424.00 118.06
423.00 118.06
422.00 118.06
421.00 118.06
420.00 118.06
419.00 118.06
418.00 118.06
417.00 118.06
416.00 118.06
415.00 118.06
414.06 119.00
414.00 119.06
413.00 119.06
412.00 119.06
411.00 119.06
410.00 119.06
409.00 119.06
408.06 120.00
408.00 120.06
407.00 120.06
406.00 120.06
405.00 120.06
404.06 121.00
404.00 121.06
403.00 121.06
402.00 121.06
401.06 122.00
401.00 122.06
400.00 122.06
399.00 122.06
398.06 123.00
398.00 123.06
397.00 123.06
396.06 124.00
396.00 124.06
395.00 124.06
394.06 125.00
394.00 125.06
393.06 126.00
393.00 126.06
392.00 126.06
391.06 127.00
391.00 127.06
390.00 127.06
389.00 127.06
388.06 128.00
388.00 128.06
387.06 129.00
387.00 129.06
386.06 130.00
386.00 130.06
385.00 130.06
384.06 131.00
384.00 131.06
383.06 132.00
383.00 132.06
382.06 133.00
382.06 134.00
382.00 134.06
381.06 135.00
381.00 135.06
380.06 136.00
380.00 136.06
379.06 137.00
379.00 137.06
378.06 138.00
378.00 138.06
377.06 139.00
377.00 139.06
376.06 140.00
376.00 140.06
375.06 141.00
375.06 142.00
375.00 142.06
374.06 143.00
374.06 144.00
374.00 144.06
373.06 145.00
373.06 146.00
373.00 146.06
372.06 147.00
372.06 148.00
372.06 149.00
372.00 149.06
371.06 150.00
371.06 151.00
371.06 152.00
371.06 153.00
371.06 154.00
371.06 155.00
371.06 156.00
371.06 157.00
371.06 158.00
371.06 159.00
371.06 160.00
371.06 161.00
372.00 161.94
372.06 162.00
372.06 163.00
372.06 164.00
372.06 165.00
372.06 166.00
372.06 167.00
373.00 167.94
373.06 168.00
373.06 169.00
374.00 169.94
374.06 170.00
374.06 171.00
375.00 171.94
375.06 172.00
375.06 173.00
376.00 173.94
376.06 174.00
376.06 175.00
377.00 175.94
377.06 176.00
377.06 177.00
378.00 177.94
378.06 178.00
379.00 178.94
379.06 179.00
380.00 179.94
380.06 180.00
381.00 180.94
381.06 181.00
382.00 181.94
382.06 182.00
383.00 182.94
383.06 183.00
384.00 183.94
385.00 183.94
385.06 184.00
386.00 184.94
386.06 185.00
387.00 185.94
387.06 186.00
388.00 186.94
389.00 186.94
389.06 187.00
390.00 187.94
391.00 187.94
391.06 188.00
392.00 188.94
393.00 188.94
393.06 189.00
394.00 189.94
395.00 189.94
396.00 189.94
397.00 189.94
397.06 190.00
398.00 190.94
399.00 190.94
400.00 190.94
401.00 190.94
402.00 190.94
403.00 190.94
404.00 190.94
405.00 190.94
406.00 190.94
407.00 190.94
408.00 190.94
409.00 190.94
410.00 190.94
411.00 190.94
412.00 190.94
413.00 190.94
414.00 190.94
414.94 190.00
415.00 189.94
416.00 189.94
417.00 189.94
418.00 189.94
418.94 189.00
419.00 188.94
420.00 188.94
420.94 188.00
421.00 187.94
422.00 187.94
423.00 187.94
423.94 187.00
424.00 186.94
425.00 186.94
425.94 186.00
426.00 185.94
426.94 185.00
427.00 184.94
427.94 184.00
428.00 183.94
429.00 183.94
429.94 183.00
430.00 182.94
430.94 182.00
431.00 181.94
432.00 181.94
432.94 181.00
433.00 180.94
434.00 180.94
434.94 180.00
435.00 179.94
435.94 179.00
436.00 178.94
436.94 178.00
437.00 177.94
437.94 177.00
438.00 176.94
438.94 176.00
439.00 175.94
439.94 175.00
440.00 174.94
440.94 174.00
441.00 173.94
441.94 173.00
442.00 172.94
442.94 172.00
443.00 171.94
443.94 171.00
444.00 170.94
444.94 170.00
444.94 169.00
445.00 168.94
445.94 168.00
446.00 167.94
446.94 167.00
447.00 166.94
447.94 166.00
447.94 165.00
448.00 164.94
448.94 164.00
448.94 163.00
449.00 162.94
449.94 162.00
449.94 161.00
450.00 160.94
450.94 160.00
450.94 159.00
451.00 158.94
451.94 158.00
451.94 157.00
451.94 156.00
451.94 155.00
451.94 154.00
452.00 153.94
452.94 153.00

Contour 9:
439.94 376.00
439.94 375.00
439.94 374.00
439.94 373.00
439.94 372.00
439.94 371.00
439.94 370.00
439.94 369.00
439.94 368.00
439.00 367.06
438.94 367.00
438.94 366.00
438.94 365.00
438.94 364.00
438.00 363.06
437.94 363.00
437.94 362.00
437.00 361.06
436.94 361.00
436.94 360.00
436.00 359.06
435.94 359.00
435.94 358.00
435.00 357.06
434.94 357.00
434.94 356.00
434.00 355.06
433.94 355.00
433.00 354.06
432.94 354.00
432.94 353.00
432.00 352.06
431.94 352.00
431.00 351.06
430.94 351.00
430.00 350.06
429.94 350.00
429.00 349.06
428.94 349.00
428.00 348.06
427.94 348.00
427.94 347.00
427.00 346.06
426.94 346.00
426.00 345.06
425.00 345.06
424.94 345.00
424.00 344.06
423.94 344.00
423.00 343.06
422.00 343.06
421.94 343.00
421.00 342.06
420.00 342.06
419.00 342.06
418.94 342.00
418.00 341.06
417.00 341.06
416.00 341.06
415.94 341.00
415.00 340.06
414.00 340.06
413.00 340.06
412.00 340.06
411.00 340.06
410.00 340.06
409.00 340.06
408.00 340.06
407.00 340.06
406.06 341.00
406.00 341.06
405.00 341.06
404.00 341.06
403.00 341.06
402.06 342.00
402.00 342.06
401.00 342.06
400.00 342.06
399.00 342.06
398.06 343.00
398.00 343.06
397.00 343.06
396.06 344.00
396.00 344.06
395.00 344.06
394.06 345.00
394.00 345.06
393.06 346.00
393.00 346.06
392.06 347.00
392.00 347.06
391.06 348.00
391.00 348.06
390.06 349.00
390.00 349.06
389.06 350.00
389.00 350.06
388.06 351.00
388.06 352.00
388.00 352.06
387.06 353.00
387.00 353.06
386.06 354.00
386.06 355.00
386.00 355.06
385.06 356.00
385.06 357.00
385.06 358.00
385.00 358.06
384.06 359.00
384.06 360.00
384.06 361.00
384.06 362.00
384.06 363.00
384.06 364.00
384.06 365.00
384.06 366.00
384.06 367.00
384.06 368.00
384.06 369.00
384.06 370.00
385.00 370.94
385.06 371.00
385.06 372.00
385.06 373.00
385.06 374.00
385.06 375.00
386.00 375.94
386.06 376.00
386.06 377.00
387.00 377.94
387.06 378.00
387.06 379.00
387.06 380.00
388.00 380.94
388.06 381.00
388.06 382.00
388.06 383.00
389.00 383.94
389.06 384.00
389.06 385.00
389.06 386.00
389.06 387.00
389.06 388.00
390.00 388.94
390.06 389.00
390.06 390.00
390.06 391.00
391.00 391.94
391.06 392.00
391.06 393.00
391.06 394.00
392.00 394.94
392.06 395.00
393.00 395.94
393.06 396.00
394.00 396.94
394.06 397.00
395.00 397.94
395.06 398.00
396.00 398.94
397.00 398.94
398.00 398.94
398.06 399.00
399.00 399.94
400.00 399.94
401.00 399.94
402.00 399.94
403.00 399.94
403.06 400.00
404.00 400.94
405.00 400.94
406.00 400.94
407.00 400.94
407.06 401.00
408.00 401.94
409.00 401.94
410.00 401.94
411.00 401.94
412.00 401.94
413.00 401.94
414.00 401.94
414.94 401.00
415.00 400.94
416.00 400.94
417.00 400.94
418.00 400.94
418.94 400.00
419.00 399.94
420.00 399.94
421.00 399.94
421.94 399.00
422.00 398.94
423.00 398.94
423.94 398.00
424.00 397.94
424.94 397.00
425.00 396.94
426.00 396.94
426.94 396.00
427.00 395.94
427.94 395.00
428.00 394.94
429.00 394.94
429.94 394.00
430.00 393.94
430.94 393.00
431.00 392.94
431.94 392.00
431.94 391.00
432.00 390.94
432.94 390.00
433.00 389.94
433.94 389.00
434.00 388.94
434.94 388.00
435.00 387.94
435.94 387.00
435.94 386.00
436.00 385.94
436.94 385.00
436.94 384.00
437.00 383.94
437.94 383.00
437.94 382.00
437.94 381.00
438.00 380.94
438.94 380.00
438.94 379.00
438.94 378.00
438.94 377.00
439.00 376.94
439.94 376.00

Contour 10:
487.95 249.00
487.95 248.00
487.95 247.00
487.95 246.00
487.95 245.00
487.95 244.00
487.95 243.00
487.95 242.00
487.95 241.00
487.95 240.00
487.95 239.00
487.95 238.00
487.95 237.00
487.95 236.00
487.95 235.00
487.95 234.00
487.00 233.05
486.95 233.00
486.95 232.00
486.95 231.00
486.00 230.05
485.95 230.00
485.95 229.00
485.00 228.05
484.95 228.00
484.95 227.00
484.00 226.05
483.95 226.00
483.00 225.05
482.95 225.00
482.00 224.05
481.95 224.00
481.00 223.05
480.95 223.00
480.00 222.05
479.95 222.00
479.00 221.05
478.95 221.00
478.00 220.05
477.00 220.05
476.95 220.00
476.00 219.05
475.95 219.00
475.00 218.05
474.00 218.05
473.95 218.00
473.00 217.05
472.00 217.05
471.00 217.05
470.95 217.00
470.00 216.05
469.00 216.05
468.00 216.05
467.95 216.00
467.00 215.05
466.00 215.05
465.00 215.05
464.00 215.05
463.95 215.00
463.00 214.05
462.00 214.05
461.00 214.05
460.00 214.05
459.95 214.00
459.00 213.05
458.00 213.05
457.00 213.05
456.95 213.00
456.00 212.05
455.00 212.05
454.00 212.05
453.00 212.05
452.00 212.05
451.00 212.05
450.00 212.05
449.00 212.05
448.00 212.05
447.05 213.00
447.00 213.05
446.00 213.05
445.00 213.05
444.00 213.05
443.00 213.05
442.05 214.00
442.00 214.05
441.00 214.05
440.00 214.05
439.00 214.05
438.05 215.00
438.00 215.05
437.00 215.05
436.00 215.05
435.00 215.05
434.00 215.05
433.05 216.00
433.00 216.05
432.00 216.05
431.05 217.00
431.00 217.05
430.00 217.05
429.00 217.05
428.05 218.00
428.00 218.05
427.00 218.05
426.05 219.00
426.00 219.05
425.05 220.00
425.00 220.05
424.00 220.05
423.05 221.00
423.00 221.05
422.05 222.00
422.00 222.05
421.00 222.05
420.05 223.00
420.00 223.05
419.00 223.05
418.05 224.00
418.00 224.05
417.05 225.00
417.00 225.05
416.00 225.05
415.05 226.00
415.00 226.05
414.05 227.00
414.00 227.05
413.05 228.00
413.00 228.05
412.05 229.00
412.00 229.05
411.05 230.00
411.00 230.05
410.05 231.00
410.00 231.05
409.05 232.00
409.00 232.05
408.05 233.00
408.00 233.05
407.05 234.00
407.00 234.05
406.05 235.00
406.00 235.05
405.05 236.00
405.00 236.05
404.05 237.00
404.00 237.05
403.05 238.00
403.00 238.05
402.05 239.00
402.00 239.05
401.05 240.00
401.05 241.00
401.00 241.05
400.05 242.00
400.05 243.00
400.00 243.05
399.05 244.00
399.05 245.00
399.05 246.00
399.00 246.05
398.05 247.00
398.05 248.00
398.05 249.00
398.05 250.00
398.00 250.05
397.05 251.00
397.05 252.00
397.05 253.00
397.05 254.00
397.00 254.05
396.05 255.00
396.05 256.00
396.05 257.00
396.05 258.00
396.05 259.00
397.00 259.95
397.05 260.00
397.05 261.00
397.05 262.00
397.05 263.00
397.05 264.00
398.00 264.95
398.05 265.00
398.05 266.00
399.00 266.95
399.05 267.00
399.05 268.00
400.00 268.95
400.05 269.00
400.05 270.00
401.00 270.95
401.05 271.00
402.00 271.95
402.05 272.00
403.00 272.95
403.05 273.00
404.00 273.95
404.05 274.00
405.00 274.95
405.05 275.00
406.00 275.95
406.05 276.00
407.00 276.95
407.05 277.00
408.00 277.95
408.05 278.00
409.00 278.95
410.00 278.95
410.05 279.00
411.00 279.95
411.05 280.00
412.00 280.95
413.00 280.95
413.05 281.00
414.00 281.95
415.00 281.95
415.05 282.00
416.00 282.95
417.00 282.95
418.00 282.95
418.05 283.00
419.00 283.95
420.00 283.95
421.00 283.95
421.05 284.00
422.00 284.95
423.00 284.95
424.00 284.95
425.00 284.95
425.05 285.00
426.00 285.95
427.00 285.95
428.00 285.95
429.00 285.95
430.00 285.95
431.00 285.95
432.00 285.95
433.00 285.95
434.00 285.95
435.00 285.95
436.00 285.95
437.00 285.95
437.05 286.00
438.00 286.95
439.00 286.95
440.00 286.95
441.00 286.95
442.00 286.95
442.95 286.00
443.00 285.95
444.00 285.95
445.00 285.95
446.00 285.95
447.00 285.95
447.95 285.00
448.00 284.95
449.00 284.95
449.95 284.00
450.00 283.95
451.00 283.95
452.00 283.95
452.95 283.00
453.00 282.95
454.00 282.95
455.00 282.95
455.95 282.00
456.00 281.95
457.00 281.95
458.00 281.95
458.95 281.00
459.00 280.95
460.00 280.95
460.95 280.00
461.00 279.95
462.00 279.95
462.95 279.00
463.00 278.95
464.00 278.95
464.95 278.00
465.00 277.95
466.00 277.95
466.95 277.00
467.00 276.95
467.95 276.00
468.00 275.95
469.00 275.95
469.95 275.00
470.00 274.95
470.95 274.00
471.00 273.95
471.95 273.00
472.00 272.95
473.00 272.95
473.95 272.00
474.00 271.95
474.95 271.00
475.00 270.95
475.95 270.00
476.00 269.95
476.95 269.00
477.00 268.95
477.95 268.00
478.00 267.95
478.95 267.00
479.00 266.95
479.95 266.00
480.00 265.95
480.95 265.00
480.95 264.00
481.00 263.95
481.95 263.00
482.00 262.95
482.95 262.00
482.95 261.00
483.00 260.95
483.95 260.00
483.95 259.00
484.00 258.95
484.95 258.00
484.95 257.00
485.00 256.95
485.95 256.00
485.95 255.00
485.95 254.00
486.00 253.95
486.95 253.00
486.95 252.00
486.95 251.00
486.95 250.00
487.00 249.95
487.95 249.00

Contour 11:
506.95 510.00
506.95 509.00
506.95 508.00
506.95 507.00
506.95 506.00
506.95 505.00
506.95 504.00
506.95 503.00
506.95 502.00
506.00 501.05
505.95 501.00
505.95 500.00
505.95 499.00
505.95 498.00
505.95 497.00
505.00 496.05
504.95 496.00
504.95 495.00
504.00 494.05
503.95 494.00
503.95 493.00
503.00 492.05
502.95 492.00
502.00 491.05
501.95 491.00
501.00 490.05
500.95 490.00
500.00 489.05
499.00 489.05
498.95 489.00
498.00 488.05
497.95 488.00
497.00 487.05
496.00 487.05
495.95 487.00
495.00 486.05
494.00 486.05
493.95 486.00
493.00 485.05
492.00 485.05
491.00 485.05
490.95 485.00
490.00 484.05
489.00 484.05
488.00 484.05
487.95 484.00
487.00 483.05
486.00 483.05
485.00 483.05
484.00 483.05
483.95 483.00
483.00 482.05
482.00 482.05
481.00 482.05
480.00 482.05
479.00 482.05
478.00 482.05
477.00 482.05
476.95 482.00
476.00 481.05
475.00 481.05
474.00 481.05
473.00 481.05
472.00 481.05
471.00 481.05
470.95 481.00
470.00 480.05
469.00 480.05
468.00 480.05
467.00 480.05
466.00 480.05
465.00 480.05
464.00 480.05
463.00 480.05
462.00 480.05
461.00 480.05
460.00 480.05
459.00 480.05
458.00 480.05
457.00 480.05
456.00 480.05
455.00 480.05
454.05 481.00
454.00 481.05
453.00 481.05
452.00 481.05
451.00 481.05
450.05 482.00
450.00 482.05
449.00 482.05
448.05 483.00
448.00 483.05
447.05 484.00
447.00 484.05
446.05 485.00
446.00 485.05
445.05 486.00
445.00 486.05
444.05 487.00
444.00 487.05
443.05 488.00
443.05 489.00
443.00 489.05
442.05 490.00
442.05 491.00
442.00 491.05
441.05 492.00
441.05 493.00
441.05 494.00
441.05 495.00
441.00 495.05
440.05 496.00
440.05 497.00
440.05 498.00
440.05 499.00
440.05 500.00
440.05 501.00
440.05 502.00
440.05 503.00
440.00 503.05
439.05 504.00
439.05 505.00
440.00 505.95
440.05 506.00
440.05 507.00
440.05 508.00
440.05 509.00
441.00 509.95
441.05 510.00
441.05 511.00
441.05 512.00
442.00 512.95
442.05 513.00
442.05 514.00
442.05 515.00
443.00 515.95
443.05 516.00
443.05 517.00
444.00 517.95
444.05 518.00
444.05 519.00
445.00 519.95
445.05 520.00
445.05 521.00
446.00 521.95
446.05 522.00
446.05 523.00
447.00 523.95
447.05 524.00
448.00 524.95
449.00 524.95
449.05 525.00
450.00 525.95
450.05 526.00
451.00 526.95
452.00 526.95
453.00 526.95
453.05 527.00
454.00 527.95
455.00 527.95
456.00 527.95
457.00 527.95
457.05 528.00
458.00 528.95
459.00 528.95
460.00 528.95
460.05 529.00
461.00 529.95
462.00 529.95
463.00 529.95
463.05 530.00
464.00 530.95
465.00 530.95
465.05 531.00
466.00 531.95
467.00 531.95
468.00 531.95
468.05 532.00
469.00 532.95
470.00 532.95
471.00 532.95
472.00 532.95
472.05 533.00
473.00 533.95
474.00 533.95
475.00 533.95
476.00 533.95
477.00 533.95
478.00 533.95
479.00 533.95
480.00 533.95
481.00 533.95
482.00 533.95
483.00 533.95
484.00 533.95
485.00 533.95
486.00 533.95
486.95 533.00
487.00 532.95
488.00 532.95
489.00 532.95
489.95 532.00
490.00 531.95
491.00 531.95
492.00 531.95
492.95 531.00
493.00 530.95
494.00 530.95
494.95 530.00
495.00 529.95
496.00 529.95
496.95 529.00
497.00 528.95
497.95 528.00
498.00 527.95
498.95 527.00
499.00 526.95
499.95 526.00
500.00 525.95
500.95 525.00
501.00 524.95
501.95 524.00
502.00 523.95
502.95 523.00
502.95 522.00
503.00 521.95
503.95 521.00
503.95 520.00
504.00 519.95
504.95 519.00
504.95 518.00
504.95 517.00
504.95 516.00
505.00 515.95
505.95 515.00
505.95 514.00
505.95 513.00
505.95 512.00
505.95 511.00
506.00 510.95
506.95 510.00

Contour 12:
520.96 708.00
520.96 707.00
520.96 706.00
520.96 705.00
520.96 704.00
520.96 703.00
520.96 702.00
520.96 701.00
520.96 700.00
520.96 699.00
520.96 698.00
520.96 697.00
520.00 696.04
519.96 696.00
519.96 695.00
519.96 694.00
519.00 693.04
518.96 693.00
518.96 692.00
518.96 691.00
518.00 690.04
517.96 690.00
517.00 689.04
516.96 689.00
516.00 688.04
515.96 688.00
515.00 687.04
514.96 687.00
514.00 686.04
513.96 686.00
513.00 685.04
512.96 685.00
512.00 684.04
511.96 684.00
511.00 683.04
510.96 683.00
510.00 682.04
509.96 682.00
509.00 681.04
508.00 681.04
507.96 681.00
507.00 680.04
506.96 680.00
506.00 679.04
505.00 679.04
504.96 679.00
504.00 678.04
503.00 678.04
502.00 678.04
501.96 678.00
501.00 677.04
500.00 677.04
499.00 677.04
498.96 677.00
498.00 676.04
497.00 676.04
496.00 676.04
495.00 676.04
494.96 676.00
494.00 675.04
493.00 675.04
492.00 675.04
491.00 675.04
490.00 675.04
489.00 675.04
488.00 675.04
487.00 675.04
486.00 675.04
485.00 675.04
484.00 675.04
483.00 675.04
482.04 676.00
482.00 676.04
481.00 676.04
480.00 676.04
479.04 677.00
479.00 677.04
478.00 677.04
477.04 678.00
477.00 678.04
476.00 678.04
475.00 678.04
474.04 679.00
474.00 679.04
473.00 679.04
472.04 680.00
472.00 680.04
471.00 680.04
470.04 681.00
470.00 681.04
469.04 682.00
469.00 682.04
468.00 682.04
467.04 683.00
467.00 683.04
466.04 684.00
466.00 684.04
465.00 684.04
464.04 685.00
464.00 685.04
463.04 686.00
463.00 686.04
462.04 687.00
462.00 687.04
461.04 688.00
461.00 688.04
460.04 689.00
460.04 690.00
460.00 690.04
459.04 691.00
459.04 692.00
459.00 692.04
458.04 693.00
458.04 694.00
458.00 694.04
457.04 695.00
457.04 696.00
457.00 696.04
456.04 697.00
456.04 698.00
456.04 699.00
456.00 699.04
455.04 700.00
455.04 701.00
455.04 702.00
455.04 703.00
455.04 704.00
455.04 705.00
455.00 705.04
454.04 706.00
454.04 707.00
454.04 708.00
454.04 709.00
454.04 710.00
454.04 711.00
454.04 712.00
454.04 713.00
454.04 714.00
455.00 714.96
455.04 715.00
455.04 716.00
455.04 717.00
455.04 718.00
456.00 718.96
456.04 719.00
456.04 720.00
457.00 720.96
457.04 721.00
458.00 721.96
458.04 722.00
459.00 722.96
459.04 723.00
460.00 723.96
460.04 724.00
461.00 724.96
461.04 725.00
462.00 725.96
462.04 726.00
463.00 726.96
463.04 727.00
464.00 727.96
465.00 727.96
465.04 728.00
466.00 728.96
466.04 729.00
467.00 729.96
468.00 729.96
468.04 730.00
469.00 730.96
470.00 730.96
470.04 731.00
471.00 731.96
472.00 731.96
473.00 731.96
473.04 732.00
474.00 732.96
475.00 732.96
476.00 732.96
476.04 733.00
477.00 733.96
478.00 733.96
479.00 733.96
480.00 733.96
481.00 733.96
482.00 733.96
482.04 734.00
483.00 734.96
484.00 734.96
485.00 734.96
486.00 734.96
487.00 734.96
488.00 734.96
489.00 734.96
490.00 734.96
491.00 734.96
492.00 734.96
493.00 734.96
494.00 734.96
495.00 734.96
495.96 734.00
496.00 733.96
497.00 733.96
497.96 733.00
498.00 732.96
499.00 732.96
499.96 732.00
500.00 731.96
501.00 731.96
502.00 731.96
502.96 731.00
503.00 730.96
503.96 730.00
504.00 729.96
505.00 729.96
505.96 729.00
506.00 728.96
506.96 728.00
507.00 727.96
508.00 727.96
508.96 727.00
509.00 726.96
509.96 726.00
510.00 725.96
510.96 725.00
511.00 724.96
511.96 724.00
512.00 723.96
512.96 723.00
513.00 722.96
513.96 722.00
513.96 721.00
514.00 720.96
514.96 720.00
515.00 719.96
515.96 719.00
515.96 718.00
516.00 717.96
516.96 717.00
516.96 716.00
517.00 715.96
517.96 715.00
518.00 714.96
518.96 714.00
518.96 713.00
518.96 712.00
519.00 711.96
519.96 711.00
519.96 710.00
519.96 709.00
520.00 708.96
520.96 708.00

Contour 13:
557.96 468.00
557.96 467.00
557.96 466.00
557.96 465.00
557.96 464.00
557.96 463.00
557.96 462.00
557.96 461.00
557.96 460.00
557.96 459.00
557.96 458.00
557.96 457.00
557.96 456.00
557.96 455.00
557.00 454.04
556.96 454.00
556.96 453.00
556.96 452.00
556.00 451.04
555.96 451.00
555.96 450.00
555.00 449.04
554.96 449.00
554.00 448.04
553.96 448.00
553.96 447.00
553.00 446.04
552.96 446.00
552.00 445.04
551.96 445.00
551.00 444.04
550.96 444.00
550.00 443.04
549.96 443.00
549.00 442.04
548.96 442.00
548.00 441.04
547.96 441.00
547.00 440.04
546.00 440.04
545.96 440.00
545.00 439.04
544.96 439.00
544.00 438.04
543.96 438.00
543.00 437.04
542.00 437.04
541.96 437.00
541.00 436.04
540.96 436.00
540.00 435.04
539.00 435.04
538.96 435.00
538.00 434.04
537.00 434.04
536.96 434.00
536.00 433.04
535.00 433.04
534.96 433.00
534.00 432.04
533.00 432.04
532.00 432.04
531.96 432.00
531.00 431.04
530.00 431.04
529.00 431.04
528.00 431.04
527.00 431.04
526.00 431.04
525.00 431.04
524.00 431.04
523.00 431.04
522.00 431.04
521.00 431.04
520.00 431.04
519.00 431.04
518.00 431.04
517.00 431.04
516.04 432.00
516.00 432.04
515.00 432.04
514.00 432.04
513.00 432.04
512.04 433.00
512.00 433.04
511.00 433.04
510.00 433.04
509.04 434.00
509.00 434.04
508.00 434.04
507.04 435.00
507.00 435.04
506.00 435.04
505.04 436.00
505.00 436.04
504.04 437.00
504.00 437.04
503.00 437.04
502.04 438.00
502.00 438.04
501.04 439.00
501.00 439.04
500.04 440.00
500.00 440.04
499.04 441.00
499.00 441.04
498.04 442.00
498.00 442.04
497.04 443.00
497.00 443.04
496.04 444.00
496.00 444.04
495.04 445.00
495.04 446.00
495.04 447.00
495.00 447.04
494.04 448.00
494.04 449.00
494.04 450.00
494.00 450.04
493.04 451.00
493.04 452.00
493.04 453.00
493.04 454.00
493.04 455.00
493.04 456.00
493.04 457.00
493.04 458.00
493.04 459.00
493.04 460.00
493.04 461.00
493.04 462.00
493.04 463.00
494.00 463.96
494.04 464.00
494.04 465.00
494.04 466.00
495.00 466.96
495.04 467.00
495.04 468.00
495.04 469.00
496.00 469.96
496.04 470.00
496.04 471.00
497.00 471.96
497.04 472.00
497.04 473.00
498.00 473.96
498.04 474.00
499.00 474.96
499.04 475.00
500.00 475.96
500.04 476.00
501.00 476.96
501.04 477.00
501.04 478.00
502.00 478.96
502.04 479.00
503.00 479.96
503.04 480.00
504.00 480.96
504.04 481.00
504.04 482.00
505.00 482.96
505.04 483.00
506.00 483.96
506.04 484.00
507.00 484.96
507.04 485.00
508.00 485.96
508.04 486.00
509.00 486.96
509.04 487.00
510.00 487.96
511.00 487.96
511.04 488.00
512.00 488.96
512.04 489.00
513.00 489.96
514.00 489.96
514.04 490.00
515.00 490.96
515.04 491.00
516.00 491.96
517.00 491.96
517.04 492.00
518.00 492.96
519.00 492.96
519.04 493.00
520.00 493.96
521.00 493.96
522.00 493.96
523.00 493.96
523.04 494.00
524.00 494.96
525.00 494.96
526.00 494.96
527.00 494.96
528.00 494.96
529.00 494.96
530.00 494.96
531.00 494.96
532.00 494.96
532.96 494.00
533.00 493.96
534.00 493.96
535.00 493.96
536.00 493.96
536.96 493.00
537.00 492.96
538.00 492.96
538.96 492.00
539.00 491.96
540.00 491.96
540.96 491.00
541.00 490.96
541.96 490.00
542.00 489.96
543.00 489.96
543.96 489.00
544.00 488.96
544.96 488.00
545.00 487.96
545.96 487.00
546.00 486.96
547.00 486.96
547.96 486.00
548.00 485.96
548.96 485.00
549.00 484.96
549.96 484.00
550.00 483.96
550.96 483.00
550.96 482.00
551.00 481.96
551.96 481.00
552.00 480.96
552.96 480.00
552.96 479.00
553.00 478.96
553.96 478.00
554.00 477.96
554.96 477.00
554.96 476.00
555.00 475.96
555.96 475.00
555.96 474.00
555.96 473.00
556.00 472.96
556.96 472.00
556.96 471.00
556.96 470.00
556.96 469.00
557.00 468.96
557.96 468.00

Contour 14:
562.96 331.00
562.96 330.00
562.96 329.00
562.96 328.00
562.96 327.00
562.96 326.00
562.96 325.00
562.96 324.00
562.96 323.00
562.96 322.00
562.00 321.04
561.96 321.00
561.96 320.00
561.96 319.00
561.96 318.00
561.96 317.00
561.00 316.04
560.96 316.00
560.96 315.00
560.96 314.00
560.00 313.04
559.96 313.00
559.96 312.00
559.00 311.04
558.96 311.00
558.96 310.00
558.00 309.04
557.96 309.00
557.96 308.00
557.00 307.04
556.96 307.00
556.00 306.04
555.96 306.00
555.00 305.04
554.96 305.00
554.96 304.00
554.00 303.04
553.96 303.00
553.00 302.04
552.96 302.00
552.96 301.00
552.00 300.04
551.96 300.00
551.00 299.04
550.96 299.00
550.00 298.04
549.96 298.00
549.00 297.04
548.96 297.00
548.00 296.04
547.96 296.00
547.00 295.04
546.96 295.00
546.00 294.04
545.00 294.04
544.96 294.00
544.00 293.04
543.00 293.04
542.96 293.00
542.00 292.04
541.00 292.04
540.96 292.00
540.00 291.04
539.00 291.04
538.00 291.04
537.96 291.00
537.00 290.04
536.00 290.04
535.00 290.04
534.96 290.00
534.00 289.04
533.00 289.04
532.00 289.04
531.00 289.04
530.00 289.04
529.00 289.04
528.00 289.04
527.00 289.04
526.04 290.00
526.00 290.04
525.00 290.04
524.00 290.04
523.00 290.04
522.04 291.00
522.00 291.04
521.00 291.04
520.04 292.00
520.00 292.04
519.00 292.04
518.04 293.00
518.00 293.04
517.04 294.00
517.00 294.04
516.04 295.00
516.00 295.04
515.00 295.04
514.04 296.00
514.00 296.04
513.04 297.00
513.00 297.04
512.04 298.00
512.00 298.04
511.04 299.00
511.04 300.00
511.00 300.04
510.04 301.00
510.00 301.04
509.04 302.00
509.04 303.00
509.00 303.04
508.04 304.00
508.00 304.04
507.04 305.00
507.04 306.00
507.00 306.04
506.04 307.00
506.04 308.00
506.00 308.04
505.04 309.00
505.04 310.00
505.04 311.00
505.04 312.00
505.00 312.04
504.04 313.00
504.04 314.00
504.04 315.00
504.04 316.00
504.04 317.00
504.04 318.00
504.04 319.00
504.04 320.00
504.04 321.00
504.04 322.00
504.04 323.00
504.04 324.00
504.04 325.00
504.04 326.00
505.00 326.96
505.04 327.00
505.04 328.00
505.04 329.00
505.04 330.00
506.00 330.96
506.04 331.00
506.04 332.00
507.00 332.96
507.04 333.00
507.04 334.00
507.04 335.00
508.00 335.96
508.04 336.00
508.04 337.00
508.04 338.00
509.00 338.96
509.04 339.00
510.00 339.96
510.04 340.00
510.04 341.00
511.00 341.96
511.04 342.00
511.04 343.00
512.00 343.96
512.04 344.00
512.04 345.00
513.00 345.96
513.04 346.00
514.00 346.96
514.04 347.00
515.00 347.96
515.04 348.00
516.00 348.96
516.04 349.00
517.00 349.96
517.04 350.00
518.00 350.96
518.04 351.00
519.00 351.96
520.00 351.96
520.04 352.00
521.00 352.96
522.00 352.96
522.04 353.00
523.00 353.96
524.00 353.96
525.00 353.96
526.00 353.96
526.04 354.00
527.00 354.96
528.00 354.96
529.00 354.96
530.00 354.96
531.00 354.96
532.00 354.96
533.00 354.96
534.00 354.96
535.00 354.96
536.00 354.96
536.96 354.00
537.00 353.96
538.00 353.96
539.00 353.96
539.96 353.00
540.00 352.96
541.00 352.96
542.00 352.96
542.96 352.00
543.00 351.96
544.00 351.96
544.96 351.00
545.00 350.96
546.00 350.96
546.96 350.00
547.00 349.96
548.00 349.96
548.96 349.00
549.00 348.96
550.00 348.96
550.96 348.00
551.00 347.96
551.96 347.00
552.00 346.96
552.96 346.00
553.00 345.96
553.96 345.00
554.00 344.96
554.96 344.00
555.00 343.96
555.96 343.00
556.00 342.96
556.96 342.00
557.00 341.96
557.96 341.00
558.00 340.96
558.96 340.00
558.96 339.00
559.00 338.96
559.96 338.00
559.96 337.00
560.00 336.96
560.96 336.00
560.96 335.00
561.00 334.96
561.96 334.00
561.96 333.00
561.96 332.00
562.00 331.96
562.96 331.00

Contour 15:
582.97 573.00
582.97 572.00
582.97 571.00
582.97 570.00
582.97 569.00
582.97 568.00
582.97 567.00
582.97 566.00
582.97 565.00
582.97 564.00
582.97 563.00
582.97 562.00
582.00 561.03
581.97 561.00
581.97 560.00
581.00 559.03
580.97 559.00
580.97 558.00
580.00 557.03
579.97 557.00
579.97 556.00
579.00 555.03
578.97 555.00
578.00 554.03
577.97 554.00
577.97 553.00
577.00 552.03
576.97 552.00
576.00 551.03
575.97 551.00
575.00 550.03
574.97 550.00
574.00 549.03
573.97 549.00
573.00 548.03
572.97 548.00
572.00 547.03
571.00 547.03
570.97 547.00
570.00 546.03
569.00 546.03
568.97 546.00
568.00 545.03
567.00 545.03
566.97 545.00
566.00 544.03
565.00 544.03
564.00 544.03
563.00 544.03
562.97 544.00
562.00 543.03
561.00 543.03
560.00 543.03
559.00 543.03
558.97 543.00
558.00 542.03
557.00 542.03
556.03 543.00
556.00 543.03
555.00 543.03
554.00 543.03
553.00 543.03
552.00 543.03
551.00 543.03
550.03 544.00
550.00 544.03
549.00 544.03
548.00 544.03
547.03 545.00
547.00 545.03
546.00 545.03
545.00 545.03
544.03 546.00
544.00 546.03
543.00 546.03
542.00 546.03
541.03 547.00
541.00 547.03
540.00 547.03
539.03 548.00
539.00 548.03
538.00 548.03
537.03 549.00
537.00 549.03
536.00 549.03
535.03 550.00
535.00 550.03
534.03 551.00
534.00 551.03
533.00 551.03
532.03 552.00
532.00 552.03
531.03 553.00
531.00 553.03
530.03 554.00
530.00 554.03
529.03 555.00
529.00 555.03
528.03 556.00
528.03 557.00
528.00 557.03
527.03 558.00
527.03 559.00
527.00 559.03
526.03 560.00
526.03 561.00
526.00 561.03
525.03 562.00
525.03 563.00
525.00 563.03
524.03 564.00
524.03 565.00
524.03 566.00
524.00 566.03
523.03 567.00
523.03 568.00
523.03 569.00
523.03 570.00
523.00 570.03
522.03 571.00
522.03 572.00
522.03 573.00
522.03 574.00
522.03 575.00
522.03 576.00
522.03 577.00
522.03 578.00
522.03 579.00
522.03 580.00
522.03 581.00
522.03 582.00
523.00 582.97
523.03 583.00
523.03 584.00
523.03 585.00
523.03 586.00
524.00 586.97
524.03 587.00
524.03 588.00
524.03 589.00
525.00 589.97
525.03 590.00
525.03 591.00
526.00 591.97
526.03 592.00
526.03 593.00
527.00 593.97
527.03 594.00
527.03 595.00
528.00 595.97
528.03 596.00
529.00 596.97
529.03 597.00
530.00 597.97
530.03 598.00
530.03 599.00
531.00 599.97
531.03 600.00
532.00 600.97
532.03 601.00
533.00 601.97
533.03 602.00
534.00 602.97
534.03 603.00
535.00 603.97
536.00 603.97
536.03 604.00
537.00 604.97
537.03 605.00
538.00 605.97
539.00 605.97
539.03 606.00
540.00 606.97
541.00 606.97
542.00 606.97
542.03 607.00
543.00 607.97
544.00 607.97
545.00 607.97
546.00 607.97
547.00 607.97
548.00 607.97
549.00 607.97
550.00 607.97
551.00 607.97
552.00 607.97
553.00 607.97
553.97 607.00
554.00 606.97
555.00 606.97
556.00 606.97
556.97 606.00
557.00 605.97
558.00 605.97
558.97 605.00
559.00 604.97
559.97 604.00
560.00 603.97
560.97 603.00
561.00 602.97
561.97 602.00
562.00 601.97
563.00 601.97
563.97 601.00
564.00 600.97
564.97 600.00
565.00 599.97
565.97 599.00
566.00 598.97
566.97 598.00
567.00 597.97
567.97 597.00
568.00 596.97
568.97 596.00
568.97 595.00
569.00 594.97
569.97 594.00
570.00 593.97
570.97 593.00
571.00 592.97
571.97 592.00
571.97 591.00
572.00 590.97
572.97 590.00
573.00 589.97
573.97 589.00
574.00 588.97
574.97 588.00
574.97 587.00
575.00 586.97
575.97 586.00
576.00 585.97
576.97 585.00
576.97 584.00
577.00 583.97
577.97 583.00
577.97 582.00
578.00 581.97
578.97 581.00
579.00 580.97
579.97 580.00
579.97 579.00
580.00 578.97
580.97 578.00
580.97 577.00
581.00 576.97
581.97 576.00
581.97 575.00
581.97 574.00
582.00 573.97
582.97 573.00

Contour 16:
633.97 659.00
633.97 658.00
633.97 657.00
633.97 656.00
633.97 655.00
633.97 654.00
633.97 653.00
633.97 652.00
633.00 651.03
632.97 651.00
632.97 650.00
632.97 649.00
632.97 648.00
632.97 647.00
632.00 646.03
631.97 646.00
631.97 645.00
631.00 644.03
630.97 644.00
630.97 643.00
630.00 642.03
629.97 642.00
629.00 641.03
628.97 641.00
628.00 640.03
627.97 640.00
627.00 639.03
626.97 639.00
626.00 638.03
625.97 638.00
625.97 637.00
625.00 636.03
624.97 636.00
624.00 635.03
623.97 635.00
623.00 634.03
622.97 634.00
622.00 633.03
621.97 633.00
621.00 632.03
620.97 632.00
620.00 631.03
619.97 631.00
619.00 630.03
618.97 630.00
618.00 629.03
617.00 629.03
616.97 629.00
616.00 628.03
615.97 628.00
615.00 627.03
614.00 627.03
613.97 627.00
613.00 626.03
612.00 626.03
611.97 626.00
611.00 625.03
610.00 625.03
609.97 625.00
609.00 624.03
608.00 624.03
607.00 624.03
606.97 624.00
606.00 623.03
605.00 623.03
604.00 623.03
603.00 623.03
602.00 623.03
601.00 623.03
600.97 623.00
600.00 622.03
599.00 622.03
598.00 622.03
597.00 622.03
596.00 622.03
595.03 623.00
595.00 623.03
594.00 623.03
593.00 623.03
592.00 623.03
591.00 623.03
590.00 623.03
589.03 624.00
589.00 624.03
588.00 624.03
587.00 624.03
586.00 624.03
585.03 625.00
585.00 625.03
584.00 625.03
583.03 626.00
583.00 626.03
582.03 627.00
582.00 627.03
581.03 628.00
581.00 628.03
580.03 629.00
580.00 629.03
579.03 630.00
579.00 630.03
578.03 631.00
578.00 631.03
577.03 632.00
577.00 632.03
576.03 633.00
576.03 634.00
576.00 634.03
575.03 635.00
575.03 636.00
575.00 636.03
574.03 637.00
574.03 638.00
574.00 638.03
573.03 639.00
573.03 640.00
573.03 641.00
573.00 641.03
572.03 642.00
572.03 643.00
572.03 644.00
572.00 644.03
571.03 645.00
571.03 646.00
571.03 647.00
571.03 648.00
571.00 648.03
570.03 649.00
570.03 650.00
570.03 651.00
570.03 652.00
570.03 653.00
570.03 654.00
570.03 655.00
570.03 656.00
570.03 657.00
570.03 658.00
570.03 659.00
570.03 660.00
571.00 660.97
571.03 661.00
571.03 662.00
571.03 663.00
571.03 664.00
572.00 664.97
572.03 665.00
572.03 666.00
573.00 666.97
573.03 667.00
573.03 668.00
574.00 668.97
574.03 669.00
575.00 669.97
575.03 670.00
575.03 671.00
576.00 671.97
576.03 672.00
576.03 673.00
577.00 673.97
577.03 674.00
578.00 674.97
578.03 675.00
579.00 675.97
579.03 676.00
579.03 677.00
580.00 677.97
580.03 678.00
581.00 678.97
581.03 679.00
582.00 679.97
583.00 679.97
583.03 680.00
584.00 680.97
584.03 681.00
585.00 681.97
586.00 681.97
586.03 682.00
587.00 682.97
588.00 682.97
588.03 683.00
589.00 683.97
590.00 683.97
590.03 684.00
591.00 684.97
592.00 684.97
592.03 685.00
593.00 685.97
594.00 685.97
595.00 685.97
596.00 685.97
596.03 686.00
597.00 686.97
598.00 686.97
599.00 686.97
600.00 686.97
601.00 686.97
602.00 686.97
603.00 686.97
604.00 686.97
605.00 686.97
606.00 686.97
607.00 686.97
608.00 686.97
609.00 686.97
610.00 686.97
611.00 686.97
612.00 686.97
613.00 686.97
614.00 686.97
614.97 686.00
615.00 685.97
616.00 685.97
616.97 685.00
617.00 684.97
618.00 684.97
618.97 684.00
619.00 683.97
620.00 683.97
620.97 683.00
621.00 682.97
621.97 682.00
622.00 681.97
622.97 681.00
623.00 680.97
623.97 680.00
624.00 679.97
625.00 679.97
625.97 679.00
626.00 678.97
626.97 678.00
626.97 677.00
627.00 676.97
627.97 676.00
628.00 675.97
628.97 675.00
628.97 674.00
629.00 673.97
629.97 673.00
629.97 672.00
630.00 671.97
630.97 671.00
630.97 670.00
630.97 669.00
631.00 668.97
631.97 668.00
631.97 667.00
631.97 666.00
631.97 665.00
631.97 664.00
632.00 663.97
632.97 663.00
632.97 662.00
632.97 661.00
632.97 660.00
633.00 659.97
633.97 659.00

Contour 17:
655.97 489.00
655.97 488.00
655.97 487.00
655.97 486.00
655.97 485.00
655.97 484.00
655.97 483.00
655.97 482.00
655.97 481.00
655.97 480.00
655.97 479.00
655.97 478.00
655.97 477.00
655.97 476.00
655.97 475.00
655.97 474.00
655.97 473.00
655.00 472.03
654.97 472.00
654.97 471.00
654.97 470.00
654.97 469.00
654.00 468.03
653.97 468.00
653.97 467.00
653.00 466.03
652.97 466.00
652.97 465.00
652.00 464.03
651.97 464.00
651.97 463.00
651.00 462.03
650.97 462.00
650.00 461.03
649.97 461.00
649.97 460.00
649.00 459.03
648.97 459.00
648.97 458.00
648.00 457.03
647.97 457.00
647.97 456.00
647.00 455.03
646.97 455.00
646.00 454.03
645.97 454.00
645.97 453.00
645.00 452.03
644.97 452.00
644.00 451.03
643.97 451.00
643.00 450.03
642.97 450.00
642.00 449.03
641.97 449.00
641.00 448.03
640.97 448.00
640.00 447.03
639.00 447.03
638.97 447.00
638.00 446.03
637.97 446.00
637.00 445.03
636.00 445.03
635.00 445.03
634.97 445.00
634.00 444.03
633.00 444.03
632.00 444.03
631.00 444.03
630.00 444.03
629.00 444.03
628.00 444.03
627.00 444.03
626.00 444.03
625.00 444.03
624.00 444.03
623.03 445.00
623.00 445.03
622.00 445.03
621.00 445.03
620.00 445.03
619.03 446.00
619.00 446.03
618.00 446.03
617.00 446.03
616.03 447.00
616.00 447.03
615.00 447.03
614.00 447.03
613.03 448.00
613.00 448.03
612.00 448.03
611.03 449.00
611.00 449.03
610.00 449.03
609.03 450.00
609.00 450.03
608.03 451.00
608.00 451.03
607.03 452.00
607.00 452.03
606.03 453.00
606.00 453.03
605.00 453.03
604.03 454.00
604.00 454.03
603.03 455.00
603.00 455.03
602.03 456.00
602.00 456.03
601.03 457.00
601.03 458.00
601.00 458.03
600.03 459.00
600.00 459.03
599.03 460.00
599.00 460.03
598.03 461.00
598.03 462.00
598.00 462.03
597.03 463.00
597.03 464.00
597.00 464.03
596.03 465.00
596.03 466.00
596.03 467.00
596.03 468.00
596.03 469.00
596.03 470.00
596.03 471.00
596.00 471.03
595.03 472.00
595.03 473.00
596.00 473.97
596.03 474.00
596.03 475.00
596.03 476.00
596.03 477.00
596.03 478.00
596.03 479.00
597.00 479.97
597.03 480.00
597.03 481.00
597.03 482.00
598.00 482.97
598.03 483.00
598.03 484.00
599.00 484.97
599.03 485.00
599.03 486.00
600.00 486.97
600.03 487.00
600.03 488.00
601.00 488.97
601.03 489.00
602.00 489.97
602.03 490.00
603.00 490.97
603.03 491.00
604.00 491.97
604.03 492.00
605.00 492.97
605.03 493.00
606.00 493.97
606.03 494.00
607.00 494.97
607.03 495.00
608.00 495.97
609.00 495.97
609.03 496.00
610.00 496.97
610.03 497.00
611.00 497.97
612.00 497.97
612.03 498.00
613.00 498.97
613.03 499.00
614.00 499.97
614.03 500.00
615.00 500.97
616.00 500.97
616.03 501.00
617.00 501.97
618.00 501.97
618.03 502.00
619.00 502.97
620.00 502.97
620.03 503.00
621.00 503.97
622.00 503.97
623.00 503.97
624.00 503.97
624.03 504.00
625.00 504.97
626.00 504.97
627.00 504.97
628.00 504.97
629.00 504.97
630.00 504.97
631.00 504.97
632.00 504.97
633.00 504.97
634.00 504.97
634.97 504.00
635.00 503.97
636.00 503.97
637.00 503.97
638.00 503.97
639.00 503.97
640.00 503.97
640.97 503.00
641.00 502.97
642.00 502.97
642.97 502.00
643.00 501.97
643.97 501.00
643.97 500.00
644.00 499.97
644.97 499.00
645.00 498.97
646.00 498.97
647.00 498.97
647.97 498.00
648.00 497.97
648.97 497.00
649.00 496.97
649.97 496.00
650.00 495.97
651.00 495.97
651.97 495.00
652.00 494.97
653.00 494.97
653.97 494.00
653.97 493.00
654.00 492.97
654.97 492.00
654.97 491.00
654.97 490.00
655.00 489.97
655.97 489.00

Contour 18:
670.97 324.00
670.97 323.00
670.97 322.00
670.97 321.00
670.97 320.00
670.97 319.00
670.97 318.00
670.97 317.00
670.97 316.00
670.97 315.00
670.97 314.00
670.97 313.00
670.97 312.00
670.97 311.00
670.97 310.00
670.97 309.00
670.00 308.03
669.97 308.00
669.97 307.00
669.97 306.00
669.97 305.00
669.00 304.03
668.97 304.00
668.00 303.03
667.97 303.00
667.97 302.00
667.00 301.03
666.97 301.00
666.00 300.03
665.97 300.00
665.00 299.03
664.97 299.00
664.00 298.03
663.97 298.00
663.00 297.03
662.97 297.00
662.00 296.03
661.97 296.00
661.00 295.03
660.97 295.00
660.00 294.03
659.97 294.00
659.00 293.03
658.00 293.03
657.97 293.00
657.00 292.03
656.00 292.03
655.97 292.00
655.00 291.03
654.97 291.00
654.00 290.03
653.00 290.03
652.97 290.00
652.00 289.03
651.00 289.03
650.97 289.00
650.00 288.03
649.00 288.03
648.97 288.00
648.00 287.03
647.00 287.03
646.00 287.03
645.00 287.03
644.97 287.00
644.00 286.03
643.00 286.03
642.00 286.03
641.00 286.03
640.00 286.03
639.00 286.03
638.00 286.03
637.00 286.03
636.00 286.03
635.00 286.03
634.00 286.03
633.00 286.03
632.00 286.03
631.00 286.03
630.00 286.03
629.00 286.03
628.00 286.03
627.03 287.00
627.00 287.03
626.00 287.03
625.00 287.03
624.00 287.03
623.03 288.00
623.00 288.03
622.00 288.03
621.03 289.00
621.00 289.03
620.00 289.03
619.03 290.00
619.00 290.03
618.00 290.03
617.03 291.00
617.00 291.03
616.00 291.03
615.03 292.00
615.00 292.03
614.03 293.00
614.00 293.03
613.00 293.03
612.03 294.00
612.00 294.03
611.03 295.00
611.00 295.03
610.03 296.00
610.00 296.03
609.03 297.00
609.00 297.03
608.03 298.00
608.00 298.03
607.03 299.00
607.03 300.00
607.00 300.03
606.03 301.00
606.03 302.00
606.03 303.00
606.03 304.00
606.00 304.03
605.03 305.00
605.03 306.00
605.03 307.00
605.03 308.00
605.03 309.00
606.00 309.97
606.03 310.00
606.03 311.00
606.03 312.00
606.03 313.00
606.03 314.00
606.03 315.00
607.00 315.97
607.03 316.00
607.03 317.00
607.03 318.00
607.03 319.00
608.00 319.97
608.03 320.00
608.03 321.00
608.03 322.00
609.00 322.97
609.03 323.00
609.03 324.00
610.00 324.97
610.03 325.00
610.03 326.00
611.00 326.97
611.03 327.00
612.00 327.97
612.03 328.00
612.03 329.00
613.00 329.97
613.03 330.00
614.00 330.97
614.03 331.00
615.00 331.97
615.03 332.00
616.00 332.97
616.03 333.00
617.00 333.97
618.00 333.97
618.03 334.00
619.00 334.97
620.00 334.97
620.03 335.00
621.00 335.97
622.00 335.97
622.03 336.00
623.00 336.97
624.00 336.97
624.03 337.00
625.00 337.97
626.00 337.97
626.03 338.00
627.00 338.97
628.00 338.97
629.00 338.97
629.03 339.00
630.00 339.97
631.00 339.97
632.00 339.97
632.03 340.00
633.00 340.97
634.00 340.97
635.00 340.97
636.00 340.97
636.03 341.00
637.00 341.97
638.00 341.97
639.00 341.97
639.03 342.00
640.00 342.97
641.00 342.97
642.00 342.97
643.00 342.97
644.00 342.97
644.03 343.00
645.00 343.97
646.00 343.97
647.00 343.97
648.00 343.97
649.00 343.97
650.00 343.97
651.00 343.97
652.00 343.97
653.00 343.97
653.97 343.00
654.00 342.97
655.00 342.97
656.00 342.97
656.97 342.00
657.00 341.97
658.00 341.97
658.97 341.00
659.00 340.97
659.97 340.00
660.00 339.97
661.00 339.97
661.97 339.00
662.00 338.97
662.97 338.00
663.00 337.97
663.97 337.00
664.00 336.97
664.97 336.00
665.00 335.97
665.97 335.00
666.00 334.97
666.97 334.00
667.00 333.97
667.97 333.00
667.97 332.00
668.00 331.97
668.97 331.00
668.97 330.00
668.97 329.00
669.00 328.97
669.97 328.00
669.97 327.00
669.97 326.00
669.97 325.00
670.00 324.97
670.97 324.00

Contour 19:
717.97 425.00
717.97 424.00
717.97 423.00
717.97 422.00
717.97 421.00
717.97 420.00
717.97 419.00
717.00 418.03
716.97 418.00
716.97 417.00
716.97 416.00
716.00 415.03
715.97 415.00
715.97 414.00
715.00 413.03
714.97 413.00
714.00 412.03
713.97 412.00
713.97 411.00
713.00 410.03
712.97 410.00
712.00 409.03
711.97 409.00
711.97 408.00
711.00 407.03
710.97 407.00
710.00 406.03
709.97 406.00
709.00 405.03
708.97 405.00
708.00 404.03
707.97 404.00
707.00 403.03
706.97 403.00
706.00 402.03
705.97 402.00
705.00 401.03
704.97 401.00
704.00 400.03
703.00 400.03
702.97 400.00
702.00 399.03
701.97 399.00
701.00 398.03
700.97 398.00
700.00 397.03
699.97 397.00
699.00 396.03
698.00 396.03
697.97 396.00
697.00 395.03
696.97 395.00
696.00 394.03
695.00 394.03
694.97 394.00
694.00 393.03
693.97 393.00
693.00 392.03
692.00 392.03
691.97 392.00
691.00 391.03
690.00 391.03
689.97 391.00
689.00 390.03
688.00 390.03
687.97 390.00
687.00 389.03
686.00 389.03
685.97 389.00
685.00 388.03
684.00 388.03
683.00 388.03
682.00 388.03
681.00 388.03
680.00 388.03
679.00 388.03
678.00 388.03
677.00 388.03
676.00 388.03
675.00 388.03
674.00 388.03
673.03 389.00
673.00 389.03
672.00 389.03
671.00 389.03
670.03 390.00
670.00 390.03
669.00 390.03
668.03 391.00
668.00 391.03
667.00 391.03
666.00 391.03
665.03 392.00
665.00 392.03
664.00 392.03
663.03 393.00
663.00 393.03
662.03 394.00
662.00 394.03
661.03 395.00
661.00 395.03
660.03 396.00
660.00 396.03
659.03 397.00
659.00 397.03
658.03 398.00
658.00 398.03
657.03 399.00
657.03 400.00
657.00 400.03
656.03 401.00
656.03 402.00
656.03 403.00
656.00 403.03
655.03 404.00
655.03 405.00
655.03 406.00
655.00 406.03
654.03 407.00
654.03 408.00
654.03 409.00
654.03 410.00
654.03 411.00
654.03 412.00
654.03 413.00
654.03 414.00
654.03 415.00
654.03 416.00
654.03 417.00
654.03 418.00
655.00 418.97
655.03 419.00
655.03 420.00
655.03 421.00
656.00 421.97
656.03 422.00
656.03 423.00
657.00 423.97
657.03 424.00
657.03 425.00
658.00 425.97
658.03 426.00
658.03 427.00
659.00 427.97
659.03 428.00
659.03 429.00
660.00 429.97
660.03 430.00
661.00 430.97
661.03 431.00
661.03 432.00
662.00 432.97
662.03 433.00
663.00 433.97
663.03 434.00
664.00 434.97
664.03 435.00
665.00 435.97
666.00 435.97
666.03 436.00
667.00 436.97
667.03 437.00
668.00 437.97
669.00 437.97
669.03 438.00
670.00 438.97
671.00 438.97
671.03 439.00
672.00 439.97
673.00 439.97
673.03 440.00
674.00 440.97
675.00 440.97
676.00 440.97
677.00 440.97
677.03 441.00
678.00 441.97
679.00 441.97
680.00 441.97
681.00 441.97
682.00 441.97
683.00 441.97
684.00 441.97
684.03 442.00
685.00 442.97
686.00 442.97
687.00 442.97
688.00 442.97
689.00 442.97
690.00 442.97
691.00 442.97
692.00 442.97
693.00 442.97
694.00 442.97
694.97 442.00
695.00 441.97
696.00 441.97
697.00 441.97
698.00 441.97
699.00 441.97
699.97 441.00
700.00 440.97
701.00 440.97
702.00 440.97
703.00 440.97
703.97 440.00
704.00 439.97
705.00 439.97
705.97 439.00
706.00 438.97
707.00 438.97
708.00 438.97
708.97 438.00
709.00 437.97
709.97 437.00
710.00 436.97
710.97 436.00
711.00 435.97
711.97 435.00
712.00 434.97
712.97 434.00
713.00 433.97
713.97 433.00
714.00 432.97
714.97 432.00
714.97 431.00
715.00 430.97
715.97 430.00
715.97 429.00
716.00 428.97
716.97 428.00
716.97 427.00
716.97 426.00
717.00 425.97
717.97 425.00

Contour 20:
781.98 879.00
781.98 878.00
781.00 877.02
780.98 877.00
780.98 876.00
780.98 875.00
780.00 874.02
779.98 874.00
779.98 873.00
779.98 872.00
779.98 871.00
779.00 870.02
778.98 870.00
778.00 869.02
777.98 869.00
777.00 868.02
776.00 868.02
775.98 868.00
775.98 867.00
775.98 866.00
775.00 865.02
774.98 865.00
774.98 864.00
774.98 863.00
774.00 862.02
773.98 862.00
774.00 861.98
774.98 861.00
774.98 860.00
774.98 859.00
774.98 858.00
774.00 857.02
773.98 857.00
773.00 856.02
772.98 856.00
772.00 855.02
771.00 855.02
770.98 855.00
770.00 854.02
769.00 854.02
768.00 854.02
767.98 854.00
767.00 853.02
766.98 853.00
766.00 852.02
765.00 852.02
764.98 852.00
764.00 851.02
763.00 851.02
762.00 851.02
761.00 851.02
760.00 851.02
759.00 851.02
758.00 851.02
757.00 851.02
756.00 851.02
755.00 851.02
754.00 851.02
753.00 851.02
752.02 852.00
752.00 852.02
751.00 852.02
750.00 852.02
749.00 852.02
748.00 852.02
747.02 853.00
747.00 853.02
746.00 853.02
745.02 854.00
745.00 854.02
744.02 855.00
744.00 855.02
743.00 855.02
742.02 856.00
742.00 856.02
741.02 857.00
741.00 857.02
740.02 858.00
740.00 858.02
739.02 859.00
739.00 859.02
738.02 860.00
738.02 861.00
738.00 861.02
737.02 862.00
737.02 863.00
737.00 863.02
736.02 864.00
736.00 864.02
735.02 865.00
735.00 865.02
734.02 866.00
734.00 866.02
733.02 867.00
733.02 868.00
733.00 868.02
732.02 869.00
732.00 869.02
731.02 870.00
731.00 870.02
730.02 871.00
730.00 871.02
729.00 871.02
728.00 871.02
727.00 871.02
726.98 871.00
726.00 870.02
725.98 870.00
725.98 869.00
725.00 868.02
724.98 868.00
724.00 867.02
723.98 867.00
723.00 866.02
722.98 866.00
722.00 865.02
721.98 865.00
721.00 864.02
720.98 864.00
720.00 863.02
719.98 863.00
719.00 862.02
718.98 862.00
718.00 861.02
717.00 861.02
716.98 861.00
716.00 860.02
715.00 860.02
714.98 860.00
714.00 859.02
713.00 859.02
712.00 859.02
711.00 859.02
710.98 859.00
710.00 858.02
709.00 858.02
708.00 858.02
707.02 859.00
707.00 859.02
706.00 859.02
705.00 859.02
704.00 859.02
703.00 859.02
702.02 860.00
702.00 860.02
701.00 860.02
700.00 860.02
699.02 861.00
699.00 861.02
698.00 861.02
697.00 861.02
696.00 861.02
695.02 862.00
695.00 862.02
694.00 862.02
693.02 863.00
693.00 863.02
692.00 863.02
691.02 864.00
691.00 864.02
690.00 864.02
689.02 865.00
689.00 865.02
688.02 866.00
688.00 866.02
687.00 866.02
686.02 867.00
686.00 867.02
685.02 868.00
685.00 868.02
684.02 869.00
684.02 870.00
684.00 870.02
683.02 871.00
683.00 871.02
682.02 872.00
682.00 872.02
681.02 873.00
681.02 874.00
681.00 874.02
680.02 875.00
680.02 876.00
680.00 876.02
679.02 877.00
679.02 878.00
679.00 878.02
678.02 879.00
678.00 879.02
677.02 880.00
677.00 880.02
676.02 881.00
676.02 882.00
676.02 883.00
676.00 883.02
675.02 884.00
675.02 885.00
675.02 886.00
675.00 886.02
674.02 887.00
674.02 888.00
674.02 889.00
674.02 890.00
674.00 890.02
673.02 891.00
673.02 892.00
673.02 893.00
673.02 894.00
673.02 895.00
674.00 895.98
674.02 896.00
674.02 897.00
674.02 898.00
674.02 899.00
674.02 900.00
675.00 900.98
675.02 901.00
675.02 902.00
675.02 903.00
676.00 903.98
676.02 904.00
676.02 905.00
676.02 906.00
677.00 906.98
677.02 907.00
678.00 907.98
678.02 908.00
678.02 909.00
679.00 909.98
679.02 910.00
680.00 910.98
680.02 911.00
680.02 912.00
681.00 912.98
681.02 913.00
682.00 913.98
682.02 914.00
682.02 915.00
683.00 915.98
683.02 916.00
684.00 916.98
684.02 917.00
685.00 917.98
685.02 918.00
686.00 918.98
686.02 919.00
687.00 919.98
687.02 920.00
688.00 920.98
688.02 921.00
689.00 921.98
690.00 921.98
690.02 922.00
691.00 922.98
691.02 923.00
692.00 923.98
692.02 924.00
693.00 924.98
694.00 924.98
694.02 925.00
695.00 925.98
695.02 926.00
696.00 926.98
697.00 926.98
697.02 927.00
698.00 927.98
699.00 927.98
700.00 927.98
700.02 928.00
701.00 928.98
702.00 928.98
703.00 928.98
704.00 928.98
705.00 928.98
706.00 928.98
707.00 928.98
708.00 928.98
709.00 928.98
709.98 928.00
710.00 927.98
711.00 927.98
712.00 927.98
712.98 927.00
713.00 926.98
714.00 926.98
715.00 926.98
715.98 926.00
716.00 925.98
717.00 925.98
717.98 925.00
718.00 924.98
718.98 924.00
719.00 923.98
720.00 923.98
720.98 923.00
721.00 922.98
722.00 922.98
722.98 922.00
723.00 921.98
723.98 921.00
724.00 920.98
724.98 920.00
725.00 919.98
725.98 919.00
726.00 918.98
726.98 918.00
727.00 917.98
727.98 917.00
727.98 916.00
728.00 915.98
728.98 915.00
729.00 914.98
729.98 914.00
730.00 913.98
730.98 913.00
730.98 912.00
731.00 911.98
731.98 911.00
731.98 910.00
732.00 909.98
732.98 909.00
733.00 908.98
733.98 908.00
734.00 907.98
735.00 907.98
736.00 907.98
737.00 907.98
737.02 908.00
738.00 908.98
738.02 909.00
739.00 909.98
740.00 909.98
740.02 910.00
741.00 910.98
741.02 911.00
742.00 911.98
743.00 911.98
743.02 912.00
744.00 912.98
745.00 912.98
745.02 913.00
746.00 913.98
747.00 913.98
748.00 913.98
749.00 913.98
749.02 914.00
750.00 914.98
751.00 914.98
752.00 914.98
753.00 914.98
754.00 914.98
755.00 914.98
755.98 914.00
756.00 913.98
757.00 913.98
758.00 913.98
759.00 913.98
760.00 913.98
760.98 913.00
761.00 912.98
762.00 912.98
763.00 912.98
764.00 912.98
764.98 912.00
765.00 911.98
766.00 911.98
767.00 911.98
767.98 911.00
768.00 910.98
769.00 910.98
769.98 910.00
770.00 909.98
771.00 909.98
771.98 909.00
772.00 908.98
772.98 908.00
773.00 907.98
773.98 907.00
774.00 906.98
774.98 906.00
775.00 905.98
775.98 905.00
776.00 904.98
776.98 904.00
776.98 903.00
777.00 902.98
777.98 902.00
777.98 901.00
777.98 900.00
778.00 899.98
778.98 899.00
778.98 898.00
778.98 897.00
778.98 896.00
779.00 895.98
779.98 895.00
779.98 894.00
779.98 893.00
779.98 892.00
779.98 891.00
779.00 890.02
778.98 890.00
778.98 889.00
778.98 888.00
779.00 887.98
779.98 887.00
779.98 886.00
779.98 885.00
780.00 884.98
780.98 884.00
780.98 883.00
780.98 882.00
780.98 881.00
780.98 880.00
781.00 879.98
781.98 879.00

Contour 21:
742.98 607.00
742.98 606.00
742.98 605.00
742.98 604.00
742.98 603.00
742.98 602.00
742.98 601.00
742.98 600.00
742.98 599.00
742.98 598.00
742.98 597.00
742.98 596.00
742.98 595.00
742.98 594.00
742.98 593.00
742.98 592.00
742.00 591.02
741.98 591.00
741.98 590.00
741.00 589.02
740.98 589.00
740.00 588.02
739.98 588.00
739.98 587.00
739.00 586.02
738.98 586.00
738.00 585.02
737.98 585.00
737.00 584.02
736.98 584.00
736.00 583.02
735.98 583.00
735.00 582.02
734.98 582.00
734.00 581.02
733.00 581.02
732.98 581.00
732.00 580.02
731.98 580.00
731.00 579.02
730.00 579.02
729.98 579.00
729.00 578.02
728.00 578.02
727.00 578.02
726.98 578.00
726.00 577.02
725.00 577.02
724.00 577.02
723.00 577.02
722.00 577.02
721.00 577.02
720.00 577.02
719.00 577.02
718.00 577.02
717.00 577.02
716.00 577.02
715.00 577.02
714.02 578.00
714.00 578.02
713.00 578.02
712.00 578.02
711.02 579.00
711.00 579.02
710.00 579.02
709.02 580.00
709.00 580.02
708.00 580.02
707.02 581.00
707.00 581.02
706.00 581.02
705.02 582.00
705.00 582.02
704.02 583.00
704.00 583.02
703.00 583.02
702.02 584.00
702.00 584.02
701.02 585.00
701.00 585.02
700.02 586.00
700.00 586.02
699.00 586.02
698.02 587.00
698.00 587.02
697.02 588.00
697.00 588.02
696.02 589.00
696.00 589.02
695.00 589.02
694.02 590.00
694.00 590.02
693.02 591.00
693.00 591.02
692.02 592.00
692.00 592.02
691.02 593.00
691.00 593.02
690.00 593.02
689.02 594.00
689.00 594.02
688.02 595.00
688.00 595.02
687.02 596.00
687.00 596.02
686.02 597.00
686.00 597.02
685.02 598.00
685.00 598.02
684.02 599.00
684.00 599.02
683.02 600.00
683.00 600.02
682.02 601.00
682.02 602.00
682.00 602.02
681.02 603.00
681.00 603.02
680.02 604.00
680.02 605.00
680.00 605.02
679.02 606.00
679.02 607.00
679.00 607.02
678.02 608.00
678.02 609.00
678.00 609.02
677.02 610.00
677.02 611.00
677.02 612.00
677.02 613.00
677.00 613.02
676.02 614.00
676.02 615.00
676.02 616.00
676.02 617.00
676.02 618.00
676.02 619.00
676.02 620.00
676.02 621.00
676.02 622.00
676.02 623.00
676.02 624.00
676.02 625.00
677.00 625.98
677.02 626.00
677.02 627.00
677.02 628.00
678.00 628.98
678.02 629.00
678.02 630.00
678.02 631.00
679.00 631.98
679.02 632.00
679.02 633.00
680.00 633.98
680.02 634.00
681.00 634.98
681.02 635.00
682.00 635.98
682.02 636.00
683.00 636.98
683.02 637.00
684.00 637.98
684.02 638.00
685.00 638.98
685.02 639.00
686.00 639.98
686.02 640.00
687.00 640.98
688.00 640.98
688.02 641.00
689.00 641.98
690.00 641.98
690.02 642.00
691.00 642.98
692.00 642.98
693.00 642.98
693.02 643.00
694.00 643.98
695.00 643.98
696.00 643.98
697.00 643.98
698.00 643.98
699.00 643.98
700.00 643.98
700.02 644.00
701.00 644.98
702.00 644.98
703.00 644.98
704.00 644.98
705.00 644.98
705.98 644.00
706.00 643.98
707.00 643.98
708.00 643.98
709.00 643.98
710.00 643.98
710.98 643.00
711.00 642.98
712.00 642.98
712.98 642.00
713.00 641.98
714.00 641.98
715.00 641.98
715.98 641.00
716.00 640.98
717.00 640.98
717.98 640.00
718.00 639.98
719.00 639.98
719.98 639.00
720.00 638.98
720.98 638.00
721.00 637.98
722.00 637.98
722.98 637.00
723.00 636.98
723.98 636.00
724.00 635.98
724.98 635.00
725.00 634.98
725.98 634.00
726.00 633.98
727.00 633.98
727.98 633.00
728.00 632.98
728.98 632.00
729.00 631.98
729.98 631.00
730.00 630.98
730.98 630.00
731.00 629.98
731.98 629.00
732.00 628.98
732.98 628.00
733.00 627.98
733.98 627.00
733.98 626.00
734.00 625.98
734.98 625.00
735.00 624.98
735.98 624.00
735.98 623.00
736.00 622.98
736.98 622.00
736.98 621.00
737.00 620.98
737.98 620.00
737.98 619.00
737.98 618.00
738.00 617.98
738.98 617.00
738.98 616.00
739.00 615.98
739.98 615.00
739.98 614.00
740.00 613.98
740.98 613.00
740.98 612.00
740.98 611.00
741.00 610.98
741.98 610.00
741.98 609.00
741.98 608.00
742.00 607.98
742.98 607.00

Contour 22:
813.98 470.00
813.98 469.00
813.98 468.00
813.98 467.00
813.98 466.00
813.00 465.02
812.98 465.00
812.98 464.00
812.98 463.00
812.98 462.00
812.00 461.02
811.98 461.00
811.98 460.00
811.00 459.02
810.98 459.00
810.00 458.02
809.98 458.00
809.98 457.00
809.00 456.02
808.98 456.00
808.00 455.02
807.98 455.00
807.00 454.02
806.98 454.00
806.00 453.02
805.00 453.02
804.98 453.00
804.00 452.02
803.98 452.00
803.00 451.02
802.00 451.02
801.98 451.00
801.00 450.02
800.00 450.02
799.00 450.02
798.00 450.02
797.98 450.00
797.00 449.02
796.00 449.02
795.00 449.02
794.00 449.02
793.00 449.02
792.00 449.02
791.02 450.00
791.00 450.02
790.00 450.02
789.00 450.02
788.00 450.02
787.02 451.00
787.00 451.02
786.00 451.02
785.02 452.00
785.00 452.02
784.00 452.02
783.02 453.00
783.00 453.02
782.00 453.02
781.02 454.00
781.00 454.02
780.00 454.02
779.02 455.00
779.00 455.02
778.00 455.02
777.02 456.00
777.00 456.02
776.00 456.02
775.02 457.00
775.00 457.02
774.02 458.00
774.00 458.02
773.00 458.02
772.02 459.00
772.00 459.02
771.00 459.02
770.02 460.00
770.00 460.02
769.02 461.00
769.00 461.02
768.02 462.00
768.00 462.02
767.02 463.00
767.00 463.02
766.00 463.02
765.02 464.00
765.00 464.02
764.02 465.00
764.00 465.02
763.02 466.00
763.00 466.02
762.02 467.00
762.00 467.02
761.02 468.00
761.00 468.02
760.02 469.00
760.00 469.02
759.02 470.00
759.02 471.00
759.00 471.02
758.02 472.00
758.00 472.02
757.02 473.00
757.00 473.02
756.02 474.00
756.02 475.00
756.00 475.02
755.02 476.00
755.02 477.00
755.00 477.02
754.02 478.00
754.02 479.00
754.00 479.02
753.02 480.00
753.00 480.02
752.02 481.00
752.02 482.00
752.02 483.00
752.02 484.00
752.00 484.02
751.02 485.00
751.02 486.00
751.02 487.00
751.02 488.00
751.02 489.00
751.02 490.00
751.02 491.00
751.02 492.00
751.02 493.00
751.02 494.00
752.00 494.98
752.02 495.00
752.02 496.00
752.02 497.00
752.02 498.00
753.00 498.98
753.02 499.00
753.02 500.00
754.00 500.98
754.02 501.00
754.02 502.00
755.00 502.98
755.02 503.00
756.00 503.98
756.02 504.00
757.00 504.98
757.02 505.00
757.02 506.00
758.00 506.98
758.02 507.00
759.00 507.98
760.00 507.98
760.02 508.00
761.00 508.98
761.02 509.00
762.00 509.98
762.02 510.00
763.00 510.98
764.00 510.98
764.02 511.00
765.00 511.98
766.00 511.98
766.02 512.00
767.00 512.98
768.00 512.98
769.00 512.98
769.02 513.00
770.00 513.98
771.00 513.98
772.00 513.98
773.00 513.98
774.00 513.98
775.00 513.98
776.00 513.98
777.00 513.98
778.00 513.98
779.00 513.98
780.00 513.98
780.98 513.00
781.00 512.98
782.00 512.98
783.00 512.98
783.98 512.00
784.00 511.98
784.98 511.00
785.00 510.98
786.00 510.98
786.98 510.00
787.00 509.98
787.98 509.00
788.00 508.98
788.98 508.00
789.00 507.98
789.98 507.00
790.00 506.98
790.98 506.00
791.00 505.98
791.98 505.00
792.00 504.98
792.98 504.00
792.98 503.00
793.00 502.98
793.98 502.00
793.98 501.00
794.00 500.98
794.98 500.00
795.00 499.98
795.98 499.00
796.00 498.98
796.98 498.00
797.00 497.98
797.98 497.00
798.00 496.98
798.98 496.00
798.98 495.00
799.00 494.98
799.98 494.00
800.00 493.98
800.98 493.00
801.00 492.98
801.98 492.00
802.00 491.98
802.98 491.00
802.98 490.00
803.00 489.98
803.98 489.00
804.00 488.98
804.98 488.00
805.00 487.98
805.98 487.00
806.00 486.98
806.98 486.00
806.98 485.00
807.00 484.98
807.98 484.00
808.00 483.98
808.98 483.00
808.98 482.00
809.00 481.98
809.98 481.00
810.00 480.98
810.98 480.00
810.98 479.00
811.00 478.98
811.98 478.00
811.98 477.00
811.98 476.00
812.00 475.98
812.98 475.00
812.98 474.00
812.98 473.00
812.98 472.00
812.98 471.00
813.00 470.98
813.98 470.00

Contour 23:
846.98 751.00
846.98 750.00
846.98 749.00
846.98 748.00
846.98 747.00
846.98 746.00
846.98 745.00
846.98 744.00
846.98 743.00
846.98 742.00
846.98 741.00
846.98 740.00
846.00 739.02
845.98 739.00
845.98 738.00
845.98 737.00
845.98 736.00
845.98 735.00
845.98 734.00
845.98 733.00
845.00 732.02
844.98 732.00
844.98 731.00
844.98 730.00
844.98 729.00
844.00 728.02
843.98 728.00
843.98 727.00
843.00 726.02
842.98 726.00
842.98 725.00
842.98 724.00
842.98 723.00
842.00 722.02
841.98 722.00
841.98 721.00
841.98 720.00
841.00 719.02
840.98 719.00
840.98 718.00
840.98 717.00
840.00 716.02
839.98 716.00
839.00 715.02
838.98 715.00
838.98 714.00
838.98 713.00
838.00 712.02
837.98 712.00
837.98 711.00
837.00 710.02
836.98 710.00
836.00 709.02
835.98 709.00
835.00 708.02
834.00 708.02
833.98 708.00
833.00 707.02
832.00 707.02
831.98 707.00
831.00 706.02
830.00 706.02
829.98 706.00
829.00 705.02
828.00 705.02
827.98 705.00
827.00 704.02
826.00 704.02
825.00 704.02
824.00 704.02
823.00 704.02
822.00 704.02
821.00 704.02
820.00 704.02
819.00 704.02
818.00 704.02
817.02 705.00
817.00 705.02
816.00 705.02
815.00 705.02
814.00 705.02
813.02 706.00
813.00 706.02
812.00 706.02
811.02 707.00
811.00 707.02
810.02 708.00
810.00 708.02
809.00 708.02
808.02 709.00
808.00 709.02
807.02 710.00
807.00 710.02
806.02 711.00
806.00 711.02
805.02 712.00
805.00 712.02
804.02 713.00
804.00 713.02
803.02 714.00
803.02 715.00
803.00 715.02
802.02 716.00
802.00 716.02
801.02 717.00
801.02 718.00
801.00 718.02
800.02 719.00
800.00 719.02
799.02 720.00
799.02 721.00
799.00 721.02
798.02 722.00
798.02 723.00
798.02 724.00
798.00 724.02
797.02 725.00
797.02 726.00
797.00 726.02
796.02 727.00
796.02 728.00
796.02 729.00
796.02 730.00
796.00 730.02
795.02 731.00
795.02 732.00
795.02 733.00
796.00 733.98
796.02 734.00
797.00 734.98
798.00 734.98
799.00 734.98
799.02 735.00
799.02 736.00
799.02 737.00
799.02 738.00
799.02 739.00
799.02 740.00
799.02 741.00
799.02 742.00
799.02 743.00
799.02 744.00
799.02 745.00
799.02 746.00
799.02 747.00
799.02 748.00
799.02 749.00
799.02 750.00
800.00 750.98
800.02 751.00
801.00 751.98
802.00 751.98
802.02 752.00
802.02 753.00
803.00 753.98
803.02 754.00
803.02 755.00
803.02 756.00
803.02 757.00
803.02 758.00
803.02 759.00
803.02 760.00
803.02 761.00
803.02 762.00
803.00 762.02
802.02 763.00
802.02 764.00
803.00 764.98
803.02 765.00
803.02 766.00
804.00 766.98
804.02 767.00
804.02 768.00
804.02 769.00
804.02 770.00
804.02 771.00
804.02 772.00
805.00 772.98
806.00 772.98
806.02 773.00
807.00 773.98
808.00 773.98
809.00 773.98
810.00 773.98
810.02 774.00
811.00 774.98
811.02 775.00
811.02 776.00
812.00 776.98
813.00 776.98
814.00 776.98
814.02 777.00
815.00 777.98
816.00 777.98
817.00 777.98
818.00 777.98
819.00 777.98
820.00 777.98
821.00 777.98
822.00 777.98
823.00 777.98
824.00 777.98
825.00 777.98
826.00 777.98
827.00 777.98
828.00 777.98
829.00 777.98
829.98 777.00
830.00 776.98
831.00 776.98
832.00 776.98
832.98 776.00
833.00 775.98
833.98 775.00
834.00 774.98
834.98 774.00
835.00 773.98
835.98 773.00
836.00 772.98
837.00 772.98
837.98 772.00
838.00 771.98
838.98 771.00
838.98 770.00
839.00 769.98
840.00 769.98
840.98 769.00
840.98 768.00
841.00 767.98
841.98 767.00
841.98 766.00
842.00 765.98
842.98 765.00
843.00 764.98
843.98 764.00
843.98 763.00
844.00 762.98
844.98 762.00
844.98 761.00
844.98 760.00
844.98 759.00
844.98 758.00
845.00 757.98
845.98 757.00
845.98 756.00
845.98 755.00
845.98 754.00
845.98 753.00
845.98 752.00
846.00 751.98
846.98 751.00

Contour 24:
972.98 740.00
972.98 739.00
972.00 738.02
971.98 738.00
971.98 737.00
971.98 736.00
971.98 735.00
971.98 734.00
971.98 733.00
971.00 732.02
970.98 732.00
970.98 731.00
970.98 730.00
970.00 729.02
969.98 729.00
969.98 728.00
969.00 727.02
968.98 727.00
968.98 726.00
968.00 725.02
967.98 725.00
967.00 724.02
966.98 724.00
966.98 723.00
966.00 722.02
965.98 722.00
965.00 721.02
964.98 721.00
964.00 720.02
963.98 720.00
963.98 719.00
963.00 718.02
962.98 718.00
962.00 717.02
961.98 717.00
961.00 716.02
960.98 716.00
960.00 715.02
959.00 715.02
958.98 715.00
958.00 714.02
957.98 714.00
957.00 713.02
956.00 713.02
955.98 713.00
955.00 712.02
954.00 712.02
953.98 712.00
953.00 711.02
952.00 711.02
951.98 711.00
951.00 710.02
950.00 710.02
949.98 710.00
949.00 709.02
948.00 709.02
947.98 709.00
947.00 708.02
946.00 708.02
945.00 708.02
944.98 708.00
944.00 707.02
943.00 707.02
942.00 707.02
941.00 707.02
940.00 707.02
939.98 707.00
939.00 706.02
938.00 706.02
937.00 706.02
936.00 706.02
935.00 706.02
934.00 706.02
933.02 707.00
933.00 707.02
932.00 707.02
931.00 707.02
930.02 708.00
930.00 708.02
929.00 708.02
928.00 708.02
927.02 709.00
927.00 709.02
926.00 709.02
925.00 709.02
924.02 710.00
924.00 710.02
923.00 710.02
922.02 711.00
922.00 711.02
921.00 711.02
920.02 712.00
920.00 712.02
919.00 712.02
918.02 713.00
918.00 713.02
917.02 714.00
917.00 714.02
916.02 715.00
916.00 715.02
915.02 716.00
915.00 716.02
914.02 717.00
914.00 717.02
913.02 718.00
913.00 718.02
912.02 719.00
912.02 720.00
912.00 720.02
911.02 721.00
911.02 722.00
911.02 723.00
911.00 723.02
910.02 724.00
910.02 725.00
910.02 726.00
910.02 727.00
910.00 727.02
909.02 728.00
909.02 729.00
909.02 730.00
909.02 731.00
909.02 732.00
909.02 733.00
909.02 734.00
909.02 735.00
909.02 736.00
909.02 737.00
909.02 738.00
909.02 739.00
909.02 740.00
909.02 741.00
909.02 742.00
909.02 743.00
909.02 744.00
909.02 745.00
910.00 745.98
910.02 746.00
910.02 747.00
910.02 748.00
910.02 749.00
910.02 750.00
910.02 751.00
911.00 751.98
911.02 752.00
911.02 753.00
911.02 754.00
911.02 755.00
912.00 755.98
912.02 756.00
912.02 757.00
913.00 757.98
913.02 758.00
913.02 759.00
914.00 759.98
914.02 760.00
914.02 761.00
915.00 761.98
915.02 762.00
916.00 762.98
916.02 763.00
917.00 763.98
917.02 764.00
918.00 764.98
918.02 765.00
919.00 765.98
919.02 766.00
920.00 766.98
920.02 767.00
921.00 767.98
921.02 768.00
922.00 768.98
923.00 768.98
923.02 769.00
924.00 769.98
924.02 770.00
925.00 770.98
926.00 770.98
926.02 771.00
927.00 771.98
928.00 771.98
929.00 771.98
929.02 772.00
930.00 772.98
931.00 772.98
931.02 773.00
932.00 773.98
933.00 773.98
934.00 773.98
935.00 773.98
936.00 773.98
937.00 773.98
938.00 773.98
939.00 773.98
940.00 773.98
941.00 773.98
942.00 773.98
943.00 773.98
944.00 773.98
945.00 773.98
946.00 773.98
947.00 773.98
947.98 773.00
948.00 772.98
949.00 772.98
950.00 772.98
950.98 772.00
951.00 771.98
952.00 771.98
952.98 771.00
953.00 770.98
953.98 770.00
954.00 769.98
955.00 769.98
955.98 769.00
956.00 768.98
956.98 768.00
957.00 767.98
957.98 767.00
958.00 766.98
958.98 766.00
959.00 765.98
959.98 765.00
960.00 764.98
960.98 764.00
961.00 763.98
961.98 763.00
962.00 762.98
962.98 762.00
963.00 761.98
963.98 761.00
964.00 760.98
964.98 760.00
965.00 759.98
965.98 759.00
966.00 758.98
966.98 758.00
966.98 757.00
967.00 756.98
967.98 756.00
968.00 755.98
968.98 755.00
968.98 754.00
969.00 753.98
969.98 753.00
969.98 752.00
969.98 751.00
970.00 750.98
970.98 750.00
970.98 749.00
970.98 748.00
971.00 747.98
971.98 747.00
971.98 746.00
971.98 745.00
971.98 744.00
971.98 743.00
971.98 742.00
971.98 741.00
972.00 740.98
972.98 740.00

