Contour 0:
0.00 581.50
0.50 582.00
0.50 583.00
1.00 583.50
1.50 584.00
1.50 585.00
2.00 585.50
2.50 586.00
3.00 586.50
3.50 587.00
4.00 587.50
4.50 588.00
5.00 588.50
5.50 589.00
6.00 589.50
7.00 589.50
7.50 590.00
8.00 590.50
8.50 591.00
9.00 591.50
10.00 591.50
10.50 592.00
11.00 592.50
12.00 592.50
12.50 593.00
13.00 593.50
14.00 593.50
15.00 593.50
15.50 594.00
16.00 594.50
17.00 594.50
18.00 594.50
18.50 595.00
19.00 595.50
20.00 595.50
21.00 595.50
22.00 595.50
23.00 595.50
24.00 595.50
25.00 595.50
26.00 595.50
27.00 595.50
28.00 595.50
28.50 595.00
29.00 594.50
30.00 594.50
31.00 594.50
32.00 594.50
33.00 594.50
34.00 594.50
35.00 594.50
35.50 594.00
36.00 593.50
37.00 593.50
38.00 593.50
38.50 593.00
39.00 592.50
40.00 592.50
40.50 592.00
41.00 591.50
42.00 591.50
42.50 591.00
43.00 590.50
43.50 590.00
44.00 589.50
44.50 589.00
45.00 588.50
46.00 588.50
46.50 588.00
47.00 587.50
47.50 587.00
48.00 586.50
48.50 586.00
48.50 585.00
49.00 584.50
49.50 584.00
50.00 583.50
50.50 583.00
51.00 582.50
51.50 582.00
52.00 581.50
52.50 581.00
53.00 580.50
53.50 580.00
53.50 579.00
54.00 578.50
54.50 578.00
55.00 577.50
55.50 577.00
55.50 576.00
55.50 575.00
56.00 574.50
56.50 574.00
56.50 573.00
56.50 572.00
56.50 571.00
56.50 570.00
57.00 569.50
57.50 569.00
57.50 568.00
57.50 567.00
57.50 566.00
57.00 565.50
56.50 565.00
56.50 564.00
56.50 563.00
56.50 562.00
56.50 561.00
56.50 560.00
56.00 559.50
55.50 559.00
55.50 558.00
55.50 557.00
55.50 556.00
55.00 555.50
54.50 555.00
54.50 554.00
54.50 553.00
54.00 552.50
53.50 552.00
53.00 551.50
52.50 551.00
52.50 550.00
52.00 549.50
51.50 549.00
51.00 548.50
50.50 548.00
50.00 547.50
49.50 547.00
49.00 546.50
48.50 546.00
48.00 545.50
47.50 545.00
47.00 544.50
46.50 544.00
46.00 543.50
45.50 543.00
45.00 542.50
44.50 542.00
44.00 541.50
43.50 541.00
43.00 540.50
42.50 540.00
42.00 539.50
41.00 539.50
40.50 539.00
40.00 538.50
39.00 538.50
38.50 538.00
38.00 537.50
37.00 537.50
36.00 537.50
35.50 537.00
35.00 536.50
34.00 536.50
33.00 536.50
32.00 536.50
31.50 536.00
31.00 535.50
30.00 535.50
29.00 535.50
28.00 535.50
27.00 535.50
26.00 535.50
25.00 535.50
24.00 535.50
23.00 535.50
22.00 535.50
21.00 535.50
20.00 535.50
19.00 535.50
18.00 535.50
17.00 535.50
16.50 536.00
16.00 536.50
15.00 536.50
14.00 536.50
13.50 537.00
13.00 537.50
12.00 537.50
11.50 538.00
11.00 538.50
10.00 538.50
9.50 539.00
9.00 539.50
8.00 539.50
7.50 540.00
7.00 540.50
6.50 541.00
6.00 541.50
5.50 542.00
5.00 542.50
4.50 543.00
4.00 543.50
3.00 543.50
2.50 544.00
2.00 544.50
1.50 545.00
1.00 545.50
0.50 546.00
0.00 546.50

Contour 1:
109.75 262.00
109.75 261.00
109.00 260.25
108.75 260.00
108.75 259.00
108.75 258.00
108.75 257.00
108.75 256.00
108.75 255.00
108.75 254.00
108.00 253.25
107.75 253.00
107.75 252.00
107.75 251.00
107.75 250.00
107.00 249.25
106.75 249.00
106.75 248.00
106.75 247.00
106.00 246.25
105.75 246.00
105.75 245.00
105.00 244.25
104.75 244.00
104.75 243.00
104.00 242.25
103.75 242.00
103.75 241.00
103.00 240.25
102.75 240.00
102.00 239.25
101.75 239.00
101.75 238.00
101.00 237.25
100.75 237.00
100.75 236.00
100.00 235.25
99.75 235.00
99.00 234.25
98.75 234.00
98.00 233.25
97.75 233.00
97.00 232.25
96.75 232.00
96.00 231.25
95.75 231.00
95.00 230.25
94.75 230.00
94.00 229.25
93.75 229.00
93.00 228.25
92.75 228.00
92.00 227.25
91.75 227.00
91.00 226.25
90.00 226.25
89.75 226.00
89.00 225.25
88.75 225.00
88.00 224.25
87.00 224.25
86.75 224.00
86.00 223.25
85.75 223.00
85.00 222.25
84.00 222.25
83.75 222.00
83.00 221.25
82.00 221.25
81.00 221.25
80.75 221.00
80.00 220.25
79.00 220.25
78.75 220.00
78.00 219.25
77.00 219.25
76.00 219.25
75.75 219.00
75.00 218.25
74.00 218.25
73.00 218.25
72.00 218.25
71.00 218.25
70.75 218.00
70.00 217.25
69.00 217.25
68.25 218.00
68.00 218.25
67.00 218.25
66.00 218.25
65.00 218.25
64.25 219.00
64.00 219.25
63.00 219.25
62.25 220.00
62.00 220.25
61.00 220.25
60.00 220.25
59.25 221.00
59.00 221.25
58.00 221.25
57.00 221.25
56.25 222.00
56.00 222.25
55.00 222.25
54.25 223.00
54.00 223.25
53.00 223.25
52.25 224.00
52.00 224.25
51.00 224.25
50.25 225.00
50.00 225.25
49.00 225.25
48.25 226.00
48.00 226.25
47.25 227.00
47.00 227.25
46.25 228.00
46.00 228.25
45.25 229.00
45.00 229.25
44.25 230.00
44.00 230.25
43.25 231.00
43.00 231.25
42.25 232.00
42.25 233.00
42.00 233.25
41.25 234.00
41.00 234.25
40.25 235.00
40.00 235.25
39.25 236.00
39.25 237.00
39.00 237.25
38.25 238.00
38.00 238.25
37.25 239.00
37.25 240.00
37.00 240.25
36.25 241.00
36.25 242.00
36.25 243.00
36.00 243.25
35.25 244.00
35.25 245.00
35.25 246.00
35.00 246.25
34.25 247.00
34.25 248.00
34.25 249.00
34.25 250.00
34.25 251.00
34.25 252.00
34.00 252.25
33.25 253.00
33.25 254.00
33.25 255.00
33.25 256.00
34.00 256.75
34.25 257.00
34.25 258.00
34.25 259.00
34.25 260.00
34.25 261.00
35.00 261.75
35.25 262.00
35.25 263.00
35.25 264.00
36.00 264.75
36.25 265.00
36.25 266.00
37.00 266.75
37.25 267.00
38.00 267.75
38.25 268.00
39.00 268.75
39.25 269.00
39.25 270.00
40.00 270.75
40.25 271.00
41.00 271.75
41.25 272.00
42.00 272.75
42.25 273.00
43.00 273.75
43.25 274.00
44.00 274.75
44.25 275.00
45.00 275.75
45.25 276.00
46.00 276.75
46.25 277.00
47.00 277.75
47.25 278.00
48.00 278.75
48.25 279.00
49.00 279.75
50.00 279.75
50.25 280.00
51.00 280.75
52.00 280.75
52.25 281.00
53.00 281.75
54.00 281.75
55.00 281.75
55.25 282.00
56.00 282.75
57.00 282.75
58.00 282.75
59.00 282.75
59.25 283.00
60.00 283.75
61.00 283.75
62.00 283.75
63.00 283.75
64.00 283.75
64.25 284.00
65.00 284.75
66.00 284.75
67.00 284.75
68.00 284.75
69.00 284.75
69.25 285.00
70.00 285.75
71.00 285.75
72.00 285.75
73.00 285.75
74.00 285.75
75.00 285.75
76.00 285.75
77.00 285.75
78.00 285.75
79.00 285.75
80.00 285.75
80.25 286.00
81.00 286.75
82.00 286.75
83.00 286.75
84.00 286.75
84.75 286.00
85.00 285.75
86.00 285.75
87.00 285.75
88.00 285.75
89.00 285.75
90.00 285.75
90.75 285.00
91.00 284.75
92.00 284.75
93.00 284.75
94.00 284.75
94.75 284.00
95.00 283.75
95.75 283.00
96.00 282.75
97.00 282.75
97.75 282.00
98.00 281.75
99.00 281.75
99.75 281.00
100.00 280.75
101.00 280.75
101.75 280.00
102.00 279.75
102.75 279.00
103.00 278.75
103.75 278.00
104.00 277.75
104.75 277.00
104.75 276.00
105.00 275.75
105.75 275.00
106.00 274.75
106.75 274.00
106.75 273.00
106.75 272.00
107.00 271.75
107.75 271.00
107.75 270.00
107.75 269.00
107.75 268.00
108.00 267.75
108.75 267.00
108.75 266.00
108.75 265.00
108.75 264.00
108.75 263.00
109.00 262.75
109.75 262.00

Contour 2:
181.83 120.00
181.83 119.00
181.83 118.00
181.83 117.00
181.83 116.00
181.83 115.00
181.83 114.00
181.83 113.00
181.83 112.00
181.83 111.00
181.83 110.00
181.83 109.00
181.83 108.00
181.83 107.00
181.83 106.00
181.83 105.00
181.00 104.17
180.83 104.00
180.83 103.00
180.83 102.00
180.83 101.00
180.83 100.00
180.83 99.00
180.83 98.00
180.83 97.00
180.83 96.00
180.83 95.00
180.00 94.17
179.83 94.00
179.83 93.00
179.83 92.00
179.00 91.17
178.83 91.00
178.83 90.00
178.83 89.00
178.00 88.17
177.83 88.00
177.83 87.00
177.83 86.00
177.00 85.17
176.83 85.00
176.83 84.00
176.00 83.17
175.83 83.00
175.00 82.17
174.83 82.00
174.83 81.00
174.00 80.17
173.83 80.00
173.83 79.00
173.00 78.17
172.83 78.00
172.00 77.17
171.83 77.00
171.00 76.17
170.83 76.00
170.00 75.17
169.00 75.17
168.83 75.00
168.00 74.17
167.83 74.00
167.00 73.17
166.00 73.17
165.83 73.00
165.00 72.17
164.83 72.00
164.00 71.17
163.83 71.00
163.00 70.17
162.83 70.00
162.00 69.17
161.00 69.17
160.83 69.00
160.00 68.17
159.83 68.00
159.00 67.17
158.00 67.17
157.00 67.17
156.83 67.00
156.00 66.17
155.00 66.17
154.00 66.17
153.83 66.00
153.00 65.17
152.00 65.17
151.00 65.17
150.00 65.17
149.00 65.17
148.00 65.17
147.00 65.17
146.00 65.17
145.00 65.17
144.17 66.00
144.00 66.17
143.00 66.17
142.00 66.17
141.00 66.17
140.17 67.00
140.00 67.17
139.00 67.17
138.00 67.17
137.17 68.00
137.00 68.17
136.00 68.17
135.17 69.00
135.00 69.17
134.00 69.17
133.17 70.00
133.00 70.17
132.17 71.00
132.00 71.17
131.00 71.17
130.17 72.00
130.00 72.17
129.17 73.00
129.00 73.17
128.17 74.00
128.00 74.17
127.00 74.17
126.17 75.00
126.00 75.17
125.17 76.00
125.00 76.17
124.00 76.17
123.17 77.00
123.00 77.17
122.17 78.00
122.00 78.17
121.17 79.00
121.00 79.17
120.17 80.00
120.00 80.17
119.17 81.00
119.00 81.17
118.00 81.17
117.17 82.00
117.00 82.17
116.17 83.00
116.17 84.00
116.00 84.17
115.17 85.00
115.00 85.17
114.17 86.00
114.00 86.17
113.17 87.00
113.17 88.00
113.00 88.17
112.17 89.00
112.17 90.00
112.00 90.17
111.17 91.00
111.00 91.17
110.17 92.00
110.17 93.00
110.00 93.17
109.17 94.00
109.17 95.00
109.00 95.17
108.17 96.00
108.17 97.00
108.00 97.17
107.17 98.00
107.17 99.00
107.17 100.00
107.00 100.17
106.17 101.00
106.17 102.00
106.17 103.00
106.17 104.00
106.00 104.17
105.17 105.00
105.17 106.00
105.17 107.00
105.17 108.00
105.17 109.00
105.17 110.00
105.17 111.00
105.17 112.00
105.17 113.00
105.17 114.00
105.17 115.00
106.00 115.83
106.17 116.00
106.17 117.00
106.17 118.00
106.17 119.00
106.17 120.00
106.17 121.00
106.17 122.00
107.00 122.83
107.17 123.00
107.17 124.00
107.17 125.00
107.17 126.00
107.17 127.00
108.00 127.83
108.17 128.00
108.17 129.00
109.00 129.83
109.17 130.00
109.17 131.00
110.00 131.83
110.17 132.00
110.17 133.00
111.00 133.83
111.17 134.00
111.17 135.00
112.00 135.83
112.17 136.00
112.17 137.00
113.00 137.83
113.17 138.00
113.17 139.00
114.00 139.83
114.17 140.00
114.17 141.00
115.00 141.83
115.17 142.00
115.17 143.00
116.00 143.83
116.17 144.00
117.00 144.83
117.17 145.00
118.00 145.83
118.17 146.00
119.00 146.83
119.17 147.00
120.00 147.83
120.17 148.00
121.00 148.83
121.17 149.00
122.00 149.83
123.00 149.83
123.17 150.00
124.00 150.83
125.00 150.83
125.17 151.00
126.00 151.83
127.00 151.83
127.17 152.00
128.00 152.83
129.00 152.83
130.00 152.83
130.17 153.00
131.00 153.83
132.00 153.83
133.00 153.83
134.00 153.83
134.17 154.00
135.00 154.83
136.00 154.83
137.00 154.83
138.00 154.83
139.00 154.83
140.00 154.83
140.83 154.00
141.00 153.83
142.00 153.83
143.00 153.83
144.00 153.83
145.00 153.83
146.00 153.83
146.83 153.00
147.00 152.83
148.00 152.83
149.00 152.83
150.00 152.83
150.83 152.00
151.00 151.83
152.00 151.83
153.00 151.83
153.83 151.00
154.00 150.83
155.00 150.83
156.00 150.83
156.83 150.00
157.00 149.83
158.00 149.83
158.83 149.00
159.00 148.83
160.00 148.83
160.83 148.00
161.00 147.83
162.00 147.83
162.83 147.00
163.00 146.83
164.00 146.83
164.83 146.00
165.00 145.83
165.83 145.00
166.00 144.83
167.00 144.83
167.83 144.00
168.00 143.83
168.83 143.00
169.00 142.83
169.83 142.00
170.00 141.83
170.83 141.00
171.00 140.83
171.83 140.00
172.00 139.83
172.83 139.00
173.00 138.83
173.83 138.00
174.00 137.83
174.83 137.00
174.83 136.00
175.00 135.83
175.83 135.00
175.83 134.00
176.00 133.83
176.83 133.00
176.83 132.00
177.00 131.83
177.83 131.00
177.83 130.00
178.00 129.83
178.83 129.00
178.83 128.00
179.00 127.83
179.83 127.00
179.83 126.00
179.83 125.00
180.00 124.83
180.83 124.00
180.83 123.00
180.83 122.00
180.83 121.00
181.00 120.83
181.83 120.00

Contour 3:
210.88 827.00
210.88 826.00
210.88 825.00
210.88 824.00
210.88 823.00
210.88 822.00
210.88 821.00
210.88 820.00
210.88 819.00
210.88 818.00
210.88 817.00
210.88 816.00
210.88 815.00
210.00 814.12
209.88 814.00
209.00 813.12
208.88 813.00
208.88 812.00
208.00 811.12
207.88 811.00
207.00 810.12
206.88 810.00
206.88 809.00
206.00 808.12
205.88 808.00
205.00 807.12
204.88 807.00
204.00 806.12
203.88 806.00
203.00 805.12
202.88 805.00
202.88 804.00
202.00 803.12
201.88 803.00
201.00 802.12
200.88 802.00
200.00 801.12
199.88 801.00
199.00 800.12
198.00 800.12
197.88 800.00
197.00 799.12
196.88 799.00
196.00 798.12
195.00 798.12
194.88 798.00
194.00 797.12
193.00 797.12
192.88 797.00
192.00 796.12
191.00 796.12
190.00 796.12
189.00 796.12
188.88 796.00
188.00 795.12
187.00 795.12
186.00 795.12
185.00 795.12
184.00 795.12
183.88 795.00
183.00 794.12
182.00 794.12
181.00 794.12
180.00 794.12
179.00 794.12
178.00 794.12
177.12 795.00
177.00 795.12
176.00 795.12
175.00 795.12
174.00 795.12
173.00 795.12
172.12 796.00
172.00 796.12
171.00 796.12
170.00 796.12
169.12 797.00
169.00 797.12
168.00 797.12
167.12 798.00
167.00 798.12
166.00 798.12
165.12 799.00
165.00 799.12
164.00 799.12
163.12 800.00
163.00 800.12
162.00 800.12
161.12 801.00
161.00 801.12
160.12 802.00
160.00 802.12
159.00 802.12
158.12 803.00
158.00 803.12
157.12 804.00
157.00 804.12
156.12 805.00
156.00 805.12
155.12 806.00
155.00 806.12
154.12 807.00
154.00 807.12
153.12 808.00
153.00 808.12
152.12 809.00
152.12 810.00
152.00 810.12
151.12 811.00
151.00 811.12
150.12 812.00
150.12 813.00
150.00 813.12
149.12 814.00
149.12 815.00
149.00 815.12
148.12 816.00
148.12 817.00
148.12 818.00
148.00 818.12
147.12 819.00
147.12 820.00
147.00 820.12
146.12 821.00
146.12 822.00
146.12 823.00
146.00 823.12
145.12 824.00
145.12 825.00
145.12 826.00
145.12 827.00
145.12 828.00
145.00 828.12
144.12 829.00
144.12 830.00
144.12 831.00
144.12 832.00
144.12 833.00
144.12 834.00
144.12 835.00
145.00 835.88
145.12 836.00
145.12 837.00
145.12 838.00
145.12 839.00
146.00 839.88
146.12 840.00
146.12 841.00
146.12 842.00
147.00 842.88
147.12 843.00
147.12 844.00
147.12 845.00
148.00 845.88
148.12 846.00
148.12 847.00
149.00 847.88
149.12 848.00
150.00 848.88
150.12 849.00
150.12 850.00
151.00 850.88
151.12 851.00
152.00 851.88
152.12 852.00
153.00 852.88
153.12 853.00
154.00 853.88
154.12 854.00
155.00 854.88
156.00 854.88
156.12 855.00
157.00 855.88
157.12 856.00
158.00 856.88
158.12 857.00
159.00 857.88
160.00 857.88
160.12 858.00
161.00 858.88
162.00 858.88
162.12 859.00
163.00 859.88
164.00 859.88
164.12 860.00
165.00 860.88
166.00 860.88
167.00 860.88
168.00 860.88
168.12 861.00
169.00 861.88
170.00 861.88
171.00 861.88
172.00 861.88
173.00 861.88
174.00 861.88
174.88 861.00
175.00 860.88
176.00 860.88
177.00 860.88
178.00 860.88
178.88 860.00
179.00 859.88
180.00 859.88
181.00 859.88
181.88 859.00
182.00 858.88
183.00 858.88
184.00 858.88
184.88 858.00
185.00 857.88
186.00 857.88
186.88 857.00
187.00 856.88
188.00 856.88
188.88 856.00
189.00 855.88
189.88 855.00
190.00 854.88
191.00 854.88
191.88 854.00
192.00 853.88
193.00 853.88
193.88 853.00
194.00 852.88
194.88 852.00
195.00 851.88
196.00 851.88
196.88 851.00
197.00 850.88
197.88 850.00
198.00 849.88
198.88 849.00
199.00 848.88
199.88 848.00
199.88 847.00
200.00 846.88
200.88 846.00
201.00 845.88
201.88 845.00
202.00 844.88
202.88 844.00
202.88 843.00
203.00 842.88
203.88 842.00
204.00 841.88
204.88 841.00
204.88 840.00
205.00 839.88
205.88 839.00
205.88 838.00
206.00 837.88
206.88 837.00
206.88 836.00
207.00 835.88
207.88 835.00
207.88 834.00
208.00 833.88
208.88 833.00
208.88 832.00
208.88 831.00
209.00 830.88
209.88 830.00
209.88 829.00
209.88 828.00
210.00 827.88
210.88 827.00

Contour 4:
318.90 402.00
318.90 401.00
318.90 400.00
318.90 399.00
318.90 398.00
318.90 397.00
318.90 396.00
318.90 395.00
318.90 394.00
318.90 393.00
318.90 392.00
318.90 391.00
318.90 390.00
318.90 389.00
318.00 388.10
317.90 388.00
317.90 387.00
317.90 386.00
317.90 385.00
317.00 384.10
316.90 384.00
316.90 383.00
316.90 382.00
316.00 381.10
315.90 381.00
315.90 380.00
315.00 379.10
314.90 379.00
314.90 378.00
314.00 377.10
313.90 377.00
313.90 376.00
313.00 375.10
312.90 375.00
312.00 374.10
311.90 374.00
311.00 373.10
310.90 373.00
310.00 372.10
309.90 372.00
309.00 371.10
308.90 371.00
308.00 370.10
307.90 370.00
307.00 369.10
306.00 369.10
305.90 369.00
305.00 368.10
304.00 368.10
303.90 368.00
303.00 367.10
302.00 367.10
301.00 367.10
300.90 367.00
300.00 366.10
299.00 366.10
298.00 366.10
297.00 366.10
296.90 366.00
296.00 365.10
295.00 365.10
294.00 365.10
293.00 365.10
292.00 365.10
291.00 365.10
290.00 365.10
289.00 365.10
288.00 365.10
287.00 365.10
286.00 365.10
285.00 365.10
284.00 365.10
283.00 365.10
282.00 365.10
281.00 365.10
280.00 365.10
279.00 365.10
278.00 365.10
277.10 366.00
277.00 366.10
276.00 366.10
275.00 366.10
274.00 366.10
273.10 367.00
273.00 367.10
272.00 367.10
271.00 367.10
270.10 368.00
270.00 368.10
269.00 368.10
268.00 368.10
267.10 369.00
267.00 369.10
266.00 369.10
265.10 370.00
265.00 370.10
264.10 371.00
264.00 371.10
263.00 371.10
262.10 372.00
262.00 372.10
261.10 373.00
261.00 373.10
260.10 374.00
260.00 374.10
259.10 375.00
259.00 375.10
258.10 376.00
258.00 376.10
257.10 377.00
257.00 377.10
256.10 378.00
256.10 379.00
256.00 379.10
255.10 380.00
255.10 381.00
255.00 381.10
254.10 382.00
254.10 383.00
254.00 383.10
253.10 384.00
253.10 385.00
253.10 386.00
253.00 386.10
252.10 387.00
252.10 388.00
252.10 389.00
252.10 390.00
252.10 391.00
252.00 391.10
251.10 392.00
251.10 393.00
251.10 394.00
251.10 395.00
251.10 396.00
251.10 397.00
251.10 398.00
251.10 399.00
251.10 400.00
251.10 401.00
251.10 402.00
252.00 402.90
252.10 403.00
252.10 404.00
252.10 405.00
252.10 406.00
252.10 407.00
252.10 408.00
253.00 408.90
253.10 409.00
253.10 410.00
253.10 411.00
254.00 411.90
254.10 412.00
254.10 413.00
254.10 414.00
255.00 414.90
255.10 415.00
255.10 416.00
256.00 416.90
256.10 417.00
256.10 418.00
257.00 418.90
257.10 419.00
257.10 420.00
258.00 420.90
258.10 421.00
259.00 421.90
259.10 422.00
259.10 423.00
260.00 423.90
260.10 424.00
261.00 424.90
261.10 425.00
261.10 426.00
262.00 426.90
262.10 427.00
263.00 427.90
263.10 428.00
264.00 428.90
264.10 429.00
265.00 429.90
266.00 429.90
266.10 430.00
267.00 430.90
268.00 430.90
268.10 431.00
269.00 431.90
270.00 431.90
270.10 432.00
271.00 432.90
272.00 432.90
273.00 432.90
273.10 433.00
274.00 433.90
275.00 433.90
276.00 433.90
277.00 433.90
278.00 433.90
279.00 433.90
280.00 433.90
281.00 433.90
282.00 433.90
283.00 433.90
284.00 433.90
285.00 433.90
285.90 433.00
286.00 432.90
287.00 432.90
288.00 432.90
288.90 432.00
289.00 431.90
290.00 431.90
290.90 431.00
291.00 430.90
292.00 430.90
292.90 430.00
293.00 429.90
294.00 429.90
294.90 429.00
295.00 428.90
296.00 428.90
296.90 428.00
297.00 427.90
298.00 427.90
299.00 427.90
299.90 427.00
300.00 426.90
301.00 426.90
301.90 426.00
302.00 425.90
302.90 425.00
303.00 424.90
304.00 424.90
304.90 424.00
305.00 423.90
305.90 423.00
306.00 422.90
306.90 422.00
307.00 421.90
307.90 421.00
308.00 420.90
308.90 420.00
309.00 419.90
309.90 419.00
310.00 418.90
310.90 418.00
311.00 417.90
311.90 417.00
312.00 416.90
312.90 416.00
312.90 415.00
313.00 414.90
313.90 414.00
313.90 413.00
314.00 412.90
314.90 412.00
314.90 411.00
315.00 410.90
315.90 410.00
315.90 409.00
316.00 408.90
316.90 408.00
316.90 407.00
317.00 406.90
317.90 406.00
317.90 405.00
317.90 404.00
317.90 403.00
318.00 402.90
318.90 402.00

Contour 5:
352.92 511.00
352.92 510.00
352.92 509.00
352.92 508.00
352.92 507.00
352.92 506.00
352.92 505.00
352.92 504.00
352.92 503.00
352.92 502.00
352.92 501.00
352.92 500.00
352.92 499.00
352.00 498.08
351.92 498.00
351.92 497.00
351.92 496.00
351.92 495.00
351.00 494.08
350.92 494.00
350.92 493.00
350.00 492.08
349.92 492.00
349.92 491.00
349.00 490.08
348.92 490.00
348.00 489.08
347.92 489.00
347.00 488.08
346.92 488.00
346.00 487.08
345.92 487.00
345.00 486.08
344.92 486.00
344.00 485.08
343.92 485.00
343.00 484.08
342.92 484.00
342.00 483.08
341.00 483.08
340.92 483.00
340.00 482.08
339.00 482.08
338.92 482.00
338.00 481.08
337.00 481.08
336.92 481.00
336.00 480.08
335.00 480.08
334.00 480.08
333.92 480.00
333.00 479.08
332.00 479.08
331.00 479.08
330.00 479.08
329.00 479.08
328.00 479.08
327.92 479.00
327.00 478.08
326.00 478.08
325.00 478.08
324.00 478.08
323.00 478.08
322.00 478.08
321.00 478.08
320.00 478.08
319.08 479.00
319.00 479.08
318.00 479.08
317.00 479.08
316.00 479.08
315.00 479.08
314.00 479.08
313.00 479.08
312.08 480.00
312.00 480.08
311.00 480.08
310.00 480.08
309.00 480.08
308.00 480.08
307.08 481.00
307.00 481.08
306.00 481.08
305.00 481.08
304.00 481.08
303.08 482.00
303.00 482.08
302.00 482.08
301.08 483.00
301.00 483.08
300.00 483.08
299.00 483.08
298.08 484.00
298.00 484.08
297.00 484.08
296.08 485.00
296.00 485.08
295.08 486.00
295.00 486.08
294.00 486.08
293.08 487.00
293.00 487.08
292.08 488.00
292.00 488.08
291.08 489.00
291.00 489.08
290.08 490.00
290.08 491.00
290.00 491.08
289.08 492.00
289.08 493.00
289.00 493.08
288.08 494.00
288.08 495.00
288.08 496.00
288.08 497.00
288.08 498.00
288.00 498.08
287.08 499.00
287.08 500.00
287.08 501.00
288.00 501.92
288.08 502.00
288.08 503.00
288.08 504.00
289.00 504.92
289.08 505.00
289.08 506.00
289.08 507.00
289.08 508.00
290.00 508.92
290.08 509.00
290.08 510.00
291.00 510.92
291.08 511.00
291.08 512.00
292.00 512.92
292.08 513.00
292.08 514.00
293.00 514.92
293.08 515.00
294.00 515.92
294.08 516.00
294.08 517.00
295.00 517.92
295.08 518.00
296.00 518.92
296.08 519.00
296.08 520.00
297.00 520.92
297.08 521.00
298.00 521.92
298.08 522.00
299.00 522.92
299.08 523.00
300.00 523.92
300.08 524.00
301.00 524.92
301.08 525.00
302.00 525.92
303.00 525.92
303.08 526.00
304.00 526.92
304.08 527.00
305.00 527.92
306.00 527.92
306.08 528.00
307.00 528.92
308.00 528.92
309.00 528.92
309.08 529.00
310.00 529.92
311.00 529.92
312.00 529.92
313.00 529.92
314.00 529.92
314.08 530.00
315.00 530.92
316.00 530.92
317.00 530.92
318.00 530.92
318.08 531.00
319.00 531.92
320.00 531.92
321.00 531.92
322.00 531.92
323.00 531.92
324.00 531.92
325.00 531.92
326.00 531.92
327.00 531.92
328.00 531.92
329.00 531.92
330.00 531.92
331.00 531.92
332.00 531.92
332.92 531.00
333.00 530.92
334.00 530.92
335.00 530.92
336.00 530.92
336.92 530.00
337.00 529.92
338.00 529.92
339.00 529.92
339.92 529.00
340.00 528.92
340.92 528.00
341.00 527.92
342.00 527.92
343.00 527.92
343.92 527.00
344.00 526.92
344.92 526.00
345.00 525.92
345.92 525.00
346.00 524.92
346.92 524.00
347.00 523.92
347.92 523.00
348.00 522.92
348.92 522.00
348.92 521.00
349.00 520.92
349.92 520.00
350.00 519.92
350.92 519.00
350.92 518.00
350.92 517.00
351.00 516.92
351.92 516.00
351.92 515.00
351.92 514.00
351.92 513.00
351.92 512.00
352.00 511.92
352.92 511.00

Contour 6:
328.07 0.00
328.00 0.07
327.00 0.07
326.00 0.07
325.00 0.07
324.00 0.07
323.00 0.07
322.00 0.07
321.00 0.07
320.00 0.07
319.00 0.07
318.00 0.07
317.00 0.07
316.00 0.07
315.00 0.07
314.00 0.07
313.00 0.07
312.00 0.07
311.00 0.07
310.07 1.00
310.00 1.07
309.00 1.07
308.00 1.07
307.00 1.07
306.00 1.07
305.07 2.00
305.07 3.00
305.00 3.07
304.07 4.00
304.07 5.00
304.07 6.00
304.00 6.07
303.07 7.00
303.00 7.07
302.00 7.07
301.07 8.00
301.07 9.00
301.07 10.00
301.07 11.00
301.07 12.00
301.07 13.00
301.00 13.07
300.00 13.07
299.07 14.00
299.07 15.00
299.07 16.00
299.07 17.00
300.00 17.93
300.07 18.00
300.07 19.00
300.07 20.00
300.07 21.00
300.07 22.00
300.07 23.00
301.00 23.93
301.07 24.00
301.07 25.00
302.00 25.93
302.07 26.00
302.07 27.00
303.00 27.93
304.00 27.93
304.07 28.00
305.00 28.93
305.07 29.00
305.07 30.00
306.00 30.93
306.07 31.00
307.00 31.93
308.00 31.93
309.00 31.93
310.00 31.93
310.07 32.00
311.00 32.93
312.00 32.93
313.00 32.93
314.00 32.93
315.00 32.93
316.00 32.93
317.00 32.93
318.00 32.93
319.00 32.93
320.00 32.93
321.00 32.93
322.00 32.93
322.07 33.00
323.00 33.93
324.00 33.93
325.00 33.93
326.00 33.93
326.93 33.00
327.00 32.93
328.00 32.93
329.00 32.93
330.00 32.93
330.93 32.00
331.00 31.93
332.00 31.93
332.93 31.00
333.00 30.93
334.00 30.93
334.93 30.00
335.00 29.93
336.00 29.93
336.93 29.00
337.00 28.93
337.93 28.00
338.00 27.93
339.00 27.93
339.93 27.00
340.00 26.93
340.93 26.00
341.00 25.93
341.93 25.00
342.00 24.93
342.93 24.00
343.00 23.93
343.93 23.00
344.00 22.93
344.93 22.00
344.93 21.00
345.00 20.93
345.93 20.00
345.93 19.00
346.00 18.93
346.93 18.00
347.00 17.93
347.93 17.00
347.93 16.00
347.93 15.00
348.00 14.93
348.93 14.00
348.93 13.00
348.93 12.00
349.00 11.93
349.93 11.00
349.93 10.00
349.93 9.00
349.93 8.00
349.93 7.00
349.93 6.00
349.93 5.00
349.00 4.07
348.93 4.00
348.00 3.07
347.93 3.00
347.00 2.07
346.00 2.07
345.00 2.07
344.93 2.00
344.00 1.07
343.00 1.07
342.00 1.07
341.00 1.07
340.00 1.07
339.00 1.07
338.00 1.07
337.00 1.07
336.00 1.07
335.93 1.00
335.00 0.07
334.00 0.07
333.00 0.07
332.00 0.07
331.93 0.00

Contour 7:
452.94 156.00
452.94 155.00
452.94 154.00
452.94 153.00
452.94 152.00
452.94 151.00
452.94 150.00
452.94 149.00
452.94 148.00
452.94 147.00
452.94 146.00
452.94 145.00
452.94 144.00
452.94 143.00
452.00 142.06
451.94 142.00
451.94 141.00
451.94 140.00
451.00 139.06
450.94 139.00
450.94 138.00
450.94 137.00
450.00 136.06
449.94 136.00
449.94 135.00
449.00 134.06
448.94 134.00
448.94 133.00
448.00 132.06
447.94 132.00
447.94 131.00
447.00 130.06
446.94 130.00
446.00 129.06
445.94 129.00
445.00 128.06
444.94 128.00
444.00 127.06
443.94 127.00
443.00 126.06
442.94 126.00
442.00 125.06
441.94 125.00
441.00 124.06
440.94 124.00
440.00 123.06
439.94 123.00
439.00 122.06
438.94 122.00
438.00 121.06
437.00 121.06
436.94 121.00
436.00 120.06
435.00 120.06
434.94 120.00
434.00 119.06
433.00 119.06
432.00 119.06
431.94 119.00
431.00 118.06
430.00 118.06
429.00 118.06
428.00 118.06
427.00 118.06
426.00 118.06
425.00 118.06
424.00 118.06
423.00 118.06
422.00 118.06
421.00 118.06
420.94 118.00
420.00 117.06
419.00 117.06
418.00 117.06
417.00 117.06
416.00 117.06
415.06 118.00
415.00 118.06
414.00 118.06
413.00 118.06
412.00 118.06
411.00 118.06
410.00 118.06
409.00 118.06
408.00 118.06
407.06 119.00
407.00 119.06
406.00 119.06
405.00 119.06
404.06 120.00
404.00 120.06
403.00 120.06
402.06 121.00
402.00 121.06
401.00 121.06
400.06 122.00
400.00 122.06
399.00 122.06
398.06 123.00
398.00 123.06
397.06 124.00
397.00 124.06
396.00 124.06
395.06 125.00
395.00 125.06
394.00 125.06
393.06 126.00
393.00 126.06
392.00 126.06
391.06 127.00
391.00 127.06
390.00 127.06
389.06 128.00
389.00 128.06
388.00 128.06
387.06 129.00
387.00 129.06
386.06 130.00
386.00 130.06
385.06 131.00
385.00 131.06
384.06 132.00
384.00 132.06
383.06 133.00
383.00 133.06
382.06 134.00
382.00 134.06
381.00 134.06
380.06 135.00
380.00 135.06
379.06 136.00
379.00 136.06
378.06 137.00
378.00 137.06
377.06 138.00
377.06 139.00
377.00 139.06
376.06 140.00
376.06 141.00
376.00 141.06
375.06 142.00
375.06 143.00
375.00 143.06
374.06 144.00
374.06 145.00
374.06 146.00
374.00 146.06
373.06 147.00
373.06 148.00
373.00 148.06
372.06 149.00
372.06 150.00
372.06 151.00
372.00 151.06
371.06 152.00
371.06 153.00
371.06 154.00
371.06 155.00
371.06 156.00
371.06 157.00
371.06 158.00
371.06 159.00
371.06 160.00
371.06 161.00
371.06 162.00
371.06 163.00
371.06 164.00
371.06 165.00
371.06 166.00
371.06 167.00
371.06 168.00
371.06 169.00
372.00 169.94
373.00 169.94
373.06 170.00
374.00 170.94
374.06 171.00
374.06 172.00
375.00 172.94
375.06 173.00
376.00 173.94
376.06 174.00
376.06 175.00
377.00 175.94
377.06 176.00
377.06 177.00
378.00 177.94
378.06 178.00
379.00 178.94
379.06 179.00
380.00 179.94
380.06 180.00
381.00 180.94
381.06 181.00
382.00 181.94
382.06 182.00
383.00 182.94
383.06 183.00
384.00 183.94
385.00 183.94
385.06 184.00
386.00 184.94
386.06 185.00
387.00 185.94
388.00 185.94
388.06 186.00
389.00 186.94
390.00 186.94
391.00 186.94
391.06 187.00
392.00 187.94
393.00 187.94
393.06 188.00
394.00 188.94
395.00 188.94
396.00 188.94
396.06 189.00
397.00 189.94
398.00 189.94
399.00 189.94
400.00 189.94
401.00 189.94
402.00 189.94
403.00 189.94
404.00 189.94
405.00 189.94
406.00 189.94
407.00 189.94
408.00 189.94
409.00 189.94
410.00 189.94
411.00 189.94
411.94 189.00
412.00 188.94
413.00 188.94
414.00 188.94
415.00 188.94
415.94 188.00
416.00 187.94
417.00 187.94
418.00 187.94
418.94 187.00
419.00 186.94
420.00 186.94
421.00 186.94
421.94 186.00
422.00 185.94
423.00 185.94
423.94 185.00
424.00 184.94
425.00 184.94
425.94 184.00
426.00 183.94
427.00 183.94
427.94 183.00
428.00 182.94
429.00 182.94
429.94 182.00
430.00 181.94
431.00 181.94
431.94 181.00
432.00 180.94
432.94 180.00
433.00 179.94
434.00 179.94
434.94 179.00
435.00 178.94
435.94 178.00
436.00 177.94
436.94 177.00
437.00 176.94
438.00 176.94
438.94 176.00
439.00 175.94
439.94 175.00
440.00 174.94
440.94 174.00
441.00 173.94
441.94 173.00
442.00 172.94
442.94 172.00
443.00 171.94
443.94 171.00
444.00 170.94
444.94 170.00
445.00 169.94
445.94 169.00
445.94 168.00
446.00 167.94
446.94 167.00
447.00 166.94
447.94 166.00
447.94 165.00
448.00 164.94
448.94 164.00
449.00 163.94
449.94 163.00
449.94 162.00
450.00 161.94
450.94 161.00
450.94 160.00
450.94 159.00
451.00 158.94
451.94 158.00
451.94 157.00
452.00 156.94
452.94 156.00

Contour 8:
438.94 372.00
438.94 371.00
438.94 370.00
438.94 369.00
438.94 368.00
438.94 367.00
438.94 366.00
438.00 365.06
437.94 365.00
437.94 364.00
437.94 363.00
437.94 362.00
437.00 361.06
436.94 361.00
436.94 360.00
436.00 359.06
435.94 359.00
435.94 358.00
435.94 357.00
435.00 356.06
434.94 356.00
434.94 355.00
434.00 354.06
433.94 354.00
433.94 353.00
433.00 352.06
432.94 352.00
432.94 351.00
432.00 350.06
431.94 350.00
431.94 349.00
431.00 348.06
430.94 348.00
430.00 347.06
429.94 347.00
429.00 346.06
428.94 346.00
428.00 345.06
427.94 345.00
427.00 344.06
426.94 344.00
426.00 343.06
425.00 343.06
424.94 343.00
424.00 342.06
423.94 342.00
423.00 341.06
422.94 341.00
422.00 340.06
421.00 340.06
420.94 340.00
420.00 339.06
419.00 339.06
418.00 339.06
417.94 339.00
417.00 338.06
416.00 338.06
415.00 338.06
414.94 338.00
414.00 337.06
413.00 337.06
412.00 337.06
411.00 337.06
410.00 337.06
409.00 337.06
408.00 337.06
407.00 337.06
406.00 337.06
405.06 338.00
405.00 338.06
404.00 338.06
403.00 338.06
402.06 339.00
402.00 339.06
401.00 339.06
400.06 340.00
400.00 340.06
399.00 340.06
398.06 341.00
398.00 341.06
397.00 341.06
396.06 342.00
396.00 342.06
395.00 342.06
394.06 343.00
394.00 343.06
393.06 344.00
393.00 344.06
392.00 344.06
391.06 345.00
391.00 345.06
390.06 346.00
390.00 346.06
389.06 347.00
389.00 347.06
388.06 348.00
388.06 349.00
388.00 349.06
387.06 350.00
387.06 351.00
387.00 351.06
386.06 352.00
386.06 353.00
386.00 353.06
385.06 354.00
385.06 355.00
385.06 356.00
385.06 357.00
385.06 358.00
385.06 359.00
385.06 360.00
385.06 361.00
385.06 362.00
385.06 363.00
385.06 364.00
385.06 365.00
385.00 365.06
384.06 366.00
385.00 366.94
385.06 367.00
385.06 368.00
385.06 369.00
385.06 370.00
385.06 371.00
385.06 372.00
385.06 373.00
385.06 374.00
386.00 374.94
386.06 375.00
386.06 376.00
386.06 377.00
386.06 378.00
386.06 379.00
386.06 380.00
387.00 380.94
387.06 381.00
387.06 382.00
387.06 383.00
387.06 384.00
387.06 385.00
388.00 385.94
388.06 386.00
388.06 387.00
388.06 388.00
389.00 388.94
389.06 389.00
389.06 390.00
390.00 390.94
390.06 391.00
390.06 392.00
391.00 392.94
391.06 393.00
392.00 393.94
392.06 394.00
393.00 394.94
393.06 395.00
394.00 395.94
395.00 395.94
395.06 396.00
396.00 396.94
396.06 397.00
397.00 397.94
398.00 397.94
398.06 398.00
399.00 398.94
399.06 399.00
400.00 399.94
401.00 399.94
401.06 400.00
402.00 400.94
403.00 400.94
403.06 401.00
404.00 401.94
405.00 401.94
406.00 401.94
407.00 401.94
408.00 401.94
408.94 401.00
409.00 400.94
410.00 400.94
411.00 400.94
411.94 400.00
412.00 399.94
413.00 399.94
413.94 399.00
414.00 398.94
415.00 398.94
415.94 398.00
416.00 397.94
416.94 397.00
417.00 396.94
418.00 396.94
418.94 396.00
419.00 395.94
420.00 395.94
420.94 395.00
421.00 394.94
422.00 394.94
423.00 394.94
423.94 394.00
424.00 393.94
425.00 393.94
425.94 393.00
426.00 392.94
427.00 392.94
427.94 392.00
428.00 391.94
428.94 391.00
429.00 390.94
430.00 390.94
430.94 390.00
431.00 389.94
431.94 389.00
431.94 388.00
432.00 387.94
432.94 387.00
433.00 386.94
433.94 386.00
434.00 385.94
434.94 385.00
434.94 384.00
435.00 383.94
435.94 383.00
435.94 382.00
436.00 381.94
436.94 381.00
436.94 380.00
437.00 379.94
437.94 379.00
437.94 378.00
437.94 377.00
437.94 376.00
437.94 375.00
437.94 374.00
437.94 373.00
438.00 372.94
438.94 372.00

Contour 9:
487.95 252.00
487.95 251.00
487.95 250.00
487.95 249.00
487.95 248.00
487.95 247.00
487.95 246.00
487.95 245.00
487.95 244.00
487.95 243.00
487.95 242.00
487.95 241.00
487.95 240.00
487.95 239.00
487.95 238.00
487.95 237.00
487.95 236.00
487.00 235.05
486.95 235.00
486.95 234.00
486.00 233.05
485.95 233.00
485.95 232.00
485.00 231.05
484.95 231.00
484.00 230.05
483.95 230.00
483.95 229.00
483.00 228.05
482.95 228.00
482.00 227.05
481.00 227.05
480.95 227.00
480.00 226.05
479.95 226.00
479.00 225.05
478.95 225.00
478.00 224.05
477.95 224.00
477.00 223.05
476.00 223.05
475.95 223.00
475.00 222.05
474.95 222.00
474.00 221.05
473.00 221.05
472.95 221.00
472.00 220.05
471.95 220.00
471.00 219.05
470.00 219.05
469.95 219.00
469.00 218.05
468.00 218.05
467.00 218.05
466.95 218.00
466.00 217.05
465.00 217.05
464.95 217.00
464.00 216.05
463.00 216.05
462.00 216.05
461.95 216.00
461.00 215.05
460.00 215.05
459.00 215.05
458.95 215.00
458.00 214.05
457.00 214.05
456.00 214.05
455.95 214.00
455.00 213.05
454.00 213.05
453.00 213.05
452.00 213.05
451.00 213.05
450.00 213.05
449.00 213.05
448.00 213.05
447.00 213.05
446.00 213.05
445.00 213.05
444.00 213.05
443.00 213.05
442.00 213.05
441.05 214.00
441.00 214.05
440.00 214.05
439.00 214.05
438.00 214.05
437.00 214.05
436.05 215.00
436.00 215.05
435.00 215.05
434.00 215.05
433.00 215.05
432.00 215.05
431.05 216.00
431.00 216.05
430.00 216.05
429.00 216.05
428.00 216.05
427.05 217.00
427.00 217.05
426.00 217.05
425.05 218.00
425.00 218.05
424.00 218.05
423.05 219.00
423.00 219.05
422.00 219.05
421.05 220.00
421.00 220.05
420.00 220.05
419.05 221.00
419.00 221.05
418.00 221.05
417.05 222.00
417.00 222.05
416.00 222.05
415.05 223.00
415.00 223.05
414.00 223.05
413.05 224.00
413.00 224.05
412.05 225.00
412.00 225.05
411.05 226.00
411.00 226.05
410.05 227.00
410.00 227.05
409.05 228.00
409.00 228.05
408.05 229.00
408.00 229.05
407.05 230.00
407.00 230.05
406.00 230.05
405.05 231.00
405.00 231.05
404.05 232.00
404.00 232.05
403.05 233.00
403.00 233.05
402.05 234.00
402.00 234.05
401.05 235.00
401.00 235.05
400.05 236.00
400.00 236.05
399.05 237.00
399.05 238.00
399.00 238.05
398.05 239.00
398.05 240.00
398.00 240.05
397.05 241.00
397.05 242.00
397.00 242.05
396.05 243.00
396.05 244.00
396.05 245.00
396.00 245.05
395.05 246.00
395.05 247.00
395.00 247.05
394.05 248.00
394.05 249.00
394.05 250.00
394.05 251.00
394.05 252.00
394.05 253.00
394.05 254.00
394.05 255.00
394.05 256.00
395.00 256.95
395.05 257.00
395.05 258.00
395.05 259.00
396.00 259.95
396.05 260.00
396.05 261.00
397.00 261.95
397.05 262.00
397.05 263.00
398.00 263.95
398.05 264.00
398.05 265.00
398.05 266.00
399.00 266.95
399.05 267.00
400.00 267.95
400.05 268.00
400.05 269.00
401.00 269.95
401.05 270.00
402.00 270.95
402.05 271.00
402.05 272.00
403.00 272.95
403.05 273.00
404.00 273.95
404.05 274.00
405.00 274.95
406.00 274.95
406.05 275.00
407.00 275.95
407.05 276.00
408.00 276.95
408.05 277.00
409.00 277.95
410.00 277.95
410.05 278.00
411.00 278.95
412.00 278.95
412.05 279.00
413.00 279.95
414.00 279.95
415.00 279.95
415.05 280.00
416.00 280.95
417.00 280.95
417.05 281.00
418.00 281.95
419.00 281.95
419.05 282.00
420.00 282.95
421.00 282.95
422.00 282.95
422.05 283.00
423.00 283.95
424.00 283.95
425.00 283.95
426.00 283.95
427.00 283.95
428.00 283.95
429.00 283.95
430.00 283.95
431.00 283.95
432.00 283.95
433.00 283.95
434.00 283.95
435.00 283.95
436.00 283.95
437.00 283.95
438.00 283.95
439.00 283.95
440.00 283.95
441.00 283.95
442.00 283.95
443.00 283.95
444.00 283.95
445.00 283.95
446.00 283.95
447.00 283.95
448.00 283.95
449.00 283.95
450.00 283.95
451.00 283.95
451.95 283.00
452.00 282.95
453.00 282.95
454.00 282.95
455.00 282.95
455.95 282.00
456.00 281.95
457.00 281.95
458.00 281.95
458.95 281.00
459.00 280.95
460.00 280.95
460.95 280.00
461.00 279.95
462.00 279.95
463.00 279.95
463.95 279.00
464.00 278.95
465.00 278.95
465.95 278.00
466.00 277.95
467.00 277.95
467.95 277.00
468.00 276.95
468.95 276.00
469.00 275.95
470.00 275.95
470.95 275.00
471.00 274.95
471.95 274.00
472.00 273.95
472.95 273.00
473.00 272.95
473.95 272.00
474.00 271.95
474.95 271.00
475.00 270.95
475.95 270.00
476.00 269.95
476.95 269.00
477.00 268.95
478.00 268.95
478.95 268.00
478.95 267.00
479.00 266.95
479.95 266.00
480.00 265.95
480.95 265.00
481.00 264.95
481.95 264.00
482.00 263.95
482.95 263.00
482.95 262.00
483.00 261.95
483.95 261.00
484.00 260.95
484.95 260.00
484.95 259.00
484.95 258.00
485.00 257.95
485.95 257.00
485.95 256.00
486.00 255.95
486.95 255.00
486.95 254.00
486.95 253.00
487.00 252.95
487.95 252.00

Contour 10:
507.95 507.00
507.95 506.00
507.95 505.00
507.95 504.00
507.95 503.00
507.95 502.00
507.95 501.00
507.95 500.00
507.95 499.00
507.00 498.05
506.95 498.00
506.95 497.00
506.95 496.00
506.00 495.05
505.95 495.00
505.00 494.05
504.95 494.00
504.95 493.00
504.00 492.05
503.95 492.00
503.00 491.05
502.95 491.00
502.00 490.05
501.95 490.00
501.00 489.05
500.95 489.00
500.00 488.05
499.95 488.00
499.00 487.05
498.95 487.00
498.00 486.05
497.95 486.00
497.00 485.05
496.00 485.05
495.95 485.00
495.00 484.05
494.00 484.05
493.95 484.00
493.00 483.05
492.00 483.05
491.95 483.00
491.00 482.05
490.00 482.05
489.95 482.00
489.00 481.05
488.00 481.05
487.00 481.05
486.00 481.05
485.00 481.05
484.95 481.00
484.00 480.05
483.00 480.05
482.00 480.05
481.00 480.05
480.00 480.05
479.95 480.00
479.00 479.05
478.00 479.05
477.00 479.05
476.95 479.00
476.00 478.05
475.00 478.05
474.00 478.05
473.95 478.00
473.00 477.05
472.00 477.05
471.00 477.05
470.00 477.05
469.95 477.00
469.00 476.05
468.00 476.05
467.00 476.05
466.00 476.05
465.00 476.05
464.00 476.05
463.00 476.05
462.00 476.05
461.00 476.05
460.00 476.05
459.00 476.05
458.00 476.05
457.00 476.05
456.00 476.05
455.00 476.05
454.00 476.05
453.00 476.05
452.05 477.00
452.00 477.05
451.00 477.05
450.00 477.05
449.05 478.00
449.00 478.05
448.00 478.05
447.05 479.00
447.00 479.05
446.05 480.00
446.00 480.05
445.05 481.00
445.00 481.05
444.05 482.00
444.00 482.05
443.05 483.00
443.00 483.05
442.05 484.00
442.05 485.00
442.00 485.05
441.05 486.00
441.05 487.00
441.00 487.05
440.05 488.00
440.05 489.00
440.05 490.00
440.00 490.05
439.05 491.00
439.05 492.00
439.00 492.05
438.05 493.00
438.05 494.00
438.05 495.00
438.00 495.05
437.05 496.00
437.05 497.00
437.05 498.00
437.05 499.00
437.05 500.00
437.05 501.00
437.05 502.00
437.05 503.00
438.00 503.95
438.05 504.00
438.05 505.00
438.05 506.00
438.05 507.00
439.00 507.95
439.05 508.00
439.05 509.00
439.05 510.00
440.00 510.95
440.05 511.00
440.05 512.00
440.05 513.00
441.00 513.95
441.05 514.00
441.05 515.00
442.00 515.95
442.05 516.00
443.00 516.95
443.05 517.00
444.00 517.95
444.05 518.00
445.00 518.95
445.05 519.00
446.00 519.95
447.00 519.95
447.05 520.00
448.00 520.95
448.05 521.00
449.00 521.95
450.00 521.95
450.05 522.00
451.00 522.95
452.00 522.95
452.05 523.00
453.00 523.95
454.00 523.95
454.05 524.00
455.00 524.95
456.00 524.95
456.05 525.00
457.00 525.95
458.00 525.95
458.05 526.00
459.00 526.95
459.05 527.00
460.00 527.95
461.00 527.95
461.05 528.00
462.00 528.95
463.00 528.95
463.05 529.00
464.00 529.95
465.00 529.95
466.00 529.95
466.05 530.00
467.00 530.95
468.00 530.95
469.00 530.95
470.00 530.95
471.00 530.95
471.05 531.00
472.00 531.95
473.00 531.95
474.00 531.95
475.00 531.95
476.00 531.95
477.00 531.95
478.00 531.95
479.00 531.95
480.00 531.95
481.00 531.95
482.00 531.95
483.00 531.95
484.00 531.95
485.00 531.95
485.95 531.00
486.00 530.95
487.00 530.95
488.00 530.95
489.00 530.95
489.95 530.00
490.00 529.95
491.00 529.95
492.00 529.95
492.95 529.00
493.00 528.95
494.00 528.95
494.95 528.00
495.00 527.95
496.00 527.95
496.95 527.00
497.00 526.95
497.95 526.00
498.00 525.95
498.95 525.00
499.00 524.95
499.95 524.00
500.00 523.95
500.95 523.00
501.00 522.95
501.95 522.00
501.95 521.00
502.00 520.95
502.95 520.00
503.00 519.95
503.95 519.00
503.95 518.00
504.00 517.95
504.95 517.00
504.95 516.00
504.95 515.00
505.00 514.95
505.95 514.00
505.95 513.00
505.95 512.00
506.00 511.95
506.95 511.00
506.95 510.00
506.95 509.00
506.95 508.00
507.00 507.95
507.95 507.00

Contour 11:
519.96 709.00
519.96 708.00
519.96 707.00
519.96 706.00
519.96 705.00
519.96 704.00
519.96 703.00
519.96 702.00
519.96 701.00
519.96 700.00
519.96 699.00
519.96 698.00
519.96 697.00
519.96 696.00
519.00 695.04
518.96 695.00
518.96 694.00
518.96 693.00
518.00 692.04
517.96 692.00
517.96 691.00
517.00 690.04
516.96 690.00
516.00 689.04
515.96 689.00
515.00 688.04
514.96 688.00
514.96 687.00
514.00 686.04
513.00 686.04
512.96 686.00
512.00 685.04
511.96 685.00
511.00 684.04
510.96 684.00
510.00 683.04
509.00 683.04
508.96 683.00
508.00 682.04
507.96 682.00
507.00 681.04
506.00 681.04
505.96 681.00
505.00 680.04
504.00 680.04
503.96 680.00
503.00 679.04
502.00 679.04
501.00 679.04
500.96 679.00
500.00 678.04
499.00 678.04
498.96 678.00
498.00 677.04
497.00 677.04
496.00 677.04
495.00 677.04
494.96 677.00
494.00 676.04
493.00 676.04
492.00 676.04
491.00 676.04
490.00 676.04
489.00 676.04
488.00 676.04
487.00 676.04
486.00 676.04
485.00 676.04
484.00 676.04
483.00 676.04
482.00 676.04
481.00 676.04
480.00 676.04
479.04 677.00
479.00 677.04
478.00 677.04
477.00 677.04
476.00 677.04
475.04 678.00
475.00 678.04
474.00 678.04
473.04 679.00
473.00 679.04
472.04 680.00
472.00 680.04
471.00 680.04
470.04 681.00
470.00 681.04
469.04 682.00
469.00 682.04
468.00 682.04
467.04 683.00
467.00 683.04
466.04 684.00
466.00 684.04
465.04 685.00
465.00 685.04
464.04 686.00
464.00 686.04
463.00 686.04
462.04 687.00
462.00 687.04
461.04 688.00
461.00 688.04
460.04 689.00
460.00 689.04
459.04 690.00
459.00 690.04
458.04 691.00
458.04 692.00
458.00 692.04
457.04 693.00
457.00 693.04
456.04 694.00
456.04 695.00
456.04 696.00
456.00 696.04
455.04 697.00
455.04 698.00
455.04 699.00
455.04 700.00
455.04 701.00
455.04 702.00
455.00 702.04
454.04 703.00
454.04 704.00
454.04 705.00
454.04 706.00
454.04 707.00
454.04 708.00
454.04 709.00
454.04 710.00
454.04 711.00
454.04 712.00
454.04 713.00
455.00 713.96
455.04 714.00
455.04 715.00
455.04 716.00
455.04 717.00
455.04 718.00
455.04 719.00
455.04 720.00
456.00 720.96
456.04 721.00
456.04 722.00
456.04 723.00
457.00 723.96
457.04 724.00
457.04 725.00
458.00 725.96
458.04 726.00
459.00 726.96
459.04 727.00
460.00 727.96
460.04 728.00
461.00 728.96
461.04 729.00
462.00 729.96
463.00 729.96
463.04 730.00
464.00 730.96
464.04 731.00
465.00 731.96
466.00 731.96
466.04 732.00
467.00 732.96
468.00 732.96
468.04 733.00
469.00 733.96
470.00 733.96
471.00 733.96
472.00 733.96
472.04 734.00
473.00 734.96
474.00 734.96
475.00 734.96
476.00 734.96
477.00 734.96
478.00 734.96
479.00 734.96
480.00 734.96
481.00 734.96
482.00 734.96
483.00 734.96
484.00 734.96
485.00 734.96
486.00 734.96
487.00 734.96
488.00 734.96
489.00 734.96
490.00 734.96
491.00 734.96
492.00 734.96
492.96 734.00
493.00 733.96
494.00 733.96
495.00 733.96
496.00 733.96
496.96 733.00
497.00 732.96
498.00 732.96
499.00 732.96
499.96 732.00
500.00 731.96
501.00 731.96
502.00 731.96
502.96 731.00
503.00 730.96
503.96 730.00
504.00 729.96
505.00 729.96
505.96 729.00
506.00 728.96
507.00 728.96
507.96 728.00
508.00 727.96
508.96 727.00
509.00 726.96
509.96 726.00
510.00 725.96
510.96 725.00
511.00 724.96
511.96 724.00
512.00 723.96
512.96 723.00
513.00 722.96
513.96 722.00
513.96 721.00
514.00 720.96
514.96 720.00
515.00 719.96
515.96 719.00
515.96 718.00
516.00 717.96
516.96 717.00
516.96 716.00
517.00 715.96
517.96 715.00
517.96 714.00
517.96 713.00
518.00 712.96
518.96 712.00
518.96 711.00
518.96 710.00
519.00 709.96
519.96 709.00

Contour 12:
558.96 461.00
558.96 460.00
558.00 459.04
557.96 459.00
557.96 458.00
557.96 457.00
557.96 456.00
557.96 455.00
557.00 454.04
556.96 454.00
556.96 453.00
556.96 452.00
556.96 451.00
556.00 450.04
555.96 450.00
555.96 449.00
555.00 448.04
554.96 448.00
554.00 447.04
553.96 447.00
553.96 446.00
553.00 445.04
552.96 445.00
552.00 444.04
551.96 444.00
551.00 443.04
550.96 443.00
550.00 442.04
549.96 442.00
549.00 441.04
548.96 441.00
548.00 440.04
547.96 440.00
547.00 439.04
546.96 439.00
546.00 438.04
545.96 438.00
545.00 437.04
544.96 437.00
544.00 436.04
543.00 436.04
542.96 436.00
542.00 435.04
541.96 435.00
541.00 434.04
540.00 434.04
539.96 434.00
539.00 433.04
538.00 433.04
537.96 433.00
537.00 432.04
536.00 432.04
535.96 432.00
535.00 431.04
534.00 431.04
533.00 431.04
532.00 431.04
531.00 431.04
530.96 431.00
530.00 430.04
529.00 430.04
528.00 430.04
527.00 430.04
526.00 430.04
525.00 430.04
524.00 430.04
523.00 430.04
522.00 430.04
521.00 430.04
520.00 430.04
519.00 430.04
518.00 430.04
517.04 431.00
517.00 431.04
516.00 431.04
515.00 431.04
514.00 431.04
513.04 432.00
513.00 432.04
512.00 432.04
511.00 432.04
510.04 433.00
510.00 433.04
509.00 433.04
508.04 434.00
508.00 434.04
507.00 434.04
506.04 435.00
506.00 435.04
505.04 436.00
505.00 436.04
504.00 436.04
503.04 437.00
503.00 437.04
502.04 438.00
502.00 438.04
501.04 439.00
501.00 439.04
500.04 440.00
500.00 440.04
499.04 441.00
499.00 441.04
498.00 441.04
497.04 442.00
497.00 442.04
496.04 443.00
496.00 443.04
495.04 444.00
495.04 445.00
495.00 445.04
494.04 446.00
494.00 446.04
493.04 447.00
493.04 448.00
493.04 449.00
493.00 449.04
492.04 450.00
492.04 451.00
492.04 452.00
492.04 453.00
492.04 454.00
492.04 455.00
492.04 456.00
492.04 457.00
492.04 458.00
493.00 458.96
493.04 459.00
493.04 460.00
493.04 461.00
493.04 462.00
494.00 462.96
494.04 463.00
494.04 464.00
494.04 465.00
494.04 466.00
495.00 466.96
495.04 467.00
495.04 468.00
495.04 469.00
496.00 469.96
496.04 470.00
496.04 471.00
497.00 471.96
497.04 472.00
497.04 473.00
498.00 473.96
498.04 474.00
499.00 474.96
499.04 475.00
500.00 475.96
500.04 476.00
500.04 477.00
501.00 477.96
501.04 478.00
502.00 478.96
502.04 479.00
503.00 479.96
503.04 480.00
504.00 480.96
504.04 481.00
505.00 481.96
505.04 482.00
506.00 482.96
506.04 483.00
507.00 483.96
507.04 484.00
508.00 484.96
508.04 485.00
509.00 485.96
509.04 486.00
510.00 486.96
511.00 486.96
511.04 487.00
512.00 487.96
512.04 488.00
513.00 488.96
513.04 489.00
514.00 489.96
515.00 489.96
515.04 490.00
516.00 490.96
516.04 491.00
517.00 491.96
518.00 491.96
518.04 492.00
519.00 492.96
520.00 492.96
521.00 492.96
521.04 493.00
522.00 493.96
523.00 493.96
524.00 493.96
525.00 493.96
526.00 493.96
527.00 493.96
528.00 493.96
529.00 493.96
530.00 493.96
531.00 493.96
532.00 493.96
532.96 493.00
533.00 492.96
534.00 492.96
535.00 492.96
536.00 492.96
536.96 492.00
537.00 491.96
538.00 491.96
538.96 491.00
539.00 490.96
539.96 490.00
540.00 489.96
541.00 489.96
541.96 489.00
542.00 488.96
542.96 488.00
543.00 487.96
544.00 487.96
544.96 487.00
545.00 486.96
545.96 486.00
546.00 485.96
546.96 485.00
547.00 484.96
547.96 484.00
548.00 483.96
548.96 483.00
549.00 482.96
549.96 482.00
550.00 481.96
550.96 481.00
551.00 480.96
551.96 480.00
552.00 479.96
552.96 479.00
553.00 478.96
553.96 478.00
553.96 477.00
554.00 476.96
554.96 476.00
554.96 475.00
555.00 474.96
555.96 474.00
555.96 473.00
556.00 472.96
556.96 472.00
556.96 471.00
556.96 470.00
556.96 469.00
557.00 468.96
557.96 468.00
557.96 467.00
557.96 466.00
557.96 465.00
557.96 464.00
557.96 463.00
557.96 462.00
558.00 461.96
558.96 461.00

Contour 13:
562.96 331.00
562.96 330.00
562.96 329.00
562.96 328.00
562.96 327.00
562.96 326.00
562.96 325.00
562.96 324.00
562.96 323.00
562.96 322.00
562.96 321.00
562.00 320.04
561.96 320.00
561.96 319.00
561.96 318.00
561.96 317.00
561.00 316.04
560.96 316.00
560.96 315.00
560.96 314.00
560.96 313.00
560.00 312.04
559.96 312.00
559.96 311.00
559.96 310.00
559.00 309.04
558.96 309.00
558.96 308.00
558.00 307.04
557.96 307.00
557.96 306.00
557.00 305.04
556.96 305.00
556.96 304.00
556.00 303.04
555.96 303.00
555.96 302.00
555.00 301.04
554.96 301.00
554.00 300.04
553.96 300.00
553.00 299.04
552.96 299.00
552.00 298.04
551.96 298.00
551.00 297.04
550.96 297.00
550.00 296.04
549.00 296.04
548.96 296.00
548.00 295.04
547.00 295.04
546.96 295.00
546.00 294.04
545.96 294.00
545.00 293.04
544.00 293.04
543.96 293.00
543.00 292.04
542.00 292.04
541.00 292.04
540.96 292.00
540.00 291.04
539.00 291.04
538.00 291.04
537.00 291.04
536.00 291.04
535.96 291.00
535.00 290.04
534.00 290.04
533.00 290.04
532.00 290.04
531.00 290.04
530.00 290.04
529.04 291.00
529.00 291.04
528.00 291.04
527.00 291.04
526.00 291.04
525.04 292.00
525.00 292.04
524.00 292.04
523.00 292.04
522.04 293.00
522.00 293.04
521.00 293.04
520.04 294.00
520.00 294.04
519.04 295.00
519.00 295.04
518.00 295.04
517.04 296.00
517.00 296.04
516.04 297.00
516.00 297.04
515.04 298.00
515.00 298.04
514.00 298.04
513.04 299.00
513.04 300.00
513.00 300.04
512.04 301.00
512.00 301.04
511.04 302.00
511.00 302.04
510.04 303.00
510.04 304.00
510.00 304.04
509.04 305.00
509.04 306.00
509.00 306.04
508.04 307.00
508.04 308.00
508.00 308.04
507.04 309.00
507.04 310.00
507.04 311.00
507.00 311.04
506.04 312.00
506.04 313.00
506.00 313.04
505.04 314.00
505.04 315.00
505.04 316.00
505.04 317.00
505.04 318.00
505.04 319.00
505.00 319.04
504.04 320.00
504.04 321.00
504.04 322.00
504.04 323.00
505.00 323.96
505.04 324.00
505.04 325.00
505.04 326.00
505.04 327.00
505.04 328.00
506.00 328.96
506.04 329.00
506.04 330.00
506.04 331.00
506.04 332.00
507.00 332.96
507.04 333.00
507.04 334.00
507.04 335.00
508.00 335.96
508.04 336.00
508.04 337.00
508.04 338.00
509.00 338.96
509.04 339.00
509.04 340.00
510.00 340.96
510.04 341.00
510.04 342.00
511.00 342.96
511.04 343.00
511.04 344.00
512.00 344.96
512.04 345.00
512.04 346.00
513.00 346.96
513.04 347.00
513.04 348.00
514.00 348.96
514.04 349.00
515.00 349.96
515.04 350.00
516.00 350.96
516.04 351.00
517.00 351.96
518.00 351.96
518.04 352.00
519.00 352.96
520.00 352.96
520.04 353.00
521.00 353.96
522.00 353.96
523.00 353.96
524.00 353.96
524.04 354.00
525.00 354.96
526.00 354.96
527.00 354.96
528.00 354.96
529.00 354.96
530.00 354.96
531.00 354.96
532.00 354.96
533.00 354.96
534.00 354.96
535.00 354.96
536.00 354.96
537.00 354.96
538.00 354.96
539.00 354.96
540.00 354.96
540.96 354.00
541.00 353.96
542.00 353.96
543.00 353.96
543.96 353.00
544.00 352.96
545.00 352.96
545.96 352.00
546.00 351.96
547.00 351.96
547.96 351.00
548.00 350.96
549.00 350.96
549.96 350.00
550.00 349.96
551.00 349.96
551.96 349.00
552.00 348.96
552.96 348.00
553.00 347.96
553.96 347.00
554.00 346.96
554.96 346.00
555.00 345.96
555.96 345.00
556.00 344.96
556.96 344.00
557.00 343.96
557.96 343.00
558.00 342.96
558.96 342.00
559.00 341.96
559.96 341.00
559.96 340.00
559.96 339.00
560.00 338.96
560.96 338.00
560.96 337.00
560.96 336.00
561.00 335.96
561.96 335.00
561.96 334.00
561.96 333.00
561.96 332.00
562.00 331.96
562.96 331.00

Contour 14:
580.97 574.00
580.97 573.00
580.97 572.00
580.97 571.00
580.00 570.03
579.97 570.00
579.97 569.00
579.97 568.00
579.97 567.00
579.97 566.00
579.97 565.00
579.97 564.00
579.00 563.03
578.97 563.00
578.97 562.00
578.00 561.03
577.97 561.00
577.97 560.00
577.00 559.03
576.97 559.00
576.00 558.03
575.97 558.00
575.00 557.03
574.97 557.00
574.97 556.00
574.00 555.03
573.97 555.00
573.00 554.03
572.97 554.00
572.00 553.03
571.97 553.00
571.00 552.03
570.97 552.00
570.00 551.03
569.97 551.00
569.00 550.03
568.97 550.00
568.00 549.03
567.00 549.03
566.97 549.00
566.00 548.03
565.00 548.03
564.00 548.03
563.97 548.00
563.00 547.03
562.00 547.03
561.00 547.03
560.00 547.03
559.97 547.00
559.00 546.03
558.00 546.03
557.00 546.03
556.00 546.03
555.00 546.03
554.00 546.03
553.00 546.03
552.00 546.03
551.00 546.03
550.00 546.03
549.03 547.00
549.00 547.03
548.00 547.03
547.00 547.03
546.00 547.03
545.03 548.00
545.00 548.03
544.03 549.00
544.00 549.03
543.00 549.03
542.03 550.00
542.00 550.03
541.00 550.03
540.03 551.00
540.00 551.03
539.00 551.03
538.03 552.00
538.00 552.03
537.00 552.03
536.03 553.00
536.00 553.03
535.00 553.03
534.03 554.00
534.00 554.03
533.03 555.00
533.00 555.03
532.00 555.03
531.03 556.00
531.00 556.03
530.03 557.00
530.00 557.03
529.03 558.00
529.00 558.03
528.03 559.00
528.00 559.03
527.03 560.00
527.00 560.03
526.03 561.00
526.03 562.00
526.00 562.03
525.03 563.00
525.03 564.00
525.00 564.03
524.03 565.00
524.03 566.00
524.03 567.00
524.00 567.03
523.03 568.00
523.03 569.00
523.03 570.00
523.00 570.03
522.03 571.00
522.03 572.00
522.03 573.00
522.03 574.00
522.00 574.03
521.03 575.00
521.03 576.00
521.03 577.00
521.03 578.00
521.03 579.00
521.03 580.00
521.03 581.00
521.03 582.00
521.03 583.00
522.00 583.97
522.03 584.00
522.03 585.00
522.03 586.00
522.03 587.00
523.00 587.97
523.03 588.00
523.03 589.00
523.03 590.00
524.00 590.97
524.03 591.00
524.03 592.00
524.03 593.00
525.00 593.97
525.03 594.00
525.03 595.00
526.00 595.97
526.03 596.00
527.00 596.97
527.03 597.00
527.03 598.00
528.00 598.97
528.03 599.00
528.03 600.00
529.00 600.97
529.03 601.00
530.00 601.97
530.03 602.00
531.00 602.97
531.03 603.00
531.03 604.00
532.00 604.97
532.03 605.00
533.00 605.97
533.03 606.00
534.00 606.97
534.03 607.00
535.00 607.97
535.03 608.00
536.00 608.97
536.03 609.00
537.00 609.97
538.00 609.97
539.00 609.97
539.03 610.00
540.00 610.97
541.00 610.97
542.00 610.97
542.03 611.00
543.00 611.97
544.00 611.97
545.00 611.97
546.00 611.97
547.00 611.97
548.00 611.97
549.00 611.97
550.00 611.97
551.00 611.97
552.00 611.97
553.00 611.97
554.00 611.97
555.00 611.97
556.00 611.97
557.00 611.97
558.00 611.97
558.97 611.00
559.00 610.97
560.00 610.97
560.97 610.00
561.00 609.97
562.00 609.97
562.97 609.00
563.00 608.97
564.00 608.97
564.97 608.00
565.00 607.97
565.97 607.00
566.00 606.97
567.00 606.97
567.97 606.00
568.00 605.97
568.97 605.00
568.97 604.00
569.00 603.97
569.97 603.00
570.00 602.97
570.97 602.00
570.97 601.00
571.00 600.97
571.97 600.00
572.00 599.97
572.97 599.00
572.97 598.00
573.00 597.97
573.97 597.00
573.97 596.00
574.00 595.97
574.97 595.00
574.97 594.00
574.97 593.00
575.00 592.97
575.97 592.00
575.97 591.00
575.97 590.00
576.00 589.97
576.97 589.00
576.97 588.00
576.97 587.00
577.00 586.97
577.97 586.00
577.97 585.00
577.97 584.00
577.97 583.00
578.00 582.97
578.97 582.00
578.97 581.00
578.97 580.00
578.97 579.00
579.00 578.97
579.97 578.00
579.97 577.00
579.97 576.00
579.97 575.00
580.00 574.97
580.97 574.00

Contour 15:
636.97 661.00
636.97 660.00
636.97 659.00
636.97 658.00
636.97 657.00
636.97 656.00
636.00 655.03
635.97 655.00
635.97 654.00
635.97 653.00
635.97 652.00
635.97 651.00
635.00 650.03
634.97 650.00
634.97 649.00
634.97 648.00
634.00 647.03
633.97 647.00
633.97 646.00
633.97 645.00
633.00 644.03
632.97 644.00
632.97 643.00
632.00 642.03
631.97 642.00
631.97 641.00
631.00 640.03
630.97 640.00
630.00 639.03
629.97 639.00
629.00 638.03
628.97 638.00
628.97 637.00
628.00 636.03
627.97 636.00
627.00 635.03
626.97 635.00
626.00 634.03
625.97 634.00
625.00 633.03
624.00 633.03
623.97 633.00
623.00 632.03
622.97 632.00
622.00 631.03
621.97 631.00
621.00 630.03
620.00 630.03
619.97 630.00
619.00 629.03
618.00 629.03
617.97 629.00
617.00 628.03
616.97 628.00
616.00 627.03
615.00 627.03
614.97 627.00
614.00 626.03
613.00 626.03
612.97 626.00
612.00 625.03
611.00 625.03
610.97 625.00
610.00 624.03
609.00 624.03
608.97 624.00
608.00 623.03
607.00 623.03
606.00 623.03
605.00 623.03
604.00 623.03
603.00 623.03
602.00 623.03
601.00 623.03
600.00 623.03
599.00 623.03
598.00 623.03
597.00 623.03
596.00 623.03
595.03 624.00
595.00 624.03
594.00 624.03
593.00 624.03
592.00 624.03
591.03 625.00
591.00 625.03
590.00 625.03
589.03 626.00
589.00 626.03
588.03 627.00
588.00 627.03
587.00 627.03
586.03 628.00
586.00 628.03
585.03 629.00
585.00 629.03
584.03 630.00
584.00 630.03
583.03 631.00
583.00 631.03
582.03 632.00
582.00 632.03
581.03 633.00
581.00 633.03
580.03 634.00
580.00 634.03
579.03 635.00
579.03 636.00
579.00 636.03
578.03 637.00
578.03 638.00
578.00 638.03
577.03 639.00
577.03 640.00
577.00 640.03
576.03 641.00
576.03 642.00
576.00 642.03
575.03 643.00
575.03 644.00
575.03 645.00
575.03 646.00
575.00 646.03
574.03 647.00
574.03 648.00
574.03 649.00
574.03 650.00
574.03 651.00
574.03 652.00
574.00 652.03
573.03 653.00
573.03 654.00
573.03 655.00
573.03 656.00
573.03 657.00
573.03 658.00
574.00 658.97
574.03 659.00
574.03 660.00
574.03 661.00
574.03 662.00
575.00 662.97
575.03 663.00
575.03 664.00
575.03 665.00
575.03 666.00
576.00 666.97
576.03 667.00
576.03 668.00
576.03 669.00
577.00 669.97
577.03 670.00
577.03 671.00
578.00 671.97
578.03 672.00
579.00 672.97
579.03 673.00
579.03 674.00
580.00 674.97
580.03 675.00
581.00 675.97
581.03 676.00
582.00 676.97
582.03 677.00
582.03 678.00
583.00 678.97
583.03 679.00
584.00 679.97
584.03 680.00
585.00 680.97
585.03 681.00
586.00 681.97
586.03 682.00
587.00 682.97
588.00 682.97
588.03 683.00
589.00 683.97
589.03 684.00
590.00 684.97
590.03 685.00
591.00 685.97
592.00 685.97
592.03 686.00
593.00 686.97
594.00 686.97
594.03 687.00
595.00 687.97
596.00 687.97
596.03 688.00
597.00 688.97
598.00 688.97
599.00 688.97
600.00 688.97
601.00 688.97
602.00 688.97
602.03 689.00
603.00 689.97
604.00 689.97
605.00 689.97
606.00 689.97
607.00 689.97
608.00 689.97
609.00 689.97
610.00 689.97
610.97 689.00
611.00 688.97
612.00 688.97
613.00 688.97
614.00 688.97
615.00 688.97
616.00 688.97
616.97 688.00
617.00 687.97
618.00 687.97
618.97 687.00
619.00 686.97
620.00 686.97
620.97 686.00
621.00 685.97
622.00 685.97
622.97 685.00
623.00 684.97
624.00 684.97
624.97 684.00
625.00 683.97
625.97 683.00
626.00 682.97
626.97 682.00
627.00 681.97
628.00 681.97
628.97 681.00
628.97 680.00
629.00 679.97
629.97 679.00
630.00 678.97
630.97 678.00
631.00 677.97
631.97 677.00
631.97 676.00
632.00 675.97
632.97 675.00
632.97 674.00
632.97 673.00
633.00 672.97
633.97 672.00
633.97 671.00
633.97 670.00
634.00 669.97
634.97 669.00
634.97 668.00
634.97 667.00
635.00 666.97
635.97 666.00
635.97 665.00
635.97 664.00
635.97 663.00
635.97 662.00
636.00 661.97
636.97 661.00

Contour 16:
656.97 479.00
656.00 478.03
655.97 478.00
655.97 477.00
655.97 476.00
655.97 475.00
655.97 474.00
655.97 473.00
655.00 472.03
654.97 472.00
654.97 471.00
654.97 470.00
654.00 469.03
653.97 469.00
653.97 468.00
653.00 467.03
652.97 467.00
652.97 466.00
652.00 465.03
651.97 465.00
651.97 464.00
651.00 463.03
650.97 463.00
650.97 462.00
650.00 461.03
649.97 461.00
649.97 460.00
649.00 459.03
648.97 459.00
648.97 458.00
648.00 457.03
647.97 457.00
647.97 456.00
647.97 455.00
647.00 454.03
646.97 454.00
646.97 453.00
646.00 452.03
645.97 452.00
645.97 451.00
645.00 450.03
644.97 450.00
644.00 449.03
643.97 449.00
643.00 448.03
642.97 448.00
642.00 447.03
641.97 447.00
641.00 446.03
640.97 446.00
640.00 445.03
639.97 445.00
639.00 444.03
638.00 444.03
637.97 444.00
637.00 443.03
636.00 443.03
635.00 443.03
634.97 443.00
634.00 442.03
633.00 442.03
632.00 442.03
631.00 442.03
630.97 442.00
630.00 441.03
629.00 441.03
628.00 441.03
627.03 442.00
627.00 442.03
626.00 442.03
625.00 442.03
624.00 442.03
623.00 442.03
622.03 443.00
622.00 443.03
621.00 443.03
620.00 443.03
619.03 444.00
619.00 444.03
618.00 444.03
617.03 445.00
617.00 445.03
616.00 445.03
615.00 445.03
614.03 446.00
614.00 446.03
613.00 446.03
612.03 447.00
612.00 447.03
611.03 448.00
611.00 448.03
610.00 448.03
609.03 449.00
609.00 449.03
608.03 450.00
608.00 450.03
607.00 450.03
606.03 451.00
606.00 451.03
605.03 452.00
605.00 452.03
604.03 453.00
604.00 453.03
603.03 454.00
603.00 454.03
602.03 455.00
602.00 455.03
601.03 456.00
601.00 456.03
600.03 457.00
600.03 458.00
600.00 458.03
599.03 459.00
599.03 460.00
599.00 460.03
598.03 461.00
598.03 462.00
598.00 462.03
597.03 463.00
597.03 464.00
597.03 465.00
597.00 465.03
596.03 466.00
596.03 467.00
596.03 468.00
596.03 469.00
596.00 469.03
595.03 470.00
595.03 471.00
595.03 472.00
595.03 473.00
595.03 474.00
595.03 475.00
595.03 476.00
595.00 476.03
594.03 477.00
594.03 478.00
594.03 479.00
594.03 480.00
594.03 481.00
594.03 482.00
594.03 483.00
595.00 483.97
595.03 484.00
595.03 485.00
595.03 486.00
595.03 487.00
596.00 487.97
596.03 488.00
596.03 489.00
596.03 490.00
597.00 490.97
597.03 491.00
598.00 491.97
598.03 492.00
598.03 493.00
599.00 493.97
599.03 494.00
599.03 495.00
600.00 495.97
600.03 496.00
601.00 496.97
601.03 497.00
602.00 497.97
602.03 498.00
603.00 498.97
603.03 499.00
604.00 499.97
604.03 500.00
605.00 500.97
605.03 501.00
606.00 501.97
607.00 501.97
607.03 502.00
608.00 502.97
609.00 502.97
609.03 503.00
610.00 503.97
611.00 503.97
611.03 504.00
612.00 504.97
613.00 504.97
613.03 505.00
614.00 505.97
615.00 505.97
616.00 505.97
616.03 506.00
617.00 506.97
618.00 506.97
619.00 506.97
619.03 507.00
620.00 507.97
621.00 507.97
622.00 507.97
623.00 507.97
623.03 508.00
624.00 508.97
625.00 508.97
626.00 508.97
627.00 508.97
628.00 508.97
629.00 508.97
630.00 508.97
630.97 508.00
631.00 507.97
632.00 507.97
633.00 507.97
634.00 507.97
635.00 507.97
636.00 507.97
637.00 507.97
637.97 507.00
638.00 506.97
639.00 506.97
640.00 506.97
640.97 506.00
641.00 505.97
642.00 505.97
642.97 505.00
643.00 504.97
644.00 504.97
644.97 504.00
645.00 503.97
645.97 503.00
646.00 502.97
646.97 502.00
647.00 501.97
647.97 501.00
648.00 500.97
648.97 500.00
649.00 499.97
649.97 499.00
649.97 498.00
650.00 497.97
650.97 497.00
651.00 496.97
651.97 496.00
651.97 495.00
652.00 494.97
652.97 494.00
652.97 493.00
652.97 492.00
653.00 491.97
653.97 491.00
653.97 490.00
654.00 489.97
654.97 489.00
654.97 488.00
654.97 487.00
655.00 486.97
655.97 486.00
655.97 485.00
655.97 484.00
655.97 483.00
655.97 482.00
655.97 481.00
655.97 480.00
656.00 479.97
656.97 479.00

Contour 17:
674.97 319.00
674.97 318.00
674.97 317.00
674.97 316.00
674.97 315.00
674.97 314.00
674.97 313.00
674.97 312.00
674.97 311.00
674.97 310.00
674.97 309.00
674.97 308.00
674.97 307.00
674.00 306.03
673.97 306.00
673.97 305.00
673.00 304.03
672.97 304.00
672.97 303.00
672.00 302.03
671.97 302.00
671.00 301.03
670.97 301.00
670.00 300.03
669.97 300.00
669.00 299.03
668.97 299.00
668.00 298.03
667.97 298.00
667.00 297.03
666.97 297.00
666.00 296.03
665.97 296.00
665.97 295.00
665.00 294.03
664.00 294.03
663.97 294.00
663.00 293.03
662.97 293.00
662.00 292.03
661.97 292.00
661.00 291.03
660.97 291.00
660.00 290.03
659.00 290.03
658.97 290.00
658.00 289.03
657.00 289.03
656.97 289.00
656.00 288.03
655.00 288.03
654.97 288.00
654.00 287.03
653.00 287.03
652.00 287.03
651.00 287.03
650.97 287.00
650.00 286.03
649.00 286.03
648.00 286.03
647.00 286.03
646.00 286.03
645.00 286.03
644.00 286.03
643.00 286.03
642.00 286.03
641.00 286.03
640.00 286.03
639.00 286.03
638.03 287.00
638.00 287.03
637.00 287.03
636.00 287.03
635.00 287.03
634.00 287.03
633.03 288.00
633.00 288.03
632.00 288.03
631.00 288.03
630.00 288.03
629.03 289.00
629.00 289.03
628.00 289.03
627.03 290.00
627.00 290.03
626.00 290.03
625.03 291.00
625.00 291.03
624.00 291.03
623.03 292.00
623.00 292.03
622.00 292.03
621.03 293.00
621.00 293.03
620.03 294.00
620.00 294.03
619.03 295.00
619.00 295.03
618.00 295.03
617.03 296.00
617.00 296.03
616.03 297.00
616.00 297.03
615.03 298.00
615.00 298.03
614.03 299.00
614.03 300.00
614.00 300.03
613.03 301.00
613.00 301.03
612.03 302.00
612.03 303.00
612.00 303.03
611.03 304.00
611.03 305.00
611.00 305.03
610.03 306.00
610.03 307.00
610.03 308.00
610.00 308.03
609.03 309.00
609.03 310.00
609.03 311.00
609.03 312.00
609.03 313.00
609.03 314.00
609.03 315.00
609.03 316.00
609.03 317.00
609.03 318.00
609.03 319.00
610.00 319.97
610.03 320.00
610.03 321.00
610.03 322.00
610.03 323.00
611.00 323.97
611.03 324.00
611.03 325.00
612.00 325.97
612.03 326.00
612.03 327.00
613.00 327.97
613.03 328.00
614.00 328.97
614.03 329.00
614.03 330.00
615.00 330.97
615.03 331.00
616.00 331.97
616.03 332.00
617.00 332.97
617.03 333.00
618.00 333.97
618.03 334.00
619.00 334.97
619.03 335.00
620.00 335.97
620.03 336.00
621.00 336.97
621.03 337.00
622.00 337.97
622.03 338.00
623.00 338.97
624.00 338.97
624.03 339.00
625.00 339.97
625.03 340.00
626.00 340.97
627.00 340.97
627.03 341.00
628.00 341.97
629.00 341.97
630.00 341.97
630.03 342.00
631.00 342.97
632.00 342.97
633.00 342.97
634.00 342.97
635.00 342.97
636.00 342.97
636.03 343.00
637.00 343.97
638.00 343.97
639.00 343.97
640.00 343.97
641.00 343.97
642.00 343.97
642.97 343.00
643.00 342.97
644.00 342.97
645.00 342.97
646.00 342.97
647.00 342.97
648.00 342.97
649.00 342.97
649.97 342.00
650.00 341.97
651.00 341.97
652.00 341.97
653.00 341.97
654.00 341.97
654.97 341.00
655.00 340.97
656.00 340.97
657.00 340.97
658.00 340.97
658.97 340.00
659.00 339.97
660.00 339.97
661.00 339.97
661.97 339.00
662.00 338.97
663.00 338.97
663.97 338.00
664.00 337.97
664.97 337.00
665.00 336.97
665.97 336.00
666.00 335.97
666.97 335.00
667.00 334.97
667.97 334.00
668.00 333.97
668.97 333.00
668.97 332.00
669.00 331.97
669.97 331.00
669.97 330.00
670.00 329.97
670.97 329.00
670.97 328.00
671.00 327.97
671.97 327.00
671.97 326.00
672.00 325.97
672.97 325.00
672.97 324.00
673.00 323.97
673.97 323.00
673.97 322.00
673.97 321.00
673.97 320.00
674.00 319.97
674.97 319.00

Contour 18:
718.97 419.00
718.97 418.00
718.97 417.00
718.97 416.00
718.97 415.00
718.97 414.00
718.00 413.03
717.97 413.00
717.97 412.00
717.97 411.00
717.00 410.03
716.97 410.00
716.97 409.00
716.00 408.03
715.97 408.00
715.97 407.00
715.00 406.03
714.97 406.00
714.97 405.00
714.00 404.03
713.97 404.00
713.97 403.00
713.00 402.03
712.97 402.00
712.00 401.03
711.97 401.00
711.00 400.03
710.97 400.00
710.00 399.03
709.97 399.00
709.00 398.03
708.97 398.00
708.00 397.03
707.97 397.00
707.00 396.03
706.97 396.00
706.00 395.03
705.97 395.00
705.00 394.03
704.97 394.00
704.00 393.03
703.00 393.03
702.97 393.00
702.00 392.03
701.00 392.03
700.97 392.00
700.00 391.03
699.00 391.03
698.97 391.00
698.00 390.03
697.00 390.03
696.97 390.00
696.00 389.03
695.97 389.00
695.00 388.03
694.00 388.03
693.97 388.00
693.00 387.03
692.00 387.03
691.97 387.00
691.00 386.03
690.00 386.03
689.97 386.00
689.00 385.03
688.97 385.00
688.00 384.03
687.00 384.03
686.97 384.00
686.00 383.03
685.00 383.03
684.00 383.03
683.00 383.03
682.97 383.00
682.00 382.03
681.00 382.03
680.00 382.03
679.00 382.03
678.00 382.03
677.00 382.03
676.00 382.03
675.00 382.03
674.00 382.03
673.00 382.03
672.03 383.00
672.00 383.03
671.00 383.03
670.00 383.03
669.00 383.03
668.03 384.00
668.00 384.03
667.00 384.03
666.00 384.03
665.03 385.00
665.00 385.03
664.00 385.03
663.00 385.03
662.03 386.00
662.00 386.03
661.03 387.00
661.00 387.03
660.00 387.03
659.03 388.00
659.00 388.03
658.03 389.00
658.00 389.03
657.03 390.00
657.00 390.03
656.03 391.00
656.03 392.00
656.00 392.03
655.03 393.00
655.00 393.03
654.03 394.00
654.03 395.00
654.00 395.03
653.03 396.00
653.00 396.03
652.03 397.00
652.03 398.00
652.03 399.00
652.00 399.03
651.03 400.00
651.03 401.00
651.03 402.00
651.03 403.00
651.03 404.00
651.03 405.00
651.03 406.00
651.03 407.00
651.03 408.00
651.03 409.00
651.03 410.00
651.03 411.00
651.03 412.00
651.03 413.00
651.03 414.00
652.00 414.97
652.03 415.00
652.03 416.00
652.03 417.00
653.00 417.97
653.03 418.00
653.03 419.00
654.00 419.97
654.03 420.00
655.00 420.97
655.03 421.00
655.03 422.00
656.00 422.97
656.03 423.00
657.00 423.97
657.03 424.00
658.00 424.97
658.03 425.00
659.00 425.97
659.03 426.00
660.00 426.97
660.03 427.00
661.00 427.97
661.03 428.00
662.00 428.97
662.03 429.00
663.00 429.97
664.00 429.97
664.03 430.00
665.00 430.97
666.00 430.97
666.03 431.00
667.00 431.97
668.00 431.97
668.03 432.00
669.00 432.97
670.00 432.97
670.03 433.00
671.00 433.97
672.00 433.97
673.00 433.97
673.03 434.00
674.00 434.97
675.00 434.97
676.00 434.97
677.00 434.97
677.03 435.00
678.00 435.97
679.00 435.97
680.00 435.97
681.00 435.97
681.03 436.00
682.00 436.97
683.00 436.97
684.00 436.97
685.00 436.97
686.00 436.97
687.00 436.97
688.00 436.97
689.00 436.97
690.00 436.97
691.00 436.97
691.03 437.00
692.00 437.97
693.00 437.97
694.00 437.97
695.00 437.97
696.00 437.97
697.00 437.97
698.00 437.97
699.00 437.97
700.00 437.97
701.00 437.97
701.97 437.00
702.00 436.97
703.00 436.97
704.00 436.97
704.97 436.00
705.00 435.97
706.00 435.97
706.97 435.00
707.00 434.97
708.00 434.97
708.97 434.00
709.00 433.97
709.97 433.00
710.00 432.97
710.97 432.00
711.00 431.97
711.97 431.00
712.00 430.97
712.97 430.00
713.00 429.97
713.97 429.00
713.97 428.00
714.00 427.97
714.97 427.00
715.00 426.97
715.97 426.00
715.97 425.00
716.00 424.97
716.97 424.00
716.97 423.00
717.00 422.97
717.97 422.00
717.97 421.00
717.97 420.00
718.00 419.97
718.97 419.00

Contour 19:
790.98 878.00
790.98 877.00
790.98 876.00
790.98 875.00
790.00 874.02
789.98 874.00
789.98 873.00
789.98 872.00
789.98 871.00
789.00 870.02
788.98 870.00
788.98 869.00
788.98 868.00
788.00 867.02
787.98 867.00
787.98 866.00
787.00 865.02
786.98 865.00
786.00 864.02
785.98 864.00
785.00 863.02
784.98 863.00
784.00 862.02
783.98 862.00
783.00 861.02
782.98 861.00
782.98 860.00
782.00 859.02
781.98 859.00
781.00 858.02
780.98 858.00
780.00 857.02
779.98 857.00
779.00 856.02
778.98 856.00
778.00 855.02
777.98 855.00
777.00 854.02
776.00 854.02
775.98 854.00
775.00 853.02
774.00 853.02
773.98 853.00
773.00 852.02
772.00 852.02
771.98 852.00
771.00 851.02
770.00 851.02
769.00 851.02
768.98 851.00
768.00 850.02
767.00 850.02
766.00 850.02
765.00 850.02
764.00 850.02
763.98 850.00
763.00 849.02
762.00 849.02
761.00 849.02
760.00 849.02
759.00 849.02
758.98 849.00
758.00 848.02
757.00 848.02
756.00 848.02
755.02 849.00
755.00 849.02
754.00 849.02
753.00 849.02
752.00 849.02
751.00 849.02
750.02 850.00
750.00 850.02
749.00 850.02
748.00 850.02
747.02 851.00
747.00 851.02
746.00 851.02
745.02 852.00
745.00 852.02
744.02 853.00
744.00 853.02
743.00 853.02
742.02 854.00
742.00 854.02
741.02 855.00
741.00 855.02
740.00 855.02
739.02 856.00
739.00 856.02
738.02 857.00
738.00 857.02
737.02 858.00
737.00 858.02
736.02 859.00
736.00 859.02
735.02 860.00
735.00 860.02
734.02 861.00
734.00 861.02
733.02 862.00
733.00 862.02
732.02 863.00
732.02 864.00
732.00 864.02
731.02 865.00
731.00 865.02
730.02 866.00
730.02 867.00
730.00 867.02
729.02 868.00
729.00 868.02
728.02 869.00
728.00 869.02
727.00 869.02
726.98 869.00
726.00 868.02
725.98 868.00
725.00 867.02
724.98 867.00
724.00 866.02
723.98 866.00
723.00 865.02
722.98 865.00
722.98 864.00
722.00 863.02
721.98 863.00
721.00 862.02
720.98 862.00
720.00 861.02
719.98 861.00
719.00 860.02
718.00 860.02
717.98 860.00
717.00 859.02
716.98 859.00
716.00 858.02
715.00 858.02
714.98 858.00
714.00 857.02
713.00 857.02
712.00 857.02
711.98 857.00
711.00 856.02
710.00 856.02
709.00 856.02
708.00 856.02
707.00 856.02
706.00 856.02
705.00 856.02
704.00 856.02
703.00 856.02
702.00 856.02
701.02 857.00
701.00 857.02
700.00 857.02
699.00 857.02
698.00 857.02
697.02 858.00
697.00 858.02
696.00 858.02
695.02 859.00
695.00 859.02
694.00 859.02
693.02 860.00
693.00 860.02
692.00 860.02
691.02 861.00
691.00 861.02
690.00 861.02
689.02 862.00
689.00 862.02
688.02 863.00
688.00 863.02
687.02 864.00
687.00 864.02
686.02 865.00
686.00 865.02
685.02 866.00
685.00 866.02
684.02 867.00
684.00 867.02
683.02 868.00
683.00 868.02
682.02 869.00
682.00 869.02
681.02 870.00
681.02 871.00
681.00 871.02
680.02 872.00
680.00 872.02
679.02 873.00
679.02 874.00
679.00 874.02
678.02 875.00
678.02 876.00
678.02 877.00
678.00 877.02
677.02 878.00
677.02 879.00
677.00 879.02
676.02 880.00
676.02 881.00
676.02 882.00
676.02 883.00
676.02 884.00
676.00 884.02
675.02 885.00
675.02 886.00
675.02 887.00
675.02 888.00
675.02 889.00
675.02 890.00
675.02 891.00
675.02 892.00
675.02 893.00
675.02 894.00
676.00 894.98
676.02 895.00
676.02 896.00
676.02 897.00
676.02 898.00
676.02 899.00
676.02 900.00
677.00 900.98
677.02 901.00
677.02 902.00
677.02 903.00
677.02 904.00
678.00 904.98
678.02 905.00
678.02 906.00
678.02 907.00
679.00 907.98
679.02 908.00
679.02 909.00
680.00 909.98
680.02 910.00
680.02 911.00
681.00 911.98
681.02 912.00
682.00 912.98
682.02 913.00
683.00 913.98
683.02 914.00
683.02 915.00
684.00 915.98
684.02 916.00
685.00 916.98
685.02 917.00
686.00 917.98
687.00 917.98
687.02 918.00
688.00 918.98
688.02 919.00
689.00 919.98
689.02 920.00
690.00 920.98
691.00 920.98
691.02 921.00
692.00 921.98
693.00 921.98
693.02 922.00
694.00 922.98
694.02 923.00
695.00 923.98
696.00 923.98
696.02 924.00
697.00 924.98
698.00 924.98
699.00 924.98
699.02 925.00
700.00 925.98
701.00 925.98
701.02 926.00
702.00 926.98
703.00 926.98
704.00 926.98
705.00 926.98
706.00 926.98
707.00 926.98
708.00 926.98
709.00 926.98
710.00 926.98
711.00 926.98
712.00 926.98
713.00 926.98
714.00 926.98
714.98 926.00
715.00 925.98
716.00 925.98
717.00 925.98
717.98 925.00
718.00 924.98
719.00 924.98
719.98 924.00
720.00 923.98
721.00 923.98
721.98 923.00
722.00 922.98
722.98 922.00
723.00 921.98
723.98 921.00
724.00 920.98
725.00 920.98
725.98 920.00
726.00 919.98
726.98 919.00
726.98 918.00
727.00 917.98
727.98 917.00
728.00 916.98
728.98 916.00
728.98 915.00
729.00 914.98
729.98 914.00
730.00 913.98
730.98 913.00
730.98 912.00
731.00 911.98
731.98 911.00
731.98 910.00
732.00 909.98
732.98 909.00
732.98 908.00
733.00 907.98
733.98 907.00
734.00 906.98
735.00 906.98
736.00 906.98
737.00 906.98
737.02 907.00
738.00 907.98
738.02 908.00
739.00 908.98
739.02 909.00
740.00 909.98
740.02 910.00
741.00 910.98
741.02 911.00
742.00 911.98
742.02 912.00
743.00 912.98
743.02 913.00
744.00 913.98
745.00 913.98
745.02 914.00
746.00 914.98
747.00 914.98
747.02 915.00
748.00 915.98
749.00 915.98
749.02 916.00
750.00 916.98
751.00 916.98
752.00 916.98
753.00 916.98
754.00 916.98
755.00 916.98
756.00 916.98
757.00 916.98
758.00 916.98
759.00 916.98
760.00 916.98
761.00 916.98
762.00 916.98
762.98 916.00
763.00 915.98
764.00 915.98
765.00 915.98
765.98 915.00
766.00 914.98
767.00 914.98
767.98 914.00
768.00 913.98
769.00 913.98
769.98 913.00
770.00 912.98
771.00 912.98
771.98 912.00
772.00 911.98
773.00 911.98
773.98 911.00
774.00 910.98
774.98 910.00
775.00 909.98
776.00 909.98
776.98 909.00
777.00 908.98
777.98 908.00
777.98 907.00
778.00 906.98
778.98 906.00
779.00 905.98
779.98 905.00
780.00 904.98
780.98 904.00
781.00 903.98
781.98 903.00
781.98 902.00
782.00 901.98
782.98 901.00
782.98 900.00
783.00 899.98
783.98 899.00
783.98 898.00
784.00 897.98
784.98 897.00
785.00 896.98
785.98 896.00
785.98 895.00
786.00 894.98
786.98 894.00
786.98 893.00
787.00 892.98
787.98 892.00
787.98 891.00
788.00 890.98
788.98 890.00
788.98 889.00
788.98 888.00
788.98 887.00
789.00 886.98
789.98 886.00
789.98 885.00
789.98 884.00
789.98 883.00
789.98 882.00
789.98 881.00
789.98 880.00
789.98 879.00
790.00 878.98
790.98 878.00

Contour 20:
744.98 614.00
744.98 613.00
744.98 612.00
744.98 611.00
744.98 610.00
744.98 609.00
744.98 608.00
744.98 607.00
744.98 606.00
744.98 605.00
744.98 604.00
744.98 603.00
744.98 602.00
744.98 601.00
744.98 600.00
744.98 599.00
744.98 598.00
744.98 597.00
744.98 596.00
744.00 595.02
743.98 595.00
743.98 594.00
743.98 593.00
743.00 592.02
742.98 592.00
742.98 591.00
742.00 590.02
741.98 590.00
741.98 589.00
741.00 588.02
740.98 588.00
740.00 587.02
739.98 587.00
739.00 586.02
738.98 586.00
738.00 585.02
737.98 585.00
737.00 584.02
736.98 584.00
736.00 583.02
735.00 583.02
734.98 583.00
734.00 582.02
733.98 582.00
733.00 581.02
732.00 581.02
731.98 581.00
731.00 580.02
730.00 580.02
729.00 580.02
728.98 580.00
728.00 579.02
727.00 579.02
726.00 579.02
725.00 579.02
724.00 579.02
723.98 579.00
723.00 578.02
722.00 578.02
721.02 579.00
721.00 579.02
720.00 579.02
719.00 579.02
718.00 579.02
717.00 579.02
716.02 580.00
716.00 580.02
715.00 580.02
714.00 580.02
713.00 580.02
712.02 581.00
712.00 581.02
711.00 581.02
710.02 582.00
710.00 582.02
709.00 582.02
708.02 583.00
708.00 583.02
707.02 584.00
707.00 584.02
706.00 584.02
705.02 585.00
705.00 585.02
704.02 586.00
704.00 586.02
703.02 587.00
703.00 587.02
702.00 587.02
701.02 588.00
701.00 588.02
700.02 589.00
700.00 589.02
699.02 590.00
699.00 590.02
698.02 591.00
698.00 591.02
697.02 592.00
697.00 592.02
696.02 593.00
696.00 593.02
695.02 594.00
695.00 594.02
694.02 595.00
694.02 596.00
694.00 596.02
693.02 597.00
693.00 597.02
692.02 598.00
692.00 598.02
691.02 599.00
691.00 599.02
690.02 600.00
690.00 600.02
689.02 601.00
689.00 601.02
688.02 602.00
688.00 602.02
687.02 603.00
687.02 604.00
687.00 604.02
686.02 605.00
686.00 605.02
685.02 606.00
685.02 607.00
685.00 607.02
684.02 608.00
684.02 609.00
684.02 610.00
684.00 610.02
683.02 611.00
683.02 612.00
683.02 613.00
683.00 613.02
682.02 614.00
682.02 615.00
682.02 616.00
682.00 616.02
681.02 617.00
681.02 618.00
681.02 619.00
681.02 620.00
681.00 620.02
680.02 621.00
680.02 622.00
680.02 623.00
680.02 624.00
681.00 624.98
681.02 625.00
681.02 626.00
681.02 627.00
681.02 628.00
682.00 628.98
682.02 629.00
682.02 630.00
682.02 631.00
683.00 631.98
683.02 632.00
683.02 633.00
684.00 633.98
684.02 634.00
684.02 635.00
684.02 636.00
685.00 636.98
685.02 637.00
685.02 638.00
686.00 638.98
686.02 639.00
687.00 639.98
687.02 640.00
688.00 640.98
688.02 641.00
688.02 642.00
689.00 642.98
690.00 642.98
690.02 643.00
691.00 643.98
691.02 644.00
692.00 644.98
692.02 645.00
693.00 645.98
694.00 645.98
694.02 646.00
695.00 646.98
696.00 646.98
696.02 647.00
697.00 647.98
698.00 647.98
699.00 647.98
699.02 648.00
700.00 648.98
701.00 648.98
702.00 648.98
703.00 648.98
704.00 648.98
705.00 648.98
706.00 648.98
707.00 648.98
708.00 648.98
709.00 648.98
710.00 648.98
711.00 648.98
712.00 648.98
713.00 648.98
713.98 648.00
714.00 647.98
715.00 647.98
716.00 647.98
716.98 647.00
717.00 646.98
718.00 646.98
718.98 646.00
719.00 645.98
720.00 645.98
720.98 645.00
721.00 644.98
721.98 644.00
722.00 643.98
723.00 643.98
723.98 643.00
724.00 642.98
724.98 642.00
725.00 641.98
725.98 641.00
726.00 640.98
726.98 640.00
727.00 639.98
727.98 639.00
728.00 638.98
728.98 638.00
729.00 637.98
729.98 637.00
730.00 636.98
730.98 636.00
731.00 635.98
731.98 635.00
732.00 634.98
732.98 634.00
733.00 633.98
733.98 633.00
734.00 632.98
734.98 632.00
735.00 631.98
735.98 631.00
736.00 630.98
736.98 630.00
737.00 629.98
737.98 629.00
737.98 628.00
738.00 627.98
738.98 627.00
739.00 626.98
739.98 626.00
739.98 625.00
740.00 624.98
740.98 624.00
740.98 623.00
741.00 622.98
741.98 622.00
741.98 621.00
742.00 620.98
742.98 620.00
742.98 619.00
743.00 618.98
743.98 618.00
743.98 617.00
743.98 616.00
743.98 615.00
744.00 614.98
744.98 614.00

Contour 21:
810.98 473.00
810.98 472.00
810.98 471.00
810.98 470.00
810.98 469.00
810.98 468.00
810.98 467.00
810.98 466.00
810.98 465.00
810.98 464.00
810.98 463.00
810.98 462.00
810.98 461.00
810.00 460.02
809.98 460.00
809.98 459.00
809.00 458.02
808.98 458.00
808.98 457.00
808.00 456.02
807.98 456.00
807.00 455.02
806.98 455.00
806.98 454.00
806.00 453.02
805.98 453.00
805.00 452.02
804.98 452.00
804.00 451.02
803.98 451.00
803.00 450.02
802.00 450.02
801.98 450.00
801.00 449.02
800.98 449.00
800.00 448.02
799.00 448.02
798.98 448.00
798.00 447.02
797.00 447.02
796.00 447.02
795.98 447.00
795.00 446.02
794.00 446.02
793.00 446.02
792.00 446.02
791.00 446.02
790.00 446.02
789.00 446.02
788.00 446.02
787.00 446.02
786.00 446.02
785.02 447.00
785.00 447.02
784.00 447.02
783.00 447.02
782.00 447.02
781.02 448.00
781.00 448.02
780.00 448.02
779.02 449.00
779.00 449.02
778.02 450.00
778.00 450.02
777.00 450.02
776.02 451.00
776.00 451.02
775.02 452.00
775.00 452.02
774.00 452.02
773.02 453.00
773.00 453.02
772.02 454.00
772.00 454.02
771.02 455.00
771.00 455.02
770.02 456.00
770.00 456.02
769.00 456.02
768.02 457.00
768.00 457.02
767.02 458.00
767.00 458.02
766.02 459.00
766.00 459.02
765.02 460.00
765.00 460.02
764.02 461.00
764.00 461.02
763.00 461.02
762.02 462.00
762.00 462.02
761.02 463.00
761.00 463.02
760.02 464.00
760.00 464.02
759.02 465.00
759.00 465.02
758.02 466.00
758.02 467.00
758.00 467.02
757.02 468.00
757.00 468.02
756.02 469.00
756.00 469.02
755.02 470.00
755.02 471.00
755.00 471.02
754.02 472.00
754.00 472.02
753.02 473.00
753.02 474.00
753.00 474.02
752.02 475.00
752.02 476.00
752.02 477.00
752.00 477.02
751.02 478.00
751.02 479.00
751.02 480.00
751.02 481.00
751.02 482.00
751.02 483.00
751.02 484.00
751.02 485.00
751.02 486.00
751.02 487.00
751.02 488.00
751.02 489.00
751.02 490.00
751.02 491.00
751.02 492.00
752.00 492.98
752.02 493.00
752.02 494.00
752.02 495.00
753.00 495.98
753.02 496.00
754.00 496.98
754.02 497.00
754.02 498.00
755.00 498.98
755.02 499.00
755.02 500.00
756.00 500.98
756.02 501.00
757.00 501.98
757.02 502.00
757.02 503.00
758.00 503.98
758.02 504.00
759.00 504.98
759.02 505.00
760.00 505.98
760.02 506.00
761.00 506.98
761.02 507.00
762.00 507.98
763.00 507.98
763.02 508.00
764.00 508.98
765.00 508.98
765.02 509.00
766.00 509.98
767.00 509.98
768.00 509.98
768.02 510.00
769.00 510.98
770.00 510.98
771.00 510.98
772.00 510.98
772.02 511.00
773.00 511.98
774.00 511.98
775.00 511.98
776.00 511.98
777.00 511.98
778.00 511.98
778.98 511.00
779.00 510.98
780.00 510.98
781.00 510.98
782.00 510.98
782.98 510.00
783.00 509.98
784.00 509.98
784.98 509.00
785.00 508.98
786.00 508.98
786.98 508.00
787.00 507.98
787.98 507.00
788.00 506.98
788.98 506.00
789.00 505.98
789.98 505.00
790.00 504.98
790.98 504.00
791.00 503.98
791.98 503.00
792.00 502.98
792.98 502.00
793.00 501.98
793.98 501.00
794.00 500.98
794.98 500.00
795.00 499.98
795.98 499.00
795.98 498.00
796.00 497.98
796.98 497.00
797.00 496.98
797.98 496.00
797.98 495.00
798.00 494.98
798.98 494.00
799.00 493.98
799.98 493.00
799.98 492.00
800.00 491.98
800.98 491.00
801.00 490.98
801.98 490.00
802.00 489.98
802.98 489.00
803.00 488.98
803.98 488.00
804.00 487.98
804.98 487.00
805.00 486.98
805.98 486.00
805.98 485.00
806.00 484.98
806.98 484.00
806.98 483.00
807.00 482.98
807.98 482.00
807.98 481.00
808.00 480.98
808.98 480.00
808.98 479.00
809.00 478.98
809.98 478.00
809.98 477.00
809.98 476.00
809.98 475.00
809.98 474.00
810.00 473.98
810.98 473.00

Contour 22:
973.98 746.00
973.98 745.00
973.98 744.00
973.98 743.00
973.98 742.00
973.98 741.00
973.98 740.00
973.98 739.00
973.98 738.00
973.98 737.00
973.98 736.00
973.00 735.02
972.98 735.00
972.98 734.00
972.98 733.00
972.98 732.00
972.98 731.00
972.98 730.00
972.00 729.02
971.98 729.00
971.98 728.00
971.00 727.02
970.98 727.00
970.98 726.00
970.98 725.00
970.00 724.02
969.98 724.00
969.00 723.02
968.98 723.00
968.98 722.00
968.00 721.02
967.98 721.00
967.98 720.00
967.00 719.02
966.00 719.02
965.98 719.00
965.00 718.02
964.98 718.00
964.00 717.02
963.98 717.00
963.00 716.02
962.98 716.00
962.00 715.02
961.00 715.02
960.98 715.00
960.00 714.02
959.98 714.00
959.00 713.02
958.98 713.00
958.00 712.02
957.00 712.02
956.98 712.00
956.00 711.02
955.98 711.00
955.00 710.02
954.00 710.02
953.98 710.00
953.00 709.02
952.00 709.02
951.00 709.02
950.98 709.00
950.00 708.02
949.00 708.02
948.00 708.02
947.00 708.02
946.00 708.02
945.00 708.02
944.00 708.02
943.00 708.02
942.00 708.02
941.00 708.02
940.00 708.02
939.00 708.02
938.00 708.02
937.00 708.02
936.02 709.00
936.00 709.02
935.00 709.02
934.00 709.02
933.02 710.00
933.00 710.02
932.00 710.02
931.00 710.02
930.02 711.00
930.00 711.02
929.00 711.02
928.00 711.02
927.02 712.00
927.00 712.02
926.00 712.02
925.02 713.00
925.00 713.02
924.02 714.00
924.00 714.02
923.00 714.02
922.02 715.00
922.00 715.02
921.02 716.00
921.00 716.02
920.02 717.00
920.00 717.02
919.02 718.00
919.00 718.02
918.02 719.00
918.00 719.02
917.02 720.00
917.00 720.02
916.02 721.00
916.02 722.00
916.00 722.02
915.02 723.00
915.00 723.02
914.02 724.00
914.02 725.00
914.00 725.02
913.02 726.00
913.02 727.00
913.00 727.02
912.02 728.00
912.02 729.00
912.02 730.00
912.00 730.02
911.02 731.00
911.02 732.00
911.02 733.00
911.02 734.00
911.00 734.02
910.02 735.00
910.02 736.00
910.02 737.00
910.02 738.00
910.02 739.00
910.00 739.02
909.02 740.00
909.02 741.00
909.02 742.00
909.02 743.00
909.02 744.00
909.02 745.00
909.02 746.00
909.02 747.00
909.02 748.00
909.02 749.00
909.02 750.00
909.02 751.00
910.00 751.98
910.02 752.00
910.02 753.00
910.02 754.00
911.00 754.98
911.02 755.00
911.02 756.00
912.00 756.98
912.02 757.00
912.02 758.00
913.00 758.98
913.02 759.00
914.00 759.98
914.02 760.00
915.00 760.98
915.02 761.00
916.00 761.98
916.02 762.00
917.00 762.98
917.02 763.00
918.00 763.98
918.02 764.00
919.00 764.98
920.00 764.98
920.02 765.00
921.00 765.98
921.02 766.00
922.00 766.98
922.02 767.00
923.00 767.98
924.00 767.98
924.02 768.00
925.00 768.98
926.00 768.98
926.02 769.00
927.00 769.98
928.00 769.98
928.02 770.00
929.00 770.98
930.00 770.98
930.02 771.00
931.00 771.98
932.00 771.98
933.00 771.98
934.00 771.98
934.02 772.00
935.00 772.98
936.00 772.98
937.00 772.98
938.00 772.98
939.00 772.98
940.00 772.98
941.00 772.98
942.00 772.98
943.00 772.98
943.98 772.00
944.00 771.98
945.00 771.98
946.00 771.98
947.00 771.98
948.00 771.98
948.98 771.00
949.00 770.98
950.00 770.98
951.00 770.98
952.00 770.98
952.98 770.00
953.00 769.98
954.00 769.98
954.98 769.00
955.00 768.98
956.00 768.98
956.98 768.00
957.00 767.98
958.00 767.98
958.98 767.00
959.00 766.98
960.00 766.98
960.98 766.00
961.00 765.98
961.98 765.00
962.00 764.98
962.98 764.00
963.00 763.98
963.98 763.00
964.00 762.98
964.98 762.00
965.00 761.98
965.98 761.00
966.00 760.98
966.98 760.00
967.00 759.98
967.98 759.00
967.98 758.00
968.00 757.98
968.98 757.00
969.00 756.98
969.98 756.00
969.98 755.00
970.00 754.98
970.98 754.00
970.98 753.00
971.00 752.98
971.98 752.00
971.98 751.00
971.98 750.00
972.00 749.98
972.98 749.00
972.98 748.00
972.98 747.00
973.00 746.98
973.98 746.00

