Contour 0:
0.00 578.50
0.50 579.00
0.50 580.00
1.00 580.50
1.50 581.00
2.00 581.50
2.50 582.00
2.50 583.00
3.00 583.50
3.50 584.00
4.00 584.50
4.50 585.00
5.00 585.50
5.50 586.00
6.00 586.50
6.50 587.00
7.00 587.50
7.50 588.00
8.00 588.50
9.00 588.50
9.50 589.00
10.00 589.50
10.50 590.00
11.00 590.50
12.00 590.50
12.50 591.00
13.00 591.50
14.00 591.50
14.50 592.00
15.00 592.50
16.00 592.50
16.50 593.00
17.00 593.50
18.00 593.50
19.00 593.50
20.00 593.50
20.50 594.00
21.00 594.50
22.00 594.50
23.00 594.50
24.00 594.50
25.00 594.50
26.00 594.50
27.00 594.50
28.00 594.50
29.00 594.50
30.00 594.50
31.00 594.50
32.00 594.50
32.50 594.00
33.00 593.50
34.00 593.50
35.00 593.50
36.00 593.50
36.50 593.00
37.00 592.50
38.00 592.50
39.00 592.50
39.50 592.00
40.00 591.50
41.00 591.50
42.00 591.50
42.50 591.00
43.00 590.50
43.50 590.00
44.00 589.50
44.50 589.00
45.00 588.50
46.00 588.50
46.50 588.00
47.00 587.50
47.50 587.00
47.50 586.00
48.00 585.50
48.50 585.00
49.00 584.50
49.50 584.00
50.00 583.50
50.50 583.00
51.00 582.50
51.50 582.00
52.00 581.50
52.50 581.00
52.50 580.00
53.00 579.50
53.50 579.00
53.50 578.00
54.00 577.50
54.50 577.00
55.00 576.50
55.50 576.00
55.50 575.00
56.00 574.50
56.50 574.00
56.50 573.00
56.50 572.00
57.00 571.50
57.50 571.00
57.50 570.00
57.50 569.00
57.50 568.00
57.50 567.00
57.50 566.00
57.50 565.00
57.50 564.00
57.50 563.00
57.00 562.50
56.50 562.00
56.50 561.00
56.50 560.00
56.50 559.00
56.50 558.00
56.00 557.50
55.50 557.00
55.50 556.00
55.50 555.00
55.00 554.50
54.50 554.00
54.50 553.00
54.50 552.00
54.00 551.50
53.50 551.00
53.50 550.00
53.00 549.50
52.50 549.00
52.50 548.00
52.00 547.50
51.50 547.00
51.50 546.00
51.00 545.50
50.50 545.00
50.00 544.50
49.50 544.00
49.00 543.50
48.50 543.00
48.50 542.00
48.00 541.50
47.50 541.00
47.00 540.50
46.50 540.00
46.00 539.50
45.50 539.00
45.00 538.50
44.00 538.50
43.50 538.00
43.00 537.50
42.50 537.00
42.00 536.50
41.00 536.50
40.50 536.00
40.00 535.50
39.00 535.50
38.50 535.00
38.00 534.50
37.00 534.50
36.50 534.00
36.00 533.50
35.00 533.50
34.00 533.50
33.50 533.00
33.00 532.50
32.00 532.50
31.00 532.50
30.00 532.50
29.50 532.00
29.00 531.50
28.00 531.50
27.00 531.50
26.00 531.50
25.00 531.50
24.00 531.50
23.00 531.50
22.00 531.50
21.00 531.50
20.00 531.50
19.00 531.50
18.00 531.50
17.00 531.50
16.50 532.00
16.00 532.50
15.00 532.50
14.50 533.00
14.00 533.50
13.00 533.50
12.50 534.00
12.00 534.50
11.00 534.50
10.50 535.00
10.00 535.50
9.50 536.00
9.00 536.50
8.50 537.00
8.00 537.50
7.00 537.50
6.50 538.00
6.50 539.00
6.00 539.50
5.50 540.00
5.00 540.50
4.50 541.00
4.00 541.50
3.50 542.00
3.00 542.50
2.50 543.00
2.00 543.50
1.50 544.00
1.50 545.00
1.00 545.50
0.50 546.00
0.50 547.00
0.00 547.50

Contour 1:
109.75 276.00
109.75 275.00
109.75 274.00
109.75 273.00
109.75 272.00
109.75 271.00
109.75 270.00
109.75 269.00
109.75 268.00
109.75 267.00
109.75 266.00
109.75 265.00
109.75 264.00
109.75 263.00
109.75 262.00
109.00 261.25
108.75 261.00
108.75 260.00
108.75 259.00
108.00 258.25
107.75 258.00
107.75 257.00
107.75 256.00
107.75 255.00
107.00 254.25
106.75 254.00
106.75 253.00
106.75 252.00
106.00 251.25
105.75 251.00
105.75 250.00
105.00 249.25
104.75 249.00
104.00 248.25
103.75 248.00
103.75 247.00
103.00 246.25
102.75 246.00
102.00 245.25
101.75 245.00
101.00 244.25
100.75 244.00
100.00 243.25
99.75 243.00
99.00 242.25
98.75 242.00
98.00 241.25
97.75 241.00
97.75 240.00
97.00 239.25
96.75 239.00
96.00 238.25
95.75 238.00
95.00 237.25
94.75 237.00
94.00 236.25
93.75 236.00
93.00 235.25
92.00 235.25
91.75 235.00
91.00 234.25
90.75 234.00
90.00 233.25
89.75 233.00
89.00 232.25
88.00 232.25
87.75 232.00
87.00 231.25
86.00 231.25
85.75 231.00
85.00 230.25
84.00 230.25
83.75 230.00
83.00 229.25
82.00 229.25
81.75 229.00
81.00 228.25
80.00 228.25
79.00 228.25
78.75 228.00
78.00 227.25
77.00 227.25
76.00 227.25
75.00 227.25
74.75 227.00
74.00 226.25
73.00 226.25
72.00 226.25
71.00 226.25
70.00 226.25
69.00 226.25
68.00 226.25
67.00 226.25
66.00 226.25
65.00 226.25
64.00 226.25
63.25 227.00
63.00 227.25
62.00 227.25
61.00 227.25
60.25 228.00
60.00 228.25
59.00 228.25
58.00 228.25
57.25 229.00
57.00 229.25
56.00 229.25
55.00 229.25
54.25 230.00
54.00 230.25
53.25 231.00
53.00 231.25
52.00 231.25
51.25 232.00
51.00 232.25
50.00 232.25
49.25 233.00
49.00 233.25
48.25 234.00
48.00 234.25
47.25 235.00
47.00 235.25
46.25 236.00
46.00 236.25
45.25 237.00
45.00 237.25
44.25 238.00
44.00 238.25
43.25 239.00
43.25 240.00
43.00 240.25
42.25 241.00
42.00 241.25
41.25 242.00
41.25 243.00
41.00 243.25
40.25 244.00
40.25 245.00
40.00 245.25
39.25 246.00
39.25 247.00
39.25 248.00
39.00 248.25
38.25 249.00
38.25 250.00
38.00 250.25
37.25 251.00
37.25 252.00
37.00 252.25
36.25 253.00
36.25 254.00
36.25 255.00
36.25 256.00
36.25 257.00
36.25 258.00
36.25 259.00
36.25 260.00
36.25 261.00
36.25 262.00
36.25 263.00
36.25 264.00
36.25 265.00
36.25 266.00
36.25 267.00
36.25 268.00
36.25 269.00
37.00 269.75
37.25 270.00
37.25 271.00
37.25 272.00
38.00 272.75
38.25 273.00
38.25 274.00
39.00 274.75
39.25 275.00
39.25 276.00
40.00 276.75
40.25 277.00
40.25 278.00
41.00 278.75
41.25 279.00
41.25 280.00
42.00 280.75
42.25 281.00
43.00 281.75
43.25 282.00
44.00 282.75
44.25 283.00
45.00 283.75
45.25 284.00
46.00 284.75
46.25 285.00
47.00 285.75
47.25 286.00
48.00 286.75
48.25 287.00
49.00 287.75
50.00 287.75
50.25 288.00
51.00 288.75
52.00 288.75
52.25 289.00
53.00 289.75
54.00 289.75
55.00 289.75
55.25 290.00
56.00 290.75
57.00 290.75
58.00 290.75
59.00 290.75
59.25 291.00
60.00 291.75
61.00 291.75
62.00 291.75
63.00 291.75
64.00 291.75
64.25 292.00
65.00 292.75
66.00 292.75
67.00 292.75
68.00 292.75
69.00 292.75
70.00 292.75
71.00 292.75
72.00 292.75
73.00 292.75
74.00 292.75
75.00 292.75
76.00 292.75
77.00 292.75
78.00 292.75
79.00 292.75
80.00 292.75
81.00 292.75
82.00 292.75
83.00 292.75
83.75 292.00
84.00 291.75
85.00 291.75
86.00 291.75
87.00 291.75
88.00 291.75
89.00 291.75
89.75 291.00
90.00 290.75
91.00 290.75
92.00 290.75
93.00 290.75
93.75 290.00
94.00 289.75
95.00 289.75
95.75 289.00
96.00 288.75
97.00 288.75
97.75 288.00
98.00 287.75
99.00 287.75
99.75 287.00
100.00 286.75
101.00 286.75
101.75 286.00
102.00 285.75
102.75 285.00
103.00 284.75
103.75 284.00
104.00 283.75
104.75 283.00
105.00 282.75
105.75 282.00
106.00 281.75
106.75 281.00
107.00 280.75
107.75 280.00
107.75 279.00
108.00 278.75
108.75 278.00
108.75 277.00
109.00 276.75
109.75 276.00

Contour 2:
184.83 122.00
184.83 121.00
184.83 120.00
184.83 119.00
184.83 118.00
184.83 117.00
184.83 116.00
184.83 115.00
184.83 114.00
184.83 113.00
184.83 112.00
184.83 111.00
184.83 110.00
184.83 109.00
184.83 108.00
184.83 107.00
184.00 106.17
183.83 106.00
183.83 105.00
183.83 104.00
183.83 103.00
183.83 102.00
183.00 101.17
182.83 101.00
182.83 100.00
182.00 99.17
181.83 99.00
181.83 98.00
181.00 97.17
180.83 97.00
180.83 96.00
180.83 95.00
180.83 94.00
180.83 93.00
180.00 92.17
179.83 92.00
179.83 91.00
179.00 90.17
178.83 90.00
178.83 89.00
178.00 88.17
177.83 88.00
177.83 87.00
177.00 86.17
176.83 86.00
176.00 85.17
175.83 85.00
175.00 84.17
174.83 84.00
174.00 83.17
173.83 83.00
173.00 82.17
172.83 82.00
172.00 81.17
171.83 81.00
171.00 80.17
170.83 80.00
170.00 79.17
169.00 79.17
168.83 79.00
168.00 78.17
167.83 78.00
167.00 77.17
166.83 77.00
166.00 76.17
165.00 76.17
164.83 76.00
164.00 75.17
163.00 75.17
162.83 75.00
162.00 74.17
161.00 74.17
160.83 74.00
160.00 73.17
159.00 73.17
158.83 73.00
158.00 72.17
157.00 72.17
156.00 72.17
155.83 72.00
155.00 71.17
154.00 71.17
153.00 71.17
152.00 71.17
151.00 71.17
150.00 71.17
149.00 71.17
148.00 71.17
147.00 71.17
146.00 71.17
145.00 71.17
144.17 72.00
144.00 72.17
143.00 72.17
142.00 72.17
141.17 73.00
141.00 73.17
140.00 73.17
139.00 73.17
138.17 74.00
138.00 74.17
137.00 74.17
136.17 75.00
136.00 75.17
135.00 75.17
134.17 76.00
134.00 76.17
133.00 76.17
132.17 77.00
132.00 77.17
131.17 78.00
131.00 78.17
130.17 79.00
130.00 79.17
129.00 79.17
128.17 80.00
128.00 80.17
127.17 81.00
127.00 81.17
126.17 82.00
126.00 82.17
125.00 82.17
124.17 83.00
124.00 83.17
123.17 84.00
123.00 84.17
122.17 85.00
122.00 85.17
121.17 86.00
121.17 87.00
121.00 87.17
120.17 88.00
120.00 88.17
119.17 89.00
119.00 89.17
118.17 90.00
118.00 90.17
117.17 91.00
117.00 91.17
116.17 92.00
116.00 92.17
115.17 93.00
115.17 94.00
115.00 94.17
114.17 95.00
114.17 96.00
114.00 96.17
113.17 97.00
113.17 98.00
113.00 98.17
112.17 99.00
112.17 100.00
112.00 100.17
111.17 101.00
111.17 102.00
111.17 103.00
111.00 103.17
110.17 104.00
110.17 105.00
110.17 106.00
110.00 106.17
109.17 107.00
109.17 108.00
109.17 109.00
109.00 109.17
108.17 110.00
108.17 111.00
108.17 112.00
108.17 113.00
108.17 114.00
108.17 115.00
108.00 115.17
107.17 116.00
107.17 117.00
107.17 118.00
107.17 119.00
107.17 120.00
107.17 121.00
107.17 122.00
107.17 123.00
108.00 123.83
108.17 124.00
108.17 125.00
108.17 126.00
108.17 127.00
108.17 128.00
109.00 128.83
109.17 129.00
109.17 130.00
109.17 131.00
110.00 131.83
110.17 132.00
110.17 133.00
110.17 134.00
111.00 134.83
111.17 135.00
111.17 136.00
111.17 137.00
112.00 137.83
112.17 138.00
112.17 139.00
113.00 139.83
113.17 140.00
113.17 141.00
114.00 141.83
114.17 142.00
114.17 143.00
115.00 143.83
115.17 144.00
116.00 144.83
116.17 145.00
116.17 146.00
117.00 146.83
117.17 147.00
118.00 147.83
118.17 148.00
118.17 149.00
119.00 149.83
119.17 150.00
120.00 150.83
120.17 151.00
121.00 151.83
121.17 152.00
122.00 152.83
122.17 153.00
123.00 153.83
124.00 153.83
124.17 154.00
125.00 154.83
125.17 155.00
126.00 155.83
126.17 156.00
127.00 156.83
128.00 156.83
128.17 157.00
129.00 157.83
130.00 157.83
130.17 158.00
131.00 158.83
132.00 158.83
132.17 159.00
133.00 159.83
134.00 159.83
135.00 159.83
136.00 159.83
136.17 160.00
137.00 160.83
138.00 160.83
139.00 160.83
140.00 160.83
141.00 160.83
142.00 160.83
143.00 160.83
144.00 160.83
145.00 160.83
145.83 160.00
146.00 159.83
147.00 159.83
148.00 159.83
149.00 159.83
150.00 159.83
150.83 159.00
151.00 158.83
152.00 158.83
153.00 158.83
154.00 158.83
154.83 158.00
155.00 157.83
156.00 157.83
157.00 157.83
157.83 157.00
158.00 156.83
159.00 156.83
159.83 156.00
160.00 155.83
161.00 155.83
161.83 155.00
162.00 154.83
163.00 154.83
163.83 154.00
164.00 153.83
165.00 153.83
165.83 153.00
166.00 152.83
166.83 152.00
167.00 151.83
168.00 151.83
168.83 151.00
169.00 150.83
169.83 150.00
170.00 149.83
170.83 149.00
171.00 148.83
171.83 148.00
172.00 147.83
172.83 147.00
173.00 146.83
173.83 146.00
174.00 145.83
174.83 145.00
175.00 144.83
175.83 144.00
176.00 143.83
176.83 143.00
177.00 142.83
177.83 142.00
177.83 141.00
178.00 140.83
178.83 140.00
178.83 139.00
179.00 138.83
179.83 138.00
179.83 137.00
179.83 136.00
180.00 135.83
180.83 135.00
180.83 134.00
181.00 133.83
181.83 133.00
181.83 132.00
181.83 131.00
182.00 130.83
182.83 130.00
182.83 129.00
182.83 128.00
183.00 127.83
183.83 127.00
183.83 126.00
183.83 125.00
183.83 124.00
183.83 123.00
184.00 122.83
184.83 122.00

Contour 3:
212.88 826.00
212.88 825.00
212.88 824.00
212.88 823.00
212.88 822.00
212.88 821.00
212.00 820.12
211.88 820.00
211.88 819.00
211.88 818.00
211.00 817.12
210.88 817.00
210.88 816.00
210.00 815.12
209.88 815.00
209.88 814.00
209.00 813.12
208.88 813.00
208.00 812.12
207.88 812.00
207.00 811.12
206.88 811.00
206.00 810.12
205.88 810.00
205.00 809.12
204.88 809.00
204.00 808.12
203.00 808.12
202.88 808.00
202.00 807.12
201.88 807.00
201.00 806.12
200.00 806.12
199.88 806.00
199.00 805.12
198.88 805.00
198.00 804.12
197.88 804.00
197.00 803.12
196.88 803.00
196.00 802.12
195.88 802.00
195.00 801.12
194.00 801.12
193.88 801.00
193.00 800.12
192.00 800.12
191.88 800.00
191.00 799.12
190.00 799.12
189.88 799.00
189.00 798.12
188.00 798.12
187.88 798.00
187.00 797.12
186.00 797.12
185.88 797.00
185.00 796.12
184.00 796.12
183.00 796.12
182.00 796.12
181.00 796.12
180.00 796.12
179.00 796.12
178.00 796.12
177.00 796.12
176.00 796.12
175.88 796.00
175.00 795.12
174.00 795.12
173.00 795.12
172.00 795.12
171.00 795.12
170.12 796.00
170.00 796.12
169.00 796.12
168.00 796.12
167.00 796.12
166.00 796.12
165.00 796.12
164.00 796.12
163.00 796.12
162.12 797.00
162.00 797.12
161.00 797.12
160.00 797.12
159.12 798.00
159.00 798.12
158.00 798.12
157.00 798.12
156.12 799.00
156.00 799.12
155.00 799.12
154.12 800.00
154.00 800.12
153.12 801.00
153.00 801.12
152.12 802.00
152.00 802.12
151.12 803.00
151.00 803.12
150.12 804.00
150.00 804.12
149.12 805.00
149.00 805.12
148.12 806.00
148.00 806.12
147.12 807.00
147.12 808.00
147.00 808.12
146.12 809.00
146.12 810.00
146.00 810.12
145.12 811.00
145.12 812.00
145.00 812.12
144.12 813.00
144.12 814.00
144.12 815.00
144.12 816.00
144.12 817.00
144.00 817.12
143.12 818.00
143.12 819.00
143.12 820.00
143.12 821.00
143.12 822.00
143.12 823.00
143.12 824.00
143.12 825.00
143.12 826.00
143.12 827.00
143.12 828.00
143.12 829.00
143.12 830.00
143.12 831.00
144.00 831.88
144.12 832.00
144.12 833.00
144.12 834.00
144.12 835.00
145.00 835.88
145.12 836.00
145.12 837.00
146.00 837.88
146.12 838.00
146.12 839.00
147.00 839.88
147.12 840.00
148.00 840.88
148.12 841.00
148.12 842.00
149.00 842.88
149.12 843.00
150.00 843.88
150.12 844.00
151.00 844.88
151.12 845.00
152.00 845.88
152.12 846.00
153.00 846.88
153.12 847.00
154.00 847.88
155.00 847.88
155.12 848.00
156.00 848.88
156.12 849.00
157.00 849.88
157.12 850.00
158.00 850.88
159.00 850.88
159.12 851.00
160.00 851.88
160.12 852.00
161.00 852.88
162.00 852.88
162.12 853.00
163.00 853.88
164.00 853.88
164.12 854.00
165.00 854.88
166.00 854.88
167.00 854.88
167.12 855.00
168.00 855.88
169.00 855.88
170.00 855.88
171.00 855.88
171.12 856.00
172.00 856.88
173.00 856.88
174.00 856.88
175.00 856.88
176.00 856.88
177.00 856.88
178.00 856.88
179.00 856.88
180.00 856.88
181.00 856.88
182.00 856.88
183.00 856.88
184.00 856.88
185.00 856.88
186.00 856.88
186.88 856.00
187.00 855.88
188.00 855.88
189.00 855.88
189.88 855.00
190.00 854.88
191.00 854.88
191.88 854.00
192.00 853.88
193.00 853.88
194.00 853.88
194.88 853.00
195.00 852.88
196.00 852.88
196.88 852.00
197.00 851.88
198.00 851.88
198.88 851.00
199.00 850.88
199.88 850.00
200.00 849.88
201.00 849.88
201.88 849.00
202.00 848.88
202.88 848.00
203.00 847.88
203.88 847.00
204.00 846.88
204.88 846.00
205.00 845.88
205.88 845.00
206.00 844.88
206.88 844.00
206.88 843.00
207.00 842.88
207.88 842.00
208.00 841.88
208.88 841.00
208.88 840.00
209.00 839.88
209.88 839.00
209.88 838.00
210.00 837.88
210.88 837.00
210.88 836.00
210.88 835.00
211.00 834.88
211.88 834.00
211.88 833.00
211.88 832.00
211.88 831.00
211.88 830.00
211.88 829.00
211.88 828.00
211.88 827.00
212.00 826.88
212.88 826.00

Contour 4:
315.90 399.00
315.90 398.00
315.90 397.00
315.90 396.00
315.90 395.00
315.90 394.00
315.00 393.10
314.90 393.00
314.90 392.00
314.90 391.00
314.90 390.00
314.90 389.00
314.90 388.00
314.90 387.00
314.00 386.10
313.90 386.00
313.90 385.00
313.90 384.00
313.00 383.10
312.90 383.00
312.90 382.00
312.00 381.10
311.90 381.00
311.00 380.10
310.90 380.00
310.00 379.10
309.90 379.00
309.00 378.10
308.90 378.00
308.00 377.10
307.90 377.00
307.00 376.10
306.90 376.00
306.00 375.10
305.90 375.00
305.00 374.10
304.90 374.00
304.00 373.10
303.90 373.00
303.00 372.10
302.90 372.00
302.00 371.10
301.90 371.00
301.00 370.10
300.90 370.00
300.00 369.10
299.90 369.00
299.00 368.10
298.00 368.10
297.90 368.00
297.00 367.10
296.00 367.10
295.00 367.10
294.90 367.00
294.00 366.10
293.00 366.10
292.00 366.10
291.00 366.10
290.00 366.10
289.00 366.10
288.00 366.10
287.00 366.10
286.00 366.10
285.00 366.10
284.00 366.10
283.00 366.10
282.00 366.10
281.00 366.10
280.00 366.10
279.00 366.10
278.10 367.00
278.00 367.10
277.00 367.10
276.00 367.10
275.00 367.10
274.10 368.00
274.00 368.10
273.00 368.10
272.10 369.00
272.00 369.10
271.00 369.10
270.00 369.10
269.10 370.00
269.00 370.10
268.00 370.10
267.10 371.00
267.00 371.10
266.10 372.00
266.00 372.10
265.00 372.10
264.00 372.10
263.10 373.00
263.00 373.10
262.10 374.00
262.00 374.10
261.00 374.10
260.10 375.00
260.00 375.10
259.10 376.00
259.00 376.10
258.10 377.00
258.00 377.10
257.10 378.00
257.00 378.10
256.10 379.00
256.00 379.10
255.10 380.00
255.00 380.10
254.10 381.00
254.10 382.00
254.00 382.10
253.10 383.00
253.00 383.10
252.10 384.00
252.10 385.00
252.00 385.10
251.10 386.00
251.10 387.00
251.00 387.10
250.10 388.00
250.10 389.00
250.00 389.10
249.10 390.00
249.10 391.00
249.10 392.00
249.10 393.00
249.10 394.00
249.00 394.10
248.10 395.00
248.10 396.00
248.10 397.00
248.10 398.00
248.10 399.00
248.10 400.00
248.10 401.00
248.10 402.00
248.10 403.00
248.10 404.00
248.10 405.00
248.10 406.00
248.10 407.00
248.10 408.00
249.00 408.90
249.10 409.00
249.10 410.00
249.10 411.00
250.00 411.90
250.10 412.00
250.10 413.00
251.00 413.90
251.10 414.00
251.10 415.00
252.00 415.90
252.10 416.00
253.00 416.90
253.10 417.00
253.10 418.00
254.00 418.90
254.10 419.00
254.10 420.00
255.00 420.90
255.10 421.00
256.00 421.90
256.10 422.00
257.00 422.90
257.10 423.00
258.00 423.90
258.10 424.00
259.00 424.90
259.10 425.00
260.00 425.90
260.10 426.00
261.00 426.90
261.10 427.00
262.00 427.90
262.10 428.00
263.00 428.90
263.10 429.00
264.00 429.90
264.10 430.00
265.00 430.90
266.00 430.90
266.10 431.00
267.00 431.90
267.10 432.00
268.00 432.90
269.00 432.90
270.00 432.90
270.10 433.00
271.00 433.90
272.00 433.90
272.10 434.00
273.00 434.90
274.00 434.90
274.10 435.00
275.00 435.90
276.00 435.90
276.10 436.00
277.00 436.90
278.00 436.90
279.00 436.90
279.10 437.00
280.00 437.90
281.00 437.90
282.00 437.90
283.00 437.90
284.00 437.90
285.00 437.90
286.00 437.90
287.00 437.90
288.00 437.90
289.00 437.90
289.90 437.00
290.00 436.90
291.00 436.90
292.00 436.90
292.90 436.00
293.00 435.90
294.00 435.90
294.90 435.00
295.00 434.90
295.90 434.00
296.00 433.90
297.00 433.90
297.90 433.00
298.00 432.90
298.90 432.00
299.00 431.90
299.90 431.00
300.00 430.90
300.90 430.00
300.90 429.00
301.00 428.90
301.90 428.00
302.00 427.90
302.90 427.00
303.00 426.90
303.90 426.00
303.90 425.00
304.00 424.90
304.90 424.00
305.00 423.90
305.90 423.00
305.90 422.00
306.00 421.90
306.90 421.00
306.90 420.00
307.00 419.90
307.90 419.00
308.00 418.90
308.90 418.00
309.00 417.90
309.90 417.00
309.90 416.00
310.00 415.90
310.90 415.00
311.00 414.90
311.90 414.00
311.90 413.00
312.00 412.90
312.90 412.00
312.90 411.00
313.00 410.90
313.90 410.00
313.90 409.00
313.90 408.00
314.00 407.90
314.90 407.00
314.90 406.00
314.90 405.00
314.90 404.00
314.90 403.00
314.90 402.00
314.90 401.00
314.90 400.00
315.00 399.90
315.90 399.00

Contour 5:
347.92 513.00
347.92 512.00
347.92 511.00
347.92 510.00
347.92 509.00
347.92 508.00
347.92 507.00
347.92 506.00
347.92 505.00
347.92 504.00
347.92 503.00
347.00 502.08
346.92 502.00
346.92 501.00
346.92 500.00
346.92 499.00
346.00 498.08
345.92 498.00
345.92 497.00
345.92 496.00
345.00 495.08
344.92 495.00
344.00 494.08
343.92 494.00
343.92 493.00
343.00 492.08
342.92 492.00
342.92 491.00
342.00 490.08
341.92 490.00
341.00 489.08
340.92 489.00
340.00 488.08
339.92 488.00
339.00 487.08
338.92 487.00
338.00 486.08
337.00 486.08
336.92 486.00
336.00 485.08
335.00 485.08
334.92 485.00
334.00 484.08
333.00 484.08
332.92 484.00
332.00 483.08
331.00 483.08
330.92 483.00
330.00 482.08
329.00 482.08
328.00 482.08
327.00 482.08
326.00 482.08
325.92 482.00
325.00 481.08
324.00 481.08
323.00 481.08
322.00 481.08
321.00 481.08
320.00 481.08
319.00 481.08
318.00 481.08
317.00 481.08
316.08 482.00
316.00 482.08
315.00 482.08
314.00 482.08
313.00 482.08
312.08 483.00
312.00 483.08
311.00 483.08
310.00 483.08
309.00 483.08
308.08 484.00
308.00 484.08
307.00 484.08
306.00 484.08
305.00 484.08
304.08 485.00
304.00 485.08
303.00 485.08
302.00 485.08
301.08 486.00
301.00 486.08
300.00 486.08
299.00 486.08
298.08 487.00
298.00 487.08
297.00 487.08
296.00 487.08
295.08 488.00
295.00 488.08
294.00 488.08
293.08 489.00
293.00 489.08
292.08 490.00
292.00 490.08
291.00 490.08
290.08 491.00
290.00 491.08
289.08 492.00
289.00 492.08
288.08 493.00
288.00 493.08
287.08 494.00
287.00 494.08
286.08 495.00
286.00 495.08
285.08 496.00
285.00 496.08
284.08 497.00
284.00 497.08
283.08 498.00
283.08 499.00
283.00 499.08
282.08 500.00
282.08 501.00
282.08 502.00
282.08 503.00
282.08 504.00
282.08 505.00
282.08 506.00
282.08 507.00
282.08 508.00
282.08 509.00
282.08 510.00
282.08 511.00
283.00 511.92
283.08 512.00
283.08 513.00
283.08 514.00
284.00 514.92
284.08 515.00
284.08 516.00
285.00 516.92
285.08 517.00
285.08 518.00
286.00 518.92
286.08 519.00
287.00 519.92
287.08 520.00
287.08 521.00
288.00 521.92
288.08 522.00
289.00 522.92
289.08 523.00
290.00 523.92
290.08 524.00
291.00 524.92
291.08 525.00
292.00 525.92
292.08 526.00
293.00 526.92
294.00 526.92
294.08 527.00
295.00 527.92
295.08 528.00
296.00 528.92
296.08 529.00
297.00 529.92
298.00 529.92
298.08 530.00
299.00 530.92
300.00 530.92
300.08 531.00
301.00 531.92
302.00 531.92
302.08 532.00
303.00 532.92
304.00 532.92
305.00 532.92
305.08 533.00
306.00 533.92
307.00 533.92
308.00 533.92
308.08 534.00
309.00 534.92
310.00 534.92
311.00 534.92
312.00 534.92
313.00 534.92
314.00 534.92
315.00 534.92
316.00 534.92
317.00 534.92
318.00 534.92
319.00 534.92
320.00 534.92
321.00 534.92
322.00 534.92
323.00 534.92
324.00 534.92
325.00 534.92
326.00 534.92
326.92 534.00
327.00 533.92
328.00 533.92
329.00 533.92
329.92 533.00
330.00 532.92
331.00 532.92
332.00 532.92
332.92 532.00
333.00 531.92
334.00 531.92
334.92 531.00
335.00 530.92
335.92 530.00
336.00 529.92
337.00 529.92
337.92 529.00
338.00 528.92
338.92 528.00
339.00 527.92
339.92 527.00
340.00 526.92
340.92 526.00
341.00 525.92
341.92 525.00
341.92 524.00
342.00 523.92
342.92 523.00
343.00 522.92
343.92 522.00
343.92 521.00
344.00 520.92
344.92 520.00
344.92 519.00
345.00 518.92
345.92 518.00
345.92 517.00
345.92 516.00
346.00 515.92
346.92 515.00
346.92 514.00
347.00 513.92
347.92 513.00

Contour 6:
330.07 0.00
330.00 0.07
329.00 0.07
328.07 1.00
328.00 1.07
327.07 2.00
327.00 2.07
326.07 3.00
326.00 3.07
325.00 3.07
324.07 4.00
324.00 4.07
323.00 4.07
322.00 4.07
321.00 4.07
320.00 4.07
319.93 4.00
319.00 3.07
318.00 3.07
317.00 3.07
316.00 3.07
315.93 3.00
315.00 2.07
314.00 2.07
313.00 2.07
312.00 2.07
311.93 2.00
311.00 1.07
310.00 1.07
309.00 1.07
308.00 1.07
307.00 1.07
306.07 2.00
306.00 2.07
305.07 3.00
305.00 3.07
304.07 4.00
304.00 4.07
303.07 5.00
303.00 5.07
302.07 6.00
302.00 6.07
301.07 7.00
301.07 8.00
301.00 8.07
300.00 8.07
299.07 9.00
299.00 9.07
298.07 10.00
298.07 11.00
298.07 12.00
298.07 13.00
298.07 14.00
298.07 15.00
298.07 16.00
298.00 16.07
297.07 17.00
297.07 18.00
297.00 18.07
296.07 19.00
296.07 20.00
296.07 21.00
297.00 21.93
297.07 22.00
297.07 23.00
297.07 24.00
298.00 24.93
298.07 25.00
299.00 25.93
299.07 26.00
299.07 27.00
300.00 27.93
300.07 28.00
301.00 28.93
301.07 29.00
302.00 29.93
302.07 30.00
302.07 31.00
302.07 32.00
302.07 33.00
303.00 33.93
303.07 34.00
304.00 34.93
304.07 35.00
305.00 35.93
305.07 36.00
306.00 36.93
306.07 37.00
307.00 37.93
308.00 37.93
309.00 37.93
309.07 38.00
310.00 38.93
311.00 38.93
312.00 38.93
312.07 39.00
313.00 39.93
313.07 40.00
314.00 40.93
315.00 40.93
316.00 40.93
317.00 40.93
318.00 40.93
319.00 40.93
319.93 40.00
320.00 39.93
321.00 39.93
322.00 39.93
323.00 39.93
324.00 39.93
324.93 39.00
325.00 38.93
326.00 38.93
327.00 38.93
327.93 38.00
328.00 37.93
329.00 37.93
329.93 37.00
330.00 36.93
331.00 36.93
331.93 36.00
332.00 35.93
332.93 35.00
333.00 34.93
334.00 34.93
334.93 34.00
335.00 33.93
336.00 33.93
336.93 33.00
337.00 32.93
337.93 32.00
338.00 31.93
339.00 31.93
339.93 31.00
340.00 30.93
340.93 30.00
341.00 29.93
341.93 29.00
342.00 28.93
342.93 28.00
343.00 27.93
343.93 27.00
343.93 26.00
344.00 25.93
344.93 25.00
345.00 24.93
345.93 24.00
346.00 23.93
346.93 23.00
347.00 22.93
347.93 22.00
347.93 21.00
348.00 20.93
348.93 20.00
349.00 19.93
349.93 19.00
349.93 18.00
350.00 17.93
350.93 17.00
350.93 16.00
350.93 15.00
350.93 14.00
350.93 13.00
351.00 12.93
351.93 12.00
351.93 11.00
351.93 10.00
351.93 9.00
351.93 8.00
351.00 7.07
350.93 7.00
350.93 6.00
350.00 5.07
349.93 5.00
349.00 4.07
348.93 4.00
348.00 3.07
347.93 3.00
347.00 2.07
346.93 2.00
346.00 1.07
345.00 1.07
344.93 1.00
344.00 0.07
343.00 0.07
342.00 0.07
341.00 0.07
340.93 0.00

Contour 7:
447.94 155.00
447.94 154.00
447.94 153.00
447.94 152.00
447.94 151.00
447.94 150.00
447.94 149.00
447.94 148.00
447.94 147.00
447.94 146.00
447.00 145.06
446.94 145.00
446.94 144.00
446.94 143.00
446.94 142.00
446.00 141.06
445.94 141.00
445.94 140.00
445.94 139.00
445.00 138.06
444.94 138.00
444.94 137.00
444.00 136.06
443.94 136.00
443.00 135.06
442.94 135.00
442.94 134.00
442.00 133.06
441.94 133.00
441.00 132.06
440.94 132.00
440.94 131.00
440.00 130.06
439.94 130.00
439.00 129.06
438.94 129.00
438.00 128.06
437.94 128.00
437.00 127.06
436.94 127.00
436.00 126.06
435.00 126.06
434.94 126.00
434.00 125.06
433.94 125.00
433.00 124.06
432.00 124.06
431.94 124.00
431.00 123.06
430.94 123.00
430.00 122.06
429.00 122.06
428.00 122.06
427.94 122.00
427.00 121.06
426.00 121.06
425.00 121.06
424.00 121.06
423.94 121.00
423.00 120.06
422.00 120.06
421.00 120.06
420.00 120.06
419.00 120.06
418.00 120.06
417.94 120.00
417.00 119.06
416.00 119.06
415.00 119.06
414.00 119.06
413.06 120.00
413.00 120.06
412.00 120.06
411.00 120.06
410.00 120.06
409.00 120.06
408.00 120.06
407.00 120.06
406.00 120.06
405.06 121.00
405.00 121.06
404.00 121.06
403.00 121.06
402.00 121.06
401.06 122.00
401.00 122.06
400.00 122.06
399.00 122.06
398.00 122.06
397.06 123.00
397.00 123.06
396.00 123.06
395.06 124.00
395.00 124.06
394.00 124.06
393.00 124.06
392.06 125.00
392.00 125.06
391.06 126.00
391.00 126.06
390.00 126.06
389.06 127.00
389.00 127.06
388.00 127.06
387.06 128.00
387.00 128.06
386.00 128.06
385.06 129.00
385.00 129.06
384.06 130.00
384.00 130.06
383.00 130.06
382.06 131.00
382.00 131.06
381.06 132.00
381.00 132.06
380.00 132.06
379.06 133.00
379.00 133.06
378.06 134.00
378.00 134.06
377.06 135.00
377.00 135.06
376.00 135.06
375.06 136.00
375.00 136.06
374.06 137.00
374.00 137.06
373.06 138.00
373.00 138.06
372.06 139.00
372.00 139.06
371.06 140.00
371.00 140.06
370.06 141.00
370.06 142.00
370.00 142.06
369.06 143.00
369.00 143.06
368.06 144.00
368.06 145.00
368.00 145.06
367.06 146.00
367.06 147.00
367.00 147.06
366.06 148.00
366.06 149.00
366.06 150.00
366.06 151.00
366.00 151.06
365.06 152.00
365.06 153.00
365.06 154.00
365.06 155.00
365.06 156.00
365.06 157.00
365.00 157.06
364.06 158.00
364.06 159.00
364.06 160.00
364.06 161.00
364.06 162.00
364.06 163.00
364.06 164.00
364.06 165.00
364.06 166.00
364.06 167.00
364.06 168.00
365.00 168.94
365.06 169.00
365.06 170.00
365.06 171.00
366.00 171.94
366.06 172.00
366.06 173.00
367.00 173.94
367.06 174.00
367.06 175.00
368.00 175.94
368.06 176.00
368.06 177.00
369.00 177.94
369.06 178.00
369.06 179.00
370.00 179.94
370.06 180.00
371.00 180.94
371.06 181.00
372.00 181.94
372.06 182.00
373.00 182.94
373.06 183.00
374.00 183.94
374.06 184.00
375.00 184.94
375.06 185.00
376.00 185.94
377.00 185.94
377.06 186.00
378.00 186.94
378.06 187.00
379.00 187.94
380.00 187.94
380.06 188.00
381.00 188.94
381.06 189.00
382.00 189.94
383.00 189.94
384.00 189.94
384.06 190.00
385.00 190.94
386.00 190.94
387.00 190.94
387.06 191.00
388.00 191.94
389.00 191.94
390.00 191.94
390.06 192.00
391.00 192.94
392.00 192.94
393.00 192.94
394.00 192.94
395.00 192.94
396.00 192.94
397.00 192.94
398.00 192.94
399.00 192.94
400.00 192.94
401.00 192.94
402.00 192.94
403.00 192.94
404.00 192.94
405.00 192.94
405.94 192.00
406.00 191.94
407.00 191.94
408.00 191.94
409.00 191.94
409.94 191.00
410.00 190.94
411.00 190.94
411.94 190.00
412.00 189.94
413.00 189.94
413.94 189.00
414.00 188.94
415.00 188.94
415.94 188.00
416.00 187.94
416.94 187.00
417.00 186.94
418.00 186.94
418.94 186.00
419.00 185.94
420.00 185.94
420.94 185.00
421.00 184.94
422.00 184.94
422.94 184.00
423.00 183.94
424.00 183.94
424.94 183.00
425.00 182.94
425.94 182.00
426.00 181.94
427.00 181.94
427.94 181.00
428.00 180.94
429.00 180.94
429.94 180.00
430.00 179.94
430.94 179.00
431.00 178.94
431.94 178.00
432.00 177.94
433.00 177.94
433.94 177.00
434.00 176.94
434.94 176.00
435.00 175.94
435.94 175.00
436.00 174.94
436.94 174.00
437.00 173.94
437.94 173.00
438.00 172.94
438.94 172.00
439.00 171.94
439.94 171.00
440.00 170.94
440.94 170.00
441.00 169.94
441.94 169.00
441.94 168.00
442.00 167.94
442.94 167.00
443.00 166.94
443.94 166.00
444.00 165.94
444.94 165.00
444.94 164.00
445.00 163.94
445.94 163.00
445.94 162.00
446.00 161.94
446.94 161.00
446.94 160.00
446.94 159.00
446.94 158.00
446.94 157.00
446.94 156.00
447.00 155.94
447.94 155.00

Contour 8:
435.94 378.00
435.94 377.00
435.94 376.00
435.94 375.00
435.94 374.00
435.94 373.00
435.94 372.00
435.94 371.00
435.94 370.00
435.94 369.00
435.94 368.00
435.94 367.00
435.94 366.00
435.00 365.06
434.94 365.00
434.94 364.00
434.94 363.00
434.94 362.00
434.00 361.06
433.94 361.00
433.94 360.00
433.94 359.00
433.00 358.06
432.94 358.00
432.94 357.00
432.94 356.00
432.00 355.06
431.94 355.00
431.94 354.00
431.00 353.06
430.94 353.00
430.00 352.06
429.94 352.00
429.94 351.00
429.00 350.06
428.94 350.00
428.00 349.06
427.94 349.00
427.00 348.06
426.94 348.00
426.00 347.06
425.94 347.00
425.00 346.06
424.94 346.00
424.00 345.06
423.94 345.00
423.00 344.06
422.94 344.00
422.00 343.06
421.94 343.00
421.00 342.06
420.00 342.06
419.94 342.00
419.00 341.06
418.94 341.00
418.00 340.06
417.00 340.06
416.00 340.06
415.94 340.00
415.00 339.06
414.00 339.06
413.00 339.06
412.94 339.00
412.00 338.06
411.00 338.06
410.00 338.06
409.00 338.06
408.00 338.06
407.00 338.06
406.00 338.06
405.00 338.06
404.00 338.06
403.06 339.00
403.00 339.06
402.00 339.06
401.00 339.06
400.00 339.06
399.00 339.06
398.06 340.00
398.00 340.06
397.00 340.06
396.00 340.06
395.06 341.00
395.00 341.06
394.00 341.06
393.06 342.00
393.00 342.06
392.00 342.06
391.06 343.00
391.00 343.06
390.06 344.00
390.00 344.06
389.06 345.00
389.00 345.06
388.00 345.06
387.06 346.00
387.00 346.06
386.06 347.00
386.06 348.00
386.00 348.06
385.06 349.00
385.00 349.06
384.06 350.00
384.00 350.06
383.06 351.00
383.06 352.00
383.00 352.06
382.06 353.00
382.06 354.00
382.06 355.00
382.06 356.00
382.00 356.06
381.06 357.00
381.06 358.00
381.06 359.00
381.06 360.00
381.06 361.00
381.06 362.00
381.00 362.06
380.06 363.00
380.06 364.00
380.06 365.00
380.06 366.00
380.06 367.00
380.06 368.00
380.06 369.00
380.06 370.00
380.06 371.00
380.06 372.00
381.00 372.94
381.06 373.00
381.06 374.00
381.06 375.00
381.06 376.00
381.06 377.00
381.06 378.00
382.00 378.94
382.06 379.00
382.06 380.00
382.06 381.00
382.06 382.00
382.06 383.00
382.06 384.00
382.06 385.00
382.06 386.00
382.06 387.00
383.00 387.94
383.06 388.00
383.06 389.00
384.00 389.94
384.06 390.00
384.06 391.00
384.06 392.00
385.00 392.94
385.06 393.00
386.00 393.94
386.06 394.00
387.00 394.94
387.06 395.00
388.00 395.94
389.00 395.94
389.06 396.00
390.00 396.94
390.06 397.00
391.00 397.94
392.00 397.94
392.06 398.00
393.00 398.94
394.00 398.94
394.06 399.00
395.00 399.94
395.06 400.00
396.00 400.94
396.06 401.00
397.00 401.94
398.00 401.94
398.06 402.00
399.00 402.94
400.00 402.94
401.00 402.94
402.00 402.94
403.00 402.94
404.00 402.94
405.00 402.94
406.00 402.94
407.00 402.94
408.00 402.94
408.94 402.00
409.00 401.94
410.00 401.94
410.94 401.00
411.00 400.94
412.00 400.94
413.00 400.94
413.94 400.00
414.00 399.94
415.00 399.94
416.00 399.94
417.00 399.94
417.94 399.00
418.00 398.94
419.00 398.94
420.00 398.94
420.94 398.00
421.00 397.94
422.00 397.94
422.94 397.00
423.00 396.94
424.00 396.94
424.94 396.00
425.00 395.94
425.94 395.00
426.00 394.94
427.00 394.94
427.94 394.00
428.00 393.94
428.94 393.00
429.00 392.94
429.94 392.00
430.00 391.94
430.94 391.00
430.94 390.00
431.00 389.94
431.94 389.00
431.94 388.00
432.00 387.94
432.94 387.00
432.94 386.00
433.00 385.94
433.94 385.00
433.94 384.00
433.94 383.00
434.00 382.94
434.94 382.00
434.94 381.00
434.94 380.00
434.94 379.00
435.00 378.94
435.94 378.00

Contour 9:
488.95 238.00
488.95 237.00
488.95 236.00
488.95 235.00
488.00 234.05
487.95 234.00
487.95 233.00
487.95 232.00
487.95 231.00
487.95 230.00
487.95 229.00
487.95 228.00
487.95 227.00
487.95 226.00
487.00 225.05
486.95 225.00
486.95 224.00
486.95 223.00
486.00 222.05
485.95 222.00
485.95 221.00
485.00 220.05
484.95 220.00
484.95 219.00
484.00 218.05
483.95 218.00
483.00 217.05
482.95 217.00
482.00 216.05
481.95 216.00
481.00 215.05
480.00 215.05
479.95 215.00
479.00 214.05
478.95 214.00
478.00 213.05
477.00 213.05
476.95 213.00
476.00 212.05
475.95 212.00
475.00 211.05
474.00 211.05
473.95 211.00
473.00 210.05
472.00 210.05
471.95 210.00
471.00 209.05
470.00 209.05
469.00 209.05
468.95 209.00
468.00 208.05
467.00 208.05
466.00 208.05
465.95 208.00
465.00 207.05
464.00 207.05
463.00 207.05
462.00 207.05
461.00 207.05
460.00 207.05
459.00 207.05
458.00 207.05
457.00 207.05
456.00 207.05
455.00 207.05
454.00 207.05
453.00 207.05
452.00 207.05
451.00 207.05
450.00 207.05
449.00 207.05
448.00 207.05
447.00 207.05
446.00 207.05
445.00 207.05
444.00 207.05
443.05 208.00
443.00 208.05
442.00 208.05
441.00 208.05
440.00 208.05
439.05 209.00
439.00 209.05
438.00 209.05
437.00 209.05
436.05 210.00
436.00 210.05
435.00 210.05
434.00 210.05
433.05 211.00
433.00 211.05
432.00 211.05
431.05 212.00
431.00 212.05
430.00 212.05
429.05 213.00
429.00 213.05
428.00 213.05
427.05 214.00
427.00 214.05
426.00 214.05
425.05 215.00
425.00 215.05
424.00 215.05
423.05 216.00
423.00 216.05
422.00 216.05
421.05 217.00
421.00 217.05
420.00 217.05
419.05 218.00
419.00 218.05
418.05 219.00
418.00 219.05
417.05 220.00
417.00 220.05
416.05 221.00
416.00 221.05
415.05 222.00
415.00 222.05
414.00 222.05
413.05 223.00
413.00 223.05
412.05 224.00
412.00 224.05
411.05 225.00
411.00 225.05
410.05 226.00
410.05 227.00
410.00 227.05
409.05 228.00
409.00 228.05
408.05 229.00
408.05 230.00
408.00 230.05
407.05 231.00
407.00 231.05
406.05 232.00
406.05 233.00
406.00 233.05
405.05 234.00
405.00 234.05
404.05 235.00
404.05 236.00
404.00 236.05
403.05 237.00
403.00 237.05
402.05 238.00
402.05 239.00
402.00 239.05
401.05 240.00
401.05 241.00
401.00 241.05
400.05 242.00
400.05 243.00
400.00 243.05
399.05 244.00
399.05 245.00
399.05 246.00
399.05 247.00
399.05 248.00
399.00 248.05
398.05 249.00
398.05 250.00
398.05 251.00
398.05 252.00
398.05 253.00
398.05 254.00
398.05 255.00
398.05 256.00
398.05 257.00
398.05 258.00
399.00 258.95
399.05 259.00
399.05 260.00
399.05 261.00
399.05 262.00
400.00 262.95
400.05 263.00
400.05 264.00
400.05 265.00
401.00 265.95
401.05 266.00
401.05 267.00
402.00 267.95
402.05 268.00
403.00 268.95
403.05 269.00
403.05 270.00
404.00 270.95
404.05 271.00
405.00 271.95
405.05 272.00
406.00 272.95
406.05 273.00
407.00 273.95
407.05 274.00
408.00 274.95
408.05 275.00
409.00 275.95
409.05 276.00
410.00 276.95
411.00 276.95
411.05 277.00
412.00 277.95
412.05 278.00
413.00 278.95
414.00 278.95
414.05 279.00
415.00 279.95
416.00 279.95
416.05 280.00
417.00 280.95
418.00 280.95
419.00 280.95
419.05 281.00
420.00 281.95
421.00 281.95
422.00 281.95
422.05 282.00
423.00 282.95
424.00 282.95
425.00 282.95
426.00 282.95
427.00 282.95
428.00 282.95
429.00 282.95
430.00 282.95
431.00 282.95
432.00 282.95
433.00 282.95
434.00 282.95
435.00 282.95
436.00 282.95
437.00 282.95
438.00 282.95
439.00 282.95
440.00 282.95
441.00 282.95
442.00 282.95
443.00 282.95
443.95 282.00
444.00 281.95
445.00 281.95
446.00 281.95
447.00 281.95
447.95 281.00
448.00 280.95
449.00 280.95
450.00 280.95
450.95 280.00
451.00 279.95
452.00 279.95
453.00 279.95
453.95 279.00
454.00 278.95
455.00 278.95
455.95 278.00
456.00 277.95
457.00 277.95
457.95 277.00
458.00 276.95
459.00 276.95
459.95 276.00
460.00 275.95
461.00 275.95
461.95 275.00
462.00 274.95
463.00 274.95
463.95 274.00
464.00 273.95
465.00 273.95
465.95 273.00
466.00 272.95
466.95 272.00
467.00 271.95
467.95 271.00
468.00 270.95
468.95 270.00
469.00 269.95
470.00 269.95
470.95 269.00
471.00 268.95
471.95 268.00
472.00 267.95
472.95 267.00
473.00 266.95
474.00 266.95
474.95 266.00
475.00 265.95
475.95 265.00
476.00 264.95
476.95 264.00
477.00 263.95
477.95 263.00
478.00 262.95
478.95 262.00
479.00 261.95
479.95 261.00
480.00 260.95
480.95 260.00
480.95 259.00
481.00 258.95
481.95 258.00
482.00 257.95
482.95 257.00
482.95 256.00
483.00 255.95
483.95 255.00
484.00 254.95
484.95 254.00
484.95 253.00
485.00 252.95
485.95 252.00
485.95 251.00
485.95 250.00
486.00 249.95
486.95 249.00
486.95 248.00
486.95 247.00
487.00 246.95
487.95 246.00
487.95 245.00
487.95 244.00
487.95 243.00
487.95 242.00
487.95 241.00
487.95 240.00
487.95 239.00
488.00 238.95
488.95 238.00

Contour 10:
495.95 502.00
495.95 501.00
495.95 500.00
495.95 499.00
495.95 498.00
495.95 497.00
495.95 496.00
495.95 495.00
495.95 494.00
495.95 493.00
495.95 492.00
495.95 491.00
495.95 490.00
495.95 489.00
495.95 488.00
495.00 487.05
494.95 487.00
494.95 486.00
494.95 485.00
494.00 484.05
493.95 484.00
493.00 483.05
492.95 483.00
492.00 482.05
491.95 482.00
491.95 481.00
491.00 480.05
490.95 480.00
490.00 479.05
489.95 479.00
489.00 478.05
488.95 478.00
488.00 477.05
487.00 477.05
486.95 477.00
486.00 476.05
485.95 476.00
485.00 475.05
484.95 475.00
484.00 474.05
483.00 474.05
482.95 474.00
482.00 473.05
481.00 473.05
480.95 473.00
480.00 472.05
479.00 472.05
478.00 472.05
477.95 472.00
477.00 471.05
476.00 471.05
475.00 471.05
474.00 471.05
473.95 471.00
473.00 470.05
472.00 470.05
471.00 470.05
470.00 470.05
469.95 470.00
469.00 469.05
468.00 469.05
467.95 469.00
467.00 468.05
466.00 468.05
465.95 468.00
465.00 467.05
464.00 467.05
463.95 467.00
463.00 466.05
462.00 466.05
461.95 466.00
461.00 465.05
460.00 465.05
459.00 465.05
458.95 465.00
458.00 464.05
457.00 464.05
456.00 464.05
455.00 464.05
454.00 464.05
453.00 464.05
452.00 464.05
451.00 464.05
450.00 464.05
449.00 464.05
448.00 464.05
447.00 464.05
446.00 464.05
445.00 464.05
444.00 464.05
443.05 465.00
443.00 465.05
442.00 465.05
441.00 465.05
440.00 465.05
439.05 466.00
439.00 466.05
438.05 467.00
438.00 467.05
437.00 467.05
436.05 468.00
436.00 468.05
435.05 469.00
435.00 469.05
434.05 470.00
434.00 470.05
433.05 471.00
433.05 472.00
433.00 472.05
432.05 473.00
432.00 473.05
431.05 474.00
431.05 475.00
431.00 475.05
430.05 476.00
430.05 477.00
430.00 477.05
429.05 478.00
429.00 478.05
428.05 479.00
428.05 480.00
428.00 480.05
427.05 481.00
427.05 482.00
427.05 483.00
427.00 483.05
426.05 484.00
426.05 485.00
426.05 486.00
426.00 486.05
425.05 487.00
425.05 488.00
425.05 489.00
426.00 489.95
426.05 490.00
426.05 491.00
426.05 492.00
426.05 493.00
427.00 493.95
427.05 494.00
427.05 495.00
427.05 496.00
427.05 497.00
428.00 497.95
428.05 498.00
428.05 499.00
428.05 500.00
429.00 500.95
429.05 501.00
429.05 502.00
430.00 502.95
430.05 503.00
430.05 504.00
431.00 504.95
431.05 505.00
432.00 505.95
432.05 506.00
433.00 506.95
434.00 506.95
434.05 507.00
435.00 507.95
435.05 508.00
436.00 508.95
437.00 508.95
438.00 508.95
438.05 509.00
439.00 509.95
440.00 509.95
440.05 510.00
441.00 510.95
442.00 510.95
443.00 510.95
443.05 511.00
444.00 511.95
445.00 511.95
445.05 512.00
446.00 512.95
447.00 512.95
447.05 513.00
448.00 513.95
449.00 513.95
449.05 514.00
450.00 514.95
450.05 515.00
451.00 515.95
451.05 516.00
452.00 516.95
453.00 516.95
453.05 517.00
454.00 517.95
455.00 517.95
455.05 518.00
456.00 518.95
457.00 518.95
457.05 519.00
458.00 519.95
459.00 519.95
460.00 519.95
461.00 519.95
462.00 519.95
463.00 519.95
464.00 519.95
465.00 519.95
465.05 520.00
466.00 520.95
467.00 520.95
468.00 520.95
469.00 520.95
470.00 520.95
471.00 520.95
472.00 520.95
473.00 520.95
474.00 520.95
475.00 520.95
476.00 520.95
477.00 520.95
478.00 520.95
479.00 520.95
479.95 520.00
480.00 519.95
481.00 519.95
481.95 519.00
482.00 518.95
483.00 518.95
484.00 518.95
484.95 518.00
485.00 517.95
485.95 517.00
486.00 516.95
487.00 516.95
487.95 516.00
488.00 515.95
488.95 515.00
489.00 514.95
489.95 514.00
490.00 513.95
490.95 513.00
490.95 512.00
491.00 511.95
491.95 511.00
492.00 510.95
492.95 510.00
492.95 509.00
493.00 508.95
493.95 508.00
493.95 507.00
493.95 506.00
494.00 505.95
494.95 505.00
494.95 504.00
494.95 503.00
495.00 502.95
495.95 502.00

Contour 11:
530.96 704.00
530.96 703.00
530.96 702.00
530.96 701.00
530.00 700.04
529.96 700.00
529.96 699.00
529.96 698.00
529.96 697.00
529.96 696.00
529.96 695.00
529.00 694.04
528.96 694.00
528.96 693.00
528.00 692.04
527.96 692.00
527.96 691.00
527.00 690.04
526.96 690.00
526.96 689.00
526.00 688.04
525.96 688.00
525.00 687.04
524.96 687.00
524.00 686.04
523.96 686.00
523.00 685.04
522.96 685.00
522.00 684.04
521.96 684.00
521.96 683.00
521.00 682.04
520.00 682.04
519.96 682.00
519.00 681.04
518.96 681.00
518.00 680.04
517.96 680.00
517.00 679.04
516.00 679.04
515.96 679.00
515.00 678.04
514.00 678.04
513.96 678.00
513.00 677.04
512.00 677.04
511.00 677.04
510.96 677.00
510.00 676.04
509.00 676.04
508.00 676.04
507.96 676.00
507.00 675.04
506.00 675.04
505.00 675.04
504.00 675.04
503.96 675.00
503.00 674.04
502.00 674.04
501.00 674.04
500.00 674.04
499.00 674.04
498.00 674.04
497.00 674.04
496.00 674.04
495.04 675.00
495.00 675.04
494.00 675.04
493.00 675.04
492.00 675.04
491.04 676.00
491.00 676.04
490.00 676.04
489.00 676.04
488.04 677.00
488.00 677.04
487.00 677.04
486.00 677.04
485.04 678.00
485.00 678.04
484.00 678.04
483.00 678.04
482.04 679.00
482.00 679.04
481.00 679.04
480.04 680.00
480.00 680.04
479.00 680.04
478.04 681.00
478.00 681.04
477.04 682.00
477.00 682.04
476.00 682.04
475.04 683.00
475.00 683.04
474.04 684.00
474.00 684.04
473.04 685.00
473.00 685.04
472.04 686.00
472.00 686.04
471.04 687.00
471.00 687.04
470.04 688.00
470.00 688.04
469.04 689.00
469.00 689.04
468.04 690.00
468.00 690.04
467.04 691.00
467.04 692.00
467.00 692.04
466.04 693.00
466.00 693.04
465.04 694.00
465.04 695.00
465.00 695.04
464.04 696.00
464.04 697.00
464.04 698.00
464.04 699.00
464.00 699.04
463.04 700.00
463.04 701.00
463.04 702.00
463.04 703.00
463.04 704.00
463.00 704.04
462.04 705.00
462.04 706.00
462.04 707.00
462.04 708.00
462.04 709.00
462.04 710.00
462.04 711.00
462.04 712.00
463.00 712.96
463.04 713.00
463.04 714.00
463.04 715.00
463.04 716.00
464.00 716.96
464.04 717.00
464.04 718.00
465.00 718.96
465.04 719.00
465.04 720.00
466.00 720.96
466.04 721.00
466.04 722.00
467.00 722.96
467.04 723.00
468.00 723.96
468.04 724.00
469.00 724.96
469.04 725.00
470.00 725.96
470.04 726.00
471.00 726.96
471.04 727.00
472.00 727.96
473.00 727.96
473.04 728.00
474.00 728.96
474.04 729.00
475.00 729.96
476.00 729.96
476.04 730.00
477.00 730.96
478.00 730.96
479.00 730.96
479.04 731.00
480.00 731.96
481.00 731.96
482.00 731.96
483.00 731.96
483.04 732.00
484.00 732.96
485.00 732.96
486.00 732.96
487.00 732.96
488.00 732.96
489.00 732.96
489.04 733.00
490.00 733.96
491.00 733.96
492.00 733.96
493.00 733.96
494.00 733.96
495.00 733.96
496.00 733.96
497.00 733.96
498.00 733.96
499.00 733.96
500.00 733.96
501.00 733.96
502.00 733.96
503.00 733.96
503.96 733.00
504.00 732.96
505.00 732.96
506.00 732.96
507.00 732.96
507.96 732.00
508.00 731.96
509.00 731.96
510.00 731.96
510.96 731.00
511.00 730.96
512.00 730.96
512.96 730.00
513.00 729.96
514.00 729.96
514.96 729.00
515.00 728.96
515.96 728.00
516.00 727.96
517.00 727.96
517.96 727.00
518.00 726.96
518.96 726.00
519.00 725.96
519.96 725.00
520.00 724.96
520.96 724.00
521.00 723.96
521.96 723.00
522.00 722.96
522.96 722.00
522.96 721.00
523.00 720.96
523.96 720.00
524.00 719.96
524.96 719.00
525.00 718.96
525.96 718.00
525.96 717.00
526.00 716.96
526.96 716.00
526.96 715.00
527.00 714.96
527.96 714.00
527.96 713.00
528.00 712.96
528.96 712.00
528.96 711.00
528.96 710.00
529.00 709.96
529.96 709.00
529.96 708.00
529.96 707.00
529.96 706.00
529.96 705.00
530.00 704.96
530.96 704.00

Contour 12:
567.96 468.00
567.96 467.00
567.96 466.00
567.96 465.00
567.96 464.00
567.96 463.00
567.96 462.00
567.96 461.00
567.96 460.00
567.96 459.00
567.96 458.00
567.96 457.00
567.96 456.00
567.96 455.00
567.96 454.00
567.96 453.00
567.00 452.04
566.96 452.00
566.96 451.00
566.96 450.00
566.00 449.04
565.96 449.00
565.96 448.00
565.00 447.04
564.96 447.00
564.96 446.00
564.00 445.04
563.96 445.00
563.96 444.00
563.00 443.04
562.96 443.00
562.00 442.04
561.96 442.00
561.96 441.00
561.00 440.04
560.96 440.00
560.00 439.04
559.96 439.00
559.00 438.04
558.96 438.00
558.00 437.04
557.96 437.00
557.00 436.04
556.96 436.00
556.00 435.04
555.96 435.00
555.00 434.04
554.00 434.04
553.96 434.00
553.00 433.04
552.96 433.00
552.00 432.04
551.00 432.04
550.96 432.00
550.00 431.04
549.00 431.04
548.96 431.00
548.00 430.04
547.00 430.04
546.00 430.04
545.96 430.00
545.00 429.04
544.00 429.04
543.00 429.04
542.96 429.00
542.00 428.04
541.00 428.04
540.00 428.04
539.00 428.04
538.00 428.04
537.00 428.04
536.00 428.04
535.00 428.04
534.00 428.04
533.00 428.04
532.00 428.04
531.00 428.04
530.00 428.04
529.00 428.04
528.04 429.00
528.00 429.04
527.00 429.04
526.00 429.04
525.04 430.00
525.00 430.04
524.00 430.04
523.00 430.04
522.04 431.00
522.00 431.04
521.00 431.04
520.00 431.04
519.04 432.00
519.00 432.04
518.00 432.04
517.04 433.00
517.00 433.04
516.04 434.00
516.00 434.04
515.04 435.00
515.00 435.04
514.00 435.04
513.04 436.00
513.00 436.04
512.04 437.00
512.04 438.00
512.00 438.04
511.04 439.00
511.00 439.04
510.04 440.00
510.00 440.04
509.04 441.00
509.04 442.00
509.00 442.04
508.04 443.00
508.00 443.04
507.04 444.00
507.04 445.00
507.00 445.04
506.04 446.00
506.04 447.00
506.04 448.00
506.00 448.04
505.04 449.00
505.04 450.00
505.04 451.00
505.00 451.04
504.04 452.00
504.04 453.00
504.04 454.00
504.04 455.00
504.04 456.00
504.04 457.00
504.04 458.00
504.04 459.00
504.04 460.00
504.04 461.00
505.00 461.96
505.04 462.00
505.04 463.00
505.04 464.00
505.04 465.00
505.04 466.00
506.00 466.96
506.04 467.00
506.04 468.00
506.04 469.00
507.00 469.96
507.04 470.00
507.04 471.00
508.00 471.96
508.04 472.00
508.04 473.00
509.00 473.96
509.04 474.00
510.00 474.96
510.04 475.00
510.04 476.00
511.00 476.96
511.04 477.00
511.04 478.00
512.00 478.96
512.04 479.00
513.00 479.96
513.04 480.00
513.04 481.00
514.00 481.96
514.04 482.00
515.00 482.96
515.04 483.00
516.00 483.96
516.04 484.00
517.00 484.96
517.04 485.00
518.00 485.96
518.04 486.00
519.00 486.96
519.04 487.00
520.00 487.96
521.00 487.96
521.04 488.00
522.00 488.96
523.00 488.96
523.04 489.00
524.00 489.96
525.00 489.96
525.04 490.00
526.00 490.96
527.00 490.96
527.04 491.00
528.00 491.96
529.00 491.96
530.00 491.96
530.04 492.00
531.00 492.96
532.00 492.96
533.00 492.96
534.00 492.96
535.00 492.96
536.00 492.96
537.00 492.96
538.00 492.96
539.00 492.96
540.00 492.96
541.00 492.96
542.00 492.96
543.00 492.96
544.00 492.96
544.96 492.00
545.00 491.96
546.00 491.96
547.00 491.96
547.96 491.00
548.00 490.96
549.00 490.96
549.96 490.00
550.00 489.96
551.00 489.96
551.96 489.00
552.00 488.96
553.00 488.96
553.96 488.00
554.00 487.96
554.96 487.00
555.00 486.96
556.00 486.96
556.96 486.00
557.00 485.96
557.96 485.00
558.00 484.96
558.96 484.00
559.00 483.96
559.96 483.00
560.00 482.96
560.96 482.00
561.00 481.96
561.96 481.00
562.00 480.96
562.96 480.00
562.96 479.00
563.00 478.96
563.96 478.00
564.00 477.96
564.96 477.00
564.96 476.00
565.00 475.96
565.96 475.00
565.96 474.00
565.96 473.00
566.00 472.96
566.96 472.00
566.96 471.00
566.96 470.00
566.96 469.00
567.00 468.96
567.96 468.00

Contour 13:
568.96 332.00
568.96 331.00
568.96 330.00
568.96 329.00
568.96 328.00
568.96 327.00
568.96 326.00
568.96 325.00
568.96 324.00
568.96 323.00
568.96 322.00
568.96 321.00
568.96 320.00
568.96 319.00
568.96 318.00
568.00 317.04
567.96 317.00
567.96 316.00
567.96 315.00
567.00 314.04
566.96 314.00
566.96 313.00
566.96 312.00
566.00 311.04
565.96 311.00
565.96 310.00
565.00 309.04
564.96 309.00
564.96 308.00
564.00 307.04
563.96 307.00
563.96 306.00
563.00 305.04
562.96 305.00
562.00 304.04
561.96 304.00
561.96 303.00
561.00 302.04
560.96 302.00
560.00 301.04
559.96 301.00
559.96 300.00
559.00 299.04
558.96 299.00
558.00 298.04
557.96 298.00
557.00 297.04
556.96 297.00
556.00 296.04
555.96 296.00
555.00 295.04
554.96 295.00
554.00 294.04
553.96 294.00
553.00 293.04
552.00 293.04
551.96 293.00
551.00 292.04
550.00 292.04
549.96 292.00
549.00 291.04
548.00 291.04
547.96 291.00
547.00 290.04
546.00 290.04
545.96 290.00
545.00 289.04
544.00 289.04
543.00 289.04
542.00 289.04
541.00 289.04
540.00 289.04
539.00 289.04
538.00 289.04
537.00 289.04
536.00 289.04
535.00 289.04
534.00 289.04
533.04 290.00
533.00 290.04
532.00 290.04
531.00 290.04
530.04 291.00
530.00 291.04
529.00 291.04
528.04 292.00
528.00 292.04
527.00 292.04
526.04 293.00
526.00 293.04
525.00 293.04
524.04 294.00
524.00 294.04
523.00 294.04
522.04 295.00
522.00 295.04
521.04 296.00
521.00 296.04
520.04 297.00
520.00 297.04
519.04 298.00
519.00 298.04
518.04 299.00
518.00 299.04
517.04 300.00
517.00 300.04
516.04 301.00
516.00 301.04
515.04 302.00
515.04 303.00
515.00 303.04
514.04 304.00
514.04 305.00
514.00 305.04
513.04 306.00
513.04 307.00
513.00 307.04
512.04 308.00
512.04 309.00
512.00 309.04
511.04 310.00
511.04 311.00
511.04 312.00
511.00 312.04
510.04 313.00
510.04 314.00
510.04 315.00
510.04 316.00
510.04 317.00
510.04 318.00
510.04 319.00
510.04 320.00
510.04 321.00
510.04 322.00
510.04 323.00
510.04 324.00
510.04 325.00
510.04 326.00
510.04 327.00
511.00 327.96
511.04 328.00
511.04 329.00
511.04 330.00
512.00 330.96
512.04 331.00
512.04 332.00
512.04 333.00
513.00 333.96
513.04 334.00
513.04 335.00
513.04 336.00
514.00 336.96
514.04 337.00
514.04 338.00
514.04 339.00
514.04 340.00
515.00 340.96
515.04 341.00
515.04 342.00
516.00 342.96
516.04 343.00
516.04 344.00
517.00 344.96
517.04 345.00
518.00 345.96
518.04 346.00
518.04 347.00
519.00 347.96
519.04 348.00
520.00 348.96
520.04 349.00
521.00 349.96
521.04 350.00
522.00 350.96
522.04 351.00
523.00 351.96
523.04 352.00
524.00 352.96
525.00 352.96
525.04 353.00
526.00 353.96
527.00 353.96
527.04 354.00
528.00 354.96
529.00 354.96
530.00 354.96
530.04 355.00
531.00 355.96
532.00 355.96
533.00 355.96
534.00 355.96
535.00 355.96
536.00 355.96
537.00 355.96
538.00 355.96
539.00 355.96
539.96 355.00
540.00 354.96
541.00 354.96
542.00 354.96
543.00 354.96
543.96 354.00
544.00 353.96
545.00 353.96
546.00 353.96
546.96 353.00
547.00 352.96
548.00 352.96
548.96 352.00
549.00 351.96
550.00 351.96
550.96 351.00
551.00 350.96
552.00 350.96
553.00 350.96
553.96 350.00
554.00 349.96
554.96 349.00
555.00 348.96
556.00 348.96
556.96 348.00
557.00 347.96
558.00 347.96
558.96 347.00
559.00 346.96
559.96 346.00
560.00 345.96
560.96 345.00
561.00 344.96
561.96 344.00
562.00 343.96
562.96 343.00
563.00 342.96
563.96 342.00
564.00 341.96
564.96 341.00
564.96 340.00
565.00 339.96
565.96 339.00
565.96 338.00
565.96 337.00
566.00 336.96
566.96 336.00
566.96 335.00
567.00 334.96
567.96 334.00
567.96 333.00
568.00 332.96
568.96 332.00

Contour 14:
571.97 588.00
571.97 587.00
571.97 586.00
571.97 585.00
571.97 584.00
571.97 583.00
571.97 582.00
571.97 581.00
571.97 580.00
571.97 579.00
571.97 578.00
571.97 577.00
571.97 576.00
571.97 575.00
571.97 574.00
571.97 573.00
571.97 572.00
571.00 571.03
570.97 571.00
570.97 570.00
570.97 569.00
570.97 568.00
570.97 567.00
570.97 566.00
570.00 565.03
569.97 565.00
569.97 564.00
569.00 563.03
568.97 563.00
568.97 562.00
568.00 561.03
567.97 561.00
567.97 560.00
567.00 559.03
566.97 559.00
566.00 558.03
565.97 558.00
565.00 557.03
564.97 557.00
564.00 556.03
563.97 556.00
563.00 555.03
562.97 555.00
562.00 554.03
561.97 554.00
561.00 553.03
560.97 553.00
560.00 552.03
559.97 552.00
559.00 551.03
558.00 551.03
557.97 551.00
557.00 550.03
556.00 550.03
555.97 550.00
555.00 549.03
554.00 549.03
553.00 549.03
552.97 549.00
552.00 548.03
551.00 548.03
550.00 548.03
549.00 548.03
548.97 548.00
548.00 547.03
547.00 547.03
546.00 547.03
545.00 547.03
544.00 547.03
543.00 547.03
542.00 547.03
541.03 548.00
541.00 548.03
540.00 548.03
539.00 548.03
538.00 548.03
537.03 549.00
537.00 549.03
536.00 549.03
535.00 549.03
534.03 550.00
534.00 550.03
533.00 550.03
532.03 551.00
532.00 551.03
531.00 551.03
530.03 552.00
530.00 552.03
529.00 552.03
528.03 553.00
528.00 553.03
527.03 554.00
527.00 554.03
526.03 555.00
526.00 555.03
525.03 556.00
525.00 556.03
524.03 557.00
524.00 557.03
523.03 558.00
523.00 558.03
522.03 559.00
522.00 559.03
521.03 560.00
521.00 560.03
520.03 561.00
520.03 562.00
520.00 562.03
519.03 563.00
519.00 563.03
518.03 564.00
518.03 565.00
518.00 565.03
517.03 566.00
517.03 567.00
517.00 567.03
516.03 568.00
516.03 569.00
516.03 570.00
516.00 570.03
515.03 571.00
515.03 572.00
515.03 573.00
515.00 573.03
514.03 574.00
514.03 575.00
514.03 576.00
514.03 577.00
514.03 578.00
514.03 579.00
514.03 580.00
514.03 581.00
514.03 582.00
514.03 583.00
514.03 584.00
514.03 585.00
514.03 586.00
514.03 587.00
515.00 587.97
515.03 588.00
515.03 589.00
515.03 590.00
515.03 591.00
516.00 591.97
516.03 592.00
516.03 593.00
516.03 594.00
517.00 594.97
517.03 595.00
517.03 596.00
518.00 596.97
518.03 597.00
519.00 597.97
519.03 598.00
519.03 599.00
520.00 599.97
520.03 600.00
521.00 600.97
521.03 601.00
521.03 602.00
522.00 602.97
522.03 603.00
523.00 603.97
523.03 604.00
524.00 604.97
524.03 605.00
525.00 605.97
525.03 606.00
526.00 606.97
526.03 607.00
527.00 607.97
527.03 608.00
528.00 608.97
528.03 609.00
529.00 609.97
530.00 609.97
530.03 610.00
531.00 610.97
531.03 611.00
532.00 611.97
533.00 611.97
533.03 612.00
534.00 612.97
535.00 612.97
535.03 613.00
536.00 613.97
537.00 613.97
538.00 613.97
538.03 614.00
539.00 614.97
540.00 614.97
541.00 614.97
542.00 614.97
543.00 614.97
544.00 614.97
545.00 614.97
545.03 615.00
546.00 615.97
547.00 615.97
547.97 615.00
548.00 614.97
549.00 614.97
550.00 614.97
551.00 614.97
552.00 614.97
552.97 614.00
553.00 613.97
554.00 613.97
554.97 613.00
555.00 612.97
556.00 612.97
556.97 612.00
557.00 611.97
557.97 611.00
558.00 610.97
558.97 610.00
559.00 609.97
559.97 609.00
560.00 608.97
560.97 608.00
561.00 607.97
561.97 607.00
562.00 606.97
563.00 606.97
563.97 606.00
564.00 605.97
564.97 605.00
564.97 604.00
565.00 603.97
565.97 603.00
566.00 602.97
566.97 602.00
567.00 601.97
567.97 601.00
567.97 600.00
567.97 599.00
568.00 598.97
568.97 598.00
568.97 597.00
568.97 596.00
569.00 595.97
569.97 595.00
569.97 594.00
569.97 593.00
570.00 592.97
570.97 592.00
570.97 591.00
570.97 590.00
570.97 589.00
571.00 588.97
571.97 588.00

Contour 15:
649.97 648.00
649.97 647.00
649.97 646.00
649.97 645.00
649.97 644.00
649.97 643.00
649.97 642.00
649.97 641.00
649.97 640.00
649.00 639.03
648.97 639.00
648.97 638.00
648.97 637.00
648.97 636.00
648.97 635.00
648.00 634.03
647.97 634.00
647.97 633.00
647.97 632.00
647.00 631.03
646.97 631.00
646.00 630.03
645.97 630.00
645.97 629.00
645.00 628.03
644.97 628.00
644.97 627.00
644.00 626.03
643.97 626.00
643.97 625.00
643.00 624.03
642.97 624.00
642.00 623.03
641.97 623.00
641.97 622.00
641.00 621.03
640.97 621.00
640.00 620.03
639.97 620.00
639.00 619.03
638.97 619.00
638.00 618.03
637.97 618.00
637.00 617.03
636.97 617.00
636.00 616.03
635.97 616.00
635.00 615.03
634.00 615.03
633.97 615.00
633.00 614.03
632.00 614.03
631.97 614.00
631.00 613.03
630.00 613.03
629.97 613.00
629.00 612.03
628.00 612.03
627.00 612.03
626.00 612.03
625.97 612.00
625.00 611.03
624.00 611.03
623.00 611.03
622.97 611.00
622.00 610.03
621.00 610.03
620.00 610.03
619.00 610.03
618.00 610.03
617.00 610.03
616.00 610.03
615.00 610.03
614.00 610.03
613.00 610.03
612.00 610.03
611.00 610.03
610.03 611.00
610.00 611.03
609.00 611.03
608.00 611.03
607.03 612.00
607.00 612.03
606.00 612.03
605.00 612.03
604.03 613.00
604.00 613.03
603.00 613.03
602.03 614.00
602.00 614.03
601.03 615.00
601.00 615.03
600.00 615.03
599.03 616.00
599.00 616.03
598.03 617.00
598.00 617.03
597.03 618.00
597.03 619.00
597.00 619.03
596.03 620.00
596.00 620.03
595.03 621.00
595.00 621.03
594.03 622.00
594.00 622.03
593.03 623.00
593.03 624.00
593.00 624.03
592.03 625.00
592.00 625.03
591.03 626.00
591.03 627.00
591.03 628.00
591.00 628.03
590.03 629.00
590.03 630.00
590.03 631.00
590.00 631.03
589.03 632.00
589.03 633.00
589.03 634.00
589.03 635.00
589.00 635.03
588.03 636.00
588.03 637.00
588.03 638.00
588.03 639.00
588.03 640.00
588.03 641.00
588.03 642.00
588.00 642.03
587.03 643.00
587.03 644.00
587.03 645.00
588.00 645.97
588.03 646.00
588.03 647.00
588.03 648.00
588.03 649.00
588.03 650.00
588.03 651.00
589.00 651.97
589.03 652.00
589.03 653.00
589.03 654.00
589.03 655.00
590.00 655.97
590.03 656.00
590.03 657.00
590.03 658.00
590.03 659.00
590.03 660.00
591.00 660.97
591.03 661.00
591.03 662.00
591.03 663.00
592.00 663.97
592.03 664.00
592.03 665.00
593.00 665.97
593.03 666.00
594.00 666.97
594.03 667.00
595.00 667.97
595.03 668.00
595.03 669.00
596.00 669.97
596.03 670.00
597.00 670.97
597.03 671.00
598.00 671.97
598.03 672.00
599.00 672.97
600.00 672.97
600.03 673.00
601.00 673.97
601.03 674.00
602.00 674.97
603.00 674.97
603.03 675.00
604.00 675.97
604.03 676.00
605.00 676.97
606.00 676.97
607.00 676.97
607.03 677.00
608.00 677.97
609.00 677.97
610.00 677.97
611.00 677.97
611.03 678.00
612.00 678.97
613.00 678.97
614.00 678.97
615.00 678.97
616.00 678.97
617.00 678.97
618.00 678.97
618.03 679.00
619.00 679.97
620.00 679.97
620.97 679.00
621.00 678.97
622.00 678.97
623.00 678.97
624.00 678.97
625.00 678.97
625.97 678.00
626.00 677.97
627.00 677.97
628.00 677.97
629.00 677.97
629.97 677.00
630.00 676.97
631.00 676.97
631.97 676.00
632.00 675.97
632.97 675.00
633.00 674.97
634.00 674.97
634.97 674.00
635.00 673.97
636.00 673.97
636.97 673.00
637.00 672.97
637.97 672.00
638.00 671.97
638.97 671.00
639.00 670.97
639.97 670.00
640.00 669.97
640.97 669.00
641.00 668.97
641.97 668.00
641.97 667.00
642.00 666.97
642.97 666.00
643.00 665.97
643.97 665.00
643.97 664.00
644.00 663.97
644.97 663.00
645.00 662.97
645.97 662.00
645.97 661.00
646.00 660.97
646.97 660.00
646.97 659.00
647.00 658.97
647.97 658.00
647.97 657.00
647.97 656.00
648.00 655.97
648.97 655.00
648.97 654.00
648.97 653.00
648.97 652.00
648.97 651.00
648.97 650.00
648.97 649.00
649.00 648.97
649.97 648.00

Contour 16:
662.97 487.00
662.97 486.00
662.97 485.00
662.97 484.00
662.97 483.00
662.97 482.00
662.97 481.00
662.97 480.00
662.97 479.00
662.97 478.00
662.97 477.00
662.97 476.00
662.97 475.00
662.97 474.00
662.97 473.00
662.00 472.03
661.97 472.00
661.97 471.00
661.97 470.00
661.00 469.03
660.97 469.00
660.97 468.00
660.97 467.00
660.00 466.03
659.97 466.00
659.97 465.00
659.00 464.03
658.97 464.00
658.97 463.00
658.00 462.03
657.97 462.00
657.97 461.00
657.00 460.03
656.97 460.00
656.00 459.03
655.97 459.00
655.00 458.03
654.97 458.00
654.00 457.03
653.97 457.00
653.97 456.00
653.00 455.03
652.97 455.00
652.00 454.03
651.97 454.00
651.00 453.03
650.97 453.00
650.97 452.00
650.00 451.03
649.97 451.00
649.00 450.03
648.97 450.00
648.00 449.03
647.00 449.03
646.97 449.00
646.00 448.03
645.00 448.03
644.97 448.00
644.00 447.03
643.97 447.00
643.00 446.03
642.00 446.03
641.97 446.00
641.00 445.03
640.00 445.03
639.00 445.03
638.97 445.00
638.00 444.03
637.00 444.03
636.00 444.03
635.97 444.00
635.00 443.03
634.00 443.03
633.00 443.03
632.00 443.03
631.00 443.03
630.00 443.03
629.00 443.03
628.00 443.03
627.00 443.03
626.03 444.00
626.00 444.03
625.00 444.03
624.00 444.03
623.00 444.03
622.03 445.00
622.00 445.03
621.00 445.03
620.03 446.00
620.00 446.03
619.00 446.03
618.03 447.00
618.00 447.03
617.00 447.03
616.03 448.00
616.00 448.03
615.03 449.00
615.00 449.03
614.00 449.03
613.03 450.00
613.00 450.03
612.03 451.00
612.00 451.03
611.03 452.00
611.00 452.03
610.00 452.03
609.03 453.00
609.00 453.03
608.03 454.00
608.00 454.03
607.03 455.00
607.00 455.03
606.03 456.00
606.00 456.03
605.03 457.00
605.00 457.03
604.03 458.00
604.00 458.03
603.03 459.00
603.00 459.03
602.03 460.00
602.03 461.00
602.00 461.03
601.03 462.00
601.03 463.00
601.00 463.03
600.03 464.00
600.00 464.03
599.03 465.00
599.03 466.00
599.00 466.03
598.03 467.00
598.03 468.00
598.03 469.00
598.00 469.03
597.03 470.00
597.03 471.00
597.03 472.00
597.03 473.00
597.03 474.00
597.03 475.00
597.03 476.00
597.03 477.00
597.03 478.00
597.03 479.00
597.03 480.00
597.03 481.00
597.03 482.00
597.03 483.00
598.00 483.97
598.03 484.00
598.03 485.00
598.03 486.00
599.00 486.97
599.03 487.00
600.00 487.97
600.03 488.00
600.03 489.00
601.00 489.97
601.03 490.00
602.00 490.97
602.03 491.00
603.00 491.97
603.03 492.00
604.00 492.97
604.03 493.00
605.00 493.97
605.03 494.00
606.00 494.97
606.03 495.00
607.00 495.97
607.03 496.00
608.00 496.97
609.00 496.97
609.03 497.00
610.00 497.97
611.00 497.97
611.03 498.00
612.00 498.97
613.00 498.97
613.03 499.00
614.00 499.97
615.00 499.97
615.03 500.00
616.00 500.97
617.00 500.97
618.00 500.97
618.03 501.00
619.00 501.97
620.00 501.97
621.00 501.97
622.00 501.97
622.03 502.00
623.00 502.97
624.00 502.97
625.00 502.97
625.03 503.00
626.00 503.97
627.00 503.97
628.00 503.97
629.00 503.97
629.03 504.00
630.00 504.97
631.00 504.97
632.00 504.97
633.00 504.97
634.00 504.97
635.00 504.97
636.00 504.97
636.03 505.00
637.00 505.97
637.97 505.00
638.00 504.97
639.00 504.97
640.00 504.97
641.00 504.97
642.00 504.97
642.97 504.00
643.00 503.97
644.00 503.97
645.00 503.97
646.00 503.97
646.97 503.00
647.00 502.97
648.00 502.97
648.97 502.00
649.00 501.97
650.00 501.97
650.97 501.00
651.00 500.97
652.00 500.97
652.97 500.00
653.00 499.97
653.97 499.00
654.00 498.97
654.97 498.00
655.00 497.97
656.00 497.97
656.97 497.00
657.00 496.97
657.97 496.00
658.00 495.97
658.97 495.00
658.97 494.00
659.00 493.97
659.97 493.00
660.00 492.97
660.97 492.00
660.97 491.00
661.00 490.97
661.97 490.00
661.97 489.00
661.97 488.00
662.00 487.97
662.97 487.00

Contour 17:
677.97 319.00
677.97 318.00
677.97 317.00
677.97 316.00
677.97 315.00
677.97 314.00
677.00 313.03
676.97 313.00
676.97 312.00
676.97 311.00
676.97 310.00
676.00 309.03
675.97 309.00
675.97 308.00
675.00 307.03
674.97 307.00
674.97 306.00
674.00 305.03
673.97 305.00
673.97 304.00
673.00 303.03
672.97 303.00
672.97 302.00
672.00 301.03
671.97 301.00
671.00 300.03
670.97 300.00
670.97 299.00
670.00 298.03
669.97 298.00
669.00 297.03
668.97 297.00
668.00 296.03
667.97 296.00
667.00 295.03
666.00 295.03
665.97 295.00
665.00 294.03
664.97 294.00
664.00 293.03
663.00 293.03
662.97 293.00
662.00 292.03
661.00 292.03
660.97 292.00
660.00 291.03
659.97 291.00
659.00 290.03
658.00 290.03
657.97 290.00
657.00 289.03
656.00 289.03
655.97 289.00
655.00 288.03
654.00 288.03
653.97 288.00
653.00 287.03
652.00 287.03
651.00 287.03
650.00 287.03
649.00 287.03
648.00 287.03
647.00 287.03
646.00 287.03
645.00 287.03
644.00 287.03
643.00 287.03
642.00 287.03
641.00 287.03
640.00 287.03
639.00 287.03
638.00 287.03
637.00 287.03
636.00 287.03
635.00 287.03
634.03 288.00
634.00 288.03
633.00 288.03
632.00 288.03
631.00 288.03
630.00 288.03
629.03 289.00
629.00 289.03
628.00 289.03
627.00 289.03
626.03 290.00
626.00 290.03
625.00 290.03
624.03 291.00
624.00 291.03
623.00 291.03
622.03 292.00
622.00 292.03
621.03 293.00
621.00 293.03
620.00 293.03
619.03 294.00
619.00 294.03
618.03 295.00
618.00 295.03
617.03 296.00
617.00 296.03
616.03 297.00
616.00 297.03
615.03 298.00
615.03 299.00
615.00 299.03
614.03 300.00
614.00 300.03
613.03 301.00
613.03 302.00
613.00 302.03
612.03 303.00
612.03 304.00
612.03 305.00
612.00 305.03
611.03 306.00
611.03 307.00
611.03 308.00
611.00 308.03
610.03 309.00
610.03 310.00
610.03 311.00
610.03 312.00
610.03 313.00
610.03 314.00
610.03 315.00
610.03 316.00
611.00 316.97
611.03 317.00
611.03 318.00
611.03 319.00
611.03 320.00
612.00 320.97
612.03 321.00
612.03 322.00
613.00 322.97
613.03 323.00
613.03 324.00
614.00 324.97
614.03 325.00
614.03 326.00
615.00 326.97
615.03 327.00
615.03 328.00
615.03 329.00
616.00 329.97
616.03 330.00
616.03 331.00
617.00 331.97
617.03 332.00
618.00 332.97
618.03 333.00
618.03 334.00
619.00 334.97
619.03 335.00
620.00 335.97
620.03 336.00
621.00 336.97
621.03 337.00
622.00 337.97
622.03 338.00
623.00 338.97
623.03 339.00
624.00 339.97
625.00 339.97
625.03 340.00
626.00 340.97
627.00 340.97
627.03 341.00
628.00 341.97
629.00 341.97
629.03 342.00
630.00 342.97
631.00 342.97
631.03 343.00
632.00 343.97
633.00 343.97
634.00 343.97
635.00 343.97
635.03 344.00
636.00 344.97
637.00 344.97
638.00 344.97
639.00 344.97
640.00 344.97
641.00 344.97
642.00 344.97
643.00 344.97
644.00 344.97
645.00 344.97
646.00 344.97
647.00 344.97
647.97 344.00
648.00 343.97
649.00 343.97
650.00 343.97
651.00 343.97
652.00 343.97
652.97 343.00
653.00 342.97
654.00 342.97
655.00 342.97
656.00 342.97
656.97 342.00
657.00 341.97
658.00 341.97
659.00 341.97
659.97 341.00
660.00 340.97
661.00 340.97
661.97 340.00
662.00 339.97
663.00 339.97
663.97 339.00
664.00 338.97
665.00 338.97
665.97 338.00
666.00 337.97
666.97 337.00
667.00 336.97
667.97 336.00
668.00 335.97
668.97 335.00
669.00 334.97
670.00 334.97
670.97 334.00
670.97 333.00
671.00 332.97
671.97 332.00
672.00 331.97
672.97 331.00
673.00 330.97
673.97 330.00
673.97 329.00
674.00 328.97
674.97 328.00
674.97 327.00
675.00 326.97
675.97 326.00
675.97 325.00
675.97 324.00
676.00 323.97
676.97 323.00
676.97 322.00
676.97 321.00
676.97 320.00
677.00 319.97
677.97 319.00

Contour 18:
713.97 417.00
713.97 416.00
713.97 415.00
713.97 414.00
713.97 413.00
713.97 412.00
713.97 411.00
713.00 410.03
712.97 410.00
712.97 409.00
712.97 408.00
712.00 407.03
711.97 407.00
711.97 406.00
711.97 405.00
711.00 404.03
710.97 404.00
710.97 403.00
710.97 402.00
710.00 401.03
709.97 401.00
709.97 400.00
709.00 399.03
708.97 399.00
708.00 398.03
707.97 398.00
707.00 397.03
706.97 397.00
706.00 396.03
705.97 396.00
705.00 395.03
704.97 395.00
704.00 394.03
703.97 394.00
703.00 393.03
702.97 393.00
702.00 392.03
701.97 392.00
701.00 391.03
700.97 391.00
700.00 390.03
699.97 390.00
699.00 389.03
698.97 389.00
698.00 388.03
697.97 388.00
697.00 387.03
696.97 387.00
696.00 386.03
695.00 386.03
694.97 386.00
694.00 385.03
693.97 385.00
693.00 384.03
692.97 384.00
692.00 383.03
691.97 383.00
691.00 382.03
690.97 382.00
690.00 381.03
689.00 381.03
688.97 381.00
688.00 380.03
687.97 380.00
687.00 379.03
686.00 379.03
685.97 379.00
685.00 378.03
684.00 378.03
683.97 378.00
683.00 377.03
682.00 377.03
681.00 377.03
680.97 377.00
680.00 376.03
679.00 376.03
678.00 376.03
677.00 376.03
676.03 377.00
676.00 377.03
675.00 377.03
674.00 377.03
673.03 378.00
673.00 378.03
672.00 378.03
671.00 378.03
670.03 379.00
670.00 379.03
669.00 379.03
668.03 380.00
668.00 380.03
667.00 380.03
666.00 380.03
665.03 381.00
665.00 381.03
664.00 381.03
663.03 382.00
663.00 382.03
662.03 383.00
662.00 383.03
661.00 383.03
660.03 384.00
660.00 384.03
659.00 384.03
658.03 385.00
658.00 385.03
657.03 386.00
657.00 386.03
656.03 387.00
656.00 387.03
655.03 388.00
655.03 389.00
655.00 389.03
654.03 390.00
654.00 390.03
653.03 391.00
653.03 392.00
653.03 393.00
653.00 393.03
652.03 394.00
652.03 395.00
652.03 396.00
652.03 397.00
652.03 398.00
652.03 399.00
652.03 400.00
652.03 401.00
652.03 402.00
652.03 403.00
652.03 404.00
652.03 405.00
652.03 406.00
652.03 407.00
652.03 408.00
652.03 409.00
652.03 410.00
653.00 410.97
653.03 411.00
653.03 412.00
653.03 413.00
654.00 413.97
654.03 414.00
654.03 415.00
655.00 415.97
655.03 416.00
655.03 417.00
656.00 417.97
656.03 418.00
657.00 418.97
657.03 419.00
657.03 420.00
658.00 420.97
658.03 421.00
659.00 421.97
659.03 422.00
659.03 423.00
660.00 423.97
660.03 424.00
661.00 424.97
661.03 425.00
662.00 425.97
663.00 425.97
663.03 426.00
664.00 426.97
664.03 427.00
665.00 427.97
665.03 428.00
666.00 428.97
667.00 428.97
667.03 429.00
668.00 429.97
668.03 430.00
669.00 430.97
670.00 430.97
670.03 431.00
671.00 431.97
672.00 431.97
672.03 432.00
673.00 432.97
674.00 432.97
674.03 433.00
675.00 433.97
676.00 433.97
676.03 434.00
677.00 434.97
678.00 434.97
679.00 434.97
679.03 435.00
680.00 435.97
681.00 435.97
681.03 436.00
682.00 436.97
683.00 436.97
683.03 437.00
684.00 437.97
685.00 437.97
686.00 437.97
687.00 437.97
688.00 437.97
689.00 437.97
690.00 437.97
691.00 437.97
692.00 437.97
693.00 437.97
694.00 437.97
695.00 437.97
695.97 437.00
696.00 436.97
697.00 436.97
698.00 436.97
698.97 436.00
699.00 435.97
699.97 435.00
700.00 434.97
701.00 434.97
701.97 434.00
702.00 433.97
703.00 433.97
703.97 433.00
704.00 432.97
704.97 432.00
705.00 431.97
705.97 431.00
706.00 430.97
706.97 430.00
707.00 429.97
707.97 429.00
708.00 428.97
708.97 428.00
709.00 427.97
709.97 427.00
710.00 426.97
710.97 426.00
711.00 425.97
711.97 425.00
711.97 424.00
711.97 423.00
712.00 422.97
712.97 422.00
712.97 421.00
712.97 420.00
712.97 419.00
712.97 418.00
713.00 417.97
713.97 417.00

Contour 19:
748.98 620.00
748.98 619.00
748.98 618.00
748.98 617.00
748.98 616.00
748.98 615.00
748.98 614.00
748.98 613.00
748.98 612.00
748.98 611.00
748.00 610.02
747.98 610.00
747.98 609.00
747.98 608.00
747.98 607.00
747.98 606.00
747.00 605.02
746.98 605.00
746.98 604.00
746.00 603.02
745.98 603.00
745.98 602.00
745.00 601.02
744.98 601.00
744.00 600.02
743.98 600.00
743.98 599.00
743.00 598.02
742.98 598.00
742.00 597.02
741.98 597.00
741.00 596.02
740.98 596.00
740.00 595.02
739.98 595.00
739.00 594.02
738.98 594.00
738.00 593.02
737.00 593.02
736.98 593.00
736.00 592.02
735.00 592.02
734.98 592.00
734.00 591.02
733.00 591.02
732.98 591.00
732.00 590.02
731.00 590.02
730.00 590.02
729.00 590.02
728.00 590.02
727.00 590.02
726.98 590.00
726.00 589.02
725.00 589.02
724.02 590.00
724.00 590.02
723.00 590.02
722.00 590.02
721.00 590.02
720.00 590.02
719.00 590.02
718.02 591.00
718.00 591.02
717.00 591.02
716.02 592.00
716.00 592.02
715.00 592.02
714.02 593.00
714.00 593.02
713.00 593.02
712.02 594.00
712.00 594.02
711.02 595.00
711.00 595.02
710.02 596.00
710.00 596.02
709.00 596.02
708.02 597.00
708.00 597.02
707.02 598.00
707.00 598.02
706.02 599.00
706.02 600.00
706.00 600.02
705.02 601.00
705.00 601.02
704.02 602.00
704.00 602.02
703.02 603.00
703.02 604.00
703.00 604.02
702.02 605.00
702.02 606.00
702.00 606.02
701.02 607.00
701.00 607.02
700.02 608.00
700.02 609.00
700.00 609.02
699.02 610.00
699.00 610.02
698.02 611.00
698.02 612.00
698.00 612.02
697.02 613.00
697.02 614.00
697.00 614.02
696.02 615.00
696.02 616.00
696.00 616.02
695.02 617.00
695.02 618.00
695.00 618.02
694.02 619.00
694.02 620.00
694.00 620.02
693.02 621.00
693.00 621.02
692.02 622.00
692.02 623.00
692.02 624.00
692.00 624.02
691.02 625.00
691.02 626.00
691.02 627.00
691.02 628.00
691.02 629.00
691.00 629.02
690.02 630.00
690.02 631.00
690.02 632.00
690.02 633.00
690.02 634.00
690.02 635.00
690.02 636.00
690.02 637.00
690.02 638.00
690.02 639.00
690.02 640.00
690.02 641.00
690.02 642.00
690.02 643.00
690.02 644.00
691.00 644.98
691.02 645.00
691.02 646.00
691.02 647.00
691.02 648.00
692.00 648.98
692.02 649.00
692.02 650.00
692.02 651.00
693.00 651.98
693.02 652.00
694.00 652.98
694.02 653.00
694.02 654.00
695.00 654.98
695.02 655.00
696.00 655.98
696.02 656.00
697.00 656.98
697.02 657.00
698.00 657.98
699.00 657.98
699.02 658.00
700.00 658.98
700.02 659.00
701.00 659.98
702.00 659.98
702.02 660.00
703.00 660.98
704.00 660.98
704.02 661.00
705.00 661.98
706.00 661.98
707.00 661.98
708.00 661.98
708.02 662.00
709.00 662.98
710.00 662.98
711.00 662.98
712.00 662.98
713.00 662.98
714.00 662.98
715.00 662.98
716.00 662.98
717.00 662.98
718.00 662.98
719.00 662.98
720.00 662.98
720.98 662.00
721.00 661.98
722.00 661.98
723.00 661.98
723.98 661.00
724.00 660.98
725.00 660.98
725.98 660.00
726.00 659.98
726.98 659.00
727.00 658.98
728.00 658.98
728.98 658.00
729.00 657.98
729.98 657.00
730.00 656.98
730.98 656.00
731.00 655.98
731.98 655.00
732.00 654.98
732.98 654.00
732.98 653.00
733.00 652.98
733.98 652.00
734.00 651.98
734.98 651.00
735.00 650.98
735.98 650.00
735.98 649.00
736.00 648.98
736.98 648.00
737.00 647.98
737.98 647.00
737.98 646.00
738.00 645.98
738.98 645.00
739.00 644.98
739.98 644.00
739.98 643.00
740.00 642.98
740.98 642.00
741.00 641.98
741.98 641.00
741.98 640.00
742.00 639.98
742.98 639.00
742.98 638.00
743.00 637.98
743.98 637.00
743.98 636.00
744.00 635.98
744.98 635.00
744.98 634.00
745.00 633.98
745.98 633.00
745.98 632.00
745.98 631.00
746.00 630.98
746.98 630.00
746.98 629.00
746.98 628.00
747.00 627.98
747.98 627.00
747.98 626.00
747.98 625.00
747.98 624.00
747.98 623.00
747.98 622.00
747.98 621.00
748.00 620.98
748.98 620.00

Contour 20:
820.98 451.00
820.98 450.00
820.98 449.00
820.98 448.00
820.98 447.00
820.98 446.00
820.98 445.00
820.98 444.00
820.00 443.02
819.98 443.00
819.98 442.00
819.00 441.02
818.98 441.00
818.00 440.02
817.98 440.00
817.00 439.02
816.98 439.00
816.00 438.02
815.98 438.00
815.00 437.02
814.00 437.02
813.98 437.00
813.00 436.02
812.98 436.00
812.00 435.02
811.00 435.02
810.98 435.00
810.00 434.02
809.00 434.02
808.98 434.00
808.00 433.02
807.00 433.02
806.00 433.02
805.98 433.00
805.00 432.02
804.00 432.02
803.00 432.02
802.00 432.02
801.00 432.02
800.00 432.02
799.98 432.00
799.00 431.02
798.00 431.02
797.00 431.02
796.02 432.00
796.00 432.02
795.00 432.02
794.00 432.02
793.00 432.02
792.00 432.02
791.02 433.00
791.00 433.02
790.00 433.02
789.00 433.02
788.02 434.00
788.00 434.02
787.00 434.02
786.02 435.00
786.00 435.02
785.00 435.02
784.00 435.02
783.02 436.00
783.00 436.02
782.00 436.02
781.02 437.00
781.00 437.02
780.00 437.02
779.02 438.00
779.00 438.02
778.00 438.02
777.00 438.02
776.02 439.00
776.00 439.02
775.00 439.02
774.02 440.00
774.00 440.02
773.00 440.02
772.02 441.00
772.00 441.02
771.02 442.00
771.00 442.02
770.00 442.02
769.02 443.00
769.00 443.02
768.02 444.00
768.00 444.02
767.02 445.00
767.00 445.02
766.02 446.00
766.00 446.02
765.02 447.00
765.00 447.02
764.02 448.00
764.00 448.02
763.02 449.00
763.00 449.02
762.02 450.00
762.00 450.02
761.02 451.00
761.02 452.00
761.00 452.02
760.02 453.00
760.02 454.00
760.00 454.02
759.02 455.00
759.02 456.00
759.02 457.00
759.00 457.02
758.02 458.00
758.02 459.00
758.02 460.00
758.02 461.00
758.02 462.00
758.02 463.00
758.02 464.00
758.00 464.02
757.02 465.00
757.02 466.00
757.02 467.00
758.00 467.98
758.02 468.00
758.02 469.00
758.02 470.00
758.02 471.00
758.02 472.00
758.02 473.00
759.00 473.98
759.02 474.00
759.02 475.00
760.00 475.98
760.02 476.00
760.02 477.00
760.02 478.00
761.00 478.98
761.02 479.00
762.00 479.98
762.02 480.00
762.02 481.00
763.00 481.98
763.02 482.00
764.00 482.98
764.02 483.00
765.00 483.98
765.02 484.00
766.00 484.98
766.02 485.00
767.00 485.98
767.02 486.00
768.00 486.98
768.02 487.00
769.00 487.98
770.00 487.98
770.02 488.00
771.00 488.98
771.02 489.00
772.00 489.98
773.00 489.98
774.00 489.98
774.02 490.00
775.00 490.98
776.00 490.98
776.02 491.00
777.00 491.98
777.02 492.00
778.00 492.98
779.00 492.98
780.00 492.98
780.02 493.00
781.00 493.98
782.00 493.98
783.00 493.98
784.00 493.98
785.00 493.98
786.00 493.98
787.00 493.98
788.00 493.98
789.00 493.98
790.00 493.98
790.98 493.00
791.00 492.98
792.00 492.98
793.00 492.98
793.98 492.00
794.00 491.98
795.00 491.98
795.98 491.00
796.00 490.98
797.00 490.98
797.98 490.00
798.00 489.98
798.98 489.00
799.00 488.98
800.00 488.98
800.98 488.00
801.00 487.98
801.98 487.00
802.00 486.98
802.98 486.00
803.00 485.98
803.98 485.00
803.98 484.00
804.00 483.98
804.98 483.00
805.00 482.98
805.98 482.00
806.00 481.98
806.98 481.00
806.98 480.00
807.00 479.98
807.98 479.00
808.00 478.98
808.98 478.00
808.98 477.00
809.00 476.98
809.98 476.00
809.98 475.00
810.00 474.98
810.98 474.00
811.00 473.98
811.98 473.00
812.00 472.98
812.98 472.00
812.98 471.00
813.00 470.98
813.98 470.00
814.00 469.98
814.98 469.00
814.98 468.00
814.98 467.00
815.00 466.98
815.98 466.00
815.98 465.00
816.00 464.98
816.98 464.00
816.98 463.00
817.00 462.98
817.98 462.00
817.98 461.00
817.98 460.00
817.98 459.00
818.00 458.98
818.98 458.00
818.98 457.00
818.98 456.00
819.00 455.98
819.98 455.00
819.98 454.00
819.98 453.00
819.98 452.00
820.00 451.98
820.98 451.00

Contour 21:
985.98 743.00
985.98 742.00
985.98 741.00
985.98 740.00
985.98 739.00
985.98 738.00
985.98 737.00
985.98 736.00
985.98 735.00
985.98 734.00
985.00 733.02
984.98 733.00
984.98 732.00
984.98 731.00
984.98 730.00
984.00 729.02
983.98 729.00
983.98 728.00
983.98 727.00
983.00 726.02
982.98 726.00
982.98 725.00
982.98 724.00
982.00 723.02
981.98 723.00
981.98 722.00
981.00 721.02
980.98 721.00
980.00 720.02
979.98 720.00
979.00 719.02
978.98 719.00
978.00 718.02
977.98 718.00
977.00 717.02
976.98 717.00
976.00 716.02
975.98 716.00
975.00 715.02
974.98 715.00
974.00 714.02
973.00 714.02
972.98 714.00
972.00 713.02
971.00 713.02
970.98 713.00
970.00 712.02
969.00 712.02
968.00 712.02
967.00 712.02
966.00 712.02
965.98 712.00
965.00 711.02
964.00 711.02
963.00 711.02
962.00 711.02
961.00 711.02
960.00 711.02
959.00 711.02
958.00 711.02
957.00 711.02
956.00 711.02
955.00 711.02
954.00 711.02
953.00 711.02
952.00 711.02
951.02 712.00
951.00 712.02
950.00 712.02
949.00 712.02
948.00 712.02
947.00 712.02
946.02 713.00
946.00 713.02
945.00 713.02
944.02 714.00
944.00 714.02
943.00 714.02
942.02 715.00
942.00 715.02
941.02 716.00
941.00 716.02
940.00 716.02
939.02 717.00
939.00 717.02
938.00 717.02
937.02 718.00
937.00 718.02
936.00 718.02
935.02 719.00
935.00 719.02
934.02 720.00
934.00 720.02
933.00 720.02
932.02 721.00
932.00 721.02
931.02 722.00
931.00 722.02
930.02 723.00
930.00 723.02
929.02 724.00
929.00 724.02
928.02 725.00
928.00 725.02
927.02 726.00
927.00 726.02
926.02 727.00
926.02 728.00
926.00 728.02
925.02 729.00
925.02 730.00
925.00 730.02
924.02 731.00
924.02 732.00
924.00 732.02
923.02 733.00
923.02 734.00
923.02 735.00
923.00 735.02
922.02 736.00
922.02 737.00
922.02 738.00
922.02 739.00
922.00 739.02
921.02 740.00
921.02 741.00
921.02 742.00
921.02 743.00
921.02 744.00
921.02 745.00
921.02 746.00
922.00 746.98
922.02 747.00
922.02 748.00
922.02 749.00
922.02 750.00
922.02 751.00
923.00 751.98
923.02 752.00
923.02 753.00
924.00 753.98
924.02 754.00
924.02 755.00
924.02 756.00
925.00 756.98
925.02 757.00
925.02 758.00
926.00 758.98
926.02 759.00
927.00 759.98
927.02 760.00
927.02 761.00
927.02 762.00
928.00 762.98
928.02 763.00
928.02 764.00
929.00 764.98
929.02 765.00
929.02 766.00
930.00 766.98
930.02 767.00
931.00 767.98
931.02 768.00
931.02 769.00
932.00 769.98
933.00 769.98
933.02 770.00
934.00 770.98
934.02 771.00
935.00 771.98
936.00 771.98
936.02 772.00
937.00 772.98
938.00 772.98
938.02 773.00
939.00 773.98
940.00 773.98
940.02 774.00
941.00 774.98
942.00 774.98
943.00 774.98
943.02 775.00
944.00 775.98
945.00 775.98
946.00 775.98
947.00 775.98
948.00 775.98
949.00 775.98
950.00 775.98
950.02 776.00
951.00 776.98
952.00 776.98
953.00 776.98
954.00 776.98
955.00 776.98
955.98 776.00
956.00 775.98
957.00 775.98
958.00 775.98
959.00 775.98
959.98 775.00
960.00 774.98
961.00 774.98
961.98 774.00
962.00 773.98
963.00 773.98
963.98 773.00
964.00 772.98
965.00 772.98
965.98 772.00
966.00 771.98
966.98 771.00
967.00 770.98
968.00 770.98
968.98 770.00
969.00 769.98
969.98 769.00
970.00 768.98
970.98 768.00
971.00 767.98
971.98 767.00
972.00 766.98
972.98 766.00
973.00 765.98
974.00 765.98
974.98 765.00
975.00 764.98
975.98 764.00
976.00 763.98
976.98 763.00
977.00 762.98
977.98 762.00
978.00 761.98
978.98 761.00
979.00 760.98
979.98 760.00
980.00 759.98
980.98 759.00
980.98 758.00
981.00 757.98
981.98 757.00
981.98 756.00
982.00 755.98
982.98 755.00
982.98 754.00
983.00 753.98
983.98 753.00
983.98 752.00
983.98 751.00
983.98 750.00
984.00 749.98
984.98 749.00
984.98 748.00
984.98 747.00
984.98 746.00
984.98 745.00
984.98 744.00
985.00 743.98
985.98 743.00

