Contour 0:
0.00 574.50
0.50 575.00
0.50 576.00
0.50 577.00
1.00 577.50
1.50 578.00
1.50 579.00
2.00 579.50
2.50 580.00
2.50 581.00
3.00 581.50
3.50 582.00
3.50 583.00
4.00 583.50
5.00 583.50
5.50 584.00
6.00 584.50
6.50 585.00
7.00 585.50
7.50 586.00
8.00 586.50
8.50 587.00
9.00 587.50
9.50 588.00
10.00 588.50
10.50 589.00
11.00 589.50
11.50 590.00
12.00 590.50
13.00 590.50
14.00 590.50
14.50 591.00
15.00 591.50
16.00 591.50
16.50 592.00
17.00 592.50
18.00 592.50
19.00 592.50
20.00 592.50
21.00 592.50
22.00 592.50
22.50 593.00
23.00 593.50
24.00 593.50
25.00 593.50
26.00 593.50
27.00 593.50
28.00 593.50
29.00 593.50
29.50 593.00
30.00 592.50
31.00 592.50
32.00 592.50
32.50 592.00
33.00 591.50
34.00 591.50
34.50 591.00
35.00 590.50
36.00 590.50
36.50 590.00
37.00 589.50
38.00 589.50
38.50 589.00
39.00 588.50
39.50 588.00
40.00 587.50
41.00 587.50
41.50 587.00
42.00 586.50
42.50 586.00
43.00 585.50
43.50 585.00
44.00 584.50
45.00 584.50
45.50 584.00
46.00 583.50
46.50 583.00
47.00 582.50
47.50 582.00
47.50 581.00
48.00 580.50
48.50 580.00
49.00 579.50
49.50 579.00
49.50 578.00
50.00 577.50
50.50 577.00
50.50 576.00
51.00 575.50
51.50 575.00
52.00 574.50
52.50 574.00
52.50 573.00
53.00 572.50
53.50 572.00
53.50 571.00
53.50 570.00
53.50 569.00
54.00 568.50
54.50 568.00
54.50 567.00
54.50 566.00
54.50 565.00
54.50 564.00
54.50 563.00
54.50 562.00
54.50 561.00
54.50 560.00
54.50 559.00
54.50 558.00
54.00 557.50
53.50 557.00
53.50 556.00
53.50 555.00
53.50 554.00
53.50 553.00
53.00 552.50
52.50 552.00
52.50 551.00
52.50 550.00
52.00 549.50
51.50 549.00
51.50 548.00
51.50 547.00
51.00 546.50
50.50 546.00
50.00 545.50
49.50 545.00
49.00 544.50
48.50 544.00
48.50 543.00
48.00 542.50
47.50 542.00
47.50 541.00
47.00 540.50
46.50 540.00
46.50 539.00
46.00 538.50
45.50 538.00
45.00 537.50
44.00 537.50
43.50 537.00
43.00 536.50
42.50 536.00
42.00 535.50
41.50 535.00
41.00 534.50
40.00 534.50
39.50 534.00
39.00 533.50
38.50 533.00
38.00 532.50
37.50 532.00
37.00 531.50
36.00 531.50
35.50 531.00
35.00 530.50
34.00 530.50
33.50 530.00
33.00 529.50
32.00 529.50
31.50 529.00
31.00 528.50
30.00 528.50
29.00 528.50
28.00 528.50
27.00 528.50
26.50 528.00
26.00 527.50
25.00 527.50
24.00 527.50
23.00 527.50
22.00 527.50
21.00 527.50
20.00 527.50
19.00 527.50
18.00 527.50
17.00 527.50
16.00 527.50
15.50 528.00
15.00 528.50
14.00 528.50
13.00 528.50
12.50 529.00
12.00 529.50
11.00 529.50
10.00 529.50
9.50 530.00
9.00 530.50
8.50 531.00
8.00 531.50
7.00 531.50
6.50 532.00
6.00 532.50
5.50 533.00
5.00 533.50
4.50 534.00
4.00 534.50
3.50 535.00
3.00 535.50
2.50 536.00
2.00 536.50
1.50 537.00
1.00 537.50
0.50 538.00
0.00 538.50

Contour 1:
109.75 279.00
109.75 278.00
109.75 277.00
109.75 276.00
109.75 275.00
109.75 274.00
109.75 273.00
109.75 272.00
109.75 271.00
109.75 270.00
109.75 269.00
109.75 268.00
109.75 267.00
109.75 266.00
109.00 265.25
108.75 265.00
108.75 264.00
108.75 263.00
108.00 262.25
107.75 262.00
107.75 261.00
107.75 260.00
107.75 259.00
107.00 258.25
106.75 258.00
106.75 257.00
106.00 256.25
105.75 256.00
105.75 255.00
105.75 254.00
105.00 253.25
104.75 253.00
104.75 252.00
104.00 251.25
103.75 251.00
103.75 250.00
103.00 249.25
102.75 249.00
102.75 248.00
102.00 247.25
101.75 247.00
101.00 246.25
100.75 246.00
100.00 245.25
99.75 245.00
99.75 244.00
99.00 243.25
98.75 243.00
98.00 242.25
97.75 242.00
97.00 241.25
96.75 241.00
96.00 240.25
95.75 240.00
95.00 239.25
94.75 239.00
94.00 238.25
93.00 238.25
92.75 238.00
92.00 237.25
91.75 237.00
91.00 236.25
90.75 236.00
90.00 235.25
89.75 235.00
89.00 234.25
88.00 234.25
87.75 234.00
87.00 233.25
86.75 233.00
86.00 232.25
85.00 232.25
84.75 232.00
84.00 231.25
83.00 231.25
82.00 231.25
81.00 231.25
80.75 231.00
80.00 230.25
79.00 230.25
78.00 230.25
77.00 230.25
76.75 230.00
76.00 229.25
75.00 229.25
74.00 229.25
73.00 229.25
72.00 229.25
71.00 229.25
70.25 230.00
70.00 230.25
69.00 230.25
68.00 230.25
67.00 230.25
66.25 231.00
66.00 231.25
65.00 231.25
64.00 231.25
63.00 231.25
62.00 231.25
61.25 232.00
61.00 232.25
60.00 232.25
59.25 233.00
59.00 233.25
58.00 233.25
57.00 233.25
56.25 234.00
56.00 234.25
55.00 234.25
54.25 235.00
54.00 235.25
53.25 236.00
53.00 236.25
52.25 237.00
52.00 237.25
51.25 238.00
51.00 238.25
50.25 239.00
50.00 239.25
49.00 239.25
48.25 240.00
48.00 240.25
47.25 241.00
47.00 241.25
46.25 242.00
46.00 242.25
45.25 243.00
45.25 244.00
45.00 244.25
44.25 245.00
44.00 245.25
43.25 246.00
43.00 246.25
42.25 247.00
42.25 248.00
42.00 248.25
41.25 249.00
41.25 250.00
41.00 250.25
40.25 251.00
40.25 252.00
40.00 252.25
39.25 253.00
39.25 254.00
39.25 255.00
39.00 255.25
38.25 256.00
38.25 257.00
38.25 258.00
38.00 258.25
37.25 259.00
37.25 260.00
37.25 261.00
37.25 262.00
37.25 263.00
37.25 264.00
37.25 265.00
37.25 266.00
37.25 267.00
38.00 267.75
38.25 268.00
38.25 269.00
38.25 270.00
38.25 271.00
39.00 271.75
39.25 272.00
39.25 273.00
39.25 274.00
40.00 274.75
40.25 275.00
40.25 276.00
41.00 276.75
41.25 277.00
42.00 277.75
42.25 278.00
43.00 278.75
43.25 279.00
43.25 280.00
44.00 280.75
44.25 281.00
45.00 281.75
45.25 282.00
46.00 282.75
46.25 283.00
47.00 283.75
47.25 284.00
48.00 284.75
48.25 285.00
49.00 285.75
49.25 286.00
50.00 286.75
50.25 287.00
51.00 287.75
52.00 287.75
52.25 288.00
53.00 288.75
53.25 289.00
54.00 289.75
55.00 289.75
55.25 290.00
56.00 290.75
56.25 291.00
57.00 291.75
57.25 292.00
58.00 292.75
59.00 292.75
59.25 293.00
60.00 293.75
61.00 293.75
61.25 294.00
62.00 294.75
63.00 294.75
63.25 295.00
64.00 295.75
65.00 295.75
66.00 295.75
66.25 296.00
67.00 296.75
68.00 296.75
69.00 296.75
70.00 296.75
71.00 296.75
71.25 297.00
72.00 297.75
73.00 297.75
74.00 297.75
74.25 298.00
75.00 298.75
76.00 298.75
77.00 298.75
77.25 299.00
78.00 299.75
79.00 299.75
80.00 299.75
81.00 299.75
82.00 299.75
83.00 299.75
84.00 299.75
85.00 299.75
86.00 299.75
87.00 299.75
88.00 299.75
89.00 299.75
90.00 299.75
91.00 299.75
91.75 299.00
92.00 298.75
93.00 298.75
94.00 298.75
94.75 298.00
95.00 297.75
96.00 297.75
97.00 297.75
97.75 297.00
98.00 296.75
98.75 296.00
99.00 295.75
100.00 295.75
100.75 295.00
101.00 294.75
101.75 294.00
102.00 293.75
102.75 293.00
103.00 292.75
103.75 292.00
103.75 291.00
104.00 290.75
104.75 290.00
105.00 289.75
105.75 289.00
105.75 288.00
106.00 287.75
106.75 287.00
106.75 286.00
107.00 285.75
107.75 285.00
107.75 284.00
107.75 283.00
108.00 282.75
108.75 282.00
108.75 281.00
108.75 280.00
109.00 279.75
109.75 279.00

Contour 2:
184.83 126.00
184.83 125.00
184.83 124.00
184.83 123.00
184.83 122.00
184.83 121.00
184.83 120.00
184.83 119.00
184.83 118.00
184.83 117.00
184.83 116.00
184.83 115.00
184.83 114.00
184.83 113.00
184.83 112.00
184.83 111.00
184.00 110.17
183.83 110.00
183.83 109.00
183.83 108.00
183.83 107.00
183.83 106.00
183.83 105.00
183.83 104.00
183.00 103.17
182.83 103.00
182.83 102.00
182.83 101.00
182.83 100.00
182.83 99.00
182.83 98.00
182.00 97.17
181.83 97.00
181.83 96.00
181.83 95.00
181.00 94.17
180.83 94.00
180.83 93.00
180.00 92.17
179.83 92.00
179.00 91.17
178.83 91.00
178.00 90.17
177.83 90.00
177.00 89.17
176.83 89.00
176.00 88.17
175.83 88.00
175.00 87.17
174.83 87.00
174.00 86.17
173.83 86.00
173.00 85.17
172.83 85.00
172.00 84.17
171.83 84.00
171.00 83.17
170.00 83.17
169.83 83.00
169.00 82.17
168.83 82.00
168.00 81.17
167.00 81.17
166.83 81.00
166.00 80.17
165.83 80.00
165.00 79.17
164.00 79.17
163.83 79.00
163.00 78.17
162.00 78.17
161.83 78.00
161.00 77.17
160.00 77.17
159.00 77.17
158.83 77.00
158.00 76.17
157.00 76.17
156.00 76.17
155.00 76.17
154.00 76.17
153.00 76.17
152.00 76.17
151.00 76.17
150.00 76.17
149.00 76.17
148.00 76.17
147.00 76.17
146.00 76.17
145.00 76.17
144.17 77.00
144.00 77.17
143.00 77.17
142.00 77.17
141.00 77.17
140.17 78.00
140.00 78.17
139.00 78.17
138.17 79.00
138.00 79.17
137.00 79.17
136.17 80.00
136.00 80.17
135.00 80.17
134.17 81.00
134.00 81.17
133.00 81.17
132.17 82.00
132.00 82.17
131.00 82.17
130.17 83.00
130.00 83.17
129.00 83.17
128.17 84.00
128.00 84.17
127.17 85.00
127.00 85.17
126.17 86.00
126.00 86.17
125.17 87.00
125.00 87.17
124.17 88.00
124.00 88.17
123.17 89.00
123.00 89.17
122.00 89.17
121.17 90.00
121.17 91.00
121.00 91.17
120.17 92.00
120.00 92.17
119.17 93.00
119.00 93.17
118.17 94.00
118.00 94.17
117.17 95.00
117.17 96.00
117.00 96.17
116.17 97.00
116.00 97.17
115.17 98.00
115.17 99.00
115.00 99.17
114.17 100.00
114.17 101.00
114.00 101.17
113.17 102.00
113.17 103.00
113.00 103.17
112.17 104.00
112.17 105.00
112.00 105.17
111.17 106.00
111.17 107.00
111.17 108.00
111.00 108.17
110.17 109.00
110.17 110.00
110.17 111.00
110.17 112.00
110.00 112.17
109.17 113.00
109.17 114.00
109.17 115.00
109.00 115.17
108.17 116.00
108.17 117.00
108.17 118.00
108.17 119.00
108.17 120.00
108.17 121.00
108.17 122.00
108.17 123.00
108.17 124.00
108.17 125.00
108.17 126.00
108.17 127.00
108.17 128.00
108.17 129.00
108.17 130.00
108.17 131.00
109.00 131.83
109.17 132.00
109.17 133.00
109.17 134.00
110.00 134.83
110.17 135.00
110.17 136.00
110.17 137.00
111.00 137.83
111.17 138.00
111.17 139.00
111.17 140.00
112.00 140.83
112.17 141.00
112.17 142.00
113.00 142.83
113.17 143.00
113.17 144.00
114.00 144.83
114.17 145.00
114.17 146.00
115.00 146.83
115.17 147.00
115.17 148.00
116.00 148.83
116.17 149.00
117.00 149.83
117.17 150.00
117.17 151.00
118.00 151.83
118.17 152.00
119.00 152.83
119.17 153.00
120.00 153.83
120.17 154.00
121.00 154.83
121.17 155.00
122.00 155.83
122.17 156.00
123.00 156.83
123.17 157.00
124.00 157.83
124.17 158.00
125.00 158.83
126.00 158.83
126.17 159.00
127.00 159.83
128.00 159.83
128.17 160.00
129.00 160.83
130.00 160.83
130.17 161.00
131.00 161.83
132.00 161.83
133.00 161.83
133.17 162.00
134.00 162.83
135.00 162.83
136.00 162.83
137.00 162.83
137.17 163.00
138.00 163.83
139.00 163.83
140.00 163.83
141.00 163.83
142.00 163.83
143.00 163.83
144.00 163.83
144.83 163.00
145.00 162.83
146.00 162.83
147.00 162.83
148.00 162.83
149.00 162.83
149.83 162.00
150.00 161.83
151.00 161.83
152.00 161.83
153.00 161.83
153.83 161.00
154.00 160.83
155.00 160.83
156.00 160.83
156.83 160.00
157.00 159.83
158.00 159.83
159.00 159.83
159.83 159.00
160.00 158.83
161.00 158.83
161.83 158.00
162.00 157.83
163.00 157.83
163.83 157.00
164.00 156.83
165.00 156.83
165.83 156.00
166.00 155.83
166.83 155.00
167.00 154.83
167.83 154.00
168.00 153.83
168.83 153.00
169.00 152.83
169.83 152.00
170.00 151.83
170.83 151.00
171.00 150.83
171.83 150.00
172.00 149.83
172.83 149.00
173.00 148.83
173.83 148.00
174.00 147.83
174.83 147.00
175.00 146.83
175.83 146.00
175.83 145.00
176.00 144.83
176.83 144.00
177.00 143.83
177.83 143.00
178.00 142.83
178.83 142.00
178.83 141.00
179.00 140.83
179.83 140.00
179.83 139.00
179.83 138.00
180.00 137.83
180.83 137.00
180.83 136.00
181.00 135.83
181.83 135.00
181.83 134.00
182.00 133.83
182.83 133.00
182.83 132.00
182.83 131.00
183.00 130.83
183.83 130.00
183.83 129.00
183.83 128.00
183.83 127.00
184.00 126.83
184.83 126.00

Contour 3:
210.88 820.00
210.88 819.00
210.88 818.00
210.88 817.00
210.88 816.00
210.88 815.00
210.00 814.12
209.88 814.00
209.88 813.00
209.88 812.00
209.00 811.12
208.88 811.00
208.88 810.00
208.88 809.00
208.00 808.12
207.88 808.00
207.88 807.00
207.00 806.12
206.88 806.00
206.88 805.00
206.00 804.12
205.88 804.00
205.00 803.12
204.88 803.00
204.88 802.00
204.00 801.12
203.88 801.00
203.00 800.12
202.88 800.00
202.00 799.12
201.88 799.00
201.00 798.12
200.88 798.00
200.00 797.12
199.88 797.00
199.00 796.12
198.88 796.00
198.00 795.12
197.88 795.00
197.00 794.12
196.00 794.12
195.88 794.00
195.00 793.12
194.88 793.00
194.00 792.12
193.00 792.12
192.88 792.00
192.00 791.12
191.00 791.12
190.88 791.00
190.00 790.12
189.00 790.12
188.88 790.00
188.00 789.12
187.00 789.12
186.00 789.12
185.88 789.00
185.00 788.12
184.00 788.12
183.00 788.12
182.00 788.12
181.00 788.12
180.00 788.12
179.88 788.00
179.00 787.12
178.00 787.12
177.00 787.12
176.12 788.00
176.00 788.12
175.00 788.12
174.00 788.12
173.00 788.12
172.00 788.12
171.00 788.12
170.12 789.00
170.00 789.12
169.00 789.12
168.12 790.00
168.00 790.12
167.00 790.12
166.12 791.00
166.00 791.12
165.00 791.12
164.12 792.00
164.00 792.12
163.00 792.12
162.12 793.00
162.00 793.12
161.12 794.00
161.00 794.12
160.12 795.00
160.00 795.12
159.12 796.00
159.00 796.12
158.12 797.00
158.00 797.12
157.12 798.00
157.00 798.12
156.00 798.12
155.12 799.00
155.00 799.12
154.12 800.00
154.12 801.00
154.00 801.12
153.12 802.00
153.00 802.12
152.12 803.00
152.00 803.12
151.12 804.00
151.00 804.12
150.12 805.00
150.12 806.00
150.00 806.12
149.12 807.00
149.12 808.00
149.00 808.12
148.12 809.00
148.12 810.00
148.12 811.00
148.00 811.12
147.12 812.00
147.12 813.00
147.12 814.00
147.00 814.12
146.12 815.00
146.12 816.00
146.12 817.00
146.00 817.12
145.12 818.00
145.12 819.00
145.12 820.00
145.12 821.00
145.00 821.12
144.12 822.00
144.12 823.00
144.12 824.00
144.12 825.00
144.12 826.00
144.12 827.00
144.12 828.00
144.12 829.00
144.12 830.00
144.12 831.00
144.12 832.00
144.12 833.00
145.00 833.88
145.12 834.00
145.12 835.00
145.12 836.00
146.00 836.88
146.12 837.00
146.12 838.00
146.12 839.00
147.00 839.88
147.12 840.00
147.12 841.00
147.12 842.00
147.12 843.00
148.00 843.88
148.12 844.00
148.12 845.00
149.00 845.88
149.12 846.00
150.00 846.88
150.12 847.00
150.12 848.00
151.00 848.88
151.12 849.00
152.00 849.88
152.12 850.00
153.00 850.88
153.12 851.00
154.00 851.88
154.12 852.00
155.00 852.88
155.12 853.00
156.00 853.88
156.12 854.00
157.00 854.88
158.00 854.88
158.12 855.00
159.00 855.88
160.00 855.88
160.12 856.00
161.00 856.88
162.00 856.88
162.12 857.00
163.00 857.88
164.00 857.88
164.12 858.00
165.00 858.88
166.00 858.88
167.00 858.88
168.00 858.88
169.00 858.88
169.12 859.00
170.00 859.88
171.00 859.88
172.00 859.88
173.00 859.88
174.00 859.88
175.00 859.88
176.00 859.88
177.00 859.88
177.88 859.00
178.00 858.88
179.00 858.88
180.00 858.88
180.88 858.00
181.00 857.88
182.00 857.88
182.88 857.00
183.00 856.88
184.00 856.88
184.88 856.00
185.00 855.88
185.88 855.00
186.00 854.88
187.00 854.88
187.88 854.00
188.00 853.88
189.00 853.88
189.88 853.00
190.00 852.88
190.88 852.00
191.00 851.88
192.00 851.88
192.88 851.00
193.00 850.88
193.88 850.00
194.00 849.88
194.88 849.00
195.00 848.88
195.88 848.00
196.00 847.88
196.88 847.00
197.00 846.88
197.88 846.00
198.00 845.88
198.88 845.00
199.00 844.88
199.88 844.00
200.00 843.88
200.88 843.00
201.00 842.88
201.88 842.00
202.00 841.88
202.88 841.00
203.00 840.88
203.88 840.00
203.88 839.00
204.00 838.88
204.88 838.00
204.88 837.00
205.00 836.88
205.88 836.00
205.88 835.00
206.00 834.88
206.88 834.00
206.88 833.00
206.88 832.00
206.88 831.00
207.00 830.88
207.88 830.00
207.88 829.00
207.88 828.00
207.88 827.00
207.88 826.00
208.00 825.88
208.88 825.00
208.88 824.00
209.00 823.88
209.88 823.00
209.88 822.00
209.88 821.00
210.00 820.88
210.88 820.00

Contour 4:
312.90 396.00
312.90 395.00
312.90 394.00
312.90 393.00
312.90 392.00
312.90 391.00
312.00 390.10
311.90 390.00
311.90 389.00
311.90 388.00
311.90 387.00
311.90 386.00
311.00 385.10
310.90 385.00
310.90 384.00
310.90 383.00
310.00 382.10
309.90 382.00
309.00 381.10
308.90 381.00
308.90 380.00
308.00 379.10
307.90 379.00
307.00 378.10
306.90 378.00
306.00 377.10
305.90 377.00
305.00 376.10
304.90 376.00
304.00 375.10
303.90 375.00
303.00 374.10
302.00 374.10
301.90 374.00
301.00 373.10
300.90 373.00
300.00 372.10
299.90 372.00
299.00 371.10
298.00 371.10
297.90 371.00
297.00 370.10
296.90 370.00
296.00 369.10
295.00 369.10
294.90 369.00
294.00 368.10
293.00 368.10
292.00 368.10
291.90 368.00
291.00 367.10
290.00 367.10
289.00 367.10
288.00 367.10
287.90 367.00
287.00 366.10
286.00 366.10
285.00 366.10
284.00 366.10
283.00 366.10
282.00 366.10
281.00 366.10
280.00 366.10
279.00 366.10
278.00 366.10
277.00 366.10
276.00 366.10
275.10 367.00
275.00 367.10
274.00 367.10
273.00 367.10
272.00 367.10
271.10 368.00
271.00 368.10
270.00 368.10
269.10 369.00
269.00 369.10
268.10 370.00
268.00 370.10
267.00 370.10
266.10 371.00
266.00 371.10
265.10 372.00
265.00 372.10
264.00 372.10
263.10 373.00
263.00 373.10
262.10 374.00
262.00 374.10
261.00 374.10
260.10 375.00
260.00 375.10
259.10 376.00
259.00 376.10
258.00 376.10
257.10 377.00
257.00 377.10
256.10 378.00
256.00 378.10
255.10 379.00
255.00 379.10
254.10 380.00
254.10 381.00
254.00 381.10
253.10 382.00
253.00 382.10
252.10 383.00
252.10 384.00
252.00 384.10
251.10 385.00
251.10 386.00
251.00 386.10
250.10 387.00
250.10 388.00
250.00 388.10
249.10 389.00
249.10 390.00
249.00 390.10
248.10 391.00
248.10 392.00
248.10 393.00
248.00 393.10
247.10 394.00
247.10 395.00
247.10 396.00
247.10 397.00
247.00 397.10
246.10 398.00
246.10 399.00
246.10 400.00
246.10 401.00
246.10 402.00
246.10 403.00
246.10 404.00
246.10 405.00
247.00 405.90
247.10 406.00
247.10 407.00
247.10 408.00
247.10 409.00
247.10 410.00
247.10 411.00
247.10 412.00
248.00 412.90
248.10 413.00
248.10 414.00
248.10 415.00
249.00 415.90
249.10 416.00
249.10 417.00
250.00 417.90
250.10 418.00
250.10 419.00
251.00 419.90
251.10 420.00
251.10 421.00
252.00 421.90
252.10 422.00
253.00 422.90
253.10 423.00
254.00 423.90
254.10 424.00
255.00 424.90
255.10 425.00
256.00 425.90
256.10 426.00
257.00 426.90
257.10 427.00
258.00 427.90
258.10 428.00
259.00 428.90
259.10 429.00
260.00 429.90
261.00 429.90
261.10 430.00
262.00 430.90
262.10 431.00
263.00 431.90
264.00 431.90
264.10 432.00
265.00 432.90
266.00 432.90
266.10 433.00
267.00 433.90
268.00 433.90
268.10 434.00
269.00 434.90
270.00 434.90
270.10 435.00
271.00 435.90
272.00 435.90
272.10 436.00
273.00 436.90
274.00 436.90
275.00 436.90
275.10 437.00
276.00 437.90
277.00 437.90
278.00 437.90
279.00 437.90
280.00 437.90
280.10 438.00
281.00 438.90
282.00 438.90
283.00 438.90
284.00 438.90
285.00 438.90
286.00 438.90
287.00 438.90
288.00 438.90
289.00 438.90
290.00 438.90
290.90 438.00
291.00 437.90
292.00 437.90
293.00 437.90
293.90 437.00
294.00 436.90
295.00 436.90
295.90 436.00
296.00 435.90
296.90 435.00
297.00 434.90
297.90 434.00
298.00 433.90
298.90 433.00
299.00 432.90
299.90 432.00
300.00 431.90
300.90 431.00
301.00 430.90
301.90 430.00
302.00 429.90
302.90 429.00
302.90 428.00
303.00 427.90
303.90 427.00
303.90 426.00
304.00 425.90
304.90 425.00
304.90 424.00
304.90 423.00
305.00 422.90
305.90 422.00
305.90 421.00
305.90 420.00
306.00 419.90
306.90 419.00
306.90 418.00
306.90 417.00
306.90 416.00
307.00 415.90
307.90 415.00
307.90 414.00
308.00 413.90
308.90 413.00
308.90 412.00
309.00 411.90
309.90 411.00
309.90 410.00
310.00 409.90
310.90 409.00
310.90 408.00
310.90 407.00
310.90 406.00
311.00 405.90
311.90 405.00
311.90 404.00
311.90 403.00
311.90 402.00
311.90 401.00
311.90 400.00
311.90 399.00
311.90 398.00
311.90 397.00
312.00 396.90
312.90 396.00

Contour 5:
347.92 511.00
347.92 510.00
347.92 509.00
347.92 508.00
347.92 507.00
347.92 506.00
347.92 505.00
347.92 504.00
347.92 503.00
347.00 502.08
346.92 502.00
346.92 501.00
346.92 500.00
346.92 499.00
346.92 498.00
346.00 497.08
345.92 497.00
345.92 496.00
345.92 495.00
345.00 494.08
344.92 494.00
344.92 493.00
344.00 492.08
343.92 492.00
343.00 491.08
342.92 491.00
342.00 490.08
341.92 490.00
341.00 489.08
340.92 489.00
340.00 488.08
339.92 488.00
339.00 487.08
338.92 487.00
338.00 486.08
337.92 486.00
337.00 485.08
336.92 485.00
336.00 484.08
335.92 484.00
335.00 483.08
334.92 483.00
334.00 482.08
333.00 482.08
332.92 482.00
332.00 481.08
331.00 481.08
330.92 481.00
330.00 480.08
329.00 480.08
328.00 480.08
327.92 480.00
327.00 479.08
326.00 479.08
325.00 479.08
324.00 479.08
323.00 479.08
322.00 479.08
321.00 479.08
320.00 479.08
319.00 479.08
318.00 479.08
317.00 479.08
316.08 480.00
316.00 480.08
315.00 480.08
314.00 480.08
313.00 480.08
312.00 480.08
311.08 481.00
311.00 481.08
310.00 481.08
309.00 481.08
308.00 481.08
307.08 482.00
307.00 482.08
306.00 482.08
305.08 483.00
305.00 483.08
304.08 484.00
304.00 484.08
303.00 484.08
302.08 485.00
302.00 485.08
301.00 485.08
300.08 486.00
300.00 486.08
299.00 486.08
298.08 487.00
298.00 487.08
297.00 487.08
296.00 487.08
295.08 488.00
295.00 488.08
294.00 488.08
293.08 489.00
293.00 489.08
292.08 490.00
292.00 490.08
291.00 490.08
290.08 491.00
290.00 491.08
289.08 492.00
289.00 492.08
288.08 493.00
288.00 493.08
287.08 494.00
287.00 494.08
286.08 495.00
286.00 495.08
285.08 496.00
285.00 496.08
284.08 497.00
284.08 498.00
284.00 498.08
283.08 499.00
283.08 500.00
283.08 501.00
283.00 501.08
282.08 502.00
282.08 503.00
282.08 504.00
282.08 505.00
282.08 506.00
282.08 507.00
282.08 508.00
282.08 509.00
282.08 510.00
282.08 511.00
282.08 512.00
283.00 512.92
283.08 513.00
283.08 514.00
284.00 514.92
284.08 515.00
284.08 516.00
284.08 517.00
285.00 517.92
285.08 518.00
286.00 518.92
286.08 519.00
286.08 520.00
287.00 520.92
287.08 521.00
288.00 521.92
288.08 522.00
288.08 523.00
289.00 523.92
289.08 524.00
290.00 524.92
290.08 525.00
291.00 525.92
292.00 525.92
292.08 526.00
293.00 526.92
293.08 527.00
294.00 527.92
295.00 527.92
295.08 528.00
296.00 528.92
296.08 529.00
297.00 529.92
298.00 529.92
298.08 530.00
299.00 530.92
300.00 530.92
300.08 531.00
301.00 531.92
302.00 531.92
303.00 531.92
303.08 532.00
304.00 532.92
305.00 532.92
306.00 532.92
307.00 532.92
308.00 532.92
308.08 533.00
309.00 533.92
310.00 533.92
311.00 533.92
312.00 533.92
313.00 533.92
314.00 533.92
315.00 533.92
316.00 533.92
317.00 533.92
318.00 533.92
319.00 533.92
320.00 533.92
321.00 533.92
322.00 533.92
323.00 533.92
324.00 533.92
325.00 533.92
325.92 533.00
326.00 532.92
327.00 532.92
328.00 532.92
329.00 532.92
329.92 532.00
330.00 531.92
331.00 531.92
331.92 531.00
332.00 530.92
333.00 530.92
333.92 530.00
334.00 529.92
335.00 529.92
335.92 529.00
336.00 528.92
337.00 528.92
337.92 528.00
338.00 527.92
338.92 527.00
339.00 526.92
339.92 526.00
340.00 525.92
340.92 525.00
341.00 524.92
341.92 524.00
342.00 523.92
342.92 523.00
342.92 522.00
343.00 521.92
343.92 521.00
343.92 520.00
344.00 519.92
344.92 519.00
344.92 518.00
345.00 517.92
345.92 517.00
345.92 516.00
346.00 515.92
346.92 515.00
346.92 514.00
346.92 513.00
346.92 512.00
347.00 511.92
347.92 511.00

Contour 6:
327.07 0.00
327.00 0.07
326.00 0.07
325.00 0.07
324.00 0.07
323.00 0.07
322.00 0.07
321.00 0.07
320.00 0.07
319.00 0.07
318.00 0.07
317.00 0.07
316.00 0.07
315.07 1.00
315.00 1.07
314.00 1.07
313.00 1.07
312.00 1.07
311.00 1.07
310.00 1.07
309.00 1.07
308.00 1.07
307.00 1.07
306.00 1.07
305.07 2.00
305.00 2.07
304.00 2.07
303.07 3.00
303.00 3.07
302.07 4.00
302.07 5.00
302.07 6.00
302.07 7.00
302.07 8.00
302.00 8.07
301.00 8.07
300.07 9.00
300.07 10.00
300.07 11.00
300.07 12.00
300.07 13.00
300.00 13.07
299.07 14.00
299.00 14.07
298.07 15.00
298.07 16.00
298.07 17.00
298.00 17.07
297.07 18.00
297.07 19.00
298.00 19.93
298.07 20.00
298.07 21.00
298.07 22.00
298.07 23.00
298.07 24.00
298.07 25.00
298.07 26.00
298.07 27.00
298.07 28.00
299.00 28.93
299.07 29.00
299.07 30.00
299.07 31.00
300.00 31.93
300.07 32.00
300.07 33.00
301.00 33.93
301.07 34.00
301.07 35.00
302.00 35.93
302.07 36.00
303.00 36.93
303.07 37.00
304.00 37.93
305.00 37.93
305.07 38.00
306.00 38.93
307.00 38.93
308.00 38.93
308.07 39.00
309.00 39.93
310.00 39.93
311.00 39.93
312.00 39.93
313.00 39.93
314.00 39.93
315.00 39.93
316.00 39.93
317.00 39.93
318.00 39.93
318.93 39.00
319.00 38.93
320.00 38.93
321.00 38.93
322.00 38.93
323.00 38.93
323.93 38.00
324.00 37.93
325.00 37.93
325.93 37.00
326.00 36.93
327.00 36.93
327.93 36.00
328.00 35.93
329.00 35.93
329.93 35.00
330.00 34.93
331.00 34.93
332.00 34.93
332.93 34.00
333.00 33.93
334.00 33.93
335.00 33.93
335.93 33.00
336.00 32.93
336.93 32.00
337.00 31.93
338.00 31.93
338.93 31.00
339.00 30.93
339.93 30.00
340.00 29.93
340.93 29.00
341.00 28.93
342.00 28.93
342.93 28.00
343.00 27.93
343.93 27.00
344.00 26.93
344.93 26.00
345.00 25.93
346.00 25.93
346.93 25.00
347.00 24.93
347.93 24.00
348.00 23.93
348.93 23.00
349.00 22.93
349.93 22.00
349.93 21.00
349.93 20.00
350.00 19.93
350.93 19.00
350.93 18.00
351.00 17.93
351.93 17.00
351.93 16.00
351.93 15.00
351.93 14.00
351.93 13.00
351.93 12.00
352.00 11.93
352.93 11.00
352.93 10.00
352.93 9.00
352.93 8.00
352.93 7.00
352.93 6.00
352.00 5.07
351.93 5.00
351.00 4.07
350.93 4.00
350.00 3.07
349.93 3.00
349.00 2.07
348.00 2.07
347.93 2.00
347.00 1.07
346.00 1.07
345.00 1.07
344.93 1.00
344.00 0.07
343.00 0.07
342.00 0.07
341.00 0.07
340.00 0.07
339.00 0.07
338.00 0.07
337.00 0.07
336.00 0.07
335.00 0.07
334.00 0.07
333.00 0.07
332.00 0.07
331.00 0.07
330.00 0.07
329.00 0.07
328.93 0.00

Contour 7:
448.94 156.00
448.94 155.00
448.94 154.00
448.94 153.00
448.94 152.00
448.94 151.00
448.94 150.00
448.94 149.00
448.94 148.00
448.94 147.00
448.00 146.06
447.94 146.00
447.94 145.00
447.94 144.00
447.94 143.00
447.94 142.00
447.00 141.06
446.94 141.00
446.94 140.00
446.94 139.00
446.00 138.06
445.94 138.00
445.94 137.00
445.94 136.00
445.00 135.06
444.94 135.00
444.94 134.00
444.00 133.06
443.94 133.00
443.00 132.06
442.94 132.00
442.00 131.06
441.94 131.00
441.00 130.06
440.94 130.00
440.94 129.00
440.00 128.06
439.94 128.00
439.00 127.06
438.94 127.00
438.00 126.06
437.94 126.00
437.00 125.06
436.94 125.00
436.00 124.06
435.00 124.06
434.94 124.00
434.00 123.06
433.94 123.00
433.00 122.06
432.00 122.06
431.94 122.00
431.00 121.06
430.00 121.06
429.94 121.00
429.00 120.06
428.00 120.06
427.00 120.06
426.00 120.06
425.00 120.06
424.00 120.06
423.00 120.06
422.94 120.00
422.00 119.06
421.00 119.06
420.00 119.06
419.00 119.06
418.00 119.06
417.06 120.00
417.00 120.06
416.00 120.06
415.00 120.06
414.00 120.06
413.00 120.06
412.00 120.06
411.00 120.06
410.00 120.06
409.06 121.00
409.00 121.06
408.00 121.06
407.00 121.06
406.00 121.06
405.06 122.00
405.00 122.06
404.00 122.06
403.06 123.00
403.00 123.06
402.00 123.06
401.06 124.00
401.00 124.06
400.00 124.06
399.06 125.00
399.00 125.06
398.00 125.06
397.06 126.00
397.00 126.06
396.00 126.06
395.06 127.00
395.00 127.06
394.00 127.06
393.00 127.06
392.06 128.00
392.00 128.06
391.06 129.00
391.00 129.06
390.00 129.06
389.06 130.00
389.00 130.06
388.00 130.06
387.06 131.00
387.00 131.06
386.00 131.06
385.06 132.00
385.00 132.06
384.00 132.06
383.06 133.00
383.00 133.06
382.06 134.00
382.00 134.06
381.00 134.06
380.06 135.00
380.00 135.06
379.00 135.06
378.06 136.00
378.00 136.06
377.06 137.00
377.00 137.06
376.06 138.00
376.00 138.06
375.06 139.00
375.00 139.06
374.06 140.00
374.00 140.06
373.06 141.00
373.00 141.06
372.06 142.00
372.00 142.06
371.06 143.00
371.00 143.06
370.06 144.00
370.00 144.06
369.06 145.00
369.06 146.00
369.00 146.06
368.06 147.00
368.06 148.00
368.06 149.00
368.00 149.06
367.06 150.00
367.06 151.00
367.00 151.06
366.06 152.00
366.06 153.00
366.06 154.00
366.06 155.00
366.06 156.00
366.00 156.06
365.06 157.00
365.06 158.00
365.06 159.00
365.06 160.00
365.06 161.00
365.06 162.00
365.06 163.00
365.06 164.00
365.06 165.00
365.06 166.00
365.06 167.00
366.00 167.94
366.06 168.00
366.06 169.00
367.00 169.94
367.06 170.00
367.06 171.00
367.06 172.00
368.00 172.94
368.06 173.00
368.06 174.00
369.00 174.94
369.06 175.00
370.00 175.94
370.06 176.00
371.00 176.94
371.06 177.00
372.00 177.94
372.06 178.00
372.06 179.00
373.00 179.94
373.06 180.00
374.00 180.94
374.06 181.00
375.00 181.94
375.06 182.00
376.00 182.94
376.06 183.00
377.00 183.94
377.06 184.00
378.00 184.94
379.00 184.94
379.06 185.00
380.00 185.94
380.06 186.00
381.00 186.94
381.06 187.00
382.00 187.94
383.00 187.94
383.06 188.00
384.00 188.94
385.00 188.94
385.06 189.00
386.00 189.94
387.00 189.94
387.06 190.00
388.00 190.94
389.00 190.94
390.00 190.94
390.06 191.00
391.00 191.94
392.00 191.94
393.00 191.94
394.00 191.94
395.00 191.94
396.00 191.94
397.00 191.94
398.00 191.94
399.00 191.94
400.00 191.94
401.00 191.94
402.00 191.94
403.00 191.94
404.00 191.94
405.00 191.94
406.00 191.94
406.94 191.00
407.00 190.94
408.00 190.94
409.00 190.94
409.94 190.00
410.00 189.94
411.00 189.94
412.00 189.94
412.94 189.00
413.00 188.94
414.00 188.94
414.94 188.00
415.00 187.94
416.00 187.94
416.94 187.00
417.00 186.94
418.00 186.94
418.94 186.00
419.00 185.94
420.00 185.94
420.94 185.00
421.00 184.94
422.00 184.94
422.94 184.00
423.00 183.94
423.94 183.00
424.00 182.94
425.00 182.94
425.94 182.00
426.00 181.94
427.00 181.94
427.94 181.00
428.00 180.94
429.00 180.94
429.94 180.00
430.00 179.94
430.94 179.00
431.00 178.94
431.94 178.00
432.00 177.94
433.00 177.94
433.94 177.00
434.00 176.94
434.94 176.00
435.00 175.94
435.94 175.00
436.00 174.94
437.00 174.94
437.94 174.00
438.00 173.94
438.94 173.00
438.94 172.00
439.00 171.94
439.94 171.00
440.00 170.94
440.94 170.00
441.00 169.94
441.94 169.00
442.00 168.94
442.94 168.00
443.00 167.94
443.94 167.00
444.00 166.94
444.94 166.00
445.00 165.94
445.94 165.00
445.94 164.00
446.00 163.94
446.94 163.00
446.94 162.00
446.94 161.00
447.00 160.94
447.94 160.00
447.94 159.00
447.94 158.00
447.94 157.00
448.00 156.94
448.94 156.00

Contour 8:
434.94 382.00
434.94 381.00
434.94 380.00
434.94 379.00
434.94 378.00
434.94 377.00
434.94 376.00
434.94 375.00
434.94 374.00
434.94 373.00
434.94 372.00
434.94 371.00
434.94 370.00
434.94 369.00
434.94 368.00
434.00 367.06
433.94 367.00
433.94 366.00
433.94 365.00
433.94 364.00
433.00 363.06
432.94 363.00
432.94 362.00
432.94 361.00
432.00 360.06
431.94 360.00
431.94 359.00
431.00 358.06
430.94 358.00
430.94 357.00
430.94 356.00
430.00 355.06
429.94 355.00
429.00 354.06
428.94 354.00
428.94 353.00
428.00 352.06
427.94 352.00
427.00 351.06
426.94 351.00
426.00 350.06
425.94 350.00
425.00 349.06
424.94 349.00
424.00 348.06
423.94 348.00
423.00 347.06
422.94 347.00
422.00 346.06
421.94 346.00
421.00 345.06
420.94 345.00
420.00 344.06
419.94 344.00
419.00 343.06
418.00 343.06
417.94 343.00
417.00 342.06
416.94 342.00
416.00 341.06
415.00 341.06
414.94 341.00
414.00 340.06
413.00 340.06
412.00 340.06
411.94 340.00
411.00 339.06
410.00 339.06
409.00 339.06
408.94 339.00
408.00 338.06
407.00 338.06
406.00 338.06
405.00 338.06
404.00 338.06
403.06 339.00
403.00 339.06
402.00 339.06
401.00 339.06
400.00 339.06
399.06 340.00
399.00 340.06
398.00 340.06
397.06 341.00
397.00 341.06
396.00 341.06
395.00 341.06
394.06 342.00
394.00 342.06
393.00 342.06
392.06 343.00
392.00 343.06
391.00 343.06
390.06 344.00
390.00 344.06
389.06 345.00
389.00 345.06
388.00 345.06
387.06 346.00
387.00 346.06
386.06 347.00
386.00 347.06
385.06 348.00
385.00 348.06
384.06 349.00
384.00 349.06
383.06 350.00
383.00 350.06
382.06 351.00
382.06 352.00
382.00 352.06
381.06 353.00
381.06 354.00
381.00 354.06
380.06 355.00
380.06 356.00
380.00 356.06
379.06 357.00
379.06 358.00
379.06 359.00
379.06 360.00
379.06 361.00
379.06 362.00
379.06 363.00
379.06 364.00
379.06 365.00
379.06 366.00
379.00 366.06
378.06 367.00
378.06 368.00
378.06 369.00
378.06 370.00
378.06 371.00
378.06 372.00
378.06 373.00
378.06 374.00
378.06 375.00
378.06 376.00
378.06 377.00
378.06 378.00
379.00 378.94
379.06 379.00
379.06 380.00
379.06 381.00
379.06 382.00
380.00 382.94
380.06 383.00
380.06 384.00
380.06 385.00
380.06 386.00
381.00 386.94
381.06 387.00
381.06 388.00
381.06 389.00
382.00 389.94
382.06 390.00
382.06 391.00
383.00 391.94
383.06 392.00
383.06 393.00
383.06 394.00
384.00 394.94
384.06 395.00
385.00 395.94
385.06 396.00
386.00 396.94
386.06 397.00
387.00 397.94
387.06 398.00
388.00 398.94
388.06 399.00
389.00 399.94
390.00 399.94
390.06 400.00
391.00 400.94
391.06 401.00
392.00 401.94
393.00 401.94
393.06 402.00
394.00 402.94
395.00 402.94
395.06 403.00
396.00 403.94
397.00 403.94
397.06 404.00
398.00 404.94
399.00 404.94
400.00 404.94
401.00 404.94
402.00 404.94
403.00 404.94
404.00 404.94
405.00 404.94
406.00 404.94
407.00 404.94
407.94 404.00
408.00 403.94
409.00 403.94
409.94 403.00
410.00 402.94
411.00 402.94
411.94 402.00
412.00 401.94
413.00 401.94
414.00 401.94
414.94 401.00
415.00 400.94
416.00 400.94
416.94 400.00
417.00 399.94
418.00 399.94
419.00 399.94
419.94 399.00
420.00 398.94
421.00 398.94
421.94 398.00
422.00 397.94
423.00 397.94
423.94 397.00
424.00 396.94
424.94 396.00
425.00 395.94
425.94 395.00
426.00 394.94
427.00 394.94
427.94 394.00
428.00 393.94
428.94 393.00
428.94 392.00
429.00 391.94
429.94 391.00
430.00 390.94
430.94 390.00
431.00 389.94
431.94 389.00
431.94 388.00
432.00 387.94
432.94 387.00
432.94 386.00
433.00 385.94
433.94 385.00
433.94 384.00
433.94 383.00
434.00 382.94
434.94 382.00

Contour 9:
486.95 241.00
486.95 240.00
486.95 239.00
486.95 238.00
486.95 237.00
486.95 236.00
486.95 235.00
486.95 234.00
486.95 233.00
486.95 232.00
486.95 231.00
486.00 230.05
485.95 230.00
485.95 229.00
485.95 228.00
485.00 227.05
484.95 227.00
484.95 226.00
484.95 225.00
484.95 224.00
484.95 223.00
484.00 222.05
483.95 222.00
483.95 221.00
483.00 220.05
482.95 220.00
482.95 219.00
482.00 218.05
481.95 218.00
481.00 217.05
480.95 217.00
480.00 216.05
479.95 216.00
479.00 215.05
478.95 215.00
478.00 214.05
477.95 214.00
477.00 213.05
476.95 213.00
476.00 212.05
475.95 212.00
475.00 211.05
474.00 211.05
473.95 211.00
473.00 210.05
472.95 210.00
472.00 209.05
471.00 209.05
470.95 209.00
470.00 208.05
469.00 208.05
468.95 208.00
468.00 207.05
467.00 207.05
466.00 207.05
465.95 207.00
465.00 206.05
464.00 206.05
463.00 206.05
462.00 206.05
461.00 206.05
460.00 206.05
459.00 206.05
458.00 206.05
457.00 206.05
456.00 206.05
455.00 206.05
454.00 206.05
453.00 206.05
452.00 206.05
451.00 206.05
450.00 206.05
449.00 206.05
448.00 206.05
447.00 206.05
446.05 207.00
446.00 207.05
445.00 207.05
444.00 207.05
443.00 207.05
442.00 207.05
441.00 207.05
440.00 207.05
439.05 208.00
439.00 208.05
438.00 208.05
437.00 208.05
436.00 208.05
435.00 208.05
434.05 209.00
434.00 209.05
433.00 209.05
432.05 210.00
432.00 210.05
431.05 211.00
431.00 211.05
430.00 211.05
429.05 212.00
429.00 212.05
428.00 212.05
427.05 213.00
427.00 213.05
426.00 213.05
425.00 213.05
424.05 214.00
424.00 214.05
423.05 215.00
423.00 215.05
422.05 216.00
422.00 216.05
421.00 216.05
420.05 217.00
420.00 217.05
419.05 218.00
419.00 218.05
418.05 219.00
418.00 219.05
417.05 220.00
417.00 220.05
416.05 221.00
416.00 221.05
415.05 222.00
415.00 222.05
414.05 223.00
414.00 223.05
413.05 224.00
413.00 224.05
412.05 225.00
412.00 225.05
411.05 226.00
411.00 226.05
410.05 227.00
410.00 227.05
409.05 228.00
409.00 228.05
408.05 229.00
408.00 229.05
407.05 230.00
407.05 231.00
407.00 231.05
406.05 232.00
406.00 232.05
405.05 233.00
405.00 233.05
404.05 234.00
404.05 235.00
404.00 235.05
403.05 236.00
403.05 237.00
403.00 237.05
402.05 238.00
402.05 239.00
402.00 239.05
401.05 240.00
401.05 241.00
401.00 241.05
400.05 242.00
400.05 243.00
400.00 243.05
399.05 244.00
399.05 245.00
399.05 246.00
399.05 247.00
399.00 247.05
398.05 248.00
398.05 249.00
398.05 250.00
398.05 251.00
398.05 252.00
398.00 252.05
397.05 253.00
397.05 254.00
397.05 255.00
397.05 256.00
397.05 257.00
397.05 258.00
398.00 258.95
398.05 259.00
398.05 260.00
398.05 261.00
398.05 262.00
399.00 262.95
399.05 263.00
399.05 264.00
399.05 265.00
399.05 266.00
400.00 266.95
400.05 267.00
400.05 268.00
401.00 268.95
401.05 269.00
401.05 270.00
402.00 270.95
402.05 271.00
403.00 271.95
403.05 272.00
403.05 273.00
404.00 273.95
404.05 274.00
405.00 274.95
405.05 275.00
406.00 275.95
406.05 276.00
407.00 276.95
407.05 277.00
408.00 277.95
409.00 277.95
409.05 278.00
410.00 278.95
411.00 278.95
411.05 279.00
412.00 279.95
413.00 279.95
413.05 280.00
414.00 280.95
415.00 280.95
415.05 281.00
416.00 281.95
417.00 281.95
418.00 281.95
418.05 282.00
419.00 282.95
420.00 282.95
421.00 282.95
421.05 283.00
422.00 283.95
423.00 283.95
424.00 283.95
425.00 283.95
426.00 283.95
427.00 283.95
428.00 283.95
429.00 283.95
430.00 283.95
431.00 283.95
432.00 283.95
432.05 284.00
433.00 284.95
434.00 284.95
434.95 284.00
435.00 283.95
436.00 283.95
437.00 283.95
438.00 283.95
439.00 283.95
440.00 283.95
441.00 283.95
442.00 283.95
442.95 283.00
443.00 282.95
444.00 282.95
445.00 282.95
446.00 282.95
446.95 282.00
447.00 281.95
448.00 281.95
449.00 281.95
449.95 281.00
450.00 280.95
451.00 280.95
451.95 280.00
452.00 279.95
453.00 279.95
454.00 279.95
454.95 279.00
455.00 278.95
455.95 278.00
456.00 277.95
457.00 277.95
457.95 277.00
458.00 276.95
458.95 276.00
459.00 275.95
460.00 275.95
460.95 275.00
461.00 274.95
462.00 274.95
462.95 274.00
463.00 273.95
463.95 273.00
464.00 272.95
465.00 272.95
465.95 272.00
466.00 271.95
466.95 271.00
467.00 270.95
467.95 270.00
468.00 269.95
468.95 269.00
469.00 268.95
469.95 268.00
470.00 267.95
470.95 267.00
471.00 266.95
471.95 266.00
472.00 265.95
472.95 265.00
473.00 264.95
473.95 264.00
474.00 263.95
474.95 263.00
475.00 262.95
475.95 262.00
476.00 261.95
476.95 261.00
477.00 260.95
477.95 260.00
478.00 259.95
478.95 259.00
479.00 258.95
479.95 258.00
479.95 257.00
480.00 256.95
480.95 256.00
480.95 255.00
481.00 254.95
481.95 254.00
481.95 253.00
482.00 252.95
482.95 252.00
482.95 251.00
483.00 250.95
483.95 250.00
483.95 249.00
484.00 248.95
484.95 248.00
484.95 247.00
484.95 246.00
485.00 245.95
485.95 245.00
485.95 244.00
485.95 243.00
485.95 242.00
486.00 241.95
486.95 241.00

Contour 10:
490.95 494.00
490.95 493.00
490.95 492.00
490.95 491.00
490.95 490.00
490.00 489.05
489.95 489.00
489.95 488.00
489.95 487.00
489.95 486.00
489.00 485.05
488.95 485.00
488.95 484.00
488.00 483.05
487.95 483.00
487.00 482.05
486.95 482.00
486.00 481.05
485.95 481.00
485.00 480.05
484.95 480.00
484.00 479.05
483.95 479.00
483.95 478.00
483.00 477.05
482.00 477.05
481.95 477.00
481.00 476.05
480.95 476.00
480.00 475.05
479.95 475.00
479.00 474.05
478.95 474.00
478.00 473.05
477.00 473.05
476.95 473.00
476.00 472.05
475.00 472.05
474.95 472.00
474.00 471.05
473.00 471.05
472.95 471.00
472.00 470.05
471.00 470.05
470.00 470.05
469.95 470.00
469.00 469.05
468.00 469.05
467.95 469.00
467.00 468.05
466.00 468.05
465.00 468.05
464.95 468.00
464.00 467.05
463.00 467.05
462.95 467.00
462.00 466.05
461.00 466.05
460.95 466.00
460.00 465.05
459.95 465.00
459.00 464.05
458.00 464.05
457.00 464.05
456.95 464.00
456.00 463.05
455.00 463.05
454.00 463.05
453.95 463.00
453.00 462.05
452.00 462.05
451.00 462.05
450.00 462.05
449.95 462.00
449.00 461.05
448.00 461.05
447.00 461.05
446.00 461.05
445.00 461.05
444.00 461.05
443.00 461.05
442.00 461.05
441.00 461.05
440.00 461.05
439.00 461.05
438.00 461.05
437.00 461.05
436.00 461.05
435.05 462.00
435.00 462.05
434.00 462.05
433.05 463.00
433.00 463.05
432.00 463.05
431.05 464.00
431.00 464.05
430.05 465.00
430.00 465.05
429.05 466.00
429.00 466.05
428.05 467.00
428.05 468.00
428.00 468.05
427.05 469.00
427.00 469.05
426.05 470.00
426.00 470.05
425.05 471.00
425.05 472.00
425.00 472.05
424.05 473.00
424.00 473.05
423.05 474.00
423.05 475.00
423.00 475.05
422.05 476.00
422.05 477.00
422.00 477.05
421.05 478.00
421.05 479.00
421.05 480.00
421.05 481.00
421.00 481.05
420.05 482.00
420.05 483.00
420.05 484.00
420.05 485.00
420.05 486.00
420.05 487.00
420.05 488.00
420.05 489.00
420.05 490.00
420.05 491.00
421.00 491.95
421.05 492.00
421.05 493.00
422.00 493.95
422.05 494.00
422.05 495.00
422.05 496.00
423.00 496.95
423.05 497.00
423.05 498.00
424.00 498.95
424.05 499.00
424.05 500.00
425.00 500.95
425.05 501.00
426.00 501.95
426.05 502.00
427.00 502.95
427.05 503.00
428.00 503.95
429.00 503.95
429.05 504.00
430.00 504.95
430.05 505.00
431.00 505.95
432.00 505.95
432.05 506.00
433.00 506.95
433.05 507.00
434.00 507.95
434.05 508.00
435.00 508.95
436.00 508.95
436.05 509.00
437.00 509.95
437.05 510.00
438.00 510.95
438.05 511.00
439.00 511.95
440.00 511.95
440.05 512.00
441.00 512.95
441.05 513.00
442.00 513.95
442.05 514.00
443.00 514.95
444.00 514.95
444.05 515.00
445.00 515.95
445.05 516.00
446.00 516.95
447.00 516.95
447.05 517.00
448.00 517.95
449.00 517.95
449.05 518.00
450.00 518.95
451.00 518.95
452.00 518.95
452.05 519.00
453.00 519.95
454.00 519.95
455.00 519.95
455.05 520.00
456.00 520.95
457.00 520.95
458.00 520.95
459.00 520.95
460.00 520.95
461.00 520.95
461.05 521.00
462.00 521.95
463.00 521.95
464.00 521.95
465.00 521.95
466.00 521.95
467.00 521.95
468.00 521.95
468.95 521.00
469.00 520.95
470.00 520.95
471.00 520.95
472.00 520.95
472.95 520.00
473.00 519.95
474.00 519.95
475.00 519.95
475.95 519.00
476.00 518.95
477.00 518.95
477.95 518.00
478.00 517.95
479.00 517.95
479.95 517.00
480.00 516.95
480.95 516.00
481.00 515.95
481.95 515.00
482.00 514.95
482.95 514.00
482.95 513.00
483.00 512.95
483.95 512.00
484.00 511.95
484.95 511.00
484.95 510.00
485.00 509.95
485.95 509.00
486.00 508.95
486.95 508.00
486.95 507.00
487.00 506.95
487.95 506.00
487.95 505.00
487.95 504.00
488.00 503.95
488.95 503.00
488.95 502.00
488.95 501.00
489.00 500.95
489.95 500.00
489.95 499.00
489.95 498.00
489.95 497.00
489.95 496.00
489.95 495.00
490.00 494.95
490.95 494.00

Contour 11:
529.96 701.00
529.96 700.00
529.96 699.00
529.96 698.00
529.96 697.00
529.96 696.00
529.96 695.00
529.96 694.00
529.96 693.00
529.00 692.04
528.96 692.00
528.96 691.00
528.96 690.00
528.96 689.00
528.00 688.04
527.96 688.00
527.96 687.00
527.00 686.04
526.96 686.00
526.96 685.00
526.00 684.04
525.96 684.00
525.00 683.04
524.96 683.00
524.00 682.04
523.96 682.00
523.00 681.04
522.96 681.00
522.00 680.04
521.96 680.00
521.00 679.04
520.96 679.00
520.00 678.04
519.00 678.04
518.96 678.00
518.00 677.04
517.96 677.00
517.00 676.04
516.00 676.04
515.96 676.00
515.00 675.04
514.96 675.00
514.00 674.04
513.00 674.04
512.96 674.00
512.00 673.04
511.00 673.04
510.96 673.00
510.00 672.04
509.00 672.04
508.00 672.04
507.96 672.00
507.00 671.04
506.00 671.04
505.00 671.04
504.00 671.04
503.00 671.04
502.00 671.04
501.00 671.04
500.00 671.04
499.00 671.04
498.00 671.04
497.00 671.04
496.00 671.04
495.00 671.04
494.00 671.04
493.00 671.04
492.04 672.00
492.00 672.04
491.00 672.04
490.00 672.04
489.04 673.00
489.00 673.04
488.00 673.04
487.00 673.04
486.04 674.00
486.00 674.04
485.04 675.00
485.00 675.04
484.00 675.04
483.04 676.00
483.00 676.04
482.00 676.04
481.04 677.00
481.00 677.04
480.04 678.00
480.00 678.04
479.00 678.04
478.04 679.00
478.00 679.04
477.04 680.00
477.00 680.04
476.04 681.00
476.00 681.04
475.04 682.00
475.04 683.00
475.00 683.04
474.04 684.00
474.00 684.04
473.04 685.00
473.00 685.04
472.04 686.00
472.00 686.04
471.04 687.00
471.00 687.04
470.04 688.00
470.00 688.04
469.04 689.00
469.04 690.00
469.00 690.04
468.04 691.00
468.00 691.04
467.04 692.00
467.04 693.00
467.00 693.04
466.04 694.00
466.04 695.00
466.00 695.04
465.04 696.00
465.04 697.00
465.04 698.00
465.04 699.00
465.04 700.00
465.04 701.00
465.04 702.00
465.04 703.00
465.04 704.00
465.04 705.00
465.04 706.00
465.04 707.00
465.04 708.00
465.04 709.00
466.00 709.96
466.04 710.00
466.04 711.00
466.04 712.00
466.04 713.00
466.04 714.00
467.00 714.96
467.04 715.00
467.04 716.00
467.04 717.00
468.00 717.96
468.04 718.00
468.04 719.00
468.04 720.00
469.00 720.96
469.04 721.00
470.00 721.96
470.04 722.00
470.04 723.00
471.00 723.96
471.04 724.00
472.00 724.96
472.04 725.00
473.00 725.96
473.04 726.00
474.00 726.96
474.04 727.00
475.00 727.96
476.00 727.96
476.04 728.00
477.00 728.96
478.00 728.96
478.04 729.00
479.00 729.96
480.00 729.96
480.04 730.00
481.00 730.96
482.00 730.96
483.00 730.96
483.04 731.00
484.00 731.96
485.00 731.96
486.00 731.96
487.00 731.96
488.00 731.96
488.04 732.00
489.00 732.96
490.00 732.96
491.00 732.96
492.00 732.96
493.00 732.96
493.96 732.00
494.00 731.96
495.00 731.96
496.00 731.96
497.00 731.96
498.00 731.96
499.00 731.96
499.96 731.00
500.00 730.96
501.00 730.96
502.00 730.96
503.00 730.96
503.96 730.00
504.00 729.96
505.00 729.96
506.00 729.96
506.96 729.00
507.00 728.96
508.00 728.96
509.00 728.96
509.96 728.00
510.00 727.96
511.00 727.96
512.00 727.96
512.96 727.00
513.00 726.96
514.00 726.96
514.96 726.00
515.00 725.96
516.00 725.96
516.96 725.00
517.00 724.96
518.00 724.96
518.96 724.00
519.00 723.96
519.96 723.00
520.00 722.96
520.96 722.00
521.00 721.96
521.96 721.00
522.00 720.96
522.96 720.00
522.96 719.00
523.00 718.96
523.96 718.00
524.00 717.96
524.96 717.00
524.96 716.00
525.00 715.96
525.96 715.00
525.96 714.00
526.00 713.96
526.96 713.00
526.96 712.00
527.00 711.96
527.96 711.00
527.96 710.00
527.96 709.00
527.96 708.00
528.00 707.96
528.96 707.00
528.96 706.00
528.96 705.00
528.96 704.00
528.96 703.00
528.96 702.00
529.00 701.96
529.96 701.00

Contour 12:
567.96 467.00
567.96 466.00
567.96 465.00
567.96 464.00
567.96 463.00
567.96 462.00
567.96 461.00
567.96 460.00
567.96 459.00
567.96 458.00
567.96 457.00
567.00 456.04
566.96 456.00
566.96 455.00
566.96 454.00
566.96 453.00
566.96 452.00
566.96 451.00
566.00 450.04
565.96 450.00
565.96 449.00
565.96 448.00
565.00 447.04
564.96 447.00
564.96 446.00
564.00 445.04
563.96 445.00
563.00 444.04
562.96 444.00
562.96 443.00
562.00 442.04
561.96 442.00
561.00 441.04
560.96 441.00
560.00 440.04
559.96 440.00
559.00 439.04
558.96 439.00
558.00 438.04
557.96 438.00
557.00 437.04
556.00 437.04
555.96 437.00
555.00 436.04
554.96 436.00
554.00 435.04
553.96 435.00
553.00 434.04
552.00 434.04
551.96 434.00
551.00 433.04
550.96 433.00
550.00 432.04
549.00 432.04
548.00 432.04
547.96 432.00
547.00 431.04
546.00 431.04
545.96 431.00
545.00 430.04
544.00 430.04
543.00 430.04
542.96 430.00
542.00 429.04
541.00 429.04
540.00 429.04
539.00 429.04
538.96 429.00
538.00 428.04
537.00 428.04
536.00 428.04
535.00 428.04
534.00 428.04
533.00 428.04
532.00 428.04
531.00 428.04
530.00 428.04
529.00 428.04
528.00 428.04
527.00 428.04
526.04 429.00
526.00 429.04
525.00 429.04
524.04 430.00
524.00 430.04
523.00 430.04
522.00 430.04
521.04 431.00
521.00 431.04
520.00 431.04
519.04 432.00
519.00 432.04
518.00 432.04
517.04 433.00
517.00 433.04
516.04 434.00
516.00 434.04
515.04 435.00
515.00 435.04
514.00 435.04
513.04 436.00
513.00 436.04
512.04 437.00
512.00 437.04
511.04 438.00
511.00 438.04
510.04 439.00
510.00 439.04
509.04 440.00
509.04 441.00
509.00 441.04
508.04 442.00
508.00 442.04
507.04 443.00
507.04 444.00
507.00 444.04
506.04 445.00
506.04 446.00
506.04 447.00
506.00 447.04
505.04 448.00
505.04 449.00
505.04 450.00
505.04 451.00
505.04 452.00
505.04 453.00
505.00 453.04
504.04 454.00
504.04 455.00
504.04 456.00
504.04 457.00
504.04 458.00
504.04 459.00
504.04 460.00
504.04 461.00
505.00 461.96
505.04 462.00
505.04 463.00
505.04 464.00
505.04 465.00
506.00 465.96
506.04 466.00
506.04 467.00
506.04 468.00
507.00 468.96
507.04 469.00
507.04 470.00
508.00 470.96
508.04 471.00
508.04 472.00
509.00 472.96
509.04 473.00
509.04 474.00
510.00 474.96
510.04 475.00
510.04 476.00
510.04 477.00
511.00 477.96
511.04 478.00
511.04 479.00
512.00 479.96
512.04 480.00
513.00 480.96
513.04 481.00
514.00 481.96
514.04 482.00
515.00 482.96
515.04 483.00
515.04 484.00
516.00 484.96
516.04 485.00
517.00 485.96
517.04 486.00
518.00 486.96
518.04 487.00
519.00 487.96
520.00 487.96
520.04 488.00
521.00 488.96
521.04 489.00
522.00 489.96
523.00 489.96
523.04 490.00
524.00 490.96
525.00 490.96
526.00 490.96
526.04 491.00
527.00 491.96
528.00 491.96
529.00 491.96
529.04 492.00
530.00 492.96
531.00 492.96
532.00 492.96
533.00 492.96
534.00 492.96
535.00 492.96
536.00 492.96
537.00 492.96
538.00 492.96
538.96 492.00
539.00 491.96
540.00 491.96
541.00 491.96
542.00 491.96
543.00 491.96
543.96 491.00
544.00 490.96
545.00 490.96
546.00 490.96
547.00 490.96
547.96 490.00
548.00 489.96
549.00 489.96
549.96 489.00
550.00 488.96
551.00 488.96
551.96 488.00
552.00 487.96
553.00 487.96
553.96 487.00
554.00 486.96
554.96 486.00
555.00 485.96
556.00 485.96
556.96 485.00
557.00 484.96
557.96 484.00
558.00 483.96
558.96 483.00
559.00 482.96
559.96 482.00
559.96 481.00
560.00 480.96
560.96 480.00
561.00 479.96
561.96 479.00
561.96 478.00
562.00 477.96
562.96 477.00
562.96 476.00
563.00 475.96
563.96 475.00
564.00 474.96
564.96 474.00
564.96 473.00
565.00 472.96
565.96 472.00
565.96 471.00
566.00 470.96
566.96 470.00
566.96 469.00
566.96 468.00
567.00 467.96
567.96 467.00

Contour 13:
567.96 328.00
567.96 327.00
567.96 326.00
567.96 325.00
567.96 324.00
567.96 323.00
567.96 322.00
567.96 321.00
567.96 320.00
567.96 319.00
567.96 318.00
567.96 317.00
567.00 316.04
566.96 316.00
566.96 315.00
566.96 314.00
566.96 313.00
566.00 312.04
565.96 312.00
565.96 311.00
565.96 310.00
565.00 309.04
564.96 309.00
564.96 308.00
564.00 307.04
563.96 307.00
563.00 306.04
562.96 306.00
562.96 305.00
562.00 304.04
561.96 304.00
561.00 303.04
560.96 303.00
560.96 302.00
560.00 301.04
559.96 301.00
559.96 300.00
559.00 299.04
558.96 299.00
558.00 298.04
557.96 298.00
557.00 297.04
556.96 297.00
556.00 296.04
555.96 296.00
555.00 295.04
554.96 295.00
554.00 294.04
553.96 294.00
553.00 293.04
552.96 293.00
552.00 292.04
551.96 292.00
551.00 291.04
550.96 291.00
550.00 290.04
549.00 290.04
548.00 290.04
547.96 290.00
547.00 289.04
546.00 289.04
545.96 289.00
545.00 288.04
544.00 288.04
543.00 288.04
542.00 288.04
541.96 288.00
541.00 287.04
540.00 287.04
539.00 287.04
538.00 287.04
537.00 287.04
536.00 287.04
535.04 288.00
535.00 288.04
534.00 288.04
533.00 288.04
532.00 288.04
531.00 288.04
530.04 289.00
530.00 289.04
529.00 289.04
528.00 289.04
527.04 290.00
527.00 290.04
526.00 290.04
525.04 291.00
525.00 291.04
524.04 292.00
524.00 292.04
523.00 292.04
522.04 293.00
522.00 293.04
521.04 294.00
521.00 294.04
520.04 295.00
520.00 295.04
519.00 295.04
518.04 296.00
518.00 296.04
517.04 297.00
517.04 298.00
517.00 298.04
516.04 299.00
516.00 299.04
515.04 300.00
515.04 301.00
515.00 301.04
514.04 302.00
514.00 302.04
513.04 303.00
513.04 304.00
513.00 304.04
512.04 305.00
512.04 306.00
512.04 307.00
512.00 307.04
511.04 308.00
511.04 309.00
511.04 310.00
511.00 310.04
510.04 311.00
510.04 312.00
510.04 313.00
510.04 314.00
510.04 315.00
510.04 316.00
510.04 317.00
510.04 318.00
510.04 319.00
510.04 320.00
510.04 321.00
510.04 322.00
510.04 323.00
510.04 324.00
510.04 325.00
510.04 326.00
510.04 327.00
510.04 328.00
511.00 328.96
511.04 329.00
511.04 330.00
511.04 331.00
511.04 332.00
512.00 332.96
512.04 333.00
512.04 334.00
512.04 335.00
513.00 335.96
513.04 336.00
513.04 337.00
514.00 337.96
514.04 338.00
514.04 339.00
515.00 339.96
515.04 340.00
515.04 341.00
516.00 341.96
516.04 342.00
516.04 343.00
517.00 343.96
517.04 344.00
518.00 344.96
518.04 345.00
519.00 345.96
519.04 346.00
519.04 347.00
520.00 347.96
520.04 348.00
521.00 348.96
521.04 349.00
522.00 349.96
523.00 349.96
523.04 350.00
524.00 350.96
524.04 351.00
525.00 351.96
526.00 351.96
526.04 352.00
527.00 352.96
528.00 352.96
529.00 352.96
529.04 353.00
530.00 353.96
531.00 353.96
532.00 353.96
533.00 353.96
534.00 353.96
535.00 353.96
536.00 353.96
537.00 353.96
538.00 353.96
539.00 353.96
540.00 353.96
541.00 353.96
541.96 353.00
542.00 352.96
543.00 352.96
544.00 352.96
544.96 352.00
545.00 351.96
546.00 351.96
547.00 351.96
547.96 351.00
548.00 350.96
549.00 350.96
549.96 350.00
550.00 349.96
550.96 349.00
551.00 348.96
552.00 348.96
552.96 348.00
553.00 347.96
553.96 347.00
554.00 346.96
555.00 346.96
555.96 346.00
556.00 345.96
556.96 345.00
557.00 344.96
557.96 344.00
558.00 343.96
559.00 343.96
559.96 343.00
560.00 342.96
560.96 342.00
560.96 341.00
561.00 340.96
561.96 340.00
562.00 339.96
562.96 339.00
562.96 338.00
563.00 337.96
563.96 337.00
564.00 336.96
564.96 336.00
564.96 335.00
565.00 334.96
565.96 334.00
565.96 333.00
565.96 332.00
566.00 331.96
566.96 331.00
566.96 330.00
566.96 329.00
567.00 328.96
567.96 328.00

Contour 14:
569.97 584.00
569.97 583.00
569.97 582.00
569.97 581.00
569.97 580.00
569.97 579.00
569.97 578.00
569.97 577.00
569.97 576.00
569.97 575.00
569.97 574.00
569.00 573.03
568.97 573.00
568.97 572.00
568.97 571.00
568.97 570.00
568.97 569.00
568.97 568.00
568.97 567.00
568.00 566.03
567.97 566.00
567.97 565.00
567.00 564.03
566.97 564.00
566.00 563.03
565.97 563.00
565.00 562.03
564.97 562.00
564.00 561.03
563.97 561.00
563.00 560.03
562.97 560.00
562.00 559.03
561.97 559.00
561.00 558.03
560.00 558.03
559.97 558.00
559.97 557.00
559.00 556.03
558.97 556.00
558.00 555.03
557.00 555.03
556.97 555.00
556.00 554.03
555.97 554.00
555.00 553.03
554.00 553.03
553.97 553.00
553.00 552.03
552.00 552.03
551.97 552.00
551.00 551.03
550.00 551.03
549.00 551.03
548.00 551.03
547.00 551.03
546.00 551.03
545.00 551.03
544.00 551.03
543.00 551.03
542.00 551.03
541.00 551.03
540.00 551.03
539.00 551.03
538.03 552.00
538.00 552.03
537.00 552.03
536.00 552.03
535.00 552.03
534.03 553.00
534.00 553.03
533.00 553.03
532.03 554.00
532.00 554.03
531.00 554.03
530.03 555.00
530.00 555.03
529.03 556.00
529.00 556.03
528.03 557.00
528.00 557.03
527.00 557.03
526.03 558.00
526.00 558.03
525.03 559.00
525.00 559.03
524.00 559.03
523.03 560.00
523.00 560.03
522.03 561.00
522.00 561.03
521.03 562.00
521.00 562.03
520.03 563.00
520.00 563.03
519.03 564.00
519.00 564.03
518.03 565.00
518.03 566.00
518.00 566.03
517.03 567.00
517.03 568.00
517.00 568.03
516.03 569.00
516.03 570.00
516.00 570.03
515.03 571.00
515.03 572.00
515.00 572.03
514.03 573.00
514.03 574.00
514.03 575.00
514.00 575.03
513.03 576.00
513.03 577.00
513.00 577.03
512.03 578.00
512.03 579.00
512.03 580.00
512.03 581.00
512.03 582.00
512.03 583.00
512.03 584.00
512.03 585.00
512.03 586.00
512.03 587.00
512.03 588.00
512.03 589.00
513.00 589.97
513.03 590.00
513.03 591.00
513.03 592.00
514.00 592.97
514.03 593.00
514.03 594.00
515.00 594.97
515.03 595.00
515.03 596.00
515.03 597.00
516.00 597.97
516.03 598.00
516.03 599.00
517.00 599.97
517.03 600.00
518.00 600.97
518.03 601.00
518.03 602.00
519.00 602.97
519.03 603.00
519.03 604.00
520.00 604.97
520.03 605.00
521.00 605.97
521.03 606.00
522.00 606.97
522.03 607.00
522.03 608.00
523.00 608.97
523.03 609.00
524.00 609.97
524.03 610.00
525.00 610.97
525.03 611.00
526.00 611.97
526.03 612.00
527.00 612.97
527.03 613.00
528.00 613.97
528.03 614.00
529.00 614.97
530.00 614.97
530.03 615.00
531.00 615.97
532.00 615.97
532.03 616.00
533.00 616.97
534.00 616.97
535.00 616.97
536.00 616.97
536.03 617.00
537.00 617.97
538.00 617.97
539.00 617.97
540.00 617.97
541.00 617.97
542.00 617.97
543.00 617.97
544.00 617.97
545.00 617.97
546.00 617.97
547.00 617.97
547.97 617.00
548.00 616.97
549.00 616.97
550.00 616.97
550.97 616.00
551.00 615.97
552.00 615.97
552.97 615.00
553.00 614.97
554.00 614.97
554.97 614.00
555.00 613.97
555.97 613.00
556.00 612.97
556.97 612.00
557.00 611.97
557.97 611.00
558.00 610.97
558.97 610.00
558.97 609.00
559.00 608.97
559.97 608.00
560.00 607.97
560.97 607.00
561.00 606.97
561.97 606.00
562.00 605.97
562.97 605.00
563.00 604.97
563.97 604.00
563.97 603.00
564.00 602.97
564.97 602.00
564.97 601.00
565.00 600.97
565.97 600.00
565.97 599.00
566.00 598.97
566.97 598.00
566.97 597.00
566.97 596.00
566.97 595.00
567.00 594.97
567.97 594.00
567.97 593.00
567.97 592.00
567.97 591.00
568.00 590.97
568.97 590.00
568.97 589.00
568.97 588.00
568.97 587.00
568.97 586.00
568.97 585.00
569.00 584.97
569.97 584.00

Contour 15:
656.97 639.00
656.97 638.00
656.97 637.00
656.97 636.00
656.97 635.00
656.00 634.03
655.97 634.00
655.97 633.00
655.97 632.00
655.97 631.00
655.97 630.00
655.97 629.00
655.97 628.00
655.97 627.00
655.97 626.00
655.00 625.03
654.97 625.00
654.97 624.00
654.00 623.03
653.97 623.00
653.97 622.00
653.00 621.03
652.97 621.00
652.97 620.00
652.00 619.03
651.97 619.00
651.00 618.03
650.97 618.00
650.00 617.03
649.97 617.00
649.00 616.03
648.97 616.00
648.00 615.03
647.97 615.00
647.00 614.03
646.00 614.03
645.97 614.00
645.00 613.03
644.97 613.00
644.00 612.03
643.00 612.03
642.97 612.00
642.00 611.03
641.97 611.00
641.00 610.03
640.97 610.00
640.00 609.03
639.97 609.00
639.00 608.03
638.00 608.03
637.97 608.00
637.00 607.03
636.00 607.03
635.97 607.00
635.00 606.03
634.00 606.03
633.00 606.03
632.00 606.03
631.00 606.03
630.00 606.03
629.00 606.03
628.00 606.03
627.00 606.03
626.00 606.03
625.00 606.03
624.97 606.00
624.00 605.03
623.00 605.03
622.00 605.03
621.00 605.03
620.00 605.03
619.03 606.00
619.00 606.03
618.00 606.03
617.00 606.03
616.03 607.00
616.00 607.03
615.00 607.03
614.00 607.03
613.03 608.00
613.00 608.03
612.00 608.03
611.03 609.00
611.00 609.03
610.00 609.03
609.03 610.00
609.00 610.03
608.03 611.00
608.00 611.03
607.03 612.00
607.00 612.03
606.03 613.00
606.00 613.03
605.03 614.00
605.00 614.03
604.03 615.00
604.00 615.03
603.03 616.00
603.00 616.03
602.03 617.00
602.00 617.03
601.03 618.00
601.00 618.03
600.03 619.00
600.00 619.03
599.03 620.00
599.00 620.03
598.03 621.00
598.03 622.00
598.00 622.03
597.03 623.00
597.00 623.03
596.03 624.00
596.03 625.00
596.00 625.03
595.03 626.00
595.03 627.00
595.00 627.03
594.03 628.00
594.03 629.00
594.00 629.03
593.03 630.00
593.03 631.00
593.00 631.03
592.03 632.00
592.03 633.00
592.03 634.00
592.03 635.00
592.00 635.03
591.03 636.00
591.03 637.00
591.03 638.00
591.03 639.00
591.00 639.03
590.03 640.00
590.03 641.00
590.03 642.00
590.03 643.00
591.00 643.97
591.03 644.00
591.03 645.00
591.03 646.00
591.03 647.00
592.00 647.97
592.03 648.00
592.03 649.00
593.00 649.97
593.03 650.00
593.03 651.00
594.00 651.97
594.03 652.00
594.03 653.00
595.00 653.97
595.03 654.00
595.03 655.00
596.00 655.97
596.03 656.00
596.03 657.00
597.00 657.97
597.03 658.00
597.03 659.00
598.00 659.97
598.03 660.00
599.00 660.97
599.03 661.00
599.03 662.00
600.00 662.97
600.03 663.00
601.00 663.97
601.03 664.00
602.00 664.97
603.00 664.97
603.03 665.00
604.00 665.97
604.03 666.00
605.00 666.97
606.00 666.97
606.03 667.00
607.00 667.97
607.03 668.00
608.00 668.97
609.00 668.97
610.00 668.97
610.03 669.00
611.00 669.97
612.00 669.97
612.03 670.00
613.00 670.97
614.00 670.97
615.00 670.97
615.03 671.00
616.00 671.97
617.00 671.97
618.00 671.97
619.00 671.97
620.00 671.97
621.00 671.97
622.00 671.97
623.00 671.97
624.00 671.97
625.00 671.97
626.00 671.97
627.00 671.97
627.97 671.00
628.00 670.97
629.00 670.97
630.00 670.97
630.97 670.00
631.00 669.97
632.00 669.97
632.97 669.00
633.00 668.97
634.00 668.97
634.97 668.00
635.00 667.97
636.00 667.97
636.97 667.00
637.00 666.97
638.00 666.97
638.97 666.00
639.00 665.97
639.97 665.00
640.00 664.97
641.00 664.97
641.97 664.00
642.00 663.97
642.97 663.00
643.00 662.97
643.97 662.00
644.00 661.97
644.97 661.00
645.00 660.97
645.97 660.00
646.00 659.97
646.97 659.00
647.00 658.97
647.97 658.00
648.00 657.97
648.97 657.00
648.97 656.00
649.00 655.97
649.97 655.00
650.00 654.97
650.97 654.00
651.00 653.97
651.97 653.00
651.97 652.00
652.00 651.97
652.97 651.00
652.97 650.00
653.00 649.97
653.97 649.00
653.97 648.00
654.00 647.97
654.97 647.00
654.97 646.00
654.97 645.00
654.97 644.00
655.00 643.97
655.97 643.00
655.97 642.00
655.97 641.00
655.97 640.00
656.00 639.97
656.97 639.00

Contour 16:
662.97 482.00
662.97 481.00
662.97 480.00
662.97 479.00
662.97 478.00
662.97 477.00
662.97 476.00
662.97 475.00
662.97 474.00
662.97 473.00
662.00 472.03
661.97 472.00
661.97 471.00
661.97 470.00
661.00 469.03
660.97 469.00
660.97 468.00
660.97 467.00
660.00 466.03
659.97 466.00
659.97 465.00
659.97 464.00
659.00 463.03
658.97 463.00
658.97 462.00
658.00 461.03
657.97 461.00
657.97 460.00
657.00 459.03
656.97 459.00
656.97 458.00
656.00 457.03
655.97 457.00
655.00 456.03
654.97 456.00
654.00 455.03
653.97 455.00
653.00 454.03
652.97 454.00
652.00 453.03
651.00 453.03
650.97 453.00
650.00 452.03
649.97 452.00
649.00 451.03
648.97 451.00
648.00 450.03
647.00 450.03
646.97 450.00
646.00 449.03
645.97 449.00
645.00 448.03
644.00 448.03
643.00 448.03
642.97 448.00
642.00 447.03
641.00 447.03
640.00 447.03
639.00 447.03
638.00 447.03
637.97 447.00
637.00 446.03
636.00 446.03
635.00 446.03
634.00 446.03
633.00 446.03
632.00 446.03
631.03 447.00
631.00 447.03
630.00 447.03
629.00 447.03
628.00 447.03
627.00 447.03
626.00 447.03
625.00 447.03
624.00 447.03
623.00 447.03
622.00 447.03
621.03 448.00
621.00 448.03
620.00 448.03
619.00 448.03
618.00 448.03
617.03 449.00
617.00 449.03
616.00 449.03
615.03 450.00
615.00 450.03
614.00 450.03
613.03 451.00
613.00 451.03
612.00 451.03
611.03 452.00
611.00 452.03
610.00 452.03
609.03 453.00
609.00 453.03
608.03 454.00
608.00 454.03
607.03 455.00
607.00 455.03
606.03 456.00
606.00 456.03
605.03 457.00
605.00 457.03
604.03 458.00
604.00 458.03
603.03 459.00
603.00 459.03
602.03 460.00
602.00 460.03
601.03 461.00
601.03 462.00
601.00 462.03
600.03 463.00
600.03 464.00
600.00 464.03
599.03 465.00
599.03 466.00
599.03 467.00
599.03 468.00
599.00 468.03
598.03 469.00
598.03 470.00
598.03 471.00
598.03 472.00
598.03 473.00
598.03 474.00
598.03 475.00
599.00 475.97
599.03 476.00
599.03 477.00
599.03 478.00
599.03 479.00
599.03 480.00
599.03 481.00
599.03 482.00
600.00 482.97
600.03 483.00
600.03 484.00
600.03 485.00
601.00 485.97
601.03 486.00
601.03 487.00
601.03 488.00
602.00 488.97
602.03 489.00
602.03 490.00
603.00 490.97
603.03 491.00
604.00 491.97
604.03 492.00
604.03 493.00
605.00 493.97
605.03 494.00
606.00 494.97
606.03 495.00
607.00 495.97
607.03 496.00
607.03 497.00
608.00 497.97
608.03 498.00
609.00 498.97
609.03 499.00
610.00 499.97
610.03 500.00
611.00 500.97
611.03 501.00
612.00 501.97
612.03 502.00
613.00 502.97
614.00 502.97
614.03 503.00
615.00 503.97
615.03 504.00
616.00 504.97
617.00 504.97
618.00 504.97
618.03 505.00
619.00 505.97
620.00 505.97
621.00 505.97
622.00 505.97
623.00 505.97
624.00 505.97
625.00 505.97
626.00 505.97
627.00 505.97
628.00 505.97
629.00 505.97
630.00 505.97
631.00 505.97
631.97 505.00
632.00 504.97
633.00 504.97
634.00 504.97
634.97 504.00
635.00 503.97
636.00 503.97
637.00 503.97
638.00 503.97
638.97 503.00
639.00 502.97
640.00 502.97
640.97 502.00
641.00 501.97
642.00 501.97
643.00 501.97
644.00 501.97
644.97 501.00
645.00 500.97
646.00 500.97
647.00 500.97
647.97 500.00
648.00 499.97
649.00 499.97
649.97 499.00
650.00 498.97
651.00 498.97
651.97 498.00
652.00 497.97
652.97 497.00
653.00 496.97
653.97 496.00
654.00 495.97
654.97 495.00
655.00 494.97
655.97 494.00
656.00 493.97
656.97 493.00
656.97 492.00
657.00 491.97
657.97 491.00
658.00 490.97
658.97 490.00
659.00 489.97
659.97 489.00
659.97 488.00
660.00 487.97
660.97 487.00
660.97 486.00
661.00 485.97
661.97 485.00
661.97 484.00
661.97 483.00
662.00 482.97
662.97 482.00

Contour 17:
678.97 322.00
678.97 321.00
678.97 320.00
678.97 319.00
678.97 318.00
678.97 317.00
678.97 316.00
678.97 315.00
678.97 314.00
678.97 313.00
678.97 312.00
678.97 311.00
678.97 310.00
678.97 309.00
678.97 308.00
678.97 307.00
678.00 306.03
677.97 306.00
677.97 305.00
677.00 304.03
676.97 304.00
676.97 303.00
676.00 302.03
675.97 302.00
675.00 301.03
674.97 301.00
674.00 300.03
673.97 300.00
673.97 299.00
673.00 298.03
672.97 298.00
672.00 297.03
671.97 297.00
671.00 296.03
670.00 296.03
669.97 296.00
669.00 295.03
668.97 295.00
668.00 294.03
667.00 294.03
666.97 294.00
666.00 293.03
665.97 293.00
665.00 292.03
664.97 292.00
664.00 291.03
663.00 291.03
662.97 291.00
662.00 290.03
661.97 290.00
661.00 289.03
660.00 289.03
659.97 289.00
659.00 288.03
658.97 288.00
658.00 287.03
657.00 287.03
656.00 287.03
655.97 287.00
655.00 286.03
654.00 286.03
653.00 286.03
652.00 286.03
651.00 286.03
650.00 286.03
649.00 286.03
648.00 286.03
647.00 286.03
646.03 287.00
646.00 287.03
645.00 287.03
644.00 287.03
643.00 287.03
642.00 287.03
641.00 287.03
640.00 287.03
639.03 288.00
639.00 288.03
638.00 288.03
637.00 288.03
636.03 289.00
636.00 289.03
635.00 289.03
634.00 289.03
633.03 290.00
633.00 290.03
632.00 290.03
631.03 291.00
631.00 291.03
630.00 291.03
629.03 292.00
629.00 292.03
628.00 292.03
627.03 293.00
627.00 293.03
626.03 294.00
626.00 294.03
625.00 294.03
624.03 295.00
624.00 295.03
623.03 296.00
623.00 296.03
622.03 297.00
622.00 297.03
621.00 297.03
620.03 298.00
620.03 299.00
620.00 299.03
619.03 300.00
619.00 300.03
618.03 301.00
618.00 301.03
617.03 302.00
617.00 302.03
616.03 303.00
616.03 304.00
616.00 304.03
615.03 305.00
615.03 306.00
615.03 307.00
615.00 307.03
614.03 308.00
614.03 309.00
614.03 310.00
614.03 311.00
614.03 312.00
614.03 313.00
614.03 314.00
614.03 315.00
614.03 316.00
614.03 317.00
614.03 318.00
614.03 319.00
615.00 319.97
615.03 320.00
615.03 321.00
615.03 322.00
616.00 322.97
616.03 323.00
616.03 324.00
616.03 325.00
617.00 325.97
617.03 326.00
617.03 327.00
618.00 327.97
618.03 328.00
618.03 329.00
619.00 329.97
619.03 330.00
620.00 330.97
620.03 331.00
621.00 331.97
621.03 332.00
621.03 333.00
622.00 333.97
622.03 334.00
623.00 334.97
623.03 335.00
624.00 335.97
624.03 336.00
625.00 336.97
625.03 337.00
626.00 337.97
627.00 337.97
627.03 338.00
628.00 338.97
628.03 339.00
629.00 339.97
630.00 339.97
630.03 340.00
631.00 340.97
632.00 340.97
632.03 341.00
633.00 341.97
634.00 341.97
635.00 341.97
636.00 341.97
636.03 342.00
637.00 342.97
638.00 342.97
639.00 342.97
639.03 343.00
640.00 343.97
641.00 343.97
642.00 343.97
643.00 343.97
644.00 343.97
645.00 343.97
646.00 343.97
647.00 343.97
648.00 343.97
649.00 343.97
649.97 343.00
650.00 342.97
651.00 342.97
652.00 342.97
653.00 342.97
654.00 342.97
655.00 342.97
655.97 342.00
656.00 341.97
657.00 341.97
658.00 341.97
658.97 341.00
659.00 340.97
660.00 340.97
660.97 340.00
661.00 339.97
662.00 339.97
662.97 339.00
663.00 338.97
664.00 338.97
664.97 338.00
665.00 337.97
666.00 337.97
666.97 337.00
667.00 336.97
668.00 336.97
668.97 336.00
669.00 335.97
670.00 335.97
670.97 335.00
671.00 334.97
671.97 334.00
672.00 333.97
672.97 333.00
673.00 332.97
673.97 332.00
674.00 331.97
674.97 331.00
674.97 330.00
675.00 329.97
675.97 329.00
676.00 328.97
676.97 328.00
676.97 327.00
676.97 326.00
677.00 325.97
677.97 325.00
677.97 324.00
677.97 323.00
678.00 322.97
678.97 322.00

Contour 18:
717.97 422.00
717.97 421.00
717.97 420.00
717.97 419.00
717.97 418.00
717.97 417.00
717.97 416.00
717.97 415.00
717.97 414.00
717.97 413.00
717.97 412.00
717.00 411.03
716.97 411.00
716.97 410.00
716.00 409.03
715.97 409.00
715.97 408.00
715.00 407.03
714.97 407.00
714.00 406.03
713.97 406.00
713.97 405.00
713.00 404.03
712.97 404.00
712.00 403.03
711.97 403.00
711.00 402.03
710.97 402.00
710.00 401.03
709.97 401.00
709.00 400.03
708.97 400.00
708.00 399.03
707.97 399.00
707.00 398.03
706.97 398.00
706.00 397.03
705.97 397.00
705.00 396.03
704.97 396.00
704.97 395.00
704.00 394.03
703.97 394.00
703.97 393.00
703.00 392.03
702.97 392.00
702.97 391.00
702.00 390.03
701.97 390.00
701.00 389.03
700.97 389.00
700.00 388.03
699.97 388.00
699.00 387.03
698.97 387.00
698.00 386.03
697.97 386.00
697.00 385.03
696.97 385.00
696.00 384.03
695.00 384.03
694.97 384.00
694.00 383.03
693.00 383.03
692.97 383.00
692.00 382.03
691.00 382.03
690.00 382.03
689.97 382.00
689.00 381.03
688.00 381.03
687.00 381.03
686.97 381.00
686.00 380.03
685.00 380.03
684.00 380.03
683.00 380.03
682.00 380.03
681.00 380.03
680.97 380.00
680.00 379.03
679.00 379.03
678.03 380.00
678.00 380.03
677.00 380.03
676.00 380.03
675.00 380.03
674.03 381.00
674.00 381.03
673.00 381.03
672.00 381.03
671.03 382.00
671.00 382.03
670.00 382.03
669.03 383.00
669.00 383.03
668.00 383.03
667.03 384.00
667.00 384.03
666.03 385.00
666.00 385.03
665.03 386.00
665.00 386.03
664.03 387.00
664.00 387.03
663.03 388.00
663.00 388.03
662.03 389.00
662.03 390.00
662.00 390.03
661.03 391.00
661.03 392.00
661.00 392.03
660.03 393.00
660.00 393.03
659.03 394.00
659.03 395.00
659.03 396.00
659.00 396.03
658.03 397.00
658.03 398.00
658.03 399.00
658.03 400.00
658.00 400.03
657.03 401.00
657.03 402.00
658.00 402.97
658.03 403.00
658.03 404.00
658.03 405.00
658.03 406.00
658.03 407.00
658.03 408.00
659.00 408.97
659.03 409.00
659.03 410.00
659.03 411.00
660.00 411.97
660.03 412.00
660.03 413.00
661.00 413.97
661.03 414.00
661.03 415.00
662.00 415.97
662.03 416.00
663.00 416.97
663.03 417.00
664.00 417.97
664.03 418.00
664.03 419.00
665.00 419.97
665.03 420.00
666.00 420.97
666.03 421.00
667.00 421.97
667.03 422.00
668.00 422.97
668.03 423.00
669.00 423.97
669.03 424.00
670.00 424.97
670.03 425.00
671.00 425.97
671.03 426.00
672.00 426.97
672.03 427.00
673.00 427.97
673.03 428.00
674.00 428.97
674.03 429.00
675.00 429.97
676.00 429.97
676.03 430.00
677.00 430.97
678.00 430.97
678.03 431.00
679.00 431.97
679.03 432.00
680.00 432.97
681.00 432.97
681.03 433.00
682.00 433.97
683.00 433.97
683.03 434.00
684.00 434.97
685.00 434.97
685.03 435.00
686.00 435.97
687.00 435.97
687.03 436.00
688.00 436.97
689.00 436.97
689.03 437.00
690.00 437.97
691.00 437.97
692.00 437.97
692.03 438.00
693.00 438.97
694.00 438.97
695.00 438.97
695.03 439.00
696.00 439.97
697.00 439.97
698.00 439.97
699.00 439.97
700.00 439.97
701.00 439.97
702.00 439.97
702.97 439.00
703.00 438.97
704.00 438.97
704.97 438.00
705.00 437.97
706.00 437.97
706.97 437.00
707.00 436.97
707.97 436.00
708.00 435.97
708.97 435.00
709.00 434.97
709.97 434.00
710.00 433.97
710.97 433.00
711.00 432.97
711.97 432.00
712.00 431.97
712.97 431.00
712.97 430.00
713.00 429.97
713.97 429.00
713.97 428.00
714.00 427.97
714.97 427.00
715.00 426.97
715.97 426.00
715.97 425.00
716.00 424.97
716.97 424.00
716.97 423.00
717.00 422.97
717.97 422.00

Contour 19:
753.98 625.00
753.98 624.00
753.98 623.00
753.98 622.00
753.98 621.00
753.98 620.00
753.98 619.00
753.98 618.00
753.98 617.00
753.98 616.00
753.98 615.00
753.98 614.00
753.00 613.02
752.98 613.00
752.98 612.00
752.98 611.00
752.98 610.00
752.00 609.02
751.98 609.00
751.98 608.00
751.00 607.02
750.98 607.00
750.00 606.02
749.98 606.00
749.98 605.00
749.00 604.02
748.98 604.00
748.00 603.02
747.98 603.00
747.00 602.02
746.98 602.00
746.00 601.02
745.98 601.00
745.00 600.02
744.98 600.00
744.00 599.02
743.98 599.00
743.00 598.02
742.00 598.02
741.98 598.00
741.00 597.02
740.00 597.02
739.00 597.02
738.98 597.00
738.00 596.02
737.00 596.02
736.00 596.02
735.00 596.02
734.00 596.02
733.00 596.02
732.00 596.02
731.00 596.02
730.00 596.02
729.00 596.02
728.00 596.02
727.00 596.02
726.02 597.00
726.00 597.02
725.00 597.02
724.00 597.02
723.02 598.00
723.00 598.02
722.00 598.02
721.02 599.00
721.00 599.02
720.00 599.02
719.02 600.00
719.00 600.02
718.02 601.00
718.00 601.02
717.02 602.00
717.00 602.02
716.02 603.00
716.00 603.02
715.02 604.00
715.00 604.02
714.02 605.00
714.00 605.02
713.02 606.00
713.00 606.02
712.02 607.00
712.00 607.02
711.02 608.00
711.00 608.02
710.02 609.00
710.00 609.02
709.02 610.00
709.00 610.02
708.02 611.00
708.00 611.02
707.02 612.00
707.02 613.00
707.00 613.02
706.02 614.00
706.00 614.02
705.02 615.00
705.02 616.00
705.00 616.02
704.02 617.00
704.00 617.02
703.02 618.00
703.02 619.00
703.00 619.02
702.02 620.00
702.00 620.02
701.02 621.00
701.00 621.02
700.02 622.00
700.00 622.02
699.02 623.00
699.02 624.00
699.00 624.02
698.02 625.00
698.02 626.00
698.02 627.00
698.00 627.02
697.02 628.00
697.02 629.00
697.00 629.02
696.02 630.00
696.02 631.00
696.02 632.00
696.02 633.00
696.00 633.02
695.02 634.00
695.02 635.00
695.02 636.00
695.02 637.00
695.02 638.00
695.02 639.00
695.02 640.00
695.02 641.00
695.00 641.02
694.02 642.00
694.02 643.00
694.02 644.00
694.02 645.00
695.00 645.98
695.02 646.00
695.02 647.00
695.02 648.00
695.02 649.00
696.00 649.98
696.02 650.00
696.02 651.00
696.02 652.00
697.00 652.98
697.02 653.00
697.02 654.00
698.00 654.98
698.02 655.00
699.00 655.98
699.02 656.00
700.00 656.98
700.02 657.00
701.00 657.98
701.02 658.00
702.00 658.98
702.02 659.00
703.00 659.98
704.00 659.98
704.02 660.00
705.00 660.98
705.02 661.00
706.00 661.98
707.00 661.98
707.02 662.00
708.00 662.98
709.00 662.98
709.02 663.00
710.00 663.98
711.00 663.98
712.00 663.98
712.02 664.00
713.00 664.98
714.00 664.98
715.00 664.98
716.00 664.98
717.00 664.98
718.00 664.98
719.00 664.98
720.00 664.98
720.98 664.00
721.00 663.98
722.00 663.98
723.00 663.98
724.00 663.98
724.98 663.00
725.00 662.98
726.00 662.98
727.00 662.98
727.98 662.00
728.00 661.98
729.00 661.98
729.98 661.00
730.00 660.98
730.98 660.00
731.00 659.98
731.98 659.00
732.00 658.98
733.00 658.98
733.98 658.00
734.00 657.98
734.98 657.00
734.98 656.00
735.00 655.98
735.98 655.00
736.00 654.98
736.98 654.00
737.00 653.98
737.98 653.00
738.00 652.98
738.98 652.00
738.98 651.00
739.00 650.98
739.98 650.00
740.00 649.98
740.98 649.00
741.00 648.98
741.98 648.00
741.98 647.00
742.00 646.98
742.98 646.00
743.00 645.98
743.98 645.00
743.98 644.00
744.00 643.98
744.98 643.00
745.00 642.98
745.98 642.00
746.00 641.98
746.98 641.00
747.00 640.98
747.98 640.00
748.00 639.98
748.98 639.00
748.98 638.00
749.00 637.98
749.98 637.00
750.00 636.98
750.98 636.00
750.98 635.00
750.98 634.00
751.00 633.98
751.98 633.00
751.98 632.00
751.98 631.00
751.98 630.00
751.98 629.00
752.00 628.98
752.98 628.00
752.98 627.00
752.98 626.00
753.00 625.98
753.98 625.00

Contour 20:
815.98 451.00
815.98 450.00
815.98 449.00
815.98 448.00
815.98 447.00
815.98 446.00
815.98 445.00
815.98 444.00
815.98 443.00
815.98 442.00
815.98 441.00
815.98 440.00
815.98 439.00
815.98 438.00
815.98 437.00
815.00 436.02
814.98 436.00
814.98 435.00
814.00 434.02
813.98 434.00
813.00 433.02
812.98 433.00
812.00 432.02
811.98 432.00
811.00 431.02
810.98 431.00
810.00 430.02
809.00 430.02
808.98 430.00
808.00 429.02
807.00 429.02
806.00 429.02
805.00 429.02
804.00 429.02
803.00 429.02
802.00 429.02
801.00 429.02
800.00 429.02
799.00 429.02
798.00 429.02
797.00 429.02
796.00 429.02
795.00 429.02
794.02 430.00
794.00 430.02
793.00 430.02
792.00 430.02
791.02 431.00
791.00 431.02
790.00 431.02
789.00 431.02
788.02 432.00
788.00 432.02
787.00 432.02
786.02 433.00
786.00 433.02
785.00 433.02
784.00 433.02
783.02 434.00
783.00 434.02
782.00 434.02
781.02 435.00
781.00 435.02
780.00 435.02
779.02 436.00
779.00 436.02
778.00 436.02
777.00 436.02
776.02 437.00
776.00 437.02
775.00 437.02
774.00 437.02
773.02 438.00
773.00 438.02
772.00 438.02
771.02 439.00
771.00 439.02
770.00 439.02
769.02 440.00
769.00 440.02
768.02 441.00
768.00 441.02
767.02 442.00
767.00 442.02
766.02 443.00
766.00 443.02
765.02 444.00
765.00 444.02
764.02 445.00
764.00 445.02
763.02 446.00
763.02 447.00
763.00 447.02
762.02 448.00
762.02 449.00
762.00 449.02
761.02 450.00
761.00 450.02
760.02 451.00
760.02 452.00
760.02 453.00
760.00 453.02
759.02 454.00
759.02 455.00
759.02 456.00
759.00 456.02
758.02 457.00
758.02 458.00
758.02 459.00
758.02 460.00
758.02 461.00
758.02 462.00
758.02 463.00
758.02 464.00
758.02 465.00
758.02 466.00
759.00 466.98
759.02 467.00
759.02 468.00
759.02 469.00
759.02 470.00
760.00 470.98
760.02 471.00
760.02 472.00
761.00 472.98
761.02 473.00
761.02 474.00
762.00 474.98
762.02 475.00
763.00 475.98
763.02 476.00
763.02 477.00
764.00 477.98
764.02 478.00
765.00 478.98
765.02 479.00
766.00 479.98
766.02 480.00
767.00 480.98
767.02 481.00
768.00 481.98
768.02 482.00
769.00 482.98
769.02 483.00
770.00 483.98
771.00 483.98
771.02 484.00
772.00 484.98
772.02 485.00
773.00 485.98
773.02 486.00
774.00 486.98
775.00 486.98
775.02 487.00
776.00 487.98
777.00 487.98
778.00 487.98
779.00 487.98
780.00 487.98
780.02 488.00
781.00 488.98
782.00 488.98
783.00 488.98
784.00 488.98
784.98 488.00
785.00 487.98
786.00 487.98
787.00 487.98
788.00 487.98
789.00 487.98
789.98 487.00
790.00 486.98
791.00 486.98
791.98 486.00
792.00 485.98
793.00 485.98
793.98 485.00
794.00 484.98
794.98 484.00
795.00 483.98
795.98 483.00
796.00 482.98
796.98 482.00
797.00 481.98
797.98 481.00
798.00 480.98
798.98 480.00
799.00 479.98
799.98 479.00
800.00 478.98
800.98 478.00
800.98 477.00
801.00 476.98
801.98 476.00
802.00 475.98
802.98 475.00
802.98 474.00
803.00 473.98
803.98 473.00
804.00 472.98
804.98 472.00
805.00 471.98
805.98 471.00
805.98 470.00
806.00 469.98
806.98 469.00
807.00 468.98
807.98 468.00
807.98 467.00
808.00 466.98
808.98 466.00
809.00 465.98
809.98 465.00
809.98 464.00
810.00 463.98
810.98 463.00
810.98 462.00
811.00 461.98
811.98 461.00
811.98 460.00
811.98 459.00
812.00 458.98
812.98 458.00
812.98 457.00
813.00 456.98
813.98 456.00
813.98 455.00
814.00 454.98
814.98 454.00
814.98 453.00
814.98 452.00
815.00 451.98
815.98 451.00

Contour 21:
985.98 750.00
985.98 749.00
985.98 748.00
985.98 747.00
985.98 746.00
985.98 745.00
985.98 744.00
985.98 743.00
985.98 742.00
985.98 741.00
985.98 740.00
985.98 739.00
985.98 738.00
985.98 737.00
985.98 736.00
985.00 735.02
984.98 735.00
984.98 734.00
984.98 733.00
984.98 732.00
984.98 731.00
984.00 730.02
983.98 730.00
983.98 729.00
983.98 728.00
983.00 727.02
982.98 727.00
982.98 726.00
982.00 725.02
981.98 725.00
981.98 724.00
981.00 723.02
980.98 723.00
980.00 722.02
979.98 722.00
979.98 721.00
979.00 720.02
978.98 720.00
978.00 719.02
977.98 719.00
977.00 718.02
976.00 718.02
975.98 718.00
975.00 717.02
974.98 717.00
974.00 716.02
973.00 716.02
972.98 716.00
972.00 715.02
971.00 715.02
970.00 715.02
969.98 715.00
969.00 714.02
968.00 714.02
967.00 714.02
966.00 714.02
965.98 714.00
965.00 713.02
964.00 713.02
963.00 713.02
962.00 713.02
961.00 713.02
960.98 713.00
960.00 712.02
959.00 712.02
958.00 712.02
957.02 713.00
957.00 713.02
956.00 713.02
955.00 713.02
954.00 713.02
953.00 713.02
952.02 714.00
952.00 714.02
951.00 714.02
950.00 714.02
949.02 715.00
949.00 715.02
948.00 715.02
947.00 715.02
946.02 716.00
946.00 716.02
945.00 716.02
944.02 717.00
944.00 717.02
943.00 717.02
942.00 717.02
941.02 718.00
941.00 718.02
940.00 718.02
939.02 719.00
939.00 719.02
938.02 720.00
938.00 720.02
937.00 720.02
936.02 721.00
936.00 721.02
935.02 722.00
935.00 722.02
934.02 723.00
934.00 723.02
933.02 724.00
933.00 724.02
932.02 725.00
932.00 725.02
931.02 726.00
931.00 726.02
930.02 727.00
930.00 727.02
929.02 728.00
929.00 728.02
928.02 729.00
928.02 730.00
928.00 730.02
927.02 731.00
927.00 731.02
926.02 732.00
926.02 733.00
926.00 733.02
925.02 734.00
925.02 735.00
925.00 735.02
924.02 736.00
924.02 737.00
924.00 737.02
923.02 738.00
923.02 739.00
923.02 740.00
923.02 741.00
923.02 742.00
923.02 743.00
923.02 744.00
923.02 745.00
923.02 746.00
923.02 747.00
923.02 748.00
923.02 749.00
924.00 749.98
924.02 750.00
924.02 751.00
924.02 752.00
924.02 753.00
924.02 754.00
925.00 754.98
925.02 755.00
925.02 756.00
925.02 757.00
925.02 758.00
926.00 758.98
926.02 759.00
926.02 760.00
927.00 760.98
927.02 761.00
927.02 762.00
928.00 762.98
928.02 763.00
928.02 764.00
929.00 764.98
929.02 765.00
930.00 765.98
930.02 766.00
930.02 767.00
931.00 767.98
931.02 768.00
932.00 768.98
932.02 769.00
933.00 769.98
933.02 770.00
934.00 770.98
934.02 771.00
935.00 771.98
935.02 772.00
936.00 772.98
936.02 773.00
937.00 773.98
937.02 774.00
938.00 774.98
939.00 774.98
939.02 775.00
940.00 775.98
941.00 775.98
942.00 775.98
942.02 776.00
943.00 776.98
944.00 776.98
945.00 776.98
946.00 776.98
946.02 777.00
947.00 777.98
948.00 777.98
949.00 777.98
950.00 777.98
951.00 777.98
952.00 777.98
953.00 777.98
954.00 777.98
955.00 777.98
956.00 777.98
957.00 777.98
958.00 777.98
959.00 777.98
960.00 777.98
960.98 777.00
961.00 776.98
962.00 776.98
963.00 776.98
963.98 776.00
964.00 775.98
965.00 775.98
966.00 775.98
966.98 775.00
967.00 774.98
968.00 774.98
968.98 774.00
969.00 773.98
969.98 773.00
970.00 772.98
970.98 772.00
971.00 771.98
972.00 771.98
972.98 771.00
973.00 770.98
973.98 770.00
974.00 769.98
974.98 769.00
975.00 768.98
975.98 768.00
976.00 767.98
976.98 767.00
977.00 766.98
977.98 766.00
978.00 765.98
978.98 765.00
978.98 764.00
979.00 763.98
979.98 763.00
980.00 762.98
980.98 762.00
981.00 761.98
981.98 761.00
981.98 760.00
982.00 759.98
982.98 759.00
982.98 758.00
983.00 757.98
983.98 757.00
983.98 756.00
983.98 755.00
984.00 754.98
984.98 754.00
984.98 753.00
984.98 752.00
984.98 751.00
985.00 750.98
985.98 750.00

