Contour 0:
0.00 583.50
0.50 584.00
1.00 584.50
1.50 585.00
2.00 585.50
2.50 586.00
3.00 586.50
3.50 587.00
4.00 587.50
4.50 588.00
5.00 588.50
5.50 589.00
6.00 589.50
7.00 589.50
7.50 590.00
8.00 590.50
9.00 590.50
9.50 591.00
10.00 591.50
11.00 591.50
11.50 592.00
12.00 592.50
13.00 592.50
14.00 592.50
14.50 593.00
15.00 593.50
16.00 593.50
17.00 593.50
18.00 593.50
18.50 594.00
19.00 594.50
20.00 594.50
21.00 594.50
22.00 594.50
23.00 594.50
24.00 594.50
25.00 594.50
25.50 594.00
26.00 593.50
27.00 593.50
28.00 593.50
29.00 593.50
29.50 593.00
30.00 592.50
31.00 592.50
32.00 592.50
33.00 592.50
33.50 592.00
34.00 591.50
35.00 591.50
35.50 591.00
36.00 590.50
37.00 590.50
37.50 590.00
38.00 589.50
39.00 589.50
39.50 589.00
40.00 588.50
40.50 588.00
41.00 587.50
41.50 587.00
42.00 586.50
42.50 586.00
43.00 585.50
43.50 585.00
44.00 584.50
44.50 584.00
45.00 583.50
45.50 583.00
46.00 582.50
46.50 582.00
46.50 581.00
47.00 580.50
47.50 580.00
48.00 579.50
48.50 579.00
48.50 578.00
49.00 577.50
49.50 577.00
49.50 576.00
50.00 575.50
50.50 575.00
50.50 574.00
50.50 573.00
51.00 572.50
51.50 572.00
51.50 571.00
52.00 570.50
52.50 570.00
52.50 569.00
52.50 568.00
52.50 567.00
52.50 566.00
52.50 565.00
53.00 564.50
53.50 564.00
53.00 563.50
52.50 563.00
52.50 562.00
52.50 561.00
52.50 560.00
52.50 559.00
52.50 558.00
52.50 557.00
52.00 556.50
51.50 556.00
51.50 555.00
51.50 554.00
51.50 553.00
51.00 552.50
50.50 552.00
50.50 551.00
50.50 550.00
50.00 549.50
49.50 549.00
49.50 548.00
49.00 547.50
48.50 547.00
48.50 546.00
48.00 545.50
47.50 545.00
47.50 544.00
47.00 543.50
46.50 543.00
46.50 542.00
46.00 541.50
45.50 541.00
45.50 540.00
45.00 539.50
44.50 539.00
44.00 538.50
43.50 538.00
43.00 537.50
42.50 537.00
42.00 536.50
41.00 536.50
40.50 536.00
40.00 535.50
39.50 535.00
39.00 534.50
38.50 534.00
38.00 533.50
37.00 533.50
36.50 533.00
36.00 532.50
35.00 532.50
34.50 532.00
34.00 531.50
33.00 531.50
32.50 531.00
32.00 530.50
31.00 530.50
30.00 530.50
29.50 530.00
29.00 529.50
28.00 529.50
27.00 529.50
26.00 529.50
25.00 529.50
24.00 529.50
23.00 529.50
22.00 529.50
21.00 529.50
20.00 529.50
19.00 529.50
18.00 529.50
17.50 530.00
17.00 530.50
16.00 530.50
15.00 530.50
14.50 531.00
14.00 531.50
13.00 531.50
12.50 532.00
12.00 532.50
11.00 532.50
10.50 533.00
10.00 533.50
9.50 534.00
9.00 534.50
8.00 534.50
7.50 535.00
7.00 535.50
6.50 536.00
6.00 536.50
5.50 537.00
5.00 537.50
4.50 538.00
4.00 538.50
3.50 539.00
3.00 539.50
2.50 540.00
2.00 540.50
1.50 541.00
1.00 541.50
0.50 542.00
0.00 542.50

Contour 1:
85.75 271.00
85.75 270.00
85.75 269.00
85.75 268.00
85.75 267.00
85.75 266.00
85.75 265.00
85.00 264.25
84.75 264.00
84.75 263.00
84.75 262.00
84.75 261.00
84.75 260.00
84.75 259.00
84.75 258.00
84.75 257.00
84.00 256.25
83.75 256.00
83.75 255.00
83.00 254.25
82.75 254.00
82.75 253.00
82.00 252.25
81.75 252.00
81.75 251.00
81.00 250.25
80.75 250.00
80.00 249.25
79.75 249.00
79.75 248.00
79.00 247.25
78.75 247.00
78.00 246.25
77.75 246.00
77.75 245.00
77.00 244.25
76.75 244.00
76.00 243.25
75.75 243.00
75.00 242.25
74.00 242.25
73.75 242.00
73.00 241.25
72.75 241.00
72.00 240.25
71.75 240.00
71.00 239.25
70.75 239.00
70.00 238.25
69.00 238.25
68.75 238.00
68.00 237.25
67.00 237.25
66.75 237.00
66.00 236.25
65.00 236.25
64.75 236.00
64.00 235.25
63.00 235.25
62.75 235.00
62.00 234.25
61.00 234.25
60.00 234.25
59.75 234.00
59.00 233.25
58.00 233.25
57.00 233.25
56.00 233.25
55.00 233.25
54.00 233.25
53.00 233.25
52.00 233.25
51.00 233.25
50.00 233.25
49.00 233.25
48.00 233.25
47.00 233.25
46.00 233.25
45.00 233.25
44.00 233.25
43.25 234.00
43.00 234.25
42.00 234.25
41.00 234.25
40.25 235.00
40.00 235.25
39.00 235.25
38.00 235.25
37.25 236.00
37.00 236.25
36.00 236.25
35.00 236.25
34.25 237.00
34.00 237.25
33.00 237.25
32.25 238.00
32.00 238.25
31.00 238.25
30.25 239.00
30.00 239.25
29.25 240.00
29.00 240.25
28.00 240.25
27.25 241.00
27.00 241.25
26.25 242.00
26.25 243.00
26.00 243.25
25.25 244.00
25.00 244.25
24.25 245.00
24.25 246.00
24.00 246.25
23.25 247.00
23.00 247.25
22.25 248.00
22.25 249.00
22.00 249.25
21.25 250.00
21.25 251.00
21.25 252.00
21.00 252.25
20.25 253.00
20.25 254.00
20.00 254.25
19.25 255.00
19.25 256.00
19.25 257.00
19.25 258.00
19.25 259.00
19.00 259.25
18.25 260.00
18.25 261.00
18.25 262.00
18.25 263.00
18.25 264.00
19.00 264.75
19.25 265.00
19.25 266.00
19.25 267.00
19.25 268.00
19.25 269.00
19.25 270.00
20.00 270.75
20.25 271.00
20.25 272.00
20.25 273.00
20.25 274.00
20.25 275.00
21.00 275.75
21.25 276.00
21.25 277.00
21.25 278.00
22.00 278.75
22.25 279.00
22.25 280.00
23.00 280.75
23.25 281.00
23.25 282.00
24.00 282.75
24.25 283.00
24.25 284.00
25.00 284.75
25.25 285.00
25.25 286.00
25.25 287.00
26.00 287.75
26.25 288.00
27.00 288.75
27.25 289.00
27.25 290.00
28.00 290.75
28.25 291.00
28.25 292.00
29.00 292.75
29.25 293.00
30.00 293.75
30.25 294.00
30.25 295.00
31.00 295.75
31.25 296.00
32.00 296.75
32.25 297.00
32.25 298.00
33.00 298.75
33.25 299.00
34.00 299.75
34.25 300.00
35.00 300.75
35.25 301.00
36.00 301.75
36.25 302.00
37.00 302.75
37.25 303.00
38.00 303.75
39.00 303.75
39.25 304.00
40.00 304.75
41.00 304.75
41.25 305.00
42.00 305.75
42.25 306.00
43.00 306.75
44.00 306.75
44.25 307.00
45.00 307.75
46.00 307.75
46.25 308.00
47.00 308.75
48.00 308.75
49.00 308.75
50.00 308.75
51.00 308.75
51.25 309.00
52.00 309.75
53.00 309.75
54.00 309.75
55.00 309.75
56.00 309.75
56.75 309.00
57.00 308.75
58.00 308.75
59.00 308.75
60.00 308.75
61.00 308.75
61.75 308.00
62.00 307.75
63.00 307.75
63.75 307.00
64.00 306.75
65.00 306.75
65.75 306.00
66.00 305.75
67.00 305.75
67.75 305.00
68.00 304.75
68.75 304.00
69.00 303.75
69.75 303.00
70.00 302.75
70.75 302.00
71.00 301.75
71.75 301.00
72.00 300.75
72.75 300.00
73.00 299.75
73.75 299.00
74.00 298.75
74.75 298.00
75.00 297.75
75.75 297.00
75.75 296.00
76.00 295.75
76.75 295.00
77.00 294.75
77.75 294.00
78.00 293.75
78.75 293.00
78.75 292.00
79.00 291.75
79.75 291.00
80.00 290.75
80.75 290.00
80.75 289.00
81.00 288.75
81.75 288.00
81.75 287.00
81.75 286.00
82.00 285.75
82.75 285.00
82.75 284.00
82.75 283.00
83.00 282.75
83.75 282.00
83.75 281.00
83.75 280.00
84.00 279.75
84.75 279.00
84.75 278.00
84.75 277.00
84.75 276.00
84.75 275.00
84.75 274.00
84.75 273.00
84.75 272.00
85.00 271.75
85.75 271.00

Contour 2:
169.83 156.00
169.83 155.00
169.83 154.00
169.83 153.00
169.83 152.00
169.83 151.00
169.00 150.17
168.83 150.00
168.83 149.00
168.83 148.00
168.83 147.00
168.00 146.17
167.83 146.00
167.83 145.00
167.83 144.00
167.00 143.17
166.83 143.00
166.83 142.00
166.83 141.00
166.83 140.00
166.00 139.17
165.83 139.00
165.83 138.00
165.00 137.17
164.83 137.00
164.83 136.00
164.00 135.17
163.83 135.00
163.83 134.00
163.00 133.17
162.83 133.00
162.83 132.00
162.00 131.17
161.83 131.00
161.00 130.17
160.83 130.00
160.00 129.17
159.83 129.00
159.00 128.17
158.83 128.00
158.00 127.17
157.83 127.00
157.00 126.17
156.83 126.00
156.00 125.17
155.83 125.00
155.00 124.17
154.83 124.00
154.00 123.17
153.00 123.17
152.83 123.00
152.00 122.17
151.83 122.00
151.00 121.17
150.00 121.17
149.83 121.00
149.00 120.17
148.00 120.17
147.83 120.00
147.00 119.17
146.83 119.00
146.00 118.17
145.00 118.17
144.83 118.00
144.00 117.17
143.00 117.17
142.83 117.00
142.00 116.17
141.00 116.17
140.00 116.17
139.83 116.00
139.00 115.17
138.00 115.17
137.00 115.17
136.00 115.17
135.83 115.00
135.00 114.17
134.00 114.17
133.00 114.17
132.00 114.17
131.00 114.17
130.00 114.17
129.00 114.17
128.00 114.17
127.83 114.00
127.00 113.17
126.00 113.17
125.00 113.17
124.00 113.17
123.17 114.00
123.00 114.17
122.00 114.17
121.00 114.17
120.00 114.17
119.00 114.17
118.00 114.17
117.17 115.00
117.00 115.17
116.00 115.17
115.00 115.17
114.17 116.00
114.00 116.17
113.00 116.17
112.00 116.17
111.17 117.00
111.00 117.17
110.00 117.17
109.00 117.17
108.17 118.00
108.00 118.17
107.00 118.17
106.00 118.17
105.17 119.00
105.00 119.17
104.00 119.17
103.00 119.17
102.17 120.00
102.00 120.17
101.00 120.17
100.17 121.00
100.00 121.17
99.17 122.00
99.00 122.17
98.17 123.00
98.00 123.17
97.17 124.00
97.00 124.17
96.17 125.00
96.00 125.17
95.17 126.00
95.00 126.17
94.17 127.00
94.17 128.00
94.00 128.17
93.17 129.00
93.00 129.17
92.17 130.00
92.00 130.17
91.17 131.00
91.17 132.00
91.00 132.17
90.17 133.00
90.00 133.17
89.17 134.00
89.17 135.00
89.00 135.17
88.17 136.00
88.00 136.17
87.17 137.00
87.17 138.00
87.00 138.17
86.17 139.00
86.17 140.00
86.00 140.17
85.17 141.00
85.17 142.00
85.17 143.00
85.00 143.17
84.17 144.00
84.17 145.00
84.17 146.00
84.17 147.00
84.17 148.00
84.17 149.00
84.17 150.00
85.00 150.83
85.17 151.00
85.17 152.00
85.17 153.00
85.17 154.00
85.17 155.00
86.00 155.83
86.17 156.00
86.17 157.00
87.00 157.83
87.17 158.00
87.17 159.00
87.17 160.00
88.00 160.83
88.17 161.00
89.00 161.83
89.17 162.00
89.17 163.00
90.00 163.83
90.17 164.00
91.00 164.83
91.17 165.00
92.00 165.83
92.17 166.00
92.17 167.00
93.00 167.83
93.17 168.00
93.17 169.00
94.00 169.83
94.17 170.00
94.17 171.00
95.00 171.83
95.17 172.00
96.00 172.83
96.17 173.00
96.17 174.00
97.00 174.83
97.17 175.00
98.00 175.83
98.17 176.00
99.00 176.83
99.17 177.00
99.17 178.00
100.00 178.83
100.17 179.00
101.00 179.83
101.17 180.00
102.00 180.83
102.17 181.00
103.00 181.83
103.17 182.00
104.00 182.83
104.17 183.00
105.00 183.83
106.00 183.83
106.17 184.00
107.00 184.83
107.17 185.00
108.00 185.83
108.17 186.00
109.00 186.83
110.00 186.83
111.00 186.83
111.17 187.00
112.00 187.83
113.00 187.83
113.17 188.00
114.00 188.83
115.00 188.83
116.00 188.83
117.00 188.83
117.17 189.00
118.00 189.83
119.00 189.83
120.00 189.83
121.00 189.83
121.17 190.00
122.00 190.83
123.00 190.83
124.00 190.83
125.00 190.83
126.00 190.83
127.00 190.83
128.00 190.83
129.00 190.83
130.00 190.83
131.00 190.83
132.00 190.83
133.00 190.83
134.00 190.83
134.83 190.00
135.00 189.83
136.00 189.83
137.00 189.83
138.00 189.83
139.00 189.83
139.83 189.00
140.00 188.83
141.00 188.83
142.00 188.83
143.00 188.83
143.83 188.00
144.00 187.83
145.00 187.83
145.83 187.00
146.00 186.83
147.00 186.83
148.00 186.83
148.83 186.00
149.00 185.83
149.83 185.00
150.00 184.83
151.00 184.83
151.83 184.00
152.00 183.83
152.83 183.00
153.00 182.83
153.83 182.00
154.00 181.83
155.00 181.83
155.83 181.00
156.00 180.83
156.83 180.00
157.00 179.83
157.83 179.00
158.00 178.83
158.83 178.00
159.00 177.83
159.83 177.00
160.00 176.83
160.83 176.00
161.00 175.83
161.83 175.00
162.00 174.83
162.83 174.00
163.00 173.83
163.83 173.00
163.83 172.00
164.00 171.83
164.83 171.00
164.83 170.00
165.00 169.83
165.83 169.00
165.83 168.00
166.00 167.83
166.83 167.00
166.83 166.00
167.00 165.83
167.83 165.00
167.83 164.00
167.83 163.00
168.00 162.83
168.83 162.00
168.83 161.00
168.83 160.00
168.83 159.00
168.83 158.00
168.83 157.00
169.00 156.83
169.83 156.00

Contour 3:
205.88 821.00
205.88 820.00
205.88 819.00
205.88 818.00
205.88 817.00
205.88 816.00
205.00 815.12
204.88 815.00
204.88 814.00
204.88 813.00
204.00 812.12
203.88 812.00
203.88 811.00
203.88 810.00
203.00 809.12
202.88 809.00
202.88 808.00
202.00 807.12
201.88 807.00
201.00 806.12
200.88 806.00
200.00 805.12
199.88 805.00
199.88 804.00
199.00 803.12
198.88 803.00
198.00 802.12
197.88 802.00
197.88 801.00
197.00 800.12
196.88 800.00
196.00 799.12
195.88 799.00
195.00 798.12
194.00 798.12
193.88 798.00
193.00 797.12
192.88 797.00
192.00 796.12
191.88 796.00
191.00 795.12
190.88 795.00
190.00 794.12
189.88 794.00
189.00 793.12
188.00 793.12
187.88 793.00
187.00 792.12
186.88 792.00
186.00 791.12
185.00 791.12
184.88 791.00
184.00 790.12
183.00 790.12
182.88 790.00
182.00 789.12
181.00 789.12
180.88 789.00
180.00 788.12
179.00 788.12
178.00 788.12
177.88 788.00
177.00 787.12
176.00 787.12
175.00 787.12
174.00 787.12
173.88 787.00
173.00 786.12
172.00 786.12
171.00 786.12
170.00 786.12
169.00 786.12
168.00 786.12
167.00 786.12
166.00 786.12
165.12 787.00
165.00 787.12
164.00 787.12
163.00 787.12
162.12 788.00
162.00 788.12
161.00 788.12
160.00 788.12
159.12 789.00
159.00 789.12
158.00 789.12
157.12 790.00
157.00 790.12
156.00 790.12
155.12 791.00
155.00 791.12
154.00 791.12
153.12 792.00
153.00 792.12
152.12 793.00
152.00 793.12
151.00 793.12
150.12 794.00
150.00 794.12
149.12 795.00
149.00 795.12
148.12 796.00
148.12 797.00
148.00 797.12
147.12 798.00
147.00 798.12
146.12 799.00
146.12 800.00
146.00 800.12
145.12 801.00
145.12 802.00
145.00 802.12
144.12 803.00
144.12 804.00
144.12 805.00
144.12 806.00
144.12 807.00
144.12 808.00
144.00 808.12
143.12 809.00
143.12 810.00
143.12 811.00
143.12 812.00
143.12 813.00
143.12 814.00
143.12 815.00
143.12 816.00
143.12 817.00
144.00 817.88
144.12 818.00
144.12 819.00
144.12 820.00
144.12 821.00
144.12 822.00
144.12 823.00
144.12 824.00
144.12 825.00
144.12 826.00
144.12 827.00
144.12 828.00
145.00 828.88
145.12 829.00
145.12 830.00
145.12 831.00
146.00 831.88
146.12 832.00
146.12 833.00
147.00 833.88
147.12 834.00
147.12 835.00
148.00 835.88
148.12 836.00
148.12 837.00
149.00 837.88
149.12 838.00
149.12 839.00
150.00 839.88
150.12 840.00
150.12 841.00
151.00 841.88
151.12 842.00
152.00 842.88
152.12 843.00
153.00 843.88
153.12 844.00
153.12 845.00
154.00 845.88
154.12 846.00
155.00 846.88
155.12 847.00
156.00 847.88
156.12 848.00
157.00 848.88
157.12 849.00
158.00 849.88
159.00 849.88
159.12 850.00
160.00 850.88
160.12 851.00
161.00 851.88
162.00 851.88
162.12 852.00
163.00 852.88
164.00 852.88
164.12 853.00
165.00 853.88
166.00 853.88
166.12 854.00
167.00 854.88
168.00 854.88
168.12 855.00
169.00 855.88
170.00 855.88
171.00 855.88
172.00 855.88
173.00 855.88
173.12 856.00
174.00 856.88
175.00 856.88
175.88 856.00
176.00 855.88
177.00 855.88
178.00 855.88
179.00 855.88
180.00 855.88
181.00 855.88
182.00 855.88
183.00 855.88
183.88 855.00
184.00 854.88
185.00 854.88
186.00 854.88
186.88 854.00
187.00 853.88
188.00 853.88
188.88 853.00
189.00 852.88
189.88 852.00
190.00 851.88
191.00 851.88
191.88 851.00
192.00 850.88
192.88 850.00
193.00 849.88
193.88 849.00
194.00 848.88
194.88 848.00
195.00 847.88
195.88 847.00
196.00 846.88
196.88 846.00
197.00 845.88
197.88 845.00
197.88 844.00
198.00 843.88
198.88 843.00
199.00 842.88
199.88 842.00
199.88 841.00
200.00 840.88
200.88 840.00
201.00 839.88
201.88 839.00
201.88 838.00
202.00 837.88
202.88 837.00
202.88 836.00
202.88 835.00
203.00 834.88
203.88 834.00
203.88 833.00
203.88 832.00
203.88 831.00
204.00 830.88
204.88 830.00
204.88 829.00
204.88 828.00
204.88 827.00
204.88 826.00
204.88 825.00
204.88 824.00
204.88 823.00
204.88 822.00
205.00 821.88
205.88 821.00

Contour 4:
305.90 405.00
305.90 404.00
305.90 403.00
305.90 402.00
305.90 401.00
305.90 400.00
305.90 399.00
305.90 398.00
305.90 397.00
305.90 396.00
305.90 395.00
305.90 394.00
305.90 393.00
305.90 392.00
305.90 391.00
305.90 390.00
305.90 389.00
305.90 388.00
305.90 387.00
305.90 386.00
305.00 385.10
304.90 385.00
304.90 384.00
304.90 383.00
304.00 382.10
303.90 382.00
303.90 381.00
303.00 380.10
302.90 380.00
302.90 379.00
302.00 378.10
301.90 378.00
301.00 377.10
300.90 377.00
300.90 376.00
300.00 375.10
299.90 375.00
299.00 374.10
298.90 374.00
298.00 373.10
297.90 373.00
297.00 372.10
296.90 372.00
296.00 371.10
295.90 371.00
295.00 370.10
294.90 370.00
294.00 369.10
293.90 369.00
293.00 368.10
292.00 368.10
291.90 368.00
291.00 367.10
290.00 367.10
289.90 367.00
289.00 366.10
288.00 366.10
287.00 366.10
286.90 366.00
286.00 365.10
285.00 365.10
284.90 365.00
284.00 364.10
283.00 364.10
282.00 364.10
281.00 364.10
280.90 364.00
280.00 363.10
279.00 363.10
278.00 363.10
277.00 363.10
276.00 363.10
275.00 363.10
274.10 364.00
274.00 364.10
273.00 364.10
272.00 364.10
271.00 364.10
270.00 364.10
269.10 365.00
269.00 365.10
268.00 365.10
267.00 365.10
266.00 365.10
265.10 366.00
265.00 366.10
264.00 366.10
263.00 366.10
262.10 367.00
262.00 367.10
261.00 367.10
260.00 367.10
259.10 368.00
259.00 368.10
258.10 369.00
258.00 369.10
257.10 370.00
257.00 370.10
256.10 371.00
256.00 371.10
255.00 371.10
254.10 372.00
254.00 372.10
253.10 373.00
253.00 373.10
252.10 374.00
252.00 374.10
251.10 375.00
251.00 375.10
250.10 376.00
250.00 376.10
249.10 377.00
249.00 377.10
248.10 378.00
248.00 378.10
247.10 379.00
247.10 380.00
247.00 380.10
246.10 381.00
246.00 381.10
245.10 382.00
245.10 383.00
245.00 383.10
244.10 384.00
244.00 384.10
243.10 385.00
243.10 386.00
243.00 386.10
242.10 387.00
242.10 388.00
242.10 389.00
242.10 390.00
242.00 390.10
241.10 391.00
241.10 392.00
241.10 393.00
241.00 393.10
240.10 394.00
240.10 395.00
240.10 396.00
240.10 397.00
240.10 398.00
240.10 399.00
240.10 400.00
240.10 401.00
240.10 402.00
240.10 403.00
240.10 404.00
240.10 405.00
240.10 406.00
241.00 406.90
241.10 407.00
241.10 408.00
241.10 409.00
241.10 410.00
242.00 410.90
242.10 411.00
242.10 412.00
242.10 413.00
243.00 413.90
243.10 414.00
243.10 415.00
244.00 415.90
244.10 416.00
244.10 417.00
245.00 417.90
245.10 418.00
245.10 419.00
246.00 419.90
246.10 420.00
247.00 420.90
247.10 421.00
248.00 421.90
248.10 422.00
249.00 422.90
249.10 423.00
250.00 423.90
250.10 424.00
251.00 424.90
251.10 425.00
252.00 425.90
252.10 426.00
253.00 426.90
253.10 427.00
254.00 427.90
255.00 427.90
255.10 428.00
256.00 428.90
256.10 429.00
257.00 429.90
258.00 429.90
258.10 430.00
259.00 430.90
260.00 430.90
260.10 431.00
261.00 431.90
262.00 431.90
262.10 432.00
263.00 432.90
264.00 432.90
265.00 432.90
265.10 433.00
266.00 433.90
267.00 433.90
268.00 433.90
268.10 434.00
269.00 434.90
270.00 434.90
271.00 434.90
272.00 434.90
273.00 434.90
273.10 435.00
274.00 435.90
275.00 435.90
276.00 435.90
277.00 435.90
278.00 435.90
279.00 435.90
280.00 435.90
281.00 435.90
282.00 435.90
283.00 435.90
284.00 435.90
285.00 435.90
286.00 435.90
286.90 435.00
287.00 434.90
288.00 434.90
288.90 434.00
289.00 433.90
290.00 433.90
290.90 433.00
291.00 432.90
292.00 432.90
292.90 432.00
293.00 431.90
293.90 431.00
294.00 430.90
294.90 430.00
295.00 429.90
295.90 429.00
295.90 428.00
296.00 427.90
296.90 427.00
296.90 426.00
297.00 425.90
297.90 425.00
298.00 424.90
298.90 424.00
298.90 423.00
298.90 422.00
299.00 421.90
299.90 421.00
299.90 420.00
300.00 419.90
300.90 419.00
300.90 418.00
301.00 417.90
301.90 417.00
301.90 416.00
301.90 415.00
302.00 414.90
302.90 414.00
302.90 413.00
302.90 412.00
303.00 411.90
303.90 411.00
303.90 410.00
303.90 409.00
304.00 408.90
304.90 408.00
304.90 407.00
304.90 406.00
305.00 405.90
305.90 405.00

Contour 5:
340.92 517.00
340.92 516.00
340.92 515.00
340.92 514.00
340.92 513.00
340.92 512.00
340.92 511.00
340.92 510.00
340.92 509.00
340.92 508.00
340.92 507.00
340.92 506.00
340.00 505.08
339.92 505.00
339.92 504.00
339.92 503.00
339.92 502.00
339.00 501.08
338.92 501.00
338.92 500.00
338.00 499.08
337.92 499.00
337.92 498.00
337.00 497.08
336.92 497.00
336.00 496.08
335.92 496.00
335.92 495.00
335.00 494.08
334.92 494.00
334.00 493.08
333.92 493.00
333.00 492.08
332.00 492.08
331.92 492.00
331.00 491.08
330.92 491.00
330.00 490.08
329.00 490.08
328.92 490.00
328.00 489.08
327.00 489.08
326.92 489.00
326.00 488.08
325.00 488.08
324.92 488.00
324.00 487.08
323.00 487.08
322.00 487.08
321.00 487.08
320.92 487.00
320.00 486.08
319.00 486.08
318.00 486.08
317.00 486.08
316.00 486.08
315.92 486.00
315.00 485.08
314.00 485.08
313.00 485.08
312.00 485.08
311.00 485.08
310.00 485.08
309.00 485.08
308.00 485.08
307.00 485.08
306.00 485.08
305.00 485.08
304.00 485.08
303.00 485.08
302.00 485.08
301.00 485.08
300.00 485.08
299.00 485.08
298.08 486.00
298.00 486.08
297.00 486.08
296.00 486.08
295.00 486.08
294.00 486.08
293.00 486.08
292.00 486.08
291.08 487.00
291.00 487.08
290.00 487.08
289.00 487.08
288.00 487.08
287.08 488.00
287.00 488.08
286.00 488.08
285.08 489.00
285.00 489.08
284.00 489.08
283.08 490.00
283.00 490.08
282.08 491.00
282.00 491.08
281.08 492.00
281.00 492.08
280.08 493.00
280.00 493.08
279.08 494.00
279.00 494.08
278.08 495.00
278.00 495.08
277.08 496.00
277.08 497.00
277.08 498.00
277.00 498.08
276.08 499.00
276.08 500.00
276.00 500.08
275.08 501.00
275.08 502.00
275.08 503.00
275.08 504.00
275.08 505.00
275.08 506.00
275.08 507.00
275.08 508.00
275.08 509.00
275.08 510.00
275.08 511.00
275.08 512.00
275.08 513.00
276.00 513.92
276.08 514.00
276.08 515.00
276.08 516.00
277.00 516.92
277.08 517.00
277.08 518.00
278.00 518.92
278.08 519.00
278.08 520.00
279.00 520.92
279.08 521.00
279.08 522.00
280.00 522.92
280.08 523.00
281.00 523.92
281.08 524.00
282.00 524.92
282.08 525.00
282.08 526.00
283.00 526.92
283.08 527.00
284.00 527.92
284.08 528.00
285.00 528.92
285.08 529.00
286.00 529.92
286.08 530.00
287.00 530.92
288.00 530.92
288.08 531.00
289.00 531.92
289.08 532.00
290.00 532.92
290.08 533.00
291.00 533.92
292.00 533.92
292.08 534.00
293.00 534.92
294.00 534.92
294.08 535.00
295.00 535.92
296.00 535.92
297.00 535.92
297.08 536.00
298.00 536.92
299.00 536.92
300.00 536.92
301.00 536.92
301.08 537.00
302.00 537.92
303.00 537.92
304.00 537.92
305.00 537.92
305.08 538.00
306.00 538.92
307.00 538.92
308.00 538.92
309.00 538.92
310.00 538.92
311.00 538.92
312.00 538.92
313.00 538.92
314.00 538.92
315.00 538.92
316.00 538.92
317.00 538.92
318.00 538.92
319.00 538.92
320.00 538.92
321.00 538.92
321.92 538.00
322.00 537.92
323.00 537.92
324.00 537.92
324.92 537.00
325.00 536.92
326.00 536.92
326.92 536.00
327.00 535.92
328.00 535.92
328.92 535.00
329.00 534.92
329.92 534.00
330.00 533.92
330.92 533.00
331.00 532.92
331.92 532.00
332.00 531.92
333.00 531.92
333.92 531.00
334.00 530.92
334.92 530.00
334.92 529.00
335.00 528.92
335.92 528.00
336.00 527.92
336.92 527.00
336.92 526.00
337.00 525.92
337.92 525.00
337.92 524.00
338.00 523.92
338.92 523.00
338.92 522.00
338.92 521.00
339.00 520.92
339.92 520.00
339.92 519.00
339.92 518.00
340.00 517.92
340.92 517.00

Contour 6:
335.07 0.00
335.00 0.07
334.00 0.07
333.00 0.07
332.00 0.07
331.00 0.07
330.07 1.00
330.00 1.07
329.00 1.07
328.00 1.07
327.00 1.07
326.00 1.07
325.00 1.07
324.00 1.07
323.00 1.07
322.00 1.07
321.00 1.07
320.00 1.07
319.00 1.07
318.00 1.07
317.00 1.07
316.00 1.07
315.00 1.07
314.00 1.07
313.00 1.07
312.00 1.07
311.00 1.07
310.00 1.07
309.00 1.07
308.00 1.07
307.93 1.00
307.00 0.07
306.00 0.07
305.00 0.07
304.00 0.07
303.07 1.00
303.00 1.07
302.00 1.07
301.00 1.07
300.00 1.07
299.00 1.07
298.00 1.07
297.07 2.00
297.00 2.07
296.00 2.07
295.00 2.07
294.07 3.00
294.07 4.00
294.00 4.07
293.07 5.00
293.07 6.00
293.00 6.07
292.07 7.00
292.07 8.00
292.00 8.07
291.07 9.00
291.07 10.00
291.07 11.00
291.00 11.07
290.07 12.00
290.07 13.00
290.07 14.00
290.07 15.00
290.07 16.00
290.00 16.07
289.07 17.00
289.07 18.00
289.07 19.00
289.07 20.00
290.00 20.93
290.07 21.00
290.07 22.00
290.07 23.00
290.07 24.00
291.00 24.93
291.07 25.00
291.07 26.00
292.00 26.93
292.07 27.00
292.07 28.00
293.00 28.93
293.07 29.00
294.00 29.93
294.07 30.00
295.00 30.93
295.07 31.00
296.00 31.93
296.07 32.00
297.00 32.93
297.07 33.00
298.00 33.93
298.07 34.00
299.00 34.93
299.07 35.00
300.00 35.93
300.07 36.00
301.00 36.93
302.00 36.93
302.07 37.00
303.00 37.93
304.00 37.93
305.00 37.93
305.07 38.00
306.00 38.93
307.00 38.93
308.00 38.93
309.00 38.93
310.00 38.93
310.07 39.00
311.00 39.93
312.00 39.93
313.00 39.93
314.00 39.93
315.00 39.93
316.00 39.93
316.93 39.00
317.00 38.93
318.00 38.93
319.00 38.93
320.00 38.93
321.00 38.93
321.93 38.00
322.00 37.93
323.00 37.93
323.93 37.00
324.00 36.93
325.00 36.93
326.00 36.93
326.93 36.00
327.00 35.93
328.00 35.93
328.93 35.00
329.00 34.93
330.00 34.93
331.00 34.93
331.93 34.00
332.00 33.93
333.00 33.93
333.93 33.00
334.00 32.93
335.00 32.93
335.93 32.00
336.00 31.93
336.93 31.00
337.00 30.93
337.93 30.00
338.00 29.93
339.00 29.93
339.93 29.00
340.00 28.93
340.93 28.00
341.00 27.93
341.93 27.00
342.00 26.93
342.93 26.00
343.00 25.93
343.93 25.00
344.00 24.93
344.93 24.00
345.00 23.93
345.93 23.00
346.00 22.93
347.00 22.93
347.93 22.00
348.00 21.93
348.93 21.00
349.00 20.93
349.93 20.00
349.93 19.00
350.00 18.93
350.93 18.00
351.00 17.93
351.93 17.00
351.93 16.00
351.93 15.00
352.00 14.93
352.93 14.00
352.93 13.00
352.93 12.00
353.00 11.93
353.93 11.00
353.93 10.00
353.93 9.00
353.93 8.00
353.93 7.00
353.93 6.00
353.93 5.00
353.93 4.00
353.00 3.07
352.93 3.00
352.93 2.00
352.00 1.07
351.00 1.07
350.93 1.00
350.00 0.07
349.00 0.07
348.93 0.00

Contour 7:
345.07 0.00
345.00 0.07
344.00 0.07
343.00 0.07
342.00 0.07
341.00 0.07
340.00 0.07
339.93 0.00

Contour 8:
440.94 159.00
440.94 158.00
440.94 157.00
440.94 156.00
440.94 155.00
440.94 154.00
440.94 153.00
440.94 152.00
440.94 151.00
440.94 150.00
440.00 149.06
439.94 149.00
439.94 148.00
439.94 147.00
439.00 146.06
438.94 146.00
438.94 145.00
438.94 144.00
438.00 143.06
437.94 143.00
437.94 142.00
437.94 141.00
437.00 140.06
436.94 140.00
436.94 139.00
436.00 138.06
435.94 138.00
435.94 137.00
435.00 136.06
434.94 136.00
434.00 135.06
433.94 135.00
433.00 134.06
432.94 134.00
432.94 133.00
432.00 132.06
431.94 132.00
431.00 131.06
430.94 131.00
430.00 130.06
429.94 130.00
429.00 129.06
428.94 129.00
428.00 128.06
427.94 128.00
427.00 127.06
426.00 127.06
425.94 127.00
425.00 126.06
424.94 126.00
424.00 125.06
423.00 125.06
422.94 125.00
422.00 124.06
421.00 124.06
420.94 124.00
420.00 123.06
419.00 123.06
418.00 123.06
417.00 123.06
416.00 123.06
415.94 123.00
415.00 122.06
414.00 122.06
413.00 122.06
412.00 122.06
411.00 122.06
410.00 122.06
409.00 122.06
408.00 122.06
407.00 122.06
406.00 122.06
405.00 122.06
404.06 123.00
404.00 123.06
403.00 123.06
402.00 123.06
401.00 123.06
400.00 123.06
399.06 124.00
399.00 124.06
398.00 124.06
397.00 124.06
396.06 125.00
396.00 125.06
395.00 125.06
394.00 125.06
393.06 126.00
393.00 126.06
392.00 126.06
391.00 126.06
390.06 127.00
390.00 127.06
389.00 127.06
388.00 127.06
387.06 128.00
387.00 128.06
386.00 128.06
385.06 129.00
385.00 129.06
384.00 129.06
383.06 130.00
383.00 130.06
382.00 130.06
381.06 131.00
381.00 131.06
380.06 132.00
380.00 132.06
379.00 132.06
378.06 133.00
378.00 133.06
377.06 134.00
377.00 134.06
376.00 134.06
375.06 135.00
375.00 135.06
374.06 136.00
374.00 136.06
373.06 137.00
373.00 137.06
372.00 137.06
371.06 138.00
371.00 138.06
370.06 139.00
370.00 139.06
369.06 140.00
369.00 140.06
368.06 141.00
368.00 141.06
367.06 142.00
367.00 142.06
366.06 143.00
366.00 143.06
365.06 144.00
365.00 144.06
364.06 145.00
364.00 145.06
363.06 146.00
363.00 146.06
362.06 147.00
362.00 147.06
361.06 148.00
361.06 149.00
361.00 149.06
360.06 150.00
360.06 151.00
360.00 151.06
359.06 152.00
359.06 153.00
359.06 154.00
359.00 154.06
358.06 155.00
358.06 156.00
358.00 156.06
357.06 157.00
357.06 158.00
357.06 159.00
357.06 160.00
357.06 161.00
357.00 161.06
356.06 162.00
356.06 163.00
356.06 164.00
356.06 165.00
356.06 166.00
356.06 167.00
356.06 168.00
356.06 169.00
356.06 170.00
356.06 171.00
356.06 172.00
356.06 173.00
357.00 173.94
357.06 174.00
357.06 175.00
357.06 176.00
358.00 176.94
358.06 177.00
358.06 178.00
359.00 178.94
360.00 178.94
360.06 179.00
361.00 179.94
361.06 180.00
362.00 180.94
362.06 181.00
362.06 182.00
363.00 182.94
363.06 183.00
364.00 183.94
364.06 184.00
364.06 185.00
365.00 185.94
365.06 186.00
366.00 186.94
367.00 186.94
367.06 187.00
368.00 187.94
368.06 188.00
369.00 188.94
369.06 189.00
370.00 189.94
371.00 189.94
372.00 189.94
372.06 190.00
373.00 190.94
374.00 190.94
375.00 190.94
376.00 190.94
376.06 191.00
377.00 191.94
378.00 191.94
378.06 192.00
379.00 192.94
380.00 192.94
380.06 193.00
381.00 193.94
382.00 193.94
382.06 194.00
383.00 194.94
384.00 194.94
384.06 195.00
385.00 195.94
386.00 195.94
387.00 195.94
388.00 195.94
389.00 195.94
389.06 196.00
390.00 196.94
391.00 196.94
392.00 196.94
393.00 196.94
394.00 196.94
395.00 196.94
395.94 196.00
396.00 195.94
397.00 195.94
398.00 195.94
399.00 195.94
399.94 195.00
400.00 194.94
401.00 194.94
402.00 194.94
402.94 194.00
403.00 193.94
404.00 193.94
404.94 193.00
405.00 192.94
406.00 192.94
407.00 192.94
407.94 192.00
408.00 191.94
408.94 191.00
409.00 190.94
410.00 190.94
410.94 190.00
411.00 189.94
411.94 189.00
412.00 188.94
413.00 188.94
413.94 188.00
414.00 187.94
415.00 187.94
415.94 187.00
416.00 186.94
417.00 186.94
417.94 186.00
418.00 185.94
418.94 185.00
419.00 184.94
420.00 184.94
420.94 184.00
421.00 183.94
421.94 183.00
422.00 182.94
423.00 182.94
423.94 182.00
424.00 181.94
424.94 181.00
425.00 180.94
426.00 180.94
426.94 180.00
427.00 179.94
428.00 179.94
428.94 179.00
429.00 178.94
429.94 178.00
430.00 177.94
430.94 177.00
431.00 176.94
431.94 176.00
431.94 175.00
432.00 174.94
432.94 174.00
433.00 173.94
433.94 173.00
434.00 172.94
434.94 172.00
434.94 171.00
435.00 170.94
435.94 170.00
436.00 169.94
436.94 169.00
436.94 168.00
437.00 167.94
437.94 167.00
438.00 166.94
438.94 166.00
438.94 165.00
438.94 164.00
439.00 163.94
439.94 163.00
439.94 162.00
439.94 161.00
439.94 160.00
440.00 159.94
440.94 159.00

Contour 9:
429.94 373.00
429.94 372.00
429.94 371.00
429.94 370.00
429.94 369.00
429.94 368.00
429.94 367.00
429.94 366.00
429.94 365.00
429.94 364.00
429.00 363.06
428.94 363.00
428.94 362.00
428.94 361.00
428.00 360.06
427.94 360.00
427.94 359.00
427.00 358.06
426.94 358.00
426.94 357.00
426.94 356.00
426.00 355.06
425.94 355.00
425.94 354.00
425.00 353.06
424.94 353.00
424.94 352.00
424.00 351.06
423.94 351.00
423.94 350.00
423.00 349.06
422.94 349.00
422.00 348.06
421.94 348.00
421.00 347.06
420.94 347.00
420.00 346.06
419.94 346.00
419.00 345.06
418.94 345.00
418.00 344.06
417.94 344.00
417.00 343.06
416.94 343.00
416.00 342.06
415.94 342.00
415.00 341.06
414.94 341.00
414.00 340.06
413.94 340.00
413.00 339.06
412.94 339.00
412.00 338.06
411.00 338.06
410.94 338.00
410.00 337.06
409.00 337.06
408.94 337.00
408.00 336.06
407.00 336.06
406.94 336.00
406.00 335.06
405.00 335.06
404.94 335.00
404.00 334.06
403.00 334.06
402.00 334.06
401.00 334.06
400.00 334.06
399.00 334.06
398.94 334.00
398.00 333.06
397.00 333.06
396.06 334.00
396.00 334.06
395.00 334.06
394.00 334.06
393.00 334.06
392.00 334.06
391.00 334.06
390.00 334.06
389.06 335.00
389.00 335.06
388.00 335.06
387.00 335.06
386.00 335.06
385.06 336.00
385.00 336.06
384.00 336.06
383.06 337.00
383.00 337.06
382.00 337.06
381.06 338.00
381.00 338.06
380.06 339.00
380.00 339.06
379.06 340.00
379.00 340.06
378.06 341.00
378.00 341.06
377.06 342.00
377.00 342.06
376.06 343.00
376.00 343.06
375.06 344.00
375.00 344.06
374.06 345.00
374.00 345.06
373.06 346.00
373.06 347.00
373.00 347.06
372.06 348.00
372.06 349.00
372.06 350.00
372.00 350.06
371.06 351.00
371.06 352.00
371.00 352.06
370.06 353.00
370.06 354.00
370.06 355.00
370.06 356.00
370.06 357.00
370.00 357.06
369.06 358.00
369.06 359.00
369.06 360.00
369.06 361.00
369.06 362.00
369.06 363.00
369.06 364.00
369.06 365.00
369.06 366.00
369.06 367.00
369.06 368.00
370.00 368.94
370.06 369.00
370.06 370.00
370.06 371.00
371.00 371.94
371.06 372.00
371.06 373.00
372.00 373.94
372.06 374.00
372.06 375.00
372.06 376.00
373.00 376.94
373.06 377.00
373.06 378.00
374.00 378.94
374.06 379.00
374.06 380.00
374.06 381.00
375.00 381.94
375.06 382.00
375.06 383.00
376.00 383.94
376.06 384.00
376.06 385.00
377.00 385.94
377.06 386.00
377.06 387.00
377.06 388.00
378.00 388.94
378.06 389.00
379.00 389.94
379.06 390.00
379.06 391.00
380.00 391.94
380.06 392.00
381.00 392.94
381.06 393.00
382.00 393.94
382.06 394.00
383.00 394.94
383.06 395.00
384.00 395.94
384.06 396.00
385.00 396.94
386.00 396.94
387.00 396.94
387.06 397.00
388.00 397.94
389.00 397.94
390.00 397.94
391.00 397.94
392.00 397.94
393.00 397.94
393.06 398.00
394.00 398.94
395.00 398.94
396.00 398.94
397.00 398.94
398.00 398.94
399.00 398.94
400.00 398.94
401.00 398.94
402.00 398.94
403.00 398.94
404.00 398.94
405.00 398.94
405.94 398.00
406.00 397.94
407.00 397.94
407.94 397.00
408.00 396.94
409.00 396.94
409.94 396.00
410.00 395.94
411.00 395.94
411.94 395.00
412.00 394.94
413.00 394.94
413.94 394.00
414.00 393.94
414.94 393.00
415.00 392.94
416.00 392.94
416.94 392.00
417.00 391.94
417.94 391.00
418.00 390.94
418.94 390.00
419.00 389.94
419.94 389.00
420.00 388.94
420.94 388.00
421.00 387.94
421.94 387.00
422.00 386.94
422.94 386.00
423.00 385.94
423.94 385.00
424.00 384.94
424.94 384.00
425.00 383.94
425.94 383.00
425.94 382.00
426.00 381.94
426.94 381.00
426.94 380.00
427.00 379.94
427.94 379.00
427.94 378.00
427.94 377.00
428.00 376.94
428.94 376.00
428.94 375.00
428.94 374.00
429.00 373.94
429.94 373.00

Contour 10:
479.95 241.00
479.95 240.00
479.95 239.00
479.95 238.00
479.95 237.00
479.95 236.00
479.95 235.00
479.95 234.00
479.95 233.00
479.95 232.00
479.95 231.00
479.00 230.05
478.95 230.00
478.95 229.00
478.95 228.00
478.95 227.00
478.95 226.00
478.00 225.05
477.95 225.00
477.95 224.00
477.95 223.00
477.00 222.05
476.95 222.00
476.95 221.00
476.00 220.05
475.95 220.00
475.00 219.05
474.95 219.00
474.95 218.00
474.00 217.05
473.95 217.00
473.00 216.05
472.95 216.00
472.00 215.05
471.95 215.00
471.00 214.05
470.95 214.00
470.00 213.05
469.95 213.00
469.00 212.05
468.95 212.00
468.00 211.05
467.95 211.00
467.00 210.05
466.00 210.05
465.95 210.00
465.00 209.05
464.00 209.05
463.95 209.00
463.00 208.05
462.00 208.05
461.95 208.00
461.00 207.05
460.00 207.05
459.00 207.05
458.95 207.00
458.00 206.05
457.00 206.05
456.00 206.05
455.00 206.05
454.00 206.05
453.00 206.05
452.00 206.05
451.00 206.05
450.00 206.05
449.00 206.05
448.00 206.05
447.00 206.05
446.00 206.05
445.00 206.05
444.00 206.05
443.00 206.05
442.00 206.05
441.00 206.05
440.00 206.05
439.00 206.05
438.00 206.05
437.00 206.05
436.05 207.00
436.00 207.05
435.00 207.05
434.00 207.05
433.05 208.00
433.00 208.05
432.00 208.05
431.00 208.05
430.00 208.05
429.05 209.00
429.00 209.05
428.00 209.05
427.00 209.05
426.00 209.05
425.05 210.00
425.00 210.05
424.00 210.05
423.05 211.00
423.00 211.05
422.00 211.05
421.05 212.00
421.00 212.05
420.05 213.00
420.00 213.05
419.00 213.05
418.05 214.00
418.00 214.05
417.05 215.00
417.00 215.05
416.00 215.05
415.05 216.00
415.00 216.05
414.00 216.05
413.05 217.00
413.00 217.05
412.05 218.00
412.00 218.05
411.05 219.00
411.00 219.05
410.05 220.00
410.00 220.05
409.00 220.05
408.05 221.00
408.00 221.05
407.05 222.00
407.00 222.05
406.05 223.00
406.00 223.05
405.05 224.00
405.00 224.05
404.05 225.00
404.05 226.00
404.00 226.05
403.05 227.00
403.00 227.05
402.05 228.00
402.00 228.05
401.05 229.00
401.00 229.05
400.05 230.00
400.05 231.00
400.00 231.05
399.05 232.00
399.00 232.05
398.05 233.00
398.05 234.00
398.00 234.05
397.05 235.00
397.00 235.05
396.05 236.00
396.05 237.00
396.00 237.05
395.05 238.00
395.00 238.05
394.05 239.00
394.05 240.00
394.00 240.05
393.05 241.00
393.05 242.00
393.05 243.00
393.05 244.00
393.00 244.05
392.05 245.00
392.05 246.00
392.05 247.00
392.00 247.05
391.05 248.00
391.05 249.00
391.05 250.00
391.05 251.00
391.05 252.00
391.05 253.00
391.05 254.00
391.05 255.00
391.05 256.00
391.05 257.00
391.05 258.00
391.05 259.00
391.05 260.00
391.05 261.00
392.00 261.95
392.05 262.00
392.05 263.00
392.05 264.00
392.05 265.00
393.00 265.95
393.05 266.00
393.05 267.00
394.00 267.95
394.05 268.00
394.05 269.00
395.00 269.95
395.05 270.00
396.00 270.95
396.05 271.00
397.00 271.95
397.05 272.00
398.00 272.95
398.05 273.00
399.00 273.95
399.05 274.00
400.00 274.95
400.05 275.00
401.00 275.95
401.05 276.00
402.00 276.95
403.00 276.95
403.05 277.00
404.00 277.95
404.05 278.00
405.00 278.95
406.00 278.95
406.05 279.00
407.00 279.95
408.00 279.95
408.05 280.00
409.00 280.95
410.00 280.95
410.05 281.00
411.00 281.95
412.00 281.95
413.00 281.95
413.05 282.00
414.00 282.95
415.00 282.95
416.00 282.95
417.00 282.95
417.05 283.00
418.00 283.95
419.00 283.95
420.00 283.95
421.00 283.95
422.00 283.95
423.00 283.95
424.00 283.95
425.00 283.95
426.00 283.95
427.00 283.95
428.00 283.95
429.00 283.95
430.00 283.95
431.00 283.95
432.00 283.95
433.00 283.95
434.00 283.95
435.00 283.95
435.95 283.00
436.00 282.95
437.00 282.95
438.00 282.95
439.00 282.95
440.00 282.95
440.95 282.00
441.00 281.95
442.00 281.95
443.00 281.95
443.95 281.00
444.00 280.95
445.00 280.95
445.95 280.00
446.00 279.95
447.00 279.95
447.95 279.00
448.00 278.95
449.00 278.95
449.95 278.00
450.00 277.95
450.95 277.00
451.00 276.95
452.00 276.95
452.95 276.00
453.00 275.95
454.00 275.95
454.95 275.00
455.00 274.95
456.00 274.95
456.95 274.00
457.00 273.95
457.95 273.00
458.00 272.95
459.00 272.95
459.95 272.00
460.00 271.95
460.95 271.00
461.00 270.95
461.95 270.00
462.00 269.95
462.95 269.00
463.00 268.95
463.95 268.00
464.00 267.95
464.95 267.00
465.00 266.95
465.95 266.00
466.00 265.95
466.95 265.00
467.00 264.95
467.95 264.00
468.00 263.95
468.95 263.00
469.00 262.95
469.95 262.00
470.00 261.95
470.95 261.00
471.00 260.95
471.95 260.00
472.00 259.95
472.95 259.00
473.00 258.95
473.95 258.00
473.95 257.00
474.00 256.95
474.95 256.00
475.00 255.95
475.95 255.00
475.95 254.00
476.00 253.95
476.95 253.00
476.95 252.00
477.00 251.95
477.95 251.00
477.95 250.00
477.95 249.00
477.95 248.00
478.00 247.95
478.95 247.00
478.95 246.00
478.95 245.00
478.95 244.00
478.95 243.00
478.95 242.00
479.00 241.95
479.95 241.00

Contour 11:
472.95 489.00
472.95 488.00
472.95 487.00
472.95 486.00
472.95 485.00
472.95 484.00
472.95 483.00
472.95 482.00
472.95 481.00
472.95 480.00
472.95 479.00
472.95 478.00
472.95 477.00
472.00 476.05
471.95 476.00
471.95 475.00
471.00 474.05
470.95 474.00
470.95 473.00
470.00 472.05
469.95 472.00
469.00 471.05
468.95 471.00
468.00 470.05
467.95 470.00
467.00 469.05
466.95 469.00
466.00 468.05
465.95 468.00
465.00 467.05
464.95 467.00
464.00 466.05
463.00 466.05
462.95 466.00
462.00 465.05
461.95 465.00
461.00 464.05
460.95 464.00
460.00 463.05
459.00 463.05
458.95 463.00
458.00 462.05
457.95 462.00
457.00 461.05
456.00 461.05
455.95 461.00
455.00 460.05
454.95 460.00
454.00 459.05
453.00 459.05
452.95 459.00
452.00 458.05
451.00 458.05
450.95 458.00
450.00 457.05
449.00 457.05
448.95 457.00
448.00 456.05
447.95 456.00
447.00 455.05
446.00 455.05
445.95 455.00
445.00 454.05
444.95 454.00
444.00 453.05
443.00 453.05
442.95 453.00
442.00 452.05
441.00 452.05
440.95 452.00
440.00 451.05
439.95 451.00
439.00 450.05
438.00 450.05
437.00 450.05
436.95 450.00
436.00 449.05
435.00 449.05
434.00 449.05
433.00 449.05
432.95 449.00
432.00 448.05
431.00 448.05
430.00 448.05
429.00 448.05
428.95 448.00
428.00 447.05
427.00 447.05
426.00 447.05
425.00 447.05
424.00 447.05
423.00 447.05
422.05 448.00
422.00 448.05
421.00 448.05
420.05 449.00
420.00 449.05
419.00 449.05
418.05 450.00
418.00 450.05
417.00 450.05
416.05 451.00
416.00 451.05
415.05 452.00
415.00 452.05
414.05 453.00
414.00 453.05
413.05 454.00
413.00 454.05
412.05 455.00
412.00 455.05
411.05 456.00
411.05 457.00
411.00 457.05
410.05 458.00
410.00 458.05
409.05 459.00
409.05 460.00
409.00 460.05
408.05 461.00
408.05 462.00
408.00 462.05
407.05 463.00
407.05 464.00
407.05 465.00
407.00 465.05
406.05 466.00
406.05 467.00
406.05 468.00
406.00 468.05
405.05 469.00
405.05 470.00
405.05 471.00
405.05 472.00
405.05 473.00
405.05 474.00
405.05 475.00
405.00 475.05
404.05 476.00
404.05 477.00
404.05 478.00
404.05 479.00
404.05 480.00
404.05 481.00
405.00 481.95
405.05 482.00
405.05 483.00
405.05 484.00
405.05 485.00
405.05 486.00
406.00 486.95
406.05 487.00
406.05 488.00
407.00 488.95
407.05 489.00
407.05 490.00
408.00 490.95
408.05 491.00
409.00 491.95
409.05 492.00
410.00 492.95
410.05 493.00
411.00 493.95
412.00 493.95
412.05 494.00
413.00 494.95
413.05 495.00
414.00 495.95
414.05 496.00
415.00 496.95
416.00 496.95
416.05 497.00
417.00 497.95
417.05 498.00
418.00 498.95
418.05 499.00
419.00 499.95
420.00 499.95
420.05 500.00
421.00 500.95
421.05 501.00
422.00 501.95
422.05 502.00
423.00 502.95
423.05 503.00
424.00 503.95
425.00 503.95
425.05 504.00
426.00 504.95
427.00 504.95
427.05 505.00
428.00 505.95
429.00 505.95
429.05 506.00
430.00 506.95
431.00 506.95
432.00 506.95
432.05 507.00
433.00 507.95
434.00 507.95
435.00 507.95
435.05 508.00
436.00 508.95
437.00 508.95
438.00 508.95
439.00 508.95
439.05 509.00
440.00 509.95
441.00 509.95
442.00 509.95
443.00 509.95
444.00 509.95
445.00 509.95
446.00 509.95
447.00 509.95
448.00 509.95
449.00 509.95
450.00 509.95
451.00 509.95
452.00 509.95
453.00 509.95
454.00 509.95
454.95 509.00
455.00 508.95
456.00 508.95
456.95 508.00
457.00 507.95
458.00 507.95
458.95 507.00
459.00 506.95
460.00 506.95
460.95 506.00
461.00 505.95
461.95 505.00
462.00 504.95
462.95 504.00
463.00 503.95
463.95 503.00
464.00 502.95
464.95 502.00
465.00 501.95
465.95 501.00
466.00 500.95
466.95 500.00
467.00 499.95
467.95 499.00
467.95 498.00
468.00 497.95
468.95 497.00
469.00 496.95
469.95 496.00
469.95 495.00
470.00 494.95
470.95 494.00
470.95 493.00
471.00 492.95
471.95 492.00
471.95 491.00
471.95 490.00
472.00 489.95
472.95 489.00

Contour 12:
517.96 702.00
517.96 701.00
517.96 700.00
517.96 699.00
517.96 698.00
517.96 697.00
517.96 696.00
517.96 695.00
517.96 694.00
517.00 693.04
516.96 693.00
516.96 692.00
516.96 691.00
516.96 690.00
516.96 689.00
516.96 688.00
516.00 687.04
515.96 687.00
515.96 686.00
515.96 685.00
515.00 684.04
514.96 684.00
514.96 683.00
514.96 682.00
514.00 681.04
513.96 681.00
513.00 680.04
512.96 680.00
512.96 679.00
512.00 678.04
511.96 678.00
511.96 677.00
511.00 676.04
510.96 676.00
510.00 675.04
509.96 675.00
509.00 674.04
508.00 674.04
507.96 674.00
507.00 673.04
506.96 673.00
506.00 672.04
505.00 672.04
504.96 672.00
504.00 671.04
503.96 671.00
503.00 670.04
502.96 670.00
502.00 669.04
501.00 669.04
500.96 669.00
500.00 668.04
499.00 668.04
498.96 668.00
498.00 667.04
497.00 667.04
496.96 667.00
496.00 666.04
495.00 666.04
494.00 666.04
493.96 666.00
493.00 665.04
492.00 665.04
491.00 665.04
490.00 665.04
489.00 665.04
488.00 665.04
487.00 665.04
486.00 665.04
485.00 665.04
484.00 665.04
483.00 665.04
482.04 666.00
482.00 666.04
481.00 666.04
480.00 666.04
479.04 667.00
479.00 667.04
478.00 667.04
477.04 668.00
477.00 668.04
476.00 668.04
475.04 669.00
475.00 669.04
474.00 669.04
473.04 670.00
473.00 670.04
472.00 670.04
471.04 671.00
471.00 671.04
470.00 671.04
469.04 672.00
469.00 672.04
468.00 672.04
467.04 673.00
467.00 673.04
466.04 674.00
466.00 674.04
465.04 675.00
465.00 675.04
464.04 676.00
464.00 676.04
463.04 677.00
463.04 678.00
463.00 678.04
462.04 679.00
462.04 680.00
462.00 680.04
461.04 681.00
461.04 682.00
461.00 682.04
460.04 683.00
460.04 684.00
460.04 685.00
460.00 685.04
459.04 686.00
459.04 687.00
459.00 687.04
458.04 688.00
458.04 689.00
458.04 690.00
458.04 691.00
458.04 692.00
458.04 693.00
458.00 693.04
457.04 694.00
457.04 695.00
457.04 696.00
457.04 697.00
457.04 698.00
457.04 699.00
457.04 700.00
458.00 700.96
458.04 701.00
458.04 702.00
458.04 703.00
458.04 704.00
459.00 704.96
459.04 705.00
459.04 706.00
459.04 707.00
460.00 707.96
460.04 708.00
460.04 709.00
461.00 709.96
461.04 710.00
461.04 711.00
461.04 712.00
462.00 712.96
462.04 713.00
462.04 714.00
462.04 715.00
463.00 715.96
463.04 716.00
463.04 717.00
464.00 717.96
464.04 718.00
465.00 718.96
465.04 719.00
466.00 719.96
466.04 720.00
466.04 721.00
467.00 721.96
467.04 722.00
468.00 722.96
469.00 722.96
469.04 723.00
470.00 723.96
470.04 724.00
471.00 724.96
471.04 725.00
472.00 725.96
473.00 725.96
473.04 726.00
474.00 726.96
474.04 727.00
475.00 727.96
476.00 727.96
476.04 728.00
477.00 728.96
478.00 728.96
478.04 729.00
479.00 729.96
480.00 729.96
480.04 730.00
481.00 730.96
482.00 730.96
483.00 730.96
483.04 731.00
484.00 731.96
485.00 731.96
486.00 731.96
486.04 732.00
487.00 732.96
488.00 732.96
489.00 732.96
490.00 732.96
491.00 732.96
492.00 732.96
493.00 732.96
494.00 732.96
494.96 732.00
495.00 731.96
496.00 731.96
497.00 731.96
498.00 731.96
498.96 731.00
499.00 730.96
500.00 730.96
501.00 730.96
501.96 730.00
502.00 729.96
502.96 729.00
503.00 728.96
504.00 728.96
504.96 728.00
505.00 727.96
505.96 727.00
506.00 726.96
506.96 726.00
507.00 725.96
507.96 725.00
507.96 724.00
508.00 723.96
508.96 723.00
509.00 722.96
509.96 722.00
510.00 721.96
510.96 721.00
510.96 720.00
511.00 719.96
511.96 719.00
512.00 718.96
512.96 718.00
512.96 717.00
512.96 716.00
513.00 715.96
513.96 715.00
513.96 714.00
514.00 713.96
514.96 713.00
514.96 712.00
515.00 711.96
515.96 711.00
515.96 710.00
515.96 709.00
515.96 708.00
516.00 707.96
516.96 707.00
516.96 706.00
516.96 705.00
516.96 704.00
516.96 703.00
517.00 702.96
517.96 702.00

Contour 13:
566.96 471.00
566.96 470.00
566.96 469.00
566.96 468.00
566.96 467.00
566.96 466.00
566.96 465.00
566.96 464.00
566.96 463.00
566.96 462.00
566.96 461.00
566.96 460.00
566.96 459.00
566.96 458.00
566.96 457.00
566.96 456.00
566.96 455.00
566.00 454.04
565.96 454.00
565.96 453.00
565.96 452.00
565.00 451.04
564.96 451.00
564.96 450.00
564.96 449.00
564.00 448.04
563.96 448.00
563.96 447.00
563.00 446.04
562.96 446.00
562.96 445.00
562.00 444.04
561.96 444.00
561.00 443.04
560.96 443.00
560.96 442.00
560.00 441.04
559.96 441.00
559.00 440.04
558.00 440.04
557.96 440.00
557.00 439.04
556.96 439.00
556.00 438.04
555.96 438.00
555.00 437.04
554.00 437.04
553.96 437.00
553.00 436.04
552.96 436.00
552.00 435.04
551.00 435.04
550.96 435.00
550.00 434.04
549.00 434.04
548.96 434.00
548.00 433.04
547.00 433.04
546.96 433.00
546.00 432.04
545.00 432.04
544.00 432.04
543.96 432.00
543.00 431.04
542.00 431.04
541.00 431.04
540.00 431.04
539.00 431.04
538.00 431.04
537.00 431.04
536.00 431.04
535.00 431.04
534.00 431.04
533.00 431.04
532.00 431.04
531.04 432.00
531.00 432.04
530.00 432.04
529.00 432.04
528.04 433.00
528.00 433.04
527.00 433.04
526.00 433.04
525.04 434.00
525.00 434.04
524.00 434.04
523.04 435.00
523.00 435.04
522.00 435.04
521.04 436.00
521.00 436.04
520.00 436.04
519.04 437.00
519.00 437.04
518.04 438.00
518.00 438.04
517.04 439.00
517.00 439.04
516.00 439.04
515.04 440.00
515.00 440.04
514.04 441.00
514.00 441.04
513.04 442.00
513.00 442.04
512.04 443.00
512.00 443.04
511.04 444.00
511.00 444.04
510.04 445.00
510.00 445.04
509.04 446.00
509.00 446.04
508.04 447.00
508.00 447.04
507.04 448.00
507.04 449.00
507.00 449.04
506.04 450.00
506.04 451.00
506.00 451.04
505.04 452.00
505.04 453.00
505.04 454.00
505.00 454.04
504.04 455.00
504.04 456.00
504.04 457.00
504.00 457.04
503.04 458.00
503.04 459.00
503.04 460.00
503.04 461.00
503.04 462.00
503.04 463.00
503.04 464.00
503.04 465.00
503.04 466.00
503.04 467.00
503.04 468.00
503.04 469.00
503.04 470.00
504.00 470.96
504.04 471.00
504.04 472.00
504.04 473.00
504.04 474.00
505.00 474.96
505.04 475.00
505.04 476.00
506.00 476.96
506.04 477.00
507.00 477.96
507.04 478.00
507.04 479.00
508.00 479.96
508.04 480.00
509.00 480.96
509.04 481.00
509.04 482.00
510.00 482.96
510.04 483.00
510.04 484.00
511.00 484.96
511.04 485.00
512.00 485.96
512.04 486.00
513.00 486.96
513.04 487.00
514.00 487.96
514.04 488.00
515.00 488.96
516.00 488.96
516.04 489.00
517.00 489.96
517.04 490.00
518.00 490.96
518.04 491.00
519.00 491.96
520.00 491.96
520.04 492.00
521.00 492.96
522.00 492.96
522.04 493.00
523.00 493.96
523.04 494.00
524.00 494.96
525.00 494.96
526.00 494.96
526.04 495.00
527.00 495.96
528.00 495.96
529.00 495.96
529.04 496.00
530.00 496.96
531.00 496.96
532.00 496.96
533.00 496.96
534.00 496.96
535.00 496.96
536.00 496.96
537.00 496.96
538.00 496.96
539.00 496.96
540.00 496.96
540.96 496.00
541.00 495.96
542.00 495.96
543.00 495.96
544.00 495.96
544.96 495.00
545.00 494.96
546.00 494.96
546.96 494.00
547.00 493.96
548.00 493.96
548.96 493.00
549.00 492.96
550.00 492.96
550.96 492.00
551.00 491.96
551.96 491.00
552.00 490.96
553.00 490.96
553.96 490.00
554.00 489.96
554.96 489.00
555.00 488.96
555.96 488.00
556.00 487.96
557.00 487.96
557.96 487.00
558.00 486.96
558.96 486.00
559.00 485.96
559.96 485.00
559.96 484.00
560.00 483.96
560.96 483.00
561.00 482.96
561.96 482.00
561.96 481.00
562.00 480.96
562.96 480.00
563.00 479.96
563.96 479.00
563.96 478.00
564.00 477.96
564.96 477.00
564.96 476.00
564.96 475.00
565.00 474.96
565.96 474.00
565.96 473.00
565.96 472.00
566.00 471.96
566.96 471.00

Contour 14:
573.96 321.00
573.96 320.00
573.96 319.00
573.96 318.00
573.00 317.04
572.96 317.00
572.96 316.00
572.96 315.00
572.96 314.00
572.96 313.00
572.00 312.04
571.96 312.00
571.96 311.00
571.00 310.04
570.96 310.00
570.96 309.00
570.00 308.04
569.96 308.00
569.96 307.00
569.00 306.04
568.96 306.00
568.00 305.04
567.96 305.00
567.00 304.04
566.96 304.00
566.96 303.00
566.00 302.04
565.96 302.00
565.00 301.04
564.96 301.00
564.00 300.04
563.96 300.00
563.00 299.04
562.96 299.00
562.00 298.04
561.96 298.00
561.00 297.04
560.96 297.00
560.00 296.04
559.96 296.00
559.00 295.04
558.96 295.00
558.00 294.04
557.96 294.00
557.00 293.04
556.96 293.00
556.00 292.04
555.96 292.00
555.00 291.04
554.00 291.04
553.96 291.00
553.00 290.04
552.96 290.00
552.00 289.04
551.00 289.04
550.96 289.00
550.00 288.04
549.00 288.04
548.96 288.00
548.00 287.04
547.00 287.04
546.00 287.04
545.96 287.00
545.00 286.04
544.00 286.04
543.00 286.04
542.00 286.04
541.00 286.04
540.00 286.04
539.00 286.04
538.00 286.04
537.00 286.04
536.00 286.04
535.00 286.04
534.00 286.04
533.00 286.04
532.04 287.00
532.00 287.04
531.00 287.04
530.00 287.04
529.04 288.00
529.00 288.04
528.00 288.04
527.04 289.00
527.00 289.04
526.00 289.04
525.04 290.00
525.00 290.04
524.04 291.00
524.00 291.04
523.04 292.00
523.00 292.04
522.04 293.00
522.00 293.04
521.04 294.00
521.00 294.04
520.04 295.00
520.00 295.04
519.04 296.00
519.00 296.04
518.04 297.00
518.00 297.04
517.04 298.00
517.04 299.00
517.00 299.04
516.04 300.00
516.00 300.04
515.04 301.00
515.04 302.00
515.00 302.04
514.04 303.00
514.04 304.00
514.00 304.04
513.04 305.00
513.04 306.00
513.04 307.00
513.00 307.04
512.04 308.00
512.04 309.00
512.04 310.00
512.04 311.00
512.04 312.00
512.04 313.00
512.00 313.04
511.04 314.00
511.04 315.00
511.04 316.00
511.04 317.00
511.04 318.00
511.04 319.00
511.04 320.00
512.00 320.96
512.04 321.00
512.04 322.00
512.04 323.00
512.04 324.00
512.04 325.00
513.00 325.96
513.04 326.00
513.04 327.00
513.04 328.00
514.00 328.96
514.04 329.00
514.04 330.00
514.04 331.00
515.00 331.96
515.04 332.00
515.04 333.00
516.00 333.96
516.04 334.00
516.04 335.00
517.00 335.96
517.04 336.00
517.04 337.00
518.00 337.96
518.04 338.00
519.00 338.96
519.04 339.00
519.04 340.00
520.00 340.96
520.04 341.00
521.00 341.96
521.04 342.00
522.00 342.96
522.04 343.00
523.00 343.96
523.04 344.00
523.04 345.00
524.00 345.96
524.04 346.00
525.00 346.96
526.00 346.96
526.04 347.00
527.00 347.96
527.04 348.00
528.00 348.96
528.04 349.00
529.00 349.96
529.04 350.00
530.00 350.96
531.00 350.96
531.04 351.00
532.00 351.96
533.00 351.96
533.04 352.00
534.00 352.96
535.00 352.96
536.00 352.96
536.04 353.00
537.00 353.96
538.00 353.96
539.00 353.96
540.00 353.96
541.00 353.96
542.00 353.96
543.00 353.96
544.00 353.96
545.00 353.96
546.00 353.96
546.96 353.00
547.00 352.96
548.00 352.96
549.00 352.96
550.00 352.96
550.96 352.00
551.00 351.96
552.00 351.96
553.00 351.96
553.96 351.00
554.00 350.96
555.00 350.96
555.96 350.00
556.00 349.96
556.96 349.00
557.00 348.96
558.00 348.96
558.96 348.00
559.00 347.96
559.96 347.00
560.00 346.96
560.96 346.00
561.00 345.96
561.96 345.00
562.00 344.96
562.96 344.00
563.00 343.96
563.96 343.00
563.96 342.00
564.00 341.96
564.96 341.00
565.00 340.96
565.96 340.00
566.00 339.96
566.96 339.00
566.96 338.00
567.00 337.96
567.96 337.00
567.96 336.00
568.00 335.96
568.96 335.00
569.00 334.96
569.96 334.00
569.96 333.00
570.00 332.96
570.96 332.00
570.96 331.00
571.00 330.96
571.96 330.00
571.96 329.00
571.96 328.00
572.00 327.96
572.96 327.00
572.96 326.00
572.96 325.00
572.96 324.00
572.96 323.00
572.96 322.00
573.00 321.96
573.96 321.00

Contour 15:
572.97 586.00
572.97 585.00
572.97 584.00
572.97 583.00
572.97 582.00
572.97 581.00
572.97 580.00
572.97 579.00
572.97 578.00
572.00 577.03
571.97 577.00
571.97 576.00
571.97 575.00
571.00 574.03
570.97 574.00
570.97 573.00
570.97 572.00
570.00 571.03
569.97 571.00
569.97 570.00
569.00 569.03
568.97 569.00
568.97 568.00
568.00 567.03
567.97 567.00
567.00 566.03
566.97 566.00
566.97 565.00
566.00 564.03
565.97 564.00
565.00 563.03
564.97 563.00
564.00 562.03
563.97 562.00
563.00 561.03
562.97 561.00
562.00 560.03
561.97 560.00
561.00 559.03
560.00 559.03
559.97 559.00
559.00 558.03
558.00 558.03
557.97 558.00
557.00 557.03
556.00 557.03
555.00 557.03
554.97 557.00
554.00 556.03
553.00 556.03
552.00 556.03
551.00 556.03
550.97 556.00
550.00 555.03
549.00 555.03
548.00 555.03
547.00 555.03
546.00 555.03
545.00 555.03
544.00 555.03
543.00 555.03
542.00 555.03
541.00 555.03
540.03 556.00
540.00 556.03
539.00 556.03
538.00 556.03
537.00 556.03
536.00 556.03
535.00 556.03
534.03 557.00
534.00 557.03
533.00 557.03
532.00 557.03
531.03 558.00
531.00 558.03
530.00 558.03
529.03 559.00
529.00 559.03
528.03 560.00
528.00 560.03
527.03 561.00
527.00 561.03
526.03 562.00
526.00 562.03
525.00 562.03
524.03 563.00
524.03 564.00
524.00 564.03
523.03 565.00
523.00 565.03
522.03 566.00
522.00 566.03
521.03 567.00
521.00 567.03
520.03 568.00
520.00 568.03
519.03 569.00
519.00 569.03
518.03 570.00
518.00 570.03
517.03 571.00
517.00 571.03
516.03 572.00
516.03 573.00
516.00 573.03
515.03 574.00
515.03 575.00
515.00 575.03
514.03 576.00
514.03 577.00
514.00 577.03
513.03 578.00
513.03 579.00
513.03 580.00
513.03 581.00
513.00 581.03
512.03 582.00
512.03 583.00
512.03 584.00
512.03 585.00
512.03 586.00
512.03 587.00
512.03 588.00
512.03 589.00
512.03 590.00
512.03 591.00
512.03 592.00
513.00 592.97
513.03 593.00
513.03 594.00
513.03 595.00
513.03 596.00
513.03 597.00
513.03 598.00
513.03 599.00
514.00 599.97
514.03 600.00
514.03 601.00
514.03 602.00
515.00 602.97
515.03 603.00
515.03 604.00
516.00 604.97
516.03 605.00
516.03 606.00
517.00 606.97
517.03 607.00
517.03 608.00
518.00 608.97
518.03 609.00
519.00 609.97
519.03 610.00
519.03 611.00
520.00 611.97
520.03 612.00
520.03 613.00
521.00 613.97
521.03 614.00
522.00 614.97
522.03 615.00
523.00 615.97
524.00 615.97
524.03 616.00
525.00 616.97
525.03 617.00
526.00 617.97
527.00 617.97
527.03 618.00
528.00 618.97
529.00 618.97
529.03 619.00
530.00 619.97
531.00 619.97
531.03 620.00
532.00 620.97
533.00 620.97
534.00 620.97
534.03 621.00
535.00 621.97
536.00 621.97
537.00 621.97
538.00 621.97
539.00 621.97
540.00 621.97
541.00 621.97
542.00 621.97
543.00 621.97
543.97 621.00
544.00 620.97
545.00 620.97
546.00 620.97
547.00 620.97
547.97 620.00
548.00 619.97
549.00 619.97
549.97 619.00
550.00 618.97
551.00 618.97
551.97 618.00
552.00 617.97
553.00 617.97
553.97 617.00
554.00 616.97
554.97 616.00
555.00 615.97
556.00 615.97
556.97 615.00
557.00 614.97
557.97 614.00
558.00 613.97
558.97 613.00
559.00 612.97
559.97 612.00
559.97 611.00
560.00 610.97
560.97 610.00
561.00 609.97
561.97 609.00
562.00 608.97
562.97 608.00
562.97 607.00
563.00 606.97
563.97 606.00
563.97 605.00
564.00 604.97
564.97 604.00
564.97 603.00
565.00 602.97
565.97 602.00
565.97 601.00
566.00 600.97
566.97 600.00
567.00 599.97
567.97 599.00
567.97 598.00
568.00 597.97
568.97 597.00
569.00 596.97
569.97 596.00
569.97 595.00
570.00 594.97
570.97 594.00
570.97 593.00
570.97 592.00
571.00 591.97
571.97 591.00
571.97 590.00
571.97 589.00
571.97 588.00
571.97 587.00
572.00 586.97
572.97 586.00

Contour 16:
662.97 635.00
662.97 634.00
662.00 633.03
661.97 633.00
661.97 632.00
661.97 631.00
661.97 630.00
661.97 629.00
661.97 628.00
661.00 627.03
660.97 627.00
660.97 626.00
660.97 625.00
660.00 624.03
659.97 624.00
659.97 623.00
659.00 622.03
658.97 622.00
658.97 621.00
658.00 620.03
657.97 620.00
657.00 619.03
656.97 619.00
656.97 618.00
656.00 617.03
655.97 617.00
655.00 616.03
654.97 616.00
654.00 615.03
653.97 615.00
653.00 614.03
652.97 614.00
652.00 613.03
651.97 613.00
651.00 612.03
650.97 612.00
650.00 611.03
649.97 611.00
649.00 610.03
648.97 610.00
648.00 609.03
647.00 609.03
646.97 609.00
646.00 608.03
645.00 608.03
644.97 608.00
644.00 607.03
643.00 607.03
642.97 607.00
642.00 606.03
641.00 606.03
640.00 606.03
639.97 606.00
639.00 605.03
638.00 605.03
637.00 605.03
636.00 605.03
635.00 605.03
634.97 605.00
634.00 604.03
633.00 604.03
632.00 604.03
631.97 604.00
631.00 603.03
630.00 603.03
629.00 603.03
628.00 603.03
627.00 603.03
626.00 603.03
625.97 603.00
625.00 602.03
624.00 602.03
623.00 602.03
622.00 602.03
621.00 602.03
620.03 603.00
620.00 603.03
619.00 603.03
618.00 603.03
617.00 603.03
616.00 603.03
615.03 604.00
615.00 604.03
614.00 604.03
613.00 604.03
612.03 605.00
612.00 605.03
611.00 605.03
610.03 606.00
610.00 606.03
609.00 606.03
608.03 607.00
608.00 607.03
607.00 607.03
606.03 608.00
606.00 608.03
605.03 609.00
605.00 609.03
604.00 609.03
603.03 610.00
603.00 610.03
602.03 611.00
602.00 611.03
601.03 612.00
601.03 613.00
601.00 613.03
600.03 614.00
600.00 614.03
599.03 615.00
599.00 615.03
598.03 616.00
598.00 616.03
597.03 617.00
597.03 618.00
597.00 618.03
596.03 619.00
596.03 620.00
596.00 620.03
595.03 621.00
595.03 622.00
595.03 623.00
595.00 623.03
594.03 624.00
594.03 625.00
594.03 626.00
594.00 626.03
593.03 627.00
593.03 628.00
593.03 629.00
593.03 630.00
593.03 631.00
593.03 632.00
593.03 633.00
593.03 634.00
594.00 634.97
594.03 635.00
594.03 636.00
594.03 637.00
595.00 637.97
595.03 638.00
595.03 639.00
595.03 640.00
595.03 641.00
596.00 641.97
596.03 642.00
596.03 643.00
597.00 643.97
597.03 644.00
597.03 645.00
598.00 645.97
598.03 646.00
598.03 647.00
599.00 647.97
599.03 648.00
599.03 649.00
600.00 649.97
600.03 650.00
600.03 651.00
601.00 651.97
601.03 652.00
601.03 653.00
602.00 653.97
602.03 654.00
603.00 654.97
603.03 655.00
604.00 655.97
604.03 656.00
605.00 656.97
605.03 657.00
606.00 657.97
607.00 657.97
607.03 658.00
608.00 658.97
608.03 659.00
609.00 659.97
609.03 660.00
610.00 660.97
611.00 660.97
612.00 660.97
612.03 661.00
613.00 661.97
613.03 662.00
614.00 662.97
615.00 662.97
616.00 662.97
616.03 663.00
617.00 663.97
618.00 663.97
618.03 664.00
619.00 664.97
620.00 664.97
621.00 664.97
621.03 665.00
622.00 665.97
623.00 665.97
624.00 665.97
625.00 665.97
625.97 665.00
626.00 664.97
627.00 664.97
628.00 664.97
629.00 664.97
630.00 664.97
631.00 664.97
632.00 664.97
633.00 664.97
634.00 664.97
635.00 664.97
636.00 664.97
637.00 664.97
637.97 664.00
638.00 663.97
639.00 663.97
640.00 663.97
641.00 663.97
641.97 663.00
642.00 662.97
643.00 662.97
643.97 662.00
644.00 661.97
645.00 661.97
645.97 661.00
646.00 660.97
647.00 660.97
647.97 660.00
648.00 659.97
649.00 659.97
649.97 659.00
650.00 658.97
650.97 658.00
651.00 657.97
651.97 657.00
652.00 656.97
652.97 656.00
653.00 655.97
653.97 655.00
654.00 654.97
654.97 654.00
655.00 653.97
655.97 653.00
656.00 652.97
656.97 652.00
656.97 651.00
657.00 650.97
657.97 650.00
658.00 649.97
658.97 649.00
658.97 648.00
659.00 647.97
659.97 647.00
659.97 646.00
660.00 645.97
660.97 645.00
660.97 644.00
660.97 643.00
661.00 642.97
661.97 642.00
661.97 641.00
661.97 640.00
661.97 639.00
661.97 638.00
661.97 637.00
661.97 636.00
662.00 635.97
662.97 635.00

Contour 17:
662.97 472.00
662.97 471.00
662.97 470.00
662.97 469.00
662.97 468.00
662.97 467.00
662.97 466.00
662.97 465.00
662.97 464.00
662.97 463.00
662.97 462.00
662.97 461.00
662.97 460.00
662.97 459.00
662.00 458.03
661.97 458.00
661.97 457.00
661.97 456.00
661.97 455.00
661.00 454.03
660.97 454.00
660.97 453.00
660.00 452.03
659.97 452.00
659.00 451.03
658.97 451.00
658.97 450.00
658.00 449.03
657.97 449.00
657.00 448.03
656.97 448.00
656.00 447.03
655.97 447.00
655.00 446.03
654.97 446.00
654.00 445.03
653.97 445.00
653.00 444.03
652.00 444.03
651.97 444.00
651.00 443.03
650.97 443.00
650.00 442.03
649.00 442.03
648.00 442.03
647.97 442.00
647.00 441.03
646.97 441.00
646.00 440.03
645.00 440.03
644.00 440.03
643.97 440.00
643.00 439.03
642.00 439.03
641.00 439.03
640.00 439.03
639.00 439.03
638.00 439.03
637.00 439.03
636.00 439.03
635.00 439.03
634.00 439.03
633.00 439.03
632.00 439.03
631.00 439.03
630.00 439.03
629.00 439.03
628.00 439.03
627.00 439.03
626.00 439.03
625.00 439.03
624.03 440.00
624.00 440.03
623.00 440.03
622.03 441.00
622.00 441.03
621.00 441.03
620.03 442.00
620.00 442.03
619.00 442.03
618.00 442.03
617.03 443.00
617.00 443.03
616.00 443.03
615.00 443.03
614.03 444.00
614.00 444.03
613.03 445.00
613.00 445.03
612.00 445.03
611.03 446.00
611.00 446.03
610.03 447.00
610.00 447.03
609.03 448.00
609.00 448.03
608.03 449.00
608.00 449.03
607.03 450.00
607.03 451.00
607.00 451.03
606.03 452.00
606.00 452.03
605.03 453.00
605.03 454.00
605.00 454.03
604.03 455.00
604.00 455.03
603.03 456.00
603.03 457.00
603.00 457.03
602.03 458.00
602.03 459.00
602.03 460.00
602.03 461.00
602.00 461.03
601.03 462.00
601.03 463.00
601.03 464.00
601.03 465.00
601.03 466.00
601.03 467.00
601.03 468.00
601.03 469.00
601.03 470.00
601.03 471.00
601.03 472.00
601.03 473.00
601.03 474.00
601.03 475.00
601.03 476.00
601.03 477.00
601.03 478.00
602.00 478.97
602.03 479.00
602.03 480.00
602.03 481.00
602.03 482.00
603.00 482.97
603.03 483.00
603.03 484.00
603.03 485.00
604.00 485.97
604.03 486.00
604.03 487.00
605.00 487.97
605.03 488.00
606.00 488.97
606.03 489.00
606.03 490.00
607.00 490.97
607.03 491.00
608.00 491.97
608.03 492.00
609.00 492.97
609.03 493.00
610.00 493.97
610.03 494.00
611.00 494.97
611.03 495.00
612.00 495.97
613.00 495.97
613.03 496.00
614.00 496.97
614.03 497.00
615.00 497.97
615.03 498.00
616.00 498.97
616.03 499.00
617.00 499.97
618.00 499.97
618.03 500.00
619.00 500.97
620.00 500.97
621.00 500.97
621.03 501.00
622.00 501.97
623.00 501.97
623.03 502.00
624.00 502.97
625.00 502.97
626.00 502.97
626.03 503.00
627.00 503.97
628.00 503.97
629.00 503.97
630.00 503.97
631.00 503.97
632.00 503.97
633.00 503.97
634.00 503.97
635.00 503.97
635.97 503.00
636.00 502.97
637.00 502.97
638.00 502.97
638.97 502.00
639.00 501.97
640.00 501.97
641.00 501.97
642.00 501.97
642.97 501.00
643.00 500.97
644.00 500.97
645.00 500.97
645.97 500.00
646.00 499.97
647.00 499.97
647.97 499.00
648.00 498.97
649.00 498.97
649.97 498.00
650.00 497.97
650.97 497.00
651.00 496.97
651.97 496.00
652.00 495.97
652.97 495.00
653.00 494.97
653.97 494.00
653.97 493.00
654.00 492.97
654.97 492.00
655.00 491.97
655.97 491.00
655.97 490.00
656.00 489.97
656.97 489.00
656.97 488.00
657.00 487.97
657.97 487.00
657.97 486.00
657.97 485.00
658.00 484.97
658.97 484.00
658.97 483.00
658.97 482.00
659.00 481.97
659.97 481.00
659.97 480.00
660.00 479.97
660.97 479.00
660.97 478.00
660.97 477.00
660.97 476.00
661.00 475.97
661.97 475.00
661.97 474.00
661.97 473.00
662.00 472.97
662.97 472.00

Contour 18:
697.97 307.00
697.97 306.00
697.97 305.00
697.97 304.00
697.97 303.00
697.97 302.00
697.97 301.00
697.97 300.00
697.97 299.00
697.97 298.00
697.97 297.00
697.97 296.00
697.97 295.00
697.97 294.00
697.00 293.03
696.97 293.00
696.97 292.00
696.97 291.00
696.97 290.00
696.00 289.03
695.97 289.00
695.97 288.00
695.00 287.03
694.97 287.00
694.97 286.00
694.00 285.03
693.97 285.00
693.97 284.00
693.00 283.03
692.97 283.00
692.00 282.03
691.97 282.00
691.97 281.00
691.00 280.03
690.97 280.00
690.00 279.03
689.97 279.00
689.00 278.03
688.97 278.00
688.00 277.03
687.00 277.03
686.97 277.00
686.00 276.03
685.97 276.00
685.00 275.03
684.97 275.00
684.00 274.03
683.00 274.03
682.97 274.00
682.00 273.03
681.97 273.00
681.00 272.03
680.00 272.03
679.97 272.00
679.00 271.03
678.00 271.03
677.97 271.00
677.00 270.03
676.00 270.03
675.00 270.03
674.97 270.00
674.00 269.03
673.00 269.03
672.97 269.00
672.00 268.03
671.00 268.03
670.00 268.03
669.97 268.00
669.00 267.03
668.00 267.03
667.00 267.03
666.97 267.00
666.00 266.03
665.00 266.03
664.00 266.03
663.00 266.03
662.97 266.00
662.00 265.03
661.00 265.03
660.00 265.03
659.00 265.03
658.00 265.03
657.00 265.03
656.03 266.00
656.00 266.03
655.00 266.03
654.00 266.03
653.00 266.03
652.03 267.00
652.00 267.03
651.00 267.03
650.03 268.00
650.00 268.03
649.00 268.03
648.03 269.00
648.00 269.03
647.00 269.03
646.03 270.00
646.00 270.03
645.03 271.00
645.00 271.03
644.00 271.03
643.03 272.00
643.00 272.03
642.03 273.00
642.00 273.03
641.03 274.00
641.00 274.03
640.03 275.00
640.00 275.03
639.03 276.00
639.00 276.03
638.03 277.00
638.03 278.00
638.00 278.03
637.03 279.00
637.00 279.03
636.03 280.00
636.00 280.03
635.03 281.00
635.03 282.00
635.00 282.03
634.03 283.00
634.03 284.00
634.00 284.03
633.03 285.00
633.03 286.00
633.03 287.00
633.03 288.00
633.03 289.00
633.03 290.00
633.03 291.00
633.03 292.00
633.03 293.00
633.03 294.00
634.00 294.97
634.03 295.00
634.03 296.00
634.03 297.00
635.00 297.97
635.03 298.00
635.03 299.00
635.03 300.00
636.00 300.97
636.03 301.00
636.03 302.00
637.00 302.97
637.03 303.00
638.00 303.97
638.03 304.00
638.03 305.00
639.00 305.97
639.03 306.00
639.03 307.00
640.00 307.97
640.03 308.00
641.00 308.97
641.03 309.00
642.00 309.97
642.03 310.00
642.03 311.00
643.00 311.97
643.03 312.00
644.00 312.97
644.03 313.00
645.00 313.97
646.00 313.97
646.03 314.00
647.00 314.97
647.03 315.00
648.00 315.97
648.03 316.00
649.00 316.97
649.03 317.00
650.00 317.97
650.03 318.00
651.00 318.97
651.03 319.00
652.00 319.97
652.03 320.00
653.00 320.97
654.00 320.97
654.03 321.00
655.00 321.97
655.03 322.00
656.00 322.97
657.00 322.97
657.03 323.00
658.00 323.97
658.03 324.00
659.00 324.97
660.00 324.97
660.03 325.00
661.00 325.97
662.00 325.97
662.03 326.00
663.00 326.97
664.00 326.97
664.03 327.00
665.00 327.97
666.00 327.97
667.00 327.97
667.03 328.00
668.00 328.97
669.00 328.97
670.00 328.97
671.00 328.97
672.00 328.97
673.00 328.97
674.00 328.97
675.00 328.97
676.00 328.97
677.00 328.97
678.00 328.97
678.97 328.00
679.00 327.97
680.00 327.97
681.00 327.97
681.97 327.00
682.00 326.97
683.00 326.97
683.97 326.00
684.00 325.97
685.00 325.97
685.97 325.00
686.00 324.97
686.97 324.00
687.00 323.97
687.97 323.00
688.00 322.97
688.97 322.00
689.00 321.97
689.97 321.00
690.00 320.97
690.97 320.00
691.00 319.97
691.97 319.00
692.00 318.97
692.97 318.00
692.97 317.00
693.00 316.97
693.97 316.00
693.97 315.00
694.00 314.97
694.97 314.00
694.97 313.00
695.00 312.97
695.97 312.00
695.97 311.00
696.00 310.97
696.97 310.00
696.97 309.00
696.97 308.00
697.00 307.97
697.97 307.00

Contour 19:
732.97 411.00
732.97 410.00
732.97 409.00
732.97 408.00
732.97 407.00
732.97 406.00
732.00 405.03
731.97 405.00
731.97 404.00
731.97 403.00
731.97 402.00
731.97 401.00
731.00 400.03
730.97 400.00
730.97 399.00
730.97 398.00
730.00 397.03
729.97 397.00
729.97 396.00
729.00 395.03
728.97 395.00
728.97 394.00
728.00 393.03
727.97 393.00
727.97 392.00
727.00 391.03
726.97 391.00
726.00 390.03
725.97 390.00
725.97 389.00
725.00 388.03
724.97 388.00
724.00 387.03
723.97 387.00
723.00 386.03
722.97 386.00
722.00 385.03
721.97 385.00
721.00 384.03
720.97 384.00
720.00 383.03
719.97 383.00
719.00 382.03
718.97 382.00
718.00 381.03
717.00 381.03
716.97 381.00
716.00 380.03
715.00 380.03
714.97 380.00
714.00 379.03
713.97 379.00
713.00 378.03
712.97 378.00
712.00 377.03
711.00 377.03
710.97 377.00
710.00 376.03
709.00 376.03
708.97 376.00
708.00 375.03
707.00 375.03
706.97 375.00
706.00 374.03
705.97 374.00
705.00 373.03
704.00 373.03
703.00 373.03
702.97 373.00
702.00 372.03
701.00 372.03
700.97 372.00
700.00 371.03
699.00 371.03
698.00 371.03
697.00 371.03
696.00 371.03
695.00 371.03
694.00 371.03
693.00 371.03
692.03 372.00
692.00 372.03
691.00 372.03
690.00 372.03
689.03 373.00
689.00 373.03
688.00 373.03
687.00 373.03
686.03 374.00
686.00 374.03
685.00 374.03
684.00 374.03
683.03 375.00
683.00 375.03
682.00 375.03
681.03 376.00
681.00 376.03
680.03 377.00
680.00 377.03
679.00 377.03
678.03 378.00
678.00 378.03
677.03 379.00
677.00 379.03
676.03 380.00
676.00 380.03
675.03 381.00
675.00 381.03
674.03 382.00
674.00 382.03
673.03 383.00
673.03 384.00
673.00 384.03
672.03 385.00
672.03 386.00
672.00 386.03
671.03 387.00
671.03 388.00
671.03 389.00
671.00 389.03
670.03 390.00
670.03 391.00
670.03 392.00
670.03 393.00
670.03 394.00
670.03 395.00
670.03 396.00
670.03 397.00
670.03 398.00
670.03 399.00
670.03 400.00
671.00 400.97
671.03 401.00
671.03 402.00
671.03 403.00
671.03 404.00
671.03 405.00
671.03 406.00
672.00 406.97
672.03 407.00
672.03 408.00
672.03 409.00
673.00 409.97
673.03 410.00
673.03 411.00
674.00 411.97
674.03 412.00
674.03 413.00
675.00 413.97
675.03 414.00
676.00 414.97
676.03 415.00
676.03 416.00
677.00 416.97
677.03 417.00
678.00 417.97
678.03 418.00
679.00 418.97
679.03 419.00
680.00 419.97
680.03 420.00
681.00 420.97
681.03 421.00
682.00 421.97
682.03 422.00
683.00 422.97
684.00 422.97
684.03 423.00
685.00 423.97
686.00 423.97
686.03 424.00
687.00 424.97
688.00 424.97
688.03 425.00
689.00 425.97
689.03 426.00
690.00 426.97
691.00 426.97
691.03 427.00
692.00 427.97
693.00 427.97
693.03 428.00
694.00 428.97
695.00 428.97
695.03 429.00
696.00 429.97
697.00 429.97
698.00 429.97
698.03 430.00
699.00 430.97
700.00 430.97
701.00 430.97
702.00 430.97
703.00 430.97
703.03 431.00
704.00 431.97
705.00 431.97
706.00 431.97
707.00 431.97
708.00 431.97
709.00 431.97
710.00 431.97
711.00 431.97
712.00 431.97
712.97 431.00
713.00 430.97
714.00 430.97
715.00 430.97
716.00 430.97
716.97 430.00
717.00 429.97
718.00 429.97
718.97 429.00
719.00 428.97
720.00 428.97
720.97 428.00
721.00 427.97
721.97 427.00
722.00 426.97
723.00 426.97
723.97 426.00
724.00 425.97
724.97 425.00
725.00 424.97
725.97 424.00
726.00 423.97
726.97 423.00
727.00 422.97
727.97 422.00
728.00 421.97
728.97 421.00
728.97 420.00
729.00 419.97
729.97 419.00
730.00 418.97
730.97 418.00
730.97 417.00
730.97 416.00
731.00 415.97
731.97 415.00
731.97 414.00
731.97 413.00
731.97 412.00
732.00 411.97
732.97 411.00

Contour 20:
762.98 660.00
762.98 659.00
762.98 658.00
762.98 657.00
762.98 656.00
762.98 655.00
762.98 654.00
762.00 653.02
761.98 653.00
761.98 652.00
761.98 651.00
761.98 650.00
761.98 649.00
761.00 648.02
760.98 648.00
760.98 647.00
760.98 646.00
760.00 645.02
759.98 645.00
759.98 644.00
759.98 643.00
759.00 642.02
758.98 642.00
758.98 641.00
758.00 640.02
757.98 640.00
757.00 639.02
756.98 639.00
756.98 638.00
756.00 637.02
755.98 637.00
755.00 636.02
754.98 636.00
754.00 635.02
753.98 635.00
753.98 634.00
753.00 633.02
752.00 633.02
751.98 633.00
751.00 632.02
750.00 632.02
749.98 632.00
749.00 631.02
748.00 631.02
747.98 631.00
747.00 630.02
746.00 630.02
745.00 630.02
744.98 630.00
744.00 629.02
743.00 629.02
742.00 629.02
741.00 629.02
740.00 629.02
739.00 629.02
738.00 629.02
737.00 629.02
736.00 629.02
735.00 629.02
734.00 629.02
733.02 630.00
733.00 630.02
732.00 630.02
731.00 630.02
730.00 630.02
729.02 631.00
729.00 631.02
728.00 631.02
727.02 632.00
727.00 632.02
726.00 632.02
725.02 633.00
725.00 633.02
724.02 634.00
724.00 634.02
723.02 635.00
723.00 635.02
722.00 635.02
721.02 636.00
721.02 637.00
721.00 637.02
720.02 638.00
720.00 638.02
719.02 639.00
719.00 639.02
718.02 640.00
718.00 640.02
717.02 641.00
717.02 642.00
717.00 642.02
716.02 643.00
716.00 643.02
715.02 644.00
715.02 645.00
715.00 645.02
714.02 646.00
714.02 647.00
714.00 647.02
713.02 648.00
713.00 648.02
712.02 649.00
712.02 650.00
712.00 650.02
711.02 651.00
711.00 651.02
710.02 652.00
710.02 653.00
710.00 653.02
709.02 654.00
709.02 655.00
709.00 655.02
708.02 656.00
708.00 656.02
707.02 657.00
707.02 658.00
707.00 658.02
706.02 659.00
706.02 660.00
706.00 660.02
705.02 661.00
705.02 662.00
705.02 663.00
705.00 663.02
704.02 664.00
704.02 665.00
704.00 665.02
703.02 666.00
703.02 667.00
703.02 668.00
703.02 669.00
703.02 670.00
703.00 670.02
702.02 671.00
702.02 672.00
702.02 673.00
702.02 674.00
702.02 675.00
702.02 676.00
702.02 677.00
702.02 678.00
702.02 679.00
703.00 679.98
703.02 680.00
703.02 681.00
703.02 682.00
703.02 683.00
704.00 683.98
704.02 684.00
704.02 685.00
704.02 686.00
705.00 686.98
705.02 687.00
706.00 687.98
706.02 688.00
706.02 689.00
707.00 689.98
707.02 690.00
708.00 690.98
708.02 691.00
709.00 691.98
709.02 692.00
710.00 692.98
710.02 693.00
711.00 693.98
711.02 694.00
712.00 694.98
712.02 695.00
713.00 695.98
714.00 695.98
714.02 696.00
715.00 696.98
716.00 696.98
716.02 697.00
717.00 697.98
718.00 697.98
719.00 697.98
719.02 698.00
720.00 698.98
721.00 698.98
722.00 698.98
723.00 698.98
723.02 699.00
724.00 699.98
725.00 699.98
726.00 699.98
727.00 699.98
728.00 699.98
729.00 699.98
730.00 699.98
731.00 699.98
731.98 699.00
732.00 698.98
733.00 698.98
734.00 698.98
735.00 698.98
735.98 698.00
736.00 697.98
737.00 697.98
738.00 697.98
738.98 697.00
739.00 696.98
740.00 696.98
740.98 696.00
741.00 695.98
741.98 695.00
742.00 694.98
743.00 694.98
743.98 694.00
744.00 693.98
744.98 693.00
745.00 692.98
745.98 692.00
746.00 691.98
747.00 691.98
747.98 691.00
748.00 690.98
748.98 690.00
749.00 689.98
749.98 689.00
749.98 688.00
750.00 687.98
750.98 687.00
751.00 686.98
751.98 686.00
751.98 685.00
752.00 684.98
752.98 684.00
753.00 683.98
753.98 683.00
753.98 682.00
754.00 681.98
754.98 681.00
755.00 680.98
755.98 680.00
755.98 679.00
756.00 678.98
756.98 678.00
756.98 677.00
757.00 676.98
757.98 676.00
757.98 675.00
758.00 674.98
758.98 674.00
758.98 673.00
759.00 672.98
759.98 672.00
759.98 671.00
759.98 670.00
760.00 669.98
760.98 669.00
760.98 668.00
761.00 667.98
761.98 667.00
761.98 666.00
761.98 665.00
761.98 664.00
761.98 663.00
761.98 662.00
761.98 661.00
762.00 660.98
762.98 660.00

Contour 21:
819.98 449.00
819.98 448.00
819.98 447.00
819.98 446.00
819.98 445.00
819.98 444.00
819.98 443.00
819.98 442.00
819.98 441.00
819.98 440.00
819.98 439.00
819.98 438.00
819.00 437.02
818.98 437.00
818.98 436.00
818.00 435.02
817.98 435.00
817.98 434.00
817.00 433.02
816.98 433.00
816.00 432.02
815.98 432.00
815.00 431.02
814.98 431.00
814.00 430.02
813.98 430.00
813.00 429.02
812.98 429.00
812.00 428.02
811.98 428.00
811.00 427.02
810.00 427.02
809.98 427.00
809.00 426.02
808.98 426.00
808.00 425.02
807.00 425.02
806.00 425.02
805.98 425.00
805.00 424.02
804.00 424.02
803.00 424.02
802.00 424.02
801.98 424.00
801.00 423.02
800.00 423.02
799.00 423.02
798.00 423.02
797.00 423.02
796.00 423.02
795.00 423.02
794.00 423.02
793.00 423.02
792.02 424.00
792.00 424.02
791.00 424.02
790.00 424.02
789.00 424.02
788.02 425.00
788.00 425.02
787.00 425.02
786.00 425.02
785.00 425.02
784.02 426.00
784.00 426.02
783.00 426.02
782.00 426.02
781.02 427.00
781.00 427.02
780.00 427.02
779.02 428.00
779.00 428.02
778.00 428.02
777.00 428.02
776.02 429.00
776.00 429.02
775.00 429.02
774.02 430.00
774.00 430.02
773.00 430.02
772.02 431.00
772.00 431.02
771.00 431.02
770.02 432.00
770.00 432.02
769.00 432.02
768.02 433.00
768.00 433.02
767.00 433.02
766.02 434.00
766.00 434.02
765.00 434.02
764.02 435.00
764.00 435.02
763.00 435.02
762.02 436.00
762.00 436.02
761.02 437.00
761.00 437.02
760.02 438.00
760.00 438.02
759.00 438.02
758.02 439.00
758.02 440.00
758.00 440.02
757.02 441.00
757.00 441.02
756.02 442.00
756.00 442.02
755.02 443.00
755.00 443.02
754.02 444.00
754.02 445.00
754.00 445.02
753.02 446.00
753.02 447.00
753.00 447.02
752.02 448.00
752.02 449.00
752.02 450.00
752.02 451.00
752.02 452.00
752.00 452.02
751.02 453.00
751.02 454.00
751.02 455.00
751.02 456.00
752.00 456.98
752.02 457.00
752.02 458.00
752.02 459.00
752.02 460.00
752.02 461.00
752.02 462.00
753.00 462.98
753.02 463.00
753.02 464.00
753.02 465.00
754.00 465.98
754.02 466.00
754.02 467.00
754.02 468.00
755.00 468.98
755.02 469.00
756.00 469.98
756.02 470.00
756.02 471.00
757.00 471.98
757.02 472.00
758.00 472.98
758.02 473.00
758.02 474.00
759.00 474.98
759.02 475.00
760.00 475.98
760.02 476.00
761.00 476.98
761.02 477.00
762.00 477.98
762.02 478.00
763.00 478.98
763.02 479.00
764.00 479.98
764.02 480.00
765.00 480.98
765.02 481.00
766.00 481.98
766.02 482.00
767.00 482.98
768.00 482.98
768.02 483.00
769.00 483.98
770.00 483.98
770.02 484.00
771.00 484.98
772.00 484.98
772.02 485.00
773.00 485.98
774.00 485.98
775.00 485.98
775.02 486.00
776.00 486.98
777.00 486.98
778.00 486.98
779.00 486.98
779.02 487.00
780.00 487.98
781.00 487.98
782.00 487.98
783.00 487.98
784.00 487.98
785.00 487.98
786.00 487.98
786.98 487.00
787.00 486.98
788.00 486.98
789.00 486.98
790.00 486.98
790.98 486.00
791.00 485.98
792.00 485.98
793.00 485.98
793.98 485.00
794.00 484.98
794.98 484.00
795.00 483.98
795.98 483.00
796.00 482.98
796.98 482.00
797.00 481.98
797.98 481.00
798.00 480.98
798.98 480.00
799.00 479.98
799.98 479.00
799.98 478.00
800.00 477.98
800.98 477.00
801.00 476.98
801.98 476.00
802.00 475.98
802.98 475.00
803.00 474.98
803.98 474.00
804.00 473.98
804.98 473.00
805.00 472.98
805.98 472.00
806.00 471.98
806.98 471.00
806.98 470.00
807.00 469.98
807.98 469.00
808.00 468.98
808.98 468.00
809.00 467.98
809.98 467.00
809.98 466.00
810.00 465.98
810.98 465.00
810.98 464.00
811.00 463.98
811.98 463.00
811.98 462.00
812.00 461.98
812.98 461.00
812.98 460.00
813.00 459.98
813.98 459.00
814.00 458.98
814.98 458.00
815.00 457.98
815.98 457.00
815.98 456.00
816.00 455.98
816.98 455.00
817.00 454.98
817.98 454.00
817.98 453.00
818.00 452.98
818.98 452.00
818.98 451.00
818.98 450.00
819.00 449.98
819.98 449.00

Contour 22:
996.98 746.00
996.98 745.00
996.98 744.00
996.98 743.00
996.98 742.00
996.98 741.00
996.98 740.00
996.98 739.00
996.98 738.00
996.98 737.00
996.00 736.02
995.98 736.00
995.98 735.00
995.98 734.00
995.00 733.02
994.98 733.00
994.98 732.00
994.98 731.00
994.00 730.02
993.98 730.00
993.98 729.00
993.00 728.02
992.98 728.00
992.98 727.00
992.00 726.02
991.98 726.00
991.00 725.02
990.98 725.00
990.98 724.00
990.00 723.02
989.98 723.00
989.00 722.02
988.98 722.00
988.00 721.02
987.98 721.00
987.00 720.02
986.98 720.00
986.00 719.02
985.00 719.02
984.98 719.00
984.00 718.02
983.00 718.02
982.98 718.00
982.00 717.02
981.98 717.00
981.00 716.02
980.00 716.02
979.98 716.00
979.00 715.02
978.00 715.02
977.98 715.00
977.00 714.02
976.00 714.02
975.00 714.02
974.00 714.02
973.98 714.00
973.00 713.02
972.00 713.02
971.00 713.02
970.00 713.02
969.98 713.00
969.00 712.02
968.00 712.02
967.00 712.02
966.00 712.02
965.00 712.02
964.00 712.02
963.00 712.02
962.00 712.02
961.00 712.02
960.00 712.02
959.00 712.02
958.00 712.02
957.00 712.02
956.00 712.02
955.00 712.02
954.00 712.02
953.00 712.02
952.02 713.00
952.00 713.02
951.00 713.02
950.00 713.02
949.00 713.02
948.00 713.02
947.02 714.00
947.00 714.02
946.00 714.02
945.00 714.02
944.02 715.00
944.00 715.02
943.00 715.02
942.00 715.02
941.02 716.00
941.00 716.02
940.00 716.02
939.02 717.00
939.00 717.02
938.00 717.02
937.02 718.00
937.00 718.02
936.02 719.00
936.00 719.02
935.00 719.02
934.02 720.00
934.00 720.02
933.02 721.00
933.02 722.00
933.00 722.02
932.02 723.00
932.00 723.02
931.02 724.00
931.00 724.02
930.02 725.00
930.02 726.00
930.00 726.02
929.02 727.00
929.02 728.00
929.00 728.02
928.02 729.00
928.02 730.00
928.00 730.02
927.02 731.00
927.02 732.00
927.00 732.02
926.02 733.00
926.02 734.00
926.00 734.02
925.02 735.00
925.02 736.00
925.00 736.02
924.02 737.00
924.02 738.00
924.02 739.00
924.02 740.00
924.02 741.00
924.02 742.00
924.02 743.00
924.02 744.00
924.02 745.00
924.02 746.00
924.02 747.00
924.02 748.00
924.02 749.00
924.02 750.00
924.02 751.00
925.00 751.98
925.02 752.00
925.02 753.00
925.02 754.00
925.02 755.00
926.00 755.98
926.02 756.00
926.02 757.00
927.00 757.98
927.02 758.00
927.02 759.00
928.00 759.98
928.02 760.00
929.00 760.98
929.02 761.00
930.00 761.98
930.02 762.00
931.00 762.98
931.02 763.00
932.00 763.98
933.00 763.98
933.02 764.00
934.00 764.98
934.02 765.00
935.00 765.98
936.00 765.98
936.02 766.00
937.00 766.98
937.02 767.00
938.00 767.98
939.00 767.98
940.00 767.98
940.02 768.00
941.00 768.98
942.00 768.98
942.02 769.00
943.00 769.98
944.00 769.98
945.00 769.98
945.02 770.00
946.00 770.98
947.00 770.98
948.00 770.98
948.02 771.00
949.00 771.98
950.00 771.98
951.00 771.98
952.00 771.98
953.00 771.98
954.00 771.98
955.00 771.98
956.00 771.98
957.00 771.98
958.00 771.98
959.00 771.98
960.00 771.98
961.00 771.98
962.00 771.98
963.00 771.98
964.00 771.98
964.98 771.00
965.00 770.98
966.00 770.98
967.00 770.98
968.00 770.98
969.00 770.98
969.98 770.00
970.00 769.98
971.00 769.98
972.00 769.98
972.98 769.00
973.00 768.98
974.00 768.98
974.98 768.00
975.00 767.98
976.00 767.98
977.00 767.98
977.98 767.00
978.00 766.98
978.98 766.00
979.00 765.98
980.00 765.98
980.98 765.00
981.00 764.98
981.98 764.00
982.00 763.98
982.98 763.00
983.00 762.98
983.98 762.00
984.00 761.98
985.00 761.98
985.98 761.00
986.00 760.98
986.98 760.00
987.00 759.98
987.98 759.00
988.00 758.98
988.98 758.00
988.98 757.00
989.00 756.98
989.98 756.00
990.00 755.98
990.98 755.00
991.00 754.98
991.98 754.00
992.00 753.98
992.98 753.00
993.00 752.98
993.98 752.00
993.98 751.00
994.00 750.98
994.98 750.00
995.00 749.98
995.98 749.00
995.98 748.00
995.98 747.00
996.00 746.98
996.98 746.00

