Contour 0:
0.00 576.50
0.50 577.00
0.50 578.00
1.00 578.50
1.50 579.00
2.00 579.50
2.50 580.00
3.00 580.50
3.50 581.00
3.50 582.00
4.00 582.50
4.50 583.00
5.00 583.50
5.50 584.00
6.00 584.50
7.00 584.50
7.50 585.00
8.00 585.50
8.50 586.00
9.00 586.50
9.50 587.00
10.00 587.50
10.50 588.00
11.00 588.50
11.50 589.00
12.00 589.50
13.00 589.50
13.50 590.00
14.00 590.50
15.00 590.50
15.50 591.00
16.00 591.50
17.00 591.50
18.00 591.50
19.00 591.50
20.00 591.50
20.50 592.00
21.00 592.50
22.00 592.50
23.00 592.50
24.00 592.50
25.00 592.50
26.00 592.50
27.00 592.50
28.00 592.50
28.50 592.00
29.00 591.50
30.00 591.50
31.00 591.50
32.00 591.50
33.00 591.50
34.00 591.50
34.50 591.00
35.00 590.50
36.00 590.50
36.50 590.00
37.00 589.50
38.00 589.50
39.00 589.50
39.50 589.00
40.00 588.50
41.00 588.50
41.50 588.00
42.00 587.50
43.00 587.50
43.50 587.00
44.00 586.50
44.50 586.00
45.00 585.50
45.50 585.00
46.00 584.50
46.50 584.00
47.00 583.50
48.00 583.50
48.50 583.00
49.00 582.50
49.50 582.00
50.00 581.50
50.50 581.00
50.50 580.00
51.00 579.50
51.50 579.00
52.00 578.50
52.50 578.00
52.50 577.00
53.00 576.50
53.50 576.00
54.00 575.50
54.50 575.00
54.50 574.00
54.50 573.00
55.00 572.50
55.50 572.00
55.50 571.00
55.50 570.00
56.00 569.50
56.50 569.00
56.50 568.00
56.50 567.00
56.50 566.00
56.50 565.00
56.50 564.00
57.00 563.50
57.50 563.00
57.50 562.00
57.50 561.00
57.00 560.50
56.50 560.00
56.50 559.00
56.50 558.00
56.50 557.00
56.50 556.00
56.50 555.00
56.00 554.50
55.50 554.00
55.50 553.00
55.50 552.00
55.50 551.00
55.00 550.50
54.50 550.00
54.50 549.00
54.50 548.00
54.00 547.50
53.50 547.00
53.50 546.00
53.00 545.50
52.50 545.00
52.50 544.00
52.00 543.50
51.50 543.00
51.00 542.50
50.50 542.00
50.00 541.50
49.50 541.00
49.50 540.00
49.00 539.50
48.50 539.00
48.00 538.50
47.50 538.00
47.50 537.00
47.00 536.50
46.50 536.00
46.00 535.50
45.50 535.00
45.00 534.50
44.50 534.00
44.00 533.50
43.00 533.50
42.50 533.00
42.00 532.50
41.50 532.00
41.00 531.50
40.50 531.00
40.00 530.50
39.50 530.00
39.00 529.50
38.00 529.50
37.50 529.00
37.00 528.50
36.00 528.50
35.50 528.00
35.00 527.50
34.00 527.50
33.00 527.50
32.00 527.50
31.00 527.50
30.00 527.50
29.00 527.50
28.50 527.00
28.00 526.50
27.00 526.50
26.00 526.50
25.00 526.50
24.00 526.50
23.00 526.50
22.50 527.00
22.00 527.50
21.00 527.50
20.00 527.50
19.00 527.50
18.00 527.50
17.00 527.50
16.50 528.00
16.00 528.50
15.00 528.50
14.50 529.00
14.00 529.50
13.00 529.50
12.50 530.00
12.00 530.50
11.00 530.50
10.50 531.00
10.00 531.50
9.50 532.00
9.00 532.50
8.50 533.00
8.00 533.50
7.50 534.00
7.00 534.50
6.50 535.00
6.00 535.50
5.50 536.00
5.00 536.50
4.50 537.00
4.00 537.50
3.50 538.00
3.50 539.00
3.00 539.50
2.50 540.00
2.00 540.50
1.50 541.00
1.50 542.00
1.00 542.50
0.50 543.00
0.00 543.50

Contour 1:
81.75 274.00
81.75 273.00
81.75 272.00
81.75 271.00
81.00 270.25
80.75 270.00
80.75 269.00
80.75 268.00
80.75 267.00
80.75 266.00
80.75 265.00
80.75 264.00
80.00 263.25
79.75 263.00
79.75 262.00
79.75 261.00
79.00 260.25
78.75 260.00
78.75 259.00
78.75 258.00
78.00 257.25
77.75 257.00
77.75 256.00
77.75 255.00
77.00 254.25
76.75 254.00
76.75 253.00
76.00 252.25
75.75 252.00
75.75 251.00
75.00 250.25
74.75 250.00
74.00 249.25
73.75 249.00
73.00 248.25
72.75 248.00
72.00 247.25
71.75 247.00
71.00 246.25
70.75 246.00
70.00 245.25
69.75 245.00
69.00 244.25
68.75 244.00
68.00 243.25
67.00 243.25
66.75 243.00
66.00 242.25
65.75 242.00
65.00 241.25
64.00 241.25
63.75 241.00
63.00 240.25
62.00 240.25
61.75 240.00
61.00 239.25
60.00 239.25
59.00 239.25
58.75 239.00
58.00 238.25
57.00 238.25
56.00 238.25
55.00 238.25
54.75 238.00
54.00 237.25
53.00 237.25
52.00 237.25
51.00 237.25
50.00 237.25
49.00 237.25
48.00 237.25
47.00 237.25
46.00 237.25
45.75 237.00
45.00 236.25
44.00 236.25
43.00 236.25
42.00 236.25
41.00 236.25
40.00 236.25
39.00 236.25
38.25 237.00
38.00 237.25
37.00 237.25
36.00 237.25
35.25 238.00
35.00 238.25
34.00 238.25
33.00 238.25
32.00 238.25
31.25 239.00
31.00 239.25
30.00 239.25
29.00 239.25
28.25 240.00
28.00 240.25
27.00 240.25
26.25 241.00
26.00 241.25
25.25 242.00
25.00 242.25
24.00 242.25
23.25 243.00
23.00 243.25
22.25 244.00
22.00 244.25
21.25 245.00
21.25 246.00
21.00 246.25
20.25 247.00
20.00 247.25
19.25 248.00
19.00 248.25
18.25 249.00
18.25 250.00
18.00 250.25
17.25 251.00
17.25 252.00
17.00 252.25
16.25 253.00
16.25 254.00
16.25 255.00
16.00 255.25
15.25 256.00
15.25 257.00
15.25 258.00
15.25 259.00
15.00 259.25
14.25 260.00
14.25 261.00
14.25 262.00
14.25 263.00
14.25 264.00
14.25 265.00
14.25 266.00
14.25 267.00
14.25 268.00
14.25 269.00
14.25 270.00
14.25 271.00
14.25 272.00
15.00 272.75
15.25 273.00
15.25 274.00
15.25 275.00
15.25 276.00
16.00 276.75
16.25 277.00
16.25 278.00
16.25 279.00
17.00 279.75
17.25 280.00
17.25 281.00
18.00 281.75
18.25 282.00
18.25 283.00
19.00 283.75
19.25 284.00
19.25 285.00
20.00 285.75
20.25 286.00
20.25 287.00
21.00 287.75
21.25 288.00
21.25 289.00
22.00 289.75
22.25 290.00
22.25 291.00
22.25 292.00
23.00 292.75
23.25 293.00
23.25 294.00
24.00 294.75
24.25 295.00
25.00 295.75
25.25 296.00
25.25 297.00
26.00 297.75
26.25 298.00
27.00 298.75
27.25 299.00
27.25 300.00
28.00 300.75
28.25 301.00
29.00 301.75
29.25 302.00
30.00 302.75
30.25 303.00
30.25 304.00
31.00 304.75
31.25 305.00
32.00 305.75
32.25 306.00
33.00 306.75
33.25 307.00
34.00 307.75
35.00 307.75
35.25 308.00
36.00 308.75
36.25 309.00
37.00 309.75
38.00 309.75
39.00 309.75
39.25 310.00
40.00 310.75
41.00 310.75
42.00 310.75
42.25 311.00
43.00 311.75
44.00 311.75
45.00 311.75
46.00 311.75
47.00 311.75
48.00 311.75
49.00 311.75
50.00 311.75
51.00 311.75
52.00 311.75
53.00 311.75
54.00 311.75
55.00 311.75
55.75 311.00
56.00 310.75
57.00 310.75
58.00 310.75
58.75 310.00
59.00 309.75
60.00 309.75
60.75 309.00
61.00 308.75
61.75 308.00
62.00 307.75
63.00 307.75
63.75 307.00
64.00 306.75
64.75 306.00
65.00 305.75
65.75 305.00
66.00 304.75
66.75 304.00
67.00 303.75
67.75 303.00
68.00 302.75
68.75 302.00
69.00 301.75
69.75 301.00
70.00 300.75
70.75 300.00
70.75 299.00
71.00 298.75
71.75 298.00
72.00 297.75
72.75 297.00
73.00 296.75
73.75 296.00
73.75 295.00
74.00 294.75
74.75 294.00
75.00 293.75
75.75 293.00
75.75 292.00
76.00 291.75
76.75 291.00
76.75 290.00
77.00 289.75
77.75 289.00
77.75 288.00
77.75 287.00
78.00 286.75
78.75 286.00
78.75 285.00
78.75 284.00
79.00 283.75
79.75 283.00
79.75 282.00
79.75 281.00
80.00 280.75
80.75 280.00
80.75 279.00
80.75 278.00
80.75 277.00
80.75 276.00
80.75 275.00
81.00 274.75
81.75 274.00

Contour 2:
165.83 158.00
165.83 157.00
165.83 156.00
165.83 155.00
165.83 154.00
165.83 153.00
165.83 152.00
165.83 151.00
165.83 150.00
165.83 149.00
165.83 148.00
165.83 147.00
165.83 146.00
165.83 145.00
165.83 144.00
165.83 143.00
165.83 142.00
165.83 141.00
165.83 140.00
165.83 139.00
165.83 138.00
165.83 137.00
165.00 136.17
164.83 136.00
164.83 135.00
164.00 134.17
163.83 134.00
163.83 133.00
163.83 132.00
163.00 131.17
162.83 131.00
162.00 130.17
161.83 130.00
161.83 129.00
161.00 128.17
160.83 128.00
160.00 127.17
159.83 127.00
159.00 126.17
158.83 126.00
158.00 125.17
157.83 125.00
157.00 124.17
156.83 124.00
156.00 123.17
155.83 123.00
155.00 122.17
154.00 122.17
153.83 122.00
153.00 121.17
152.00 121.17
151.83 121.00
151.00 120.17
150.00 120.17
149.83 120.00
149.00 119.17
148.00 119.17
147.00 119.17
146.83 119.00
146.00 118.17
145.00 118.17
144.83 118.00
144.00 117.17
143.00 117.17
142.00 117.17
141.00 117.17
140.83 117.00
140.00 116.17
139.00 116.17
138.00 116.17
137.00 116.17
136.00 116.17
135.00 116.17
134.00 116.17
133.83 116.00
133.00 115.17
132.00 115.17
131.00 115.17
130.00 115.17
129.00 115.17
128.00 115.17
127.00 115.17
126.00 115.17
125.00 115.17
124.00 115.17
123.17 116.00
123.00 116.17
122.00 116.17
121.00 116.17
120.17 117.00
120.00 117.17
119.00 117.17
118.00 117.17
117.17 118.00
117.00 118.17
116.00 118.17
115.00 118.17
114.17 119.00
114.00 119.17
113.00 119.17
112.17 120.00
112.00 120.17
111.17 121.00
111.00 121.17
110.00 121.17
109.17 122.00
109.00 122.17
108.00 122.17
107.17 123.00
107.00 123.17
106.00 123.17
105.17 124.00
105.00 124.17
104.17 125.00
104.00 125.17
103.17 126.00
103.00 126.17
102.17 127.00
102.00 127.17
101.17 128.00
101.00 128.17
100.17 129.00
100.00 129.17
99.17 130.00
99.00 130.17
98.17 131.00
98.00 131.17
97.17 132.00
97.00 132.17
96.17 133.00
96.17 134.00
96.00 134.17
95.17 135.00
95.00 135.17
94.17 136.00
94.00 136.17
93.17 137.00
93.17 138.00
93.00 138.17
92.17 139.00
92.17 140.00
92.00 140.17
91.17 141.00
91.00 141.17
90.17 142.00
90.17 143.00
90.17 144.00
90.00 144.17
89.17 145.00
89.17 146.00
89.00 146.17
88.17 147.00
88.17 148.00
88.17 149.00
88.17 150.00
88.17 151.00
88.00 151.17
87.17 152.00
87.17 153.00
87.17 154.00
87.00 154.17
86.17 155.00
86.17 156.00
86.17 157.00
86.17 158.00
86.00 158.17
85.17 159.00
85.17 160.00
85.17 161.00
85.17 162.00
85.17 163.00
85.17 164.00
85.17 165.00
85.17 166.00
85.17 167.00
86.00 167.83
86.17 168.00
86.17 169.00
86.17 170.00
86.17 171.00
86.17 172.00
87.00 172.83
87.17 173.00
87.17 174.00
87.17 175.00
88.00 175.83
88.17 176.00
88.17 177.00
88.17 178.00
89.00 178.83
89.17 179.00
89.17 180.00
90.00 180.83
90.17 181.00
90.17 182.00
90.17 183.00
91.00 183.83
91.17 184.00
92.00 184.83
92.17 185.00
92.17 186.00
93.00 186.83
93.17 187.00
94.00 187.83
94.17 188.00
95.00 188.83
95.17 189.00
96.00 189.83
96.17 190.00
97.00 190.83
97.17 191.00
98.00 191.83
98.17 192.00
99.00 192.83
100.00 192.83
100.17 193.00
101.00 193.83
102.00 193.83
102.17 194.00
103.00 194.83
104.00 194.83
105.00 194.83
105.17 195.00
106.00 195.83
107.00 195.83
108.00 195.83
108.17 196.00
109.00 196.83
110.00 196.83
111.00 196.83
112.00 196.83
112.17 197.00
113.00 197.83
114.00 197.83
115.00 197.83
116.00 197.83
117.00 197.83
118.00 197.83
119.00 197.83
120.00 197.83
121.00 197.83
122.00 197.83
123.00 197.83
124.00 197.83
125.00 197.83
126.00 197.83
127.00 197.83
127.83 197.00
128.00 196.83
129.00 196.83
130.00 196.83
130.83 196.00
131.00 195.83
132.00 195.83
132.83 195.00
133.00 194.83
134.00 194.83
135.00 194.83
135.83 194.00
136.00 193.83
137.00 193.83
137.83 193.00
138.00 192.83
139.00 192.83
140.00 192.83
140.83 192.00
141.00 191.83
141.83 191.00
142.00 190.83
143.00 190.83
143.83 190.00
144.00 189.83
145.00 189.83
145.83 189.00
146.00 188.83
146.83 188.00
147.00 187.83
147.83 187.00
148.00 186.83
149.00 186.83
149.83 186.00
150.00 185.83
150.83 185.00
151.00 184.83
151.83 184.00
152.00 183.83
152.83 183.00
152.83 182.00
153.00 181.83
153.83 181.00
154.00 180.83
154.83 180.00
155.00 179.83
155.83 179.00
156.00 178.83
156.83 178.00
157.00 177.83
157.83 177.00
157.83 176.00
158.00 175.83
158.83 175.00
159.00 174.83
159.83 174.00
159.83 173.00
160.00 172.83
160.83 172.00
160.83 171.00
161.00 170.83
161.83 170.00
161.83 169.00
162.00 168.83
162.83 168.00
162.83 167.00
162.83 166.00
163.00 165.83
163.83 165.00
163.83 164.00
163.83 163.00
164.00 162.83
164.83 162.00
164.83 161.00
164.83 160.00
164.83 159.00
165.00 158.83
165.83 158.00

Contour 3:
207.88 814.00
207.88 813.00
207.88 812.00
207.88 811.00
207.88 810.00
207.88 809.00
207.88 808.00
207.88 807.00
207.00 806.12
206.88 806.00
206.88 805.00
206.88 804.00
206.00 803.12
205.88 803.00
205.88 802.00
205.00 801.12
204.88 801.00
204.00 800.12
203.88 800.00
203.00 799.12
202.88 799.00
202.00 798.12
201.88 798.00
201.00 797.12
200.88 797.00
200.00 796.12
199.00 796.12
198.88 796.00
198.00 795.12
197.88 795.00
197.00 794.12
196.88 794.00
196.00 793.12
195.88 793.00
195.00 792.12
194.88 792.00
194.00 791.12
193.00 791.12
192.88 791.00
192.00 790.12
191.88 790.00
191.00 789.12
190.88 789.00
190.00 788.12
189.00 788.12
188.88 788.00
188.00 787.12
187.00 787.12
186.88 787.00
186.00 786.12
185.00 786.12
184.00 786.12
183.00 786.12
182.00 786.12
181.00 786.12
180.00 786.12
179.00 786.12
178.00 786.12
177.00 786.12
176.00 786.12
175.00 786.12
174.00 786.12
173.00 786.12
172.00 786.12
171.00 786.12
170.00 786.12
169.00 786.12
168.00 786.12
167.00 786.12
166.12 787.00
166.00 787.12
165.00 787.12
164.00 787.12
163.12 788.00
163.00 788.12
162.00 788.12
161.00 788.12
160.12 789.00
160.00 789.12
159.00 789.12
158.12 790.00
158.00 790.12
157.00 790.12
156.12 791.00
156.00 791.12
155.00 791.12
154.12 792.00
154.00 792.12
153.00 792.12
152.12 793.00
152.00 793.12
151.12 794.00
151.00 794.12
150.12 795.00
150.00 795.12
149.12 796.00
149.00 796.12
148.12 797.00
148.00 797.12
147.12 798.00
147.00 798.12
146.12 799.00
146.00 799.12
145.12 800.00
145.00 800.12
144.12 801.00
144.12 802.00
144.00 802.12
143.12 803.00
143.00 803.12
142.12 804.00
142.00 804.12
141.12 805.00
141.12 806.00
141.00 806.12
140.12 807.00
140.12 808.00
140.00 808.12
139.12 809.00
139.12 810.00
139.00 810.12
138.12 811.00
138.12 812.00
138.12 813.00
138.00 813.12
137.12 814.00
137.12 815.00
137.12 816.00
137.12 817.00
137.12 818.00
137.12 819.00
137.12 820.00
137.12 821.00
137.12 822.00
137.12 823.00
137.12 824.00
137.12 825.00
137.12 826.00
137.12 827.00
137.12 828.00
138.00 828.88
138.12 829.00
138.12 830.00
138.12 831.00
139.00 831.88
139.12 832.00
139.12 833.00
139.12 834.00
140.00 834.88
140.12 835.00
140.12 836.00
141.00 836.88
141.12 837.00
142.00 837.88
142.12 838.00
142.12 839.00
143.00 839.88
143.12 840.00
144.00 840.88
144.12 841.00
145.00 841.88
145.12 842.00
146.00 842.88
146.12 843.00
147.00 843.88
147.12 844.00
148.00 844.88
149.00 844.88
149.12 845.00
150.00 845.88
151.00 845.88
151.12 846.00
152.00 846.88
153.00 846.88
153.12 847.00
154.00 847.88
155.00 847.88
156.00 847.88
156.12 848.00
157.00 848.88
158.00 848.88
159.00 848.88
160.00 848.88
161.00 848.88
162.00 848.88
162.12 849.00
163.00 849.88
164.00 849.88
165.00 849.88
166.00 849.88
167.00 849.88
168.00 849.88
169.00 849.88
170.00 849.88
171.00 849.88
172.00 849.88
173.00 849.88
174.00 849.88
175.00 849.88
175.88 849.00
176.00 848.88
177.00 848.88
178.00 848.88
179.00 848.88
179.88 848.00
180.00 847.88
181.00 847.88
181.88 847.00
182.00 846.88
183.00 846.88
183.88 846.00
184.00 845.88
185.00 845.88
185.88 845.00
186.00 844.88
187.00 844.88
187.88 844.00
188.00 843.88
188.88 843.00
189.00 842.88
189.88 842.00
190.00 841.88
191.00 841.88
191.88 841.00
192.00 840.88
192.88 840.00
193.00 839.88
193.88 839.00
194.00 838.88
194.88 838.00
195.00 837.88
195.88 837.00
196.00 836.88
196.88 836.00
197.00 835.88
197.88 835.00
198.00 834.88
198.88 834.00
198.88 833.00
199.00 832.88
199.88 832.00
200.00 831.88
200.88 831.00
201.00 830.88
201.88 830.00
202.00 829.88
202.88 829.00
202.88 828.00
203.00 827.88
203.88 827.00
203.88 826.00
204.00 825.88
204.88 825.00
204.88 824.00
205.00 823.88
205.88 823.00
205.88 822.00
205.88 821.00
205.88 820.00
206.00 819.88
206.88 819.00
206.88 818.00
206.88 817.00
206.88 816.00
206.88 815.00
207.00 814.88
207.88 814.00

Contour 4:
305.90 399.00
305.90 398.00
305.90 397.00
305.90 396.00
305.90 395.00
305.00 394.10
304.90 394.00
304.90 393.00
304.90 392.00
304.90 391.00
304.90 390.00
304.90 389.00
304.90 388.00
304.90 387.00
304.00 386.10
303.90 386.00
303.90 385.00
303.90 384.00
303.00 383.10
302.90 383.00
302.90 382.00
302.90 381.00
302.00 380.10
301.90 380.00
301.90 379.00
301.00 378.10
300.90 378.00
300.00 377.10
299.90 377.00
299.00 376.10
298.90 376.00
298.00 375.10
297.90 375.00
297.00 374.10
296.90 374.00
296.90 373.00
296.00 372.10
295.90 372.00
295.00 371.10
294.00 371.10
293.90 371.00
293.00 370.10
292.90 370.00
292.00 369.10
291.00 369.10
290.90 369.00
290.00 368.10
289.00 368.10
288.90 368.00
288.00 367.10
287.00 367.10
286.90 367.00
286.00 366.10
285.00 366.10
284.90 366.00
284.00 365.10
283.00 365.10
282.00 365.10
281.90 365.00
281.00 364.10
280.00 364.10
279.00 364.10
278.90 364.00
278.00 363.10
277.00 363.10
276.00 363.10
275.00 363.10
274.00 363.10
273.10 364.00
273.00 364.10
272.00 364.10
271.00 364.10
270.10 365.00
270.00 365.10
269.00 365.10
268.00 365.10
267.10 366.00
267.00 366.10
266.00 366.10
265.00 366.10
264.00 366.10
263.10 367.00
263.00 367.10
262.00 367.10
261.00 367.10
260.10 368.00
260.00 368.10
259.00 368.10
258.10 369.00
258.00 369.10
257.10 370.00
257.00 370.10
256.10 371.00
256.00 371.10
255.10 372.00
255.00 372.10
254.10 373.00
254.00 373.10
253.10 374.00
253.00 374.10
252.10 375.00
252.00 375.10
251.10 376.00
251.00 376.10
250.10 377.00
250.00 377.10
249.10 378.00
249.00 378.10
248.10 379.00
248.00 379.10
247.10 380.00
247.10 381.00
247.00 381.10
246.10 382.00
246.10 383.00
246.00 383.10
245.10 384.00
245.00 384.10
244.10 385.00
244.10 386.00
244.00 386.10
243.10 387.00
243.10 388.00
243.10 389.00
243.10 390.00
243.00 390.10
242.10 391.00
242.10 392.00
242.10 393.00
242.10 394.00
242.10 395.00
242.10 396.00
242.00 396.10
241.10 397.00
241.10 398.00
241.10 399.00
241.10 400.00
241.10 401.00
241.10 402.00
241.10 403.00
241.10 404.00
241.10 405.00
241.10 406.00
242.00 406.90
242.10 407.00
242.10 408.00
242.10 409.00
242.10 410.00
243.00 410.90
243.10 411.00
243.10 412.00
243.10 413.00
243.10 414.00
244.00 414.90
244.10 415.00
244.10 416.00
245.00 416.90
245.10 417.00
245.10 418.00
246.00 418.90
246.10 419.00
246.10 420.00
247.00 420.90
247.10 421.00
248.00 421.90
248.10 422.00
249.00 422.90
249.10 423.00
250.00 423.90
250.10 424.00
251.00 424.90
251.10 425.00
252.00 425.90
252.10 426.00
253.00 426.90
254.00 426.90
254.10 427.00
255.00 427.90
255.10 428.00
256.00 428.90
257.00 428.90
257.10 429.00
258.00 429.90
259.00 429.90
259.10 430.00
260.00 430.90
261.00 430.90
261.10 431.00
262.00 431.90
263.00 431.90
264.00 431.90
264.10 432.00
265.00 432.90
266.00 432.90
266.10 433.00
267.00 433.90
268.00 433.90
269.00 433.90
270.00 433.90
270.10 434.00
271.00 434.90
272.00 434.90
273.00 434.90
274.00 434.90
275.00 434.90
276.00 434.90
277.00 434.90
278.00 434.90
279.00 434.90
280.00 434.90
281.00 434.90
282.00 434.90
283.00 434.90
284.00 434.90
285.00 434.90
286.00 434.90
286.90 434.00
287.00 433.90
288.00 433.90
289.00 433.90
289.90 433.00
290.00 432.90
291.00 432.90
291.90 432.00
292.00 431.90
293.00 431.90
293.90 431.00
294.00 430.90
294.90 430.00
294.90 429.00
295.00 428.90
295.90 428.00
296.00 427.90
296.90 427.00
296.90 426.00
297.00 425.90
297.90 425.00
298.00 424.90
298.90 424.00
298.90 423.00
298.90 422.00
299.00 421.90
299.90 421.00
299.90 420.00
299.90 419.00
300.00 418.90
300.90 418.00
300.90 417.00
300.90 416.00
301.00 415.90
301.90 415.00
301.90 414.00
301.90 413.00
302.00 412.90
302.90 412.00
302.90 411.00
302.90 410.00
302.90 409.00
303.00 408.90
303.90 408.00
303.90 407.00
303.90 406.00
303.90 405.00
304.00 404.90
304.90 404.00
304.90 403.00
304.90 402.00
304.90 401.00
304.90 400.00
305.00 399.90
305.90 399.00

Contour 5:
341.92 519.00
341.92 518.00
341.92 517.00
341.92 516.00
341.92 515.00
341.92 514.00
341.92 513.00
341.92 512.00
341.92 511.00
341.92 510.00
341.92 509.00
341.92 508.00
341.92 507.00
341.00 506.08
340.92 506.00
340.92 505.00
340.92 504.00
340.92 503.00
340.00 502.08
339.92 502.00
339.92 501.00
339.00 500.08
338.92 500.00
338.92 499.00
338.00 498.08
337.92 498.00
337.00 497.08
336.92 497.00
336.00 496.08
335.92 496.00
335.00 495.08
334.92 495.00
334.00 494.08
333.92 494.00
333.00 493.08
332.92 493.00
332.00 492.08
331.00 492.08
330.92 492.00
330.00 491.08
329.92 491.00
329.00 490.08
328.92 490.00
328.00 489.08
327.00 489.08
326.92 489.00
326.00 488.08
325.00 488.08
324.92 488.00
324.00 487.08
323.00 487.08
322.00 487.08
321.00 487.08
320.92 487.00
320.00 486.08
319.00 486.08
318.00 486.08
317.00 486.08
316.00 486.08
315.00 486.08
314.92 486.00
314.00 485.08
313.00 485.08
312.00 485.08
311.00 485.08
310.00 485.08
309.08 486.00
309.00 486.08
308.00 486.08
307.00 486.08
306.00 486.08
305.00 486.08
304.00 486.08
303.00 486.08
302.00 486.08
301.00 486.08
300.00 486.08
299.00 486.08
298.00 486.08
297.00 486.08
296.00 486.08
295.00 486.08
294.00 486.08
293.00 486.08
292.00 486.08
291.08 487.00
291.00 487.08
290.00 487.08
289.00 487.08
288.00 487.08
287.08 488.00
287.00 488.08
286.00 488.08
285.08 489.00
285.00 489.08
284.00 489.08
283.08 490.00
283.00 490.08
282.08 491.00
282.00 491.08
281.00 491.08
280.08 492.00
280.00 492.08
279.08 493.00
279.08 494.00
279.00 494.08
278.08 495.00
278.00 495.08
277.08 496.00
277.08 497.00
277.00 497.08
276.08 498.00
276.08 499.00
276.08 500.00
276.00 500.08
275.08 501.00
275.08 502.00
275.08 503.00
275.08 504.00
275.08 505.00
275.08 506.00
275.08 507.00
275.08 508.00
275.08 509.00
275.08 510.00
275.08 511.00
275.08 512.00
276.00 512.92
276.08 513.00
276.08 514.00
276.08 515.00
277.00 515.92
277.08 516.00
277.08 517.00
277.08 518.00
278.00 518.92
278.08 519.00
278.08 520.00
279.00 520.92
279.08 521.00
280.00 521.92
280.08 522.00
280.08 523.00
281.00 523.92
281.08 524.00
282.00 524.92
282.08 525.00
283.00 525.92
283.08 526.00
284.00 526.92
284.08 527.00
285.00 527.92
285.08 528.00
286.00 528.92
286.08 529.00
286.08 530.00
287.00 530.92
287.08 531.00
288.00 531.92
289.00 531.92
289.08 532.00
290.00 532.92
290.08 533.00
291.00 533.92
292.00 533.92
292.08 534.00
293.00 534.92
294.00 534.92
294.08 535.00
295.00 535.92
296.00 535.92
297.00 535.92
297.08 536.00
298.00 536.92
299.00 536.92
300.00 536.92
300.08 537.00
301.00 537.92
302.00 537.92
303.00 537.92
303.08 538.00
304.00 538.92
305.00 538.92
306.00 538.92
307.00 538.92
308.00 538.92
309.00 538.92
310.00 538.92
310.08 539.00
311.00 539.92
312.00 539.92
313.00 539.92
314.00 539.92
315.00 539.92
316.00 539.92
317.00 539.92
318.00 539.92
319.00 539.92
320.00 539.92
321.00 539.92
321.92 539.00
322.00 538.92
323.00 538.92
324.00 538.92
324.92 538.00
325.00 537.92
326.00 537.92
327.00 537.92
327.92 537.00
328.00 536.92
328.92 536.00
329.00 535.92
330.00 535.92
330.92 535.00
331.00 534.92
331.92 534.00
332.00 533.92
332.92 533.00
333.00 532.92
333.92 532.00
334.00 531.92
334.92 531.00
335.00 530.92
335.92 530.00
336.00 529.92
336.92 529.00
336.92 528.00
337.00 527.92
337.92 527.00
338.00 526.92
338.92 526.00
338.92 525.00
339.00 524.92
339.92 524.00
339.92 523.00
340.00 522.92
340.92 522.00
340.92 521.00
340.92 520.00
341.00 519.92
341.92 519.00

Contour 6:
331.07 0.00
331.00 0.07
330.00 0.07
329.00 0.07
328.00 0.07
327.07 1.00
327.00 1.07
326.00 1.07
325.00 1.07
324.00 1.07
323.07 2.00
323.00 2.07
322.00 2.07
321.93 2.00
321.00 1.07
320.00 1.07
319.00 1.07
318.00 1.07
317.00 1.07
316.00 1.07
315.00 1.07
314.00 1.07
313.00 1.07
312.00 1.07
311.00 1.07
310.00 1.07
309.00 1.07
308.00 1.07
307.00 1.07
306.00 1.07
305.00 1.07
304.00 1.07
303.00 1.07
302.00 1.07
301.07 2.00
301.00 2.07
300.07 3.00
300.00 3.07
299.00 3.07
298.07 4.00
298.00 4.07
297.00 4.07
296.07 5.00
296.07 6.00
296.00 6.07
295.07 7.00
295.07 8.00
295.00 8.07
294.07 9.00
294.07 10.00
294.07 11.00
294.07 12.00
294.00 12.07
293.07 13.00
293.07 14.00
293.07 15.00
293.07 16.00
293.07 17.00
293.00 17.07
292.07 18.00
292.07 19.00
293.00 19.93
293.07 20.00
293.07 21.00
293.07 22.00
294.00 22.93
294.07 23.00
294.07 24.00
294.07 25.00
295.00 25.93
295.07 26.00
295.07 27.00
296.00 27.93
296.07 28.00
296.07 29.00
296.07 30.00
296.07 31.00
297.00 31.93
297.07 32.00
297.07 33.00
298.00 33.93
298.07 34.00
298.07 35.00
299.00 35.93
299.07 36.00
300.00 36.93
301.00 36.93
301.07 37.00
302.00 37.93
303.00 37.93
304.00 37.93
304.07 38.00
305.00 38.93
306.00 38.93
307.00 38.93
308.00 38.93
308.07 39.00
309.00 39.93
310.00 39.93
311.00 39.93
312.00 39.93
313.00 39.93
314.00 39.93
315.00 39.93
316.00 39.93
317.00 39.93
317.93 39.00
318.00 38.93
319.00 38.93
320.00 38.93
321.00 38.93
322.00 38.93
322.93 38.00
323.00 37.93
324.00 37.93
325.00 37.93
325.93 37.00
326.00 36.93
327.00 36.93
327.93 36.00
328.00 35.93
328.93 35.00
329.00 34.93
330.00 34.93
330.93 34.00
331.00 33.93
331.93 33.00
332.00 32.93
333.00 32.93
333.93 32.00
334.00 31.93
334.93 31.00
335.00 30.93
336.00 30.93
336.93 30.00
337.00 29.93
337.93 29.00
338.00 28.93
338.93 28.00
339.00 27.93
339.93 27.00
340.00 26.93
340.93 26.00
341.00 25.93
341.93 25.00
342.00 24.93
343.00 24.93
343.93 24.00
343.93 23.00
344.00 22.93
344.93 22.00
345.00 21.93
345.93 21.00
346.00 20.93
346.93 20.00
347.00 19.93
347.93 19.00
347.93 18.00
348.00 17.93
348.93 17.00
348.93 16.00
348.93 15.00
349.00 14.93
349.93 14.00
349.93 13.00
349.93 12.00
350.00 11.93
350.93 11.00
350.93 10.00
350.93 9.00
351.00 8.93
351.93 8.00
351.93 7.00
351.93 6.00
351.93 5.00
351.00 4.07
350.93 4.00
350.93 3.00
350.00 2.07
349.93 2.00
349.00 1.07
348.00 1.07
347.93 1.00
347.00 0.07
346.00 0.07
345.00 0.07
344.93 0.00

Contour 7:
441.94 161.00
441.94 160.00
441.94 159.00
441.94 158.00
441.94 157.00
441.94 156.00
441.94 155.00
441.94 154.00
441.94 153.00
441.94 152.00
441.94 151.00
441.94 150.00
441.94 149.00
441.94 148.00
441.94 147.00
441.94 146.00
441.00 145.06
440.94 145.00
440.94 144.00
440.94 143.00
440.00 142.06
439.94 142.00
439.94 141.00
439.00 140.06
438.94 140.00
438.94 139.00
438.00 138.06
437.94 138.00
437.00 137.06
436.94 137.00
436.94 136.00
436.00 135.06
435.94 135.00
435.00 134.06
434.94 134.00
434.00 133.06
433.94 133.00
433.00 132.06
432.94 132.00
432.00 131.06
431.94 131.00
431.00 130.06
430.94 130.00
430.00 129.06
429.94 129.00
429.00 128.06
428.00 128.06
427.94 128.00
427.00 127.06
426.94 127.00
426.00 126.06
425.94 126.00
425.00 125.06
424.00 125.06
423.94 125.00
423.00 124.06
422.00 124.06
421.00 124.06
420.94 124.00
420.00 123.06
419.00 123.06
418.00 123.06
417.00 123.06
416.00 123.06
415.94 123.00
415.00 122.06
414.00 122.06
413.00 122.06
412.00 122.06
411.00 122.06
410.00 122.06
409.00 122.06
408.00 122.06
407.06 123.00
407.00 123.06
406.00 123.06
405.00 123.06
404.00 123.06
403.00 123.06
402.06 124.00
402.00 124.06
401.00 124.06
400.00 124.06
399.06 125.00
399.00 125.06
398.00 125.06
397.00 125.06
396.06 126.00
396.00 126.06
395.00 126.06
394.00 126.06
393.00 126.06
392.06 127.00
392.00 127.06
391.00 127.06
390.06 128.00
390.00 128.06
389.00 128.06
388.06 129.00
388.00 129.06
387.00 129.06
386.06 130.00
386.00 130.06
385.06 131.00
385.00 131.06
384.00 131.06
383.06 132.00
383.00 132.06
382.06 133.00
382.00 133.06
381.00 133.06
380.06 134.00
380.00 134.06
379.06 135.00
379.00 135.06
378.00 135.06
377.06 136.00
377.00 136.06
376.00 136.06
375.06 137.00
375.00 137.06
374.06 138.00
374.00 138.06
373.00 138.06
372.06 139.00
372.00 139.06
371.06 140.00
371.00 140.06
370.06 141.00
370.00 141.06
369.00 141.06
368.06 142.00
368.00 142.06
367.06 143.00
367.06 144.00
367.00 144.06
366.06 145.00
366.00 145.06
365.06 146.00
365.00 146.06
364.06 147.00
364.06 148.00
364.00 148.06
363.06 149.00
363.00 149.06
362.06 150.00
362.06 151.00
362.06 152.00
362.00 152.06
361.06 153.00
361.06 154.00
361.00 154.06
360.06 155.00
360.06 156.00
360.06 157.00
360.00 157.06
359.06 158.00
359.06 159.00
359.06 160.00
359.06 161.00
359.06 162.00
359.06 163.00
359.06 164.00
359.06 165.00
359.06 166.00
359.06 167.00
359.06 168.00
359.06 169.00
359.06 170.00
359.06 171.00
359.06 172.00
360.00 172.94
360.06 173.00
360.06 174.00
360.06 175.00
361.00 175.94
361.06 176.00
361.06 177.00
362.00 177.94
362.06 178.00
362.06 179.00
363.00 179.94
363.06 180.00
363.06 181.00
364.00 181.94
364.06 182.00
364.06 183.00
365.00 183.94
365.06 184.00
366.00 184.94
366.06 185.00
367.00 185.94
367.06 186.00
368.00 186.94
368.06 187.00
369.00 187.94
369.06 188.00
370.00 188.94
370.06 189.00
371.00 189.94
371.06 190.00
372.00 190.94
373.00 190.94
373.06 191.00
374.00 191.94
375.00 191.94
375.06 192.00
376.00 192.94
377.00 192.94
377.06 193.00
378.00 193.94
379.00 193.94
379.06 194.00
380.00 194.94
381.00 194.94
382.00 194.94
382.06 195.00
383.00 195.94
384.00 195.94
385.00 195.94
385.06 196.00
386.00 196.94
387.00 196.94
388.00 196.94
389.00 196.94
390.00 196.94
390.06 197.00
391.00 197.94
392.00 197.94
393.00 197.94
393.94 197.00
394.00 196.94
395.00 196.94
396.00 196.94
397.00 196.94
398.00 196.94
398.94 196.00
399.00 195.94
400.00 195.94
401.00 195.94
401.94 195.00
402.00 194.94
403.00 194.94
404.00 194.94
404.94 194.00
405.00 193.94
406.00 193.94
406.94 193.00
407.00 192.94
408.00 192.94
409.00 192.94
409.94 192.00
410.00 191.94
410.94 191.00
411.00 190.94
412.00 190.94
412.94 190.00
413.00 189.94
414.00 189.94
414.94 189.00
415.00 188.94
416.00 188.94
416.94 188.00
417.00 187.94
418.00 187.94
418.94 187.00
419.00 186.94
419.94 186.00
420.00 185.94
421.00 185.94
421.94 185.00
422.00 184.94
422.94 184.00
423.00 183.94
423.94 183.00
424.00 182.94
425.00 182.94
425.94 182.00
426.00 181.94
426.94 181.00
427.00 180.94
427.94 180.00
428.00 179.94
428.94 179.00
429.00 178.94
429.94 178.00
430.00 177.94
430.94 177.00
431.00 176.94
431.94 176.00
432.00 175.94
432.94 175.00
433.00 174.94
433.94 174.00
434.00 173.94
434.94 173.00
435.00 172.94
435.94 172.00
436.00 171.94
436.94 171.00
437.00 170.94
437.94 170.00
437.94 169.00
438.00 168.94
438.94 168.00
438.94 167.00
439.00 166.94
439.94 166.00
439.94 165.00
440.00 164.94
440.94 164.00
440.94 163.00
440.94 162.00
441.00 161.94
441.94 161.00

Contour 8:
428.94 372.00
428.94 371.00
428.94 370.00
428.94 369.00
428.94 368.00
428.94 367.00
428.00 366.06
427.94 366.00
427.94 365.00
427.94 364.00
427.94 363.00
427.00 362.06
426.94 362.00
426.94 361.00
426.94 360.00
426.94 359.00
426.00 358.06
425.94 358.00
425.94 357.00
425.00 356.06
424.94 356.00
424.94 355.00
424.00 354.06
423.94 354.00
423.94 353.00
423.00 352.06
422.94 352.00
422.00 351.06
421.94 351.00
421.00 350.06
420.94 350.00
420.00 349.06
419.00 349.06
418.94 349.00
418.00 348.06
417.94 348.00
417.00 347.06
416.94 347.00
416.00 346.06
415.94 346.00
415.00 345.06
414.00 345.06
413.94 345.00
413.00 344.06
412.94 344.00
412.00 343.06
411.00 343.06
410.94 343.00
410.00 342.06
409.00 342.06
408.94 342.00
408.00 341.06
407.00 341.06
406.94 341.00
406.00 340.06
405.94 340.00
405.00 339.06
404.00 339.06
403.94 339.00
403.00 338.06
402.00 338.06
401.00 338.06
400.94 338.00
400.00 337.06
399.00 337.06
398.00 337.06
397.00 337.06
396.00 337.06
395.00 337.06
394.00 337.06
393.00 337.06
392.00 337.06
391.00 337.06
390.00 337.06
389.00 337.06
388.06 338.00
388.00 338.06
387.00 338.06
386.00 338.06
385.00 338.06
384.06 339.00
384.00 339.06
383.00 339.06
382.00 339.06
381.06 340.00
381.00 340.06
380.00 340.06
379.06 341.00
379.00 341.06
378.00 341.06
377.06 342.00
377.00 342.06
376.06 343.00
376.00 343.06
375.00 343.06
374.06 344.00
374.00 344.06
373.06 345.00
373.00 345.06
372.06 346.00
372.00 346.06
371.06 347.00
371.06 348.00
371.00 348.06
370.06 349.00
370.00 349.06
369.06 350.00
369.06 351.00
369.00 351.06
368.06 352.00
368.06 353.00
368.00 353.06
367.06 354.00
367.06 355.00
367.06 356.00
367.00 356.06
366.06 357.00
366.06 358.00
366.06 359.00
366.06 360.00
366.00 360.06
365.06 361.00
365.06 362.00
365.06 363.00
365.06 364.00
365.06 365.00
365.06 366.00
365.06 367.00
365.06 368.00
365.06 369.00
365.06 370.00
365.06 371.00
366.00 371.94
366.06 372.00
366.06 373.00
366.06 374.00
366.06 375.00
367.00 375.94
367.06 376.00
367.06 377.00
368.00 377.94
368.06 378.00
368.06 379.00
369.00 379.94
369.06 380.00
369.06 381.00
370.00 381.94
370.06 382.00
370.06 383.00
371.00 383.94
371.06 384.00
372.00 384.94
372.06 385.00
373.00 385.94
373.06 386.00
374.00 386.94
374.06 387.00
375.00 387.94
375.06 388.00
376.00 388.94
376.06 389.00
377.00 389.94
377.06 390.00
378.00 390.94
379.00 390.94
379.06 391.00
380.00 391.94
381.00 391.94
381.06 392.00
382.00 392.94
382.06 393.00
383.00 393.94
383.06 394.00
384.00 394.94
385.00 394.94
385.06 395.00
386.00 395.94
386.06 396.00
387.00 396.94
387.06 397.00
388.00 397.94
388.06 398.00
389.00 398.94
390.00 398.94
390.06 399.00
391.00 399.94
391.06 400.00
392.00 400.94
393.00 400.94
394.00 400.94
394.06 401.00
395.00 401.94
396.00 401.94
397.00 401.94
398.00 401.94
398.94 401.00
399.00 400.94
400.00 400.94
401.00 400.94
402.00 400.94
403.00 400.94
404.00 400.94
404.94 400.00
405.00 399.94
406.00 399.94
407.00 399.94
408.00 399.94
409.00 399.94
410.00 399.94
411.00 399.94
412.00 399.94
413.00 399.94
413.94 399.00
414.00 398.94
415.00 398.94
415.94 398.00
416.00 397.94
416.94 397.00
417.00 396.94
417.94 396.00
418.00 395.94
418.94 395.00
419.00 394.94
419.94 394.00
419.94 393.00
420.00 392.94
420.94 392.00
421.00 391.94
421.94 391.00
421.94 390.00
422.00 389.94
422.94 389.00
423.00 388.94
423.94 388.00
423.94 387.00
423.94 386.00
424.00 385.94
424.94 385.00
424.94 384.00
424.94 383.00
425.00 382.94
425.94 382.00
425.94 381.00
426.00 380.94
426.94 380.00
426.94 379.00
426.94 378.00
427.00 377.94
427.94 377.00
427.94 376.00
427.94 375.00
427.94 374.00
427.94 373.00
428.00 372.94
428.94 372.00

Contour 9:
477.95 242.00
477.95 241.00
477.95 240.00
477.95 239.00
477.95 238.00
477.95 237.00
477.95 236.00
477.95 235.00
477.95 234.00
477.95 233.00
477.95 232.00
477.95 231.00
477.95 230.00
477.95 229.00
477.95 228.00
477.00 227.05
476.95 227.00
476.95 226.00
476.95 225.00
476.95 224.00
476.00 223.05
475.95 223.00
475.95 222.00
475.00 221.05
474.95 221.00
474.95 220.00
474.00 219.05
473.95 219.00
473.00 218.05
472.95 218.00
472.95 217.00
472.00 216.05
471.95 216.00
471.00 215.05
470.95 215.00
470.95 214.00
470.00 213.05
469.95 213.00
469.00 212.05
468.95 212.00
468.00 211.05
467.00 211.05
466.95 211.00
466.00 210.05
465.95 210.00
465.00 209.05
464.00 209.05
463.95 209.00
463.00 208.05
462.00 208.05
461.95 208.00
461.00 207.05
460.00 207.05
459.95 207.00
459.00 206.05
458.00 206.05
457.00 206.05
456.00 206.05
455.00 206.05
454.00 206.05
453.00 206.05
452.00 206.05
451.00 206.05
450.00 206.05
449.00 206.05
448.95 206.00
448.00 205.05
447.00 205.05
446.00 205.05
445.00 205.05
444.00 205.05
443.00 205.05
442.00 205.05
441.00 205.05
440.00 205.05
439.00 205.05
438.05 206.00
438.00 206.05
437.00 206.05
436.00 206.05
435.00 206.05
434.00 206.05
433.00 206.05
432.00 206.05
431.00 206.05
430.05 207.00
430.00 207.05
429.00 207.05
428.00 207.05
427.00 207.05
426.05 208.00
426.00 208.05
425.00 208.05
424.05 209.00
424.00 209.05
423.00 209.05
422.05 210.00
422.00 210.05
421.00 210.05
420.05 211.00
420.00 211.05
419.05 212.00
419.00 212.05
418.00 212.05
417.05 213.00
417.00 213.05
416.00 213.05
415.05 214.00
415.00 214.05
414.00 214.05
413.05 215.00
413.00 215.05
412.00 215.05
411.05 216.00
411.00 216.05
410.00 216.05
409.05 217.00
409.00 217.05
408.05 218.00
408.00 218.05
407.05 219.00
407.00 219.05
406.05 220.00
406.00 220.05
405.05 221.00
405.00 221.05
404.05 222.00
404.00 222.05
403.05 223.00
403.00 223.05
402.05 224.00
402.00 224.05
401.05 225.00
401.00 225.05
400.05 226.00
400.00 226.05
399.05 227.00
399.00 227.05
398.05 228.00
398.00 228.05
397.05 229.00
397.05 230.00
397.00 230.05
396.05 231.00
396.00 231.05
395.05 232.00
395.05 233.00
395.00 233.05
394.05 234.00
394.05 235.00
394.00 235.05
393.05 236.00
393.00 236.05
392.05 237.00
392.05 238.00
392.00 238.05
391.05 239.00
391.05 240.00
391.00 240.05
390.05 241.00
390.05 242.00
390.00 242.05
389.05 243.00
389.05 244.00
389.05 245.00
389.00 245.05
388.05 246.00
388.05 247.00
388.05 248.00
388.05 249.00
388.05 250.00
388.05 251.00
388.05 252.00
388.05 253.00
388.00 253.05
387.05 254.00
387.05 255.00
388.00 255.95
388.05 256.00
388.05 257.00
388.05 258.00
388.05 259.00
388.05 260.00
388.05 261.00
389.00 261.95
389.05 262.00
389.05 263.00
389.05 264.00
390.00 264.95
390.05 265.00
390.05 266.00
391.00 266.95
391.05 267.00
391.05 268.00
392.00 268.95
392.05 269.00
393.00 269.95
393.05 270.00
394.00 270.95
394.05 271.00
395.00 271.95
395.05 272.00
395.05 273.00
396.00 273.95
397.00 273.95
397.05 274.00
398.00 274.95
398.05 275.00
399.00 275.95
399.05 276.00
400.00 276.95
401.00 276.95
401.05 277.00
402.00 277.95
403.00 277.95
403.05 278.00
404.00 278.95
404.05 279.00
405.00 279.95
406.00 279.95
406.05 280.00
407.00 280.95
408.00 280.95
409.00 280.95
410.00 280.95
410.05 281.00
411.00 281.95
412.00 281.95
413.00 281.95
414.00 281.95
414.05 282.00
415.00 282.95
416.00 282.95
417.00 282.95
418.00 282.95
419.00 282.95
420.00 282.95
421.00 282.95
422.00 282.95
423.00 282.95
424.00 282.95
425.00 282.95
426.00 282.95
427.00 282.95
428.00 282.95
429.00 282.95
430.00 282.95
431.00 282.95
432.00 282.95
432.95 282.00
433.00 281.95
434.00 281.95
435.00 281.95
436.00 281.95
436.95 281.00
437.00 280.95
438.00 280.95
439.00 280.95
439.95 280.00
440.00 279.95
441.00 279.95
442.00 279.95
443.00 279.95
443.95 279.00
444.00 278.95
445.00 278.95
445.95 278.00
446.00 277.95
447.00 277.95
447.95 277.00
448.00 276.95
448.95 276.00
449.00 275.95
450.00 275.95
450.95 275.00
451.00 274.95
452.00 274.95
452.95 274.00
453.00 273.95
453.95 273.00
454.00 272.95
454.95 272.00
455.00 271.95
456.00 271.95
456.95 271.00
457.00 270.95
457.95 270.00
458.00 269.95
458.95 269.00
459.00 268.95
459.95 268.00
460.00 267.95
460.95 267.00
461.00 266.95
461.95 266.00
462.00 265.95
462.95 265.00
463.00 264.95
463.95 264.00
464.00 263.95
465.00 263.95
465.95 263.00
466.00 262.95
466.95 262.00
467.00 261.95
467.95 261.00
468.00 260.95
468.95 260.00
469.00 259.95
469.95 259.00
469.95 258.00
470.00 257.95
470.95 257.00
471.00 256.95
471.95 256.00
472.00 255.95
472.95 255.00
472.95 254.00
473.00 253.95
473.95 253.00
473.95 252.00
474.00 251.95
474.95 251.00
474.95 250.00
475.00 249.95
475.95 249.00
475.95 248.00
475.95 247.00
476.00 246.95
476.95 246.00
476.95 245.00
476.95 244.00
476.95 243.00
477.00 242.95
477.95 242.00

Contour 10:
468.95 484.00
468.95 483.00
468.95 482.00
468.95 481.00
468.95 480.00
468.95 479.00
468.95 478.00
468.95 477.00
468.95 476.00
468.00 475.05
467.95 475.00
467.95 474.00
467.00 473.05
466.95 473.00
466.95 472.00
466.00 471.05
465.95 471.00
465.00 470.05
464.95 470.00
464.00 469.05
463.95 469.00
463.00 468.05
462.95 468.00
462.00 467.05
461.95 467.00
461.00 466.05
460.95 466.00
460.00 465.05
459.95 465.00
459.00 464.05
458.95 464.00
458.00 463.05
457.95 463.00
457.00 462.05
456.00 462.05
455.95 462.00
455.00 461.05
454.95 461.00
454.00 460.05
453.95 460.00
453.00 459.05
452.95 459.00
452.00 458.05
451.00 458.05
450.95 458.00
450.00 457.05
449.00 457.05
448.95 457.00
448.00 456.05
447.00 456.05
446.95 456.00
446.00 455.05
445.00 455.05
444.95 455.00
444.00 454.05
443.95 454.00
443.00 453.05
442.95 453.00
442.00 452.05
441.95 452.00
441.00 451.05
440.00 451.05
439.95 451.00
439.00 450.05
438.00 450.05
437.95 450.00
437.00 449.05
436.00 449.05
435.95 449.00
435.00 448.05
434.00 448.05
433.00 448.05
432.95 448.00
432.00 447.05
431.00 447.05
430.00 447.05
429.00 447.05
428.95 447.00
428.00 446.05
427.00 446.05
426.00 446.05
425.00 446.05
424.00 446.05
423.00 446.05
422.00 446.05
421.00 446.05
420.00 446.05
419.00 446.05
418.00 446.05
417.05 447.00
417.00 447.05
416.00 447.05
415.00 447.05
414.00 447.05
413.05 448.00
413.00 448.05
412.05 449.00
412.00 449.05
411.00 449.05
410.05 450.00
410.00 450.05
409.05 451.00
409.00 451.05
408.05 452.00
408.05 453.00
408.00 453.05
407.05 454.00
407.00 454.05
406.05 455.00
406.05 456.00
406.00 456.05
405.05 457.00
405.05 458.00
405.00 458.05
404.05 459.00
404.05 460.00
404.00 460.05
403.05 461.00
403.05 462.00
403.00 462.05
402.05 463.00
402.05 464.00
402.00 464.05
401.05 465.00
401.05 466.00
401.00 466.05
400.05 467.00
400.05 468.00
400.05 469.00
400.05 470.00
400.05 471.00
400.05 472.00
400.05 473.00
400.05 474.00
400.05 475.00
400.05 476.00
400.05 477.00
400.05 478.00
400.05 479.00
400.05 480.00
400.05 481.00
401.00 481.95
401.05 482.00
401.05 483.00
402.00 483.95
402.05 484.00
402.05 485.00
403.00 485.95
403.05 486.00
403.05 487.00
404.00 487.95
404.05 488.00
404.05 489.00
405.00 489.95
405.05 490.00
406.00 490.95
406.05 491.00
407.00 491.95
407.05 492.00
408.00 492.95
408.05 493.00
409.00 493.95
409.05 494.00
410.00 494.95
410.05 495.00
411.00 495.95
412.00 495.95
412.05 496.00
413.00 496.95
413.05 497.00
414.00 497.95
415.00 497.95
415.05 498.00
416.00 498.95
416.05 499.00
417.00 499.95
417.05 500.00
418.00 500.95
419.00 500.95
419.05 501.00
420.00 501.95
420.05 502.00
421.00 502.95
421.05 503.00
422.00 503.95
423.00 503.95
423.05 504.00
424.00 504.95
425.00 504.95
426.00 504.95
426.05 505.00
427.00 505.95
428.00 505.95
428.05 506.00
429.00 506.95
430.00 506.95
431.00 506.95
432.00 506.95
432.05 507.00
433.00 507.95
434.00 507.95
435.00 507.95
436.00 507.95
437.00 507.95
438.00 507.95
439.00 507.95
440.00 507.95
440.05 508.00
441.00 508.95
442.00 508.95
443.00 508.95
444.00 508.95
445.00 508.95
445.95 508.00
446.00 507.95
447.00 507.95
448.00 507.95
449.00 507.95
450.00 507.95
450.95 507.00
451.00 506.95
452.00 506.95
452.95 506.00
453.00 505.95
454.00 505.95
454.95 505.00
455.00 504.95
456.00 504.95
456.95 504.00
457.00 503.95
457.95 503.00
458.00 502.95
458.95 502.00
459.00 501.95
460.00 501.95
460.95 501.00
461.00 500.95
461.95 500.00
461.95 499.00
462.00 498.95
462.95 498.00
463.00 497.95
463.95 497.00
463.95 496.00
464.00 495.95
464.95 495.00
464.95 494.00
465.00 493.95
465.95 493.00
465.95 492.00
466.00 491.95
466.95 491.00
466.95 490.00
466.95 489.00
467.00 488.95
467.95 488.00
467.95 487.00
467.95 486.00
467.95 485.00
468.00 484.95
468.95 484.00

Contour 11:
519.96 701.00
519.96 700.00
519.96 699.00
519.96 698.00
519.96 697.00
519.96 696.00
519.96 695.00
519.96 694.00
519.00 693.04
518.96 693.00
518.96 692.00
518.96 691.00
518.96 690.00
518.96 689.00
518.96 688.00
518.00 687.04
517.96 687.00
517.96 686.00
517.96 685.00
517.00 684.04
516.96 684.00
516.96 683.00
516.00 682.04
515.96 682.00
515.96 681.00
515.00 680.04
514.96 680.00
514.96 679.00
514.00 678.04
513.96 678.00
513.00 677.04
512.96 677.00
512.00 676.04
511.96 676.00
511.00 675.04
510.00 675.04
509.96 675.00
509.00 674.04
508.96 674.00
508.00 673.04
507.96 673.00
507.00 672.04
506.96 672.00
506.00 671.04
505.00 671.04
504.96 671.00
504.00 670.04
503.96 670.00
503.00 669.04
502.00 669.04
501.96 669.00
501.00 668.04
500.96 668.00
500.00 667.04
499.00 667.04
498.96 667.00
498.00 666.04
497.00 666.04
496.96 666.00
496.00 665.04
495.00 665.04
494.00 665.04
493.96 665.00
493.00 664.04
492.00 664.04
491.00 664.04
490.00 664.04
489.00 664.04
488.00 664.04
487.00 664.04
486.00 664.04
485.00 664.04
484.00 664.04
483.04 665.00
483.00 665.04
482.00 665.04
481.04 666.00
481.00 666.04
480.00 666.04
479.04 667.00
479.00 667.04
478.00 667.04
477.04 668.00
477.00 668.04
476.00 668.04
475.04 669.00
475.00 669.04
474.00 669.04
473.04 670.00
473.00 670.04
472.00 670.04
471.04 671.00
471.00 671.04
470.04 672.00
470.00 672.04
469.04 673.00
469.00 673.04
468.04 674.00
468.00 674.04
467.04 675.00
467.00 675.04
466.04 676.00
466.00 676.04
465.04 677.00
465.00 677.04
464.04 678.00
464.04 679.00
464.00 679.04
463.04 680.00
463.00 680.04
462.04 681.00
462.04 682.00
462.00 682.04
461.04 683.00
461.04 684.00
461.00 684.04
460.04 685.00
460.04 686.00
460.00 686.04
459.04 687.00
459.04 688.00
459.04 689.00
459.04 690.00
459.04 691.00
459.00 691.04
458.04 692.00
458.04 693.00
458.04 694.00
458.04 695.00
458.04 696.00
458.04 697.00
459.00 697.96
459.04 698.00
459.04 699.00
459.04 700.00
459.04 701.00
459.04 702.00
459.04 703.00
459.04 704.00
459.04 705.00
460.00 705.96
460.04 706.00
460.04 707.00
460.04 708.00
460.04 709.00
461.00 709.96
461.04 710.00
461.04 711.00
461.04 712.00
462.00 712.96
462.04 713.00
462.04 714.00
463.00 714.96
463.04 715.00
463.04 716.00
464.00 716.96
464.04 717.00
464.04 718.00
465.00 718.96
465.04 719.00
466.00 719.96
466.04 720.00
467.00 720.96
467.04 721.00
468.00 721.96
468.04 722.00
469.00 722.96
469.04 723.00
470.00 723.96
470.04 724.00
471.00 724.96
471.04 725.00
472.00 725.96
473.00 725.96
473.04 726.00
474.00 726.96
474.04 727.00
475.00 727.96
476.00 727.96
476.04 728.00
477.00 728.96
477.04 729.00
478.00 729.96
479.00 729.96
479.04 730.00
480.00 730.96
481.00 730.96
481.04 731.00
482.00 731.96
483.00 731.96
484.00 731.96
485.00 731.96
485.04 732.00
486.00 732.96
487.00 732.96
488.00 732.96
489.00 732.96
490.00 732.96
491.00 732.96
492.00 732.96
493.00 732.96
494.00 732.96
495.00 732.96
496.00 732.96
496.96 732.00
497.00 731.96
498.00 731.96
499.00 731.96
499.96 731.00
500.00 730.96
501.00 730.96
501.96 730.00
502.00 729.96
503.00 729.96
503.96 729.00
504.00 728.96
504.96 728.00
505.00 727.96
505.96 727.00
506.00 726.96
507.00 726.96
507.96 726.00
508.00 725.96
508.96 725.00
509.00 724.96
509.96 724.00
510.00 723.96
510.96 723.00
510.96 722.00
511.00 721.96
511.96 721.00
512.00 720.96
512.96 720.00
512.96 719.00
513.00 718.96
513.96 718.00
513.96 717.00
514.00 716.96
514.96 716.00
514.96 715.00
515.00 714.96
515.96 714.00
515.96 713.00
515.96 712.00
516.00 711.96
516.96 711.00
516.96 710.00
516.96 709.00
517.00 708.96
517.96 708.00
517.96 707.00
517.96 706.00
518.00 705.96
518.96 705.00
518.96 704.00
518.96 703.00
518.96 702.00
519.00 701.96
519.96 701.00

Contour 12:
565.96 469.00
565.96 468.00
565.96 467.00
565.96 466.00
565.96 465.00
565.96 464.00
565.96 463.00
565.96 462.00
565.96 461.00
565.96 460.00
565.96 459.00
565.96 458.00
565.96 457.00
565.96 456.00
565.96 455.00
565.00 454.04
564.96 454.00
564.96 453.00
564.96 452.00
564.96 451.00
564.00 450.04
563.96 450.00
563.96 449.00
563.96 448.00
563.00 447.04
562.96 447.00
562.96 446.00
562.00 445.04
561.96 445.00
561.00 444.04
560.96 444.00
560.96 443.00
560.00 442.04
559.96 442.00
559.00 441.04
558.96 441.00
558.00 440.04
557.96 440.00
557.00 439.04
556.96 439.00
556.00 438.04
555.96 438.00
555.00 437.04
554.00 437.04
553.96 437.00
553.00 436.04
552.00 436.04
551.96 436.00
551.00 435.04
550.96 435.00
550.00 434.04
549.00 434.04
548.96 434.00
548.00 433.04
547.00 433.04
546.96 433.00
546.00 432.04
545.00 432.04
544.00 432.04
543.96 432.00
543.00 431.04
542.00 431.04
541.00 431.04
540.00 431.04
539.00 431.04
538.00 431.04
537.00 431.04
536.00 431.04
535.00 431.04
534.00 431.04
533.00 431.04
532.00 431.04
531.00 431.04
530.00 431.04
529.00 431.04
528.00 431.04
527.04 432.00
527.00 432.04
526.00 432.04
525.00 432.04
524.04 433.00
524.00 433.04
523.00 433.04
522.04 434.00
522.00 434.04
521.00 434.04
520.04 435.00
520.00 435.04
519.00 435.04
518.04 436.00
518.00 436.04
517.04 437.00
517.00 437.04
516.00 437.04
515.04 438.00
515.00 438.04
514.04 439.00
514.00 439.04
513.04 440.00
513.00 440.04
512.04 441.00
512.00 441.04
511.04 442.00
511.00 442.04
510.04 443.00
510.00 443.04
509.04 444.00
509.00 444.04
508.04 445.00
508.00 445.04
507.04 446.00
507.04 447.00
507.00 447.04
506.04 448.00
506.00 448.04
505.04 449.00
505.04 450.00
505.00 450.04
504.04 451.00
504.04 452.00
504.00 452.04
503.04 453.00
503.04 454.00
503.04 455.00
503.00 455.04
502.04 456.00
502.04 457.00
502.04 458.00
502.04 459.00
502.04 460.00
502.04 461.00
502.04 462.00
502.04 463.00
502.04 464.00
502.04 465.00
502.04 466.00
502.04 467.00
502.04 468.00
503.00 468.96
503.04 469.00
503.04 470.00
503.04 471.00
504.00 471.96
504.04 472.00
504.04 473.00
504.04 474.00
505.00 474.96
505.04 475.00
505.04 476.00
506.00 476.96
506.04 477.00
506.04 478.00
507.00 478.96
507.04 479.00
508.00 479.96
508.04 480.00
508.04 481.00
509.00 481.96
509.04 482.00
510.00 482.96
510.04 483.00
511.00 483.96
511.04 484.00
512.00 484.96
512.04 485.00
513.00 485.96
513.04 486.00
514.00 486.96
514.04 487.00
515.00 487.96
515.04 488.00
516.00 488.96
517.00 488.96
517.04 489.00
518.00 489.96
518.04 490.00
519.00 490.96
520.00 490.96
520.04 491.00
521.00 491.96
521.04 492.00
522.00 492.96
523.00 492.96
524.00 492.96
524.04 493.00
525.00 493.96
526.00 493.96
526.04 494.00
527.00 494.96
528.00 494.96
529.00 494.96
530.00 494.96
531.00 494.96
532.00 494.96
533.00 494.96
534.00 494.96
535.00 494.96
536.00 494.96
537.00 494.96
538.00 494.96
539.00 494.96
540.00 494.96
541.00 494.96
542.00 494.96
542.96 494.00
543.00 493.96
544.00 493.96
544.96 493.00
545.00 492.96
546.00 492.96
547.00 492.96
547.96 492.00
548.00 491.96
549.00 491.96
549.96 491.00
550.00 490.96
550.96 490.00
551.00 489.96
552.00 489.96
552.96 489.00
553.00 488.96
553.96 488.00
554.00 487.96
554.96 487.00
555.00 486.96
555.96 486.00
556.00 485.96
557.00 485.96
557.96 485.00
558.00 484.96
558.96 484.00
559.00 483.96
559.96 483.00
559.96 482.00
560.00 481.96
560.96 481.00
561.00 480.96
561.96 480.00
561.96 479.00
562.00 478.96
562.96 478.00
562.96 477.00
563.00 476.96
563.96 476.00
563.96 475.00
563.96 474.00
564.00 473.96
564.96 473.00
564.96 472.00
564.96 471.00
564.96 470.00
565.00 469.96
565.96 469.00

Contour 13:
569.96 585.00
569.96 584.00
569.96 583.00
569.96 582.00
569.96 581.00
569.96 580.00
569.00 579.04
568.96 579.00
568.96 578.00
568.96 577.00
568.96 576.00
568.96 575.00
568.96 574.00
568.96 573.00
568.96 572.00
568.00 571.04
567.96 571.00
567.96 570.00
567.96 569.00
567.00 568.04
566.96 568.00
566.00 567.04
565.96 567.00
565.96 566.00
565.00 565.04
564.96 565.00
564.00 564.04
563.96 564.00
563.96 563.00
563.00 562.04
562.96 562.00
562.00 561.04
561.96 561.00
561.00 560.04
560.96 560.00
560.00 559.04
559.96 559.00
559.00 558.04
558.00 558.04
557.96 558.00
557.00 557.04
556.00 557.04
555.96 557.00
555.00 556.04
554.00 556.04
553.96 556.00
553.00 555.04
552.00 555.04
551.96 555.00
551.00 554.04
550.00 554.04
549.00 554.04
548.00 554.04
547.00 554.04
546.00 554.04
545.00 554.04
544.00 554.04
543.00 554.04
542.00 554.04
541.00 554.04
540.00 554.04
539.00 554.04
538.04 555.00
538.00 555.04
537.00 555.04
536.00 555.04
535.04 556.00
535.00 556.04
534.00 556.04
533.04 557.00
533.00 557.04
532.00 557.04
531.00 557.04
530.04 558.00
530.00 558.04
529.00 558.04
528.04 559.00
528.00 559.04
527.04 560.00
527.00 560.04
526.00 560.04
525.04 561.00
525.00 561.04
524.00 561.04
523.04 562.00
523.00 562.04
522.04 563.00
522.00 563.04
521.04 564.00
521.00 564.04
520.00 564.04
519.04 565.00
519.00 565.04
518.04 566.00
518.04 567.00
518.00 567.04
517.04 568.00
517.00 568.04
516.04 569.00
516.00 569.04
515.04 570.00
515.04 571.00
515.00 571.04
514.04 572.00
514.04 573.00
514.00 573.04
513.04 574.00
513.04 575.00
513.00 575.04
512.04 576.00
512.04 577.00
512.00 577.04
511.04 578.00
511.04 579.00
511.04 580.00
511.00 580.04
510.04 581.00
510.04 582.00
510.04 583.00
510.04 584.00
510.04 585.00
510.04 586.00
510.00 586.04
509.04 587.00
509.04 588.00
509.04 589.00
509.04 590.00
509.04 591.00
509.04 592.00
510.00 592.96
510.04 593.00
510.04 594.00
510.04 595.00
510.04 596.00
510.04 597.00
510.04 598.00
510.04 599.00
511.00 599.96
511.04 600.00
511.04 601.00
511.04 602.00
512.00 602.96
512.04 603.00
512.04 604.00
513.00 604.96
513.04 605.00
513.04 606.00
514.00 606.96
514.04 607.00
515.00 607.96
515.04 608.00
516.00 608.96
516.04 609.00
517.00 609.96
517.04 610.00
518.00 610.96
518.04 611.00
519.00 611.96
519.04 612.00
520.00 612.96
520.04 613.00
521.00 613.96
521.04 614.00
522.00 614.96
522.04 615.00
523.00 615.96
524.00 615.96
524.04 616.00
525.00 616.96
525.04 617.00
526.00 617.96
526.04 618.00
527.00 618.96
528.00 618.96
528.04 619.00
529.00 619.96
530.00 619.96
530.04 620.00
531.00 620.96
532.00 620.96
533.00 620.96
533.04 621.00
534.00 621.96
535.00 621.96
536.00 621.96
537.00 621.96
538.00 621.96
539.00 621.96
540.00 621.96
541.00 621.96
542.00 621.96
543.00 621.96
544.00 621.96
545.00 621.96
546.00 621.96
546.96 621.00
547.00 620.96
548.00 620.96
548.96 620.00
549.00 619.96
550.00 619.96
550.96 619.00
551.00 618.96
552.00 618.96
552.96 618.00
553.00 617.96
554.00 617.96
554.96 617.00
555.00 616.96
555.96 616.00
556.00 615.96
556.96 615.00
557.00 614.96
557.96 614.00
558.00 613.96
558.96 613.00
559.00 612.96
559.96 612.00
560.00 611.96
560.96 611.00
560.96 610.00
561.00 609.96
561.96 609.00
562.00 608.96
562.96 608.00
562.96 607.00
563.00 606.96
563.96 606.00
563.96 605.00
564.00 604.96
564.96 604.00
564.96 603.00
565.00 602.96
565.96 602.00
565.96 601.00
565.96 600.00
566.00 599.96
566.96 599.00
566.96 598.00
566.96 597.00
566.96 596.00
567.00 595.96
567.96 595.00
567.96 594.00
567.96 593.00
568.00 592.96
568.96 592.00
568.96 591.00
568.96 590.00
568.96 589.00
568.96 588.00
568.96 587.00
568.96 586.00
569.00 585.96
569.96 585.00

Contour 14:
571.97 326.00
571.97 325.00
571.97 324.00
571.97 323.00
571.97 322.00
571.97 321.00
571.97 320.00
571.97 319.00
571.97 318.00
571.97 317.00
571.97 316.00
571.97 315.00
571.97 314.00
571.00 313.03
570.97 313.00
570.97 312.00
570.97 311.00
570.00 310.03
569.97 310.00
569.97 309.00
569.97 308.00
569.00 307.03
568.97 307.00
568.97 306.00
568.00 305.03
567.97 305.00
567.97 304.00
567.00 303.03
566.97 303.00
566.00 302.03
565.97 302.00
565.97 301.00
565.00 300.03
564.97 300.00
564.00 299.03
563.97 299.00
563.97 298.00
563.00 297.03
562.97 297.00
562.00 296.03
561.97 296.00
561.00 295.03
560.97 295.00
560.00 294.03
559.97 294.00
559.00 293.03
558.97 293.00
558.00 292.03
557.97 292.00
557.00 291.03
556.97 291.00
556.00 290.03
555.00 290.03
554.97 290.00
554.00 289.03
553.00 289.03
552.97 289.00
552.00 288.03
551.00 288.03
550.97 288.00
550.00 287.03
549.00 287.03
548.00 287.03
547.00 287.03
546.97 287.00
546.00 286.03
545.00 286.03
544.00 286.03
543.00 286.03
542.00 286.03
541.97 286.00
541.00 285.03
540.00 285.03
539.03 286.00
539.00 286.03
538.00 286.03
537.00 286.03
536.00 286.03
535.00 286.03
534.00 286.03
533.00 286.03
532.03 287.00
532.00 287.03
531.00 287.03
530.00 287.03
529.03 288.00
529.00 288.03
528.00 288.03
527.03 289.00
527.00 289.03
526.03 290.00
526.00 290.03
525.03 291.00
525.00 291.03
524.00 291.03
523.03 292.00
523.00 292.03
522.03 293.00
522.00 293.03
521.03 294.00
521.00 294.03
520.03 295.00
520.00 295.03
519.03 296.00
519.00 296.03
518.03 297.00
518.00 297.03
517.03 298.00
517.03 299.00
517.00 299.03
516.03 300.00
516.00 300.03
515.03 301.00
515.03 302.00
515.03 303.00
515.00 303.03
514.03 304.00
514.03 305.00
514.00 305.03
513.03 306.00
513.03 307.00
513.03 308.00
513.03 309.00
513.00 309.03
512.03 310.00
512.03 311.00
512.03 312.00
512.00 312.03
511.03 313.00
511.03 314.00
511.03 315.00
511.03 316.00
511.03 317.00
511.03 318.00
511.03 319.00
511.03 320.00
511.03 321.00
511.03 322.00
512.00 322.97
512.03 323.00
512.03 324.00
512.03 325.00
512.03 326.00
512.03 327.00
512.03 328.00
513.00 328.97
513.03 329.00
513.03 330.00
513.03 331.00
513.03 332.00
514.00 332.97
514.03 333.00
514.03 334.00
514.03 335.00
515.00 335.97
515.03 336.00
515.03 337.00
516.00 337.97
516.03 338.00
517.00 338.97
517.03 339.00
517.03 340.00
518.00 340.97
518.03 341.00
519.00 341.97
519.03 342.00
519.03 343.00
520.00 343.97
520.03 344.00
521.00 344.97
521.03 345.00
522.00 345.97
522.03 346.00
523.00 346.97
523.03 347.00
524.00 347.97
524.03 348.00
525.00 348.97
525.03 349.00
526.00 349.97
527.00 349.97
527.03 350.00
528.00 350.97
529.00 350.97
529.03 351.00
530.00 351.97
531.00 351.97
532.00 351.97
532.03 352.00
533.00 352.97
534.00 352.97
535.00 352.97
536.00 352.97
537.00 352.97
538.00 352.97
539.00 352.97
540.00 352.97
541.00 352.97
542.00 352.97
543.00 352.97
544.00 352.97
544.97 352.00
545.00 351.97
546.00 351.97
547.00 351.97
548.00 351.97
548.97 351.00
549.00 350.97
550.00 350.97
551.00 350.97
551.97 350.00
552.00 349.97
553.00 349.97
553.97 349.00
554.00 348.97
554.97 348.00
555.00 347.97
556.00 347.97
556.97 347.00
557.00 346.97
558.00 346.97
558.97 346.00
559.00 345.97
559.97 345.00
560.00 344.97
560.97 344.00
561.00 343.97
561.97 343.00
562.00 342.97
562.97 342.00
563.00 341.97
563.97 341.00
564.00 340.97
564.97 340.00
565.00 339.97
565.97 339.00
566.00 338.97
566.97 338.00
566.97 337.00
567.00 336.97
567.97 336.00
568.00 335.97
568.97 335.00
568.97 334.00
569.00 333.97
569.97 333.00
569.97 332.00
569.97 331.00
570.00 330.97
570.97 330.00
570.97 329.00
570.97 328.00
570.97 327.00
571.00 326.97
571.97 326.00

Contour 15:
660.97 639.00
660.97 638.00
660.97 637.00
660.97 636.00
660.97 635.00
660.97 634.00
660.97 633.00
660.97 632.00
660.97 631.00
660.97 630.00
660.97 629.00
660.97 628.00
660.97 627.00
660.00 626.03
659.97 626.00
659.97 625.00
659.97 624.00
659.00 623.03
658.97 623.00
658.97 622.00
658.00 621.03
657.97 621.00
657.97 620.00
657.97 619.00
657.00 618.03
656.97 618.00
656.00 617.03
655.97 617.00
655.97 616.00
655.00 615.03
654.97 615.00
654.00 614.03
653.97 614.00
653.00 613.03
652.97 613.00
652.00 612.03
651.97 612.00
651.00 611.03
650.97 611.00
650.00 610.03
649.00 610.03
648.97 610.00
648.00 609.03
647.97 609.00
647.00 608.03
646.00 608.03
645.97 608.00
645.00 607.03
644.00 607.03
643.97 607.00
643.00 606.03
642.00 606.03
641.97 606.00
641.00 605.03
640.00 605.03
639.00 605.03
638.97 605.00
638.00 604.03
637.00 604.03
636.00 604.03
635.97 604.00
635.00 603.03
634.00 603.03
633.00 603.03
632.97 603.00
632.00 602.03
631.00 602.03
630.00 602.03
629.97 602.00
629.00 601.03
628.00 601.03
627.00 601.03
626.00 601.03
625.00 601.03
624.00 601.03
623.00 601.03
622.00 601.03
621.00 601.03
620.00 601.03
619.00 601.03
618.00 601.03
617.00 601.03
616.00 601.03
615.03 602.00
615.00 602.03
614.00 602.03
613.03 603.00
613.00 603.03
612.00 603.03
611.03 604.00
611.00 604.03
610.00 604.03
609.03 605.00
609.00 605.03
608.00 605.03
607.03 606.00
607.00 606.03
606.00 606.03
605.03 607.00
605.00 607.03
604.03 608.00
604.00 608.03
603.03 609.00
603.00 609.03
602.03 610.00
602.00 610.03
601.03 611.00
601.00 611.03
600.03 612.00
600.00 612.03
599.03 613.00
599.03 614.00
599.00 614.03
598.03 615.00
598.00 615.03
597.03 616.00
597.03 617.00
597.00 617.03
596.03 618.00
596.03 619.00
596.03 620.00
596.00 620.03
595.03 621.00
595.03 622.00
595.00 622.03
594.03 623.00
594.03 624.00
594.03 625.00
594.00 625.03
593.03 626.00
593.03 627.00
593.03 628.00
593.00 628.03
592.03 629.00
592.03 630.00
592.03 631.00
592.03 632.00
592.03 633.00
592.03 634.00
593.00 634.97
593.03 635.00
593.03 636.00
593.03 637.00
593.03 638.00
594.00 638.97
594.03 639.00
594.03 640.00
595.00 640.97
595.03 641.00
595.03 642.00
596.00 642.97
596.03 643.00
596.03 644.00
597.00 644.97
597.03 645.00
598.00 645.97
598.03 646.00
598.03 647.00
599.00 647.97
599.03 648.00
599.03 649.00
600.00 649.97
600.03 650.00
600.03 651.00
601.00 651.97
601.03 652.00
602.00 652.97
602.03 653.00
603.00 653.97
603.03 654.00
604.00 654.97
604.03 655.00
605.00 655.97
605.03 656.00
606.00 656.97
606.03 657.00
607.00 657.97
607.03 658.00
608.00 658.97
608.03 659.00
609.00 659.97
610.00 659.97
610.03 660.00
611.00 660.97
611.03 661.00
612.00 661.97
613.00 661.97
613.03 662.00
614.00 662.97
615.00 662.97
615.03 663.00
616.00 663.97
617.00 663.97
618.00 663.97
619.00 663.97
620.00 663.97
621.00 663.97
622.00 663.97
622.03 664.00
623.00 664.97
624.00 664.97
625.00 664.97
626.00 664.97
627.00 664.97
628.00 664.97
629.00 664.97
630.00 664.97
631.00 664.97
632.00 664.97
633.00 664.97
633.97 664.00
634.00 663.97
635.00 663.97
636.00 663.97
637.00 663.97
638.00 663.97
638.97 663.00
639.00 662.97
640.00 662.97
641.00 662.97
641.97 662.00
642.00 661.97
643.00 661.97
643.97 661.00
644.00 660.97
645.00 660.97
645.97 660.00
646.00 659.97
647.00 659.97
647.97 659.00
648.00 658.97
648.97 658.00
649.00 657.97
650.00 657.97
650.97 657.00
651.00 656.97
651.97 656.00
652.00 655.97
652.97 655.00
652.97 654.00
653.00 653.97
653.97 653.00
654.00 652.97
654.97 652.00
655.00 651.97
655.97 651.00
655.97 650.00
656.00 649.97
656.97 649.00
657.00 648.97
657.97 648.00
657.97 647.00
657.97 646.00
658.00 645.97
658.97 645.00
658.97 644.00
658.97 643.00
659.00 642.97
659.97 642.00
659.97 641.00
659.97 640.00
660.00 639.97
660.97 639.00

Contour 16:
664.97 481.00
664.97 480.00
664.97 479.00
664.97 478.00
664.97 477.00
664.97 476.00
664.97 475.00
664.97 474.00
664.97 473.00
664.97 472.00
664.97 471.00
664.00 470.03
663.97 470.00
663.97 469.00
663.97 468.00
663.97 467.00
663.97 466.00
663.00 465.03
662.97 465.00
662.97 464.00
662.97 463.00
662.00 462.03
661.97 462.00
661.97 461.00
661.00 460.03
660.97 460.00
660.97 459.00
660.00 458.03
659.97 458.00
659.97 457.00
659.00 456.03
658.97 456.00
658.00 455.03
657.97 455.00
657.97 454.00
657.00 453.03
656.97 453.00
656.00 452.03
655.97 452.00
655.00 451.03
654.97 451.00
654.00 450.03
653.97 450.00
653.00 449.03
652.97 449.00
652.00 448.03
651.97 448.00
651.00 447.03
650.00 447.03
649.97 447.00
649.00 446.03
648.97 446.00
648.00 445.03
647.00 445.03
646.97 445.00
646.00 444.03
645.00 444.03
644.97 444.00
644.00 443.03
643.00 443.03
642.00 443.03
641.97 443.00
641.00 442.03
640.00 442.03
639.97 442.00
639.00 441.03
638.00 441.03
637.00 441.03
636.97 441.00
636.00 440.03
635.00 440.03
634.00 440.03
633.97 440.00
633.00 439.03
632.00 439.03
631.00 439.03
630.00 439.03
629.00 439.03
628.00 439.03
627.00 439.03
626.00 439.03
625.03 440.00
625.00 440.03
624.00 440.03
623.00 440.03
622.00 440.03
621.03 441.00
621.00 441.03
620.00 441.03
619.00 441.03
618.03 442.00
618.00 442.03
617.00 442.03
616.03 443.00
616.00 443.03
615.00 443.03
614.03 444.00
614.00 444.03
613.03 445.00
613.00 445.03
612.00 445.03
611.03 446.00
611.00 446.03
610.03 447.00
610.00 447.03
609.03 448.00
609.00 448.03
608.00 448.03
607.03 449.00
607.00 449.03
606.03 450.00
606.00 450.03
605.03 451.00
605.00 451.03
604.03 452.00
604.03 453.00
604.00 453.03
603.03 454.00
603.00 454.03
602.03 455.00
602.03 456.00
602.00 456.03
601.03 457.00
601.03 458.00
601.00 458.03
600.03 459.00
600.03 460.00
600.03 461.00
600.00 461.03
599.03 462.00
599.03 463.00
599.03 464.00
599.03 465.00
599.03 466.00
599.03 467.00
599.00 467.03
598.03 468.00
598.03 469.00
598.03 470.00
598.03 471.00
598.03 472.00
599.00 472.97
599.03 473.00
599.03 474.00
599.03 475.00
599.03 476.00
600.00 476.97
600.03 477.00
600.03 478.00
600.03 479.00
601.00 479.97
601.03 480.00
601.03 481.00
602.00 481.97
602.03 482.00
602.03 483.00
602.03 484.00
603.00 484.97
603.03 485.00
604.00 485.97
604.03 486.00
604.03 487.00
605.00 487.97
605.03 488.00
606.00 488.97
606.03 489.00
607.00 489.97
607.03 490.00
607.03 491.00
608.00 491.97
608.03 492.00
609.00 492.97
609.03 493.00
610.00 493.97
610.03 494.00
611.00 494.97
611.03 495.00
612.00 495.97
613.00 495.97
613.03 496.00
614.00 496.97
614.03 497.00
615.00 497.97
616.00 497.97
616.03 498.00
617.00 498.97
618.00 498.97
618.03 499.00
619.00 499.97
620.00 499.97
621.00 499.97
621.03 500.00
622.00 500.97
623.00 500.97
624.00 500.97
624.03 501.00
625.00 501.97
626.00 501.97
627.00 501.97
627.03 502.00
628.00 502.97
629.00 502.97
630.00 502.97
631.00 502.97
632.00 502.97
633.00 502.97
634.00 502.97
635.00 502.97
636.00 502.97
637.00 502.97
638.00 502.97
639.00 502.97
640.00 502.97
641.00 502.97
641.97 502.00
642.00 501.97
643.00 501.97
644.00 501.97
645.00 501.97
646.00 501.97
646.97 501.00
647.00 500.97
648.00 500.97
648.97 500.00
649.00 499.97
650.00 499.97
651.00 499.97
651.97 499.00
652.00 498.97
652.97 498.00
653.00 497.97
653.97 497.00
654.00 496.97
654.97 496.00
655.00 495.97
656.00 495.97
656.97 495.00
657.00 494.97
657.97 494.00
657.97 493.00
658.00 492.97
658.97 492.00
659.00 491.97
659.97 491.00
660.00 490.97
660.97 490.00
660.97 489.00
661.00 488.97
661.97 488.00
661.97 487.00
662.00 486.97
662.97 486.00
662.97 485.00
663.00 484.97
663.97 484.00
663.97 483.00
663.97 482.00
664.00 481.97
664.97 481.00

Contour 17:
698.97 305.00
698.97 304.00
698.97 303.00
698.97 302.00
698.97 301.00
698.97 300.00
698.97 299.00
698.97 298.00
698.97 297.00
698.97 296.00
698.97 295.00
698.97 294.00
698.97 293.00
698.97 292.00
698.97 291.00
698.97 290.00
698.00 289.03
697.97 289.00
697.97 288.00
697.97 287.00
697.97 286.00
697.00 285.03
696.97 285.00
696.97 284.00
696.00 283.03
695.97 283.00
695.00 282.03
694.97 282.00
694.00 281.03
693.97 281.00
693.00 280.03
692.97 280.00
692.00 279.03
691.97 279.00
691.00 278.03
690.97 278.00
690.00 277.03
689.97 277.00
689.00 276.03
688.00 276.03
687.97 276.00
687.00 275.03
686.97 275.00
686.00 274.03
685.00 274.03
684.97 274.00
684.00 273.03
683.00 273.03
682.97 273.00
682.00 272.03
681.00 272.03
680.97 272.00
680.00 271.03
679.00 271.03
678.97 271.00
678.00 270.03
677.00 270.03
676.97 270.00
676.00 269.03
675.00 269.03
674.97 269.00
674.00 268.03
673.00 268.03
672.97 268.00
672.00 267.03
671.97 267.00
671.00 266.03
670.00 266.03
669.97 266.00
669.00 265.03
668.97 265.00
668.00 264.03
667.00 264.03
666.00 264.03
665.97 264.00
665.00 263.03
664.00 263.03
663.00 263.03
662.00 263.03
661.00 263.03
660.00 263.03
659.00 263.03
658.00 263.03
657.00 263.03
656.03 264.00
656.00 264.03
655.00 264.03
654.00 264.03
653.03 265.00
653.00 265.03
652.00 265.03
651.03 266.00
651.00 266.03
650.00 266.03
649.03 267.00
649.00 267.03
648.00 267.03
647.03 268.00
647.00 268.03
646.03 269.00
646.00 269.03
645.03 270.00
645.00 270.03
644.03 271.00
644.00 271.03
643.03 272.00
643.00 272.03
642.03 273.00
642.00 273.03
641.03 274.00
641.03 275.00
641.00 275.03
640.03 276.00
640.03 277.00
640.00 277.03
639.03 278.00
639.03 279.00
639.00 279.03
638.03 280.00
638.03 281.00
638.03 282.00
638.03 283.00
638.03 284.00
638.03 285.00
638.03 286.00
638.03 287.00
638.03 288.00
638.03 289.00
638.03 290.00
638.03 291.00
639.00 291.97
639.03 292.00
639.03 293.00
639.03 294.00
639.03 295.00
640.00 295.97
640.03 296.00
640.03 297.00
640.03 298.00
641.00 298.97
641.03 299.00
641.03 300.00
641.03 301.00
642.00 301.97
642.03 302.00
643.00 302.97
643.03 303.00
643.03 304.00
644.00 304.97
644.03 305.00
645.00 305.97
645.03 306.00
645.03 307.00
646.00 307.97
646.03 308.00
647.00 308.97
647.03 309.00
648.00 309.97
648.03 310.00
649.00 310.97
649.03 311.00
650.00 311.97
650.03 312.00
650.03 313.00
651.00 313.97
651.03 314.00
652.00 314.97
652.03 315.00
653.00 315.97
653.03 316.00
654.00 316.97
654.03 317.00
655.00 317.97
655.03 318.00
656.00 318.97
657.00 318.97
657.03 319.00
658.00 319.97
658.03 320.00
659.00 320.97
660.00 320.97
660.03 321.00
661.00 321.97
661.03 322.00
662.00 322.97
663.00 322.97
664.00 322.97
664.03 323.00
665.00 323.97
666.00 323.97
666.03 324.00
667.00 324.97
668.00 324.97
668.03 325.00
669.00 325.97
670.00 325.97
671.00 325.97
671.03 326.00
672.00 326.97
673.00 326.97
674.00 326.97
675.00 326.97
676.00 326.97
677.00 326.97
678.00 326.97
679.00 326.97
680.00 326.97
680.97 326.00
681.00 325.97
682.00 325.97
682.97 325.00
683.00 324.97
684.00 324.97
684.97 324.00
685.00 323.97
686.00 323.97
686.97 323.00
687.00 322.97
688.00 322.97
688.97 322.00
689.00 321.97
689.97 321.00
690.00 320.97
690.97 320.00
691.00 319.97
691.97 319.00
692.00 318.97
692.97 318.00
693.00 317.97
693.97 317.00
694.00 316.97
694.97 316.00
694.97 315.00
695.00 314.97
695.97 314.00
695.97 313.00
696.00 312.97
696.97 312.00
696.97 311.00
696.97 310.00
697.00 309.97
697.97 309.00
697.97 308.00
697.97 307.00
697.97 306.00
698.00 305.97
698.97 305.00

Contour 18:
735.97 414.00
735.97 413.00
735.97 412.00
735.97 411.00
735.97 410.00
735.00 409.03
734.97 409.00
734.97 408.00
734.97 407.00
734.97 406.00
734.00 405.03
733.97 405.00
733.97 404.00
733.97 403.00
733.00 402.03
732.97 402.00
732.97 401.00
732.00 400.03
731.97 400.00
731.97 399.00
731.00 398.03
730.97 398.00
730.97 397.00
730.00 396.03
729.97 396.00
729.97 395.00
729.00 394.03
728.97 394.00
728.00 393.03
727.97 393.00
727.00 392.03
726.97 392.00
726.97 391.00
726.00 390.03
725.97 390.00
725.00 389.03
724.97 389.00
724.00 388.03
723.97 388.00
723.00 387.03
722.97 387.00
722.00 386.03
721.97 386.00
721.00 385.03
720.97 385.00
720.00 384.03
719.97 384.00
719.97 383.00
719.00 382.03
718.97 382.00
718.00 381.03
717.97 381.00
717.00 380.03
716.00 380.03
715.97 380.00
715.00 379.03
714.97 379.00
714.00 378.03
713.97 378.00
713.00 377.03
712.97 377.00
712.00 376.03
711.00 376.03
710.97 376.00
710.00 375.03
709.00 375.03
708.97 375.00
708.00 374.03
707.00 374.03
706.97 374.00
706.00 373.03
705.00 373.03
704.00 373.03
703.97 373.00
703.00 372.03
702.00 372.03
701.00 372.03
700.00 372.03
699.00 372.03
698.00 372.03
697.00 372.03
696.00 372.03
695.00 372.03
694.00 372.03
693.00 372.03
692.00 372.03
691.00 372.03
690.03 373.00
690.00 373.03
689.00 373.03
688.03 374.00
688.00 374.03
687.00 374.03
686.03 375.00
686.00 375.03
685.00 375.03
684.03 376.00
684.00 376.03
683.03 377.00
683.00 377.03
682.00 377.03
681.03 378.00
681.00 378.03
680.03 379.00
680.00 379.03
679.03 380.00
679.00 380.03
678.03 381.00
678.00 381.03
677.03 382.00
677.03 383.00
677.00 383.03
676.03 384.00
676.00 384.03
675.03 385.00
675.03 386.00
675.00 386.03
674.03 387.00
674.03 388.00
674.00 388.03
673.03 389.00
673.03 390.00
673.03 391.00
673.00 391.03
672.03 392.00
672.03 393.00
672.03 394.00
672.03 395.00
672.03 396.00
672.03 397.00
672.03 398.00
672.03 399.00
672.03 400.00
672.03 401.00
672.03 402.00
673.00 402.97
673.03 403.00
673.03 404.00
673.03 405.00
673.03 406.00
674.00 406.97
674.03 407.00
674.03 408.00
675.00 408.97
675.03 409.00
675.03 410.00
676.00 410.97
676.03 411.00
676.03 412.00
677.00 412.97
677.03 413.00
678.00 413.97
678.03 414.00
678.03 415.00
679.00 415.97
679.03 416.00
680.00 416.97
680.03 417.00
681.00 417.97
681.03 418.00
682.00 418.97
682.03 419.00
683.00 419.97
683.03 420.00
684.00 420.97
684.03 421.00
685.00 421.97
685.03 422.00
686.00 422.97
686.03 423.00
687.00 423.97
687.03 424.00
688.00 424.97
689.00 424.97
689.03 425.00
690.00 425.97
690.03 426.00
691.00 426.97
692.00 426.97
692.03 427.00
693.00 427.97
694.00 427.97
694.03 428.00
695.00 428.97
696.00 428.97
696.03 429.00
697.00 429.97
698.00 429.97
699.00 429.97
699.03 430.00
700.00 430.97
701.00 430.97
701.03 431.00
702.00 431.97
703.00 431.97
704.00 431.97
705.00 431.97
706.00 431.97
706.03 432.00
707.00 432.97
708.00 432.97
709.00 432.97
710.00 432.97
711.00 432.97
712.00 432.97
713.00 432.97
714.00 432.97
715.00 432.97
715.97 432.00
716.00 431.97
717.00 431.97
718.00 431.97
719.00 431.97
719.97 431.00
720.00 430.97
721.00 430.97
722.00 430.97
722.97 430.00
723.00 429.97
723.97 429.00
724.00 428.97
725.00 428.97
725.97 428.00
726.00 427.97
726.97 427.00
727.00 426.97
727.97 426.00
728.00 425.97
728.97 425.00
729.00 424.97
729.97 424.00
730.00 423.97
730.97 423.00
731.00 422.97
731.97 422.00
731.97 421.00
732.00 420.97
732.97 420.00
733.00 419.97
733.97 419.00
733.97 418.00
734.00 417.97
734.97 417.00
734.97 416.00
734.97 415.00
735.00 414.97
735.97 414.00

Contour 19:
762.98 671.00
762.98 670.00
762.98 669.00
762.98 668.00
762.98 667.00
762.98 666.00
762.98 665.00
762.98 664.00
762.98 663.00
762.98 662.00
762.98 661.00
762.98 660.00
762.98 659.00
762.98 658.00
762.00 657.02
761.98 657.00
761.98 656.00
761.98 655.00
761.98 654.00
761.98 653.00
761.00 652.02
760.98 652.00
760.98 651.00
760.98 650.00
760.00 649.02
759.98 649.00
759.98 648.00
759.98 647.00
759.00 646.02
758.98 646.00
758.00 645.02
757.98 645.00
757.98 644.00
757.00 643.02
756.98 643.00
756.98 642.00
756.00 641.02
755.98 641.00
755.00 640.02
754.98 640.00
754.00 639.02
753.98 639.00
753.00 638.02
752.98 638.00
752.00 637.02
751.98 637.00
751.00 636.02
750.98 636.00
750.00 635.02
749.00 635.02
748.98 635.00
748.00 634.02
747.00 634.02
746.98 634.00
746.00 633.02
745.00 633.02
744.00 633.02
743.00 633.02
742.00 633.02
741.00 633.02
740.00 633.02
739.00 633.02
738.00 633.02
737.00 633.02
736.00 633.02
735.00 633.02
734.02 634.00
734.00 634.02
733.00 634.02
732.00 634.02
731.02 635.00
731.00 635.02
730.00 635.02
729.02 636.00
729.00 636.02
728.00 636.02
727.02 637.00
727.00 637.02
726.00 637.02
725.02 638.00
725.00 638.02
724.00 638.02
723.02 639.00
723.00 639.02
722.02 640.00
722.00 640.02
721.02 641.00
721.00 641.02
720.02 642.00
720.00 642.02
719.02 643.00
719.00 643.02
718.02 644.00
718.02 645.00
718.00 645.02
717.02 646.00
717.00 646.02
716.02 647.00
716.02 648.00
716.00 648.02
715.02 649.00
715.00 649.02
714.02 650.00
714.00 650.02
713.02 651.00
713.02 652.00
713.00 652.02
712.02 653.00
712.00 653.02
711.02 654.00
711.02 655.00
711.00 655.02
710.02 656.00
710.00 656.02
709.02 657.00
709.00 657.02
708.02 658.00
708.02 659.00
708.00 659.02
707.02 660.00
707.00 660.02
706.02 661.00
706.02 662.00
706.00 662.02
705.02 663.00
705.00 663.02
704.02 664.00
704.02 665.00
704.00 665.02
703.02 666.00
703.02 667.00
703.02 668.00
703.02 669.00
703.00 669.02
702.02 670.00
702.02 671.00
702.02 672.00
702.02 673.00
702.02 674.00
702.02 675.00
702.02 676.00
702.02 677.00
702.02 678.00
702.02 679.00
702.02 680.00
702.02 681.00
702.02 682.00
702.02 683.00
702.02 684.00
702.02 685.00
703.00 685.98
703.02 686.00
703.02 687.00
703.02 688.00
703.02 689.00
704.00 689.98
704.02 690.00
704.02 691.00
705.00 691.98
705.02 692.00
705.02 693.00
706.00 693.98
706.02 694.00
707.00 694.98
707.02 695.00
707.02 696.00
708.00 696.98
708.02 697.00
709.00 697.98
710.00 697.98
710.02 698.00
711.00 698.98
711.02 699.00
712.00 699.98
713.00 699.98
713.02 700.00
714.00 700.98
715.00 700.98
715.02 701.00
716.00 701.98
717.00 701.98
717.02 702.00
718.00 702.98
719.00 702.98
720.00 702.98
721.00 702.98
721.02 703.00
722.00 703.98
723.00 703.98
724.00 703.98
725.00 703.98
726.00 703.98
727.00 703.98
728.00 703.98
729.00 703.98
730.00 703.98
731.00 703.98
732.00 703.98
733.00 703.98
733.98 703.00
734.00 702.98
735.00 702.98
736.00 702.98
737.00 702.98
737.98 702.00
738.00 701.98
739.00 701.98
739.98 701.00
740.00 700.98
741.00 700.98
741.98 700.00
742.00 699.98
742.98 699.00
743.00 698.98
743.98 698.00
744.00 697.98
744.98 697.00
745.00 696.98
746.00 696.98
746.98 696.00
747.00 695.98
747.98 695.00
748.00 694.98
748.98 694.00
749.00 693.98
749.98 693.00
749.98 692.00
750.00 691.98
750.98 691.00
751.00 690.98
751.98 690.00
752.00 689.98
752.98 689.00
753.00 688.98
753.98 688.00
754.00 687.98
754.98 687.00
755.00 686.98
755.98 686.00
755.98 685.00
756.00 684.98
756.98 684.00
756.98 683.00
757.00 682.98
757.98 682.00
758.00 681.98
758.98 681.00
758.98 680.00
759.00 679.98
759.98 679.00
759.98 678.00
760.00 677.98
760.98 677.00
760.98 676.00
760.98 675.00
761.00 674.98
761.98 674.00
761.98 673.00
761.98 672.00
762.00 671.98
762.98 671.00

Contour 20:
819.98 443.00
819.98 442.00
819.98 441.00
819.98 440.00
819.98 439.00
819.98 438.00
819.98 437.00
819.98 436.00
819.98 435.00
819.98 434.00
819.98 433.00
819.00 432.02
818.98 432.00
818.98 431.00
818.00 430.02
817.98 430.00
817.00 429.02
816.98 429.00
816.00 428.02
815.98 428.00
815.00 427.02
814.98 427.00
814.00 426.02
813.98 426.00
813.00 425.02
812.00 425.02
811.98 425.00
811.00 424.02
810.00 424.02
809.98 424.00
809.00 423.02
808.00 423.02
807.00 423.02
806.00 423.02
805.98 423.00
805.00 422.02
804.00 422.02
803.00 422.02
802.00 422.02
801.00 422.02
800.00 422.02
799.00 422.02
798.00 422.02
797.02 423.00
797.00 423.02
796.00 423.02
795.00 423.02
794.00 423.02
793.00 423.02
792.02 424.00
792.00 424.02
791.00 424.02
790.00 424.02
789.00 424.02
788.02 425.00
788.00 425.02
787.00 425.02
786.00 425.02
785.00 425.02
784.02 426.00
784.00 426.02
783.00 426.02
782.00 426.02
781.02 427.00
781.00 427.02
780.00 427.02
779.00 427.02
778.02 428.00
778.00 428.02
777.00 428.02
776.02 429.00
776.00 429.02
775.00 429.02
774.00 429.02
773.02 430.00
773.00 430.02
772.00 430.02
771.00 430.02
770.02 431.00
770.00 431.02
769.00 431.02
768.02 432.00
768.00 432.02
767.00 432.02
766.02 433.00
766.00 433.02
765.00 433.02
764.02 434.00
764.00 434.02
763.00 434.02
762.02 435.00
762.00 435.02
761.00 435.02
760.02 436.00
760.00 436.02
759.02 437.00
759.02 438.00
759.00 438.02
758.02 439.00
758.00 439.02
757.02 440.00
757.02 441.00
757.00 441.02
756.02 442.00
756.02 443.00
756.00 443.02
755.02 444.00
755.02 445.00
755.00 445.02
754.02 446.00
754.02 447.00
754.00 447.02
753.02 448.00
753.02 449.00
753.02 450.00
753.00 450.02
752.02 451.00
752.02 452.00
752.02 453.00
752.02 454.00
752.00 454.02
751.02 455.00
751.02 456.00
751.02 457.00
751.02 458.00
751.02 459.00
751.02 460.00
751.02 461.00
751.02 462.00
752.00 462.98
752.02 463.00
752.02 464.00
752.02 465.00
753.00 465.98
753.02 466.00
753.02 467.00
754.00 467.98
754.02 468.00
754.02 469.00
755.00 469.98
755.02 470.00
755.02 471.00
756.00 471.98
756.02 472.00
757.00 472.98
757.02 473.00
757.02 474.00
758.00 474.98
758.02 475.00
759.00 475.98
759.02 476.00
760.00 476.98
760.02 477.00
761.00 477.98
761.02 478.00
762.00 478.98
762.02 479.00
763.00 479.98
763.02 480.00
764.00 480.98
764.02 481.00
765.00 481.98
766.00 481.98
766.02 482.00
767.00 482.98
768.00 482.98
768.02 483.00
769.00 483.98
770.00 483.98
770.02 484.00
771.00 484.98
772.00 484.98
773.00 484.98
773.02 485.00
774.00 485.98
775.00 485.98
776.00 485.98
777.00 485.98
778.00 485.98
779.00 485.98
779.02 486.00
780.00 486.98
781.00 486.98
782.00 486.98
783.00 486.98
784.00 486.98
784.98 486.00
785.00 485.98
786.00 485.98
787.00 485.98
788.00 485.98
788.98 485.00
789.00 484.98
790.00 484.98
790.98 484.00
791.00 483.98
792.00 483.98
792.98 483.00
793.00 482.98
794.00 482.98
794.98 482.00
795.00 481.98
796.00 481.98
796.98 481.00
797.00 480.98
797.98 480.00
798.00 479.98
798.98 479.00
799.00 478.98
799.98 478.00
800.00 477.98
800.98 477.00
801.00 476.98
801.98 476.00
802.00 475.98
802.98 475.00
803.00 474.98
803.98 474.00
803.98 473.00
804.00 472.98
804.98 472.00
805.00 471.98
805.98 471.00
805.98 470.00
806.00 469.98
806.98 469.00
806.98 468.00
807.00 467.98
807.98 467.00
808.00 466.98
808.98 466.00
808.98 465.00
809.00 464.98
809.98 464.00
809.98 463.00
810.00 462.98
810.98 462.00
811.00 461.98
811.98 461.00
811.98 460.00
812.00 459.98
812.98 459.00
813.00 458.98
813.98 458.00
814.00 457.98
814.98 457.00
814.98 456.00
815.00 455.98
815.98 455.00
816.00 454.98
816.98 454.00
816.98 453.00
817.00 452.98
817.98 452.00
817.98 451.00
817.98 450.00
817.98 449.00
818.00 448.98
818.98 448.00
818.98 447.00
818.98 446.00
818.98 445.00
818.98 444.00
819.00 443.98
819.98 443.00

Contour 21:
994.98 747.00
994.98 746.00
994.98 745.00
994.98 744.00
994.98 743.00
994.98 742.00
994.98 741.00
994.98 740.00
994.98 739.00
994.98 738.00
994.00 737.02
993.98 737.00
993.98 736.00
993.98 735.00
993.98 734.00
993.00 733.02
992.98 733.00
992.98 732.00
992.98 731.00
992.00 730.02
991.98 730.00
991.98 729.00
991.00 728.02
990.98 728.00
990.98 727.00
990.00 726.02
989.98 726.00
989.00 725.02
988.98 725.00
988.00 724.02
987.98 724.00
987.98 723.00
987.00 722.02
986.98 722.00
986.00 721.02
985.98 721.00
985.00 720.02
984.98 720.00
984.00 719.02
983.98 719.00
983.00 718.02
982.00 718.02
981.98 718.00
981.00 717.02
980.98 717.00
980.00 716.02
979.98 716.00
979.00 715.02
978.00 715.02
977.98 715.00
977.00 714.02
976.00 714.02
975.98 714.00
975.00 713.02
974.00 713.02
973.00 713.02
972.98 713.00
972.00 712.02
971.00 712.02
970.00 712.02
969.00 712.02
968.98 712.00
968.00 711.02
967.00 711.02
966.00 711.02
965.00 711.02
964.00 711.02
963.00 711.02
962.00 711.02
961.00 711.02
960.00 711.02
959.00 711.02
958.00 711.02
957.00 711.02
956.00 711.02
955.00 711.02
954.00 711.02
953.02 712.00
953.00 712.02
952.00 712.02
951.00 712.02
950.00 712.02
949.02 713.00
949.00 713.02
948.00 713.02
947.00 713.02
946.02 714.00
946.00 714.02
945.00 714.02
944.00 714.02
943.02 715.00
943.00 715.02
942.00 715.02
941.02 716.00
941.00 716.02
940.00 716.02
939.02 717.00
939.00 717.02
938.02 718.00
938.00 718.02
937.00 718.02
936.02 719.00
936.00 719.02
935.02 720.00
935.00 720.02
934.00 720.02
933.02 721.00
933.00 721.02
932.02 722.00
932.00 722.02
931.02 723.00
931.00 723.02
930.02 724.00
930.00 724.02
929.02 725.00
929.00 725.02
928.02 726.00
928.00 726.02
927.02 727.00
927.02 728.00
927.00 728.02
926.02 729.00
926.00 729.02
925.02 730.00
925.02 731.00
925.00 731.02
924.02 732.00
924.02 733.00
924.00 733.02
923.02 734.00
923.02 735.00
923.02 736.00
923.00 736.02
922.02 737.00
922.02 738.00
922.02 739.00
922.02 740.00
922.00 740.02
921.02 741.00
921.02 742.00
921.02 743.00
921.02 744.00
921.02 745.00
921.02 746.00
921.02 747.00
921.02 748.00
922.00 748.98
922.02 749.00
922.02 750.00
922.02 751.00
922.02 752.00
923.00 752.98
923.02 753.00
923.02 754.00
923.02 755.00
924.00 755.98
924.02 756.00
924.02 757.00
925.00 757.98
925.02 758.00
925.02 759.00
926.00 759.98
926.02 760.00
927.00 760.98
927.02 761.00
927.02 762.00
928.00 762.98
928.02 763.00
929.00 763.98
929.02 764.00
930.00 764.98
930.02 765.00
931.00 765.98
932.00 765.98
932.02 766.00
933.00 766.98
933.02 767.00
934.00 767.98
935.00 767.98
935.02 768.00
936.00 768.98
937.00 768.98
937.02 769.00
938.00 769.98
939.00 769.98
939.02 770.00
940.00 770.98
941.00 770.98
942.00 770.98
942.02 771.00
943.00 771.98
944.00 771.98
944.02 772.00
945.00 772.98
946.00 772.98
947.00 772.98
948.00 772.98
948.02 773.00
949.00 773.98
950.00 773.98
951.00 773.98
952.00 773.98
953.00 773.98
954.00 773.98
955.00 773.98
955.02 774.00
956.00 774.98
957.00 774.98
958.00 774.98
959.00 774.98
959.98 774.00
960.00 773.98
961.00 773.98
962.00 773.98
963.00 773.98
964.00 773.98
964.98 773.00
965.00 772.98
966.00 772.98
967.00 772.98
967.98 772.00
968.00 771.98
969.00 771.98
969.98 771.00
970.00 770.98
970.98 770.00
971.00 769.98
972.00 769.98
972.98 769.00
973.00 768.98
973.98 768.00
974.00 767.98
975.00 767.98
975.98 767.00
976.00 766.98
977.00 766.98
977.98 766.00
978.00 765.98
978.98 765.00
979.00 764.98
980.00 764.98
980.98 764.00
981.00 763.98
981.98 763.00
982.00 762.98
982.98 762.00
983.00 761.98
984.00 761.98
984.98 761.00
985.00 760.98
985.98 760.00
986.00 759.98
986.98 759.00
987.00 758.98
987.98 758.00
988.00 757.98
988.98 757.00
989.00 756.98
989.98 756.00
989.98 755.00
990.00 754.98
990.98 754.00
991.00 753.98
991.98 753.00
992.00 752.98
992.98 752.00
992.98 751.00
993.00 750.98
993.98 750.00
993.98 749.00
993.98 748.00
994.00 747.98
994.98 747.00

