Contour 0:
0.00 573.50
0.50 574.00
1.00 574.50
1.50 575.00
1.50 576.00
2.00 576.50
2.50 577.00
2.50 578.00
3.00 578.50
3.50 579.00
3.50 580.00
4.00 580.50
4.50 581.00
5.00 581.50
5.50 582.00
6.00 582.50
6.50 583.00
7.00 583.50
7.50 584.00
8.00 584.50
8.50 585.00
9.00 585.50
9.50 586.00
10.00 586.50
11.00 586.50
11.50 587.00
12.00 587.50
13.00 587.50
13.50 588.00
14.00 588.50
14.50 589.00
15.00 589.50
16.00 589.50
16.50 590.00
17.00 590.50
18.00 590.50
18.50 591.00
19.00 591.50
20.00 591.50
21.00 591.50
21.50 592.00
22.00 592.50
23.00 592.50
24.00 592.50
24.50 593.00
25.00 593.50
26.00 593.50
27.00 593.50
28.00 593.50
29.00 593.50
30.00 593.50
31.00 593.50
32.00 593.50
33.00 593.50
34.00 593.50
34.50 593.00
35.00 592.50
36.00 592.50
37.00 592.50
38.00 592.50
39.00 592.50
39.50 592.00
40.00 591.50
41.00 591.50
41.50 591.00
42.00 590.50
43.00 590.50
43.50 590.00
44.00 589.50
44.50 589.00
45.00 588.50
45.50 588.00
46.00 587.50
46.50 587.00
47.00 586.50
47.50 586.00
48.00 585.50
48.50 585.00
49.00 584.50
49.50 584.00
49.50 583.00
50.00 582.50
50.50 582.00
51.00 581.50
51.50 581.00
52.00 580.50
52.50 580.00
53.00 579.50
53.50 579.00
53.50 578.00
54.00 577.50
54.50 577.00
54.50 576.00
55.00 575.50
55.50 575.00
55.50 574.00
56.00 573.50
56.50 573.00
56.50 572.00
56.50 571.00
57.00 570.50
57.50 570.00
57.50 569.00
57.50 568.00
58.00 567.50
58.50 567.00
58.50 566.00
58.50 565.00
58.50 564.00
58.50 563.00
58.50 562.00
58.50 561.00
58.50 560.00
58.50 559.00
58.50 558.00
58.50 557.00
58.00 556.50
57.50 556.00
57.50 555.00
57.50 554.00
57.50 553.00
57.50 552.00
57.00 551.50
56.50 551.00
56.50 550.00
56.50 549.00
56.00 548.50
55.50 548.00
55.50 547.00
55.00 546.50
54.50 546.00
54.50 545.00
54.00 544.50
53.50 544.00
53.00 543.50
52.50 543.00
52.50 542.00
52.00 541.50
51.50 541.00
51.00 540.50
50.50 540.00
50.50 539.00
50.00 538.50
49.50 538.00
49.00 537.50
48.50 537.00
48.00 536.50
47.50 536.00
47.00 535.50
46.50 535.00
46.00 534.50
45.50 534.00
45.00 533.50
44.50 533.00
44.00 532.50
43.50 532.00
43.00 531.50
42.00 531.50
41.50 531.00
41.00 530.50
40.50 530.00
40.00 529.50
39.00 529.50
38.50 529.00
38.00 528.50
37.00 528.50
36.00 528.50
35.50 528.00
35.00 527.50
34.00 527.50
33.00 527.50
32.50 527.00
32.00 526.50
31.00 526.50
30.00 526.50
29.00 526.50
28.00 526.50
27.00 526.50
26.00 526.50
25.00 526.50
24.00 526.50
23.00 526.50
22.50 527.00
22.00 527.50
21.00 527.50
20.00 527.50
19.50 528.00
19.00 528.50
18.00 528.50
17.50 529.00
17.00 529.50
16.00 529.50
15.50 530.00
15.00 530.50
14.00 530.50
13.50 531.00
13.00 531.50
12.50 532.00
12.00 532.50
11.00 532.50
10.50 533.00
10.00 533.50
9.50 534.00
9.00 534.50
8.50 535.00
8.00 535.50
7.50 536.00
7.00 536.50
6.50 537.00
6.00 537.50
5.50 538.00
5.00 538.50
4.50 539.00
4.00 539.50
3.50 540.00
3.50 541.00
3.00 541.50
2.50 542.00
2.00 542.50
1.50 543.00
1.50 544.00
1.00 544.50
0.50 545.00
0.50 546.00
0.50 547.00
0.50 548.00
0.00 548.50

Contour 1:
79.75 280.00
79.75 279.00
79.75 278.00
79.75 277.00
79.75 276.00
79.75 275.00
79.75 274.00
79.75 273.00
79.75 272.00
79.75 271.00
79.75 270.00
79.75 269.00
79.75 268.00
79.75 267.00
79.75 266.00
79.00 265.25
78.75 265.00
78.75 264.00
78.75 263.00
78.75 262.00
78.75 261.00
78.00 260.25
77.75 260.00
77.75 259.00
77.00 258.25
76.75 258.00
76.75 257.00
76.00 256.25
75.75 256.00
75.75 255.00
75.00 254.25
74.75 254.00
74.75 253.00
74.00 252.25
73.75 252.00
73.00 251.25
72.75 251.00
72.00 250.25
71.75 250.00
71.00 249.25
70.75 249.00
70.00 248.25
69.00 248.25
68.75 248.00
68.00 247.25
67.75 247.00
67.00 246.25
66.75 246.00
66.00 245.25
65.75 245.00
65.00 244.25
64.00 244.25
63.75 244.00
63.00 243.25
62.75 243.00
62.00 242.25
61.00 242.25
60.75 242.00
60.00 241.25
59.00 241.25
58.75 241.00
58.00 240.25
57.00 240.25
56.00 240.25
55.75 240.00
55.00 239.25
54.00 239.25
53.75 239.00
53.00 238.25
52.00 238.25
51.00 238.25
50.00 238.25
49.75 238.00
49.00 237.25
48.00 237.25
47.00 237.25
46.00 237.25
45.00 237.25
44.00 237.25
43.00 237.25
42.00 237.25
41.00 237.25
40.00 237.25
39.00 237.25
38.00 237.25
37.00 237.25
36.00 237.25
35.25 238.00
35.00 238.25
34.00 238.25
33.00 238.25
32.25 239.00
32.00 239.25
31.00 239.25
30.25 240.00
30.00 240.25
29.00 240.25
28.25 241.00
28.00 241.25
27.00 241.25
26.25 242.00
26.00 242.25
25.25 243.00
25.00 243.25
24.25 244.00
24.00 244.25
23.00 244.25
22.25 245.00
22.25 246.00
22.00 246.25
21.25 247.00
21.00 247.25
20.25 248.00
20.00 248.25
19.25 249.00
19.00 249.25
18.25 250.00
18.25 251.00
18.00 251.25
17.25 252.00
17.25 253.00
17.00 253.25
16.25 254.00
16.00 254.25
15.25 255.00
15.25 256.00
15.25 257.00
15.00 257.25
14.25 258.00
14.25 259.00
14.25 260.00
14.00 260.25
13.25 261.00
13.25 262.00
13.25 263.00
13.25 264.00
13.25 265.00
13.25 266.00
13.25 267.00
13.25 268.00
13.25 269.00
13.25 270.00
13.25 271.00
13.25 272.00
14.00 272.75
14.25 273.00
14.25 274.00
14.25 275.00
14.25 276.00
15.00 276.75
15.25 277.00
15.25 278.00
15.25 279.00
15.25 280.00
16.00 280.75
16.25 281.00
16.25 282.00
16.25 283.00
16.25 284.00
16.25 285.00
17.00 285.75
17.25 286.00
17.25 287.00
17.25 288.00
18.00 288.75
18.25 289.00
18.25 290.00
19.00 290.75
19.25 291.00
19.25 292.00
19.25 293.00
20.00 293.75
20.25 294.00
20.25 295.00
21.00 295.75
21.25 296.00
21.25 297.00
22.00 297.75
22.25 298.00
22.25 299.00
23.00 299.75
23.25 300.00
23.25 301.00
24.00 301.75
24.25 302.00
25.00 302.75
25.25 303.00
25.25 304.00
26.00 304.75
26.25 305.00
27.00 305.75
27.25 306.00
28.00 306.75
28.25 307.00
29.00 307.75
29.25 308.00
30.00 308.75
30.25 309.00
31.00 309.75
31.25 310.00
32.00 310.75
33.00 310.75
33.25 311.00
34.00 311.75
35.00 311.75
36.00 311.75
36.25 312.00
37.00 312.75
38.00 312.75
39.00 312.75
40.00 312.75
41.00 312.75
42.00 312.75
43.00 312.75
44.00 312.75
45.00 312.75
46.00 312.75
47.00 312.75
48.00 312.75
49.00 312.75
50.00 312.75
51.00 312.75
52.00 312.75
52.75 312.00
53.00 311.75
54.00 311.75
54.75 311.00
55.00 310.75
56.00 310.75
56.75 310.00
57.00 309.75
58.00 309.75
58.75 309.00
59.00 308.75
60.00 308.75
60.75 308.00
61.00 307.75
61.75 307.00
62.00 306.75
63.00 306.75
63.75 306.00
64.00 305.75
64.75 305.00
65.00 304.75
65.75 304.00
66.00 303.75
66.75 303.00
67.00 302.75
67.75 302.00
68.00 301.75
68.75 301.00
69.00 300.75
69.75 300.00
70.00 299.75
70.75 299.00
71.00 298.75
71.75 298.00
71.75 297.00
72.00 296.75
72.75 296.00
73.00 295.75
73.75 295.00
73.75 294.00
74.00 293.75
74.75 293.00
74.75 292.00
75.00 291.75
75.75 291.00
75.75 290.00
76.00 289.75
76.75 289.00
76.75 288.00
76.75 287.00
77.00 286.75
77.75 286.00
77.75 285.00
77.75 284.00
78.00 283.75
78.75 283.00
78.75 282.00
78.75 281.00
79.00 280.75
79.75 280.00

Contour 2:
163.83 163.00
163.83 162.00
163.83 161.00
163.83 160.00
163.83 159.00
163.83 158.00
163.83 157.00
163.83 156.00
163.83 155.00
163.83 154.00
163.83 153.00
163.83 152.00
163.83 151.00
163.83 150.00
163.83 149.00
163.83 148.00
163.83 147.00
163.83 146.00
163.83 145.00
163.83 144.00
163.83 143.00
163.83 142.00
163.83 141.00
163.83 140.00
163.83 139.00
163.00 138.17
162.83 138.00
162.83 137.00
162.83 136.00
162.00 135.17
161.83 135.00
161.00 134.17
160.83 134.00
160.83 133.00
160.00 132.17
159.83 132.00
159.00 131.17
158.83 131.00
158.00 130.17
157.83 130.00
157.00 129.17
156.83 129.00
156.00 128.17
155.83 128.00
155.00 127.17
154.83 127.00
154.00 126.17
153.83 126.00
153.00 125.17
152.83 125.00
152.00 124.17
151.00 124.17
150.83 124.00
150.00 123.17
149.83 123.00
149.00 122.17
148.00 122.17
147.00 122.17
146.83 122.00
146.00 121.17
145.00 121.17
144.83 121.00
144.00 120.17
143.00 120.17
142.00 120.17
141.00 120.17
140.83 120.00
140.00 119.17
139.00 119.17
138.00 119.17
137.00 119.17
136.00 119.17
135.00 119.17
134.00 119.17
133.00 119.17
132.00 119.17
131.00 119.17
130.83 119.00
130.00 118.17
129.00 118.17
128.00 118.17
127.00 118.17
126.00 118.17
125.00 118.17
124.00 118.17
123.00 118.17
122.00 118.17
121.17 119.00
121.00 119.17
120.00 119.17
119.00 119.17
118.00 119.17
117.00 119.17
116.17 120.00
116.00 120.17
115.00 120.17
114.17 121.00
114.00 121.17
113.00 121.17
112.00 121.17
111.17 122.00
111.00 122.17
110.00 122.17
109.00 122.17
108.17 123.00
108.00 123.17
107.17 124.00
107.00 124.17
106.00 124.17
105.17 125.00
105.00 125.17
104.00 125.17
103.17 126.00
103.00 126.17
102.17 127.00
102.00 127.17
101.17 128.00
101.00 128.17
100.17 129.00
100.00 129.17
99.17 130.00
99.00 130.17
98.17 131.00
98.00 131.17
97.17 132.00
97.00 132.17
96.17 133.00
96.00 133.17
95.17 134.00
95.00 134.17
94.17 135.00
94.00 135.17
93.17 136.00
93.17 137.00
93.00 137.17
92.17 138.00
92.00 138.17
91.17 139.00
91.00 139.17
90.17 140.00
90.17 141.00
90.00 141.17
89.17 142.00
89.17 143.00
89.00 143.17
88.17 144.00
88.17 145.00
88.17 146.00
88.00 146.17
87.17 147.00
87.17 148.00
87.17 149.00
87.17 150.00
87.00 150.17
86.17 151.00
86.17 152.00
86.17 153.00
86.17 154.00
86.17 155.00
86.17 156.00
86.17 157.00
86.00 157.17
85.17 158.00
85.17 159.00
85.17 160.00
85.17 161.00
85.17 162.00
85.17 163.00
85.17 164.00
85.00 164.17
84.17 165.00
84.17 166.00
84.17 167.00
84.17 168.00
84.17 169.00
84.17 170.00
84.17 171.00
85.00 171.83
85.17 172.00
85.17 173.00
85.17 174.00
85.17 175.00
85.17 176.00
86.00 176.83
86.17 177.00
86.17 178.00
86.17 179.00
87.00 179.83
87.17 180.00
87.17 181.00
87.17 182.00
88.00 182.83
88.17 183.00
88.17 184.00
89.00 184.83
89.17 185.00
89.17 186.00
90.00 186.83
90.17 187.00
90.17 188.00
91.00 188.83
91.17 189.00
91.17 190.00
92.00 190.83
92.17 191.00
93.00 191.83
93.17 192.00
93.17 193.00
94.00 193.83
94.17 194.00
95.00 194.83
95.17 195.00
96.00 195.83
96.17 196.00
97.00 196.83
97.17 197.00
98.00 197.83
98.17 198.00
99.00 198.83
100.00 198.83
100.17 199.00
101.00 199.83
102.00 199.83
103.00 199.83
103.17 200.00
104.00 200.83
105.00 200.83
106.00 200.83
106.17 201.00
107.00 201.83
108.00 201.83
109.00 201.83
109.17 202.00
110.00 202.83
111.00 202.83
112.00 202.83
113.00 202.83
114.00 202.83
115.00 202.83
116.00 202.83
117.00 202.83
118.00 202.83
119.00 202.83
120.00 202.83
121.00 202.83
122.00 202.83
123.00 202.83
123.83 202.00
124.00 201.83
125.00 201.83
126.00 201.83
127.00 201.83
127.83 201.00
128.00 200.83
129.00 200.83
130.00 200.83
131.00 200.83
131.83 200.00
132.00 199.83
133.00 199.83
133.83 199.00
134.00 198.83
135.00 198.83
136.00 198.83
136.83 198.00
137.00 197.83
138.00 197.83
138.83 197.00
139.00 196.83
140.00 196.83
140.83 196.00
141.00 195.83
141.83 195.00
142.00 194.83
143.00 194.83
143.83 194.00
144.00 193.83
144.83 193.00
145.00 192.83
146.00 192.83
146.83 192.00
147.00 191.83
147.83 191.00
148.00 190.83
148.83 190.00
149.00 189.83
149.83 189.00
150.00 188.83
150.83 188.00
151.00 187.83
151.83 187.00
152.00 186.83
152.83 186.00
153.00 185.83
153.83 185.00
154.00 184.83
154.83 184.00
155.00 183.83
155.83 183.00
156.00 182.83
156.83 182.00
156.83 181.00
157.00 180.83
157.83 180.00
157.83 179.00
158.00 178.83
158.83 178.00
158.83 177.00
159.00 176.83
159.83 176.00
159.83 175.00
160.00 174.83
160.83 174.00
160.83 173.00
161.00 172.83
161.83 172.00
161.83 171.00
161.83 170.00
161.83 169.00
162.00 168.83
162.83 168.00
162.83 167.00
162.83 166.00
162.83 165.00
162.83 164.00
163.00 163.83
163.83 163.00

Contour 3:
204.88 814.00
204.88 813.00
204.88 812.00
204.88 811.00
204.88 810.00
204.88 809.00
204.88 808.00
204.88 807.00
204.88 806.00
204.88 805.00
204.00 804.12
203.88 804.00
203.88 803.00
203.00 802.12
202.88 802.00
202.00 801.12
201.88 801.00
201.88 800.00
201.00 799.12
200.88 799.00
200.88 798.00
200.00 797.12
199.88 797.00
199.00 796.12
198.88 796.00
198.00 795.12
197.88 795.00
197.00 794.12
196.88 794.00
196.00 793.12
195.88 793.00
195.00 792.12
194.88 792.00
194.00 791.12
193.88 791.00
193.00 790.12
192.00 790.12
191.88 790.00
191.00 789.12
190.88 789.00
190.00 788.12
189.00 788.12
188.88 788.00
188.00 787.12
187.00 787.12
186.88 787.00
186.00 786.12
185.00 786.12
184.00 786.12
183.00 786.12
182.88 786.00
182.00 785.12
181.00 785.12
180.00 785.12
179.00 785.12
178.00 785.12
177.00 785.12
176.00 785.12
175.88 785.00
175.00 784.12
174.00 784.12
173.00 784.12
172.00 784.12
171.00 784.12
170.00 784.12
169.12 785.00
169.00 785.12
168.00 785.12
167.00 785.12
166.00 785.12
165.12 786.00
165.00 786.12
164.00 786.12
163.00 786.12
162.12 787.00
162.00 787.12
161.00 787.12
160.12 788.00
160.00 788.12
159.00 788.12
158.12 789.00
158.00 789.12
157.00 789.12
156.12 790.00
156.00 790.12
155.12 791.00
155.00 791.12
154.00 791.12
153.12 792.00
153.00 792.12
152.12 793.00
152.00 793.12
151.12 794.00
151.00 794.12
150.12 795.00
150.00 795.12
149.12 796.00
149.00 796.12
148.12 797.00
148.00 797.12
147.12 798.00
147.00 798.12
146.12 799.00
146.12 800.00
146.00 800.12
145.12 801.00
145.00 801.12
144.12 802.00
144.12 803.00
144.00 803.12
143.12 804.00
143.00 804.12
142.12 805.00
142.12 806.00
142.12 807.00
142.00 807.12
141.12 808.00
141.12 809.00
141.12 810.00
141.12 811.00
141.00 811.12
140.12 812.00
140.12 813.00
140.12 814.00
140.12 815.00
140.00 815.12
139.12 816.00
139.12 817.00
139.12 818.00
139.12 819.00
139.12 820.00
139.00 820.12
138.12 821.00
138.12 822.00
138.12 823.00
138.12 824.00
138.12 825.00
138.12 826.00
139.00 826.88
139.12 827.00
139.12 828.00
139.12 829.00
139.12 830.00
139.12 831.00
140.00 831.88
140.12 832.00
140.12 833.00
140.12 834.00
141.00 834.88
141.12 835.00
141.12 836.00
141.12 837.00
142.00 837.88
142.12 838.00
142.12 839.00
143.00 839.88
143.12 840.00
143.12 841.00
144.00 841.88
144.12 842.00
145.00 842.88
145.12 843.00
146.00 843.88
146.12 844.00
146.12 845.00
147.00 845.88
148.00 845.88
148.12 846.00
149.00 846.88
149.12 847.00
150.00 847.88
150.12 848.00
151.00 848.88
152.00 848.88
152.12 849.00
153.00 849.88
154.00 849.88
154.12 850.00
155.00 850.88
156.00 850.88
156.12 851.00
157.00 851.88
158.00 851.88
159.00 851.88
160.00 851.88
160.12 852.00
161.00 852.88
162.00 852.88
163.00 852.88
164.00 852.88
165.00 852.88
166.00 852.88
167.00 852.88
167.88 852.00
168.00 851.88
169.00 851.88
170.00 851.88
171.00 851.88
171.88 851.00
172.00 850.88
173.00 850.88
174.00 850.88
174.88 850.00
175.00 849.88
176.00 849.88
177.00 849.88
177.88 849.00
178.00 848.88
179.00 848.88
179.88 848.00
180.00 847.88
181.00 847.88
181.88 847.00
182.00 846.88
183.00 846.88
183.88 846.00
184.00 845.88
185.00 845.88
185.88 845.00
186.00 844.88
186.88 844.00
187.00 843.88
188.00 843.88
188.88 843.00
189.00 842.88
189.88 842.00
190.00 841.88
190.88 841.00
191.00 840.88
191.88 840.00
192.00 839.88
192.88 839.00
193.00 838.88
193.88 838.00
194.00 837.88
194.88 837.00
195.00 836.88
195.88 836.00
195.88 835.00
196.00 834.88
196.88 834.00
197.00 833.88
197.88 833.00
197.88 832.00
198.00 831.88
198.88 831.00
198.88 830.00
199.00 829.88
199.88 829.00
199.88 828.00
200.00 827.88
200.88 827.00
200.88 826.00
201.00 825.88
201.88 825.00
201.88 824.00
202.00 823.88
202.88 823.00
202.88 822.00
202.88 821.00
203.00 820.88
203.88 820.00
203.88 819.00
203.88 818.00
203.88 817.00
203.88 816.00
203.88 815.00
204.00 814.88
204.88 814.00

Contour 4:
305.90 399.00
305.90 398.00
305.90 397.00
305.90 396.00
305.90 395.00
305.90 394.00
305.90 393.00
305.90 392.00
305.00 391.10
304.90 391.00
304.90 390.00
304.90 389.00
304.90 388.00
304.90 387.00
304.90 386.00
304.90 385.00
304.90 384.00
304.00 383.10
303.90 383.00
303.90 382.00
303.90 381.00
303.00 380.10
302.90 380.00
302.90 379.00
302.00 378.10
301.90 378.00
301.00 377.10
300.90 377.00
300.00 376.10
299.90 376.00
299.90 375.00
299.00 374.10
298.90 374.00
298.00 373.10
297.90 373.00
297.00 372.10
296.90 372.00
296.00 371.10
295.90 371.00
295.00 370.10
294.00 370.10
293.90 370.00
293.00 369.10
292.90 369.00
292.00 368.10
291.00 368.10
290.90 368.00
290.00 367.10
289.00 367.10
288.90 367.00
288.00 366.10
287.00 366.10
286.00 366.10
285.90 366.00
285.00 365.10
284.00 365.10
283.90 365.00
283.00 364.10
282.00 364.10
281.00 364.10
280.00 364.10
279.00 364.10
278.00 364.10
277.00 364.10
276.90 364.00
276.00 363.10
275.00 363.10
274.00 363.10
273.10 364.00
273.00 364.10
272.00 364.10
271.00 364.10
270.00 364.10
269.00 364.10
268.10 365.00
268.00 365.10
267.00 365.10
266.00 365.10
265.00 365.10
264.10 366.00
264.00 366.10
263.00 366.10
262.10 367.00
262.00 367.10
261.00 367.10
260.10 368.00
260.00 368.10
259.00 368.10
258.10 369.00
258.00 369.10
257.00 369.10
256.10 370.00
256.00 370.10
255.00 370.10
254.10 371.00
254.00 371.10
253.10 372.00
253.00 372.10
252.10 373.00
252.00 373.10
251.10 374.00
251.00 374.10
250.00 374.10
249.10 375.00
249.00 375.10
248.10 376.00
248.00 376.10
247.10 377.00
247.10 378.00
247.00 378.10
246.10 379.00
246.00 379.10
245.10 380.00
245.00 380.10
244.10 381.00
244.10 382.00
244.00 382.10
243.10 383.00
243.10 384.00
243.00 384.10
242.10 385.00
242.10 386.00
242.00 386.10
241.10 387.00
241.10 388.00
241.10 389.00
241.00 389.10
240.10 390.00
240.10 391.00
240.10 392.00
240.10 393.00
240.10 394.00
240.10 395.00
240.00 395.10
239.10 396.00
239.10 397.00
239.10 398.00
239.10 399.00
239.10 400.00
239.10 401.00
239.10 402.00
239.10 403.00
239.10 404.00
239.10 405.00
240.00 405.90
240.10 406.00
240.10 407.00
240.10 408.00
240.10 409.00
240.10 410.00
241.00 410.90
241.10 411.00
241.10 412.00
242.00 412.90
242.10 413.00
242.10 414.00
243.00 414.90
243.10 415.00
243.10 416.00
244.00 416.90
244.10 417.00
245.00 417.90
245.10 418.00
246.00 418.90
246.10 419.00
246.10 420.00
247.00 420.90
247.10 421.00
248.00 421.90
248.10 422.00
249.00 422.90
249.10 423.00
250.00 423.90
250.10 424.00
251.00 424.90
251.10 425.00
252.00 425.90
252.10 426.00
253.00 426.90
253.10 427.00
254.00 427.90
255.00 427.90
255.10 428.00
256.00 428.90
256.10 429.00
257.00 429.90
257.10 430.00
258.00 430.90
259.00 430.90
259.10 431.00
260.00 431.90
260.10 432.00
261.00 432.90
262.00 432.90
263.00 432.90
263.10 433.00
264.00 433.90
265.00 433.90
265.10 434.00
266.00 434.90
267.00 434.90
268.00 434.90
269.00 434.90
269.10 435.00
270.00 435.90
271.00 435.90
272.00 435.90
273.00 435.90
274.00 435.90
275.00 435.90
276.00 435.90
276.10 436.00
277.00 436.90
278.00 436.90
279.00 436.90
280.00 436.90
280.90 436.00
281.00 435.90
282.00 435.90
283.00 435.90
283.90 435.00
284.00 434.90
285.00 434.90
285.90 434.00
286.00 433.90
287.00 433.90
287.90 433.00
288.00 432.90
288.90 432.00
289.00 431.90
289.90 431.00
290.00 430.90
290.90 430.00
291.00 429.90
291.90 429.00
292.00 428.90
292.90 428.00
292.90 427.00
293.00 426.90
293.90 426.00
294.00 425.90
294.90 425.00
294.90 424.00
295.00 423.90
295.90 423.00
296.00 422.90
296.90 422.00
296.90 421.00
297.00 420.90
297.90 420.00
297.90 419.00
298.00 418.90
298.90 418.00
298.90 417.00
299.00 416.90
299.90 416.00
299.90 415.00
300.00 414.90
300.90 414.00
300.90 413.00
301.00 412.90
301.90 412.00
301.90 411.00
302.00 410.90
302.90 410.00
302.90 409.00
303.00 408.90
303.90 408.00
303.90 407.00
303.90 406.00
304.00 405.90
304.90 405.00
304.90 404.00
304.90 403.00
304.90 402.00
304.90 401.00
304.90 400.00
305.00 399.90
305.90 399.00

Contour 5:
340.92 516.00
340.92 515.00
340.92 514.00
340.00 513.08
339.92 513.00
339.92 512.00
339.92 511.00
339.92 510.00
339.92 509.00
339.92 508.00
339.92 507.00
339.00 506.08
338.92 506.00
338.92 505.00
338.92 504.00
338.00 503.08
337.92 503.00
337.92 502.00
337.00 501.08
336.92 501.00
336.92 500.00
336.00 499.08
335.92 499.00
335.00 498.08
334.92 498.00
334.00 497.08
333.92 497.00
333.00 496.08
332.92 496.00
332.00 495.08
331.92 495.00
331.00 494.08
330.00 494.08
329.92 494.00
329.00 493.08
328.00 493.08
327.92 493.00
327.00 492.08
326.00 492.08
325.92 492.00
325.00 491.08
324.00 491.08
323.92 491.00
323.00 490.08
322.00 490.08
321.00 490.08
320.00 490.08
319.92 490.00
319.00 489.08
318.00 489.08
317.00 489.08
316.92 489.00
316.00 488.08
315.00 488.08
314.00 488.08
313.00 488.08
312.00 488.08
311.00 488.08
310.92 488.00
310.00 487.08
309.00 487.08
308.00 487.08
307.00 487.08
306.00 487.08
305.00 487.08
304.00 487.08
303.00 487.08
302.00 487.08
301.00 487.08
300.00 487.08
299.00 487.08
298.00 487.08
297.00 487.08
296.00 487.08
295.00 487.08
294.00 487.08
293.00 487.08
292.08 488.00
292.00 488.08
291.00 488.08
290.00 488.08
289.08 489.00
289.00 489.08
288.00 489.08
287.00 489.08
286.08 490.00
286.00 490.08
285.00 490.08
284.08 491.00
284.00 491.08
283.08 492.00
283.00 492.08
282.08 493.00
282.00 493.08
281.00 493.08
280.08 494.00
280.00 494.08
279.08 495.00
279.00 495.08
278.08 496.00
278.00 496.08
277.08 497.00
277.08 498.00
277.00 498.08
276.08 499.00
276.08 500.00
276.08 501.00
276.00 501.08
275.08 502.00
275.08 503.00
275.08 504.00
275.08 505.00
275.08 506.00
275.08 507.00
275.08 508.00
275.08 509.00
275.08 510.00
275.08 511.00
275.08 512.00
276.00 512.92
276.08 513.00
276.08 514.00
276.08 515.00
277.00 515.92
277.08 516.00
277.08 517.00
277.08 518.00
278.00 518.92
278.08 519.00
278.08 520.00
279.00 520.92
279.08 521.00
279.08 522.00
280.00 522.92
280.08 523.00
281.00 523.92
281.08 524.00
281.08 525.00
282.00 525.92
282.08 526.00
283.00 526.92
283.08 527.00
284.00 527.92
284.08 528.00
285.00 528.92
285.08 529.00
286.00 529.92
286.08 530.00
287.00 530.92
287.08 531.00
288.00 531.92
288.08 532.00
289.00 532.92
289.08 533.00
290.00 533.92
290.08 534.00
291.00 534.92
292.00 534.92
292.08 535.00
293.00 535.92
294.00 535.92
295.00 535.92
295.08 536.00
296.00 536.92
297.00 536.92
297.08 537.00
298.00 537.92
299.00 537.92
299.08 538.00
300.00 538.92
301.00 538.92
302.00 538.92
303.00 538.92
303.08 539.00
304.00 539.92
305.00 539.92
306.00 539.92
306.08 540.00
307.00 540.92
308.00 540.92
309.00 540.92
310.00 540.92
311.00 540.92
311.08 541.00
312.00 541.92
313.00 541.92
314.00 541.92
315.00 541.92
316.00 541.92
317.00 541.92
318.00 541.92
319.00 541.92
320.00 541.92
320.92 541.00
321.00 540.92
322.00 540.92
322.92 540.00
323.00 539.92
324.00 539.92
325.00 539.92
325.92 539.00
326.00 538.92
327.00 538.92
327.92 538.00
328.00 537.92
328.92 537.00
329.00 536.92
330.00 536.92
330.92 536.00
331.00 535.92
331.92 535.00
332.00 534.92
332.92 534.00
333.00 533.92
333.92 533.00
333.92 532.00
334.00 531.92
334.92 531.00
335.00 530.92
335.92 530.00
336.00 529.92
336.92 529.00
336.92 528.00
337.00 527.92
337.92 527.00
337.92 526.00
338.00 525.92
338.92 525.00
338.92 524.00
339.00 523.92
339.92 523.00
339.92 522.00
339.92 521.00
339.92 520.00
339.92 519.00
339.92 518.00
339.92 517.00
340.00 516.92
340.92 516.00

Contour 6:
299.07 0.00
299.00 0.07
298.00 0.07
297.07 1.00
297.00 1.07
296.00 1.07
295.00 1.07
294.07 2.00
294.00 2.07
293.07 3.00
293.00 3.07
292.07 4.00
292.00 4.07
291.07 5.00
291.07 6.00
291.00 6.07
290.07 7.00
290.07 8.00
290.00 8.07
289.07 9.00
289.07 10.00
289.07 11.00
289.00 11.07
288.07 12.00
288.07 13.00
288.07 14.00
288.00 14.07
287.07 15.00
287.07 16.00
287.07 17.00
287.07 18.00
287.00 18.07
286.07 19.00
286.07 20.00
286.07 21.00
286.07 22.00
286.07 23.00
286.07 24.00
286.07 25.00
286.07 26.00
286.07 27.00
286.07 28.00
286.07 29.00
287.00 29.93
287.07 30.00
287.07 31.00
287.07 32.00
288.00 32.93
288.07 33.00
289.00 33.93
289.07 34.00
289.07 35.00
290.00 35.93
290.07 36.00
291.00 36.93
292.00 36.93
292.07 37.00
293.00 37.93
293.07 38.00
294.00 38.93
295.00 38.93
295.07 39.00
296.00 39.93
297.00 39.93
298.00 39.93
299.00 39.93
299.07 40.00
300.00 40.93
301.00 40.93
302.00 40.93
303.00 40.93
303.07 41.00
304.00 41.93
305.00 41.93
306.00 41.93
307.00 41.93
308.00 41.93
309.00 41.93
310.00 41.93
311.00 41.93
312.00 41.93
313.00 41.93
314.00 41.93
315.00 41.93
316.00 41.93
316.93 41.00
317.00 40.93
318.00 40.93
319.00 40.93
319.93 40.00
320.00 39.93
321.00 39.93
322.00 39.93
322.93 39.00
323.00 38.93
324.00 38.93
324.93 38.00
325.00 37.93
325.93 37.00
326.00 36.93
327.00 36.93
327.93 36.00
328.00 35.93
328.93 35.00
329.00 34.93
330.00 34.93
330.93 34.00
331.00 33.93
332.00 33.93
332.93 33.00
333.00 32.93
334.00 32.93
334.93 32.00
335.00 31.93
336.00 31.93
336.93 31.00
337.00 30.93
338.00 30.93
338.93 30.00
339.00 29.93
340.00 29.93
340.93 29.00
341.00 28.93
341.93 28.00
342.00 27.93
342.93 27.00
343.00 26.93
343.93 26.00
344.00 25.93
344.93 25.00
345.00 24.93
345.93 24.00
346.00 23.93
346.93 23.00
346.93 22.00
347.00 21.93
347.93 21.00
348.00 20.93
348.93 20.00
348.93 19.00
348.93 18.00
349.00 17.93
349.93 17.00
349.93 16.00
349.93 15.00
350.00 14.93
350.93 14.00
350.93 13.00
350.93 12.00
351.00 11.93
351.93 11.00
351.93 10.00
351.93 9.00
351.93 8.00
352.00 7.93
352.93 7.00
352.93 6.00
352.00 5.07
351.93 5.00
351.93 4.00
351.00 3.07
350.93 3.00
350.00 2.07
349.93 2.00
349.00 1.07
348.00 1.07
347.00 1.07
346.93 1.00
346.00 0.07
345.00 0.07
344.00 0.07
343.00 0.07
342.00 0.07
341.00 0.07
340.93 0.00

Contour 7:
311.07 0.00
311.00 0.07
310.00 0.07
309.00 0.07
308.00 0.07
307.00 0.07
306.00 0.07
305.00 0.07
304.00 0.07
303.00 0.07
302.00 0.07
301.93 0.00

Contour 8:
335.07 0.00
335.00 0.07
334.00 0.07
333.00 0.07
332.07 1.00
332.00 1.07
331.00 1.07
330.00 1.07
329.00 1.07
328.00 1.07
327.00 1.07
326.07 2.00
326.00 2.07
325.00 2.07
324.00 2.07
323.00 2.07
322.00 2.07
321.93 2.00
321.00 1.07
320.00 1.07
319.00 1.07
318.93 1.00
318.00 0.07
317.00 0.07
316.00 0.07
315.93 0.00

Contour 9:
440.94 163.00
440.94 162.00
440.94 161.00
440.94 160.00
440.94 159.00
440.94 158.00
440.94 157.00
440.94 156.00
440.94 155.00
440.00 154.06
439.94 154.00
439.94 153.00
439.94 152.00
439.94 151.00
439.00 150.06
438.94 150.00
438.94 149.00
438.94 148.00
438.00 147.06
437.94 147.00
437.94 146.00
437.94 145.00
437.00 144.06
436.94 144.00
436.94 143.00
436.00 142.06
435.94 142.00
435.94 141.00
435.00 140.06
434.94 140.00
434.00 139.06
433.94 139.00
433.00 138.06
432.94 138.00
432.94 137.00
432.00 136.06
431.94 136.00
431.00 135.06
430.00 135.06
429.94 135.00
429.00 134.06
428.94 134.00
428.00 133.06
427.94 133.00
427.00 132.06
426.00 132.06
425.94 132.00
425.00 131.06
424.00 131.06
423.94 131.00
423.00 130.06
422.00 130.06
421.94 130.00
421.00 129.06
420.00 129.06
419.00 129.06
418.00 129.06
417.94 129.00
417.00 128.06
416.00 128.06
415.00 128.06
414.00 128.06
413.94 128.00
413.00 127.06
412.00 127.06
411.00 127.06
410.00 127.06
409.00 127.06
408.00 127.06
407.00 127.06
406.00 127.06
405.00 127.06
404.00 127.06
403.00 127.06
402.00 127.06
401.00 127.06
400.06 128.00
400.00 128.06
399.00 128.06
398.00 128.06
397.00 128.06
396.00 128.06
395.06 129.00
395.00 129.06
394.00 129.06
393.00 129.06
392.00 129.06
391.06 130.00
391.00 130.06
390.00 130.06
389.00 130.06
388.06 131.00
388.00 131.06
387.00 131.06
386.06 132.00
386.00 132.06
385.00 132.06
384.06 133.00
384.00 133.06
383.00 133.06
382.06 134.00
382.00 134.06
381.00 134.06
380.06 135.00
380.00 135.06
379.00 135.06
378.06 136.00
378.00 136.06
377.06 137.00
377.00 137.06
376.00 137.06
375.06 138.00
375.00 138.06
374.06 139.00
374.00 139.06
373.00 139.06
372.06 140.00
372.00 140.06
371.06 141.00
371.00 141.06
370.00 141.06
369.06 142.00
369.00 142.06
368.06 143.00
368.00 143.06
367.06 144.00
367.00 144.06
366.06 145.00
366.00 145.06
365.06 146.00
365.00 146.06
364.06 147.00
364.00 147.06
363.06 148.00
363.00 148.06
362.06 149.00
362.06 150.00
362.00 150.06
361.06 151.00
361.00 151.06
360.06 152.00
360.06 153.00
360.00 153.06
359.06 154.00
359.06 155.00
359.00 155.06
358.06 156.00
358.06 157.00
358.00 157.06
357.06 158.00
357.06 159.00
357.06 160.00
357.00 160.06
356.06 161.00
356.06 162.00
356.06 163.00
356.06 164.00
356.00 164.06
355.06 165.00
355.06 166.00
355.06 167.00
356.00 167.94
356.06 168.00
356.00 168.06
355.06 169.00
355.06 170.00
355.06 171.00
356.00 171.94
356.06 172.00
356.06 173.00
356.06 174.00
356.06 175.00
356.06 176.00
357.00 176.94
357.06 177.00
357.06 178.00
357.06 179.00
358.00 179.94
358.06 180.00
358.06 181.00
359.00 181.94
359.06 182.00
359.06 183.00
360.00 183.94
360.06 184.00
360.06 185.00
361.00 185.94
361.06 186.00
362.00 186.94
362.06 187.00
363.00 187.94
363.06 188.00
364.00 188.94
364.06 189.00
365.00 189.94
365.06 190.00
366.00 190.94
366.06 191.00
367.00 191.94
368.00 191.94
368.06 192.00
369.00 192.94
369.06 193.00
370.00 193.94
371.00 193.94
371.06 194.00
372.00 194.94
373.00 194.94
373.06 195.00
374.00 195.94
375.00 195.94
375.06 196.00
376.00 196.94
377.00 196.94
377.06 197.00
378.00 197.94
379.00 197.94
380.00 197.94
380.06 198.00
381.00 198.94
382.00 198.94
383.00 198.94
383.06 199.00
384.00 199.94
385.00 199.94
386.00 199.94
387.00 199.94
387.06 200.00
388.00 200.94
389.00 200.94
390.00 200.94
391.00 200.94
392.00 200.94
393.00 200.94
394.00 200.94
394.94 200.00
395.00 199.94
396.00 199.94
397.00 199.94
398.00 199.94
399.00 199.94
399.94 199.00
400.00 198.94
401.00 198.94
402.00 198.94
403.00 198.94
403.94 198.00
404.00 197.94
405.00 197.94
406.00 197.94
406.94 197.00
407.00 196.94
408.00 196.94
408.94 196.00
409.00 195.94
410.00 195.94
410.94 195.00
411.00 194.94
412.00 194.94
412.94 194.00
413.00 193.94
413.94 193.00
414.00 192.94
415.00 192.94
415.94 192.00
416.00 191.94
417.00 191.94
417.94 191.00
418.00 190.94
418.94 190.00
419.00 189.94
420.00 189.94
420.94 189.00
421.00 188.94
422.00 188.94
422.94 188.00
423.00 187.94
423.94 187.00
424.00 186.94
425.00 186.94
425.94 186.00
426.00 185.94
426.94 185.00
427.00 184.94
428.00 184.94
428.94 184.00
429.00 183.94
429.94 183.00
430.00 182.94
430.94 182.00
431.00 181.94
431.94 181.00
431.94 180.00
432.00 179.94
432.94 179.00
433.00 178.94
433.94 178.00
434.00 177.94
434.94 177.00
434.94 176.00
435.00 175.94
435.94 175.00
436.00 174.94
436.94 174.00
436.94 173.00
437.00 172.94
437.94 172.00
437.94 171.00
438.00 170.94
438.94 170.00
438.94 169.00
439.00 168.94
439.94 168.00
439.94 167.00
439.94 166.00
439.94 165.00
439.94 164.00
440.00 163.94
440.94 163.00

Contour 10:
428.94 385.00
428.94 384.00
428.94 383.00
428.94 382.00
428.94 381.00
428.94 380.00
428.94 379.00
428.94 378.00
428.94 377.00
428.94 376.00
428.94 375.00
428.94 374.00
428.94 373.00
428.94 372.00
428.94 371.00
428.94 370.00
428.00 369.06
427.94 369.00
427.94 368.00
427.94 367.00
427.94 366.00
427.94 365.00
427.94 364.00
427.94 363.00
427.94 362.00
427.00 361.06
426.94 361.00
426.94 360.00
426.94 359.00
426.00 358.06
425.94 358.00
425.00 357.06
424.94 357.00
424.94 356.00
424.00 355.06
423.94 355.00
423.00 354.06
422.94 354.00
422.00 353.06
421.94 353.00
421.94 352.00
421.00 351.06
420.94 351.00
420.00 350.06
419.94 350.00
419.00 349.06
418.94 349.00
418.00 348.06
417.00 348.06
416.94 348.00
416.00 347.06
415.94 347.00
415.00 346.06
414.94 346.00
414.00 345.06
413.94 345.00
413.00 344.06
412.00 344.06
411.94 344.00
411.00 343.06
410.00 343.06
409.94 343.00
409.00 342.06
408.00 342.06
407.94 342.00
407.00 341.06
406.00 341.06
405.00 341.06
404.94 341.00
404.00 340.06
403.00 340.06
402.00 340.06
401.00 340.06
400.00 340.06
399.94 340.00
399.00 339.06
398.00 339.06
397.00 339.06
396.00 339.06
395.00 339.06
394.00 339.06
393.00 339.06
392.00 339.06
391.06 340.00
391.00 340.06
390.00 340.06
389.00 340.06
388.00 340.06
387.00 340.06
386.00 340.06
385.06 341.00
385.00 341.06
384.00 341.06
383.00 341.06
382.00 341.06
381.06 342.00
381.00 342.06
380.00 342.06
379.00 342.06
378.06 343.00
378.00 343.06
377.00 343.06
376.06 344.00
376.00 344.06
375.06 345.00
375.00 345.06
374.06 346.00
374.00 346.06
373.06 347.00
373.00 347.06
372.06 348.00
372.00 348.06
371.06 349.00
371.00 349.06
370.06 350.00
370.00 350.06
369.06 351.00
369.00 351.06
368.06 352.00
368.00 352.06
367.06 353.00
367.06 354.00
367.00 354.06
366.06 355.00
366.06 356.00
366.00 356.06
365.06 357.00
365.06 358.00
365.00 358.06
364.06 359.00
364.06 360.00
364.06 361.00
364.06 362.00
364.00 362.06
363.06 363.00
363.06 364.00
363.06 365.00
363.06 366.00
363.06 367.00
363.06 368.00
364.00 368.94
364.06 369.00
364.06 370.00
364.06 371.00
364.06 372.00
364.06 373.00
364.06 374.00
364.06 375.00
364.06 376.00
365.00 376.94
365.06 377.00
365.06 378.00
365.06 379.00
366.00 379.94
366.06 380.00
366.06 381.00
366.06 382.00
367.00 382.94
367.06 383.00
368.00 383.94
368.06 384.00
368.06 385.00
369.00 385.94
369.06 386.00
370.00 386.94
370.06 387.00
371.00 387.94
371.06 388.00
372.00 388.94
372.06 389.00
373.00 389.94
373.06 390.00
374.00 390.94
375.00 390.94
375.06 391.00
376.00 391.94
376.06 392.00
377.00 392.94
377.06 393.00
378.00 393.94
379.00 393.94
379.06 394.00
380.00 394.94
380.06 395.00
381.00 395.94
382.00 395.94
382.06 396.00
383.00 396.94
384.00 396.94
384.06 397.00
385.00 397.94
386.00 397.94
386.06 398.00
387.00 398.94
388.00 398.94
389.00 398.94
390.00 398.94
391.00 398.94
391.06 399.00
392.00 399.94
393.00 399.94
394.00 399.94
395.00 399.94
396.00 399.94
397.00 399.94
398.00 399.94
399.00 399.94
399.06 400.00
400.00 400.94
401.00 400.94
402.00 400.94
403.00 400.94
404.00 400.94
405.00 400.94
406.00 400.94
407.00 400.94
408.00 400.94
409.00 400.94
410.00 400.94
410.94 400.00
411.00 399.94
412.00 399.94
413.00 399.94
413.94 399.00
414.00 398.94
415.00 398.94
415.94 398.00
416.00 397.94
417.00 397.94
417.94 397.00
418.00 396.94
418.94 396.00
419.00 395.94
420.00 395.94
420.94 395.00
421.00 394.94
421.94 394.00
422.00 393.94
423.00 393.94
423.94 393.00
424.00 392.94
424.94 392.00
425.00 391.94
425.94 391.00
426.00 390.94
426.94 390.00
426.94 389.00
427.00 388.94
427.94 388.00
427.94 387.00
427.94 386.00
428.00 385.94
428.94 385.00

Contour 11:
478.95 243.00
478.95 242.00
478.95 241.00
478.95 240.00
478.95 239.00
478.95 238.00
478.95 237.00
478.95 236.00
478.95 235.00
478.95 234.00
478.95 233.00
478.95 232.00
478.95 231.00
478.95 230.00
478.95 229.00
478.95 228.00
478.95 227.00
478.00 226.05
477.95 226.00
477.95 225.00
477.95 224.00
477.95 223.00
477.00 222.05
476.95 222.00
476.95 221.00
476.00 220.05
475.95 220.00
475.00 219.05
474.95 219.00
474.95 218.00
474.00 217.05
473.95 217.00
473.00 216.05
472.95 216.00
472.00 215.05
471.95 215.00
471.00 214.05
470.95 214.00
470.00 213.05
469.95 213.00
469.00 212.05
468.95 212.00
468.00 211.05
467.95 211.00
467.00 210.05
466.95 210.00
466.00 209.05
465.00 209.05
464.95 209.00
464.00 208.05
463.00 208.05
462.95 208.00
462.00 207.05
461.00 207.05
460.00 207.05
459.95 207.00
459.00 206.05
458.00 206.05
457.00 206.05
456.00 206.05
455.95 206.00
455.00 205.05
454.00 205.05
453.00 205.05
452.00 205.05
451.00 205.05
450.00 205.05
449.00 205.05
448.00 205.05
447.00 205.05
446.00 205.05
445.00 205.05
444.00 205.05
443.00 205.05
442.00 205.05
441.00 205.05
440.00 205.05
439.00 205.05
438.00 205.05
437.00 205.05
436.05 206.00
436.00 206.05
435.00 206.05
434.00 206.05
433.00 206.05
432.00 206.05
431.00 206.05
430.05 207.00
430.00 207.05
429.00 207.05
428.00 207.05
427.05 208.00
427.00 208.05
426.00 208.05
425.05 209.00
425.00 209.05
424.00 209.05
423.05 210.00
423.00 210.05
422.00 210.05
421.05 211.00
421.00 211.05
420.00 211.05
419.05 212.00
419.00 212.05
418.00 212.05
417.05 213.00
417.00 213.05
416.00 213.05
415.05 214.00
415.00 214.05
414.00 214.05
413.05 215.00
413.00 215.05
412.00 215.05
411.05 216.00
411.00 216.05
410.05 217.00
410.00 217.05
409.05 218.00
409.00 218.05
408.00 218.05
407.05 219.00
407.00 219.05
406.05 220.00
406.00 220.05
405.05 221.00
405.00 221.05
404.05 222.00
404.00 222.05
403.05 223.00
403.00 223.05
402.05 224.00
402.00 224.05
401.05 225.00
401.05 226.00
401.00 226.05
400.05 227.00
400.00 227.05
399.05 228.00
399.00 228.05
398.05 229.00
398.00 229.05
397.05 230.00
397.05 231.00
397.00 231.05
396.05 232.00
396.00 232.05
395.05 233.00
395.05 234.00
395.00 234.05
394.05 235.00
394.05 236.00
394.00 236.05
393.05 237.00
393.05 238.00
393.00 238.05
392.05 239.00
392.05 240.00
392.00 240.05
391.05 241.00
391.05 242.00
391.05 243.00
391.00 243.05
390.05 244.00
390.05 245.00
390.05 246.00
390.00 246.05
389.05 247.00
389.05 248.00
389.05 249.00
389.05 250.00
389.05 251.00
389.00 251.05
388.05 252.00
388.05 253.00
388.05 254.00
388.05 255.00
388.05 256.00
388.05 257.00
389.00 257.95
389.05 258.00
389.05 259.00
389.05 260.00
389.05 261.00
390.00 261.95
390.05 262.00
390.05 263.00
390.05 264.00
390.05 265.00
391.00 265.95
391.05 266.00
391.05 267.00
392.00 267.95
392.05 268.00
392.05 269.00
393.00 269.95
393.05 270.00
393.05 271.00
394.00 271.95
394.05 272.00
395.00 272.95
395.05 273.00
396.00 273.95
396.05 274.00
397.00 274.95
397.05 275.00
398.00 275.95
398.05 276.00
399.00 276.95
400.00 276.95
400.05 277.00
401.00 277.95
401.05 278.00
402.00 278.95
403.00 278.95
403.05 279.00
404.00 279.95
405.00 279.95
405.05 280.00
406.00 280.95
407.00 280.95
407.05 281.00
408.00 281.95
409.00 281.95
409.05 282.00
410.00 282.95
411.00 282.95
412.00 282.95
413.00 282.95
414.00 282.95
414.05 283.00
415.00 283.95
416.00 283.95
417.00 283.95
418.00 283.95
419.00 283.95
420.00 283.95
421.00 283.95
422.00 283.95
423.00 283.95
424.00 283.95
425.00 283.95
426.00 283.95
427.00 283.95
428.00 283.95
429.00 283.95
430.00 283.95
431.00 283.95
432.00 283.95
433.00 283.95
434.00 283.95
434.95 283.00
435.00 282.95
436.00 282.95
437.00 282.95
438.00 282.95
438.95 282.00
439.00 281.95
440.00 281.95
440.95 281.00
441.00 280.95
442.00 280.95
443.00 280.95
443.95 280.00
444.00 279.95
445.00 279.95
446.00 279.95
446.95 279.00
447.00 278.95
448.00 278.95
448.95 278.00
449.00 277.95
449.95 277.00
450.00 276.95
451.00 276.95
451.95 276.00
452.00 275.95
452.95 275.00
453.00 274.95
454.00 274.95
454.95 274.00
455.00 273.95
455.95 273.00
456.00 272.95
457.00 272.95
457.95 272.00
458.00 271.95
458.95 271.00
459.00 270.95
459.95 270.00
460.00 269.95
461.00 269.95
461.95 269.00
462.00 268.95
462.95 268.00
463.00 267.95
463.95 267.00
464.00 266.95
464.95 266.00
465.00 265.95
465.95 265.00
466.00 264.95
466.95 264.00
467.00 263.95
467.95 263.00
468.00 262.95
468.95 262.00
469.00 261.95
469.95 261.00
470.00 260.95
470.95 260.00
471.00 259.95
471.95 259.00
471.95 258.00
472.00 257.95
472.95 257.00
473.00 256.95
473.95 256.00
473.95 255.00
474.00 254.95
474.95 254.00
474.95 253.00
475.00 252.95
475.95 252.00
475.95 251.00
476.00 250.95
476.95 250.00
476.95 249.00
476.95 248.00
476.95 247.00
477.00 246.95
477.95 246.00
477.95 245.00
477.95 244.00
478.00 243.95
478.95 243.00

Contour 12:
468.95 488.00
468.95 487.00
468.95 486.00
468.95 485.00
468.95 484.00
468.95 483.00
468.95 482.00
468.95 481.00
468.95 480.00
468.95 479.00
468.00 478.05
467.95 478.00
467.95 477.00
467.00 476.05
466.95 476.00
466.95 475.00
466.00 474.05
465.95 474.00
465.95 473.00
465.00 472.05
464.95 472.00
464.00 471.05
463.95 471.00
463.00 470.05
462.95 470.00
462.00 469.05
461.95 469.00
461.00 468.05
460.95 468.00
460.00 467.05
459.00 467.05
458.95 467.00
458.00 466.05
457.95 466.00
457.00 465.05
456.95 465.00
456.00 464.05
455.95 464.00
455.00 463.05
454.00 463.05
453.95 463.00
453.00 462.05
452.95 462.00
452.00 461.05
451.00 461.05
450.95 461.00
450.00 460.05
449.95 460.00
449.00 459.05
448.00 459.05
447.95 459.00
447.00 458.05
446.95 458.00
446.00 457.05
445.95 457.00
445.00 456.05
444.95 456.00
444.00 455.05
443.95 455.00
443.00 454.05
442.95 454.00
442.00 453.05
441.95 453.00
441.00 452.05
440.95 452.00
440.00 451.05
439.00 451.05
438.95 451.00
438.00 450.05
437.00 450.05
436.95 450.00
436.00 449.05
435.00 449.05
434.95 449.00
434.00 448.05
433.00 448.05
432.00 448.05
431.95 448.00
431.00 447.05
430.00 447.05
429.00 447.05
428.00 447.05
427.00 447.05
426.95 447.00
426.00 446.05
425.00 446.05
424.00 446.05
423.00 446.05
422.00 446.05
421.00 446.05
420.05 447.00
420.00 447.05
419.00 447.05
418.00 447.05
417.00 447.05
416.05 448.00
416.00 448.05
415.05 449.00
415.00 449.05
414.00 449.05
413.05 450.00
413.00 450.05
412.05 451.00
412.00 451.05
411.00 451.05
410.05 452.00
410.00 452.05
409.05 453.00
409.00 453.05
408.05 454.00
408.00 454.05
407.05 455.00
407.00 455.05
406.05 456.00
406.00 456.05
405.05 457.00
405.05 458.00
405.00 458.05
404.05 459.00
404.00 459.05
403.05 460.00
403.00 460.05
402.05 461.00
402.05 462.00
402.00 462.05
401.05 463.00
401.05 464.00
401.00 464.05
400.05 465.00
400.05 466.00
400.00 466.05
399.05 467.00
399.05 468.00
399.05 469.00
399.05 470.00
399.05 471.00
399.05 472.00
399.05 473.00
399.05 474.00
399.05 475.00
399.05 476.00
399.05 477.00
399.05 478.00
399.05 479.00
399.05 480.00
399.05 481.00
399.05 482.00
400.00 482.95
400.05 483.00
400.05 484.00
400.05 485.00
401.00 485.95
401.05 486.00
401.05 487.00
402.00 487.95
402.05 488.00
403.00 488.95
403.05 489.00
404.00 489.95
404.05 490.00
405.00 490.95
406.00 490.95
406.05 491.00
407.00 491.95
407.05 492.00
408.00 492.95
408.05 493.00
409.00 493.95
409.05 494.00
410.00 494.95
410.05 495.00
411.00 495.95
411.05 496.00
412.00 496.95
413.00 496.95
413.05 497.00
414.00 497.95
414.05 498.00
415.00 498.95
415.05 499.00
416.00 499.95
416.05 500.00
417.00 500.95
417.05 501.00
418.00 501.95
418.05 502.00
419.00 502.95
419.05 503.00
420.00 503.95
421.00 503.95
421.05 504.00
422.00 504.95
423.00 504.95
423.05 505.00
424.00 505.95
425.00 505.95
425.05 506.00
426.00 506.95
427.00 506.95
428.00 506.95
428.05 507.00
429.00 507.95
430.00 507.95
431.00 507.95
431.05 508.00
432.00 508.95
433.00 508.95
434.00 508.95
435.00 508.95
436.00 508.95
437.00 508.95
438.00 508.95
438.05 509.00
439.00 509.95
440.00 509.95
441.00 509.95
442.00 509.95
443.00 509.95
444.00 509.95
445.00 509.95
446.00 509.95
447.00 509.95
448.00 509.95
449.00 509.95
449.95 509.00
450.00 508.95
451.00 508.95
451.95 508.00
452.00 507.95
453.00 507.95
453.95 507.00
454.00 506.95
455.00 506.95
455.95 506.00
456.00 505.95
456.95 505.00
457.00 504.95
458.00 504.95
458.95 504.00
459.00 503.95
459.95 503.00
460.00 502.95
460.95 502.00
461.00 501.95
461.95 501.00
462.00 500.95
462.95 500.00
462.95 499.00
463.00 498.95
463.95 498.00
464.00 497.95
464.95 497.00
464.95 496.00
465.00 495.95
465.95 495.00
465.95 494.00
466.00 493.95
466.95 493.00
466.95 492.00
467.00 491.95
467.95 491.00
467.95 490.00
467.95 489.00
468.00 488.95
468.95 488.00

Contour 13:
520.96 703.00
520.96 702.00
520.96 701.00
520.96 700.00
520.96 699.00
520.96 698.00
520.96 697.00
520.96 696.00
520.96 695.00
520.96 694.00
520.96 693.00
520.00 692.04
519.96 692.00
519.96 691.00
519.96 690.00
519.96 689.00
519.96 688.00
519.00 687.04
518.96 687.00
518.96 686.00
518.96 685.00
518.96 684.00
518.00 683.04
517.96 683.00
517.96 682.00
517.00 681.04
516.96 681.00
516.00 680.04
515.96 680.00
515.00 679.04
514.96 679.00
514.00 678.04
513.96 678.00
513.00 677.04
512.00 677.04
511.96 677.00
511.00 676.04
510.96 676.00
510.00 675.04
509.00 675.04
508.96 675.00
508.00 674.04
507.96 674.00
507.00 673.04
506.96 673.00
506.00 672.04
505.00 672.04
504.96 672.00
504.00 671.04
503.00 671.04
502.96 671.00
502.00 670.04
501.96 670.00
501.00 669.04
500.00 669.04
499.96 669.00
499.00 668.04
498.96 668.00
498.00 667.04
497.00 667.04
496.00 667.04
495.96 667.00
495.00 666.04
494.00 666.04
493.00 666.04
492.00 666.04
491.00 666.04
490.00 666.04
489.00 666.04
488.00 666.04
487.00 666.04
486.04 667.00
486.00 667.04
485.00 667.04
484.00 667.04
483.00 667.04
482.04 668.00
482.00 668.04
481.00 668.04
480.00 668.04
479.04 669.00
479.00 669.04
478.00 669.04
477.04 670.00
477.00 670.04
476.00 670.04
475.04 671.00
475.00 671.04
474.00 671.04
473.04 672.00
473.00 672.04
472.04 673.00
472.00 673.04
471.04 674.00
471.00 674.04
470.04 675.00
470.00 675.04
469.04 676.00
469.00 676.04
468.04 677.00
468.04 678.00
468.00 678.04
467.04 679.00
467.00 679.04
466.04 680.00
466.00 680.04
465.04 681.00
465.04 682.00
465.00 682.04
464.04 683.00
464.04 684.00
464.00 684.04
463.04 685.00
463.04 686.00
463.00 686.04
462.04 687.00
462.04 688.00
462.00 688.04
461.04 689.00
461.04 690.00
461.04 691.00
461.04 692.00
461.04 693.00
461.00 693.04
460.04 694.00
460.04 695.00
460.04 696.00
460.00 696.04
459.04 697.00
459.04 698.00
459.04 699.00
459.04 700.00
460.00 700.96
460.04 701.00
460.04 702.00
460.04 703.00
460.04 704.00
460.04 705.00
460.04 706.00
461.00 706.96
461.04 707.00
461.04 708.00
461.04 709.00
461.04 710.00
461.04 711.00
462.00 711.96
462.04 712.00
462.04 713.00
462.04 714.00
463.00 714.96
463.04 715.00
463.04 716.00
463.04 717.00
464.00 717.96
464.04 718.00
464.04 719.00
465.00 719.96
465.04 720.00
466.00 720.96
466.04 721.00
466.04 722.00
467.00 722.96
467.04 723.00
468.00 723.96
468.04 724.00
469.00 724.96
469.04 725.00
470.00 725.96
470.04 726.00
471.00 726.96
471.04 727.00
472.00 727.96
472.04 728.00
473.00 728.96
474.00 728.96
474.04 729.00
475.00 729.96
476.00 729.96
476.04 730.00
477.00 730.96
477.04 731.00
478.00 731.96
479.00 731.96
480.00 731.96
480.04 732.00
481.00 732.96
482.00 732.96
483.00 732.96
483.04 733.00
484.00 733.96
485.00 733.96
486.00 733.96
487.00 733.96
488.00 733.96
488.04 734.00
489.00 734.96
490.00 734.96
491.00 734.96
492.00 734.96
493.00 734.96
494.00 734.96
495.00 734.96
495.96 734.00
496.00 733.96
497.00 733.96
498.00 733.96
498.96 733.00
499.00 732.96
500.00 732.96
500.96 732.00
501.00 731.96
502.00 731.96
502.96 731.00
503.00 730.96
504.00 730.96
504.96 730.00
505.00 729.96
505.96 729.00
506.00 728.96
506.96 728.00
507.00 727.96
507.96 727.00
508.00 726.96
508.96 726.00
509.00 725.96
509.96 725.00
510.00 724.96
510.96 724.00
511.00 723.96
511.96 723.00
512.00 722.96
512.96 722.00
512.96 721.00
513.00 720.96
513.96 720.00
514.00 719.96
514.96 719.00
514.96 718.00
515.00 717.96
515.96 717.00
515.96 716.00
516.00 715.96
516.96 715.00
516.96 714.00
517.00 713.96
517.96 713.00
517.96 712.00
518.00 711.96
518.96 711.00
518.96 710.00
518.96 709.00
519.00 708.96
519.96 708.00
519.96 707.00
519.96 706.00
519.96 705.00
519.96 704.00
520.00 703.96
520.96 703.00

Contour 14:
563.96 464.00
563.96 463.00
563.96 462.00
563.96 461.00
563.96 460.00
563.96 459.00
563.96 458.00
563.96 457.00
563.96 456.00
563.96 455.00
563.96 454.00
563.00 453.04
562.96 453.00
562.96 452.00
562.96 451.00
562.00 450.04
561.96 450.00
561.96 449.00
561.96 448.00
561.00 447.04
560.96 447.00
560.96 446.00
560.00 445.04
559.96 445.00
559.96 444.00
559.00 443.04
558.96 443.00
558.00 442.04
557.96 442.00
557.96 441.00
557.00 440.04
556.96 440.00
556.00 439.04
555.00 439.04
554.96 439.00
554.00 438.04
553.96 438.00
553.00 437.04
552.96 437.00
552.00 436.04
551.00 436.04
550.96 436.00
550.00 435.04
549.96 435.00
549.00 434.04
548.00 434.04
547.96 434.00
547.00 433.04
546.00 433.04
545.96 433.00
545.00 432.04
544.00 432.04
543.00 432.04
542.96 432.00
542.00 431.04
541.00 431.04
540.00 431.04
539.00 431.04
538.00 431.04
537.96 431.00
537.00 430.04
536.00 430.04
535.00 430.04
534.00 430.04
533.00 430.04
532.00 430.04
531.00 430.04
530.00 430.04
529.00 430.04
528.00 430.04
527.04 431.00
527.00 431.04
526.00 431.04
525.00 431.04
524.00 431.04
523.00 431.04
522.04 432.00
522.00 432.04
521.00 432.04
520.00 432.04
519.04 433.00
519.00 433.04
518.00 433.04
517.04 434.00
517.00 434.04
516.00 434.04
515.04 435.00
515.00 435.04
514.00 435.04
513.04 436.00
513.00 436.04
512.04 437.00
512.00 437.04
511.00 437.04
510.04 438.00
510.00 438.04
509.04 439.00
509.00 439.04
508.04 440.00
508.00 440.04
507.04 441.00
507.00 441.04
506.04 442.00
506.04 443.00
506.00 443.04
505.04 444.00
505.00 444.04
504.04 445.00
504.04 446.00
504.00 446.04
503.04 447.00
503.00 447.04
502.04 448.00
502.04 449.00
502.00 449.04
501.04 450.00
501.04 451.00
501.04 452.00
501.04 453.00
501.00 453.04
500.04 454.00
500.04 455.00
500.04 456.00
500.04 457.00
500.04 458.00
500.04 459.00
500.04 460.00
500.04 461.00
500.04 462.00
500.04 463.00
500.04 464.00
500.04 465.00
500.04 466.00
500.04 467.00
501.00 467.96
501.04 468.00
501.04 469.00
501.04 470.00
502.00 470.96
502.04 471.00
502.04 472.00
502.04 473.00
503.00 473.96
503.04 474.00
503.04 475.00
504.00 475.96
504.04 476.00
504.04 477.00
505.00 477.96
505.04 478.00
506.00 478.96
506.04 479.00
506.04 480.00
507.00 480.96
507.04 481.00
508.00 481.96
508.04 482.00
509.00 482.96
509.04 483.00
510.00 483.96
510.04 484.00
510.04 485.00
511.00 485.96
512.00 485.96
512.04 486.00
513.00 486.96
513.04 487.00
514.00 487.96
515.00 487.96
515.04 488.00
516.00 488.96
517.00 488.96
517.04 489.00
518.00 489.96
519.00 489.96
519.04 490.00
520.00 490.96
521.00 490.96
521.04 491.00
522.00 491.96
523.00 491.96
524.00 491.96
524.04 492.00
525.00 492.96
526.00 492.96
527.00 492.96
528.00 492.96
528.04 493.00
529.00 493.96
530.00 493.96
531.00 493.96
532.00 493.96
533.00 493.96
534.00 493.96
535.00 493.96
536.00 493.96
537.00 493.96
537.96 493.00
538.00 492.96
539.00 492.96
540.00 492.96
541.00 492.96
542.00 492.96
542.96 492.00
543.00 491.96
544.00 491.96
545.00 491.96
545.96 491.00
546.00 490.96
547.00 490.96
547.96 490.00
548.00 489.96
549.00 489.96
549.96 489.00
550.00 488.96
551.00 488.96
551.96 488.00
552.00 487.96
552.96 487.00
553.00 486.96
553.96 486.00
554.00 485.96
554.96 485.00
555.00 484.96
555.96 484.00
556.00 483.96
556.96 483.00
557.00 482.96
557.96 482.00
558.00 481.96
558.96 481.00
558.96 480.00
559.00 479.96
559.96 479.00
559.96 478.00
559.96 477.00
560.00 476.96
560.96 476.00
560.96 475.00
560.96 474.00
561.00 473.96
561.96 473.00
561.96 472.00
561.96 471.00
562.00 470.96
562.96 470.00
562.96 469.00
562.96 468.00
562.96 467.00
562.96 466.00
562.96 465.00
563.00 464.96
563.96 464.00

Contour 15:
569.96 584.00
569.96 583.00
569.96 582.00
569.96 581.00
569.96 580.00
569.96 579.00
569.96 578.00
569.96 577.00
569.00 576.04
568.96 576.00
568.96 575.00
568.96 574.00
568.96 573.00
568.96 572.00
568.00 571.04
567.96 571.00
567.96 570.00
567.96 569.00
567.00 568.04
566.96 568.00
566.00 567.04
565.96 567.00
565.96 566.00
565.00 565.04
564.96 565.00
564.00 564.04
563.96 564.00
563.00 563.04
562.96 563.00
562.96 562.00
562.00 561.04
561.00 561.04
560.96 561.00
560.00 560.04
559.96 560.00
559.00 559.04
558.96 559.00
558.00 558.04
557.00 558.04
556.96 558.00
556.00 557.04
555.96 557.00
555.00 556.04
554.00 556.04
553.00 556.04
552.96 556.00
552.00 555.04
551.00 555.04
550.96 555.00
550.00 554.04
549.00 554.04
548.00 554.04
547.96 554.00
547.00 553.04
546.00 553.04
545.00 553.04
544.00 553.04
543.00 553.04
542.00 553.04
541.00 553.04
540.00 553.04
539.00 553.04
538.04 554.00
538.00 554.04
537.00 554.04
536.00 554.04
535.04 555.00
535.00 555.04
534.00 555.04
533.04 556.00
533.00 556.04
532.00 556.04
531.00 556.04
530.04 557.00
530.00 557.04
529.00 557.04
528.04 558.00
528.00 558.04
527.00 558.04
526.04 559.00
526.00 559.04
525.00 559.04
524.04 560.00
524.00 560.04
523.04 561.00
523.00 561.04
522.00 561.04
521.04 562.00
521.00 562.04
520.04 563.00
520.00 563.04
519.04 564.00
519.00 564.04
518.04 565.00
518.00 565.04
517.00 565.04
516.04 566.00
516.00 566.04
515.04 567.00
515.00 567.04
514.04 568.00
514.04 569.00
514.00 569.04
513.04 570.00
513.04 571.00
513.00 571.04
512.04 572.00
512.04 573.00
512.00 573.04
511.04 574.00
511.04 575.00
511.00 575.04
510.04 576.00
510.04 577.00
510.04 578.00
510.04 579.00
510.04 580.00
510.00 580.04
509.04 581.00
509.04 582.00
509.04 583.00
509.04 584.00
509.04 585.00
509.04 586.00
509.04 587.00
509.04 588.00
509.04 589.00
509.04 590.00
510.00 590.96
510.04 591.00
510.04 592.00
510.04 593.00
510.04 594.00
511.00 594.96
511.04 595.00
511.04 596.00
511.04 597.00
511.04 598.00
512.00 598.96
512.04 599.00
512.04 600.00
512.04 601.00
513.00 601.96
513.04 602.00
513.04 603.00
514.00 603.96
514.04 604.00
514.04 605.00
515.00 605.96
515.04 606.00
515.04 607.00
516.00 607.96
516.04 608.00
517.00 608.96
517.04 609.00
517.04 610.00
518.00 610.96
518.04 611.00
519.00 611.96
519.04 612.00
520.00 612.96
520.04 613.00
521.00 613.96
521.04 614.00
522.00 614.96
522.04 615.00
523.00 615.96
523.04 616.00
524.00 616.96
524.04 617.00
525.00 617.96
526.00 617.96
526.04 618.00
527.00 618.96
528.00 618.96
528.04 619.00
529.00 619.96
530.00 619.96
531.00 619.96
531.04 620.00
532.00 620.96
533.00 620.96
534.00 620.96
535.00 620.96
536.00 620.96
537.00 620.96
538.00 620.96
539.00 620.96
540.00 620.96
541.00 620.96
542.00 620.96
543.00 620.96
543.96 620.00
544.00 619.96
545.00 619.96
546.00 619.96
546.96 619.00
547.00 618.96
548.00 618.96
548.96 618.00
549.00 617.96
550.00 617.96
550.96 617.00
551.00 616.96
551.96 616.00
552.00 615.96
552.96 615.00
553.00 614.96
553.96 614.00
554.00 613.96
555.00 613.96
555.96 613.00
556.00 612.96
556.96 612.00
557.00 611.96
557.96 611.00
558.00 610.96
558.96 610.00
559.00 609.96
559.96 609.00
559.96 608.00
560.00 607.96
560.96 607.00
560.96 606.00
561.00 605.96
561.96 605.00
562.00 604.96
562.96 604.00
562.96 603.00
563.00 602.96
563.96 602.00
563.96 601.00
564.00 600.96
564.96 600.00
564.96 599.00
564.96 598.00
565.00 597.96
565.96 597.00
565.96 596.00
565.96 595.00
566.00 594.96
566.96 594.00
566.96 593.00
567.00 592.96
567.96 592.00
567.96 591.00
567.96 590.00
568.00 589.96
568.96 589.00
568.96 588.00
568.96 587.00
568.96 586.00
568.96 585.00
569.00 584.96
569.96 584.00

Contour 16:
571.97 325.00
571.97 324.00
571.97 323.00
571.97 322.00
571.97 321.00
571.97 320.00
571.97 319.00
571.97 318.00
571.00 317.03
570.97 317.00
570.97 316.00
570.97 315.00
570.97 314.00
570.97 313.00
570.00 312.03
569.97 312.00
569.97 311.00
569.97 310.00
569.00 309.03
568.97 309.00
568.97 308.00
568.97 307.00
568.00 306.03
567.97 306.00
567.97 305.00
567.00 304.03
566.97 304.00
566.97 303.00
566.00 302.03
565.97 302.00
565.97 301.00
565.00 300.03
564.97 300.00
564.00 299.03
563.97 299.00
563.97 298.00
563.00 297.03
562.97 297.00
562.00 296.03
561.97 296.00
561.00 295.03
560.97 295.00
560.00 294.03
559.97 294.00
559.00 293.03
558.97 293.00
558.00 292.03
557.97 292.00
557.00 291.03
556.97 291.00
556.00 290.03
555.97 290.00
555.00 289.03
554.00 289.03
553.97 289.00
553.00 288.03
552.00 288.03
551.97 288.00
551.00 287.03
550.00 287.03
549.00 287.03
548.97 287.00
548.00 286.03
547.00 286.03
546.00 286.03
545.00 286.03
544.00 286.03
543.00 286.03
542.00 286.03
541.00 286.03
540.00 286.03
539.00 286.03
538.00 286.03
537.00 286.03
536.00 286.03
535.00 286.03
534.03 287.00
534.00 287.03
533.00 287.03
532.00 287.03
531.00 287.03
530.03 288.00
530.00 288.03
529.00 288.03
528.03 289.00
528.00 289.03
527.00 289.03
526.03 290.00
526.00 290.03
525.03 291.00
525.00 291.03
524.00 291.03
523.03 292.00
523.00 292.03
522.03 293.00
522.00 293.03
521.03 294.00
521.00 294.03
520.03 295.00
520.00 295.03
519.03 296.00
519.00 296.03
518.03 297.00
518.00 297.03
517.03 298.00
517.00 298.03
516.03 299.00
516.03 300.00
516.00 300.03
515.03 301.00
515.00 301.03
514.03 302.00
514.03 303.00
514.00 303.03
513.03 304.00
513.03 305.00
513.03 306.00
513.00 306.03
512.03 307.00
512.03 308.00
512.03 309.00
512.03 310.00
512.03 311.00
512.00 311.03
511.03 312.00
511.03 313.00
511.03 314.00
511.03 315.00
511.03 316.00
511.03 317.00
511.03 318.00
511.03 319.00
511.03 320.00
511.03 321.00
511.03 322.00
511.03 323.00
511.03 324.00
511.03 325.00
511.03 326.00
512.00 326.97
512.03 327.00
512.03 328.00
512.03 329.00
512.03 330.00
513.00 330.97
513.03 331.00
513.03 332.00
513.03 333.00
513.03 334.00
513.03 335.00
514.00 335.97
514.03 336.00
514.03 337.00
515.00 337.97
515.03 338.00
515.03 339.00
516.00 339.97
516.03 340.00
516.03 341.00
517.00 341.97
517.03 342.00
518.00 342.97
518.03 343.00
518.03 344.00
519.00 344.97
519.03 345.00
520.00 345.97
520.03 346.00
521.00 346.97
521.03 347.00
522.00 347.97
522.03 348.00
523.00 348.97
523.03 349.00
524.00 349.97
525.00 349.97
525.03 350.00
526.00 350.97
527.00 350.97
527.03 351.00
528.00 351.97
529.00 351.97
530.00 351.97
530.03 352.00
531.00 352.97
532.00 352.97
533.00 352.97
534.00 352.97
535.00 352.97
536.00 352.97
537.00 352.97
538.00 352.97
539.00 352.97
540.00 352.97
540.97 352.00
541.00 351.97
542.00 351.97
543.00 351.97
544.00 351.97
544.97 351.00
545.00 350.97
546.00 350.97
547.00 350.97
548.00 350.97
548.97 350.00
549.00 349.97
550.00 349.97
550.97 349.00
551.00 348.97
552.00 348.97
552.97 348.00
553.00 347.97
554.00 347.97
554.97 347.00
555.00 346.97
555.97 346.00
556.00 345.97
557.00 345.97
557.97 345.00
558.00 344.97
559.00 344.97
559.97 344.00
560.00 343.97
560.97 343.00
561.00 342.97
561.97 342.00
562.00 341.97
562.97 341.00
563.00 340.97
563.97 340.00
564.00 339.97
564.97 339.00
565.00 338.97
565.97 338.00
566.00 337.97
566.97 337.00
567.00 336.97
567.97 336.00
567.97 335.00
568.00 334.97
568.97 334.00
568.97 333.00
569.00 332.97
569.97 332.00
569.97 331.00
569.97 330.00
570.00 329.97
570.97 329.00
570.97 328.00
570.97 327.00
570.97 326.00
571.00 325.97
571.97 325.00

Contour 17:
662.97 636.00
662.97 635.00
662.97 634.00
662.97 633.00
662.97 632.00
662.97 631.00
662.97 630.00
662.97 629.00
662.97 628.00
662.00 627.03
661.97 627.00
661.97 626.00
661.97 625.00
661.97 624.00
661.00 623.03
660.97 623.00
660.97 622.00
660.00 621.03
659.97 621.00
659.97 620.00
659.00 619.03
658.97 619.00
658.97 618.00
658.00 617.03
657.97 617.00
657.97 616.00
657.00 615.03
656.97 615.00
656.00 614.03
655.97 614.00
655.00 613.03
654.97 613.00
654.00 612.03
653.97 612.00
653.00 611.03
652.97 611.00
652.00 610.03
651.97 610.00
651.00 609.03
650.97 609.00
650.00 608.03
649.00 608.03
648.97 608.00
648.00 607.03
647.97 607.00
647.00 606.03
646.00 606.03
645.97 606.00
645.00 605.03
644.00 605.03
643.97 605.00
643.00 604.03
642.00 604.03
641.97 604.00
641.00 603.03
640.00 603.03
639.00 603.03
638.97 603.00
638.00 602.03
637.00 602.03
636.00 602.03
635.00 602.03
634.00 602.03
633.97 602.00
633.00 601.03
632.00 601.03
631.00 601.03
630.00 601.03
629.97 601.00
629.00 600.03
628.00 600.03
627.00 600.03
626.00 600.03
625.00 600.03
624.00 600.03
623.00 600.03
622.00 600.03
621.00 600.03
620.00 600.03
619.00 600.03
618.00 600.03
617.03 601.00
617.00 601.03
616.00 601.03
615.00 601.03
614.03 602.00
614.00 602.03
613.00 602.03
612.03 603.00
612.00 603.03
611.00 603.03
610.00 603.03
609.03 604.00
609.00 604.03
608.03 605.00
608.00 605.03
607.00 605.03
606.03 606.00
606.00 606.03
605.03 607.00
605.00 607.03
604.00 607.03
603.03 608.00
603.00 608.03
602.03 609.00
602.00 609.03
601.03 610.00
601.03 611.00
601.00 611.03
600.03 612.00
600.03 613.00
600.00 613.03
599.03 614.00
599.03 615.00
599.00 615.03
598.03 616.00
598.00 616.03
597.03 617.00
597.03 618.00
597.00 618.03
596.03 619.00
596.03 620.00
596.00 620.03
595.03 621.00
595.03 622.00
595.03 623.00
595.03 624.00
595.00 624.03
594.03 625.00
594.03 626.00
594.03 627.00
595.00 627.97
595.03 628.00
595.03 629.00
595.03 630.00
595.03 631.00
595.03 632.00
595.03 633.00
595.03 634.00
595.03 635.00
595.03 636.00
595.03 637.00
596.00 637.97
596.03 638.00
596.03 639.00
596.03 640.00
597.00 640.97
597.03 641.00
597.03 642.00
598.00 642.97
598.03 643.00
598.03 644.00
599.00 644.97
599.03 645.00
599.03 646.00
599.03 647.00
600.00 647.97
600.03 648.00
601.00 648.97
601.03 649.00
601.03 650.00
602.00 650.97
602.03 651.00
603.00 651.97
603.03 652.00
604.00 652.97
604.03 653.00
605.00 653.97
605.03 654.00
606.00 654.97
606.03 655.00
607.00 655.97
607.03 656.00
608.00 656.97
608.03 657.00
609.00 657.97
609.03 658.00
610.00 658.97
611.00 658.97
611.03 659.00
612.00 659.97
613.00 659.97
613.03 660.00
614.00 660.97
615.00 660.97
615.03 661.00
616.00 661.97
617.00 661.97
618.00 661.97
618.03 662.00
619.00 662.97
620.00 662.97
621.00 662.97
622.00 662.97
623.00 662.97
624.00 662.97
625.00 662.97
626.00 662.97
627.00 662.97
628.00 662.97
629.00 662.97
630.00 662.97
631.00 662.97
632.00 662.97
633.00 662.97
634.00 662.97
635.00 662.97
636.00 662.97
637.00 662.97
638.00 662.97
639.00 662.97
640.00 662.97
640.97 662.00
641.00 661.97
642.00 661.97
643.00 661.97
643.97 661.00
644.00 660.97
645.00 660.97
645.97 660.00
646.00 659.97
647.00 659.97
647.97 659.00
648.00 658.97
648.97 658.00
649.00 657.97
650.00 657.97
650.97 657.00
651.00 656.97
651.97 656.00
652.00 655.97
652.97 655.00
653.00 654.97
653.97 654.00
654.00 653.97
654.97 653.00
655.00 652.97
655.97 652.00
656.00 651.97
656.97 651.00
657.00 650.97
657.97 650.00
657.97 649.00
658.00 648.97
658.97 648.00
658.97 647.00
659.00 646.97
659.97 646.00
659.97 645.00
660.00 644.97
660.97 644.00
660.97 643.00
661.00 642.97
661.97 642.00
661.97 641.00
661.97 640.00
661.97 639.00
661.97 638.00
661.97 637.00
662.00 636.97
662.97 636.00

Contour 18:
667.97 475.00
667.97 474.00
667.97 473.00
667.97 472.00
667.97 471.00
667.97 470.00
667.97 469.00
667.97 468.00
667.97 467.00
667.00 466.03
666.97 466.00
666.97 465.00
666.97 464.00
666.97 463.00
666.97 462.00
666.00 461.03
665.97 461.00
665.97 460.00
665.00 459.03
664.97 459.00
664.97 458.00
664.00 457.03
663.97 457.00
663.97 456.00
663.00 455.03
662.97 455.00
662.97 454.00
662.00 453.03
661.97 453.00
661.97 452.00
661.00 451.03
660.97 451.00
660.00 450.03
659.97 450.00
659.00 449.03
658.97 449.00
658.00 448.03
657.97 448.00
657.00 447.03
656.97 447.00
656.00 446.03
655.97 446.00
655.00 445.03
654.97 445.00
654.00 444.03
653.97 444.00
653.00 443.03
652.00 443.03
651.97 443.00
651.00 442.03
650.97 442.00
650.00 441.03
649.00 441.03
648.97 441.00
648.00 440.03
647.00 440.03
646.97 440.00
646.00 439.03
645.00 439.03
644.00 439.03
643.97 439.00
643.00 438.03
642.00 438.03
641.00 438.03
640.00 438.03
639.00 438.03
638.97 438.00
638.00 437.03
637.00 437.03
636.00 437.03
635.00 437.03
634.00 437.03
633.00 437.03
632.97 437.00
632.00 436.03
631.00 436.03
630.00 436.03
629.00 436.03
628.00 436.03
627.03 437.00
627.00 437.03
626.00 437.03
625.00 437.03
624.00 437.03
623.00 437.03
622.03 438.00
622.00 438.03
621.00 438.03
620.00 438.03
619.03 439.00
619.00 439.03
618.00 439.03
617.00 439.03
616.00 439.03
615.03 440.00
615.00 440.03
614.00 440.03
613.03 441.00
613.00 441.03
612.03 442.00
612.00 442.03
611.00 442.03
610.03 443.00
610.00 443.03
609.03 444.00
609.00 444.03
608.03 445.00
608.00 445.03
607.03 446.00
607.03 447.00
607.00 447.03
606.03 448.00
606.03 449.00
606.00 449.03
605.03 450.00
605.03 451.00
605.00 451.03
604.03 452.00
604.03 453.00
604.00 453.03
603.03 454.00
603.03 455.00
603.00 455.03
602.03 456.00
602.00 456.03
601.03 457.00
601.03 458.00
601.00 458.03
600.03 459.00
600.03 460.00
600.03 461.00
600.00 461.03
599.03 462.00
599.03 463.00
599.03 464.00
599.03 465.00
599.03 466.00
599.03 467.00
599.03 468.00
599.03 469.00
599.03 470.00
600.00 470.97
600.03 471.00
600.03 472.00
600.03 473.00
601.00 473.97
601.03 474.00
601.03 475.00
601.03 476.00
602.00 476.97
602.03 477.00
602.03 478.00
603.00 478.97
603.03 479.00
603.03 480.00
604.00 480.97
604.03 481.00
604.03 482.00
605.00 482.97
605.03 483.00
606.00 483.97
606.03 484.00
607.00 484.97
607.03 485.00
607.03 486.00
608.00 486.97
608.03 487.00
609.00 487.97
610.00 487.97
610.03 488.00
611.00 488.97
611.03 489.00
612.00 489.97
612.03 490.00
613.00 490.97
614.00 490.97
614.03 491.00
615.00 491.97
615.03 492.00
616.00 492.97
616.03 493.00
617.00 493.97
618.00 493.97
618.03 494.00
619.00 494.97
620.00 494.97
620.03 495.00
621.00 495.97
622.00 495.97
622.03 496.00
623.00 496.97
624.00 496.97
625.00 496.97
625.03 497.00
626.00 497.97
627.00 497.97
628.00 497.97
629.00 497.97
630.00 497.97
630.03 498.00
631.00 498.97
632.00 498.97
633.00 498.97
634.00 498.97
635.00 498.97
636.00 498.97
637.00 498.97
638.00 498.97
639.00 498.97
640.00 498.97
641.00 498.97
642.00 498.97
642.97 498.00
643.00 497.97
644.00 497.97
645.00 497.97
646.00 497.97
647.00 497.97
648.00 497.97
648.97 497.00
649.00 496.97
650.00 496.97
651.00 496.97
651.97 496.00
652.00 495.97
653.00 495.97
653.97 495.00
654.00 494.97
655.00 494.97
655.97 494.00
656.00 493.97
657.00 493.97
657.97 493.00
658.00 492.97
658.97 492.00
659.00 491.97
659.97 491.00
660.00 490.97
660.97 490.00
661.00 489.97
661.97 489.00
662.00 488.97
662.97 488.00
662.97 487.00
663.00 486.97
663.97 486.00
663.97 485.00
664.00 484.97
664.97 484.00
664.97 483.00
664.97 482.00
665.00 481.97
665.97 481.00
665.97 480.00
665.97 479.00
666.00 478.97
666.97 478.00
666.97 477.00
666.97 476.00
667.00 475.97
667.97 475.00

Contour 19:
698.97 305.00
698.97 304.00
698.97 303.00
698.97 302.00
698.97 301.00
698.97 300.00
698.97 299.00
698.97 298.00
698.97 297.00
698.97 296.00
698.97 295.00
698.97 294.00
698.00 293.03
697.97 293.00
697.97 292.00
697.97 291.00
697.97 290.00
697.00 289.03
696.97 289.00
696.97 288.00
696.97 287.00
696.00 286.03
695.97 286.00
695.97 285.00
695.00 284.03
694.97 284.00
694.97 283.00
694.00 282.03
693.97 282.00
693.00 281.03
692.97 281.00
692.00 280.03
691.97 280.00
691.00 279.03
690.97 279.00
690.00 278.03
689.97 278.00
689.00 277.03
688.00 277.03
687.97 277.00
687.00 276.03
686.97 276.00
686.00 275.03
685.97 275.00
685.00 274.03
684.00 274.03
683.97 274.00
683.00 273.03
682.97 273.00
682.00 272.03
681.00 272.03
680.97 272.00
680.00 271.03
679.97 271.00
679.00 270.03
678.97 270.00
678.00 269.03
677.00 269.03
676.97 269.00
676.00 268.03
675.97 268.00
675.00 267.03
674.00 267.03
673.97 267.00
673.00 266.03
672.00 266.03
671.97 266.00
671.00 265.03
670.00 265.03
669.97 265.00
669.00 264.03
668.00 264.03
667.00 264.03
666.00 264.03
665.00 264.03
664.00 264.03
663.00 264.03
662.00 264.03
661.00 264.03
660.00 264.03
659.00 264.03
658.03 265.00
658.00 265.03
657.00 265.03
656.00 265.03
655.03 266.00
655.00 266.03
654.00 266.03
653.03 267.00
653.00 267.03
652.03 268.00
652.00 268.03
651.00 268.03
650.03 269.00
650.00 269.03
649.03 270.00
649.00 270.03
648.03 271.00
648.00 271.03
647.03 272.00
647.00 272.03
646.03 273.00
646.00 273.03
645.00 273.03
644.03 274.00
644.00 274.03
643.03 275.00
643.03 276.00
643.00 276.03
642.03 277.00
642.00 277.03
641.03 278.00
641.00 278.03
640.03 279.00
640.03 280.00
640.00 280.03
639.03 281.00
639.03 282.00
639.00 282.03
638.03 283.00
638.03 284.00
638.03 285.00
638.03 286.00
638.03 287.00
638.03 288.00
638.03 289.00
638.03 290.00
638.03 291.00
638.03 292.00
638.03 293.00
639.00 293.97
639.03 294.00
639.03 295.00
639.03 296.00
640.00 296.97
640.03 297.00
640.03 298.00
641.00 298.97
641.03 299.00
641.03 300.00
642.00 300.97
642.03 301.00
642.03 302.00
643.00 302.97
643.03 303.00
643.03 304.00
644.00 304.97
644.03 305.00
644.03 306.00
645.00 306.97
645.03 307.00
645.03 308.00
646.00 308.97
646.03 309.00
647.00 309.97
647.03 310.00
647.03 311.00
648.00 311.97
649.00 311.97
649.03 312.00
650.00 312.97
650.03 313.00
651.00 313.97
651.03 314.00
652.00 314.97
652.03 315.00
653.00 315.97
653.03 316.00
654.00 316.97
655.00 316.97
655.03 317.00
656.00 317.97
656.03 318.00
657.00 318.97
657.03 319.00
658.00 319.97
659.00 319.97
659.03 320.00
660.00 320.97
660.03 321.00
661.00 321.97
662.00 321.97
662.03 322.00
663.00 322.97
664.00 322.97
664.03 323.00
665.00 323.97
666.00 323.97
666.03 324.00
667.00 324.97
668.00 324.97
668.03 325.00
669.00 325.97
670.00 325.97
671.00 325.97
672.00 325.97
673.00 325.97
674.00 325.97
675.00 325.97
676.00 325.97
677.00 325.97
678.00 325.97
679.00 325.97
679.97 325.00
680.00 324.97
681.00 324.97
682.00 324.97
683.00 324.97
683.97 324.00
684.00 323.97
685.00 323.97
686.00 323.97
686.97 323.00
687.00 322.97
688.00 322.97
688.97 322.00
689.00 321.97
689.97 321.00
690.00 320.97
690.97 320.00
691.00 319.97
691.97 319.00
692.00 318.97
692.97 318.00
693.00 317.97
693.97 317.00
693.97 316.00
694.00 315.97
694.97 315.00
694.97 314.00
695.00 313.97
695.97 313.00
695.97 312.00
696.00 311.97
696.97 311.00
696.97 310.00
697.00 309.97
697.97 309.00
697.97 308.00
697.97 307.00
697.97 306.00
698.00 305.97
698.97 305.00

Contour 20:
734.97 409.00
734.97 408.00
734.97 407.00
734.97 406.00
734.97 405.00
734.00 404.03
733.97 404.00
733.97 403.00
733.97 402.00
733.97 401.00
733.97 400.00
733.00 399.03
732.97 399.00
732.97 398.00
732.00 397.03
731.97 397.00
731.00 396.03
730.97 396.00
730.97 395.00
730.00 394.03
729.97 394.00
729.00 393.03
728.97 393.00
728.97 392.00
728.00 391.03
727.97 391.00
727.00 390.03
726.97 390.00
726.00 389.03
725.97 389.00
725.00 388.03
724.97 388.00
724.97 387.00
724.00 386.03
723.97 386.00
723.00 385.03
722.97 385.00
722.00 384.03
721.97 384.00
721.00 383.03
720.97 383.00
720.00 382.03
719.97 382.00
719.00 381.03
718.97 381.00
718.00 380.03
717.97 380.00
717.00 379.03
716.00 379.03
715.97 379.00
715.00 378.03
714.97 378.00
714.00 377.03
713.00 377.03
712.97 377.00
712.00 376.03
711.97 376.00
711.00 375.03
710.00 375.03
709.00 375.03
708.97 375.00
708.00 374.03
707.00 374.03
706.97 374.00
706.00 373.03
705.00 373.03
704.00 373.03
703.00 373.03
702.97 373.00
702.00 372.03
701.00 372.03
700.00 372.03
699.00 372.03
698.00 372.03
697.00 372.03
696.00 372.03
695.00 372.03
694.00 372.03
693.00 372.03
692.00 372.03
691.03 373.00
691.00 373.03
690.00 373.03
689.00 373.03
688.00 373.03
687.03 374.00
687.00 374.03
686.00 374.03
685.00 374.03
684.03 375.00
684.00 375.03
683.00 375.03
682.00 375.03
681.03 376.00
681.00 376.03
680.00 376.03
679.03 377.00
679.00 377.03
678.03 378.00
678.00 378.03
677.00 378.03
676.03 379.00
676.03 380.00
676.00 380.03
675.03 381.00
675.00 381.03
674.03 382.00
674.03 383.00
674.00 383.03
673.03 384.00
673.03 385.00
673.03 386.00
673.00 386.03
672.03 387.00
672.03 388.00
672.03 389.00
672.00 389.03
671.03 390.00
671.03 391.00
671.03 392.00
671.03 393.00
671.03 394.00
671.03 395.00
671.03 396.00
671.03 397.00
671.03 398.00
671.03 399.00
672.00 399.97
672.03 400.00
672.03 401.00
672.03 402.00
673.00 402.97
673.03 403.00
673.03 404.00
674.00 404.97
674.03 405.00
675.00 405.97
675.03 406.00
675.03 407.00
676.00 407.97
676.03 408.00
677.00 408.97
677.03 409.00
678.00 409.97
678.03 410.00
678.03 411.00
679.00 411.97
679.03 412.00
680.00 412.97
680.03 413.00
681.00 413.97
681.03 414.00
682.00 414.97
682.03 415.00
683.00 415.97
683.03 416.00
684.00 416.97
684.03 417.00
685.00 417.97
685.03 418.00
686.00 418.97
686.03 419.00
687.00 419.97
687.03 420.00
688.00 420.97
688.03 421.00
689.00 421.97
690.00 421.97
690.03 422.00
691.00 422.97
691.03 423.00
692.00 423.97
693.00 423.97
693.03 424.00
694.00 424.97
695.00 424.97
695.03 425.00
696.00 425.97
697.00 425.97
697.03 426.00
698.00 426.97
698.03 427.00
699.00 427.97
700.00 427.97
701.00 427.97
701.03 428.00
702.00 428.97
703.00 428.97
704.00 428.97
704.03 429.00
705.00 429.97
706.00 429.97
707.00 429.97
708.00 429.97
709.00 429.97
710.00 429.97
711.00 429.97
712.00 429.97
713.00 429.97
714.00 429.97
714.97 429.00
715.00 428.97
716.00 428.97
717.00 428.97
717.97 428.00
718.00 427.97
719.00 427.97
720.00 427.97
720.97 427.00
721.00 426.97
721.97 426.00
722.00 425.97
723.00 425.97
723.97 425.00
724.00 424.97
724.97 424.00
725.00 423.97
725.97 423.00
726.00 422.97
727.00 422.97
727.97 422.00
728.00 421.97
728.97 421.00
728.97 420.00
729.00 419.97
729.97 419.00
730.00 418.97
730.97 418.00
731.00 417.97
731.97 417.00
731.97 416.00
732.00 415.97
732.97 415.00
732.97 414.00
733.00 413.97
733.97 413.00
733.97 412.00
733.97 411.00
733.97 410.00
734.00 409.97
734.97 409.00

Contour 21:
762.98 671.00
762.98 670.00
762.98 669.00
762.98 668.00
762.98 667.00
762.98 666.00
762.98 665.00
762.98 664.00
762.98 663.00
762.98 662.00
762.98 661.00
762.98 660.00
762.98 659.00
762.98 658.00
762.98 657.00
762.00 656.02
761.98 656.00
761.98 655.00
761.98 654.00
761.00 653.02
760.98 653.00
760.98 652.00
760.00 651.02
759.98 651.00
759.98 650.00
759.98 649.00
759.00 648.02
758.98 648.00
758.00 647.02
757.98 647.00
757.98 646.00
757.00 645.02
756.98 645.00
756.00 644.02
755.98 644.00
755.00 643.02
754.98 643.00
754.00 642.02
753.98 642.00
753.00 641.02
752.98 641.00
752.00 640.02
751.98 640.00
751.00 639.02
750.00 639.02
749.98 639.00
749.00 638.02
748.00 638.02
747.98 638.00
747.00 637.02
746.00 637.02
745.00 637.02
744.00 637.02
743.98 637.00
743.00 636.02
742.00 636.02
741.00 636.02
740.00 636.02
739.00 636.02
738.00 636.02
737.02 637.00
737.00 637.02
736.00 637.02
735.00 637.02
734.00 637.02
733.00 637.02
732.02 638.00
732.00 638.02
731.00 638.02
730.02 639.00
730.00 639.02
729.00 639.02
728.02 640.00
728.00 640.02
727.00 640.02
726.02 641.00
726.00 641.02
725.02 642.00
725.00 642.02
724.02 643.00
724.00 643.02
723.02 644.00
723.00 644.02
722.02 645.00
722.00 645.02
721.02 646.00
721.00 646.02
720.02 647.00
720.00 647.02
719.02 648.00
719.00 648.02
718.02 649.00
718.02 650.00
718.00 650.02
717.02 651.00
717.00 651.02
716.02 652.00
716.02 653.00
716.00 653.02
715.02 654.00
715.00 654.02
714.02 655.00
714.00 655.02
713.02 656.00
713.02 657.00
713.00 657.02
712.02 658.00
712.02 659.00
712.00 659.02
711.02 660.00
711.00 660.02
710.02 661.00
710.02 662.00
710.00 662.02
709.02 663.00
709.00 663.02
708.02 664.00
708.02 665.00
708.00 665.02
707.02 666.00
707.02 667.00
707.00 667.02
706.02 668.00
706.00 668.02
705.02 669.00
705.02 670.00
705.02 671.00
705.00 671.02
704.02 672.00
704.02 673.00
704.00 673.02
703.02 674.00
703.02 675.00
703.00 675.02
702.02 676.00
702.02 677.00
702.02 678.00
702.02 679.00
702.02 680.00
702.02 681.00
702.02 682.00
702.02 683.00
702.02 684.00
702.02 685.00
702.02 686.00
703.00 686.98
703.02 687.00
703.02 688.00
703.02 689.00
703.02 690.00
703.02 691.00
703.02 692.00
704.00 692.98
704.02 693.00
704.02 694.00
705.00 694.98
705.02 695.00
705.02 696.00
706.00 696.98
706.02 697.00
706.02 698.00
707.00 698.98
707.02 699.00
708.00 699.98
708.02 700.00
709.00 700.98
709.02 701.00
710.00 701.98
710.02 702.00
711.00 702.98
711.02 703.00
712.00 703.98
712.02 704.00
713.00 704.98
714.00 704.98
714.02 705.00
715.00 705.98
716.00 705.98
716.02 706.00
717.00 706.98
718.00 706.98
719.00 706.98
719.02 707.00
720.00 707.98
721.00 707.98
722.00 707.98
723.00 707.98
724.00 707.98
725.00 707.98
726.00 707.98
727.00 707.98
728.00 707.98
729.00 707.98
730.00 707.98
731.00 707.98
732.00 707.98
732.98 707.00
733.00 706.98
734.00 706.98
735.00 706.98
735.98 706.00
736.00 705.98
737.00 705.98
737.98 705.00
738.00 704.98
739.00 704.98
739.98 704.00
740.00 703.98
741.00 703.98
741.98 703.00
742.00 702.98
743.00 702.98
743.98 702.00
744.00 701.98
744.98 701.00
745.00 700.98
745.98 700.00
746.00 699.98
746.98 699.00
747.00 698.98
747.98 698.00
748.00 697.98
748.98 697.00
749.00 696.98
749.98 696.00
750.00 695.98
750.98 695.00
751.00 694.98
751.98 694.00
752.00 693.98
752.98 693.00
752.98 692.00
753.00 691.98
753.98 691.00
754.00 690.98
754.98 690.00
755.00 689.98
755.98 689.00
755.98 688.00
756.00 687.98
756.98 687.00
756.98 686.00
757.00 685.98
757.98 685.00
757.98 684.00
758.00 683.98
758.98 683.00
758.98 682.00
759.00 681.98
759.98 681.00
759.98 680.00
760.00 679.98
760.98 679.00
760.98 678.00
760.98 677.00
761.00 676.98
761.98 676.00
761.98 675.00
761.98 674.00
761.98 673.00
761.98 672.00
762.00 671.98
762.98 671.00

Contour 22:
822.98 446.00
822.98 445.00
822.98 444.00
822.98 443.00
822.98 442.00
822.98 441.00
822.98 440.00
822.98 439.00
822.98 438.00
822.98 437.00
822.98 436.00
822.00 435.02
821.98 435.00
821.98 434.00
821.98 433.00
821.98 432.00
821.98 431.00
821.00 430.02
820.98 430.00
820.98 429.00
820.98 428.00
820.00 427.02
819.98 427.00
819.98 426.00
819.00 425.02
818.98 425.00
818.98 424.00
818.00 423.02
817.98 423.00
817.00 422.02
816.98 422.00
816.00 421.02
815.98 421.00
815.00 420.02
814.98 420.00
814.00 419.02
813.00 419.02
812.98 419.00
812.00 418.02
811.00 418.02
810.98 418.00
810.00 417.02
809.00 417.02
808.98 417.00
808.00 416.02
807.00 416.02
806.00 416.02
805.00 416.02
804.00 416.02
803.00 416.02
802.00 416.02
801.00 416.02
800.00 416.02
799.00 416.02
798.02 417.00
798.00 417.02
797.00 417.02
796.00 417.02
795.02 418.00
795.00 418.02
794.00 418.02
793.02 419.00
793.00 419.02
792.00 419.02
791.02 420.00
791.00 420.02
790.00 420.02
789.02 421.00
789.00 421.02
788.00 421.02
787.02 422.00
787.00 422.02
786.02 423.00
786.00 423.02
785.00 423.02
784.02 424.00
784.00 424.02
783.00 424.02
782.02 425.00
782.00 425.02
781.02 426.00
781.00 426.02
780.00 426.02
779.02 427.00
779.00 427.02
778.00 427.02
777.02 428.00
777.00 428.02
776.00 428.02
775.02 429.00
775.00 429.02
774.02 430.00
774.00 430.02
773.00 430.02
772.02 431.00
772.00 431.02
771.00 431.02
770.02 432.00
770.00 432.02
769.02 433.00
769.00 433.02
768.02 434.00
768.00 434.02
767.00 434.02
766.02 435.00
766.00 435.02
765.02 436.00
765.00 436.02
764.02 437.00
764.00 437.02
763.02 438.00
763.00 438.02
762.02 439.00
762.00 439.02
761.02 440.00
761.02 441.00
761.00 441.02
760.02 442.00
760.00 442.02
759.02 443.00
759.02 444.00
759.00 444.02
758.02 445.00
758.02 446.00
758.00 446.02
757.02 447.00
757.02 448.00
757.02 449.00
757.02 450.00
757.02 451.00
757.02 452.00
757.00 452.02
756.02 453.00
756.02 454.00
756.02 455.00
757.00 455.98
757.02 456.00
757.02 457.00
757.02 458.00
757.02 459.00
757.02 460.00
757.02 461.00
758.00 461.98
758.02 462.00
758.02 463.00
759.00 463.98
759.02 464.00
759.02 465.00
760.00 465.98
760.02 466.00
760.02 467.00
761.00 467.98
761.02 468.00
762.00 468.98
762.02 469.00
762.02 470.00
763.00 470.98
763.02 471.00
764.00 471.98
764.02 472.00
765.00 472.98
765.02 473.00
765.02 474.00
766.00 474.98
766.02 475.00
767.00 475.98
767.02 476.00
767.02 477.00
768.00 477.98
768.02 478.00
769.00 478.98
770.00 478.98
770.02 479.00
771.00 479.98
771.02 480.00
772.00 480.98
773.00 480.98
774.00 480.98
774.02 481.00
775.00 481.98
776.00 481.98
776.02 482.00
777.00 482.98
778.00 482.98
779.00 482.98
780.00 482.98
780.02 483.00
781.00 483.98
782.00 483.98
783.00 483.98
784.00 483.98
785.00 483.98
786.00 483.98
787.00 483.98
788.00 483.98
789.00 483.98
790.00 483.98
791.00 483.98
792.00 483.98
793.00 483.98
794.00 483.98
794.98 483.00
795.00 482.98
796.00 482.98
797.00 482.98
797.98 482.00
798.00 481.98
799.00 481.98
799.98 481.00
800.00 480.98
800.98 480.00
801.00 479.98
801.98 479.00
802.00 478.98
803.00 478.98
803.98 478.00
804.00 477.98
804.98 477.00
804.98 476.00
805.00 475.98
805.98 475.00
806.00 474.98
806.98 474.00
807.00 473.98
807.98 473.00
808.00 472.98
808.98 472.00
809.00 471.98
809.98 471.00
809.98 470.00
810.00 469.98
810.98 469.00
811.00 468.98
811.98 468.00
811.98 467.00
812.00 466.98
812.98 466.00
813.00 465.98
813.98 465.00
814.00 464.98
814.98 464.00
814.98 463.00
815.00 462.98
815.98 462.00
816.00 461.98
816.98 461.00
816.98 460.00
817.00 459.98
817.98 459.00
817.98 458.00
818.00 457.98
818.98 457.00
819.00 456.98
819.98 456.00
819.98 455.00
819.98 454.00
820.00 453.98
820.98 453.00
820.98 452.00
820.98 451.00
821.00 450.98
821.98 450.00
821.98 449.00
821.98 448.00
821.98 447.00
822.00 446.98
822.98 446.00

Contour 23:
991.98 749.00
991.98 748.00
991.98 747.00
991.98 746.00
991.98 745.00
991.98 744.00
991.98 743.00
991.98 742.00
991.98 741.00
991.98 740.00
991.98 739.00
991.98 738.00
991.98 737.00
991.00 736.02
990.98 736.00
990.98 735.00
990.98 734.00
990.00 733.02
989.98 733.00
989.98 732.00
989.00 731.02
988.98 731.00
988.00 730.02
987.98 730.00
987.98 729.00
987.00 728.02
986.98 728.00
986.00 727.02
985.98 727.00
985.98 726.00
985.00 725.02
984.98 725.00
984.00 724.02
983.98 724.00
983.00 723.02
982.98 723.00
982.98 722.00
982.00 721.02
981.00 721.02
980.98 721.00
980.00 720.02
979.98 720.00
979.00 719.02
978.00 719.02
977.98 719.00
977.00 718.02
976.00 718.02
975.98 718.00
975.00 717.02
974.00 717.02
973.00 717.02
972.98 717.00
972.00 716.02
971.00 716.02
970.00 716.02
969.00 716.02
968.98 716.00
968.00 715.02
967.00 715.02
966.00 715.02
965.00 715.02
964.00 715.02
963.98 715.00
963.00 714.02
962.00 714.02
961.00 714.02
960.00 714.02
959.00 714.02
958.00 714.02
957.00 714.02
956.00 714.02
955.00 714.02
954.00 714.02
953.00 714.02
952.00 714.02
951.00 714.02
950.02 715.00
950.00 715.02
949.00 715.02
948.00 715.02
947.00 715.02
946.00 715.02
945.02 716.00
945.00 716.02
944.00 716.02
943.00 716.02
942.02 717.00
942.00 717.02
941.00 717.02
940.00 717.02
939.02 718.00
939.00 718.02
938.00 718.02
937.02 719.00
937.00 719.02
936.02 720.00
936.00 720.02
935.00 720.02
934.02 721.00
934.00 721.02
933.02 722.00
933.00 722.02
932.02 723.00
932.00 723.02
931.02 724.00
931.00 724.02
930.02 725.00
930.00 725.02
929.02 726.00
929.00 726.02
928.02 727.00
928.00 727.02
927.02 728.00
927.00 728.02
926.02 729.00
926.00 729.02
925.02 730.00
925.02 731.00
925.00 731.02
924.02 732.00
924.00 732.02
923.02 733.00
923.02 734.00
923.00 734.02
922.02 735.00
922.02 736.00
922.00 736.02
921.02 737.00
921.02 738.00
921.02 739.00
921.02 740.00
921.02 741.00
921.02 742.00
921.02 743.00
921.02 744.00
921.02 745.00
921.02 746.00
921.02 747.00
921.02 748.00
921.02 749.00
921.02 750.00
921.02 751.00
922.00 751.98
922.02 752.00
922.02 753.00
922.02 754.00
922.02 755.00
923.00 755.98
923.02 756.00
923.02 757.00
924.00 757.98
924.02 758.00
924.02 759.00
925.00 759.98
925.02 760.00
926.00 760.98
926.02 761.00
926.02 762.00
927.00 762.98
927.02 763.00
928.00 763.98
928.02 764.00
929.00 764.98
929.02 765.00
930.00 765.98
930.02 766.00
931.00 766.98
931.02 767.00
932.00 767.98
933.00 767.98
933.02 768.00
934.00 768.98
934.02 769.00
935.00 769.98
936.00 769.98
936.02 770.00
937.00 770.98
938.00 770.98
938.02 771.00
939.00 771.98
940.00 771.98
941.00 771.98
941.02 772.00
942.00 772.98
943.00 772.98
944.00 772.98
944.02 773.00
945.00 773.98
946.00 773.98
947.00 773.98
948.00 773.98
949.00 773.98
950.00 773.98
951.00 773.98
951.02 774.00
952.00 774.98
953.00 774.98
954.00 774.98
955.00 774.98
956.00 774.98
956.98 774.00
957.00 773.98
958.00 773.98
959.00 773.98
960.00 773.98
961.00 773.98
962.00 773.98
963.00 773.98
963.98 773.00
964.00 772.98
965.00 772.98
965.98 772.00
966.00 771.98
967.00 771.98
968.00 771.98
968.98 771.00
969.00 770.98
970.00 770.98
970.98 770.00
971.00 769.98
971.98 769.00
972.00 768.98
973.00 768.98
973.98 768.00
974.00 767.98
974.98 767.00
975.00 766.98
975.98 766.00
976.00 765.98
976.98 765.00
977.00 764.98
977.98 764.00
978.00 763.98
978.98 763.00
979.00 762.98
980.00 762.98
980.98 762.00
981.00 761.98
981.98 761.00
982.00 760.98
982.98 760.00
983.00 759.98
984.00 759.98
984.98 759.00
985.00 758.98
985.98 758.00
986.00 757.98
986.98 757.00
987.00 756.98
987.98 756.00
988.00 755.98
988.98 755.00
988.98 754.00
989.00 753.98
989.98 753.00
989.98 752.00
990.00 751.98
990.98 751.00
990.98 750.00
991.00 749.98
991.98 749.00

