Contour 0:
0.00 578.50
0.50 579.00
0.50 580.00
1.00 580.50
1.50 581.00
2.00 581.50
2.50 582.00
3.00 582.50
3.50 583.00
4.00 583.50
4.50 584.00
5.00 584.50
5.50 585.00
6.00 585.50
6.50 586.00
7.00 586.50
8.00 586.50
8.50 587.00
9.00 587.50
9.50 588.00
10.00 588.50
11.00 588.50
11.50 589.00
12.00 589.50
13.00 589.50
13.50 590.00
14.00 590.50
15.00 590.50
15.50 591.00
16.00 591.50
17.00 591.50
18.00 591.50
19.00 591.50
19.50 592.00
20.00 592.50
21.00 592.50
22.00 592.50
23.00 592.50
24.00 592.50
25.00 592.50
26.00 592.50
27.00 592.50
28.00 592.50
28.50 592.00
29.00 591.50
30.00 591.50
31.00 591.50
32.00 591.50
33.00 591.50
34.00 591.50
35.00 591.50
36.00 591.50
36.50 591.00
37.00 590.50
38.00 590.50
39.00 590.50
39.50 590.00
40.00 589.50
41.00 589.50
42.00 589.50
42.50 589.00
43.00 588.50
44.00 588.50
44.50 588.00
45.00 587.50
45.50 587.00
46.00 586.50
47.00 586.50
47.50 586.00
48.00 585.50
48.50 585.00
49.00 584.50
49.50 584.00
50.00 583.50
50.50 583.00
51.00 582.50
51.50 582.00
52.00 581.50
52.50 581.00
53.00 580.50
53.50 580.00
53.50 579.00
54.00 578.50
54.50 578.00
54.50 577.00
55.00 576.50
55.50 576.00
55.50 575.00
56.00 574.50
56.50 574.00
56.50 573.00
56.50 572.00
57.00 571.50
57.50 571.00
57.50 570.00
57.50 569.00
57.50 568.00
57.50 567.00
57.50 566.00
57.50 565.00
57.50 564.00
57.50 563.00
57.50 562.00
57.50 561.00
57.50 560.00
57.50 559.00
57.50 558.00
57.50 557.00
57.00 556.50
56.50 556.00
56.50 555.00
56.50 554.00
56.50 553.00
56.00 552.50
55.50 552.00
55.50 551.00
55.50 550.00
55.00 549.50
54.50 549.00
54.50 548.00
54.00 547.50
53.50 547.00
53.50 546.00
53.00 545.50
52.50 545.00
52.50 544.00
52.00 543.50
51.50 543.00
51.00 542.50
50.50 542.00
50.00 541.50
49.50 541.00
49.00 540.50
48.50 540.00
48.00 539.50
47.50 539.00
47.00 538.50
46.50 538.00
46.00 537.50
45.50 537.00
45.00 536.50
44.00 536.50
43.50 536.00
43.00 535.50
42.00 535.50
41.50 535.00
41.00 534.50
40.00 534.50
39.50 534.00
39.00 533.50
38.00 533.50
37.50 533.00
37.00 532.50
36.00 532.50
35.50 532.00
35.00 531.50
34.00 531.50
33.50 531.00
33.00 530.50
32.00 530.50
31.50 530.00
31.00 529.50
30.00 529.50
29.00 529.50
28.00 529.50
27.00 529.50
26.00 529.50
25.50 530.00
25.00 530.50
24.00 530.50
23.00 530.50
22.00 530.50
21.00 530.50
20.00 530.50
19.50 531.00
19.00 531.50
18.00 531.50
17.00 531.50
16.50 532.00
16.00 532.50
15.00 532.50
14.00 532.50
13.50 533.00
13.00 533.50
12.00 533.50
11.50 534.00
11.00 534.50
10.00 534.50
9.50 535.00
9.00 535.50
8.00 535.50
7.50 536.00
7.00 536.50
6.00 536.50
5.50 537.00
5.00 537.50
4.50 538.00
4.00 538.50
3.50 539.00
3.00 539.50
2.50 540.00
2.00 540.50
1.50 541.00
1.00 541.50
0.50 542.00
0.00 542.50

Contour 1:
85.75 282.00
85.75 281.00
85.75 280.00
85.75 279.00
85.75 278.00
85.75 277.00
85.75 276.00
85.00 275.25
84.75 275.00
84.75 274.00
84.75 273.00
84.75 272.00
84.75 271.00
84.00 270.25
83.75 270.00
83.75 269.00
83.75 268.00
83.00 267.25
82.75 267.00
82.75 266.00
82.00 265.25
81.75 265.00
81.75 264.00
81.00 263.25
80.75 263.00
80.75 262.00
80.00 261.25
79.75 261.00
79.00 260.25
78.75 260.00
78.00 259.25
77.75 259.00
77.00 258.25
76.75 258.00
76.00 257.25
75.75 257.00
75.00 256.25
74.75 256.00
74.00 255.25
73.75 255.00
73.00 254.25
72.75 254.00
72.00 253.25
71.75 253.00
71.00 252.25
70.75 252.00
70.00 251.25
69.75 251.00
69.00 250.25
68.00 250.25
67.75 250.00
67.00 249.25
66.00 249.25
65.75 249.00
65.00 248.25
64.00 248.25
63.75 248.00
63.00 247.25
62.00 247.25
61.00 247.25
60.00 247.25
59.75 247.00
59.00 246.25
58.00 246.25
57.00 246.25
56.00 246.25
55.00 246.25
54.00 246.25
53.00 246.25
52.00 246.25
51.00 246.25
50.25 247.00
50.00 247.25
49.00 247.25
48.00 247.25
47.00 247.25
46.25 248.00
46.00 248.25
45.00 248.25
44.00 248.25
43.00 248.25
42.25 249.00
42.00 249.25
41.00 249.25
40.25 250.00
40.00 250.25
39.25 251.00
39.00 251.25
38.00 251.25
37.25 252.00
37.00 252.25
36.25 253.00
36.00 253.25
35.00 253.25
34.25 254.00
34.00 254.25
33.25 255.00
33.00 255.25
32.00 255.25
31.25 256.00
31.00 256.25
30.25 257.00
30.00 257.25
29.25 258.00
29.00 258.25
28.25 259.00
28.00 259.25
27.25 260.00
27.00 260.25
26.00 260.25
25.25 261.00
25.00 261.25
24.25 262.00
24.00 262.25
23.25 263.00
23.00 263.25
22.25 264.00
22.00 264.25
21.25 265.00
21.00 265.25
20.25 266.00
20.00 266.25
19.25 267.00
19.00 267.25
18.25 268.00
18.00 268.25
17.25 269.00
17.00 269.25
16.25 270.00
16.25 271.00
16.00 271.25
15.25 272.00
15.00 272.25
14.25 273.00
14.25 274.00
14.00 274.25
13.25 275.00
13.25 276.00
13.25 277.00
13.00 277.25
12.25 278.00
12.25 279.00
12.25 280.00
12.00 280.25
11.25 281.00
11.25 282.00
11.25 283.00
11.25 284.00
11.25 285.00
11.25 286.00
11.25 287.00
11.25 288.00
11.25 289.00
11.25 290.00
11.25 291.00
11.25 292.00
12.00 292.75
12.25 293.00
12.25 294.00
13.00 294.75
13.25 295.00
13.25 296.00
14.00 296.75
14.25 297.00
14.25 298.00
15.00 298.75
15.25 299.00
15.25 300.00
16.00 300.75
16.25 301.00
17.00 301.75
17.25 302.00
17.25 303.00
18.00 303.75
18.25 304.00
19.00 304.75
19.25 305.00
20.00 305.75
21.00 305.75
21.25 306.00
22.00 306.75
22.25 307.00
23.00 307.75
24.00 307.75
24.25 308.00
25.00 308.75
25.25 309.00
26.00 309.75
27.00 309.75
28.00 309.75
28.25 310.00
29.00 310.75
30.00 310.75
30.25 311.00
31.00 311.75
32.00 311.75
33.00 311.75
34.00 311.75
34.25 312.00
35.00 312.75
36.00 312.75
37.00 312.75
38.00 312.75
38.25 313.00
39.00 313.75
40.00 313.75
41.00 313.75
42.00 313.75
42.25 314.00
43.00 314.75
44.00 314.75
45.00 314.75
46.00 314.75
47.00 314.75
48.00 314.75
49.00 314.75
50.00 314.75
51.00 314.75
52.00 314.75
53.00 314.75
54.00 314.75
55.00 314.75
55.75 314.00
56.00 313.75
57.00 313.75
58.00 313.75
59.00 313.75
59.75 313.00
60.00 312.75
61.00 312.75
62.00 312.75
62.75 312.00
63.00 311.75
64.00 311.75
65.00 311.75
65.75 311.00
66.00 310.75
67.00 310.75
67.75 310.00
68.00 309.75
69.00 309.75
69.75 309.00
70.00 308.75
71.00 308.75
71.75 308.00
72.00 307.75
72.75 307.00
73.00 306.75
74.00 306.75
74.75 306.00
75.00 305.75
75.75 305.00
76.00 304.75
76.75 304.00
77.00 303.75
77.75 303.00
77.75 302.00
78.00 301.75
78.75 301.00
79.00 300.75
79.75 300.00
80.00 299.75
80.75 299.00
80.75 298.00
81.00 297.75
81.75 297.00
81.75 296.00
82.00 295.75
82.75 295.00
82.75 294.00
82.75 293.00
83.00 292.75
83.75 292.00
83.75 291.00
83.75 290.00
83.75 289.00
84.00 288.75
84.75 288.00
84.75 287.00
84.75 286.00
84.75 285.00
84.75 284.00
84.75 283.00
85.00 282.75
85.75 282.00

Contour 2:
156.83 178.00
156.83 177.00
156.83 176.00
156.83 175.00
156.83 174.00
156.83 173.00
156.83 172.00
156.83 171.00
156.83 170.00
156.83 169.00
156.83 168.00
156.83 167.00
156.83 166.00
156.83 165.00
156.83 164.00
156.83 163.00
156.83 162.00
156.83 161.00
156.83 160.00
156.83 159.00
156.00 158.17
155.83 158.00
155.83 157.00
155.83 156.00
155.00 155.17
154.83 155.00
154.83 154.00
154.00 153.17
153.83 153.00
153.83 152.00
153.00 151.17
152.83 151.00
152.00 150.17
151.83 150.00
151.00 149.17
150.83 149.00
150.83 148.00
150.00 147.17
149.83 147.00
149.00 146.17
148.83 146.00
148.00 145.17
147.83 145.00
147.00 144.17
146.00 144.17
145.83 144.00
145.00 143.17
144.83 143.00
144.00 142.17
143.83 142.00
143.00 141.17
142.00 141.17
141.83 141.00
141.00 140.17
140.00 140.17
139.83 140.00
139.00 139.17
138.00 139.17
137.83 139.00
137.00 138.17
136.00 138.17
135.00 138.17
134.83 138.00
134.00 137.17
133.00 137.17
132.00 137.17
131.83 137.00
131.00 136.17
130.00 136.17
129.00 136.17
128.83 136.00
128.00 135.17
127.00 135.17
126.00 135.17
125.00 135.17
124.00 135.17
123.00 135.17
122.00 135.17
121.83 135.00
121.00 134.17
120.00 134.17
119.00 134.17
118.00 134.17
117.00 134.17
116.17 135.00
116.00 135.17
115.00 135.17
114.00 135.17
113.00 135.17
112.00 135.17
111.00 135.17
110.00 135.17
109.00 135.17
108.00 135.17
107.17 136.00
107.00 136.17
106.00 136.17
105.17 137.00
105.00 137.17
104.00 137.17
103.17 138.00
103.00 138.17
102.00 138.17
101.17 139.00
101.00 139.17
100.17 140.00
100.00 140.17
99.17 141.00
99.00 141.17
98.00 141.17
97.17 142.00
97.00 142.17
96.17 143.00
96.00 143.17
95.17 144.00
95.00 144.17
94.00 144.17
93.17 145.00
93.00 145.17
92.17 146.00
92.00 146.17
91.00 146.17
90.17 147.00
90.00 147.17
89.17 148.00
89.00 148.17
88.17 149.00
88.00 149.17
87.17 150.00
87.17 151.00
87.00 151.17
86.17 152.00
86.00 152.17
85.17 153.00
85.00 153.17
84.17 154.00
84.17 155.00
84.00 155.17
83.17 156.00
83.17 157.00
83.00 157.17
82.17 158.00
82.17 159.00
82.00 159.17
81.17 160.00
81.17 161.00
81.17 162.00
81.00 162.17
80.17 163.00
80.17 164.00
80.17 165.00
80.00 165.17
79.17 166.00
79.17 167.00
79.17 168.00
79.17 169.00
79.00 169.17
78.17 170.00
78.17 171.00
78.00 171.17
77.17 172.00
77.17 173.00
77.00 173.17
76.17 174.00
76.17 175.00
76.17 176.00
76.17 177.00
76.17 178.00
76.00 178.17
75.17 179.00
75.17 180.00
75.17 181.00
75.17 182.00
75.17 183.00
76.00 183.83
76.17 184.00
76.17 185.00
76.17 186.00
76.17 187.00
76.17 188.00
76.17 189.00
76.17 190.00
76.17 191.00
77.00 191.83
77.17 192.00
77.17 193.00
77.17 194.00
78.00 194.83
78.17 195.00
78.17 196.00
78.17 197.00
79.00 197.83
79.17 198.00
79.17 199.00
79.17 200.00
80.00 200.83
80.17 201.00
80.17 202.00
80.17 203.00
81.00 203.83
81.17 204.00
81.17 205.00
82.00 205.83
82.17 206.00
83.00 206.83
83.17 207.00
84.00 207.83
84.17 208.00
84.17 209.00
85.00 209.83
86.00 209.83
86.17 210.00
87.00 210.83
87.17 211.00
88.00 211.83
88.17 212.00
89.00 212.83
90.00 212.83
90.17 213.00
91.00 213.83
92.00 213.83
92.17 214.00
93.00 214.83
94.00 214.83
95.00 214.83
96.00 214.83
96.17 215.00
97.00 215.83
98.00 215.83
99.00 215.83
100.00 215.83
101.00 215.83
101.17 216.00
102.00 216.83
103.00 216.83
104.00 216.83
105.00 216.83
106.00 216.83
107.00 216.83
108.00 216.83
109.00 216.83
110.00 216.83
111.00 216.83
112.00 216.83
113.00 216.83
114.00 216.83
115.00 216.83
116.00 216.83
117.00 216.83
117.83 216.00
118.00 215.83
119.00 215.83
120.00 215.83
121.00 215.83
122.00 215.83
123.00 215.83
123.83 215.00
124.00 214.83
125.00 214.83
126.00 214.83
126.83 214.00
127.00 213.83
128.00 213.83
128.83 213.00
129.00 212.83
130.00 212.83
131.00 212.83
131.83 212.00
132.00 211.83
133.00 211.83
133.83 211.00
134.00 210.83
134.83 210.00
135.00 209.83
136.00 209.83
136.83 209.00
137.00 208.83
137.83 208.00
138.00 207.83
139.00 207.83
139.83 207.00
140.00 206.83
140.83 206.00
141.00 205.83
141.83 205.00
142.00 204.83
142.83 204.00
143.00 203.83
143.83 203.00
144.00 202.83
144.83 202.00
145.00 201.83
145.83 201.00
146.00 200.83
146.83 200.00
147.00 199.83
147.83 199.00
147.83 198.00
148.00 197.83
148.83 197.00
149.00 196.83
149.83 196.00
150.00 195.83
150.83 195.00
150.83 194.00
151.00 193.83
151.83 193.00
151.83 192.00
152.00 191.83
152.83 191.00
153.00 190.83
153.83 190.00
153.83 189.00
153.83 188.00
154.00 187.83
154.83 187.00
154.83 186.00
154.83 185.00
155.00 184.83
155.83 184.00
155.83 183.00
155.83 182.00
155.83 181.00
155.83 180.00
155.83 179.00
156.00 178.83
156.83 178.00

Contour 3:
204.88 827.00
204.88 826.00
204.88 825.00
204.88 824.00
204.88 823.00
204.88 822.00
204.88 821.00
204.88 820.00
204.88 819.00
204.88 818.00
204.88 817.00
204.88 816.00
204.00 815.12
203.88 815.00
203.88 814.00
203.88 813.00
203.88 812.00
203.88 811.00
203.00 810.12
202.88 810.00
202.88 809.00
202.00 808.12
201.88 808.00
201.00 807.12
200.88 807.00
200.88 806.00
200.00 805.12
199.88 805.00
199.88 804.00
199.00 803.12
198.88 803.00
198.88 802.00
198.00 801.12
197.88 801.00
197.88 800.00
197.00 799.12
196.88 799.00
196.88 798.00
196.00 797.12
195.00 797.12
194.88 797.00
194.00 796.12
193.88 796.00
193.00 795.12
192.88 795.00
192.00 794.12
191.88 794.00
191.00 793.12
190.00 793.12
189.88 793.00
189.00 792.12
188.88 792.00
188.00 791.12
187.00 791.12
186.88 791.00
186.00 790.12
185.00 790.12
184.00 790.12
183.88 790.00
183.00 789.12
182.00 789.12
181.00 789.12
180.88 789.00
180.00 788.12
179.00 788.12
178.00 788.12
177.00 788.12
176.00 788.12
175.00 788.12
174.00 788.12
173.00 788.12
172.00 788.12
171.00 788.12
170.00 788.12
169.00 788.12
168.00 788.12
167.00 788.12
166.12 789.00
166.00 789.12
165.00 789.12
164.00 789.12
163.12 790.00
163.00 790.12
162.00 790.12
161.00 790.12
160.12 791.00
160.00 791.12
159.12 792.00
159.00 792.12
158.00 792.12
157.12 793.00
157.00 793.12
156.00 793.12
155.12 794.00
155.00 794.12
154.12 795.00
154.00 795.12
153.12 796.00
153.12 797.00
153.00 797.12
152.12 798.00
152.00 798.12
151.12 799.00
151.12 800.00
151.00 800.12
150.12 801.00
150.12 802.00
150.00 802.12
149.12 803.00
149.12 804.00
149.00 804.12
148.12 805.00
148.00 805.12
147.12 806.00
147.12 807.00
147.12 808.00
147.00 808.12
146.12 809.00
146.12 810.00
146.00 810.12
145.12 811.00
145.12 812.00
145.12 813.00
145.00 813.12
144.12 814.00
144.12 815.00
144.12 816.00
144.12 817.00
144.12 818.00
144.12 819.00
144.12 820.00
144.12 821.00
144.12 822.00
144.12 823.00
144.00 823.12
143.12 824.00
143.12 825.00
143.12 826.00
143.12 827.00
144.00 827.88
144.12 828.00
144.12 829.00
144.12 830.00
144.12 831.00
144.12 832.00
144.12 833.00
144.12 834.00
145.00 834.88
145.12 835.00
145.12 836.00
145.12 837.00
146.00 837.88
146.12 838.00
147.00 838.88
147.12 839.00
147.12 840.00
148.00 840.88
148.12 841.00
148.12 842.00
149.00 842.88
149.12 843.00
149.12 844.00
150.00 844.88
150.12 845.00
151.00 845.88
151.12 846.00
151.12 847.00
152.00 847.88
152.12 848.00
153.00 848.88
153.12 849.00
154.00 849.88
154.12 850.00
155.00 850.88
156.00 850.88
156.12 851.00
157.00 851.88
157.12 852.00
158.00 852.88
158.12 853.00
159.00 853.88
160.00 853.88
160.12 854.00
161.00 854.88
161.12 855.00
162.00 855.88
163.00 855.88
164.00 855.88
164.12 856.00
165.00 856.88
166.00 856.88
167.00 856.88
167.12 857.00
168.00 857.88
169.00 857.88
170.00 857.88
171.00 857.88
172.00 857.88
173.00 857.88
174.00 857.88
175.00 857.88
176.00 857.88
177.00 857.88
178.00 857.88
179.00 857.88
180.00 857.88
181.00 857.88
182.00 857.88
182.88 857.00
183.00 856.88
184.00 856.88
185.00 856.88
186.00 856.88
186.88 856.00
187.00 855.88
188.00 855.88
188.88 855.00
189.00 854.88
189.88 854.00
190.00 853.88
191.00 853.88
191.88 853.00
192.00 852.88
192.88 852.00
193.00 851.88
193.88 851.00
193.88 850.00
194.00 849.88
194.88 849.00
195.00 848.88
195.88 848.00
196.00 847.88
196.88 847.00
197.00 846.88
197.88 846.00
197.88 845.00
198.00 844.88
198.88 844.00
198.88 843.00
199.00 842.88
199.88 842.00
199.88 841.00
199.88 840.00
200.00 839.88
200.88 839.00
200.88 838.00
200.88 837.00
200.88 836.00
201.00 835.88
201.88 835.00
201.88 834.00
202.00 833.88
202.88 833.00
202.88 832.00
203.00 831.88
203.88 831.00
203.88 830.00
203.88 829.00
203.88 828.00
204.00 827.88
204.88 827.00

Contour 4:
295.90 398.00
295.90 397.00
295.90 396.00
295.90 395.00
295.90 394.00
295.90 393.00
295.90 392.00
295.90 391.00
295.90 390.00
295.90 389.00
295.90 388.00
295.90 387.00
295.90 386.00
295.90 385.00
295.90 384.00
295.90 383.00
295.00 382.10
294.90 382.00
294.90 381.00
294.90 380.00
294.90 379.00
294.00 378.10
293.90 378.00
293.90 377.00
293.90 376.00
293.90 375.00
293.00 374.10
292.90 374.00
292.90 373.00
292.00 372.10
291.90 372.00
291.90 371.00
291.00 370.10
290.90 370.00
290.00 369.10
289.90 369.00
289.00 368.10
288.90 368.00
288.00 367.10
287.90 367.00
287.00 366.10
286.90 366.00
286.00 365.10
285.90 365.00
285.00 364.10
284.90 364.00
284.00 363.10
283.00 363.10
282.90 363.00
282.00 362.10
281.00 362.10
280.00 362.10
279.90 362.00
279.00 361.10
278.00 361.10
277.00 361.10
276.90 361.00
276.00 360.10
275.00 360.10
274.00 360.10
273.00 360.10
272.90 360.00
272.00 359.10
271.00 359.10
270.00 359.10
269.00 359.10
268.00 359.10
267.00 359.10
266.00 359.10
265.00 359.10
264.00 359.10
263.00 359.10
262.00 359.10
261.00 359.10
260.00 359.10
259.00 359.10
258.00 359.10
257.00 359.10
256.00 359.10
255.00 359.10
254.10 360.00
254.00 360.10
253.00 360.10
252.00 360.10
251.00 360.10
250.10 361.00
250.00 361.10
249.00 361.10
248.10 362.00
248.00 362.10
247.00 362.10
246.10 363.00
246.00 363.10
245.00 363.10
244.10 364.00
244.00 364.10
243.10 365.00
243.00 365.10
242.00 365.10
241.10 366.00
241.10 367.00
241.00 367.10
240.10 368.00
240.00 368.10
239.10 369.00
239.00 369.10
238.10 370.00
238.00 370.10
237.10 371.00
237.00 371.10
236.10 372.00
236.00 372.10
235.10 373.00
235.00 373.10
234.10 374.00
234.00 374.10
233.10 375.00
233.10 376.00
233.00 376.10
232.10 377.00
232.00 377.10
231.10 378.00
231.10 379.00
231.10 380.00
231.00 380.10
230.10 381.00
230.10 382.00
230.10 383.00
230.10 384.00
230.10 385.00
230.10 386.00
230.10 387.00
230.00 387.10
229.10 388.00
229.10 389.00
229.10 390.00
229.10 391.00
229.10 392.00
229.10 393.00
229.10 394.00
230.00 394.90
230.10 395.00
230.10 396.00
230.10 397.00
230.10 398.00
230.10 399.00
231.00 399.90
231.10 400.00
231.10 401.00
231.10 402.00
231.10 403.00
231.10 404.00
232.00 404.90
232.10 405.00
232.10 406.00
232.10 407.00
233.00 407.90
233.10 408.00
233.10 409.00
233.10 410.00
234.00 410.90
234.10 411.00
234.10 412.00
235.00 412.90
235.10 413.00
236.00 413.90
236.10 414.00
236.10 415.00
237.00 415.90
237.10 416.00
238.00 416.90
238.10 417.00
238.10 418.00
239.00 418.90
239.10 419.00
240.00 419.90
240.10 420.00
241.00 420.90
241.10 421.00
242.00 421.90
243.00 421.90
243.10 422.00
244.00 422.90
244.10 423.00
245.00 423.90
245.10 424.00
246.00 424.90
247.00 424.90
247.10 425.00
248.00 425.90
249.00 425.90
250.00 425.90
250.10 426.00
251.00 426.90
252.00 426.90
253.00 426.90
254.00 426.90
255.00 426.90
256.00 426.90
257.00 426.90
258.00 426.90
259.00 426.90
260.00 426.90
260.90 426.00
261.00 425.90
262.00 425.90
263.00 425.90
263.90 425.00
264.00 424.90
265.00 424.90
266.00 424.90
266.90 424.00
267.00 423.90
268.00 423.90
269.00 423.90
269.90 423.00
270.00 422.90
271.00 422.90
271.90 422.00
272.00 421.90
273.00 421.90
273.90 421.00
274.00 420.90
275.00 420.90
275.90 420.00
276.00 419.90
277.00 419.90
277.90 419.00
278.00 418.90
279.00 418.90
279.90 418.00
280.00 417.90
280.90 417.00
281.00 416.90
282.00 416.90
282.90 416.00
283.00 415.90
283.90 415.00
284.00 414.90
285.00 414.90
285.90 414.00
286.00 413.90
286.90 413.00
287.00 412.90
287.90 412.00
288.00 411.90
288.90 411.00
288.90 410.00
289.00 409.90
289.90 409.00
290.00 408.90
290.90 408.00
291.00 407.90
291.90 407.00
291.90 406.00
292.00 405.90
292.90 405.00
292.90 404.00
293.00 403.90
293.90 403.00
293.90 402.00
294.00 401.90
294.90 401.00
294.90 400.00
294.90 399.00
295.00 398.90
295.90 398.00

Contour 5:
339.92 519.00
339.92 518.00
339.92 517.00
339.92 516.00
339.92 515.00
339.92 514.00
339.92 513.00
339.92 512.00
339.92 511.00
339.92 510.00
339.92 509.00
339.92 508.00
339.92 507.00
339.00 506.08
338.92 506.00
338.92 505.00
338.92 504.00
338.92 503.00
338.00 502.08
337.92 502.00
337.92 501.00
337.00 500.08
336.92 500.00
336.92 499.00
336.00 498.08
335.92 498.00
335.00 497.08
334.92 497.00
334.00 496.08
333.92 496.00
333.00 495.08
332.92 495.00
332.00 494.08
331.92 494.00
331.00 493.08
330.92 493.00
330.00 492.08
329.92 492.00
329.00 491.08
328.92 491.00
328.00 490.08
327.00 490.08
326.92 490.00
326.00 489.08
325.00 489.08
324.92 489.00
324.00 488.08
323.00 488.08
322.00 488.08
321.92 488.00
321.00 487.08
320.00 487.08
319.00 487.08
318.00 487.08
317.00 487.08
316.00 487.08
315.00 487.08
314.00 487.08
313.00 487.08
312.00 487.08
311.00 487.08
310.00 487.08
309.00 487.08
308.00 487.08
307.00 487.08
306.00 487.08
305.00 487.08
304.00 487.08
303.00 487.08
302.00 487.08
301.00 487.08
300.00 487.08
299.00 487.08
298.00 487.08
297.00 487.08
296.00 487.08
295.00 487.08
294.00 487.08
293.00 487.08
292.00 487.08
291.00 487.08
290.08 488.00
290.00 488.08
289.00 488.08
288.00 488.08
287.08 489.00
287.00 489.08
286.00 489.08
285.08 490.00
285.00 490.08
284.00 490.08
283.08 491.00
283.00 491.08
282.08 492.00
282.00 492.08
281.00 492.08
280.08 493.00
280.00 493.08
279.08 494.00
279.08 495.00
279.00 495.08
278.08 496.00
278.00 496.08
277.08 497.00
277.08 498.00
277.00 498.08
276.08 499.00
276.08 500.00
276.08 501.00
276.08 502.00
276.00 502.08
275.08 503.00
275.08 504.00
275.08 505.00
275.08 506.00
275.08 507.00
275.08 508.00
275.08 509.00
275.08 510.00
275.08 511.00
276.00 511.92
276.08 512.00
276.08 513.00
276.08 514.00
277.00 514.92
277.08 515.00
277.08 516.00
277.08 517.00
278.00 517.92
278.08 518.00
278.08 519.00
279.00 519.92
279.08 520.00
280.00 520.92
280.08 521.00
280.08 522.00
281.00 522.92
281.08 523.00
281.08 524.00
282.00 524.92
282.08 525.00
283.00 525.92
283.08 526.00
284.00 526.92
284.08 527.00
285.00 527.92
285.08 528.00
285.08 529.00
286.00 529.92
286.08 530.00
287.00 530.92
288.00 530.92
288.08 531.00
289.00 531.92
289.08 532.00
290.00 532.92
290.08 533.00
291.00 533.92
292.00 533.92
292.08 534.00
293.00 534.92
294.00 534.92
294.08 535.00
295.00 535.92
296.00 535.92
296.08 536.00
297.00 536.92
298.00 536.92
298.08 537.00
299.00 537.92
300.00 537.92
301.00 537.92
302.00 537.92
302.08 538.00
303.00 538.92
304.00 538.92
305.00 538.92
306.00 538.92
306.08 539.00
307.00 539.92
308.00 539.92
309.00 539.92
310.00 539.92
311.00 539.92
312.00 539.92
313.00 539.92
314.00 539.92
315.00 539.92
316.00 539.92
317.00 539.92
318.00 539.92
319.00 539.92
320.00 539.92
320.92 539.00
321.00 538.92
322.00 538.92
323.00 538.92
323.92 538.00
324.00 537.92
325.00 537.92
326.00 537.92
326.92 537.00
327.00 536.92
328.00 536.92
328.92 536.00
329.00 535.92
330.00 535.92
330.92 535.00
331.00 534.92
331.92 534.00
332.00 533.92
332.92 533.00
333.00 532.92
333.92 532.00
334.00 531.92
334.92 531.00
335.00 530.92
335.92 530.00
335.92 529.00
336.00 528.92
336.92 528.00
336.92 527.00
337.00 526.92
337.92 526.00
337.92 525.00
338.00 524.92
338.92 524.00
338.92 523.00
338.92 522.00
338.92 521.00
338.92 520.00
339.00 519.92
339.92 519.00

Contour 6:
311.07 0.00
311.00 0.07
310.00 0.07
309.00 0.07
308.00 0.07
307.00 0.07
306.00 0.07
305.00 0.07
304.00 0.07
303.00 0.07
302.00 0.07
301.00 0.07
300.00 0.07
299.07 1.00
299.00 1.07
298.00 1.07
297.00 1.07
296.00 1.07
295.00 1.07
294.00 1.07
293.07 2.00
293.00 2.07
292.00 2.07
291.07 3.00
291.00 3.07
290.00 3.07
289.07 4.00
289.00 4.07
288.07 5.00
288.00 5.07
287.07 6.00
287.07 7.00
287.00 7.07
286.07 8.00
286.07 9.00
286.00 9.07
285.07 10.00
285.07 11.00
285.00 11.07
284.07 12.00
284.07 13.00
284.07 14.00
284.07 15.00
284.07 16.00
284.07 17.00
284.07 18.00
284.07 19.00
285.00 19.93
285.07 20.00
285.07 21.00
285.07 22.00
286.00 22.93
286.07 23.00
286.07 24.00
287.00 24.93
287.07 25.00
287.07 26.00
288.00 26.93
288.07 27.00
289.00 27.93
289.07 28.00
290.00 28.93
290.07 29.00
291.00 29.93
292.00 29.93
292.07 30.00
293.00 30.93
293.07 31.00
294.00 31.93
295.00 31.93
295.07 32.00
296.00 32.93
297.00 32.93
297.07 33.00
298.00 33.93
299.00 33.93
299.07 34.00
300.00 34.93
301.00 34.93
301.07 35.00
302.00 35.93
302.07 36.00
303.00 36.93
304.00 36.93
304.07 37.00
305.00 37.93
306.00 37.93
307.00 37.93
308.00 37.93
309.00 37.93
310.00 37.93
311.00 37.93
312.00 37.93
313.00 37.93
313.93 37.00
314.00 36.93
315.00 36.93
316.00 36.93
317.00 36.93
318.00 36.93
319.00 36.93
319.93 36.00
320.00 35.93
321.00 35.93
322.00 35.93
322.93 35.00
323.00 34.93
324.00 34.93
325.00 34.93
326.00 34.93
327.00 34.93
327.93 34.00
328.00 33.93
329.00 33.93
330.00 33.93
330.93 33.00
331.00 32.93
332.00 32.93
332.93 32.00
333.00 31.93
334.00 31.93
334.93 31.00
335.00 30.93
335.93 30.00
336.00 29.93
337.00 29.93
337.93 29.00
338.00 28.93
339.00 28.93
339.93 28.00
340.00 27.93
340.93 27.00
341.00 26.93
341.93 26.00
342.00 25.93
343.00 25.93
343.93 25.00
344.00 24.93
344.93 24.00
345.00 23.93
345.93 23.00
346.00 22.93
346.93 22.00
346.93 21.00
347.00 20.93
347.93 20.00
348.00 19.93
348.93 19.00
348.93 18.00
349.00 17.93
349.93 17.00
349.93 16.00
349.93 15.00
349.93 14.00
349.93 13.00
349.93 12.00
350.00 11.93
350.93 11.00
350.00 10.07
349.93 10.00
349.93 9.00
349.93 8.00
349.93 7.00
349.00 6.07
348.93 6.00
348.93 5.00
348.00 4.07
347.93 4.00
347.00 3.07
346.00 3.07
345.93 3.00
345.00 2.07
344.00 2.07
343.93 2.00
343.00 1.07
342.00 1.07
341.00 1.07
340.00 1.07
339.00 1.07
338.00 1.07
337.93 1.00
337.00 0.07
336.00 0.07
335.07 1.00
335.00 1.07
334.00 1.07
333.00 1.07
332.00 1.07
331.07 2.00
331.00 2.07
330.00 2.07
329.00 2.07
328.00 2.07
327.00 2.07
326.00 2.07
325.00 2.07
324.00 2.07
323.00 2.07
322.00 2.07
321.00 2.07
320.93 2.00
320.00 1.07
319.00 1.07
318.00 1.07
317.93 1.00
317.00 0.07
316.00 0.07
315.00 0.07
314.00 0.07
313.93 0.00

Contour 7:
435.94 158.00
435.94 157.00
435.00 156.06
434.94 156.00
434.94 155.00
434.94 154.00
434.94 153.00
434.94 152.00
434.94 151.00
434.00 150.06
433.94 150.00
433.94 149.00
433.94 148.00
433.00 147.06
432.94 147.00
432.94 146.00
432.00 145.06
431.94 145.00
431.94 144.00
431.00 143.06
430.94 143.00
430.94 142.00
430.00 141.06
429.94 141.00
429.00 140.06
428.94 140.00
428.00 139.06
427.94 139.00
427.00 138.06
426.94 138.00
426.00 137.06
425.94 137.00
425.00 136.06
424.94 136.00
424.00 135.06
423.94 135.00
423.00 134.06
422.00 134.06
421.94 134.00
421.00 133.06
420.00 133.06
419.94 133.00
419.00 132.06
418.00 132.06
417.94 132.00
417.00 131.06
416.00 131.06
415.00 131.06
414.94 131.00
414.00 130.06
413.00 130.06
412.00 130.06
411.00 130.06
410.00 130.06
409.94 130.00
409.00 129.06
408.00 129.06
407.00 129.06
406.00 129.06
405.00 129.06
404.00 129.06
403.00 129.06
402.00 129.06
401.00 129.06
400.00 129.06
399.00 129.06
398.00 129.06
397.00 129.06
396.00 129.06
395.00 129.06
394.06 130.00
394.00 130.06
393.00 130.06
392.00 130.06
391.00 130.06
390.00 130.06
389.06 131.00
389.00 131.06
388.00 131.06
387.00 131.06
386.00 131.06
385.06 132.00
385.00 132.06
384.00 132.06
383.00 132.06
382.06 133.00
382.00 133.06
381.00 133.06
380.06 134.00
380.00 134.06
379.00 134.06
378.06 135.00
378.00 135.06
377.00 135.06
376.06 136.00
376.00 136.06
375.00 136.06
374.06 137.00
374.00 137.06
373.00 137.06
372.06 138.00
372.00 138.06
371.00 138.06
370.06 139.00
370.00 139.06
369.00 139.06
368.06 140.00
368.00 140.06
367.06 141.00
367.00 141.06
366.06 142.00
366.00 142.06
365.00 142.06
364.06 143.00
364.00 143.06
363.06 144.00
363.00 144.06
362.06 145.00
362.00 145.06
361.06 146.00
361.00 146.06
360.06 147.00
360.00 147.06
359.06 148.00
359.00 148.06
358.06 149.00
358.00 149.06
357.06 150.00
357.00 150.06
356.06 151.00
356.06 152.00
356.00 152.06
355.06 153.00
355.00 153.06
354.06 154.00
354.06 155.00
354.00 155.06
353.06 156.00
353.06 157.00
353.00 157.06
352.06 158.00
352.06 159.00
352.00 159.06
351.06 160.00
351.06 161.00
351.06 162.00
351.00 162.06
350.06 163.00
350.06 164.00
350.06 165.00
350.06 166.00
350.06 167.00
350.00 167.06
349.06 168.00
349.06 169.00
349.06 170.00
349.06 171.00
349.00 171.06
348.06 172.00
349.00 172.94
349.06 173.00
349.06 174.00
350.00 174.94
350.06 175.00
350.06 176.00
350.06 177.00
351.00 177.94
351.06 178.00
351.06 179.00
351.06 180.00
351.06 181.00
352.00 181.94
352.06 182.00
352.06 183.00
352.06 184.00
353.00 184.94
354.00 184.94
355.00 184.94
355.06 185.00
356.00 185.94
356.06 186.00
357.00 186.94
357.06 187.00
358.00 187.94
358.06 188.00
359.00 188.94
359.06 189.00
360.00 189.94
360.06 190.00
361.00 190.94
361.06 191.00
362.00 191.94
363.00 191.94
363.06 192.00
364.00 192.94
365.00 192.94
365.06 193.00
366.00 193.94
367.00 193.94
367.06 194.00
368.00 194.94
369.00 194.94
370.00 194.94
370.06 195.00
371.00 195.94
372.00 195.94
373.00 195.94
374.00 195.94
374.06 196.00
375.00 196.94
376.00 196.94
377.00 196.94
378.00 196.94
379.00 196.94
380.00 196.94
381.00 196.94
382.00 196.94
382.94 196.00
383.00 195.94
384.00 195.94
385.00 195.94
386.00 195.94
387.00 195.94
388.00 195.94
389.00 195.94
390.00 195.94
391.00 195.94
392.00 195.94
392.94 195.00
393.00 194.94
394.00 194.94
395.00 194.94
396.00 194.94
397.00 194.94
398.00 194.94
399.00 194.94
400.00 194.94
400.94 194.00
401.00 193.94
402.00 193.94
403.00 193.94
403.94 193.00
404.00 192.94
405.00 192.94
406.00 192.94
406.94 192.00
407.00 191.94
408.00 191.94
409.00 191.94
409.94 191.00
410.00 190.94
411.00 190.94
411.94 190.00
412.00 189.94
413.00 189.94
413.94 189.00
414.00 188.94
414.94 188.00
415.00 187.94
416.00 187.94
416.94 187.00
417.00 186.94
417.94 186.00
418.00 185.94
418.94 185.00
419.00 184.94
420.00 184.94
420.94 184.00
421.00 183.94
421.94 183.00
422.00 182.94
423.00 182.94
423.94 182.00
424.00 181.94
424.94 181.00
425.00 180.94
425.94 180.00
426.00 179.94
426.94 179.00
427.00 178.94
427.94 178.00
428.00 177.94
428.94 177.00
429.00 176.94
429.94 176.00
429.94 175.00
430.00 174.94
430.94 174.00
430.94 173.00
431.00 172.94
431.94 172.00
431.94 171.00
432.00 170.94
432.94 170.00
432.94 169.00
432.94 168.00
433.00 167.94
433.94 167.00
433.94 166.00
433.94 165.00
433.94 164.00
434.00 163.94
434.94 163.00
434.94 162.00
434.94 161.00
434.94 160.00
434.94 159.00
435.00 158.94
435.94 158.00

Contour 8:
421.94 377.00
421.94 376.00
421.94 375.00
421.94 374.00
421.94 373.00
421.94 372.00
421.94 371.00
421.94 370.00
421.94 369.00
421.00 368.06
420.94 368.00
420.94 367.00
420.00 366.06
419.94 366.00
419.94 365.00
419.00 364.06
418.94 364.00
418.94 363.00
418.00 362.06
417.94 362.00
417.00 361.06
416.94 361.00
416.94 360.00
416.00 359.06
415.94 359.00
415.00 358.06
414.94 358.00
414.94 357.00
414.00 356.06
413.94 356.00
413.00 355.06
412.94 355.00
412.00 354.06
411.94 354.00
411.00 353.06
410.94 353.00
410.94 352.00
410.00 351.06
409.94 351.00
409.00 350.06
408.94 350.00
408.00 349.06
407.94 349.00
407.00 348.06
406.94 348.00
406.94 347.00
406.00 346.06
405.94 346.00
405.00 345.06
404.94 345.00
404.00 344.06
403.94 344.00
403.00 343.06
402.00 343.06
401.94 343.00
401.00 342.06
400.94 342.00
400.00 341.06
399.00 341.06
398.94 341.00
398.00 340.06
397.00 340.06
396.00 340.06
395.94 340.00
395.00 339.06
394.00 339.06
393.00 339.06
392.00 339.06
391.94 339.00
391.00 338.06
390.00 338.06
389.00 338.06
388.00 338.06
387.00 338.06
386.06 339.00
386.00 339.06
385.00 339.06
384.00 339.06
383.00 339.06
382.00 339.06
381.00 339.06
380.06 340.00
380.00 340.06
379.00 340.06
378.00 340.06
377.06 341.00
377.00 341.06
376.00 341.06
375.06 342.00
375.00 342.06
374.00 342.06
373.06 343.00
373.00 343.06
372.00 343.06
371.06 344.00
371.00 344.06
370.06 345.00
370.00 345.06
369.00 345.06
368.06 346.00
368.00 346.06
367.06 347.00
367.00 347.06
366.00 347.06
365.06 348.00
365.00 348.06
364.06 349.00
364.00 349.06
363.06 350.00
363.00 350.06
362.06 351.00
362.00 351.06
361.06 352.00
361.00 352.06
360.06 353.00
360.06 354.00
360.00 354.06
359.06 355.00
359.06 356.00
359.00 356.06
358.06 357.00
358.06 358.00
358.00 358.06
357.06 359.00
357.06 360.00
357.00 360.06
356.06 361.00
356.06 362.00
356.06 363.00
356.00 363.06
355.06 364.00
355.06 365.00
355.06 366.00
355.06 367.00
355.06 368.00
355.06 369.00
355.06 370.00
355.06 371.00
355.06 372.00
355.06 373.00
355.06 374.00
355.06 375.00
355.06 376.00
356.00 376.94
356.06 377.00
356.06 378.00
356.06 379.00
356.06 380.00
357.00 380.94
357.06 381.00
357.06 382.00
358.00 382.94
358.06 383.00
358.06 384.00
359.00 384.94
359.06 385.00
359.06 386.00
360.00 386.94
360.06 387.00
360.06 388.00
361.00 388.94
361.06 389.00
362.00 389.94
362.06 390.00
363.00 390.94
363.06 391.00
364.00 391.94
364.06 392.00
365.00 392.94
365.06 393.00
366.00 393.94
366.06 394.00
367.00 394.94
368.00 394.94
368.06 395.00
369.00 395.94
370.00 395.94
370.06 396.00
371.00 396.94
372.00 396.94
373.00 396.94
373.06 397.00
374.00 397.94
375.00 397.94
376.00 397.94
377.00 397.94
378.00 397.94
379.00 397.94
380.00 397.94
381.00 397.94
381.06 398.00
382.00 398.94
383.00 398.94
384.00 398.94
385.00 398.94
386.00 398.94
387.00 398.94
388.00 398.94
389.00 398.94
390.00 398.94
391.00 398.94
392.00 398.94
393.00 398.94
393.94 398.00
394.00 397.94
395.00 397.94
395.94 397.00
396.00 396.94
397.00 396.94
398.00 396.94
399.00 396.94
400.00 396.94
400.94 396.00
401.00 395.94
402.00 395.94
403.00 395.94
404.00 395.94
404.94 395.00
405.00 394.94
406.00 394.94
407.00 394.94
407.94 394.00
408.00 393.94
409.00 393.94
410.00 393.94
410.94 393.00
411.00 392.94
411.94 392.00
412.00 391.94
412.94 391.00
413.00 390.94
413.94 390.00
414.00 389.94
414.94 389.00
415.00 388.94
415.94 388.00
416.00 387.94
416.94 387.00
416.94 386.00
416.94 385.00
417.00 384.94
417.94 384.00
418.00 383.94
418.94 383.00
418.94 382.00
419.00 381.94
419.94 381.00
419.94 380.00
420.00 379.94
420.94 379.00
420.94 378.00
421.00 377.94
421.94 377.00

Contour 9:
475.95 236.00
475.95 235.00
475.95 234.00
475.95 233.00
475.95 232.00
475.95 231.00
475.00 230.05
474.95 230.00
474.95 229.00
474.95 228.00
474.95 227.00
474.95 226.00
474.95 225.00
474.00 224.05
473.95 224.00
473.95 223.00
473.95 222.00
473.95 221.00
473.00 220.05
472.95 220.00
472.95 219.00
472.00 218.05
471.95 218.00
471.95 217.00
471.00 216.05
470.95 216.00
470.00 215.05
469.95 215.00
469.00 214.05
468.95 214.00
468.00 213.05
467.95 213.00
467.00 212.05
466.95 212.00
466.00 211.05
465.95 211.00
465.00 210.05
464.00 210.05
463.95 210.00
463.00 209.05
462.95 209.00
462.00 208.05
461.00 208.05
460.95 208.00
460.00 207.05
459.00 207.05
458.95 207.00
458.00 206.05
457.00 206.05
456.95 206.00
456.00 205.05
455.00 205.05
454.95 205.00
454.00 204.05
453.00 204.05
452.00 204.05
451.00 204.05
450.95 204.00
450.00 203.05
449.00 203.05
448.00 203.05
447.00 203.05
446.00 203.05
445.00 203.05
444.00 203.05
443.00 203.05
442.00 203.05
441.00 203.05
440.00 203.05
439.00 203.05
438.00 203.05
437.05 204.00
437.00 204.05
436.00 204.05
435.00 204.05
434.05 205.00
434.00 205.05
433.00 205.05
432.00 205.05
431.00 205.05
430.05 206.00
430.00 206.05
429.00 206.05
428.00 206.05
427.00 206.05
426.00 206.05
425.05 207.00
425.00 207.05
424.00 207.05
423.00 207.05
422.05 208.00
422.00 208.05
421.00 208.05
420.00 208.05
419.05 209.00
419.00 209.05
418.00 209.05
417.05 210.00
417.00 210.05
416.00 210.05
415.05 211.00
415.00 211.05
414.05 212.00
414.00 212.05
413.00 212.05
412.05 213.00
412.00 213.05
411.05 214.00
411.00 214.05
410.00 214.05
409.05 215.00
409.00 215.05
408.00 215.05
407.05 216.00
407.00 216.05
406.05 217.00
406.00 217.05
405.00 217.05
404.05 218.00
404.00 218.05
403.05 219.00
403.00 219.05
402.05 220.00
402.00 220.05
401.05 221.00
401.00 221.05
400.05 222.00
400.00 222.05
399.05 223.00
399.05 224.00
399.00 224.05
398.05 225.00
398.00 225.05
397.05 226.00
397.00 226.05
396.05 227.00
396.00 227.05
395.05 228.00
395.00 228.05
394.05 229.00
394.00 229.05
393.05 230.00
393.05 231.00
393.00 231.05
392.05 232.00
392.00 232.05
391.05 233.00
391.00 233.05
390.05 234.00
390.05 235.00
390.00 235.05
389.05 236.00
389.05 237.00
389.00 237.05
388.05 238.00
388.05 239.00
388.00 239.05
387.05 240.00
387.05 241.00
387.05 242.00
387.05 243.00
387.05 244.00
387.00 244.05
386.05 245.00
386.05 246.00
386.05 247.00
386.05 248.00
386.05 249.00
386.05 250.00
386.05 251.00
386.05 252.00
386.05 253.00
386.05 254.00
386.05 255.00
386.05 256.00
386.05 257.00
386.05 258.00
387.00 258.95
387.05 259.00
387.05 260.00
387.05 261.00
388.00 261.95
388.05 262.00
388.05 263.00
388.05 264.00
388.05 265.00
389.00 265.95
389.05 266.00
389.05 267.00
390.00 267.95
390.05 268.00
391.00 268.95
391.05 269.00
391.05 270.00
392.00 270.95
392.05 271.00
393.00 271.95
393.05 272.00
394.00 272.95
395.00 272.95
395.05 273.00
396.00 273.95
396.05 274.00
397.00 274.95
398.00 274.95
398.05 275.00
399.00 275.95
399.05 276.00
400.00 276.95
401.00 276.95
402.00 276.95
402.05 277.00
403.00 277.95
404.00 277.95
405.00 277.95
405.05 278.00
406.00 278.95
407.00 278.95
407.05 279.00
408.00 279.95
409.00 279.95
410.00 279.95
411.00 279.95
412.00 279.95
413.00 279.95
414.00 279.95
414.05 280.00
415.00 280.95
416.00 280.95
417.00 280.95
418.00 280.95
419.00 280.95
420.00 280.95
421.00 280.95
422.00 280.95
422.95 280.00
423.00 279.95
424.00 279.95
425.00 279.95
426.00 279.95
427.00 279.95
428.00 279.95
429.00 279.95
430.00 279.95
430.95 279.00
431.00 278.95
432.00 278.95
433.00 278.95
434.00 278.95
434.95 278.00
435.00 277.95
436.00 277.95
437.00 277.95
437.95 277.00
438.00 276.95
439.00 276.95
440.00 276.95
440.95 276.00
441.00 275.95
442.00 275.95
442.95 275.00
443.00 274.95
444.00 274.95
444.95 274.00
445.00 273.95
446.00 273.95
446.95 273.00
447.00 272.95
448.00 272.95
448.95 272.00
449.00 271.95
450.00 271.95
450.95 271.00
451.00 270.95
451.95 270.00
452.00 269.95
453.00 269.95
453.95 269.00
454.00 268.95
455.00 268.95
455.95 268.00
456.00 267.95
456.95 267.00
457.00 266.95
457.95 266.00
458.00 265.95
458.95 265.00
459.00 264.95
459.95 264.00
460.00 263.95
460.95 263.00
461.00 262.95
462.00 262.95
462.95 262.00
463.00 261.95
463.95 261.00
463.95 260.00
464.00 259.95
464.95 259.00
465.00 258.95
465.95 258.00
466.00 257.95
466.95 257.00
467.00 256.95
467.95 256.00
468.00 255.95
468.95 255.00
469.00 254.95
469.95 254.00
469.95 253.00
470.00 252.95
470.95 252.00
470.95 251.00
471.00 250.95
471.95 250.00
471.95 249.00
472.00 248.95
472.95 248.00
472.95 247.00
472.95 246.00
473.00 245.95
473.95 245.00
473.95 244.00
473.95 243.00
474.00 242.95
474.95 242.00
474.95 241.00
474.95 240.00
474.95 239.00
474.95 238.00
474.95 237.00
475.00 236.95
475.95 236.00

Contour 10:
453.95 489.00
453.95 488.00
453.95 487.00
453.95 486.00
453.95 485.00
453.95 484.00
453.95 483.00
453.95 482.00
453.95 481.00
453.95 480.00
453.95 479.00
453.95 478.00
453.95 477.00
453.00 476.05
452.95 476.00
452.95 475.00
452.00 474.05
451.95 474.00
451.95 473.00
451.00 472.05
450.95 472.00
450.95 471.00
450.00 470.05
449.95 470.00
449.95 469.00
449.00 468.05
448.95 468.00
448.00 467.05
447.95 467.00
447.95 466.00
447.00 465.05
446.95 465.00
446.00 464.05
445.95 464.00
445.00 463.05
444.95 463.00
444.00 462.05
443.95 462.00
443.00 461.05
442.00 461.05
441.95 461.00
441.00 460.05
440.95 460.00
440.00 459.05
439.95 459.00
439.00 458.05
438.95 458.00
438.00 457.05
437.95 457.00
437.00 456.05
436.95 456.00
436.00 455.05
435.95 455.00
435.00 454.05
434.95 454.00
434.00 453.05
433.95 453.00
433.00 452.05
432.95 452.00
432.00 451.05
431.95 451.00
431.00 450.05
430.95 450.00
430.00 449.05
429.95 449.00
429.00 448.05
428.95 448.00
428.00 447.05
427.00 447.05
426.95 447.00
426.00 446.05
425.00 446.05
424.95 446.00
424.00 445.05
423.00 445.05
422.95 445.00
422.00 444.05
421.00 444.05
420.95 444.00
420.00 443.05
419.00 443.05
418.00 443.05
417.95 443.00
417.00 442.05
416.00 442.05
415.00 442.05
414.00 442.05
413.00 442.05
412.00 442.05
411.00 442.05
410.00 442.05
409.00 442.05
408.05 443.00
408.00 443.05
407.00 443.05
406.05 444.00
406.00 444.05
405.00 444.05
404.05 445.00
404.00 445.05
403.05 446.00
403.00 446.05
402.00 446.05
401.05 447.00
401.00 447.05
400.05 448.00
400.00 448.05
399.05 449.00
399.00 449.05
398.05 450.00
398.05 451.00
398.00 451.05
397.05 452.00
397.00 452.05
396.05 453.00
396.05 454.00
396.00 454.05
395.05 455.00
395.00 455.05
394.05 456.00
394.05 457.00
394.00 457.05
393.05 458.00
393.05 459.00
393.00 459.05
392.05 460.00
392.05 461.00
392.00 461.05
391.05 462.00
391.05 463.00
391.05 464.00
391.05 465.00
391.05 466.00
391.05 467.00
391.05 468.00
391.05 469.00
391.05 470.00
391.05 471.00
391.05 472.00
391.05 473.00
391.05 474.00
391.05 475.00
391.05 476.00
391.05 477.00
391.05 478.00
391.05 479.00
391.05 480.00
391.05 481.00
392.00 481.95
392.05 482.00
392.05 483.00
393.00 483.95
393.05 484.00
394.00 484.95
394.05 485.00
394.05 486.00
395.00 486.95
395.05 487.00
396.00 487.95
396.05 488.00
397.00 488.95
397.05 489.00
398.00 489.95
398.05 490.00
399.00 490.95
399.05 491.00
400.00 491.95
400.05 492.00
401.00 492.95
401.05 493.00
402.00 493.95
402.05 494.00
403.00 494.95
403.05 495.00
403.05 496.00
404.00 496.95
404.05 497.00
405.00 497.95
405.05 498.00
406.00 498.95
407.00 498.95
407.05 499.00
408.00 499.95
408.05 500.00
409.00 500.95
409.05 501.00
410.00 501.95
411.00 501.95
411.05 502.00
412.00 502.95
413.00 502.95
413.05 503.00
414.00 503.95
415.00 503.95
416.00 503.95
416.05 504.00
417.00 504.95
418.00 504.95
419.00 504.95
419.05 505.00
420.00 505.95
421.00 505.95
422.00 505.95
423.00 505.95
423.05 506.00
424.00 506.95
425.00 506.95
426.00 506.95
427.00 506.95
428.00 506.95
429.00 506.95
430.00 506.95
431.00 506.95
432.00 506.95
433.00 506.95
433.95 506.00
434.00 505.95
435.00 505.95
436.00 505.95
436.95 505.00
437.00 504.95
438.00 504.95
439.00 504.95
439.95 504.00
440.00 503.95
440.95 503.00
441.00 502.95
442.00 502.95
442.95 502.00
443.00 501.95
443.95 501.00
444.00 500.95
445.00 500.95
445.95 500.00
446.00 499.95
446.95 499.00
447.00 498.95
447.95 498.00
448.00 497.95
448.95 497.00
448.95 496.00
449.00 495.95
449.95 495.00
450.00 494.95
450.95 494.00
451.00 493.95
451.95 493.00
451.95 492.00
452.00 491.95
452.95 491.00
452.95 490.00
453.00 489.95
453.95 489.00

Contour 11:
519.96 708.00
519.96 707.00
519.96 706.00
519.96 705.00
519.96 704.00
519.96 703.00
519.96 702.00
519.96 701.00
519.96 700.00
519.96 699.00
519.96 698.00
519.96 697.00
519.00 696.04
518.96 696.00
518.96 695.00
518.96 694.00
518.96 693.00
518.96 692.00
518.96 691.00
518.00 690.04
517.96 690.00
517.96 689.00
517.00 688.04
516.96 688.00
516.96 687.00
516.00 686.04
515.96 686.00
515.00 685.04
514.96 685.00
514.00 684.04
513.96 684.00
513.00 683.04
512.96 683.00
512.00 682.04
511.96 682.00
511.00 681.04
510.96 681.00
510.00 680.04
509.96 680.00
509.00 679.04
508.96 679.00
508.00 678.04
507.96 678.00
507.00 677.04
506.96 677.00
506.00 676.04
505.96 676.00
505.00 675.04
504.00 675.04
503.96 675.00
503.00 674.04
502.96 674.00
502.00 673.04
501.00 673.04
500.96 673.00
500.00 672.04
499.00 672.04
498.96 672.00
498.00 671.04
497.00 671.04
496.00 671.04
495.96 671.00
495.00 670.04
494.00 670.04
493.00 670.04
492.00 670.04
491.00 670.04
490.00 670.04
489.00 670.04
488.00 670.04
487.00 670.04
486.04 671.00
486.00 671.04
485.00 671.04
484.00 671.04
483.04 672.00
483.00 672.04
482.00 672.04
481.04 673.00
481.00 673.04
480.00 673.04
479.00 673.04
478.04 674.00
478.00 674.04
477.00 674.04
476.04 675.00
476.00 675.04
475.00 675.04
474.04 676.00
474.00 676.04
473.00 676.04
472.04 677.00
472.00 677.04
471.04 678.00
471.00 678.04
470.00 678.04
469.04 679.00
469.00 679.04
468.04 680.00
468.00 680.04
467.04 681.00
467.00 681.04
466.04 682.00
466.00 682.04
465.04 683.00
465.04 684.00
465.00 684.04
464.04 685.00
464.00 685.04
463.04 686.00
463.04 687.00
463.00 687.04
462.04 688.00
462.04 689.00
462.04 690.00
462.00 690.04
461.04 691.00
461.04 692.00
461.04 693.00
461.04 694.00
461.00 694.04
460.04 695.00
460.04 696.00
460.04 697.00
460.04 698.00
460.00 698.04
459.04 699.00
459.04 700.00
459.04 701.00
459.04 702.00
459.04 703.00
460.00 703.96
460.04 704.00
460.04 705.00
460.04 706.00
461.00 706.96
461.04 707.00
461.04 708.00
461.04 709.00
461.04 710.00
462.00 710.96
462.04 711.00
462.04 712.00
462.04 713.00
462.04 714.00
463.00 714.96
463.04 715.00
463.04 716.00
463.04 717.00
463.04 718.00
464.00 718.96
464.04 719.00
464.04 720.00
464.04 721.00
465.00 721.96
465.04 722.00
465.04 723.00
466.00 723.96
466.04 724.00
467.00 724.96
467.04 725.00
468.00 725.96
468.04 726.00
469.00 726.96
469.04 727.00
470.00 727.96
470.04 728.00
471.00 728.96
471.04 729.00
472.00 729.96
472.04 730.00
473.00 730.96
473.04 731.00
474.00 731.96
475.00 731.96
475.04 732.00
476.00 732.96
476.04 733.00
477.00 733.96
478.00 733.96
478.04 734.00
479.00 734.96
480.00 734.96
480.04 735.00
481.00 735.96
482.00 735.96
483.00 735.96
483.04 736.00
484.00 736.96
485.00 736.96
486.00 736.96
487.00 736.96
488.00 736.96
489.00 736.96
490.00 736.96
491.00 736.96
492.00 736.96
493.00 736.96
494.00 736.96
495.00 736.96
496.00 736.96
496.96 736.00
497.00 735.96
498.00 735.96
498.96 735.00
499.00 734.96
500.00 734.96
500.96 734.00
501.00 733.96
502.00 733.96
502.96 733.00
503.00 732.96
504.00 732.96
504.96 732.00
505.00 731.96
505.96 731.00
506.00 730.96
506.96 730.00
507.00 729.96
507.96 729.00
508.00 728.96
508.96 728.00
509.00 727.96
509.96 727.00
510.00 726.96
510.96 726.00
510.96 725.00
511.00 724.96
511.96 724.00
512.00 723.96
512.96 723.00
512.96 722.00
513.00 721.96
513.96 721.00
514.00 720.96
514.96 720.00
514.96 719.00
515.00 718.96
515.96 718.00
516.00 717.96
516.96 717.00
516.96 716.00
516.96 715.00
517.00 714.96
517.96 714.00
517.96 713.00
518.00 712.96
518.96 712.00
518.96 711.00
518.96 710.00
518.96 709.00
519.00 708.96
519.96 708.00

Contour 12:
559.96 325.00
559.96 324.00
559.96 323.00
559.96 322.00
559.96 321.00
559.00 320.04
558.96 320.00
558.96 319.00
558.96 318.00
558.96 317.00
558.96 316.00
558.96 315.00
558.00 314.04
557.96 314.00
557.96 313.00
557.96 312.00
557.00 311.04
556.96 311.00
556.96 310.00
556.00 309.04
555.96 309.00
555.00 308.04
554.96 308.00
554.00 307.04
553.96 307.00
553.00 306.04
552.96 306.00
552.00 305.04
551.96 305.00
551.00 304.04
550.96 304.00
550.00 303.04
549.96 303.00
549.00 302.04
548.96 302.00
548.00 301.04
547.96 301.00
547.00 300.04
546.00 300.04
545.96 300.00
545.00 299.04
544.96 299.00
544.00 298.04
543.00 298.04
542.96 298.00
542.00 297.04
541.00 297.04
540.96 297.00
540.00 296.04
539.00 296.04
538.96 296.00
538.00 295.04
537.00 295.04
536.96 295.00
536.00 294.04
535.00 294.04
534.96 294.00
534.00 293.04
533.00 293.04
532.96 293.00
532.00 292.04
531.00 292.04
530.00 292.04
529.96 292.00
529.00 291.04
528.00 291.04
527.00 291.04
526.00 291.04
525.00 291.04
524.00 291.04
523.96 291.00
523.00 290.04
522.00 290.04
521.00 290.04
520.04 291.00
520.00 291.04
519.00 291.04
518.00 291.04
517.00 291.04
516.00 291.04
515.00 291.04
514.04 292.00
514.00 292.04
513.00 292.04
512.04 293.00
512.00 293.04
511.00 293.04
510.00 293.04
509.04 294.00
509.00 294.04
508.04 295.00
508.00 295.04
507.00 295.04
506.04 296.00
506.00 296.04
505.04 297.00
505.00 297.04
504.04 298.00
504.00 298.04
503.04 299.00
503.00 299.04
502.04 300.00
502.00 300.04
501.04 301.00
501.04 302.00
501.00 302.04
500.04 303.00
500.00 303.04
499.04 304.00
499.00 304.04
498.04 305.00
498.04 306.00
498.00 306.04
497.04 307.00
497.04 308.00
497.00 308.04
496.04 309.00
496.04 310.00
496.04 311.00
496.04 312.00
496.00 312.04
495.04 313.00
495.04 314.00
495.04 315.00
495.04 316.00
495.00 316.04
494.04 317.00
494.04 318.00
494.04 319.00
494.04 320.00
494.04 321.00
494.04 322.00
494.04 323.00
494.04 324.00
494.04 325.00
494.04 326.00
495.00 326.96
495.04 327.00
495.04 328.00
495.04 329.00
496.00 329.96
496.04 330.00
496.04 331.00
496.04 332.00
497.00 332.96
497.04 333.00
497.04 334.00
498.00 334.96
498.04 335.00
498.04 336.00
499.00 336.96
499.04 337.00
499.04 338.00
500.00 338.96
500.04 339.00
501.00 339.96
501.04 340.00
501.04 341.00
502.00 341.96
502.04 342.00
503.00 342.96
503.04 343.00
504.00 343.96
504.04 344.00
505.00 344.96
505.04 345.00
506.00 345.96
506.04 346.00
507.00 346.96
507.04 347.00
508.00 347.96
508.04 348.00
509.00 348.96
509.04 349.00
510.00 349.96
511.00 349.96
511.04 350.00
512.00 350.96
512.04 351.00
513.00 351.96
514.00 351.96
514.04 352.00
515.00 352.96
516.00 352.96
516.04 353.00
517.00 353.96
518.00 353.96
519.00 353.96
519.04 354.00
520.00 354.96
521.00 354.96
521.04 355.00
522.00 355.96
523.00 355.96
524.00 355.96
524.04 356.00
525.00 356.96
526.00 356.96
527.00 356.96
528.00 356.96
529.00 356.96
530.00 356.96
531.00 356.96
532.00 356.96
533.00 356.96
534.00 356.96
535.00 356.96
535.96 356.00
536.00 355.96
537.00 355.96
538.00 355.96
538.96 355.00
539.00 354.96
540.00 354.96
540.96 354.00
541.00 353.96
542.00 353.96
542.96 353.00
543.00 352.96
543.96 352.00
544.00 351.96
544.96 351.00
545.00 350.96
546.00 350.96
546.96 350.00
547.00 349.96
547.96 349.00
548.00 348.96
548.96 348.00
549.00 347.96
549.96 347.00
549.96 346.00
550.00 345.96
550.96 345.00
551.00 344.96
551.96 344.00
552.00 343.96
552.96 343.00
552.96 342.00
553.00 341.96
553.96 341.00
553.96 340.00
554.00 339.96
554.96 339.00
555.00 338.96
555.96 338.00
555.96 337.00
556.00 336.96
556.96 336.00
556.96 335.00
557.00 334.96
557.96 334.00
557.96 333.00
557.96 332.00
558.00 331.96
558.96 331.00
558.96 330.00
558.96 329.00
558.96 328.00
558.96 327.00
558.96 326.00
559.00 325.96
559.96 325.00

Contour 13:
559.96 591.00
559.96 590.00
559.96 589.00
559.96 588.00
559.96 587.00
559.96 586.00
559.96 585.00
559.96 584.00
559.96 583.00
559.96 582.00
559.96 581.00
559.96 580.00
559.00 579.04
558.96 579.00
558.96 578.00
558.96 577.00
558.00 576.04
557.96 576.00
557.96 575.00
557.96 574.00
557.00 573.04
556.96 573.00
556.00 572.04
555.96 572.00
555.96 571.00
555.00 570.04
554.96 570.00
554.00 569.04
553.96 569.00
553.00 568.04
552.96 568.00
552.00 567.04
551.96 567.00
551.00 566.04
550.96 566.00
550.00 565.04
549.96 565.00
549.00 564.04
548.00 564.04
547.96 564.00
547.00 563.04
546.96 563.00
546.00 562.04
545.96 562.00
545.00 561.04
544.00 561.04
543.96 561.00
543.00 560.04
542.00 560.04
541.00 560.04
540.96 560.00
540.00 559.04
539.00 559.04
538.00 559.04
537.00 559.04
536.00 559.04
535.00 559.04
534.00 559.04
533.00 559.04
532.00 559.04
531.00 559.04
530.04 560.00
530.00 560.04
529.00 560.04
528.00 560.04
527.04 561.00
527.00 561.04
526.00 561.04
525.00 561.04
524.04 562.00
524.00 562.04
523.00 562.04
522.04 563.00
522.00 563.04
521.00 563.04
520.04 564.00
520.00 564.04
519.00 564.04
518.00 564.04
517.04 565.00
517.00 565.04
516.00 565.04
515.04 566.00
515.00 566.04
514.00 566.04
513.04 567.00
513.00 567.04
512.04 568.00
512.00 568.04
511.04 569.00
511.00 569.04
510.04 570.00
510.00 570.04
509.04 571.00
509.00 571.04
508.04 572.00
508.00 572.04
507.04 573.00
507.04 574.00
507.00 574.04
506.04 575.00
506.00 575.04
505.04 576.00
505.00 576.04
504.04 577.00
504.04 578.00
504.00 578.04
503.04 579.00
503.04 580.00
503.04 581.00
503.00 581.04
502.04 582.00
502.04 583.00
502.04 584.00
502.04 585.00
502.00 585.04
501.04 586.00
501.04 587.00
501.04 588.00
501.04 589.00
501.04 590.00
501.04 591.00
501.00 591.04
500.04 592.00
500.04 593.00
501.00 593.96
501.04 594.00
501.04 595.00
501.04 596.00
501.04 597.00
501.04 598.00
501.04 599.00
502.00 599.96
502.04 600.00
502.04 601.00
502.04 602.00
502.04 603.00
503.00 603.96
503.04 604.00
503.04 605.00
503.04 606.00
504.00 606.96
504.04 607.00
504.04 608.00
505.00 608.96
505.04 609.00
505.04 610.00
506.00 610.96
506.04 611.00
506.04 612.00
507.00 612.96
507.04 613.00
507.04 614.00
508.00 614.96
508.04 615.00
509.00 615.96
509.04 616.00
510.00 616.96
510.04 617.00
511.00 617.96
511.04 618.00
512.00 618.96
512.04 619.00
513.00 619.96
513.04 620.00
514.00 620.96
514.04 621.00
515.00 621.96
515.04 622.00
516.00 622.96
517.00 622.96
517.04 623.00
518.00 623.96
519.00 623.96
519.04 624.00
520.00 624.96
521.00 624.96
522.00 624.96
522.04 625.00
523.00 625.96
524.00 625.96
525.00 625.96
526.00 625.96
527.00 625.96
528.00 625.96
529.00 625.96
530.00 625.96
531.00 625.96
532.00 625.96
533.00 625.96
534.00 625.96
535.00 625.96
535.96 625.00
536.00 624.96
537.00 624.96
538.00 624.96
539.00 624.96
539.96 624.00
540.00 623.96
541.00 623.96
541.96 623.00
542.00 622.96
543.00 622.96
543.96 622.00
544.00 621.96
544.96 621.00
545.00 620.96
545.96 620.00
546.00 619.96
546.96 619.00
547.00 618.96
547.96 618.00
548.00 617.96
548.96 617.00
549.00 616.96
549.96 616.00
550.00 615.96
550.96 615.00
551.00 614.96
551.96 614.00
551.96 613.00
552.00 612.96
552.96 612.00
552.96 611.00
553.00 610.96
553.96 610.00
553.96 609.00
553.96 608.00
554.00 607.96
554.96 607.00
554.96 606.00
554.96 605.00
555.00 604.96
555.96 604.00
555.96 603.00
556.00 602.96
556.96 602.00
556.96 601.00
556.96 600.00
557.00 599.96
557.96 599.00
557.96 598.00
557.96 597.00
557.96 596.00
558.00 595.96
558.96 595.00
558.96 594.00
558.96 593.00
558.96 592.00
559.00 591.96
559.96 591.00

Contour 14:
562.97 466.00
562.97 465.00
562.97 464.00
562.97 463.00
562.97 462.00
562.97 461.00
562.97 460.00
562.97 459.00
562.97 458.00
562.97 457.00
562.97 456.00
562.97 455.00
562.00 454.03
561.97 454.00
561.97 453.00
561.97 452.00
561.97 451.00
561.00 450.03
560.97 450.00
560.97 449.00
560.97 448.00
560.97 447.00
560.00 446.03
559.97 446.00
559.97 445.00
559.00 444.03
558.97 444.00
558.97 443.00
558.00 442.03
557.97 442.00
557.00 441.03
556.97 441.00
556.00 440.03
555.97 440.00
555.00 439.03
554.97 439.00
554.97 438.00
554.00 437.03
553.97 437.00
553.00 436.03
552.97 436.00
552.00 435.03
551.97 435.00
551.00 434.03
550.97 434.00
550.00 433.03
549.97 433.00
549.00 432.03
548.97 432.00
548.00 431.03
547.00 431.03
546.97 431.00
546.00 430.03
545.00 430.03
544.97 430.00
544.00 429.03
543.00 429.03
542.97 429.00
542.00 428.03
541.00 428.03
540.00 428.03
539.97 428.00
539.00 427.03
538.00 427.03
537.00 427.03
536.00 427.03
535.00 427.03
534.00 427.03
533.00 427.03
532.00 427.03
531.00 427.03
530.00 427.03
529.00 427.03
528.00 427.03
527.00 427.03
526.00 427.03
525.03 428.00
525.00 428.03
524.00 428.03
523.00 428.03
522.00 428.03
521.03 429.00
521.00 429.03
520.00 429.03
519.03 430.00
519.00 430.03
518.00 430.03
517.03 431.00
517.00 431.03
516.00 431.03
515.03 432.00
515.00 432.03
514.00 432.03
513.03 433.00
513.00 433.03
512.03 434.00
512.00 434.03
511.03 435.00
511.00 435.03
510.00 435.03
509.03 436.00
509.00 436.03
508.03 437.00
508.00 437.03
507.03 438.00
507.00 438.03
506.03 439.00
506.00 439.03
505.03 440.00
505.03 441.00
505.00 441.03
504.03 442.00
504.03 443.00
504.00 443.03
503.03 444.00
503.03 445.00
503.00 445.03
502.03 446.00
502.03 447.00
502.03 448.00
502.03 449.00
502.03 450.00
502.00 450.03
501.03 451.00
501.03 452.00
501.03 453.00
501.03 454.00
501.03 455.00
501.03 456.00
501.03 457.00
501.03 458.00
501.03 459.00
501.03 460.00
501.03 461.00
501.03 462.00
501.03 463.00
501.03 464.00
502.00 464.97
502.03 465.00
502.03 466.00
502.03 467.00
503.00 467.97
503.03 468.00
503.03 469.00
503.03 470.00
504.00 470.97
504.03 471.00
504.03 472.00
504.03 473.00
505.00 473.97
505.03 474.00
505.03 475.00
506.00 475.97
506.03 476.00
507.00 476.97
507.03 477.00
507.03 478.00
507.03 479.00
508.00 479.97
508.03 480.00
509.00 480.97
509.03 481.00
510.00 481.97
510.03 482.00
511.00 482.97
511.03 483.00
512.00 483.97
512.03 484.00
513.00 484.97
514.00 484.97
514.03 485.00
515.00 485.97
515.03 486.00
516.00 486.97
517.00 486.97
517.03 487.00
518.00 487.97
519.00 487.97
519.03 488.00
520.00 488.97
521.00 488.97
522.00 488.97
523.00 488.97
523.03 489.00
524.00 489.97
525.00 489.97
526.00 489.97
527.00 489.97
528.00 489.97
529.00 489.97
530.00 489.97
531.00 489.97
532.00 489.97
533.00 489.97
533.97 489.00
534.00 488.97
535.00 488.97
536.00 488.97
537.00 488.97
538.00 488.97
538.97 488.00
539.00 487.97
540.00 487.97
541.00 487.97
542.00 487.97
543.00 487.97
544.00 487.97
544.97 487.00
545.00 486.97
546.00 486.97
546.97 486.00
547.00 485.97
548.00 485.97
548.97 485.00
549.00 484.97
550.00 484.97
550.97 484.00
551.00 483.97
551.97 483.00
552.00 482.97
552.97 482.00
553.00 481.97
553.97 481.00
554.00 480.97
554.97 480.00
555.00 479.97
555.97 479.00
556.00 478.97
556.97 478.00
556.97 477.00
557.00 476.97
557.97 476.00
558.00 475.97
558.97 475.00
558.97 474.00
559.00 473.97
559.97 473.00
559.97 472.00
560.00 471.97
560.97 471.00
560.97 470.00
561.00 469.97
561.97 469.00
561.97 468.00
561.97 467.00
562.00 466.97
562.97 466.00

Contour 15:
657.97 474.00
657.97 473.00
657.97 472.00
657.97 471.00
657.97 470.00
657.97 469.00
657.97 468.00
657.97 467.00
657.97 466.00
657.00 465.03
656.97 465.00
656.97 464.00
656.97 463.00
656.97 462.00
656.97 461.00
656.00 460.03
655.97 460.00
655.97 459.00
655.97 458.00
655.97 457.00
655.00 456.03
654.97 456.00
654.97 455.00
654.97 454.00
654.00 453.03
653.97 453.00
653.97 452.00
653.97 451.00
653.00 450.03
652.97 450.00
652.97 449.00
652.00 448.03
651.97 448.00
651.97 447.00
651.00 446.03
650.97 446.00
650.00 445.03
649.97 445.00
649.97 444.00
649.00 443.03
648.97 443.00
648.00 442.03
647.97 442.00
647.97 441.00
647.00 440.03
646.97 440.00
646.00 439.03
645.97 439.00
645.00 438.03
644.97 438.00
644.00 437.03
643.97 437.00
643.00 436.03
642.97 436.00
642.00 435.03
641.00 435.03
640.97 435.00
640.00 434.03
639.00 434.03
638.97 434.00
638.00 433.03
637.00 433.03
636.97 433.00
636.00 432.03
635.00 432.03
634.97 432.00
634.00 431.03
633.00 431.03
632.97 431.00
632.00 430.03
631.00 430.03
630.00 430.03
629.00 430.03
628.97 430.00
628.00 429.03
627.00 429.03
626.00 429.03
625.00 429.03
624.97 429.00
624.00 428.03
623.00 428.03
622.00 428.03
621.00 428.03
620.03 429.00
620.00 429.03
619.00 429.03
618.00 429.03
617.00 429.03
616.00 429.03
615.03 430.00
615.00 430.03
614.00 430.03
613.03 431.00
613.00 431.03
612.00 431.03
611.03 432.00
611.00 432.03
610.03 433.00
610.00 433.03
609.03 434.00
609.00 434.03
608.00 434.03
607.03 435.00
607.00 435.03
606.03 436.00
606.00 436.03
605.00 436.03
604.03 437.00
604.00 437.03
603.03 438.00
603.00 438.03
602.03 439.00
602.00 439.03
601.03 440.00
601.03 441.00
601.00 441.03
600.03 442.00
600.00 442.03
599.03 443.00
599.00 443.03
598.03 444.00
598.03 445.00
598.00 445.03
597.03 446.00
597.03 447.00
597.00 447.03
596.03 448.00
596.03 449.00
596.03 450.00
596.00 450.03
595.03 451.00
595.03 452.00
595.00 452.03
594.03 453.00
594.03 454.00
594.03 455.00
594.03 456.00
594.00 456.03
593.03 457.00
593.03 458.00
593.03 459.00
593.03 460.00
593.03 461.00
593.03 462.00
593.03 463.00
593.03 464.00
593.03 465.00
593.03 466.00
594.00 466.97
594.03 467.00
594.03 468.00
594.03 469.00
594.03 470.00
595.00 470.97
595.03 471.00
595.03 472.00
595.03 473.00
596.00 473.97
596.03 474.00
596.03 475.00
596.03 476.00
597.00 476.97
597.03 477.00
597.03 478.00
598.00 478.97
598.03 479.00
599.00 479.97
599.03 480.00
599.03 481.00
600.00 481.97
600.03 482.00
601.00 482.97
601.03 483.00
602.00 483.97
602.03 484.00
603.00 484.97
603.03 485.00
604.00 485.97
604.03 486.00
605.00 486.97
606.00 486.97
606.03 487.00
607.00 487.97
607.03 488.00
608.00 488.97
609.00 488.97
609.03 489.00
610.00 489.97
610.03 490.00
611.00 490.97
612.00 490.97
612.03 491.00
613.00 491.97
614.00 491.97
614.03 492.00
615.00 492.97
616.00 492.97
616.03 493.00
617.00 493.97
618.00 493.97
619.00 493.97
619.03 494.00
620.00 494.97
621.00 494.97
622.00 494.97
623.00 494.97
623.03 495.00
624.00 495.97
625.00 495.97
626.00 495.97
627.00 495.97
628.00 495.97
629.00 495.97
630.00 495.97
631.00 495.97
632.00 495.97
633.00 495.97
634.00 495.97
635.00 495.97
636.00 495.97
636.97 495.00
637.00 494.97
638.00 494.97
639.00 494.97
639.97 494.00
640.00 493.97
641.00 493.97
641.97 493.00
642.00 492.97
643.00 492.97
643.97 492.00
644.00 491.97
645.00 491.97
645.97 491.00
646.00 490.97
647.00 490.97
647.97 490.00
648.00 489.97
648.97 489.00
649.00 488.97
649.97 488.00
650.00 487.97
650.97 487.00
651.00 486.97
651.97 486.00
652.00 485.97
652.97 485.00
653.00 484.97
653.97 484.00
654.00 483.97
654.97 483.00
654.97 482.00
655.00 481.97
655.97 481.00
655.97 480.00
655.97 479.00
656.00 478.97
656.97 478.00
656.97 477.00
656.97 476.00
656.97 475.00
657.00 474.97
657.97 474.00

Contour 16:
662.97 629.00
662.97 628.00
662.97 627.00
662.97 626.00
662.97 625.00
662.97 624.00
662.97 623.00
662.97 622.00
662.97 621.00
662.97 620.00
662.97 619.00
662.97 618.00
662.00 617.03
661.97 617.00
661.97 616.00
661.97 615.00
661.97 614.00
661.00 613.03
660.97 613.00
660.97 612.00
660.00 611.03
659.97 611.00
659.97 610.00
659.00 609.03
658.97 609.00
658.00 608.03
657.97 608.00
657.00 607.03
656.97 607.00
656.97 606.00
656.00 605.03
655.97 605.00
655.00 604.03
654.97 604.00
654.00 603.03
653.97 603.00
653.00 602.03
652.00 602.03
651.97 602.00
651.00 601.03
650.97 601.00
650.00 600.03
649.97 600.00
649.00 599.03
648.00 599.03
647.97 599.00
647.00 598.03
646.97 598.00
646.00 597.03
645.00 597.03
644.97 597.00
644.00 596.03
643.00 596.03
642.97 596.00
642.00 595.03
641.97 595.00
641.00 594.03
640.00 594.03
639.00 594.03
638.97 594.00
638.00 593.03
637.00 593.03
636.00 593.03
635.00 593.03
634.00 593.03
633.97 593.00
633.00 592.03
632.00 592.03
631.00 592.03
630.00 592.03
629.03 593.00
629.00 593.03
628.00 593.03
627.00 593.03
626.00 593.03
625.00 593.03
624.00 593.03
623.00 593.03
622.00 593.03
621.00 593.03
620.03 594.00
620.00 594.03
619.00 594.03
618.00 594.03
617.00 594.03
616.00 594.03
615.03 595.00
615.00 595.03
614.00 595.03
613.00 595.03
612.03 596.00
612.00 596.03
611.00 596.03
610.03 597.00
610.00 597.03
609.00 597.03
608.03 598.00
608.00 598.03
607.00 598.03
606.03 599.00
606.00 599.03
605.03 600.00
605.00 600.03
604.00 600.03
603.03 601.00
603.00 601.03
602.03 602.00
602.00 602.03
601.03 603.00
601.00 603.03
600.03 604.00
600.00 604.03
599.03 605.00
599.00 605.03
598.03 606.00
598.03 607.00
598.00 607.03
597.03 608.00
597.03 609.00
597.03 610.00
597.00 610.03
596.03 611.00
596.03 612.00
596.03 613.00
596.00 613.03
595.03 614.00
595.03 615.00
595.03 616.00
595.03 617.00
595.00 617.03
594.03 618.00
594.03 619.00
594.03 620.00
594.03 621.00
594.03 622.00
594.03 623.00
594.03 624.00
594.03 625.00
594.03 626.00
594.03 627.00
595.00 627.97
595.03 628.00
595.03 629.00
595.03 630.00
595.03 631.00
596.00 631.97
596.03 632.00
596.03 633.00
596.03 634.00
596.03 635.00
597.00 635.97
597.03 636.00
597.03 637.00
598.00 637.97
598.03 638.00
598.03 639.00
598.03 640.00
599.00 640.97
599.03 641.00
600.00 641.97
600.03 642.00
600.03 643.00
601.00 643.97
601.03 644.00
602.00 644.97
602.03 645.00
603.00 645.97
603.03 646.00
604.00 646.97
604.03 647.00
605.00 647.97
605.03 648.00
606.00 648.97
606.03 649.00
607.00 649.97
608.00 649.97
608.03 650.00
609.00 650.97
609.03 651.00
610.00 651.97
611.00 651.97
611.03 652.00
612.00 652.97
612.03 653.00
613.00 653.97
614.00 653.97
614.03 654.00
615.00 654.97
616.00 654.97
617.00 654.97
617.03 655.00
618.00 655.97
619.00 655.97
620.00 655.97
621.00 655.97
621.03 656.00
622.00 656.97
623.00 656.97
624.00 656.97
625.00 656.97
626.00 656.97
627.00 656.97
628.00 656.97
629.00 656.97
629.97 656.00
630.00 655.97
631.00 655.97
632.00 655.97
633.00 655.97
634.00 655.97
635.00 655.97
636.00 655.97
637.00 655.97
637.97 655.00
638.00 654.97
639.00 654.97
640.00 654.97
641.00 654.97
641.97 654.00
642.00 653.97
643.00 653.97
643.97 653.00
644.00 652.97
644.97 652.00
645.00 651.97
646.00 651.97
646.97 651.00
647.00 650.97
648.00 650.97
648.97 650.00
649.00 649.97
649.97 649.00
650.00 648.97
650.97 648.00
651.00 647.97
651.97 647.00
652.00 646.97
652.97 646.00
653.00 645.97
653.97 645.00
654.00 644.97
654.97 644.00
654.97 643.00
655.00 642.97
655.97 642.00
656.00 641.97
656.97 641.00
657.00 640.97
657.97 640.00
657.97 639.00
658.00 638.97
658.97 638.00
659.00 637.97
659.97 637.00
659.97 636.00
660.00 635.97
660.97 635.00
660.97 634.00
660.97 633.00
661.00 632.97
661.97 632.00
661.97 631.00
661.97 630.00
662.00 629.97
662.97 629.00

Contour 17:
703.97 303.00
703.97 302.00
703.97 301.00
703.97 300.00
703.97 299.00
703.00 298.03
702.97 298.00
702.97 297.00
702.97 296.00
702.97 295.00
702.97 294.00
702.00 293.03
701.97 293.00
701.97 292.00
701.97 291.00
701.00 290.03
700.97 290.00
700.97 289.00
700.00 288.03
699.97 288.00
699.00 287.03
698.97 287.00
698.97 286.00
698.00 285.03
697.97 285.00
697.97 284.00
697.00 283.03
696.97 283.00
696.00 282.03
695.97 282.00
695.97 281.00
695.00 280.03
694.97 280.00
694.97 279.00
694.00 278.03
693.97 278.00
693.00 277.03
692.97 277.00
692.97 276.00
692.00 275.03
691.97 275.00
691.97 274.00
691.00 273.03
690.97 273.00
690.00 272.03
689.97 272.00
689.97 271.00
689.00 270.03
688.97 270.00
688.00 269.03
687.97 269.00
687.00 268.03
686.97 268.00
686.00 267.03
685.97 267.00
685.00 266.03
684.00 266.03
683.97 266.00
683.00 265.03
682.97 265.00
682.00 264.03
681.00 264.03
680.00 264.03
679.97 264.00
679.00 263.03
678.00 263.03
677.00 263.03
676.97 263.00
676.00 262.03
675.00 262.03
674.00 262.03
673.00 262.03
672.00 262.03
671.00 262.03
670.00 262.03
669.00 262.03
668.00 262.03
667.00 262.03
666.00 262.03
665.00 262.03
664.00 262.03
663.03 263.00
663.00 263.03
662.00 263.03
661.00 263.03
660.00 263.03
659.03 264.00
659.00 264.03
658.00 264.03
657.03 265.00
657.00 265.03
656.00 265.03
655.03 266.00
655.00 266.03
654.03 267.00
654.00 267.03
653.00 267.03
652.03 268.00
652.00 268.03
651.03 269.00
651.00 269.03
650.00 269.03
649.03 270.00
649.00 270.03
648.03 271.00
648.00 271.03
647.03 272.00
647.00 272.03
646.03 273.00
646.00 273.03
645.03 274.00
645.03 275.00
645.00 275.03
644.03 276.00
644.03 277.00
644.00 277.03
643.03 278.00
643.03 279.00
643.00 279.03
642.03 280.00
642.03 281.00
642.03 282.00
642.00 282.03
641.03 283.00
641.03 284.00
641.03 285.00
641.00 285.03
640.03 286.00
640.03 287.00
640.03 288.00
640.03 289.00
640.03 290.00
640.00 290.03
639.03 291.00
639.03 292.00
640.00 292.97
640.03 293.00
640.03 294.00
640.03 295.00
640.03 296.00
640.03 297.00
640.03 298.00
641.00 298.97
641.03 299.00
641.03 300.00
641.03 301.00
642.00 301.97
642.03 302.00
642.03 303.00
643.00 303.97
643.03 304.00
643.03 305.00
644.00 305.97
644.03 306.00
644.03 307.00
645.00 307.97
645.03 308.00
645.03 309.00
646.00 309.97
646.03 310.00
647.00 310.97
647.03 311.00
647.03 312.00
648.00 312.97
648.03 313.00
649.00 313.97
649.03 314.00
649.03 315.00
650.00 315.97
650.03 316.00
651.00 316.97
651.03 317.00
651.03 318.00
652.00 318.97
652.03 319.00
653.00 319.97
653.03 320.00
654.00 320.97
654.03 321.00
655.00 321.97
655.03 322.00
656.00 322.97
656.03 323.00
657.00 323.97
657.03 324.00
658.00 324.97
658.03 325.00
659.00 325.97
660.00 325.97
660.03 326.00
661.00 326.97
662.00 326.97
662.03 327.00
663.00 327.97
664.00 327.97
664.03 328.00
665.00 328.97
666.00 328.97
667.00 328.97
667.03 329.00
668.00 329.97
669.00 329.97
670.00 329.97
671.00 329.97
672.00 329.97
673.00 329.97
674.00 329.97
675.00 329.97
676.00 329.97
677.00 329.97
678.00 329.97
679.00 329.97
679.97 329.00
680.00 328.97
681.00 328.97
682.00 328.97
683.00 328.97
683.97 328.00
684.00 327.97
685.00 327.97
685.97 327.00
686.00 326.97
687.00 326.97
687.97 326.00
688.00 325.97
688.97 325.00
689.00 324.97
689.97 324.00
690.00 323.97
690.97 323.00
691.00 322.97
691.97 322.00
692.00 321.97
692.97 321.00
693.00 320.97
693.97 320.00
694.00 319.97
694.97 319.00
695.00 318.97
695.97 318.00
696.00 317.97
696.97 317.00
697.00 316.97
697.97 316.00
698.00 315.97
698.97 315.00
698.97 314.00
699.00 313.97
699.97 313.00
700.00 312.97
700.97 312.00
700.97 311.00
701.00 310.97
701.97 310.00
701.97 309.00
701.97 308.00
702.00 307.97
702.97 307.00
702.97 306.00
702.97 305.00
702.97 304.00
703.00 303.97
703.97 303.00

Contour 18:
729.97 407.00
729.97 406.00
729.97 405.00
729.97 404.00
729.97 403.00
729.97 402.00
729.97 401.00
729.97 400.00
729.97 399.00
729.97 398.00
729.97 397.00
729.97 396.00
729.97 395.00
729.00 394.03
728.97 394.00
728.97 393.00
728.97 392.00
728.00 391.03
727.97 391.00
727.97 390.00
727.00 389.03
726.97 389.00
726.97 388.00
726.00 387.03
725.97 387.00
725.97 386.00
725.00 385.03
724.97 385.00
724.00 384.03
723.97 384.00
723.00 383.03
722.97 383.00
722.00 382.03
721.97 382.00
721.00 381.03
720.97 381.00
720.00 380.03
719.97 380.00
719.00 379.03
718.97 379.00
718.00 378.03
717.00 378.03
716.97 378.00
716.00 377.03
715.97 377.00
715.00 376.03
714.97 376.00
714.00 375.03
713.00 375.03
712.97 375.00
712.00 374.03
711.00 374.03
710.97 374.00
710.00 373.03
709.00 373.03
708.00 373.03
707.97 373.00
707.00 372.03
706.00 372.03
705.00 372.03
704.97 372.00
704.00 371.03
703.00 371.03
702.00 371.03
701.00 371.03
700.97 371.00
700.00 370.03
699.00 370.03
698.00 370.03
697.97 370.00
697.00 369.03
696.00 369.03
695.00 369.03
694.97 369.00
694.00 368.03
693.00 368.03
692.00 368.03
691.00 368.03
690.00 368.03
689.00 368.03
688.00 368.03
687.00 368.03
686.03 369.00
686.00 369.03
685.00 369.03
684.00 369.03
683.03 370.00
683.00 370.03
682.00 370.03
681.03 371.00
681.00 371.03
680.00 371.03
679.03 372.00
679.00 372.03
678.00 372.03
677.03 373.00
677.00 373.03
676.03 374.00
676.00 374.03
675.03 375.00
675.00 375.03
674.03 376.00
674.00 376.03
673.03 377.00
673.00 377.03
672.03 378.00
672.00 378.03
671.03 379.00
671.03 380.00
671.00 380.03
670.03 381.00
670.03 382.00
670.03 383.00
670.00 383.03
669.03 384.00
669.03 385.00
669.03 386.00
669.03 387.00
669.00 387.03
668.03 388.00
668.03 389.00
668.03 390.00
668.03 391.00
668.03 392.00
668.03 393.00
668.03 394.00
668.03 395.00
668.03 396.00
668.03 397.00
669.00 397.97
669.03 398.00
669.03 399.00
669.03 400.00
669.03 401.00
669.03 402.00
670.00 402.97
670.03 403.00
670.03 404.00
671.00 404.97
671.03 405.00
671.03 406.00
672.00 406.97
672.03 407.00
672.03 408.00
673.00 408.97
673.03 409.00
674.00 409.97
675.00 409.97
675.03 410.00
676.00 410.97
676.03 411.00
677.00 411.97
677.03 412.00
678.00 412.97
679.00 412.97
679.03 413.00
680.00 413.97
681.00 413.97
681.03 414.00
682.00 414.97
683.00 414.97
683.03 415.00
684.00 415.97
685.00 415.97
686.00 415.97
687.00 415.97
687.03 416.00
688.00 416.97
689.00 416.97
689.03 417.00
690.00 417.97
691.00 417.97
691.03 418.00
692.00 418.97
693.00 418.97
693.03 419.00
694.00 419.97
695.00 419.97
695.03 420.00
696.00 420.97
697.00 420.97
697.03 421.00
698.00 421.97
699.00 421.97
700.00 421.97
700.03 422.00
701.00 422.97
702.00 422.97
703.00 422.97
704.00 422.97
705.00 422.97
706.00 422.97
707.00 422.97
707.03 423.00
708.00 423.97
709.00 423.97
710.00 423.97
711.00 423.97
712.00 423.97
713.00 423.97
713.97 423.00
714.00 422.97
715.00 422.97
716.00 422.97
717.00 422.97
717.97 422.00
718.00 421.97
719.00 421.97
719.97 421.00
720.00 420.97
720.97 420.00
721.00 419.97
722.00 419.97
722.97 419.00
723.00 418.97
723.97 418.00
723.97 417.00
724.00 416.97
724.97 416.00
725.00 415.97
725.97 415.00
725.97 414.00
726.00 413.97
726.97 413.00
727.00 412.97
727.97 412.00
727.97 411.00
727.97 410.00
728.00 409.97
728.97 409.00
728.97 408.00
729.00 407.97
729.97 407.00

Contour 19:
757.98 680.00
757.98 679.00
757.98 678.00
757.98 677.00
757.98 676.00
757.98 675.00
757.98 674.00
757.98 673.00
757.98 672.00
757.98 671.00
757.98 670.00
757.98 669.00
757.98 668.00
757.98 667.00
757.98 666.00
757.98 665.00
757.98 664.00
757.00 663.02
756.98 663.00
756.98 662.00
756.98 661.00
756.98 660.00
756.00 659.02
755.98 659.00
755.98 658.00
755.00 657.02
754.98 657.00
754.98 656.00
754.00 655.02
753.98 655.00
753.00 654.02
752.98 654.00
752.98 653.00
752.00 652.02
751.00 652.02
750.98 652.00
750.00 651.02
749.98 651.00
749.00 650.02
748.98 650.00
748.00 649.02
747.98 649.00
747.00 648.02
746.98 648.00
746.00 647.02
745.00 647.02
744.98 647.00
744.00 646.02
743.00 646.02
742.00 646.02
741.98 646.00
741.00 645.02
740.00 645.02
739.00 645.02
738.00 645.02
737.00 645.02
736.00 645.02
735.00 645.02
734.00 645.02
733.00 645.02
732.00 645.02
731.00 645.02
730.00 645.02
729.02 646.00
729.00 646.02
728.00 646.02
727.00 646.02
726.00 646.02
725.02 647.00
725.00 647.02
724.00 647.02
723.00 647.02
722.02 648.00
722.00 648.02
721.02 649.00
721.00 649.02
720.00 649.02
719.02 650.00
719.00 650.02
718.02 651.00
718.00 651.02
717.02 652.00
717.00 652.02
716.02 653.00
716.00 653.02
715.02 654.00
715.00 654.02
714.02 655.00
714.00 655.02
713.02 656.00
713.00 656.02
712.02 657.00
712.00 657.02
711.02 658.00
711.00 658.02
710.02 659.00
710.00 659.02
709.02 660.00
709.02 661.00
709.00 661.02
708.02 662.00
708.00 662.02
707.02 663.00
707.00 663.02
706.02 664.00
706.00 664.02
705.02 665.00
705.00 665.02
704.02 666.00
704.00 666.02
703.02 667.00
703.02 668.00
703.00 668.02
702.02 669.00
702.00 669.02
701.02 670.00
701.02 671.00
701.00 671.02
700.02 672.00
700.02 673.00
700.00 673.02
699.02 674.00
699.00 674.02
698.02 675.00
698.02 676.00
698.00 676.02
697.02 677.00
697.02 678.00
697.02 679.00
697.00 679.02
696.02 680.00
696.02 681.00
696.02 682.00
696.02 683.00
696.00 683.02
695.02 684.00
695.02 685.00
695.02 686.00
695.02 687.00
695.02 688.00
695.02 689.00
695.02 690.00
695.02 691.00
695.02 692.00
695.02 693.00
695.02 694.00
695.02 695.00
695.02 696.00
696.00 696.98
696.02 697.00
696.02 698.00
696.02 699.00
697.00 699.98
697.02 700.00
697.02 701.00
698.00 701.98
698.02 702.00
698.02 703.00
699.00 703.98
699.02 704.00
700.00 704.98
700.02 705.00
700.02 706.00
701.00 706.98
701.02 707.00
702.00 707.98
702.02 708.00
703.00 708.98
703.02 709.00
704.00 709.98
704.02 710.00
705.00 710.98
706.00 710.98
706.02 711.00
707.00 711.98
708.00 711.98
708.02 712.00
709.00 712.98
710.00 712.98
710.02 713.00
711.00 713.98
712.00 713.98
713.00 713.98
713.02 714.00
714.00 714.98
715.00 714.98
716.00 714.98
717.00 714.98
718.00 714.98
719.00 714.98
720.00 714.98
721.00 714.98
722.00 714.98
723.00 714.98
724.00 714.98
725.00 714.98
725.98 714.00
726.00 713.98
727.00 713.98
728.00 713.98
729.00 713.98
729.98 713.00
730.00 712.98
731.00 712.98
732.00 712.98
732.98 712.00
733.00 711.98
734.00 711.98
734.98 711.00
735.00 710.98
736.00 710.98
736.98 710.00
737.00 709.98
737.98 709.00
738.00 708.98
739.00 708.98
739.98 708.00
740.00 707.98
740.98 707.00
741.00 706.98
741.98 706.00
742.00 705.98
742.98 705.00
743.00 704.98
743.98 704.00
744.00 703.98
744.98 703.00
745.00 702.98
745.98 702.00
746.00 701.98
746.98 701.00
746.98 700.00
747.00 699.98
747.98 699.00
748.00 698.98
748.98 698.00
748.98 697.00
749.00 696.98
749.98 696.00
750.00 695.98
750.98 695.00
750.98 694.00
751.00 693.98
751.98 693.00
751.98 692.00
752.00 691.98
752.98 691.00
753.00 690.98
753.98 690.00
753.98 689.00
754.00 688.98
754.98 688.00
754.98 687.00
755.00 686.98
755.98 686.00
755.98 685.00
755.98 684.00
756.00 683.98
756.98 683.00
756.98 682.00
756.98 681.00
757.00 680.98
757.98 680.00

Contour 20:
817.98 439.00
817.98 438.00
817.98 437.00
817.98 436.00
817.98 435.00
817.98 434.00
817.98 433.00
817.98 432.00
817.00 431.02
816.98 431.00
816.98 430.00
816.98 429.00
816.00 428.02
815.98 428.00
815.98 427.00
815.98 426.00
815.00 425.02
814.98 425.00
814.98 424.00
814.98 423.00
814.00 422.02
813.00 422.02
812.98 422.00
812.00 421.02
811.98 421.00
811.00 420.02
810.00 420.02
809.98 420.00
809.00 419.02
808.98 419.00
808.00 418.02
807.98 418.00
807.00 417.02
806.98 417.00
806.00 416.02
805.00 416.02
804.98 416.00
804.00 415.02
803.98 415.00
803.00 414.02
802.00 414.02
801.00 414.02
800.00 414.02
799.00 414.02
798.00 414.02
797.00 414.02
796.00 414.02
795.00 414.02
794.00 414.02
793.02 415.00
793.00 415.02
792.00 415.02
791.00 415.02
790.02 416.00
790.00 416.02
789.00 416.02
788.02 417.00
788.00 417.02
787.00 417.02
786.02 418.00
786.00 418.02
785.00 418.02
784.02 419.00
784.00 419.02
783.00 419.02
782.02 420.00
782.00 420.02
781.00 420.02
780.02 421.00
780.00 421.02
779.00 421.02
778.02 422.00
778.00 422.02
777.00 422.02
776.02 423.00
776.00 423.02
775.02 424.00
775.00 424.02
774.00 424.02
773.02 425.00
773.00 425.02
772.02 426.00
772.00 426.02
771.00 426.02
770.02 427.00
770.00 427.02
769.02 428.00
769.00 428.02
768.00 428.02
767.02 429.00
767.00 429.02
766.02 430.00
766.00 430.02
765.00 430.02
764.02 431.00
764.00 431.02
763.02 432.00
763.00 432.02
762.00 432.02
761.02 433.00
761.00 433.02
760.02 434.00
760.00 434.02
759.02 435.00
759.00 435.02
758.02 436.00
758.02 437.00
758.00 437.02
757.02 438.00
757.02 439.00
757.02 440.00
757.02 441.00
757.00 441.02
756.02 442.00
756.02 443.00
756.02 444.00
756.02 445.00
756.02 446.00
756.02 447.00
756.02 448.00
756.02 449.00
756.02 450.00
756.02 451.00
756.02 452.00
756.02 453.00
756.02 454.00
756.02 455.00
756.02 456.00
757.00 456.98
757.02 457.00
757.02 458.00
757.02 459.00
757.02 460.00
757.02 461.00
758.00 461.98
758.02 462.00
758.02 463.00
758.02 464.00
759.00 464.98
759.02 465.00
760.00 465.98
760.02 466.00
760.02 467.00
761.00 467.98
761.02 468.00
762.00 468.98
762.02 469.00
763.00 469.98
763.02 470.00
763.02 471.00
764.00 471.98
764.02 472.00
765.00 472.98
765.02 473.00
766.00 473.98
766.02 474.00
767.00 474.98
767.02 475.00
768.00 475.98
768.02 476.00
769.00 476.98
769.02 477.00
770.00 477.98
771.00 477.98
771.02 478.00
772.00 478.98
773.00 478.98
773.02 479.00
774.00 479.98
775.00 479.98
776.00 479.98
776.02 480.00
777.00 480.98
778.00 480.98
779.00 480.98
780.00 480.98
781.00 480.98
781.02 481.00
782.00 481.98
783.00 481.98
784.00 481.98
785.00 481.98
786.00 481.98
787.00 481.98
788.00 481.98
789.00 481.98
789.98 481.00
790.00 480.98
791.00 480.98
792.00 480.98
793.00 480.98
793.98 480.00
794.00 479.98
795.00 479.98
795.98 479.00
796.00 478.98
797.00 478.98
797.98 478.00
798.00 477.98
798.98 477.00
799.00 476.98
799.98 476.00
800.00 475.98
800.98 475.00
801.00 474.98
801.98 474.00
802.00 473.98
802.98 473.00
803.00 472.98
803.98 472.00
804.00 471.98
804.98 471.00
804.98 470.00
805.00 469.98
805.98 469.00
805.98 468.00
806.00 467.98
806.98 467.00
806.98 466.00
806.98 465.00
807.00 464.98
807.98 464.00
807.98 463.00
807.98 462.00
808.00 461.98
808.98 461.00
808.98 460.00
809.00 459.98
809.98 459.00
809.98 458.00
810.00 457.98
810.98 457.00
810.98 456.00
811.00 455.98
811.98 455.00
811.98 454.00
812.00 453.98
812.98 453.00
813.00 452.98
813.98 452.00
813.98 451.00
814.00 450.98
814.98 450.00
814.98 449.00
814.98 448.00
815.00 447.98
815.98 447.00
815.98 446.00
815.98 445.00
815.98 444.00
816.00 443.98
816.98 443.00
816.98 442.00
816.98 441.00
816.98 440.00
817.00 439.98
817.98 439.00

Contour 21:
994.98 742.00
994.98 741.00
994.98 740.00
994.98 739.00
994.98 738.00
994.98 737.00
994.98 736.00
994.98 735.00
994.98 734.00
994.98 733.00
994.98 732.00
994.00 731.02
993.98 731.00
993.98 730.00
993.98 729.00
993.00 728.02
992.98 728.00
992.98 727.00
992.98 726.00
992.00 725.02
991.98 725.00
991.98 724.00
991.00 723.02
990.98 723.00
990.00 722.02
989.98 722.00
989.00 721.02
988.98 721.00
988.00 720.02
987.98 720.00
987.00 719.02
986.00 719.02
985.98 719.00
985.00 718.02
984.98 718.00
984.00 717.02
983.98 717.00
983.00 716.02
982.00 716.02
981.98 716.00
981.00 715.02
980.98 715.00
980.00 714.02
979.00 714.02
978.00 714.02
977.98 714.00
977.00 713.02
976.00 713.02
975.98 713.00
975.00 712.02
974.00 712.02
973.00 712.02
972.98 712.00
972.00 711.02
971.00 711.02
970.00 711.02
969.00 711.02
968.00 711.02
967.98 711.00
967.00 710.02
966.00 710.02
965.00 710.02
964.00 710.02
963.00 710.02
962.00 710.02
961.00 710.02
960.00 710.02
959.00 710.02
958.00 710.02
957.00 710.02
956.02 711.00
956.00 711.02
955.00 711.02
954.00 711.02
953.00 711.02
952.00 711.02
951.00 711.02
950.00 711.02
949.02 712.00
949.00 712.02
948.00 712.02
947.00 712.02
946.02 713.00
946.00 713.02
945.00 713.02
944.02 714.00
944.00 714.02
943.00 714.02
942.02 715.00
942.00 715.02
941.00 715.02
940.02 716.00
940.00 716.02
939.00 716.02
938.02 717.00
938.00 717.02
937.02 718.00
937.00 718.02
936.00 718.02
935.02 719.00
935.00 719.02
934.00 719.02
933.02 720.00
933.00 720.02
932.02 721.00
932.00 721.02
931.02 722.00
931.00 722.02
930.02 723.00
930.00 723.02
929.02 724.00
929.00 724.02
928.02 725.00
928.02 726.00
928.00 726.02
927.02 727.00
927.02 728.00
927.00 728.02
926.02 729.00
926.02 730.00
926.00 730.02
925.02 731.00
925.02 732.00
925.00 732.02
924.02 733.00
924.02 734.00
924.02 735.00
924.02 736.00
924.00 736.02
923.02 737.00
923.02 738.00
923.02 739.00
923.02 740.00
923.02 741.00
923.02 742.00
923.02 743.00
923.02 744.00
923.02 745.00
924.00 745.98
924.02 746.00
924.02 747.00
924.02 748.00
924.02 749.00
925.00 749.98
925.02 750.00
925.02 751.00
925.02 752.00
926.00 752.98
926.02 753.00
926.02 754.00
927.00 754.98
927.02 755.00
928.00 755.98
928.02 756.00
928.02 757.00
929.00 757.98
929.02 758.00
930.00 758.98
930.02 759.00
931.00 759.98
932.00 759.98
932.02 760.00
933.00 760.98
933.02 761.00
934.00 761.98
935.00 761.98
935.02 762.00
936.00 762.98
936.02 763.00
937.00 763.98
938.00 763.98
938.02 764.00
939.00 764.98
940.00 764.98
940.02 765.00
941.00 765.98
942.00 765.98
943.00 765.98
944.00 765.98
944.02 766.00
945.00 766.98
946.00 766.98
946.02 767.00
947.00 767.98
948.00 767.98
949.00 767.98
950.00 767.98
951.00 767.98
951.02 768.00
952.00 768.98
953.00 768.98
954.00 768.98
955.00 768.98
956.00 768.98
957.00 768.98
958.00 768.98
959.00 768.98
960.00 768.98
960.98 768.00
961.00 767.98
962.00 767.98
963.00 767.98
963.98 767.00
964.00 766.98
965.00 766.98
966.00 766.98
966.98 766.00
967.00 765.98
968.00 765.98
969.00 765.98
969.98 765.00
970.00 764.98
971.00 764.98
972.00 764.98
972.98 764.00
973.00 763.98
974.00 763.98
975.00 763.98
975.98 763.00
976.00 762.98
977.00 762.98
977.98 762.00
978.00 761.98
979.00 761.98
979.98 761.00
980.00 760.98
980.98 760.00
981.00 759.98
981.98 759.00
982.00 758.98
982.98 758.00
983.00 757.98
983.98 757.00
984.00 756.98
985.00 756.98
985.98 756.00
986.00 755.98
986.98 755.00
987.00 754.98
987.98 754.00
988.00 753.98
988.98 753.00
988.98 752.00
989.00 751.98
989.98 751.00
990.00 750.98
990.98 750.00
991.00 749.98
991.98 749.00
991.98 748.00
992.00 747.98
992.98 747.00
992.98 746.00
993.00 745.98
993.98 745.00
993.98 744.00
993.98 743.00
994.00 742.98
994.98 742.00

