Contour 0:
0.00 96.50
1.00 96.50
2.00 96.50
3.00 96.50
3.50 96.00
4.00 95.50
5.00 95.50
5.50 95.00
6.00 94.50
6.50 94.00
7.00 93.50
7.50 93.00
8.00 92.50
8.50 92.00
8.50 91.00
9.00 90.50
9.50 90.00
9.50 89.00
10.00 88.50
10.50 88.00
11.00 87.50
11.50 87.00
11.50 86.00
11.50 85.00
11.50 84.00
11.50 83.00
11.50 82.00
11.50 81.00
11.00 80.50
10.00 80.50
9.50 80.00
9.00 79.50
8.50 79.00
8.00 78.50
7.00 78.50
6.00 78.50
5.00 78.50
4.50 79.00
4.00 79.50
3.00 79.50
2.50 80.00
2.50 81.00
2.00 81.50
1.50 82.00
1.00 82.50
0.50 83.00
0.50 84.00
0.00 84.50

Contour 1:
0.00 578.75
0.25 579.00
1.00 579.75
1.25 580.00
2.00 580.75
2.25 581.00
3.00 581.75
3.25 582.00
3.25 583.00
4.00 583.75
4.25 584.00
5.00 584.75
5.25 585.00
6.00 585.75
6.25 586.00
7.00 586.75
7.25 587.00
8.00 587.75
8.25 588.00
9.00 588.75
9.25 589.00
10.00 589.75
11.00 589.75
11.25 590.00
12.00 590.75
13.00 590.75
13.25 591.00
14.00 591.75
15.00 591.75
16.00 591.75
17.00 591.75
17.25 592.00
18.00 592.75
19.00 592.75
20.00 592.75
21.00 592.75
22.00 592.75
22.25 593.00
23.00 593.75
24.00 593.75
25.00 593.75
26.00 593.75
27.00 593.75
27.75 593.00
28.00 592.75
29.00 592.75
30.00 592.75
31.00 592.75
32.00 592.75
33.00 592.75
34.00 592.75
35.00 592.75
35.75 592.00
36.00 591.75
37.00 591.75
37.75 591.00
38.00 590.75
39.00 590.75
39.75 590.00
40.00 589.75
41.00 589.75
41.75 589.00
42.00 588.75
42.75 588.00
43.00 587.75
43.75 587.00
44.00 586.75
44.75 586.00
45.00 585.75
45.75 585.00
46.00 584.75
46.75 584.00
47.00 583.75
47.75 583.00
48.00 582.75
48.75 582.00
49.00 581.75
49.75 581.00
50.00 580.75
50.75 580.00
51.00 579.75
51.75 579.00
51.75 578.00
52.00 577.75
52.75 577.00
53.00 576.75
53.75 576.00
54.00 575.75
54.75 575.00
54.75 574.00
55.00 573.75
55.75 573.00
55.75 572.00
55.75 571.00
55.75 570.00
56.00 569.75
56.75 569.00
56.75 568.00
56.75 567.00
56.75 566.00
56.75 565.00
57.00 564.75
57.75 564.00
57.75 563.00
57.75 562.00
57.75 561.00
57.75 560.00
57.75 559.00
57.75 558.00
57.75 557.00
57.75 556.00
57.00 555.25
56.75 555.00
56.75 554.00
56.75 553.00
56.75 552.00
56.75 551.00
56.00 550.25
55.75 550.00
55.75 549.00
55.00 548.25
54.75 548.00
54.75 547.00
54.75 546.00
54.00 545.25
53.75 545.00
53.00 544.25
52.75 544.00
52.75 543.00
52.00 542.25
51.75 542.00
51.00 541.25
50.75 541.00
50.75 540.00
50.00 539.25
49.75 539.00
49.00 538.25
48.75 538.00
48.00 537.25
47.75 537.00
47.00 536.25
46.75 536.00
46.00 535.25
45.75 535.00
45.00 534.25
44.75 534.00
44.00 533.25
43.75 533.00
43.00 532.25
42.00 532.25
41.75 532.00
41.00 531.25
40.75 531.00
40.00 530.25
39.00 530.25
38.75 530.00
38.00 529.25
37.00 529.25
36.00 529.25
35.00 529.25
34.75 529.00
34.00 528.25
33.00 528.25
32.00 528.25
31.00 528.25
30.00 528.25
29.00 528.25
28.00 528.25
27.00 528.25
26.00 528.25
25.00 528.25
24.00 528.25
23.00 528.25
22.00 528.25
21.00 528.25
20.00 528.25
19.25 529.00
19.00 529.25
18.00 529.25
17.00 529.25
16.00 529.25
15.25 530.00
15.00 530.25
14.00 530.25
13.25 531.00
13.00 531.25
12.00 531.25
11.25 532.00
11.00 532.25
10.00 532.25
9.25 533.00
9.00 533.25
8.25 534.00
8.00 534.25
7.25 535.00
7.00 535.25
6.00 535.25
5.25 536.00
5.25 537.00
5.00 537.25
4.25 538.00
4.00 538.25
3.25 539.00
3.00 539.25
2.25 540.00
2.25 541.00
2.00 541.25
1.25 542.00
1.25 543.00
1.00 543.25
0.25 544.00
0.00 544.25

Contour 2:
81.83 293.00
81.83 292.00
81.83 291.00
81.83 290.00
81.83 289.00
81.83 288.00
81.83 287.00
81.83 286.00
81.83 285.00
81.83 284.00
81.00 283.17
80.83 283.00
80.83 282.00
80.83 281.00
80.83 280.00
80.83 279.00
80.00 278.17
79.83 278.00
79.83 277.00
79.83 276.00
79.00 275.17
78.83 275.00
78.83 274.00
78.83 273.00
78.00 272.17
77.83 272.00
77.83 271.00
77.83 270.00
77.00 269.17
76.83 269.00
76.83 268.00
76.83 267.00
76.00 266.17
75.83 266.00
75.83 265.00
75.00 264.17
74.83 264.00
74.00 263.17
73.83 263.00
73.83 262.00
73.00 261.17
72.83 261.00
72.00 260.17
71.83 260.00
71.00 259.17
70.83 259.00
70.83 258.00
70.00 257.17
69.83 257.00
69.00 256.17
68.83 256.00
68.00 255.17
67.83 255.00
67.00 254.17
66.83 254.00
66.83 253.00
66.00 252.17
65.83 252.00
65.00 251.17
64.83 251.00
64.00 250.17
63.83 250.00
63.00 249.17
62.83 249.00
62.00 248.17
61.83 248.00
61.00 247.17
60.83 247.00
60.00 246.17
59.00 246.17
58.83 246.00
58.00 245.17
57.00 245.17
56.00 245.17
55.83 245.00
55.00 244.17
54.00 244.17
53.00 244.17
52.00 244.17
51.00 244.17
50.00 244.17
49.83 244.00
49.00 243.17
48.00 243.17
47.00 243.17
46.17 244.00
46.00 244.17
45.00 244.17
44.00 244.17
43.00 244.17
42.00 244.17
41.17 245.00
41.00 245.17
40.00 245.17
39.00 245.17
38.17 246.00
38.00 246.17
37.00 246.17
36.17 247.00
36.00 247.17
35.00 247.17
34.17 248.00
34.00 248.17
33.00 248.17
32.17 249.00
32.00 249.17
31.17 250.00
31.00 250.17
30.00 250.17
29.17 251.00
29.00 251.17
28.17 252.00
28.00 252.17
27.17 253.00
27.00 253.17
26.17 254.00
26.00 254.17
25.17 255.00
25.00 255.17
24.17 256.00
24.00 256.17
23.17 257.00
23.00 257.17
22.17 258.00
22.00 258.17
21.17 259.00
21.17 260.00
21.00 260.17
20.17 261.00
20.00 261.17
19.17 262.00
19.17 263.00
19.00 263.17
18.17 264.00
18.00 264.17
17.17 265.00
17.17 266.00
17.00 266.17
16.17 267.00
16.17 268.00
16.17 269.00
16.00 269.17
15.17 270.00
15.17 271.00
15.17 272.00
15.00 272.17
14.17 273.00
14.17 274.00
14.17 275.00
14.17 276.00
14.17 277.00
14.17 278.00
14.17 279.00
14.17 280.00
14.17 281.00
14.17 282.00
14.17 283.00
14.17 284.00
14.17 285.00
15.00 285.83
15.17 286.00
15.17 287.00
15.17 288.00
15.17 289.00
15.17 290.00
15.17 291.00
16.00 291.83
16.17 292.00
16.17 293.00
16.17 294.00
17.00 294.83
17.17 295.00
17.17 296.00
18.00 296.83
18.17 297.00
18.17 298.00
19.00 298.83
19.17 299.00
19.17 300.00
20.00 300.83
20.17 301.00
20.17 302.00
21.00 302.83
21.17 303.00
22.00 303.83
22.17 304.00
22.17 305.00
23.00 305.83
23.17 306.00
24.00 306.83
24.17 307.00
25.00 307.83
25.17 308.00
26.00 308.83
26.17 309.00
27.00 309.83
28.00 309.83
28.17 310.00
29.00 310.83
30.00 310.83
30.17 311.00
31.00 311.83
32.00 311.83
32.17 312.00
33.00 312.83
34.00 312.83
35.00 312.83
35.17 313.00
36.00 313.83
37.00 313.83
38.00 313.83
39.00 313.83
39.17 314.00
40.00 314.83
41.00 314.83
42.00 314.83
43.00 314.83
44.00 314.83
45.00 314.83
46.00 314.83
47.00 314.83
48.00 314.83
49.00 314.83
50.00 314.83
51.00 314.83
52.00 314.83
53.00 314.83
54.00 314.83
55.00 314.83
56.00 314.83
57.00 314.83
58.00 314.83
58.83 314.00
59.00 313.83
60.00 313.83
61.00 313.83
62.00 313.83
62.83 313.00
63.00 312.83
64.00 312.83
64.83 312.00
65.00 311.83
66.00 311.83
67.00 311.83
67.83 311.00
68.00 310.83
69.00 310.83
69.83 310.00
70.00 309.83
71.00 309.83
71.83 309.00
72.00 308.83
72.83 308.00
73.00 307.83
73.83 307.00
74.00 306.83
74.83 306.00
75.00 305.83
75.83 305.00
76.00 304.83
76.83 304.00
76.83 303.00
77.00 302.83
77.83 302.00
78.00 301.83
78.83 301.00
78.83 300.00
79.00 299.83
79.83 299.00
79.83 298.00
79.83 297.00
80.00 296.83
80.83 296.00
80.83 295.00
80.83 294.00
81.00 293.83
81.83 293.00

Contour 3:
151.88 185.00
151.88 184.00
151.88 183.00
151.88 182.00
151.88 181.00
151.00 180.12
150.88 180.00
150.88 179.00
150.88 178.00
150.88 177.00
150.88 176.00
150.88 175.00
150.88 174.00
150.00 173.12
149.88 173.00
149.88 172.00
149.88 171.00
149.00 170.12
148.88 170.00
148.88 169.00
148.00 168.12
147.88 168.00
147.88 167.00
147.00 166.12
146.88 166.00
146.88 165.00
146.00 164.12
145.88 164.00
145.88 163.00
145.00 162.12
144.88 162.00
144.88 161.00
144.00 160.12
143.88 160.00
143.88 159.00
143.00 158.12
142.88 158.00
142.00 157.12
141.88 157.00
141.88 156.00
141.00 155.12
140.88 155.00
140.00 154.12
139.88 154.00
139.00 153.12
138.88 153.00
138.00 152.12
137.88 152.00
137.00 151.12
136.88 151.00
136.00 150.12
135.00 150.12
134.88 150.00
134.00 149.12
133.88 149.00
133.00 148.12
132.88 148.00
132.00 147.12
131.88 147.00
131.00 146.12
130.00 146.12
129.88 146.00
129.00 145.12
128.00 145.12
127.00 145.12
126.88 145.00
126.00 144.12
125.00 144.12
124.00 144.12
123.00 144.12
122.88 144.00
122.00 143.12
121.00 143.12
120.00 143.12
119.88 143.00
119.00 142.12
118.00 142.12
117.00 142.12
116.88 142.00
116.00 141.12
115.00 141.12
114.00 141.12
113.00 141.12
112.00 141.12
111.00 141.12
110.00 141.12
109.00 141.12
108.00 141.12
107.00 141.12
106.00 141.12
105.00 141.12
104.00 141.12
103.00 141.12
102.00 141.12
101.12 142.00
101.00 142.12
100.00 142.12
99.00 142.12
98.12 143.00
98.00 143.12
97.00 143.12
96.00 143.12
95.12 144.00
95.00 144.12
94.00 144.12
93.00 144.12
92.12 145.00
92.00 145.12
91.00 145.12
90.12 146.00
90.00 146.12
89.00 146.12
88.00 146.12
87.12 147.00
87.00 147.12
86.00 147.12
85.00 147.12
84.12 148.00
84.00 148.12
83.00 148.12
82.12 149.00
82.00 149.12
81.12 150.00
81.00 150.12
80.00 150.12
79.12 151.00
79.00 151.12
78.12 152.00
78.00 152.12
77.12 153.00
77.00 153.12
76.12 154.00
76.00 154.12
75.12 155.00
75.00 155.12
74.12 156.00
74.00 156.12
73.12 157.00
73.12 158.00
73.00 158.12
72.12 159.00
72.12 160.00
72.00 160.12
71.12 161.00
71.00 161.12
70.12 162.00
70.12 163.00
70.00 163.12
69.12 164.00
69.00 164.12
68.12 165.00
68.12 166.00
68.00 166.12
67.12 167.00
67.12 168.00
67.00 168.12
66.12 169.00
66.00 169.12
65.12 170.00
65.12 171.00
65.12 172.00
65.12 173.00
65.00 173.12
64.12 174.00
64.12 175.00
64.12 176.00
64.12 177.00
64.12 178.00
64.12 179.00
64.12 180.00
64.12 181.00
64.12 182.00
64.12 183.00
65.00 183.88
65.12 184.00
65.12 185.00
65.12 186.00
65.12 187.00
65.12 188.00
66.00 188.88
66.12 189.00
66.12 190.00
66.12 191.00
67.00 191.88
67.12 192.00
67.12 193.00
68.00 193.88
68.12 194.00
68.12 195.00
69.00 195.88
69.12 196.00
70.00 196.88
70.12 197.00
70.12 198.00
71.00 198.88
71.12 199.00
72.00 199.88
72.12 200.00
73.00 200.88
73.12 201.00
74.00 201.88
74.12 202.00
75.00 202.88
75.12 203.00
75.12 204.00
76.00 204.88
76.12 205.00
77.00 205.88
78.00 205.88
78.12 206.00
79.00 206.88
79.12 207.00
80.00 207.88
80.12 208.00
81.00 208.88
81.12 209.00
82.00 209.88
82.12 210.00
83.00 210.88
84.00 210.88
84.12 211.00
85.00 211.88
86.00 211.88
86.12 212.00
87.00 212.88
87.12 213.00
88.00 213.88
89.00 213.88
89.12 214.00
90.00 214.88
91.00 214.88
91.12 215.00
92.00 215.88
93.00 215.88
93.12 216.00
94.00 216.88
95.00 216.88
95.12 217.00
96.00 217.88
97.00 217.88
98.00 217.88
99.00 217.88
99.12 218.00
100.00 218.88
101.00 218.88
102.00 218.88
103.00 218.88
104.00 218.88
105.00 218.88
106.00 218.88
106.12 219.00
107.00 219.88
108.00 219.88
109.00 219.88
110.00 219.88
111.00 219.88
112.00 219.88
113.00 219.88
114.00 219.88
115.00 219.88
115.88 219.00
116.00 218.88
117.00 218.88
118.00 218.88
119.00 218.88
120.00 218.88
121.00 218.88
121.88 218.00
122.00 217.88
123.00 217.88
124.00 217.88
124.88 217.00
125.00 216.88
126.00 216.88
126.88 216.00
127.00 215.88
128.00 215.88
128.88 215.00
129.00 214.88
130.00 214.88
130.88 214.00
131.00 213.88
132.00 213.88
132.88 213.00
133.00 212.88
133.88 212.00
134.00 211.88
135.00 211.88
135.88 211.00
136.00 210.88
136.88 210.00
137.00 209.88
137.88 209.00
138.00 208.88
139.00 208.88
139.88 208.00
140.00 207.88
140.88 207.00
141.00 206.88
141.88 206.00
142.00 205.88
142.88 205.00
143.00 204.88
143.88 204.00
144.00 203.88
144.88 203.00
144.88 202.00
145.00 201.88
145.88 201.00
146.00 200.88
146.88 200.00
146.88 199.00
147.00 198.88
147.88 198.00
147.88 197.00
148.00 196.88
148.88 196.00
148.88 195.00
149.00 194.88
149.88 194.00
149.88 193.00
149.88 192.00
149.88 191.00
150.00 190.88
150.88 190.00
150.88 189.00
150.88 188.00
150.88 187.00
150.88 186.00
151.00 185.88
151.88 185.00

Contour 4:
210.90 820.00
210.90 819.00
210.90 818.00
210.90 817.00
210.90 816.00
210.90 815.00
210.90 814.00
210.90 813.00
210.90 812.00
210.90 811.00
210.90 810.00
210.90 809.00
210.00 808.10
209.90 808.00
209.90 807.00
209.00 806.10
208.90 806.00
208.90 805.00
208.00 804.10
207.90 804.00
207.90 803.00
207.00 802.10
206.90 802.00
206.00 801.10
205.90 801.00
205.00 800.10
204.90 800.00
204.00 799.10
203.90 799.00
203.00 798.10
202.90 798.00
202.00 797.10
201.90 797.00
201.00 796.10
200.90 796.00
200.00 795.10
199.90 795.00
199.00 794.10
198.90 794.00
198.00 793.10
197.00 793.10
196.90 793.00
196.00 792.10
195.00 792.10
194.90 792.00
194.00 791.10
193.00 791.10
192.00 791.10
191.90 791.00
191.00 790.10
190.00 790.10
189.00 790.10
188.90 790.00
188.00 789.10
187.00 789.10
186.00 789.10
185.00 789.10
184.00 789.10
183.00 789.10
182.00 789.10
181.00 789.10
180.00 789.10
179.00 789.10
178.00 789.10
177.00 789.10
176.00 789.10
175.00 789.10
174.10 790.00
174.00 790.10
173.00 790.10
172.00 790.10
171.10 791.00
171.00 791.10
170.00 791.10
169.00 791.10
168.10 792.00
168.00 792.10
167.00 792.10
166.10 793.00
166.00 793.10
165.00 793.10
164.10 794.00
164.00 794.10
163.10 795.00
163.00 795.10
162.10 796.00
162.00 796.10
161.00 796.10
160.10 797.00
160.00 797.10
159.10 798.00
159.00 798.10
158.10 799.00
158.00 799.10
157.10 800.00
157.00 800.10
156.10 801.00
156.00 801.10
155.10 802.00
155.00 802.10
154.10 803.00
154.00 803.10
153.10 804.00
153.10 805.00
153.00 805.10
152.10 806.00
152.00 806.10
151.10 807.00
151.10 808.00
151.00 808.10
150.10 809.00
150.10 810.00
150.00 810.10
149.10 811.00
149.10 812.00
149.00 812.10
148.10 813.00
148.10 814.00
148.00 814.10
147.10 815.00
147.10 816.00
147.10 817.00
147.10 818.00
147.00 818.10
146.10 819.00
146.10 820.00
146.10 821.00
146.10 822.00
146.10 823.00
146.00 823.10
145.10 824.00
145.10 825.00
145.10 826.00
145.10 827.00
145.10 828.00
145.10 829.00
145.10 830.00
145.10 831.00
145.10 832.00
146.00 832.90
146.10 833.00
146.10 834.00
146.10 835.00
146.10 836.00
146.10 837.00
147.00 837.90
147.10 838.00
147.10 839.00
147.10 840.00
148.00 840.90
148.10 841.00
148.10 842.00
148.10 843.00
149.00 843.90
149.10 844.00
149.10 845.00
150.00 845.90
150.10 846.00
150.10 847.00
151.00 847.90
151.10 848.00
152.00 848.90
152.10 849.00
153.00 849.90
153.10 850.00
153.10 851.00
154.00 851.90
154.10 852.00
155.00 852.90
156.00 852.90
156.10 853.00
157.00 853.90
157.10 854.00
158.00 854.90
158.10 855.00
159.00 855.90
160.00 855.90
160.10 856.00
161.00 856.90
162.00 856.90
162.10 857.00
163.00 857.90
164.00 857.90
164.10 858.00
165.00 858.90
166.00 858.90
167.00 858.90
168.00 858.90
168.10 859.00
169.00 859.90
170.00 859.90
171.00 859.90
172.00 859.90
173.00 859.90
174.00 859.90
175.00 859.90
176.00 859.90
176.90 859.00
177.00 858.90
178.00 858.90
179.00 858.90
180.00 858.90
180.90 858.00
181.00 857.90
182.00 857.90
183.00 857.90
183.90 857.00
184.00 856.90
185.00 856.90
185.90 856.00
186.00 855.90
187.00 855.90
187.90 855.00
188.00 854.90
189.00 854.90
189.90 854.00
190.00 853.90
190.90 853.00
191.00 852.90
192.00 852.90
192.90 852.00
193.00 851.90
193.90 851.00
194.00 850.90
195.00 850.90
195.90 850.00
196.00 849.90
196.90 849.00
197.00 848.90
197.90 848.00
198.00 847.90
198.90 847.00
199.00 846.90
199.90 846.00
200.00 845.90
200.90 845.00
201.00 844.90
201.90 844.00
201.90 843.00
202.00 842.90
202.90 842.00
203.00 841.90
203.90 841.00
204.00 840.90
204.90 840.00
204.90 839.00
205.00 838.90
205.90 838.00
205.90 837.00
205.90 836.00
206.00 835.90
206.90 835.00
206.90 834.00
207.00 833.90
207.90 833.00
207.90 832.00
207.90 831.00
208.00 830.90
208.90 830.00
208.90 829.00
208.90 828.00
209.00 827.90
209.90 827.00
209.90 826.00
209.90 825.00
209.90 824.00
209.90 823.00
209.90 822.00
209.90 821.00
210.00 820.90
210.90 820.00

Contour 5:
295.92 396.00
295.92 395.00
295.92 394.00
295.92 393.00
295.92 392.00
295.92 391.00
295.92 390.00
295.92 389.00
295.92 388.00
295.92 387.00
295.92 386.00
295.92 385.00
295.00 384.08
294.92 384.00
294.92 383.00
294.92 382.00
294.92 381.00
294.92 380.00
294.00 379.08
293.92 379.00
293.92 378.00
293.92 377.00
293.00 376.08
292.92 376.00
292.92 375.00
292.00 374.08
291.92 374.00
291.92 373.00
291.00 372.08
290.92 372.00
290.00 371.08
289.92 371.00
289.00 370.08
288.92 370.00
288.00 369.08
287.92 369.00
287.00 368.08
286.92 368.00
286.00 367.08
285.92 367.00
285.00 366.08
284.92 366.00
284.00 365.08
283.00 365.08
282.92 365.00
282.00 364.08
281.92 364.00
281.00 363.08
280.00 363.08
279.92 363.00
279.00 362.08
278.00 362.08
277.92 362.00
277.00 361.08
276.00 361.08
275.92 361.00
275.00 360.08
274.00 360.08
273.92 360.00
273.00 359.08
272.00 359.08
271.00 359.08
270.00 359.08
269.92 359.00
269.00 358.08
268.00 358.08
267.00 358.08
266.00 358.08
265.00 358.08
264.00 358.08
263.00 358.08
262.92 358.00
262.00 357.08
261.00 357.08
260.00 357.08
259.08 358.00
259.00 358.08
258.00 358.08
257.00 358.08
256.00 358.08
255.00 358.08
254.00 358.08
253.08 359.00
253.00 359.08
252.00 359.08
251.00 359.08
250.00 359.08
249.08 360.00
249.00 360.08
248.00 360.08
247.00 360.08
246.08 361.00
246.00 361.08
245.00 361.08
244.08 362.00
244.00 362.08
243.00 362.08
242.08 363.00
242.00 363.08
241.00 363.08
240.08 364.00
240.00 364.08
239.08 365.00
239.00 365.08
238.08 366.00
238.00 366.08
237.00 366.08
236.08 367.00
236.00 367.08
235.08 368.00
235.08 369.00
235.00 369.08
234.08 370.00
234.00 370.08
233.08 371.00
233.08 372.00
233.00 372.08
232.08 373.00
232.00 373.08
231.08 374.00
231.00 374.08
230.08 375.00
230.08 376.00
230.00 376.08
229.08 377.00
229.08 378.00
229.08 379.00
229.08 380.00
229.00 380.08
228.08 381.00
228.08 382.00
228.08 383.00
228.00 383.08
227.08 384.00
227.08 385.00
227.08 386.00
227.08 387.00
227.00 387.08
226.08 388.00
226.08 389.00
226.08 390.00
226.08 391.00
226.08 392.00
226.08 393.00
227.00 393.92
227.08 394.00
227.08 395.00
227.08 396.00
227.08 397.00
228.00 397.92
228.08 398.00
228.08 399.00
228.08 400.00
229.00 400.92
229.08 401.00
229.08 402.00
229.08 403.00
229.08 404.00
230.00 404.92
230.08 405.00
230.08 406.00
230.08 407.00
231.00 407.92
231.08 408.00
231.08 409.00
232.00 409.92
232.08 410.00
232.08 411.00
233.00 411.92
233.08 412.00
233.08 413.00
234.00 413.92
234.08 414.00
234.08 415.00
235.00 415.92
235.08 416.00
236.00 416.92
236.08 417.00
236.08 418.00
237.00 418.92
237.08 419.00
238.00 419.92
238.08 420.00
239.00 420.92
239.08 421.00
240.00 421.92
240.08 422.00
241.00 422.92
241.08 423.00
242.00 423.92
242.08 424.00
243.00 424.92
244.00 424.92
244.08 425.00
245.00 425.92
246.00 425.92
246.08 426.00
247.00 426.92
248.00 426.92
249.00 426.92
250.00 426.92
251.00 426.92
251.08 427.00
252.00 427.92
253.00 427.92
254.00 427.92
254.92 427.00
255.00 426.92
256.00 426.92
257.00 426.92
258.00 426.92
258.92 426.00
259.00 425.92
260.00 425.92
260.92 425.00
261.00 424.92
262.00 424.92
263.00 424.92
264.00 424.92
265.00 424.92
265.92 424.00
266.00 423.92
267.00 423.92
268.00 423.92
268.92 423.00
269.00 422.92
270.00 422.92
271.00 422.92
271.92 422.00
272.00 421.92
273.00 421.92
273.92 421.00
274.00 420.92
275.00 420.92
275.92 420.00
276.00 419.92
277.00 419.92
277.92 419.00
278.00 418.92
279.00 418.92
279.92 418.00
280.00 417.92
281.00 417.92
281.92 417.00
282.00 416.92
283.00 416.92
283.92 416.00
284.00 415.92
284.92 415.00
285.00 414.92
285.92 414.00
286.00 413.92
286.92 413.00
287.00 412.92
287.92 412.00
287.92 411.00
288.00 410.92
288.92 410.00
289.00 409.92
289.92 409.00
289.92 408.00
290.00 407.92
290.92 407.00
291.00 406.92
291.92 406.00
291.92 405.00
292.00 404.92
292.92 404.00
292.92 403.00
293.00 402.92
293.92 402.00
293.92 401.00
293.92 400.00
294.00 399.92
294.92 399.00
294.92 398.00
294.92 397.00
295.00 396.92
295.92 396.00

Contour 6:
345.93 521.00
345.93 520.00
345.93 519.00
345.93 518.00
345.93 517.00
345.93 516.00
345.93 515.00
345.93 514.00
345.93 513.00
345.93 512.00
345.93 511.00
345.00 510.07
344.93 510.00
344.93 509.00
344.93 508.00
344.93 507.00
344.00 506.07
343.93 506.00
343.93 505.00
343.93 504.00
343.00 503.07
342.93 503.00
342.00 502.07
341.93 502.00
341.93 501.00
341.00 500.07
340.93 500.00
340.93 499.00
340.00 498.07
339.93 498.00
339.00 497.07
338.93 497.00
338.00 496.07
337.93 496.00
337.00 495.07
336.93 495.00
336.93 494.00
336.00 493.07
335.00 493.07
334.93 493.00
334.00 492.07
333.93 492.00
333.00 491.07
332.93 491.00
332.00 490.07
331.00 490.07
330.93 490.00
330.00 489.07
329.00 489.07
328.00 489.07
327.00 489.07
326.93 489.00
326.00 488.07
325.00 488.07
324.00 488.07
323.00 488.07
322.00 488.07
321.00 488.07
320.00 488.07
319.93 488.00
319.00 487.07
318.00 487.07
317.00 487.07
316.00 487.07
315.00 487.07
314.00 487.07
313.00 487.07
312.07 488.00
312.00 488.07
311.00 488.07
310.00 488.07
309.00 488.07
308.00 488.07
307.00 488.07
306.07 489.00
306.00 489.07
305.00 489.07
304.00 489.07
303.07 490.00
303.00 490.07
302.00 490.07
301.00 490.07
300.07 491.00
300.00 491.07
299.00 491.07
298.00 491.07
297.00 491.07
296.07 492.00
296.00 492.07
295.00 492.07
294.00 492.07
293.07 493.00
293.00 493.07
292.00 493.07
291.00 493.07
290.07 494.00
290.00 494.07
289.00 494.07
288.07 495.00
288.00 495.07
287.07 496.00
287.00 496.07
286.00 496.07
285.07 497.00
285.00 497.07
284.07 498.00
284.00 498.07
283.07 499.00
283.00 499.07
282.07 500.00
282.00 500.07
281.07 501.00
281.07 502.00
281.00 502.07
280.07 503.00
280.07 504.00
280.07 505.00
280.07 506.00
280.00 506.07
279.07 507.00
279.07 508.00
279.07 509.00
279.07 510.00
279.07 511.00
279.07 512.00
279.07 513.00
279.07 514.00
279.07 515.00
279.07 516.00
279.07 517.00
280.00 517.93
280.07 518.00
280.07 519.00
280.07 520.00
281.00 520.93
281.07 521.00
281.07 522.00
281.07 523.00
282.00 523.93
282.07 524.00
282.07 525.00
283.00 525.93
283.07 526.00
284.00 526.93
284.07 527.00
285.00 527.93
285.07 528.00
286.00 528.93
286.07 529.00
287.00 529.93
287.07 530.00
288.00 530.93
288.07 531.00
289.00 531.93
289.07 532.00
290.00 532.93
290.07 533.00
291.00 533.93
292.00 533.93
292.07 534.00
293.00 534.93
293.07 535.00
294.00 535.93
295.00 535.93
295.07 536.00
296.00 536.93
297.00 536.93
297.07 537.00
298.00 537.93
299.00 537.93
300.00 537.93
300.07 538.00
301.00 538.93
302.00 538.93
302.07 539.00
303.00 539.93
304.00 539.93
305.00 539.93
305.07 540.00
306.00 540.93
307.00 540.93
308.00 540.93
309.00 540.93
310.00 540.93
311.00 540.93
312.00 540.93
312.07 541.00
313.00 541.93
314.00 541.93
315.00 541.93
316.00 541.93
317.00 541.93
318.00 541.93
319.00 541.93
320.00 541.93
321.00 541.93
322.00 541.93
323.00 541.93
324.00 541.93
325.00 541.93
325.93 541.00
326.00 540.93
327.00 540.93
328.00 540.93
328.93 540.00
329.00 539.93
330.00 539.93
330.93 539.00
331.00 538.93
332.00 538.93
333.00 538.93
333.93 538.00
334.00 537.93
334.93 537.00
335.00 536.93
336.00 536.93
336.93 536.00
337.00 535.93
337.93 535.00
338.00 534.93
338.93 534.00
339.00 533.93
339.93 533.00
340.00 532.93
340.93 532.00
341.00 531.93
341.93 531.00
341.93 530.00
342.00 529.93
342.93 529.00
343.00 528.93
343.93 528.00
343.93 527.00
344.00 526.93
344.93 526.00
344.93 525.00
344.93 524.00
344.93 523.00
344.93 522.00
345.00 521.93
345.93 521.00

Contour 7:
357.94 16.00
357.94 15.00
357.94 14.00
357.94 13.00
357.94 12.00
357.94 11.00
357.00 10.06
356.94 10.00
356.94 9.00
356.94 8.00
356.00 7.06
355.94 7.00
355.94 6.00
355.00 5.06
354.94 5.00
354.00 4.06
353.94 4.00
353.00 3.06
352.00 3.06
351.00 3.06
350.00 3.06
349.00 3.06
348.00 3.06
347.00 3.06
346.00 3.06
345.00 3.06
344.00 3.06
343.06 4.00
343.00 4.06
342.00 4.06
341.06 5.00
341.00 5.06
340.00 5.06
339.00 5.06
338.06 6.00
338.00 6.06
337.00 6.06
336.00 6.06
335.94 6.00
335.00 5.06
334.00 5.06
333.00 5.06
332.00 5.06
331.00 5.06
330.00 5.06
329.94 5.00
329.00 4.06
328.00 4.06
327.94 4.00
327.00 3.06
326.00 3.06
325.00 3.06
324.94 3.00
324.00 2.06
323.00 2.06
322.00 2.06
321.00 2.06
320.00 2.06
319.94 2.00
319.00 1.06
318.00 1.06
317.00 1.06
316.00 1.06
315.06 2.00
315.00 2.06
314.00 2.06
313.00 2.06
312.06 3.00
312.00 3.06
311.00 3.06
310.00 3.06
309.06 4.00
309.00 4.06
308.00 4.06
307.00 4.06
306.06 5.00
306.00 5.06
305.00 5.06
304.00 5.06
303.06 6.00
303.00 6.06
302.00 6.06
301.06 7.00
301.00 7.06
300.00 7.06
299.00 7.06
298.06 8.00
298.00 8.06
297.06 9.00
297.00 9.06
296.06 10.00
296.06 11.00
296.06 12.00
296.00 12.06
295.06 13.00
295.06 14.00
295.00 14.06
294.06 15.00
294.06 16.00
294.06 17.00
294.06 18.00
294.06 19.00
295.00 19.94
295.06 20.00
295.06 21.00
295.06 22.00
295.06 23.00
296.00 23.94
296.06 24.00
296.06 25.00
297.00 25.94
297.06 26.00
298.00 26.94
298.06 27.00
298.06 28.00
299.00 28.94
299.06 29.00
299.06 30.00
300.00 30.94
300.06 31.00
301.00 31.94
302.00 31.94
303.00 31.94
304.00 31.94
305.00 31.94
306.00 31.94
307.00 31.94
308.00 31.94
308.06 32.00
309.00 32.94
310.00 32.94
311.00 32.94
312.00 32.94
312.06 33.00
313.00 33.94
314.00 33.94
315.00 33.94
315.06 34.00
316.00 34.94
317.00 34.94
318.00 34.94
319.00 34.94
319.06 35.00
320.00 35.94
320.94 35.00
321.00 34.94
322.00 34.94
323.00 34.94
323.94 34.00
324.00 33.94
325.00 33.94
326.00 33.94
327.00 33.94
328.00 33.94
329.00 33.94
330.00 33.94
330.94 33.00
331.00 32.94
332.00 32.94
333.00 32.94
334.00 32.94
335.00 32.94
336.00 32.94
336.94 32.00
337.00 31.94
338.00 31.94
339.00 31.94
340.00 31.94
341.00 31.94
341.94 31.00
342.00 30.94
342.94 30.00
343.00 29.94
344.00 29.94
345.00 29.94
345.94 29.00
346.00 28.94
347.00 28.94
347.94 28.00
348.00 27.94
349.00 27.94
349.94 27.00
350.00 26.94
350.94 26.00
351.00 25.94
351.94 25.00
352.00 24.94
352.94 24.00
353.00 23.94
353.94 23.00
353.94 22.00
354.00 21.94
354.94 21.00
355.00 20.94
355.94 20.00
355.94 19.00
356.00 18.94
356.94 18.00
356.94 17.00
357.00 16.94
357.94 16.00

Contour 8:
417.94 374.00
417.94 373.00
417.94 372.00
417.94 371.00
417.94 370.00
417.94 369.00
417.94 368.00
417.94 367.00
417.94 366.00
417.94 365.00
417.94 364.00
417.94 363.00
417.00 362.06
416.94 362.00
416.94 361.00
416.94 360.00
416.94 359.00
416.00 358.06
415.94 358.00
415.94 357.00
415.94 356.00
415.00 355.06
414.94 355.00
414.00 354.06
413.94 354.00
413.94 353.00
413.00 352.06
412.94 352.00
412.00 351.06
411.94 351.00
411.00 350.06
410.94 350.00
410.00 349.06
409.94 349.00
409.00 348.06
408.94 348.00
408.00 347.06
407.94 347.00
407.00 346.06
406.94 346.00
406.94 345.00
406.00 344.06
405.94 344.00
405.00 343.06
404.00 343.06
403.94 343.00
403.00 342.06
402.94 342.00
402.00 341.06
401.94 341.00
401.00 340.06
400.00 340.06
399.94 340.00
399.00 339.06
398.94 339.00
398.00 338.06
397.00 338.06
396.00 338.06
395.94 338.00
395.00 337.06
394.00 337.06
393.94 337.00
393.00 336.06
392.00 336.06
391.94 336.00
391.00 335.06
390.00 335.06
389.00 335.06
388.00 335.06
387.94 335.00
387.00 334.06
386.00 334.06
385.00 334.06
384.00 334.06
383.06 335.00
383.00 335.06
382.00 335.06
381.00 335.06
380.00 335.06
379.00 335.06
378.06 336.00
378.00 336.06
377.00 336.06
376.00 336.06
375.06 337.00
375.00 337.06
374.00 337.06
373.06 338.00
373.00 338.06
372.00 338.06
371.00 338.06
370.06 339.00
370.00 339.06
369.00 339.06
368.06 340.00
368.00 340.06
367.06 341.00
367.00 341.06
366.00 341.06
365.06 342.00
365.00 342.06
364.06 343.00
364.00 343.06
363.06 344.00
363.00 344.06
362.06 345.00
362.00 345.06
361.06 346.00
361.00 346.06
360.06 347.00
360.00 347.06
359.06 348.00
359.00 348.06
358.06 349.00
358.06 350.00
358.00 350.06
357.06 351.00
357.06 352.00
357.00 352.06
356.06 353.00
356.06 354.00
356.00 354.06
355.06 355.00
355.06 356.00
355.06 357.00
355.00 357.06
354.06 358.00
354.06 359.00
354.06 360.00
354.06 361.00
354.00 361.06
353.06 362.00
353.06 363.00
353.06 364.00
353.06 365.00
353.06 366.00
353.06 367.00
353.06 368.00
353.06 369.00
353.06 370.00
353.06 371.00
354.00 371.94
354.06 372.00
354.06 373.00
354.06 374.00
355.00 374.94
355.06 375.00
355.06 376.00
356.00 376.94
356.06 377.00
356.06 378.00
357.00 378.94
357.06 379.00
357.06 380.00
358.00 380.94
358.06 381.00
359.00 381.94
359.06 382.00
359.06 383.00
360.00 383.94
360.06 384.00
361.00 384.94
361.06 385.00
362.00 385.94
362.06 386.00
363.00 386.94
364.00 386.94
364.06 387.00
365.00 387.94
365.06 388.00
366.00 388.94
367.00 388.94
367.06 389.00
368.00 389.94
368.06 390.00
369.00 390.94
370.00 390.94
370.06 391.00
371.00 391.94
372.00 391.94
372.06 392.00
373.00 392.94
374.00 392.94
374.06 393.00
375.00 393.94
376.00 393.94
377.00 393.94
377.06 394.00
378.00 394.94
379.00 394.94
380.00 394.94
380.06 395.00
381.00 395.94
382.00 395.94
383.00 395.94
383.06 396.00
384.00 396.94
385.00 396.94
386.00 396.94
387.00 396.94
387.06 397.00
388.00 397.94
389.00 397.94
390.00 397.94
391.00 397.94
392.00 397.94
393.00 397.94
393.06 398.00
394.00 398.94
395.00 398.94
395.94 398.00
396.00 397.94
397.00 397.94
398.00 397.94
399.00 397.94
399.94 397.00
400.00 396.94
401.00 396.94
401.94 396.00
402.00 395.94
403.00 395.94
403.94 395.00
404.00 394.94
405.00 394.94
405.94 394.00
406.00 393.94
407.00 393.94
407.94 393.00
408.00 392.94
408.94 392.00
409.00 391.94
410.00 391.94
410.94 391.00
411.00 390.94
411.94 390.00
412.00 389.94
412.94 389.00
413.00 388.94
413.94 388.00
414.00 387.94
414.94 387.00
414.94 386.00
415.00 385.94
415.94 385.00
415.94 384.00
416.00 383.94
416.94 383.00
416.94 382.00
416.94 381.00
416.94 380.00
416.94 379.00
416.94 378.00
416.94 377.00
416.94 376.00
416.94 375.00
417.00 374.94
417.94 374.00

Contour 9:
450.95 480.00
450.95 479.00
450.95 478.00
450.95 477.00
450.95 476.00
450.95 475.00
450.95 474.00
450.95 473.00
450.00 472.05
449.95 472.00
449.95 471.00
449.95 470.00
449.95 469.00
449.00 468.05
448.95 468.00
448.95 467.00
448.00 466.05
447.95 466.00
447.95 465.00
447.00 464.05
446.95 464.00
446.00 463.05
445.95 463.00
445.00 462.05
444.95 462.00
444.00 461.05
443.95 461.00
443.00 460.05
442.95 460.00
442.00 459.05
441.95 459.00
441.00 458.05
440.95 458.00
440.00 457.05
439.00 457.05
438.95 457.00
438.00 456.05
437.00 456.05
436.95 456.00
436.00 455.05
435.00 455.05
434.95 455.00
434.00 454.05
433.00 454.05
432.00 454.05
431.95 454.00
431.00 453.05
430.00 453.05
429.00 453.05
428.95 453.00
428.00 452.05
427.00 452.05
426.00 452.05
425.00 452.05
424.95 452.00
424.00 451.05
423.00 451.05
422.00 451.05
421.00 451.05
420.95 451.00
420.00 450.05
419.00 450.05
418.00 450.05
417.95 450.00
417.00 449.05
416.00 449.05
415.00 449.05
414.95 449.00
414.00 448.05
413.00 448.05
412.00 448.05
411.00 448.05
410.00 448.05
409.00 448.05
408.00 448.05
407.00 448.05
406.00 448.05
405.00 448.05
404.00 448.05
403.05 449.00
403.00 449.05
402.00 449.05
401.00 449.05
400.00 449.05
399.00 449.05
398.05 450.00
398.00 450.05
397.00 450.05
396.00 450.05
395.05 451.00
395.00 451.05
394.00 451.05
393.05 452.00
393.00 452.05
392.05 453.00
392.00 453.05
391.00 453.05
390.05 454.00
390.00 454.05
389.05 455.00
389.05 456.00
389.00 456.05
388.05 457.00
388.00 457.05
387.05 458.00
387.05 459.00
387.00 459.05
386.05 460.00
386.05 461.00
386.05 462.00
386.00 462.05
385.05 463.00
385.05 464.00
385.00 464.05
384.05 465.00
384.05 466.00
384.05 467.00
384.00 467.05
383.05 468.00
383.05 469.00
383.05 470.00
383.00 470.05
382.05 471.00
382.05 472.00
382.05 473.00
382.05 474.00
382.05 475.00
382.05 476.00
382.05 477.00
382.05 478.00
382.05 479.00
382.05 480.00
382.05 481.00
382.05 482.00
383.00 482.95
383.05 483.00
383.05 484.00
383.05 485.00
384.00 485.95
384.05 486.00
384.05 487.00
385.00 487.95
385.05 488.00
385.05 489.00
386.00 489.95
386.05 490.00
386.05 491.00
387.00 491.95
387.05 492.00
388.00 492.95
388.05 493.00
389.00 493.95
389.05 494.00
390.00 494.95
390.05 495.00
391.00 495.95
391.05 496.00
392.00 496.95
393.00 496.95
393.05 497.00
394.00 497.95
395.00 497.95
395.05 498.00
396.00 498.95
397.00 498.95
398.00 498.95
398.05 499.00
399.00 499.95
400.00 499.95
401.00 499.95
401.05 500.00
402.00 500.95
403.00 500.95
403.05 501.00
404.00 501.95
405.00 501.95
406.00 501.95
406.05 502.00
407.00 502.95
408.00 502.95
409.00 502.95
410.00 502.95
410.05 503.00
411.00 503.95
412.00 503.95
413.00 503.95
414.00 503.95
415.00 503.95
416.00 503.95
417.00 503.95
418.00 503.95
419.00 503.95
420.00 503.95
421.00 503.95
422.00 503.95
423.00 503.95
424.00 503.95
425.00 503.95
426.00 503.95
427.00 503.95
428.00 503.95
429.00 503.95
429.95 503.00
430.00 502.95
431.00 502.95
432.00 502.95
432.95 502.00
433.00 501.95
434.00 501.95
435.00 501.95
435.95 501.00
436.00 500.95
437.00 500.95
437.95 500.00
438.00 499.95
439.00 499.95
439.95 499.00
440.00 498.95
440.95 498.00
441.00 497.95
441.95 497.00
442.00 496.95
442.95 496.00
443.00 495.95
443.95 495.00
444.00 494.95
444.95 494.00
445.00 493.95
445.95 493.00
446.00 492.95
446.95 492.00
446.95 491.00
447.00 490.95
447.95 490.00
447.95 489.00
448.00 488.95
448.95 488.00
448.95 487.00
448.95 486.00
449.00 485.95
449.95 485.00
449.95 484.00
449.95 483.00
449.95 482.00
449.95 481.00
450.00 480.95
450.95 480.00

Contour 10:
476.95 237.00
476.95 236.00
476.95 235.00
476.95 234.00
476.95 233.00
476.00 232.05
475.95 232.00
476.00 231.95
476.95 231.00
476.95 230.00
476.95 229.00
476.00 228.05
475.95 228.00
475.95 227.00
475.95 226.00
475.95 225.00
475.95 224.00
475.00 223.05
474.95 223.00
474.95 222.00
474.95 221.00
474.00 220.05
473.95 220.00
473.95 219.00
473.00 218.05
472.95 218.00
472.00 217.05
471.95 217.00
471.95 216.00
471.00 215.05
470.95 215.00
470.00 214.05
469.95 214.00
469.00 213.05
468.95 213.00
468.00 212.05
467.95 212.00
467.00 211.05
466.95 211.00
466.00 210.05
465.00 210.05
464.95 210.00
464.00 209.05
463.95 209.00
463.00 208.05
462.00 208.05
461.95 208.00
461.00 207.05
460.95 207.00
460.00 206.05
459.00 206.05
458.00 206.05
457.95 206.00
457.00 205.05
456.00 205.05
455.00 205.05
454.95 205.00
454.00 204.05
453.00 204.05
452.00 204.05
451.00 204.05
450.00 204.05
449.00 204.05
448.95 204.00
448.00 203.05
447.00 203.05
446.00 203.05
445.00 203.05
444.00 203.05
443.00 203.05
442.00 203.05
441.00 203.05
440.00 203.05
439.95 203.00
439.00 202.05
438.00 202.05
437.00 202.05
436.00 202.05
435.00 202.05
434.00 202.05
433.00 202.05
432.00 202.05
431.05 203.00
431.00 203.05
430.00 203.05
429.00 203.05
428.00 203.05
427.00 203.05
426.00 203.05
425.05 204.00
425.00 204.05
424.00 204.05
423.00 204.05
422.05 205.00
422.00 205.05
421.00 205.05
420.00 205.05
419.05 206.00
419.00 206.05
418.00 206.05
417.05 207.00
417.00 207.05
416.00 207.05
415.00 207.05
414.05 208.00
414.00 208.05
413.05 209.00
413.00 209.05
412.00 209.05
411.05 210.00
411.00 210.05
410.00 210.05
409.05 211.00
409.00 211.05
408.05 212.00
408.00 212.05
407.05 213.00
407.00 213.05
406.00 213.05
405.05 214.00
405.00 214.05
404.05 215.00
404.00 215.05
403.05 216.00
403.00 216.05
402.05 217.00
402.00 217.05
401.05 218.00
401.00 218.05
400.00 218.05
399.05 219.00
399.00 219.05
398.05 220.00
398.00 220.05
397.05 221.00
397.00 221.05
396.05 222.00
396.00 222.05
395.05 223.00
395.05 224.00
395.00 224.05
394.05 225.00
394.00 225.05
393.05 226.00
393.00 226.05
392.05 227.00
392.00 227.05
391.05 228.00
391.05 229.00
391.00 229.05
390.05 230.00
390.00 230.05
389.05 231.00
389.05 232.00
389.00 232.05
388.05 233.00
388.05 234.00
388.00 234.05
387.05 235.00
387.05 236.00
387.00 236.05
386.05 237.00
386.05 238.00
386.00 238.05
385.05 239.00
385.05 240.00
385.05 241.00
385.00 241.05
384.05 242.00
384.05 243.00
384.05 244.00
384.05 245.00
384.05 246.00
384.05 247.00
384.05 248.00
384.05 249.00
384.05 250.00
384.05 251.00
384.05 252.00
384.05 253.00
384.05 254.00
384.05 255.00
384.05 256.00
385.00 256.95
385.05 257.00
385.05 258.00
386.00 258.95
386.05 259.00
386.05 260.00
387.00 260.95
387.05 261.00
388.00 261.95
388.05 262.00
388.05 263.00
389.00 263.95
389.05 264.00
390.00 264.95
390.05 265.00
391.00 265.95
391.05 266.00
392.00 266.95
392.05 267.00
393.00 267.95
393.05 268.00
394.00 268.95
394.05 269.00
395.00 269.95
396.00 269.95
396.05 270.00
397.00 270.95
397.05 271.00
398.00 271.95
399.00 271.95
399.05 272.00
400.00 272.95
401.00 272.95
401.05 273.00
402.00 273.95
403.00 273.95
403.05 274.00
404.00 274.95
405.00 274.95
406.00 274.95
406.05 275.00
407.00 275.95
408.00 275.95
409.00 275.95
410.00 275.95
411.00 275.95
411.05 276.00
412.00 276.95
413.00 276.95
414.00 276.95
415.00 276.95
416.00 276.95
417.00 276.95
418.00 276.95
419.00 276.95
420.00 276.95
421.00 276.95
422.00 276.95
423.00 276.95
424.00 276.95
425.00 276.95
426.00 276.95
427.00 276.95
428.00 276.95
429.00 276.95
430.00 276.95
431.00 276.95
432.00 276.95
432.95 276.00
433.00 275.95
434.00 275.95
435.00 275.95
436.00 275.95
436.95 275.00
437.00 274.95
438.00 274.95
439.00 274.95
439.95 274.00
440.00 273.95
441.00 273.95
442.00 273.95
442.95 273.00
443.00 272.95
444.00 272.95
444.95 272.00
445.00 271.95
446.00 271.95
447.00 271.95
447.95 271.00
448.00 270.95
449.00 270.95
449.95 270.00
450.00 269.95
451.00 269.95
451.95 269.00
452.00 268.95
453.00 268.95
453.95 268.00
454.00 267.95
454.95 267.00
455.00 266.95
456.00 266.95
456.95 266.00
457.00 265.95
458.00 265.95
458.95 265.00
459.00 264.95
459.95 264.00
460.00 263.95
460.95 263.00
461.00 262.95
462.00 262.95
462.95 262.00
463.00 261.95
463.95 261.00
464.00 260.95
464.95 260.00
465.00 259.95
465.95 259.00
466.00 258.95
466.95 258.00
467.00 257.95
467.95 257.00
468.00 256.95
468.95 256.00
469.00 255.95
469.95 255.00
469.95 254.00
470.00 253.95
470.95 253.00
471.00 252.95
471.95 252.00
471.95 251.00
472.00 250.95
472.95 250.00
472.95 249.00
473.00 248.95
473.95 248.00
473.95 247.00
474.00 246.95
474.95 246.00
474.95 245.00
474.95 244.00
474.95 243.00
475.00 242.95
475.95 242.00
475.95 241.00
475.95 240.00
475.95 239.00
475.95 238.00
476.00 237.95
476.95 237.00

Contour 11:
521.96 708.00
521.96 707.00
521.96 706.00
521.96 705.00
521.96 704.00
521.96 703.00
521.96 702.00
521.00 701.04
520.96 701.00
520.96 700.00
520.96 699.00
520.96 698.00
520.96 697.00
520.96 696.00
520.00 695.04
519.96 695.00
519.96 694.00
519.96 693.00
519.00 692.04
518.96 692.00
518.96 691.00
518.00 690.04
517.96 690.00
517.96 689.00
517.00 688.04
516.96 688.00
516.96 687.00
516.00 686.04
515.96 686.00
515.00 685.04
514.96 685.00
514.96 684.00
514.00 683.04
513.96 683.00
513.00 682.04
512.96 682.00
512.00 681.04
511.96 681.00
511.00 680.04
510.96 680.00
510.00 679.04
509.96 679.00
509.00 678.04
508.96 678.00
508.00 677.04
507.96 677.00
507.00 676.04
506.00 676.04
505.96 676.00
505.00 675.04
504.96 675.00
504.00 674.04
503.96 674.00
503.00 673.04
502.00 673.04
501.96 673.00
501.00 672.04
500.00 672.04
499.96 672.00
499.00 671.04
498.00 671.04
497.00 671.04
496.00 671.04
495.96 671.00
495.00 670.04
494.00 670.04
493.00 670.04
492.00 670.04
491.00 670.04
490.00 670.04
489.00 670.04
488.00 670.04
487.00 670.04
486.00 670.04
485.00 670.04
484.00 670.04
483.04 671.00
483.00 671.04
482.00 671.04
481.00 671.04
480.00 671.04
479.04 672.00
479.00 672.04
478.00 672.04
477.04 673.00
477.00 673.04
476.00 673.04
475.04 674.00
475.00 674.04
474.04 675.00
474.00 675.04
473.04 676.00
473.00 676.04
472.04 677.00
472.00 677.04
471.04 678.00
471.00 678.04
470.04 679.00
470.00 679.04
469.04 680.00
469.00 680.04
468.04 681.00
468.00 681.04
467.04 682.00
467.00 682.04
466.04 683.00
466.00 683.04
465.04 684.00
465.04 685.00
465.00 685.04
464.04 686.00
464.00 686.04
463.04 687.00
463.04 688.00
463.00 688.04
462.04 689.00
462.04 690.00
462.04 691.00
462.04 692.00
462.00 692.04
461.04 693.00
461.04 694.00
461.04 695.00
461.04 696.00
461.04 697.00
461.04 698.00
461.04 699.00
461.04 700.00
461.04 701.00
461.04 702.00
461.04 703.00
461.04 704.00
461.04 705.00
461.04 706.00
461.04 707.00
462.00 707.96
462.04 708.00
462.04 709.00
462.04 710.00
462.04 711.00
463.00 711.96
463.04 712.00
463.04 713.00
463.04 714.00
464.00 714.96
464.04 715.00
464.04 716.00
465.00 716.96
465.04 717.00
466.00 717.96
466.04 718.00
466.04 719.00
467.00 719.96
467.04 720.00
468.00 720.96
468.04 721.00
468.04 722.00
469.00 722.96
469.04 723.00
470.00 723.96
470.04 724.00
470.04 725.00
471.00 725.96
472.00 725.96
472.04 726.00
473.00 726.96
473.04 727.00
474.00 727.96
474.04 728.00
475.00 728.96
475.04 729.00
476.00 729.96
476.04 730.00
477.00 730.96
478.00 730.96
478.04 731.00
479.00 731.96
479.04 732.00
480.00 732.96
481.00 732.96
482.00 732.96
482.04 733.00
483.00 733.96
484.00 733.96
485.00 733.96
485.04 734.00
486.00 734.96
487.00 734.96
488.00 734.96
489.00 734.96
490.00 734.96
490.04 735.00
491.00 735.96
492.00 735.96
493.00 735.96
494.00 735.96
495.00 735.96
496.00 735.96
497.00 735.96
498.00 735.96
498.96 735.00
499.00 734.96
500.00 734.96
501.00 734.96
502.00 734.96
502.96 734.00
503.00 733.96
504.00 733.96
504.96 733.00
505.00 732.96
506.00 732.96
506.96 732.00
507.00 731.96
508.00 731.96
508.96 731.00
509.00 730.96
510.00 730.96
510.96 730.00
511.00 729.96
511.96 729.00
512.00 728.96
512.96 728.00
513.00 727.96
513.96 727.00
514.00 726.96
514.96 726.00
515.00 725.96
515.96 725.00
515.96 724.00
516.00 723.96
516.96 723.00
517.00 722.96
517.96 722.00
517.96 721.00
518.00 720.96
518.96 720.00
518.96 719.00
518.96 718.00
519.00 717.96
519.96 717.00
519.96 716.00
519.96 715.00
519.96 714.00
520.00 713.96
520.96 713.00
520.96 712.00
520.96 711.00
520.96 710.00
520.96 709.00
521.00 708.96
521.96 708.00

Contour 12:
561.96 330.00
561.96 329.00
561.96 328.00
561.96 327.00
561.96 326.00
561.96 325.00
561.96 324.00
561.00 323.04
560.96 323.00
560.96 322.00
560.96 321.00
560.96 320.00
560.96 319.00
560.96 318.00
560.96 317.00
560.96 316.00
560.96 315.00
560.00 314.04
559.96 314.00
559.96 313.00
559.96 312.00
559.96 311.00
559.00 310.04
558.96 310.00
558.96 309.00
558.00 308.04
557.96 308.00
557.00 307.04
556.96 307.00
556.96 306.00
556.00 305.04
555.96 305.00
555.00 304.04
554.96 304.00
554.00 303.04
553.96 303.00
553.00 302.04
552.96 302.00
552.00 301.04
551.96 301.00
551.00 300.04
550.96 300.00
550.00 299.04
549.00 299.04
548.96 299.00
548.00 298.04
547.96 298.00
547.00 297.04
546.00 297.04
545.96 297.00
545.00 296.04
544.00 296.04
543.96 296.00
543.00 295.04
542.00 295.04
541.00 295.04
540.96 295.00
540.00 294.04
539.00 294.04
538.00 294.04
537.96 294.00
537.00 293.04
536.00 293.04
535.00 293.04
534.00 293.04
533.96 293.00
533.00 292.04
532.00 292.04
531.00 292.04
530.00 292.04
529.00 292.04
528.00 292.04
527.00 292.04
526.00 292.04
525.00 292.04
524.04 293.00
524.00 293.04
523.00 293.04
522.00 293.04
521.00 293.04
520.00 293.04
519.00 293.04
518.04 294.00
518.00 294.04
517.00 294.04
516.00 294.04
515.04 295.00
515.00 295.04
514.00 295.04
513.00 295.04
512.04 296.00
512.00 296.04
511.00 296.04
510.04 297.00
510.00 297.04
509.00 297.04
508.04 298.00
508.00 298.04
507.00 298.04
506.04 299.00
506.00 299.04
505.04 300.00
505.00 300.04
504.04 301.00
504.00 301.04
503.04 302.00
503.00 302.04
502.04 303.00
502.00 303.04
501.04 304.00
501.00 304.04
500.04 305.00
500.00 305.04
499.04 306.00
499.04 307.00
499.00 307.04
498.04 308.00
498.04 309.00
498.00 309.04
497.04 310.00
497.04 311.00
497.04 312.00
497.00 312.04
496.04 313.00
496.04 314.00
496.04 315.00
496.00 315.04
495.04 316.00
495.04 317.00
495.04 318.00
495.04 319.00
495.04 320.00
495.04 321.00
495.04 322.00
495.04 323.00
495.04 324.00
495.04 325.00
495.04 326.00
496.00 326.96
496.04 327.00
496.04 328.00
496.04 329.00
496.04 330.00
496.04 331.00
497.00 331.96
497.04 332.00
497.04 333.00
498.00 333.96
498.04 334.00
498.04 335.00
499.00 335.96
499.04 336.00
499.04 337.00
500.00 337.96
500.04 338.00
501.00 338.96
501.04 339.00
501.04 340.00
502.00 340.96
502.04 341.00
503.00 341.96
503.04 342.00
504.00 342.96
504.04 343.00
505.00 343.96
505.04 344.00
506.00 344.96
507.00 344.96
507.04 345.00
508.00 345.96
508.04 346.00
509.00 346.96
509.04 347.00
510.00 347.96
511.00 347.96
511.04 348.00
512.00 348.96
513.00 348.96
513.04 349.00
514.00 349.96
514.04 350.00
515.00 350.96
516.00 350.96
517.00 350.96
517.04 351.00
518.00 351.96
519.00 351.96
519.04 352.00
520.00 352.96
521.00 352.96
521.04 353.00
522.00 353.96
523.00 353.96
524.00 353.96
525.00 353.96
525.04 354.00
526.00 354.96
527.00 354.96
528.00 354.96
529.00 354.96
530.00 354.96
531.00 354.96
532.00 354.96
533.00 354.96
534.00 354.96
535.00 354.96
536.00 354.96
537.00 354.96
538.00 354.96
539.00 354.96
540.00 354.96
541.00 354.96
542.00 354.96
542.96 354.00
543.00 353.96
544.00 353.96
545.00 353.96
546.00 353.96
546.96 353.00
547.00 352.96
548.00 352.96
548.96 352.00
549.00 351.96
549.96 351.00
550.00 350.96
551.00 350.96
551.96 350.00
552.00 349.96
552.96 349.00
553.00 348.96
553.96 348.00
554.00 347.96
554.96 347.00
555.00 346.96
555.96 346.00
556.00 345.96
556.96 345.00
556.96 344.00
557.00 343.96
557.96 343.00
557.96 342.00
558.00 341.96
558.96 341.00
558.96 340.00
559.00 339.96
559.96 339.00
559.96 338.00
559.96 337.00
560.00 336.96
560.96 336.00
560.96 335.00
560.96 334.00
560.96 333.00
560.96 332.00
560.96 331.00
561.00 330.96
561.96 330.00

Contour 13:
559.96 604.00
559.96 603.00
559.96 602.00
559.96 601.00
559.96 600.00
559.96 599.00
559.96 598.00
559.96 597.00
559.96 596.00
559.96 595.00
559.96 594.00
559.96 593.00
559.96 592.00
559.96 591.00
559.96 590.00
559.00 589.04
558.96 589.00
558.96 588.00
558.96 587.00
558.96 586.00
558.96 585.00
558.00 584.04
557.96 584.00
557.96 583.00
557.96 582.00
557.96 581.00
557.00 580.04
556.96 580.00
556.96 579.00
556.96 578.00
556.00 577.04
555.96 577.00
555.00 576.04
554.96 576.00
554.96 575.00
554.00 574.04
553.96 574.00
553.00 573.04
552.96 573.00
552.96 572.00
552.00 571.04
551.96 571.00
551.00 570.04
550.96 570.00
550.00 569.04
549.96 569.00
549.00 568.04
548.96 568.00
548.00 567.04
547.96 567.00
547.00 566.04
546.00 566.04
545.96 566.00
545.00 565.04
544.96 565.00
544.00 564.04
543.00 564.04
542.00 564.04
541.96 564.00
541.00 563.04
540.00 563.04
539.96 563.00
539.00 562.04
538.00 562.04
537.00 562.04
536.00 562.04
535.96 562.00
535.00 561.04
534.00 561.04
533.00 561.04
532.00 561.04
531.00 561.04
530.00 561.04
529.04 562.00
529.00 562.04
528.00 562.04
527.00 562.04
526.00 562.04
525.04 563.00
525.00 563.04
524.00 563.04
523.00 563.04
522.00 563.04
521.04 564.00
521.00 564.04
520.00 564.04
519.04 565.00
519.00 565.04
518.04 566.00
518.00 566.04
517.00 566.04
516.04 567.00
516.00 567.04
515.04 568.00
515.00 568.04
514.00 568.04
513.04 569.00
513.00 569.04
512.04 570.00
512.00 570.04
511.04 571.00
511.00 571.04
510.04 572.00
510.00 572.04
509.04 573.00
509.00 573.04
508.04 574.00
508.00 574.04
507.04 575.00
507.00 575.04
506.04 576.00
506.04 577.00
506.00 577.04
505.04 578.00
505.00 578.04
504.04 579.00
504.04 580.00
504.00 580.04
503.04 581.00
503.04 582.00
503.00 582.04
502.04 583.00
502.04 584.00
502.04 585.00
502.00 585.04
501.04 586.00
501.04 587.00
501.04 588.00
501.04 589.00
501.00 589.04
500.04 590.00
500.04 591.00
500.04 592.00
500.04 593.00
500.04 594.00
500.04 595.00
500.04 596.00
500.04 597.00
500.04 598.00
500.04 599.00
500.04 600.00
500.04 601.00
501.00 601.96
501.04 602.00
501.04 603.00
501.04 604.00
502.00 604.96
502.04 605.00
502.04 606.00
502.04 607.00
503.00 607.96
503.04 608.00
503.04 609.00
504.00 609.96
504.04 610.00
504.04 611.00
505.00 611.96
505.04 612.00
506.00 612.96
506.04 613.00
506.04 614.00
507.00 614.96
507.04 615.00
508.00 615.96
508.04 616.00
509.00 616.96
509.04 617.00
510.00 617.96
510.04 618.00
511.00 618.96
511.04 619.00
512.00 619.96
512.04 620.00
513.00 620.96
513.04 621.00
514.00 621.96
514.04 622.00
515.00 622.96
515.04 623.00
516.00 623.96
517.00 623.96
517.04 624.00
518.00 624.96
519.00 624.96
519.04 625.00
520.00 625.96
521.00 625.96
521.04 626.00
522.00 626.96
523.00 626.96
524.00 626.96
524.04 627.00
525.00 627.96
526.00 627.96
527.00 627.96
527.04 628.00
528.00 628.96
529.00 628.96
530.00 628.96
531.00 628.96
532.00 628.96
533.00 628.96
534.00 628.96
535.00 628.96
536.00 628.96
537.00 628.96
538.00 628.96
539.00 628.96
540.00 628.96
541.00 628.96
541.96 628.00
542.00 627.96
543.00 627.96
544.00 627.96
544.96 627.00
545.00 626.96
545.96 626.00
546.00 625.96
547.00 625.96
547.96 625.00
548.00 624.96
548.96 624.00
549.00 623.96
549.96 623.00
550.00 622.96
550.96 622.00
551.00 621.96
551.96 621.00
552.00 620.96
552.96 620.00
552.96 619.00
553.00 618.96
553.96 618.00
554.00 617.96
554.96 617.00
554.96 616.00
555.00 615.96
555.96 615.00
555.96 614.00
556.00 613.96
556.96 613.00
556.96 612.00
556.96 611.00
557.00 610.96
557.96 610.00
557.96 609.00
558.00 608.96
558.96 608.00
558.96 607.00
558.96 606.00
558.96 605.00
559.00 604.96
559.96 604.00

Contour 14:
566.97 470.00
566.97 469.00
566.97 468.00
566.97 467.00
566.97 466.00
566.97 465.00
566.97 464.00
566.97 463.00
566.97 462.00
566.97 461.00
566.00 460.03
565.97 460.00
565.97 459.00
565.97 458.00
565.97 457.00
565.00 456.03
564.97 456.00
564.97 455.00
564.00 454.03
563.97 454.00
563.97 453.00
563.97 452.00
563.00 451.03
562.97 451.00
562.97 450.00
562.97 449.00
562.00 448.03
561.97 448.00
561.97 447.00
561.00 446.03
560.97 446.00
560.00 445.03
559.97 445.00
559.97 444.00
559.00 443.03
558.97 443.00
558.00 442.03
557.97 442.00
557.00 441.03
556.97 441.00
556.00 440.03
555.97 440.00
555.00 439.03
554.00 439.03
553.97 439.00
553.00 438.03
552.97 438.00
552.00 437.03
551.00 437.03
550.97 437.00
550.00 436.03
549.97 436.00
549.00 435.03
548.00 435.03
547.97 435.00
547.00 434.03
546.00 434.03
545.97 434.00
545.00 433.03
544.00 433.03
543.00 433.03
542.97 433.00
542.00 432.03
541.00 432.03
540.00 432.03
539.00 432.03
538.97 432.00
538.00 431.03
537.00 431.03
536.00 431.03
535.00 431.03
534.00 431.03
533.00 431.03
532.00 431.03
531.00 431.03
530.03 432.00
530.00 432.03
529.00 432.03
528.00 432.03
527.00 432.03
526.03 433.00
526.00 433.03
525.00 433.03
524.00 433.03
523.00 433.03
522.03 434.00
522.00 434.03
521.00 434.03
520.03 435.00
520.00 435.03
519.00 435.03
518.00 435.03
517.03 436.00
517.00 436.03
516.00 436.03
515.03 437.00
515.00 437.03
514.00 437.03
513.03 438.00
513.00 438.03
512.03 439.00
512.00 439.03
511.03 440.00
511.00 440.03
510.03 441.00
510.00 441.03
509.03 442.00
509.00 442.03
508.03 443.00
508.00 443.03
507.03 444.00
507.03 445.00
507.00 445.03
506.03 446.00
506.03 447.00
506.00 447.03
505.03 448.00
505.03 449.00
505.00 449.03
504.03 450.00
504.03 451.00
504.03 452.00
504.00 452.03
503.03 453.00
503.03 454.00
503.03 455.00
503.03 456.00
503.03 457.00
503.00 457.03
502.03 458.00
502.03 459.00
502.03 460.00
503.00 460.97
503.03 461.00
503.03 462.00
503.03 463.00
503.03 464.00
503.03 465.00
503.03 466.00
503.03 467.00
503.03 468.00
503.03 469.00
504.00 469.97
504.03 470.00
504.03 471.00
505.00 471.97
505.03 472.00
505.03 473.00
506.00 473.97
506.03 474.00
506.03 475.00
507.00 475.97
507.03 476.00
507.03 477.00
508.00 477.97
508.03 478.00
508.03 479.00
509.00 479.97
509.03 480.00
509.03 481.00
510.00 481.97
510.03 482.00
510.03 483.00
511.00 483.97
511.03 484.00
511.03 485.00
512.00 485.97
512.03 486.00
513.00 486.97
513.03 487.00
514.00 487.97
514.03 488.00
515.00 488.97
515.03 489.00
516.00 489.97
516.03 490.00
517.00 490.97
517.03 491.00
518.00 491.97
519.00 491.97
519.03 492.00
520.00 492.97
520.03 493.00
521.00 493.97
522.00 493.97
522.03 494.00
523.00 494.97
524.00 494.97
525.00 494.97
525.03 495.00
526.00 495.97
527.00 495.97
528.00 495.97
528.03 496.00
529.00 496.97
530.00 496.97
531.00 496.97
532.00 496.97
533.00 496.97
534.00 496.97
535.00 496.97
536.00 496.97
537.00 496.97
538.00 496.97
539.00 496.97
540.00 496.97
540.97 496.00
541.00 495.97
542.00 495.97
543.00 495.97
544.00 495.97
544.97 495.00
545.00 494.97
546.00 494.97
546.97 494.00
547.00 493.97
548.00 493.97
548.97 493.00
549.00 492.97
550.00 492.97
550.97 492.00
551.00 491.97
551.97 491.00
552.00 490.97
553.00 490.97
553.97 490.00
554.00 489.97
554.97 489.00
555.00 488.97
556.00 488.97
556.97 488.00
557.00 487.97
557.97 487.00
558.00 486.97
558.97 486.00
559.00 485.97
559.97 485.00
559.97 484.00
560.00 483.97
560.97 483.00
561.00 482.97
561.97 482.00
561.97 481.00
562.00 480.97
562.97 480.00
562.97 479.00
563.00 478.97
563.97 478.00
563.97 477.00
564.00 476.97
564.97 476.00
564.97 475.00
564.97 474.00
565.00 473.97
565.97 473.00
565.97 472.00
565.97 471.00
566.00 470.97
566.97 470.00

Contour 15:
659.97 470.00
659.97 469.00
659.97 468.00
659.97 467.00
659.97 466.00
659.97 465.00
659.97 464.00
659.97 463.00
659.97 462.00
659.97 461.00
659.97 460.00
659.97 459.00
659.97 458.00
659.97 457.00
659.97 456.00
659.00 455.03
658.97 455.00
658.97 454.00
658.00 453.03
657.97 453.00
657.97 452.00
657.00 451.03
656.97 451.00
656.97 450.00
656.00 449.03
655.97 449.00
655.00 448.03
654.97 448.00
654.00 447.03
653.97 447.00
653.00 446.03
652.97 446.00
652.97 445.00
652.00 444.03
651.97 444.00
651.00 443.03
650.97 443.00
650.00 442.03
649.97 442.00
649.00 441.03
648.97 441.00
648.00 440.03
647.97 440.00
647.00 439.03
646.97 439.00
646.00 438.03
645.00 438.03
644.97 438.00
644.00 437.03
643.97 437.00
643.00 436.03
642.00 436.03
641.97 436.00
641.00 435.03
640.00 435.03
639.00 435.03
638.97 435.00
638.00 434.03
637.00 434.03
636.97 434.00
636.00 433.03
635.00 433.03
634.00 433.03
633.00 433.03
632.97 433.00
632.00 432.03
631.00 432.03
630.00 432.03
629.97 432.00
629.00 431.03
628.00 431.03
627.00 431.03
626.00 431.03
625.00 431.03
624.97 431.00
624.00 430.03
623.00 430.03
622.00 430.03
621.00 430.03
620.00 430.03
619.00 430.03
618.03 431.00
618.00 431.03
617.00 431.03
616.00 431.03
615.00 431.03
614.03 432.00
614.00 432.03
613.00 432.03
612.03 433.00
612.00 433.03
611.00 433.03
610.03 434.00
610.00 434.03
609.00 434.03
608.03 435.00
608.00 435.03
607.00 435.03
606.03 436.00
606.00 436.03
605.00 436.03
604.03 437.00
604.00 437.03
603.00 437.03
602.03 438.00
602.00 438.03
601.00 438.03
600.03 439.00
600.00 439.03
599.03 440.00
599.00 440.03
598.03 441.00
598.00 441.03
597.03 442.00
597.00 442.03
596.03 443.00
596.00 443.03
595.03 444.00
595.03 445.00
595.00 445.03
594.03 446.00
594.00 446.03
593.03 447.00
593.03 448.00
593.00 448.03
592.03 449.00
592.03 450.00
592.00 450.03
591.03 451.00
591.03 452.00
591.03 453.00
591.00 453.03
590.03 454.00
590.03 455.00
590.03 456.00
590.03 457.00
590.03 458.00
590.03 459.00
591.00 459.97
591.03 460.00
591.03 461.00
591.03 462.00
591.03 463.00
591.03 464.00
591.03 465.00
591.03 466.00
591.03 467.00
591.03 468.00
592.00 468.97
592.03 469.00
592.03 470.00
592.03 471.00
592.03 472.00
593.00 472.97
593.03 473.00
593.03 474.00
594.00 474.97
594.03 475.00
594.03 476.00
595.00 476.97
595.03 477.00
596.00 477.97
596.03 478.00
597.00 478.97
597.03 479.00
597.03 480.00
598.00 480.97
598.03 481.00
599.00 481.97
599.03 482.00
600.00 482.97
600.03 483.00
601.00 483.97
601.03 484.00
602.00 484.97
603.00 484.97
603.03 485.00
604.00 485.97
604.03 486.00
605.00 486.97
605.03 487.00
606.00 487.97
606.03 488.00
607.00 488.97
607.03 489.00
608.00 489.97
609.00 489.97
609.03 490.00
610.00 490.97
610.03 491.00
611.00 491.97
611.03 492.00
612.00 492.97
612.03 493.00
613.00 493.97
614.00 493.97
615.00 493.97
615.03 494.00
616.00 494.97
617.00 494.97
618.00 494.97
619.00 494.97
620.00 494.97
620.03 495.00
621.00 495.97
622.00 495.97
622.97 495.00
623.00 494.97
624.00 494.97
625.00 494.97
626.00 494.97
626.03 495.00
627.00 495.97
628.00 495.97
628.03 496.00
629.00 496.97
630.00 496.97
631.00 496.97
632.00 496.97
633.00 496.97
633.97 496.00
634.00 495.97
635.00 495.97
636.00 495.97
637.00 495.97
638.00 495.97
639.00 495.97
640.00 495.97
641.00 495.97
641.97 495.00
642.00 494.97
643.00 494.97
643.97 494.00
644.00 493.97
645.00 493.97
645.97 493.00
645.97 492.00
646.00 491.97
646.97 491.00
647.00 490.97
648.00 490.97
648.97 490.00
649.00 489.97
649.97 489.00
650.00 488.97
650.97 488.00
651.00 487.97
651.97 487.00
652.00 486.97
652.97 486.00
652.97 485.00
653.00 484.97
653.97 484.00
654.00 483.97
654.97 483.00
654.97 482.00
655.00 481.97
655.97 481.00
655.97 480.00
656.00 479.97
656.97 479.00
656.97 478.00
656.97 477.00
657.00 476.97
657.97 476.00
657.97 475.00
657.97 474.00
658.00 473.97
658.97 473.00
658.97 472.00
658.97 471.00
659.00 470.97
659.97 470.00

Contour 16:
662.97 624.00
662.97 623.00
662.97 622.00
662.97 621.00
662.97 620.00
662.97 619.00
662.97 618.00
662.97 617.00
662.00 616.03
661.97 616.00
661.97 615.00
661.97 614.00
661.97 613.00
661.00 612.03
660.97 612.00
660.97 611.00
660.00 610.03
659.97 610.00
659.00 609.03
658.97 609.00
658.00 608.03
657.97 608.00
657.00 607.03
656.97 607.00
656.97 606.00
656.00 605.03
655.97 605.00
655.00 604.03
654.97 604.00
654.00 603.03
653.97 603.00
653.00 602.03
652.97 602.00
652.00 601.03
651.00 601.03
650.97 601.00
650.00 600.03
649.97 600.00
649.00 599.03
648.00 599.03
647.97 599.00
647.00 598.03
646.00 598.03
645.97 598.00
645.00 597.03
644.00 597.03
643.97 597.00
643.00 596.03
642.00 596.03
641.00 596.03
640.97 596.00
640.00 595.03
639.00 595.03
638.97 595.00
638.00 594.03
637.00 594.03
636.00 594.03
635.00 594.03
634.00 594.03
633.00 594.03
632.97 594.00
632.00 593.03
631.03 594.00
631.00 594.03
630.00 594.03
629.00 594.03
628.00 594.03
627.00 594.03
626.00 594.03
625.03 595.00
625.00 595.03
624.00 595.03
623.00 595.03
622.03 596.00
622.00 596.03
621.00 596.03
620.03 597.00
620.00 597.03
619.00 597.03
618.03 598.00
618.00 598.03
617.00 598.03
616.00 598.03
615.03 599.00
615.00 599.03
614.03 600.00
614.00 600.03
613.00 600.03
612.03 601.00
612.00 601.03
611.03 602.00
611.00 602.03
610.03 603.00
610.00 603.03
609.00 603.03
608.03 604.00
608.00 604.03
607.03 605.00
607.00 605.03
606.03 606.00
606.00 606.03
605.03 607.00
605.00 607.03
604.03 608.00
604.00 608.03
603.00 608.03
602.03 609.00
602.03 610.00
602.00 610.03
601.03 611.00
601.00 611.03
600.03 612.00
600.00 612.03
599.03 613.00
599.00 613.03
598.03 614.00
598.03 615.00
598.00 615.03
597.03 616.00
597.03 617.00
597.03 618.00
597.03 619.00
597.03 620.00
597.00 620.03
596.03 621.00
596.03 622.00
596.03 623.00
596.03 624.00
596.00 624.03
595.03 625.00
595.03 626.00
595.03 627.00
595.03 628.00
595.03 629.00
595.03 630.00
595.03 631.00
595.03 632.00
595.03 633.00
595.03 634.00
595.03 635.00
596.00 635.97
596.03 636.00
596.03 637.00
596.03 638.00
597.00 638.97
597.03 639.00
597.03 640.00
597.03 641.00
598.00 641.97
598.03 642.00
598.03 643.00
598.03 644.00
599.00 644.97
599.03 645.00
600.00 645.97
600.03 646.00
600.03 647.00
601.00 647.97
601.03 648.00
602.00 648.97
602.03 649.00
603.00 649.97
603.03 650.00
604.00 650.97
604.03 651.00
605.00 651.97
605.03 652.00
606.00 652.97
606.03 653.00
607.00 653.97
607.03 654.00
608.00 654.97
609.00 654.97
609.03 655.00
610.00 655.97
610.03 656.00
611.00 656.97
612.00 656.97
612.03 657.00
613.00 657.97
614.00 657.97
615.00 657.97
615.03 658.00
616.00 658.97
617.00 658.97
618.00 658.97
618.03 659.00
619.00 659.97
620.00 659.97
621.00 659.97
622.00 659.97
623.00 659.97
624.00 659.97
625.00 659.97
626.00 659.97
627.00 659.97
628.00 659.97
629.00 659.97
630.00 659.97
631.00 659.97
632.00 659.97
632.97 659.00
633.00 658.97
634.00 658.97
635.00 658.97
635.97 658.00
636.00 657.97
637.00 657.97
638.00 657.97
639.00 657.97
640.00 657.97
640.97 657.00
641.00 656.97
642.00 656.97
642.97 656.00
643.00 655.97
644.00 655.97
644.97 655.00
645.00 654.97
646.00 654.97
646.97 654.00
647.00 653.97
647.97 653.00
648.00 652.97
649.00 652.97
649.97 652.00
650.00 651.97
650.97 651.00
651.00 650.97
651.97 650.00
652.00 649.97
652.97 649.00
653.00 648.97
653.97 648.00
653.97 647.00
654.00 646.97
654.97 646.00
655.00 645.97
655.97 645.00
655.97 644.00
656.00 643.97
656.97 643.00
656.97 642.00
657.00 641.97
657.97 641.00
657.97 640.00
658.00 639.97
658.97 639.00
658.97 638.00
659.00 637.97
659.97 637.00
659.97 636.00
659.97 635.00
660.00 634.97
660.97 634.00
660.97 633.00
660.97 632.00
660.97 631.00
661.00 630.97
661.97 630.00
661.97 629.00
661.97 628.00
661.97 627.00
661.97 626.00
661.97 625.00
662.00 624.97
662.97 624.00

Contour 17:
712.97 300.00
712.97 299.00
712.97 298.00
712.00 297.03
711.97 297.00
711.97 296.00
711.97 295.00
711.97 294.00
711.97 293.00
711.00 292.03
710.97 292.00
710.97 291.00
710.97 290.00
710.00 289.03
709.97 289.00
709.97 288.00
709.00 287.03
708.97 287.00
708.97 286.00
708.97 285.00
708.00 284.03
707.97 284.00
707.00 283.03
706.97 283.00
706.97 282.00
706.00 281.03
705.97 281.00
705.00 280.03
704.97 280.00
704.00 279.03
703.97 279.00
703.00 278.03
702.97 278.00
702.00 277.03
701.97 277.00
701.00 276.03
700.00 276.03
699.97 276.00
699.00 275.03
698.97 275.00
698.00 274.03
697.00 274.03
696.97 274.00
696.00 273.03
695.97 273.00
695.00 272.03
694.00 272.03
693.97 272.00
693.00 271.03
692.00 271.03
691.97 271.00
691.00 270.03
690.00 270.03
689.97 270.00
689.00 269.03
688.00 269.03
687.00 269.03
686.97 269.00
686.00 268.03
685.00 268.03
684.97 268.00
684.00 267.03
683.00 267.03
682.97 267.00
682.00 266.03
681.00 266.03
680.97 266.00
680.00 265.03
679.00 265.03
678.00 265.03
677.97 265.00
677.00 264.03
676.00 264.03
675.00 264.03
674.00 264.03
673.00 264.03
672.97 264.00
672.00 263.03
671.00 263.03
670.00 263.03
669.00 263.03
668.03 264.00
668.00 264.03
667.00 264.03
666.00 264.03
665.00 264.03
664.03 265.00
664.00 265.03
663.00 265.03
662.03 266.00
662.00 266.03
661.00 266.03
660.03 267.00
660.00 267.03
659.00 267.03
658.03 268.00
658.00 268.03
657.00 268.03
656.03 269.00
656.00 269.03
655.03 270.00
655.00 270.03
654.00 270.03
653.03 271.00
653.00 271.03
652.03 272.00
652.00 272.03
651.03 273.00
651.00 273.03
650.03 274.00
650.03 275.00
650.00 275.03
649.03 276.00
649.00 276.03
648.03 277.00
648.03 278.00
648.03 279.00
648.00 279.03
647.03 280.00
647.03 281.00
647.03 282.00
647.03 283.00
647.00 283.03
646.03 284.00
646.03 285.00
646.03 286.00
646.03 287.00
646.03 288.00
646.00 288.03
645.03 289.00
645.03 290.00
645.03 291.00
645.03 292.00
645.03 293.00
645.03 294.00
645.03 295.00
645.03 296.00
645.03 297.00
645.03 298.00
645.03 299.00
646.00 299.97
646.03 300.00
646.03 301.00
646.03 302.00
646.03 303.00
646.03 304.00
647.00 304.97
647.03 305.00
647.03 306.00
648.00 306.97
648.03 307.00
648.03 308.00
649.00 308.97
649.03 309.00
649.03 310.00
649.03 311.00
650.00 311.97
650.03 312.00
650.03 313.00
651.00 313.97
651.03 314.00
652.00 314.97
652.03 315.00
652.03 316.00
653.00 316.97
653.03 317.00
654.00 317.97
654.03 318.00
655.00 318.97
655.03 319.00
656.00 319.97
657.00 319.97
657.03 320.00
658.00 320.97
658.03 321.00
659.00 321.97
660.00 321.97
660.03 322.00
661.00 322.97
661.03 323.00
662.00 323.97
663.00 323.97
663.03 324.00
664.00 324.97
664.03 325.00
665.00 325.97
666.00 325.97
666.03 326.00
667.00 326.97
668.00 326.97
669.00 326.97
670.00 326.97
671.00 326.97
672.00 326.97
673.00 326.97
674.00 326.97
675.00 326.97
675.03 327.00
676.00 327.97
677.00 327.97
678.00 327.97
679.00 327.97
680.00 327.97
681.00 327.97
682.00 327.97
683.00 327.97
684.00 327.97
685.00 327.97
686.00 327.97
687.00 327.97
688.00 327.97
689.00 327.97
689.97 327.00
690.00 326.97
691.00 326.97
692.00 326.97
693.00 326.97
693.97 326.00
694.00 325.97
695.00 325.97
696.00 325.97
696.97 325.00
697.00 324.97
697.97 324.00
698.00 323.97
699.00 323.97
699.97 323.00
700.00 322.97
700.97 322.00
701.00 321.97
701.97 321.00
702.00 320.97
702.97 320.00
703.00 319.97
703.97 319.00
704.00 318.97
704.97 318.00
705.00 317.97
705.97 317.00
706.00 316.97
706.97 316.00
707.00 315.97
707.97 315.00
707.97 314.00
708.00 313.97
708.97 313.00
708.97 312.00
709.00 311.97
709.97 311.00
709.97 310.00
710.00 309.97
710.97 309.00
710.97 308.00
710.97 307.00
711.00 306.97
711.97 306.00
711.97 305.00
711.97 304.00
711.97 303.00
711.97 302.00
711.97 301.00
712.00 300.97
712.97 300.00

Contour 18:
739.97 407.00
739.97 406.00
739.97 405.00
739.97 404.00
739.97 403.00
739.97 402.00
739.00 401.03
738.97 401.00
738.97 400.00
738.97 399.00
738.97 398.00
738.00 397.03
737.97 397.00
737.97 396.00
737.97 395.00
737.00 394.03
736.97 394.00
736.00 393.03
735.97 393.00
735.97 392.00
735.00 391.03
734.97 391.00
734.00 390.03
733.97 390.00
733.00 389.03
732.97 389.00
732.00 388.03
731.97 388.00
731.00 387.03
730.97 387.00
730.00 386.03
729.97 386.00
729.00 385.03
728.97 385.00
728.00 384.03
727.00 384.03
726.97 384.00
726.00 383.03
725.97 383.00
725.00 382.03
724.97 382.00
724.00 381.03
723.00 381.03
722.97 381.00
722.00 380.03
721.97 380.00
721.00 379.03
720.00 379.03
719.97 379.00
719.00 378.03
718.00 378.03
717.97 378.00
717.00 377.03
716.97 377.00
716.00 376.03
715.00 376.03
714.97 376.00
714.00 375.03
713.00 375.03
712.97 375.00
712.00 374.03
711.97 374.00
711.00 373.03
710.00 373.03
709.97 373.00
709.00 372.03
708.00 372.03
707.97 372.00
707.00 371.03
706.00 371.03
705.00 371.03
704.97 371.00
704.00 370.03
703.00 370.03
702.00 370.03
701.00 370.03
700.00 370.03
699.00 370.03
698.00 370.03
697.00 370.03
696.00 370.03
695.00 370.03
694.00 370.03
693.03 371.00
693.00 371.03
692.00 371.03
691.00 371.03
690.03 372.00
690.00 372.03
689.00 372.03
688.00 372.03
687.03 373.00
687.00 373.03
686.00 373.03
685.03 374.00
685.00 374.03
684.03 375.00
684.00 375.03
683.03 376.00
683.00 376.03
682.00 376.03
681.03 377.00
681.00 377.03
680.03 378.00
680.00 378.03
679.03 379.00
679.00 379.03
678.03 380.00
678.00 380.03
677.03 381.00
677.00 381.03
676.03 382.00
676.03 383.00
676.00 383.03
675.03 384.00
675.00 384.03
674.03 385.00
674.03 386.00
674.00 386.03
673.03 387.00
673.03 388.00
673.03 389.00
673.00 389.03
672.03 390.00
672.03 391.00
672.03 392.00
672.03 393.00
672.03 394.00
672.03 395.00
672.03 396.00
672.03 397.00
672.03 398.00
672.03 399.00
673.00 399.97
673.03 400.00
673.03 401.00
673.03 402.00
673.03 403.00
674.00 403.97
674.03 404.00
674.03 405.00
674.03 406.00
675.00 406.97
675.03 407.00
675.03 408.00
676.00 408.97
676.03 409.00
677.00 409.97
677.03 410.00
677.03 411.00
678.00 411.97
678.03 412.00
679.00 412.97
679.03 413.00
679.03 414.00
680.00 414.97
680.03 415.00
681.00 415.97
681.03 416.00
682.00 416.97
682.03 417.00
683.00 417.97
683.03 418.00
684.00 418.97
684.03 419.00
685.00 419.97
685.03 420.00
686.00 420.97
687.00 420.97
687.03 421.00
688.00 421.97
688.03 422.00
689.00 422.97
690.00 422.97
690.03 423.00
691.00 423.97
692.00 423.97
693.00 423.97
693.03 424.00
694.00 424.97
695.00 424.97
695.03 425.00
696.00 425.97
697.00 425.97
697.03 426.00
698.00 426.97
699.00 426.97
700.00 426.97
700.03 427.00
701.00 427.97
702.00 427.97
703.00 427.97
703.03 428.00
704.00 428.97
705.00 428.97
706.00 428.97
707.00 428.97
707.03 429.00
708.00 429.97
709.00 429.97
710.00 429.97
711.00 429.97
712.00 429.97
713.00 429.97
714.00 429.97
715.00 429.97
716.00 429.97
717.00 429.97
718.00 429.97
719.00 429.97
720.00 429.97
721.00 429.97
721.97 429.00
722.00 428.97
723.00 428.97
724.00 428.97
724.97 428.00
725.00 427.97
726.00 427.97
726.97 427.00
727.00 426.97
727.97 426.00
728.00 425.97
729.00 425.97
729.97 425.00
730.00 424.97
730.97 424.00
731.00 423.97
731.97 423.00
732.00 422.97
732.97 422.00
733.00 421.97
733.97 421.00
734.00 420.97
734.97 420.00
735.00 419.97
735.97 419.00
735.97 418.00
736.00 417.97
736.97 417.00
736.97 416.00
737.00 415.97
737.97 415.00
737.97 414.00
737.97 413.00
738.00 412.97
738.97 412.00
738.97 411.00
738.97 410.00
738.97 409.00
738.97 408.00
739.00 407.97
739.97 407.00

Contour 19:
754.98 682.00
754.98 681.00
754.98 680.00
754.98 679.00
754.98 678.00
754.98 677.00
754.98 676.00
754.98 675.00
754.98 674.00
754.98 673.00
754.98 672.00
754.00 671.02
753.98 671.00
753.98 670.00
753.00 669.02
752.98 669.00
752.98 668.00
752.00 667.02
751.98 667.00
751.98 666.00
751.00 665.02
750.98 665.00
750.00 664.02
749.98 664.00
749.00 663.02
748.98 663.00
748.00 662.02
747.98 662.00
747.00 661.02
746.98 661.00
746.00 660.02
745.98 660.00
745.00 659.02
744.98 659.00
744.00 658.02
743.00 658.02
742.98 658.00
742.00 657.02
741.98 657.00
741.00 656.02
740.00 656.02
739.00 656.02
738.98 656.00
738.00 655.02
737.00 655.02
736.00 655.02
735.00 655.02
734.00 655.02
733.00 655.02
732.98 655.00
732.00 654.02
731.00 654.02
730.00 654.02
729.02 655.00
729.00 655.02
728.00 655.02
727.00 655.02
726.00 655.02
725.00 655.02
724.00 655.02
723.00 655.02
722.02 656.00
722.00 656.02
721.00 656.02
720.02 657.00
720.00 657.02
719.00 657.02
718.02 658.00
718.00 658.02
717.00 658.02
716.02 659.00
716.00 659.02
715.02 660.00
715.00 660.02
714.00 660.02
713.02 661.00
713.00 661.02
712.02 662.00
712.00 662.02
711.02 663.00
711.00 663.02
710.00 663.02
709.02 664.00
709.00 664.02
708.02 665.00
708.00 665.02
707.02 666.00
707.00 666.02
706.02 667.00
706.00 667.02
705.00 667.02
704.02 668.00
704.00 668.02
703.02 669.00
703.00 669.02
702.00 669.02
701.02 670.00
701.00 670.02
700.02 671.00
700.00 671.02
699.02 672.00
699.00 672.02
698.02 673.00
698.00 673.02
697.02 674.00
697.00 674.02
696.02 675.00
696.00 675.02
695.02 676.00
695.00 676.02
694.02 677.00
694.00 677.02
693.02 678.00
693.00 678.02
692.02 679.00
692.02 680.00
692.00 680.02
691.02 681.00
691.02 682.00
691.00 682.02
690.02 683.00
690.02 684.00
690.00 684.02
689.02 685.00
689.02 686.00
689.02 687.00
689.02 688.00
689.00 688.02
688.02 689.00
688.02 690.00
688.02 691.00
688.02 692.00
688.02 693.00
688.02 694.00
688.02 695.00
688.02 696.00
688.02 697.00
688.02 698.00
688.02 699.00
688.02 700.00
689.00 700.98
689.02 701.00
689.02 702.00
689.02 703.00
689.02 704.00
690.00 704.98
690.02 705.00
690.02 706.00
690.02 707.00
691.00 707.98
691.02 708.00
692.00 708.98
692.02 709.00
692.02 710.00
693.00 710.98
693.02 711.00
694.00 711.98
694.02 712.00
695.00 712.98
695.02 713.00
696.00 713.98
696.02 714.00
697.00 714.98
697.02 715.00
698.00 715.98
698.02 716.00
699.00 716.98
700.00 716.98
700.02 717.00
701.00 717.98
702.00 717.98
702.02 718.00
703.00 718.98
704.00 718.98
704.02 719.00
705.00 719.98
706.00 719.98
707.00 719.98
708.00 719.98
709.00 719.98
710.00 719.98
711.00 719.98
712.00 719.98
713.00 719.98
714.00 719.98
715.00 719.98
716.00 719.98
717.00 719.98
718.00 719.98
719.00 719.98
720.00 719.98
721.00 719.98
721.98 719.00
722.00 718.98
723.00 718.98
724.00 718.98
724.98 718.00
725.00 717.98
726.00 717.98
726.98 717.00
727.00 716.98
728.00 716.98
728.98 716.00
729.00 715.98
730.00 715.98
730.98 715.00
731.00 714.98
731.98 714.00
732.00 713.98
733.00 713.98
733.98 713.00
734.00 712.98
734.98 712.00
735.00 711.98
735.98 711.00
736.00 710.98
736.98 710.00
737.00 709.98
738.00 709.98
738.98 709.00
739.00 708.98
739.98 708.00
740.00 707.98
740.98 707.00
741.00 706.98
741.98 706.00
742.00 705.98
742.98 705.00
743.00 704.98
743.98 704.00
743.98 703.00
744.00 702.98
744.98 702.00
745.00 701.98
745.98 701.00
746.00 700.98
746.98 700.00
746.98 699.00
747.00 698.98
747.98 698.00
748.00 697.98
748.98 697.00
749.00 696.98
749.98 696.00
749.98 695.00
750.00 694.98
750.98 694.00
750.98 693.00
751.00 692.98
751.98 692.00
751.98 691.00
752.00 690.98
752.98 690.00
752.98 689.00
752.98 688.00
752.98 687.00
753.00 686.98
753.98 686.00
753.98 685.00
753.98 684.00
753.98 683.00
754.00 682.98
754.98 682.00

Contour 20:
820.98 435.00
820.98 434.00
820.98 433.00
820.98 432.00
820.98 431.00
820.98 430.00
820.98 429.00
820.98 428.00
820.00 427.02
819.98 427.00
819.98 426.00
819.00 425.02
818.98 425.00
818.98 424.00
818.00 423.02
817.98 423.00
817.98 422.00
817.00 421.02
816.98 421.00
816.00 420.02
815.98 420.00
815.00 419.02
814.98 419.00
814.00 418.02
813.98 418.00
813.00 417.02
812.00 417.02
811.98 417.00
811.00 416.02
810.00 416.02
809.98 416.00
809.00 415.02
808.00 415.02
807.00 415.02
806.98 415.00
806.00 414.02
805.00 414.02
804.00 414.02
803.00 414.02
802.00 414.02
801.00 414.02
800.00 414.02
799.00 414.02
798.02 415.00
798.00 415.02
797.00 415.02
796.00 415.02
795.02 416.00
795.00 416.02
794.00 416.02
793.02 417.00
793.00 417.02
792.00 417.02
791.02 418.00
791.00 418.02
790.00 418.02
789.02 419.00
789.00 419.02
788.00 419.02
787.02 420.00
787.00 420.02
786.00 420.02
785.02 421.00
785.00 421.02
784.00 421.02
783.02 422.00
783.00 422.02
782.00 422.02
781.00 422.02
780.02 423.00
780.00 423.02
779.00 423.02
778.00 423.02
777.02 424.00
777.00 424.02
776.00 424.02
775.02 425.00
775.00 425.02
774.02 426.00
774.00 426.02
773.00 426.02
772.02 427.00
772.00 427.02
771.02 428.00
771.00 428.02
770.00 428.02
769.02 429.00
769.00 429.02
768.02 430.00
768.00 430.02
767.02 431.00
767.00 431.02
766.02 432.00
766.00 432.02
765.02 433.00
765.00 433.02
764.02 434.00
764.00 434.02
763.02 435.00
763.02 436.00
763.00 436.02
762.02 437.00
762.00 437.02
761.02 438.00
761.02 439.00
761.00 439.02
760.02 440.00
760.02 441.00
760.00 441.02
759.02 442.00
759.02 443.00
759.00 443.02
758.02 444.00
758.02 445.00
758.02 446.00
758.00 446.02
757.02 447.00
757.02 448.00
757.02 449.00
757.02 450.00
757.02 451.00
757.02 452.00
757.02 453.00
757.02 454.00
757.02 455.00
757.02 456.00
757.02 457.00
757.02 458.00
758.00 458.98
758.02 459.00
758.02 460.00
758.02 461.00
759.00 461.98
759.02 462.00
759.02 463.00
760.00 463.98
760.02 464.00
760.02 465.00
761.00 465.98
761.02 466.00
762.00 466.98
762.02 467.00
763.00 467.98
763.02 468.00
763.02 469.00
764.00 469.98
764.02 470.00
765.00 470.98
765.02 471.00
766.00 471.98
766.02 472.00
767.00 472.98
767.02 473.00
768.00 473.98
769.00 473.98
769.02 474.00
770.00 474.98
770.02 475.00
771.00 475.98
771.02 476.00
772.00 476.98
773.00 476.98
773.02 477.00
774.00 477.98
775.00 477.98
775.02 478.00
776.00 478.98
777.00 478.98
777.02 479.00
778.00 479.98
779.00 479.98
779.02 480.00
780.00 480.98
781.00 480.98
782.00 480.98
783.00 480.98
784.00 480.98
785.00 480.98
786.00 480.98
787.00 480.98
788.00 480.98
789.00 480.98
789.98 480.00
790.00 479.98
791.00 479.98
792.00 479.98
793.00 479.98
793.98 479.00
794.00 478.98
795.00 478.98
796.00 478.98
796.98 478.00
797.00 477.98
797.98 477.00
798.00 476.98
799.00 476.98
799.98 476.00
800.00 475.98
800.98 475.00
801.00 474.98
801.98 474.00
802.00 473.98
802.98 473.00
803.00 472.98
803.98 472.00
803.98 471.00
804.00 470.98
804.98 470.00
804.98 469.00
805.00 468.98
805.98 468.00
805.98 467.00
805.98 466.00
806.00 465.98
806.98 465.00
806.98 464.00
807.00 463.98
807.98 463.00
807.98 462.00
807.98 461.00
808.00 460.98
808.98 460.00
808.98 459.00
808.98 458.00
809.00 457.98
809.98 457.00
810.00 456.98
810.98 456.00
810.98 455.00
811.00 454.98
811.98 454.00
812.00 453.98
812.98 453.00
813.00 452.98
813.98 452.00
813.98 451.00
814.00 450.98
814.98 450.00
815.00 449.98
815.98 449.00
815.98 448.00
816.00 447.98
816.98 447.00
817.00 446.98
817.98 446.00
817.98 445.00
817.98 444.00
818.00 443.98
818.98 443.00
818.98 442.00
819.00 441.98
819.98 441.00
819.98 440.00
819.98 439.00
819.98 438.00
819.98 437.00
819.98 436.00
820.00 435.98
820.98 435.00

Contour 21:
991.98 746.00
991.98 745.00
991.98 744.00
991.98 743.00
991.98 742.00
991.98 741.00
991.98 740.00
991.98 739.00
991.98 738.00
991.98 737.00
991.98 736.00
991.98 735.00
991.98 734.00
991.00 733.02
990.98 733.00
990.98 732.00
990.00 731.02
989.98 731.00
989.98 730.00
989.00 729.02
988.98 729.00
988.00 728.02
987.98 728.00
987.98 727.00
987.00 726.02
986.98 726.00
986.00 725.02
985.98 725.00
985.98 724.00
985.00 723.02
984.98 723.00
984.00 722.02
983.98 722.00
983.00 721.02
982.98 721.00
982.00 720.02
981.98 720.00
981.00 719.02
980.00 719.02
979.98 719.00
979.00 718.02
978.98 718.00
978.00 717.02
977.00 717.02
976.98 717.00
976.00 716.02
975.00 716.02
974.98 716.00
974.00 715.02
973.00 715.02
972.00 715.02
971.98 715.00
971.00 714.02
970.00 714.02
969.00 714.02
968.00 714.02
967.00 714.02
966.00 714.02
965.00 714.02
964.00 714.02
963.98 714.00
963.00 713.02
962.00 713.02
961.00 713.02
960.00 713.02
959.00 713.02
958.00 713.02
957.00 713.02
956.00 713.02
955.00 713.02
954.00 713.02
953.00 713.02
952.00 713.02
951.00 713.02
950.00 713.02
949.02 714.00
949.00 714.02
948.00 714.02
947.00 714.02
946.00 714.02
945.00 714.02
944.02 715.00
944.00 715.02
943.00 715.02
942.02 716.00
942.00 716.02
941.00 716.02
940.00 716.02
939.02 717.00
939.00 717.02
938.00 717.02
937.02 718.00
937.00 718.02
936.00 718.02
935.02 719.00
935.00 719.02
934.00 719.02
933.02 720.00
933.00 720.02
932.02 721.00
932.00 721.02
931.02 722.00
931.00 722.02
930.00 722.02
929.02 723.00
929.02 724.00
929.00 724.02
928.02 725.00
928.00 725.02
927.02 726.00
927.00 726.02
926.02 727.00
926.00 727.02
925.02 728.00
925.02 729.00
925.00 729.02
924.02 730.00
924.00 730.02
923.02 731.00
923.02 732.00
923.00 732.02
922.02 733.00
922.02 734.00
922.00 734.02
921.02 735.00
921.02 736.00
921.00 736.02
920.02 737.00
920.02 738.00
920.02 739.00
920.00 739.02
919.02 740.00
919.02 741.00
919.02 742.00
919.02 743.00
919.02 744.00
919.02 745.00
919.02 746.00
919.02 747.00
919.02 748.00
919.02 749.00
920.00 749.98
920.02 750.00
920.02 751.00
920.02 752.00
920.02 753.00
921.00 753.98
921.02 754.00
921.02 755.00
921.02 756.00
922.00 756.98
922.02 757.00
922.02 758.00
923.00 758.98
923.02 759.00
924.00 759.98
924.02 760.00
924.02 761.00
925.00 761.98
925.02 762.00
925.02 763.00
926.00 763.98
926.02 764.00
927.00 764.98
927.02 765.00
928.00 765.98
928.02 766.00
929.00 766.98
929.02 767.00
930.00 767.98
930.02 768.00
931.00 768.98
931.02 769.00
932.00 769.98
933.00 769.98
933.02 770.00
934.00 770.98
935.00 770.98
936.00 770.98
936.02 771.00
937.00 771.98
938.00 771.98
939.00 771.98
939.02 772.00
940.00 772.98
941.00 772.98
942.00 772.98
943.00 772.98
944.00 772.98
944.02 773.00
945.00 773.98
946.00 773.98
947.00 773.98
948.00 773.98
949.00 773.98
950.00 773.98
951.00 773.98
952.00 773.98
953.00 773.98
954.00 773.98
955.00 773.98
956.00 773.98
957.00 773.98
958.00 773.98
959.00 773.98
960.00 773.98
960.98 773.00
961.00 772.98
962.00 772.98
963.00 772.98
963.98 772.00
964.00 771.98
965.00 771.98
965.98 771.00
966.00 770.98
967.00 770.98
967.98 770.00
968.00 769.98
968.98 769.00
969.00 768.98
969.98 768.00
970.00 767.98
971.00 767.98
971.98 767.00
972.00 766.98
973.00 766.98
973.98 766.00
974.00 765.98
975.00 765.98
975.98 765.00
976.00 764.98
976.98 764.00
977.00 763.98
977.98 763.00
978.00 762.98
979.00 762.98
979.98 762.00
980.00 761.98
980.98 761.00
981.00 760.98
981.98 760.00
982.00 759.98
982.98 759.00
983.00 758.98
983.98 758.00
983.98 757.00
984.00 756.98
984.98 756.00
985.00 755.98
985.98 755.00
985.98 754.00
986.00 753.98
986.98 753.00
987.00 752.98
987.98 752.00
988.00 751.98
988.98 751.00
989.00 750.98
989.98 750.00
989.98 749.00
990.00 748.98
990.98 748.00
990.98 747.00
991.00 746.98
991.98 746.00

