Contour 0:
0.00 563.50
0.50 564.00
1.00 564.50
1.50 565.00
1.50 566.00
2.00 566.50
2.50 567.00
2.50 568.00
3.00 568.50
3.50 569.00
3.50 570.00
4.00 570.50
4.50 571.00
5.00 571.50
5.50 572.00
6.00 572.50
6.50 573.00
7.00 573.50
7.50 574.00
8.00 574.50
8.50 575.00
9.00 575.50
9.50 576.00
10.00 576.50
10.50 577.00
11.00 577.50
11.50 578.00
12.00 578.50
12.50 579.00
13.00 579.50
14.00 579.50
14.50 580.00
15.00 580.50
16.00 580.50
16.50 581.00
17.00 581.50
18.00 581.50
19.00 581.50
19.50 582.00
20.00 582.50
21.00 582.50
22.00 582.50
23.00 582.50
24.00 582.50
25.00 582.50
26.00 582.50
27.00 582.50
27.50 583.00
28.00 583.50
29.00 583.50
30.00 583.50
31.00 583.50
32.00 583.50
33.00 583.50
34.00 583.50
35.00 583.50
36.00 583.50
37.00 583.50
38.00 583.50
38.50 583.00
39.00 582.50
40.00 582.50
40.50 582.00
41.00 581.50
42.00 581.50
42.50 581.00
43.00 580.50
44.00 580.50
44.50 580.00
45.00 579.50
45.50 579.00
46.00 578.50
47.00 578.50
47.50 578.00
48.00 577.50
48.50 577.00
49.00 576.50
49.50 576.00
50.00 575.50
50.50 575.00
51.00 574.50
51.50 574.00
52.00 573.50
52.50 573.00
53.00 572.50
53.50 572.00
53.50 571.00
54.00 570.50
54.50 570.00
54.50 569.00
55.00 568.50
55.50 568.00
55.50 567.00
55.50 566.00
56.00 565.50
56.50 565.00
56.50 564.00
56.50 563.00
57.00 562.50
57.50 562.00
57.50 561.00
57.50 560.00
57.50 559.00
57.50 558.00
57.50 557.00
57.50 556.00
57.50 555.00
57.50 554.00
57.50 553.00
57.50 552.00
57.50 551.00
57.50 550.00
57.50 549.00
57.50 548.00
57.00 547.50
56.50 547.00
56.50 546.00
56.50 545.00
56.00 544.50
55.50 544.00
55.50 543.00
55.50 542.00
55.00 541.50
54.50 541.00
54.50 540.00
54.00 539.50
53.50 539.00
53.50 538.00
53.00 537.50
52.50 537.00
52.50 536.00
52.00 535.50
51.50 535.00
51.50 534.00
51.00 533.50
50.50 533.00
50.50 532.00
50.00 531.50
49.50 531.00
49.00 530.50
48.50 530.00
48.00 529.50
47.50 529.00
47.00 528.50
46.50 528.00
46.00 527.50
45.00 527.50
44.50 527.00
44.00 526.50
43.50 526.00
43.00 525.50
42.50 525.00
42.00 524.50
41.00 524.50
40.50 524.00
40.00 523.50
39.50 523.00
39.00 522.50
38.00 522.50
37.50 522.00
37.00 521.50
36.00 521.50
35.50 521.00
35.00 520.50
34.00 520.50
33.00 520.50
32.00 520.50
31.00 520.50
30.00 520.50
29.00 520.50
28.00 520.50
27.00 520.50
26.00 520.50
25.00 520.50
24.00 520.50
23.50 521.00
23.00 521.50
22.00 521.50
21.00 521.50
20.00 521.50
19.00 521.50
18.50 522.00
18.00 522.50
17.00 522.50
16.00 522.50
15.50 523.00
15.00 523.50
14.00 523.50
13.50 524.00
13.00 524.50
12.00 524.50
11.50 525.00
11.00 525.50
10.00 525.50
9.50 526.00
9.00 526.50
8.50 527.00
8.00 527.50
7.00 527.50
6.50 528.00
6.00 528.50
5.50 529.00
5.00 529.50
4.50 530.00
4.00 530.50
3.50 531.00
3.50 532.00
3.00 532.50
2.50 533.00
2.00 533.50
1.50 534.00
1.50 535.00
1.00 535.50
0.50 536.00
0.50 537.00
0.00 537.50

Contour 1:
73.75 291.00
73.75 290.00
73.75 289.00
73.75 288.00
73.75 287.00
73.75 286.00
73.75 285.00
73.75 284.00
73.75 283.00
73.75 282.00
73.75 281.00
73.75 280.00
73.75 279.00
73.75 278.00
73.75 277.00
73.75 276.00
73.75 275.00
73.75 274.00
73.75 273.00
73.75 272.00
73.75 271.00
73.75 270.00
73.75 269.00
73.75 268.00
73.75 267.00
73.75 266.00
73.75 265.00
73.00 264.25
72.75 264.00
72.75 263.00
72.75 262.00
72.00 261.25
71.75 261.00
71.75 260.00
71.00 259.25
70.75 259.00
70.75 258.00
70.00 257.25
69.75 257.00
69.00 256.25
68.75 256.00
68.75 255.00
68.00 254.25
67.75 254.00
67.00 253.25
66.75 253.00
66.00 252.25
65.75 252.00
65.00 251.25
64.75 251.00
64.00 250.25
63.75 250.00
63.00 249.25
62.75 249.00
62.00 248.25
61.00 248.25
60.75 248.00
60.00 247.25
59.00 247.25
58.75 247.00
58.00 246.25
57.00 246.25
56.00 246.25
55.00 246.25
54.00 246.25
53.00 246.25
52.75 246.00
52.00 245.25
51.00 245.25
50.00 245.25
49.00 245.25
48.00 245.25
47.25 246.00
47.00 246.25
46.00 246.25
45.00 246.25
44.00 246.25
43.00 246.25
42.00 246.25
41.00 246.25
40.25 247.00
40.00 247.25
39.00 247.25
38.00 247.25
37.00 247.25
36.25 248.00
36.00 248.25
35.00 248.25
34.00 248.25
33.25 249.00
33.00 249.25
32.00 249.25
31.25 250.00
31.00 250.25
30.00 250.25
29.25 251.00
29.00 251.25
28.25 252.00
28.00 252.25
27.00 252.25
26.25 253.00
26.00 253.25
25.25 254.00
25.00 254.25
24.00 254.25
23.25 255.00
23.00 255.25
22.25 256.00
22.00 256.25
21.25 257.00
21.00 257.25
20.25 258.00
20.00 258.25
19.25 259.00
19.00 259.25
18.25 260.00
18.25 261.00
18.00 261.25
17.25 262.00
17.00 262.25
16.25 263.00
16.25 264.00
16.00 264.25
15.25 265.00
15.25 266.00
15.00 266.25
14.25 267.00
14.00 267.25
13.25 268.00
13.25 269.00
13.25 270.00
13.00 270.25
12.25 271.00
12.25 272.00
12.00 272.25
11.25 273.00
11.25 274.00
11.25 275.00
11.00 275.25
10.25 276.00
10.25 277.00
10.25 278.00
10.25 279.00
10.00 279.25
9.25 280.00
9.25 281.00
9.25 282.00
9.25 283.00
9.25 284.00
9.25 285.00
9.25 286.00
9.25 287.00
9.25 288.00
9.25 289.00
9.25 290.00
9.25 291.00
9.25 292.00
10.00 292.75
10.25 293.00
10.25 294.00
10.25 295.00
10.25 296.00
11.00 296.75
11.25 297.00
11.25 298.00
11.25 299.00
12.00 299.75
12.25 300.00
12.25 301.00
13.00 301.75
13.25 302.00
14.00 302.75
14.25 303.00
14.25 304.00
15.00 304.75
15.25 305.00
16.00 305.75
16.25 306.00
17.00 306.75
17.25 307.00
18.00 307.75
18.25 308.00
19.00 308.75
19.25 309.00
20.00 309.75
20.25 310.00
21.00 310.75
21.25 311.00
22.00 311.75
22.25 312.00
23.00 312.75
23.25 313.00
24.00 313.75
24.25 314.00
25.00 314.75
26.00 314.75
26.25 315.00
27.00 315.75
28.00 315.75
29.00 315.75
29.25 316.00
30.00 316.75
31.00 316.75
31.25 317.00
32.00 317.75
33.00 317.75
34.00 317.75
34.25 318.00
35.00 318.75
36.00 318.75
37.00 318.75
37.25 319.00
38.00 319.75
39.00 319.75
40.00 319.75
41.00 319.75
42.00 319.75
43.00 319.75
44.00 319.75
45.00 319.75
46.00 319.75
47.00 319.75
48.00 319.75
49.00 319.75
50.00 319.75
51.00 319.75
52.00 319.75
53.00 319.75
54.00 319.75
54.75 319.00
55.00 318.75
56.00 318.75
56.75 318.00
57.00 317.75
58.00 317.75
58.75 317.00
59.00 316.75
60.00 316.75
60.75 316.00
61.00 315.75
61.75 315.00
62.00 314.75
62.75 314.00
63.00 313.75
63.75 313.00
64.00 312.75
64.75 312.00
65.00 311.75
65.75 311.00
66.00 310.75
66.75 310.00
67.00 309.75
67.75 309.00
67.75 308.00
68.00 307.75
68.75 307.00
68.75 306.00
69.00 305.75
69.75 305.00
69.75 304.00
70.00 303.75
70.75 303.00
70.75 302.00
71.00 301.75
71.75 301.00
71.75 300.00
71.75 299.00
72.00 298.75
72.75 298.00
72.75 297.00
72.75 296.00
72.75 295.00
72.75 294.00
72.75 293.00
72.75 292.00
73.00 291.75
73.75 291.00

Contour 2:
80.17 0.00
80.00 0.17
79.00 0.17
78.00 0.17
77.00 0.17
76.00 0.17
75.17 1.00
75.00 1.17
74.00 1.17
73.00 1.17
72.00 1.17
71.00 1.17
70.17 2.00
71.00 2.83
71.17 3.00
72.00 3.83
72.17 4.00
73.00 4.83
73.17 5.00
74.00 5.83
75.00 5.83
75.17 6.00
76.00 6.83
77.00 6.83
78.00 6.83
78.17 7.00
79.00 7.83
80.00 7.83
81.00 7.83
81.83 7.00
82.00 6.83
83.00 6.83
83.17 7.00
84.00 7.83
85.00 7.83
86.00 7.83
86.83 7.00
87.00 6.83
88.00 6.83
89.00 6.83
89.83 6.00
90.00 5.83
91.00 5.83
92.00 5.83
92.83 5.00
93.00 4.83
93.83 4.00
94.00 3.83
94.83 3.00
95.00 2.83
95.83 2.00
95.00 1.17
94.00 1.17
93.00 1.17
92.00 1.17
91.00 1.17
90.00 1.17
89.00 1.17
88.00 1.17
87.83 1.00
87.00 0.17
86.00 0.17
85.83 0.00

Contour 3:
149.88 187.00
149.88 186.00
149.88 185.00
149.88 184.00
149.88 183.00
149.88 182.00
149.88 181.00
149.88 180.00
149.00 179.12
148.88 179.00
148.88 178.00
148.88 177.00
148.88 176.00
148.00 175.12
147.88 175.00
147.88 174.00
147.88 173.00
147.88 172.00
147.00 171.12
146.88 171.00
146.88 170.00
146.00 169.12
145.88 169.00
145.00 168.12
144.88 168.00
144.88 167.00
144.00 166.12
143.88 166.00
143.00 165.12
142.88 165.00
142.00 164.12
141.88 164.00
141.88 163.00
141.00 162.12
140.88 162.00
140.88 161.00
140.00 160.12
139.88 160.00
139.00 159.12
138.88 159.00
138.00 158.12
137.88 158.00
137.00 157.12
136.88 157.00
136.00 156.12
135.88 156.00
135.00 155.12
134.00 155.12
133.88 155.00
133.00 154.12
132.88 154.00
132.00 153.12
131.88 153.00
131.00 152.12
130.00 152.12
129.88 152.00
129.00 151.12
128.00 151.12
127.88 151.00
127.00 150.12
126.00 150.12
125.88 150.00
125.00 149.12
124.00 149.12
123.88 149.00
123.00 148.12
122.00 148.12
121.88 148.00
121.00 147.12
120.00 147.12
119.00 147.12
118.88 147.00
118.00 146.12
117.00 146.12
116.00 146.12
115.00 146.12
114.00 146.12
113.88 146.00
113.00 145.12
112.00 145.12
111.00 145.12
110.00 145.12
109.00 145.12
108.00 145.12
107.00 145.12
106.88 145.00
106.00 144.12
105.00 144.12
104.00 144.12
103.00 144.12
102.00 144.12
101.00 144.12
100.88 144.00
100.00 143.12
99.12 144.00
99.00 144.12
98.00 144.12
97.00 144.12
96.00 144.12
95.12 145.00
95.00 145.12
94.00 145.12
93.00 145.12
92.00 145.12
91.12 146.00
91.00 146.12
90.00 146.12
89.00 146.12
88.12 147.00
88.00 147.12
87.00 147.12
86.12 148.00
86.00 148.12
85.00 148.12
84.12 149.00
84.00 149.12
83.00 149.12
82.12 150.00
82.00 150.12
81.00 150.12
80.12 151.00
80.00 151.12
79.00 151.12
78.12 152.00
78.00 152.12
77.12 153.00
77.00 153.12
76.12 154.00
76.12 155.00
76.00 155.12
75.12 156.00
75.12 157.00
75.00 157.12
74.12 158.00
74.00 158.12
73.12 159.00
73.12 160.00
73.12 161.00
73.00 161.12
72.12 162.00
72.12 163.00
72.00 163.12
71.12 164.00
71.12 165.00
71.12 166.00
71.12 167.00
71.00 167.12
70.12 168.00
70.12 169.00
70.12 170.00
70.12 171.00
70.12 172.00
70.12 173.00
70.12 174.00
70.12 175.00
70.12 176.00
70.12 177.00
70.12 178.00
70.12 179.00
71.00 179.88
71.12 180.00
71.12 181.00
71.12 182.00
71.12 183.00
71.12 184.00
72.00 184.88
72.12 185.00
72.12 186.00
72.12 187.00
72.12 188.00
73.00 188.88
73.12 189.00
73.12 190.00
74.00 190.88
74.12 191.00
74.12 192.00
74.12 193.00
75.00 193.88
75.12 194.00
75.12 195.00
76.00 195.88
76.12 196.00
76.12 197.00
76.12 198.00
77.00 198.88
77.12 199.00
77.12 200.00
78.00 200.88
78.12 201.00
78.12 202.00
79.00 202.88
79.12 203.00
79.12 204.00
80.00 204.88
80.12 205.00
81.00 205.88
81.12 206.00
81.12 207.00
82.00 207.88
82.12 208.00
83.00 208.88
83.12 209.00
84.00 209.88
84.12 210.00
85.00 210.88
85.12 211.00
86.00 211.88
86.12 212.00
87.00 212.88
87.12 213.00
88.00 213.88
88.12 214.00
89.00 214.88
90.00 214.88
90.12 215.00
91.00 215.88
91.12 216.00
92.00 216.88
93.00 216.88
93.12 217.00
94.00 217.88
94.12 218.00
95.00 218.88
95.12 219.00
96.00 219.88
97.00 219.88
97.12 220.00
98.00 220.88
99.00 220.88
100.00 220.88
100.12 221.00
101.00 221.88
102.00 221.88
102.12 222.00
103.00 222.88
104.00 222.88
105.00 222.88
106.00 222.88
107.00 222.88
107.12 223.00
108.00 223.88
109.00 223.88
110.00 223.88
111.00 223.88
112.00 223.88
113.00 223.88
114.00 223.88
115.00 223.88
116.00 223.88
117.00 223.88
118.00 223.88
119.00 223.88
120.00 223.88
121.00 223.88
122.00 223.88
122.88 223.00
123.00 222.88
124.00 222.88
125.00 222.88
126.00 222.88
127.00 222.88
127.88 222.00
128.00 221.88
129.00 221.88
130.00 221.88
130.88 221.00
131.00 220.88
132.00 220.88
132.88 220.00
133.00 219.88
134.00 219.88
134.88 219.00
135.00 218.88
135.88 218.00
136.00 217.88
136.88 217.00
137.00 216.88
138.00 216.88
138.88 216.00
139.00 215.88
139.88 215.00
140.00 214.88
140.88 214.00
140.88 213.00
141.00 212.88
141.88 212.00
142.00 211.88
142.88 211.00
142.88 210.00
143.00 209.88
143.88 209.00
143.88 208.00
144.00 207.88
144.88 207.00
144.88 206.00
144.88 205.00
144.88 204.00
145.00 203.88
145.88 203.00
145.88 202.00
145.88 201.00
146.00 200.88
146.88 200.00
146.88 199.00
146.88 198.00
146.88 197.00
147.00 196.88
147.88 196.00
147.88 195.00
147.88 194.00
147.88 193.00
147.88 192.00
147.88 191.00
148.00 190.88
148.88 190.00
148.88 189.00
148.88 188.00
149.00 187.88
149.88 187.00

Contour 4:
212.90 816.00
212.90 815.00
212.90 814.00
212.90 813.00
212.90 812.00
212.90 811.00
212.90 810.00
212.00 809.10
211.90 809.00
211.90 808.00
211.90 807.00
211.90 806.00
211.90 805.00
211.00 804.10
210.90 804.00
210.90 803.00
210.90 802.00
210.00 801.10
209.90 801.00
209.90 800.00
209.00 799.10
208.90 799.00
208.00 798.10
207.90 798.00
207.00 797.10
206.90 797.00
206.00 796.10
205.90 796.00
205.00 795.10
204.90 795.00
204.00 794.10
203.90 794.00
203.00 793.10
202.90 793.00
202.00 792.10
201.00 792.10
200.90 792.00
200.00 791.10
199.90 791.00
199.00 790.10
198.90 790.00
198.00 789.10
197.00 789.10
196.90 789.00
196.00 788.10
195.00 788.10
194.90 788.00
194.00 787.10
193.00 787.10
192.90 787.00
192.00 786.10
191.00 786.10
190.00 786.10
189.90 786.00
189.00 785.10
188.00 785.10
187.00 785.10
186.00 785.10
185.00 785.10
184.00 785.10
183.00 785.10
182.00 785.10
181.00 785.10
180.00 785.10
179.00 785.10
178.00 785.10
177.10 786.00
177.00 786.10
176.00 786.10
175.00 786.10
174.00 786.10
173.00 786.10
172.10 787.00
172.00 787.10
171.00 787.10
170.10 788.00
170.00 788.10
169.00 788.10
168.10 789.00
168.00 789.10
167.10 790.00
167.00 790.10
166.00 790.10
165.10 791.00
165.00 791.10
164.10 792.00
164.00 792.10
163.10 793.00
163.00 793.10
162.10 794.00
162.00 794.10
161.10 795.00
161.00 795.10
160.10 796.00
160.00 796.10
159.10 797.00
159.00 797.10
158.10 798.00
158.00 798.10
157.10 799.00
157.10 800.00
157.00 800.10
156.10 801.00
156.00 801.10
155.10 802.00
155.10 803.00
155.00 803.10
154.10 804.00
154.10 805.00
154.00 805.10
153.10 806.00
153.10 807.00
153.00 807.10
152.10 808.00
152.10 809.00
152.00 809.10
151.10 810.00
151.10 811.00
151.00 811.10
150.10 812.00
150.10 813.00
150.10 814.00
150.00 814.10
149.10 815.00
149.10 816.00
149.10 817.00
149.10 818.00
149.10 819.00
149.10 820.00
149.10 821.00
149.10 822.00
149.10 823.00
149.10 824.00
149.10 825.00
149.10 826.00
149.10 827.00
149.10 828.00
149.10 829.00
149.10 830.00
149.10 831.00
150.00 831.90
150.10 832.00
150.10 833.00
150.10 834.00
150.10 835.00
150.10 836.00
151.00 836.90
151.10 837.00
151.10 838.00
151.10 839.00
152.00 839.90
152.10 840.00
152.10 841.00
153.00 841.90
153.10 842.00
153.10 843.00
154.00 843.90
154.10 844.00
155.00 844.90
155.10 845.00
155.10 846.00
156.00 846.90
156.10 847.00
157.00 847.90
157.10 848.00
157.10 849.00
158.00 849.90
158.10 850.00
159.00 850.90
160.00 850.90
160.10 851.00
161.00 851.90
161.10 852.00
162.00 852.90
162.10 853.00
163.00 853.90
164.00 853.90
164.10 854.00
165.00 854.90
166.00 854.90
166.10 855.00
167.00 855.90
168.00 855.90
169.00 855.90
169.10 856.00
170.00 856.90
171.00 856.90
172.00 856.90
173.00 856.90
174.00 856.90
175.00 856.90
175.10 857.00
176.00 857.90
177.00 857.90
178.00 857.90
179.00 857.90
180.00 857.90
180.90 857.00
181.00 856.90
182.00 856.90
183.00 856.90
183.90 856.00
184.00 855.90
185.00 855.90
186.00 855.90
186.90 855.00
187.00 854.90
188.00 854.90
188.90 854.00
189.00 853.90
190.00 853.90
190.90 853.00
191.00 852.90
192.00 852.90
192.90 852.00
193.00 851.90
193.90 851.00
194.00 850.90
194.90 850.00
195.00 849.90
195.90 849.00
196.00 848.90
196.90 848.00
197.00 847.90
197.90 847.00
198.00 846.90
198.90 846.00
199.00 845.90
199.90 845.00
200.00 844.90
200.90 844.00
201.00 843.90
201.90 843.00
202.00 842.90
202.90 842.00
203.00 841.90
203.90 841.00
204.00 840.90
204.90 840.00
204.90 839.00
205.00 838.90
205.90 838.00
205.90 837.00
206.00 836.90
206.90 836.00
206.90 835.00
207.00 834.90
207.90 834.00
207.90 833.00
208.00 832.90
208.90 832.00
208.90 831.00
208.90 830.00
208.90 829.00
209.00 828.90
209.90 828.00
209.90 827.00
210.00 826.90
210.90 826.00
210.90 825.00
210.90 824.00
211.00 823.90
211.90 823.00
211.90 822.00
211.90 821.00
211.90 820.00
211.90 819.00
211.90 818.00
211.90 817.00
212.00 816.90
212.90 816.00

Contour 5:
294.92 388.00
294.92 387.00
294.92 386.00
294.00 385.08
293.92 385.00
293.92 384.00
293.92 383.00
293.92 382.00
293.92 381.00
293.92 380.00
293.92 379.00
293.92 378.00
293.92 377.00
293.00 376.08
292.92 376.00
292.92 375.00
292.92 374.00
292.00 373.08
291.92 373.00
291.92 372.00
291.92 371.00
291.00 370.08
290.92 370.00
290.92 369.00
290.00 368.08
289.92 368.00
289.92 367.00
289.00 366.08
288.92 366.00
288.92 365.00
288.00 364.08
287.92 364.00
287.00 363.08
286.92 363.00
286.00 362.08
285.92 362.00
285.00 361.08
284.92 361.00
284.00 360.08
283.92 360.00
283.00 359.08
282.00 359.08
281.92 359.00
281.00 358.08
280.00 358.08
279.92 358.00
279.00 357.08
278.00 357.08
277.92 357.00
277.00 356.08
276.00 356.08
275.00 356.08
274.92 356.00
274.00 355.08
273.00 355.08
272.00 355.08
271.92 355.00
271.00 354.08
270.00 354.08
269.00 354.08
268.00 354.08
267.00 354.08
266.00 354.08
265.92 354.00
265.00 353.08
264.00 353.08
263.00 353.08
262.00 353.08
261.00 353.08
260.00 353.08
259.00 353.08
258.00 353.08
257.00 353.08
256.00 353.08
255.00 353.08
254.00 353.08
253.08 354.00
253.00 354.08
252.00 354.08
251.00 354.08
250.00 354.08
249.00 354.08
248.08 355.00
248.00 355.08
247.00 355.08
246.08 356.00
246.00 356.08
245.00 356.08
244.08 357.00
244.00 357.08
243.00 357.08
242.08 358.00
242.00 358.08
241.08 359.00
241.00 359.08
240.00 359.08
239.08 360.00
239.00 360.08
238.08 361.00
238.00 361.08
237.08 362.00
237.00 362.08
236.08 363.00
236.00 363.08
235.08 364.00
235.00 364.08
234.08 365.00
234.00 365.08
233.08 366.00
233.00 366.08
232.08 367.00
232.00 367.08
231.08 368.00
231.08 369.00
231.00 369.08
230.08 370.00
230.00 370.08
229.08 371.00
229.08 372.00
229.08 373.00
229.00 373.08
228.08 374.00
228.08 375.00
228.00 375.08
227.08 376.00
227.08 377.00
227.00 377.08
226.08 378.00
226.08 379.00
226.08 380.00
226.00 380.08
225.08 381.00
225.08 382.00
225.08 383.00
225.08 384.00
225.08 385.00
225.08 386.00
225.08 387.00
225.08 388.00
225.08 389.00
225.08 390.00
225.08 391.00
225.08 392.00
226.00 392.92
226.08 393.00
226.08 394.00
226.08 395.00
226.08 396.00
227.00 396.92
227.08 397.00
227.08 398.00
227.08 399.00
227.08 400.00
228.00 400.92
228.08 401.00
228.08 402.00
229.00 402.92
229.08 403.00
229.08 404.00
230.00 404.92
230.08 405.00
230.08 406.00
231.00 406.92
231.08 407.00
231.08 408.00
232.00 408.92
232.08 409.00
233.00 409.92
233.08 410.00
234.00 410.92
234.08 411.00
234.08 412.00
235.00 412.92
235.08 413.00
236.00 413.92
236.08 414.00
237.00 414.92
237.08 415.00
238.00 415.92
238.08 416.00
239.00 416.92
240.00 416.92
240.08 417.00
241.00 417.92
241.08 418.00
242.00 418.92
242.08 419.00
243.00 419.92
244.00 419.92
244.08 420.00
245.00 420.92
246.00 420.92
247.00 420.92
247.08 421.00
248.00 421.92
249.00 421.92
250.00 421.92
250.08 422.00
251.00 422.92
252.00 422.92
253.00 422.92
254.00 422.92
255.00 422.92
256.00 422.92
256.92 422.00
257.00 421.92
258.00 421.92
259.00 421.92
259.92 421.00
260.00 420.92
261.00 420.92
262.00 420.92
262.92 420.00
263.00 419.92
264.00 419.92
264.92 419.00
265.00 418.92
266.00 418.92
266.92 418.00
267.00 417.92
268.00 417.92
269.00 417.92
269.92 417.00
270.00 416.92
271.00 416.92
271.92 416.00
272.00 415.92
273.00 415.92
273.92 415.00
274.00 414.92
275.00 414.92
276.00 414.92
276.92 414.00
277.00 413.92
278.00 413.92
278.92 413.00
279.00 412.92
279.92 412.00
280.00 411.92
280.92 411.00
281.00 410.92
282.00 410.92
282.92 410.00
283.00 409.92
283.92 409.00
284.00 408.92
284.92 408.00
285.00 407.92
285.92 407.00
286.00 406.92
286.92 406.00
286.92 405.00
287.00 404.92
287.92 404.00
288.00 403.92
288.92 403.00
288.92 402.00
289.00 401.92
289.92 401.00
289.92 400.00
289.92 399.00
290.00 398.92
290.92 398.00
291.00 397.92
291.92 397.00
291.92 396.00
292.00 395.92
292.92 395.00
292.92 394.00
292.92 393.00
293.00 392.92
293.92 392.00
293.92 391.00
293.92 390.00
293.92 389.00
294.00 388.92
294.92 388.00

Contour 6:
345.93 522.00
345.93 521.00
345.93 520.00
345.93 519.00
345.93 518.00
345.93 517.00
345.93 516.00
345.93 515.00
345.93 514.00
345.93 513.00
345.93 512.00
345.93 511.00
345.93 510.00
345.93 509.00
345.00 508.07
344.93 508.00
344.93 507.00
344.00 506.07
343.93 506.00
343.93 505.00
343.93 504.00
343.00 503.07
342.93 503.00
342.00 502.07
341.93 502.00
341.93 501.00
341.00 500.07
340.93 500.00
340.00 499.07
339.93 499.00
339.00 498.07
338.93 498.00
338.00 497.07
337.93 497.00
337.00 496.07
336.93 496.00
336.00 495.07
335.93 495.00
335.00 494.07
334.93 494.00
334.00 493.07
333.00 493.07
332.93 493.00
332.00 492.07
331.00 492.07
330.93 492.00
330.00 491.07
329.00 491.07
328.00 491.07
327.93 491.00
327.00 490.07
326.00 490.07
325.00 490.07
324.00 490.07
323.00 490.07
322.00 490.07
321.93 490.00
321.00 489.07
320.00 489.07
319.00 489.07
318.00 489.07
317.00 489.07
316.00 489.07
315.00 489.07
314.00 489.07
313.00 489.07
312.00 489.07
311.00 489.07
310.07 490.00
310.00 490.07
309.00 490.07
308.00 490.07
307.07 491.00
307.00 491.07
306.00 491.07
305.00 491.07
304.07 492.00
304.00 492.07
303.00 492.07
302.00 492.07
301.07 493.00
301.00 493.07
300.00 493.07
299.00 493.07
298.00 493.07
297.07 494.00
297.00 494.07
296.00 494.07
295.07 495.00
295.00 495.07
294.00 495.07
293.00 495.07
292.07 496.00
292.00 496.07
291.00 496.07
290.00 496.07
289.07 497.00
289.00 497.07
288.00 497.07
287.07 498.00
287.00 498.07
286.07 499.00
286.00 499.07
285.07 500.00
285.00 500.07
284.07 501.00
284.00 501.07
283.07 502.00
283.00 502.07
282.07 503.00
282.00 503.07
281.07 504.00
281.00 504.07
280.07 505.00
280.07 506.00
280.00 506.07
279.07 507.00
279.07 508.00
279.07 509.00
279.00 509.07
278.07 510.00
278.07 511.00
278.07 512.00
278.07 513.00
278.07 514.00
279.00 514.93
279.07 515.00
279.07 516.00
279.07 517.00
279.07 518.00
279.07 519.00
280.00 519.93
280.07 520.00
280.07 521.00
280.07 522.00
281.00 522.93
281.07 523.00
281.07 524.00
281.07 525.00
282.00 525.93
282.07 526.00
283.00 526.93
283.07 527.00
283.07 528.00
284.00 528.93
284.07 529.00
285.00 529.93
285.07 530.00
285.07 531.00
286.00 531.93
286.07 532.00
287.00 532.93
287.07 533.00
288.00 533.93
288.07 534.00
289.00 534.93
289.07 535.00
290.00 535.93
290.07 536.00
291.00 536.93
292.00 536.93
292.07 537.00
293.00 537.93
293.07 538.00
294.00 538.93
295.00 538.93
295.07 539.00
296.00 539.93
297.00 539.93
297.07 540.00
298.00 540.93
299.00 540.93
299.07 541.00
300.00 541.93
301.00 541.93
301.07 542.00
302.00 542.93
303.00 542.93
304.00 542.93
305.00 542.93
305.07 543.00
306.00 543.93
307.00 543.93
308.00 543.93
309.00 543.93
310.00 543.93
311.00 543.93
312.00 543.93
312.07 544.00
313.00 544.93
314.00 544.93
315.00 544.93
316.00 544.93
316.93 544.00
317.00 543.93
318.00 543.93
319.00 543.93
320.00 543.93
321.00 543.93
322.00 543.93
323.00 543.93
323.93 543.00
324.00 542.93
325.00 542.93
326.00 542.93
326.93 542.00
327.00 541.93
328.00 541.93
329.00 541.93
329.93 541.00
330.00 540.93
331.00 540.93
331.93 540.00
332.00 539.93
333.00 539.93
333.93 539.00
334.00 538.93
335.00 538.93
335.93 538.00
336.00 537.93
336.93 537.00
337.00 536.93
337.93 536.00
338.00 535.93
338.93 535.00
339.00 534.93
339.93 534.00
340.00 533.93
340.93 533.00
340.93 532.00
341.00 531.93
341.93 531.00
342.00 530.93
342.93 530.00
342.93 529.00
343.00 528.93
343.93 528.00
343.93 527.00
344.00 526.93
344.93 526.00
344.93 525.00
344.93 524.00
344.93 523.00
345.00 522.93
345.93 522.00

Contour 7:
309.06 0.00
309.00 0.06
308.00 0.06
307.00 0.06
306.06 1.00
306.00 1.06
305.00 1.06
304.06 2.00
304.00 2.06
303.00 2.06
302.06 3.00
302.00 3.06
301.00 3.06
300.06 4.00
300.00 4.06
299.06 5.00
299.06 6.00
299.00 6.06
298.06 7.00
298.00 7.06
297.06 8.00
297.06 9.00
297.00 9.06
296.06 10.00
296.06 11.00
296.00 11.06
295.06 12.00
295.06 13.00
295.06 14.00
295.00 14.06
294.06 15.00
294.06 16.00
294.06 17.00
294.00 17.06
293.06 18.00
293.06 19.00
293.06 20.00
293.06 21.00
294.00 21.94
294.06 22.00
294.06 23.00
294.06 24.00
294.06 25.00
295.00 25.94
295.06 26.00
295.06 27.00
296.00 27.94
296.06 28.00
296.06 29.00
297.00 29.94
297.06 30.00
298.00 30.94
298.06 31.00
298.06 32.00
299.00 32.94
299.06 33.00
300.00 33.94
301.00 33.94
301.06 34.00
302.00 34.94
302.06 35.00
303.00 35.94
304.00 35.94
304.06 36.00
305.00 36.94
306.00 36.94
306.06 37.00
307.00 37.94
308.00 37.94
309.00 37.94
309.06 38.00
310.00 38.94
311.00 38.94
312.00 38.94
313.00 38.94
313.06 39.00
314.00 39.94
315.00 39.94
316.00 39.94
317.00 39.94
318.00 39.94
319.00 39.94
319.06 40.00
320.00 40.94
321.00 40.94
322.00 40.94
323.00 40.94
324.00 40.94
325.00 40.94
326.00 40.94
327.00 40.94
328.00 40.94
329.00 40.94
330.00 40.94
331.00 40.94
332.00 40.94
333.00 40.94
334.00 40.94
335.00 40.94
336.00 40.94
337.00 40.94
337.94 40.00
338.00 39.94
339.00 39.94
340.00 39.94
341.00 39.94
342.00 39.94
342.94 39.00
343.00 38.94
344.00 38.94
345.00 38.94
345.94 38.00
346.00 37.94
347.00 37.94
347.94 37.00
348.00 36.94
349.00 36.94
349.94 36.00
350.00 35.94
350.94 35.00
351.00 34.94
352.00 34.94
352.94 34.00
353.00 33.94
354.00 33.94
354.94 33.00
355.00 32.94
355.94 32.00
356.00 31.94
356.94 31.00
357.00 30.94
357.94 30.00
358.00 29.94
358.94 29.00
359.00 28.94
359.94 28.00
360.00 27.94
360.94 27.00
361.00 26.94
361.94 26.00
361.94 25.00
362.00 24.94
362.94 24.00
362.94 23.00
363.00 22.94
363.94 22.00
363.94 21.00
364.00 20.94
364.94 20.00
364.94 19.00
364.94 18.00
365.00 17.94
365.94 17.00
365.94 16.00
365.94 15.00
365.94 14.00
365.94 13.00
365.94 12.00
365.94 11.00
365.94 10.00
365.94 9.00
365.94 8.00
365.94 7.00
365.94 6.00
365.00 5.06
364.94 5.00
364.94 4.00
364.00 3.06
363.94 3.00
363.00 2.06
362.94 2.00
362.00 1.06
361.00 1.06
360.94 1.00
360.00 0.06
359.00 0.06
358.94 0.00

Contour 8:
419.94 384.00
419.94 383.00
419.94 382.00
419.94 381.00
419.94 380.00
419.94 379.00
419.94 378.00
419.94 377.00
419.94 376.00
419.94 375.00
419.94 374.00
419.94 373.00
419.94 372.00
419.94 371.00
419.94 370.00
419.94 369.00
419.94 368.00
419.00 367.06
418.94 367.00
418.94 366.00
418.94 365.00
418.00 364.06
417.94 364.00
417.94 363.00
417.00 362.06
416.94 362.00
416.94 361.00
416.00 360.06
415.94 360.00
415.00 359.06
414.94 359.00
414.94 358.00
414.00 357.06
413.94 357.00
413.00 356.06
412.94 356.00
412.00 355.06
411.94 355.00
411.00 354.06
410.94 354.00
410.00 353.06
409.94 353.00
409.00 352.06
408.94 352.00
408.00 351.06
407.94 351.00
407.00 350.06
406.94 350.00
406.00 349.06
405.94 349.00
405.00 348.06
404.00 348.06
403.94 348.00
403.00 347.06
402.94 347.00
402.00 346.06
401.00 346.06
400.94 346.00
400.00 345.06
399.00 345.06
398.00 345.06
397.94 345.00
397.00 344.06
396.00 344.06
395.00 344.06
394.00 344.06
393.94 344.00
393.00 343.06
392.00 343.06
391.00 343.06
390.00 343.06
389.00 343.06
388.94 343.00
388.00 342.06
387.00 342.06
386.00 342.06
385.00 342.06
384.00 342.06
383.00 342.06
382.00 342.06
381.00 342.06
380.00 342.06
379.00 342.06
378.06 343.00
378.00 343.06
377.00 343.06
376.00 343.06
375.06 344.00
375.00 344.06
374.00 344.06
373.06 345.00
373.00 345.06
372.00 345.06
371.06 346.00
371.00 346.06
370.06 347.00
370.00 347.06
369.00 347.06
368.06 348.00
368.00 348.06
367.06 349.00
367.00 349.06
366.06 350.00
366.00 350.06
365.06 351.00
365.00 351.06
364.06 352.00
364.00 352.06
363.06 353.00
363.00 353.06
362.06 354.00
362.00 354.06
361.06 355.00
361.00 355.06
360.06 356.00
360.00 356.06
359.06 357.00
359.06 358.00
359.00 358.06
358.06 359.00
358.06 360.00
358.00 360.06
357.06 361.00
357.06 362.00
357.06 363.00
357.06 364.00
357.00 364.06
356.06 365.00
356.06 366.00
356.06 367.00
356.06 368.00
356.00 368.06
355.06 369.00
355.06 370.00
355.06 371.00
355.06 372.00
355.06 373.00
355.06 374.00
355.06 375.00
356.00 375.94
356.06 376.00
356.06 377.00
356.06 378.00
356.06 379.00
357.00 379.94
357.06 380.00
357.06 381.00
357.06 382.00
358.00 382.94
358.06 383.00
358.06 384.00
359.00 384.94
359.06 385.00
360.00 385.94
360.06 386.00
361.00 386.94
361.06 387.00
361.06 388.00
362.00 388.94
362.06 389.00
363.00 389.94
363.06 390.00
364.00 390.94
364.06 391.00
365.00 391.94
366.00 391.94
366.06 392.00
367.00 392.94
367.06 393.00
368.00 393.94
368.06 394.00
369.00 394.94
370.00 394.94
370.06 395.00
371.00 395.94
372.00 395.94
372.06 396.00
373.00 396.94
374.00 396.94
374.06 397.00
375.00 397.94
376.00 397.94
376.06 398.00
377.00 398.94
378.00 398.94
379.00 398.94
380.00 398.94
380.06 399.00
381.00 399.94
382.00 399.94
383.00 399.94
383.06 400.00
384.00 400.94
385.00 400.94
385.06 401.00
386.00 401.94
387.00 401.94
388.00 401.94
388.06 402.00
389.00 402.94
390.00 402.94
391.00 402.94
391.06 403.00
392.00 403.94
393.00 403.94
394.00 403.94
395.00 403.94
396.00 403.94
397.00 403.94
398.00 403.94
399.00 403.94
400.00 403.94
400.94 403.00
401.00 402.94
402.00 402.94
402.94 402.00
403.00 401.94
404.00 401.94
404.94 401.00
405.00 400.94
406.00 400.94
406.94 400.00
407.00 399.94
408.00 399.94
409.00 399.94
409.94 399.00
410.00 398.94
411.00 398.94
411.94 398.00
412.00 397.94
412.94 397.00
413.00 396.94
413.94 396.00
414.00 395.94
414.94 395.00
415.00 394.94
415.94 394.00
416.00 393.94
416.94 393.00
416.94 392.00
417.00 391.94
417.94 391.00
417.94 390.00
418.00 389.94
418.94 389.00
418.94 388.00
418.94 387.00
418.94 386.00
418.94 385.00
419.00 384.94
419.94 384.00

Contour 9:
450.95 480.00
450.95 479.00
450.95 478.00
450.95 477.00
450.95 476.00
450.95 475.00
450.95 474.00
450.95 473.00
450.95 472.00
450.95 471.00
450.95 470.00
450.95 469.00
450.95 468.00
450.95 467.00
450.95 466.00
450.00 465.05
449.95 465.00
449.95 464.00
449.95 463.00
449.00 462.05
448.95 462.00
448.95 461.00
448.00 460.05
447.95 460.00
447.95 459.00
447.00 458.05
446.95 458.00
446.00 457.05
445.95 457.00
445.00 456.05
444.95 456.00
444.00 455.05
443.95 455.00
443.00 454.05
442.95 454.00
442.00 453.05
441.95 453.00
441.00 452.05
440.00 452.05
439.95 452.00
439.00 451.05
438.00 451.05
437.95 451.00
437.00 450.05
436.00 450.05
435.00 450.05
434.95 450.00
434.00 449.05
433.00 449.05
432.00 449.05
431.00 449.05
430.95 449.00
430.00 448.05
429.00 448.05
428.00 448.05
427.00 448.05
426.00 448.05
425.00 448.05
424.00 448.05
423.95 448.00
423.00 447.05
422.00 447.05
421.00 447.05
420.00 447.05
419.00 447.05
418.05 448.00
418.00 448.05
417.00 448.05
416.00 448.05
415.00 448.05
414.00 448.05
413.00 448.05
412.05 449.00
412.00 449.05
411.00 449.05
410.00 449.05
409.00 449.05
408.00 449.05
407.00 449.05
406.00 449.05
405.00 449.05
404.05 450.00
404.00 450.05
403.00 450.05
402.00 450.05
401.00 450.05
400.05 451.00
400.00 451.05
399.00 451.05
398.05 452.00
398.00 452.05
397.00 452.05
396.00 452.05
395.05 453.00
395.00 453.05
394.00 453.05
393.05 454.00
393.00 454.05
392.00 454.05
391.05 455.00
391.00 455.05
390.00 455.05
389.05 456.00
389.00 456.05
388.00 456.05
387.05 457.00
387.00 457.05
386.00 457.05
385.05 458.00
385.05 459.00
385.00 459.05
384.05 460.00
384.00 460.05
383.05 461.00
383.05 462.00
383.00 462.05
382.05 463.00
382.05 464.00
382.05 465.00
382.05 466.00
382.00 466.05
381.05 467.00
381.05 468.00
381.05 469.00
381.05 470.00
381.05 471.00
381.05 472.00
381.05 473.00
381.05 474.00
381.05 475.00
381.05 476.00
381.05 477.00
381.05 478.00
382.00 478.95
382.05 479.00
382.05 480.00
382.05 481.00
382.05 482.00
382.05 483.00
382.05 484.00
383.00 484.95
383.05 485.00
383.05 486.00
383.05 487.00
384.00 487.95
384.05 488.00
384.05 489.00
385.00 489.95
385.05 490.00
385.05 491.00
386.00 491.95
386.05 492.00
387.00 492.95
387.05 493.00
387.05 494.00
388.00 494.95
388.05 495.00
389.00 495.95
389.05 496.00
390.00 496.95
390.05 497.00
391.00 497.95
391.05 498.00
392.00 498.95
393.00 498.95
393.05 499.00
394.00 499.95
394.05 500.00
395.00 500.95
396.00 500.95
396.05 501.00
397.00 501.95
398.00 501.95
399.00 501.95
400.00 501.95
401.00 501.95
402.00 501.95
403.00 501.95
404.00 501.95
405.00 501.95
406.00 501.95
407.00 501.95
408.00 501.95
409.00 501.95
410.00 501.95
411.00 501.95
412.00 501.95
413.00 501.95
413.05 502.00
414.00 502.95
415.00 502.95
416.00 502.95
417.00 502.95
418.00 502.95
419.00 502.95
420.00 502.95
421.00 502.95
422.00 502.95
422.95 502.00
423.00 501.95
424.00 501.95
425.00 501.95
426.00 501.95
427.00 501.95
427.95 501.00
428.00 500.95
429.00 500.95
430.00 500.95
430.95 500.00
431.00 499.95
432.00 499.95
432.95 499.00
433.00 498.95
434.00 498.95
435.00 498.95
435.95 498.00
436.00 497.95
437.00 497.95
437.95 497.00
438.00 496.95
438.95 496.00
439.00 495.95
439.95 495.00
440.00 494.95
441.00 494.95
441.95 494.00
442.00 493.95
442.95 493.00
443.00 492.95
443.95 492.00
444.00 491.95
444.95 491.00
445.00 490.95
445.95 490.00
446.00 489.95
446.95 489.00
446.95 488.00
447.00 487.95
447.95 487.00
447.95 486.00
448.00 485.95
448.95 485.00
448.95 484.00
449.00 483.95
449.95 483.00
449.95 482.00
449.95 481.00
450.00 480.95
450.95 480.00

Contour 10:
478.95 234.00
478.95 233.00
478.95 232.00
478.95 231.00
478.95 230.00
478.95 229.00
478.95 228.00
478.95 227.00
478.00 226.05
477.95 226.00
477.95 225.00
477.95 224.00
477.00 223.05
476.95 223.00
476.95 222.00
476.95 221.00
476.00 220.05
475.95 220.00
475.95 219.00
475.00 218.05
474.95 218.00
474.95 217.00
474.00 216.05
473.95 216.00
473.95 215.00
473.00 214.05
472.95 214.00
472.00 213.05
471.95 213.00
471.00 212.05
470.95 212.00
470.00 211.05
469.95 211.00
469.00 210.05
468.95 210.00
468.00 209.05
467.95 209.00
467.00 208.05
466.00 208.05
465.95 208.00
465.00 207.05
464.00 207.05
463.95 207.00
463.00 206.05
462.00 206.05
461.00 206.05
460.95 206.00
460.00 205.05
459.00 205.05
458.00 205.05
457.95 205.00
457.00 204.05
456.00 204.05
455.00 204.05
454.95 204.00
454.00 203.05
453.00 203.05
452.00 203.05
451.00 203.05
450.00 203.05
449.95 203.00
449.00 202.05
448.00 202.05
447.00 202.05
446.00 202.05
445.00 202.05
444.00 202.05
443.00 202.05
442.00 202.05
441.95 202.00
441.00 201.05
440.00 201.05
439.00 201.05
438.00 201.05
437.00 201.05
436.00 201.05
435.00 201.05
434.05 202.00
434.00 202.05
433.00 202.05
432.00 202.05
431.00 202.05
430.00 202.05
429.00 202.05
428.05 203.00
428.00 203.05
427.00 203.05
426.00 203.05
425.05 204.00
425.00 204.05
424.00 204.05
423.00 204.05
422.05 205.00
422.00 205.05
421.00 205.05
420.00 205.05
419.05 206.00
419.00 206.05
418.00 206.05
417.05 207.00
417.00 207.05
416.00 207.05
415.00 207.05
414.05 208.00
414.00 208.05
413.00 208.05
412.05 209.00
412.00 209.05
411.00 209.05
410.05 210.00
410.00 210.05
409.05 211.00
409.00 211.05
408.00 211.05
407.05 212.00
407.00 212.05
406.05 213.00
406.00 213.05
405.05 214.00
405.00 214.05
404.05 215.00
404.00 215.05
403.05 216.00
403.00 216.05
402.05 217.00
402.00 217.05
401.00 217.05
400.05 218.00
400.00 218.05
399.05 219.00
399.05 220.00
399.00 220.05
398.00 220.05
397.05 221.00
397.00 221.05
396.05 222.00
396.00 222.05
395.05 223.00
395.00 223.05
394.05 224.00
394.00 224.05
393.05 225.00
393.00 225.05
392.05 226.00
392.05 227.00
392.00 227.05
391.05 228.00
391.05 229.00
391.00 229.05
390.05 230.00
390.00 230.05
389.05 231.00
389.05 232.00
389.00 232.05
388.05 233.00
388.05 234.00
388.00 234.05
387.05 235.00
387.05 236.00
387.00 236.05
386.05 237.00
386.05 238.00
386.05 239.00
386.05 240.00
386.00 240.05
385.05 241.00
385.05 242.00
385.05 243.00
385.05 244.00
385.05 245.00
385.05 246.00
385.05 247.00
385.05 248.00
385.05 249.00
385.05 250.00
385.05 251.00
385.05 252.00
385.05 253.00
386.00 253.95
386.05 254.00
386.05 255.00
387.00 255.95
387.05 256.00
387.05 257.00
388.00 257.95
388.05 258.00
388.05 259.00
389.00 259.95
389.05 260.00
389.05 261.00
390.00 261.95
390.05 262.00
391.00 262.95
391.05 263.00
392.00 263.95
392.05 264.00
392.05 265.00
393.00 265.95
393.05 266.00
394.00 266.95
394.05 267.00
395.00 267.95
395.05 268.00
396.00 268.95
397.00 268.95
397.05 269.00
398.00 269.95
398.05 270.00
399.00 270.95
400.00 270.95
400.05 271.00
401.00 271.95
402.00 271.95
402.05 272.00
403.00 272.95
404.00 272.95
405.00 272.95
405.05 273.00
406.00 273.95
407.00 273.95
408.00 273.95
409.00 273.95
410.00 273.95
410.05 274.00
411.00 274.95
412.00 274.95
413.00 274.95
413.05 275.00
414.00 275.95
415.00 275.95
416.00 275.95
417.00 275.95
418.00 275.95
419.00 275.95
419.05 276.00
420.00 276.95
421.00 276.95
422.00 276.95
423.00 276.95
424.00 276.95
425.00 276.95
426.00 276.95
427.00 276.95
428.00 276.95
429.00 276.95
430.00 276.95
431.00 276.95
432.00 276.95
432.95 276.00
433.00 275.95
434.00 275.95
435.00 275.95
436.00 275.95
437.00 275.95
437.95 275.00
438.00 274.95
439.00 274.95
439.95 274.00
440.00 273.95
441.00 273.95
442.00 273.95
442.95 273.00
443.00 272.95
444.00 272.95
445.00 272.95
445.95 272.00
446.00 271.95
447.00 271.95
448.00 271.95
448.95 271.00
449.00 270.95
450.00 270.95
450.95 270.00
451.00 269.95
452.00 269.95
452.95 269.00
453.00 268.95
454.00 268.95
454.95 268.00
455.00 267.95
456.00 267.95
456.95 267.00
457.00 266.95
457.95 266.00
458.00 265.95
459.00 265.95
459.95 265.00
460.00 264.95
460.95 264.00
461.00 263.95
461.95 263.00
462.00 262.95
463.00 262.95
463.95 262.00
464.00 261.95
464.95 261.00
465.00 260.95
465.95 260.00
466.00 259.95
466.95 259.00
467.00 258.95
467.95 258.00
468.00 257.95
468.95 257.00
469.00 256.95
469.95 256.00
470.00 255.95
470.95 255.00
471.00 254.95
471.95 254.00
471.95 253.00
472.00 252.95
472.95 252.00
473.00 251.95
473.95 251.00
473.95 250.00
474.00 249.95
474.95 249.00
474.95 248.00
474.95 247.00
475.00 246.95
475.95 246.00
475.95 245.00
476.00 244.95
476.95 244.00
476.95 243.00
476.95 242.00
477.00 241.95
477.95 241.00
477.95 240.00
477.95 239.00
477.95 238.00
477.95 237.00
477.95 236.00
477.95 235.00
478.00 234.95
478.95 234.00

Contour 11:
528.96 715.00
528.96 714.00
528.96 713.00
528.96 712.00
528.96 711.00
528.96 710.00
528.96 709.00
528.96 708.00
528.96 707.00
528.96 706.00
528.96 705.00
528.96 704.00
528.96 703.00
528.96 702.00
528.00 701.04
527.96 701.00
527.96 700.00
527.00 699.04
526.96 699.00
526.96 698.00
526.00 697.04
525.96 697.00
525.96 696.00
525.00 695.04
524.96 695.00
524.00 694.04
523.96 694.00
523.96 693.00
523.00 692.04
522.96 692.00
522.00 691.04
521.96 691.00
521.00 690.04
520.96 690.00
520.00 689.04
519.96 689.00
519.96 688.00
519.00 687.04
518.96 687.00
518.00 686.04
517.96 686.00
517.00 685.04
516.96 685.00
516.00 684.04
515.96 684.00
515.00 683.04
514.00 683.04
513.96 683.00
513.00 682.04
512.96 682.00
512.00 681.04
511.96 681.00
511.00 680.04
510.96 680.00
510.00 679.04
509.00 679.04
508.96 679.00
508.00 678.04
507.00 678.04
506.96 678.00
506.00 677.04
505.00 677.04
504.00 677.04
503.96 677.00
503.00 676.04
502.00 676.04
501.96 676.00
501.00 675.04
500.00 675.04
499.00 675.04
498.00 675.04
497.96 675.00
497.00 674.04
496.00 674.04
495.00 674.04
494.00 674.04
493.00 674.04
492.00 674.04
491.00 674.04
490.00 674.04
489.04 675.00
489.00 675.04
488.00 675.04
487.00 675.04
486.00 675.04
485.04 676.00
485.00 676.04
484.00 676.04
483.00 676.04
482.04 677.00
482.00 677.04
481.00 677.04
480.00 677.04
479.04 678.00
479.00 678.04
478.00 678.04
477.04 679.00
477.00 679.04
476.00 679.04
475.04 680.00
475.00 680.04
474.00 680.04
473.04 681.00
473.00 681.04
472.00 681.04
471.04 682.00
471.00 682.04
470.04 683.00
470.00 683.04
469.04 684.00
469.00 684.04
468.04 685.00
468.00 685.04
467.04 686.00
467.00 686.04
466.04 687.00
466.04 688.00
466.00 688.04
465.04 689.00
465.04 690.00
465.00 690.04
464.04 691.00
464.04 692.00
464.04 693.00
464.04 694.00
464.00 694.04
463.04 695.00
463.04 696.00
463.04 697.00
463.04 698.00
463.04 699.00
463.00 699.04
462.04 700.00
462.04 701.00
462.04 702.00
462.04 703.00
462.04 704.00
462.04 705.00
462.04 706.00
462.04 707.00
463.00 707.96
463.04 708.00
463.04 709.00
463.04 710.00
463.04 711.00
463.04 712.00
464.00 712.96
464.04 713.00
464.04 714.00
465.00 714.96
465.04 715.00
465.04 716.00
465.04 717.00
466.00 717.96
466.04 718.00
466.04 719.00
467.00 719.96
467.04 720.00
468.00 720.96
468.04 721.00
468.04 722.00
469.00 722.96
469.04 723.00
470.00 723.96
470.04 724.00
470.04 725.00
471.00 725.96
471.04 726.00
472.00 726.96
472.04 727.00
473.00 727.96
474.00 727.96
474.04 728.00
475.00 728.96
475.04 729.00
476.00 729.96
476.04 730.00
477.00 730.96
478.00 730.96
478.04 731.00
479.00 731.96
480.00 731.96
480.04 732.00
481.00 732.96
482.00 732.96
483.00 732.96
483.04 733.00
484.00 733.96
485.00 733.96
485.04 734.00
486.00 734.96
487.00 734.96
488.00 734.96
489.00 734.96
489.04 735.00
490.00 735.96
491.00 735.96
492.00 735.96
493.00 735.96
494.00 735.96
495.00 735.96
496.00 735.96
497.00 735.96
498.00 735.96
499.00 735.96
500.00 735.96
501.00 735.96
502.00 735.96
503.00 735.96
504.00 735.96
504.96 735.00
505.00 734.96
506.00 734.96
507.00 734.96
508.00 734.96
508.96 734.00
509.00 733.96
510.00 733.96
511.00 733.96
511.96 733.00
512.00 732.96
513.00 732.96
513.96 732.00
514.00 731.96
515.00 731.96
515.96 731.00
516.00 730.96
516.96 730.00
517.00 729.96
517.96 729.00
518.00 728.96
519.00 728.96
519.96 728.00
520.00 727.96
520.96 727.00
521.00 726.96
521.96 726.00
522.00 725.96
522.96 725.00
523.00 724.96
523.96 724.00
524.00 723.96
524.96 723.00
525.00 722.96
525.96 722.00
525.96 721.00
526.00 720.96
526.96 720.00
526.96 719.00
527.00 718.96
527.96 718.00
527.96 717.00
527.96 716.00
528.00 715.96
528.96 715.00

Contour 12:
563.96 333.00
563.96 332.00
563.96 331.00
563.96 330.00
563.96 329.00
563.96 328.00
563.96 327.00
563.96 326.00
563.96 325.00
563.96 324.00
563.96 323.00
563.96 322.00
563.96 321.00
563.96 320.00
563.96 319.00
563.00 318.04
562.96 318.00
562.96 317.00
562.96 316.00
562.00 315.04
561.96 315.00
561.96 314.00
561.96 313.00
561.00 312.04
560.96 312.00
560.96 311.00
560.00 310.04
559.96 310.00
559.96 309.00
559.00 308.04
558.96 308.00
558.96 307.00
558.00 306.04
557.96 306.00
557.96 305.00
557.00 304.04
556.96 304.00
556.00 303.04
555.96 303.00
555.00 302.04
554.96 302.00
554.00 301.04
553.96 301.00
553.00 300.04
552.96 300.00
552.00 299.04
551.96 299.00
551.00 298.04
550.96 298.00
550.00 297.04
549.00 297.04
548.96 297.00
548.00 296.04
547.96 296.00
547.00 295.04
546.00 295.04
545.96 295.00
545.00 294.04
544.00 294.04
543.00 294.04
542.96 294.00
542.00 293.04
541.00 293.04
540.00 293.04
539.00 293.04
538.96 293.00
538.00 292.04
537.00 292.04
536.00 292.04
535.00 292.04
534.00 292.04
533.00 292.04
532.00 292.04
531.00 292.04
530.00 292.04
529.00 292.04
528.04 293.00
528.00 293.04
527.00 293.04
526.00 293.04
525.00 293.04
524.04 294.00
524.00 294.04
523.00 294.04
522.00 294.04
521.04 295.00
521.00 295.04
520.00 295.04
519.00 295.04
518.04 296.00
518.00 296.04
517.00 296.04
516.04 297.00
516.00 297.04
515.00 297.04
514.04 298.00
514.00 298.04
513.00 298.04
512.04 299.00
512.00 299.04
511.00 299.04
510.04 300.00
510.00 300.04
509.04 301.00
509.00 301.04
508.00 301.04
507.04 302.00
507.00 302.04
506.04 303.00
506.00 303.04
505.04 304.00
505.00 304.04
504.04 305.00
504.00 305.04
503.04 306.00
503.00 306.04
502.04 307.00
502.00 307.04
501.04 308.00
501.04 309.00
501.00 309.04
500.04 310.00
500.04 311.00
500.00 311.04
499.04 312.00
499.04 313.00
499.00 313.04
498.04 314.00
498.04 315.00
498.04 316.00
498.00 316.04
497.04 317.00
497.04 318.00
497.04 319.00
497.04 320.00
497.04 321.00
497.04 322.00
497.04 323.00
497.04 324.00
497.04 325.00
497.04 326.00
497.04 327.00
498.00 327.96
498.04 328.00
498.04 329.00
498.04 330.00
499.00 330.96
499.04 331.00
499.04 332.00
499.04 333.00
500.00 333.96
500.04 334.00
500.04 335.00
501.00 335.96
501.04 336.00
501.04 337.00
501.04 338.00
502.00 338.96
502.04 339.00
502.04 340.00
503.00 340.96
503.04 341.00
504.00 341.96
504.04 342.00
504.04 343.00
505.00 343.96
505.04 344.00
506.00 344.96
506.04 345.00
507.00 345.96
507.04 346.00
508.00 346.96
508.04 347.00
509.00 347.96
509.04 348.00
510.00 348.96
511.00 348.96
511.04 349.00
512.00 349.96
512.04 350.00
513.00 350.96
514.00 350.96
514.04 351.00
515.00 351.96
516.00 351.96
517.00 351.96
517.04 352.00
518.00 352.96
519.00 352.96
519.04 353.00
520.00 353.96
521.00 353.96
522.00 353.96
523.00 353.96
524.00 353.96
525.00 353.96
525.04 354.00
526.00 354.96
527.00 354.96
528.00 354.96
529.00 354.96
530.00 354.96
531.00 354.96
532.00 354.96
533.00 354.96
534.00 354.96
535.00 354.96
536.00 354.96
537.00 354.96
537.96 354.00
538.00 353.96
539.00 353.96
540.00 353.96
541.00 353.96
542.00 353.96
542.96 353.00
543.00 352.96
544.00 352.96
545.00 352.96
545.96 352.00
546.00 351.96
547.00 351.96
547.96 351.00
548.00 350.96
549.00 350.96
550.00 350.96
550.96 350.00
551.00 349.96
551.96 349.00
552.00 348.96
553.00 348.96
553.96 348.00
554.00 347.96
554.96 347.00
555.00 346.96
555.96 346.00
556.00 345.96
557.00 345.96
557.96 345.00
558.00 344.96
558.96 344.00
558.96 343.00
559.00 342.96
559.96 342.00
560.00 341.96
560.96 341.00
560.96 340.00
561.00 339.96
561.96 339.00
561.96 338.00
562.00 337.96
562.96 337.00
562.96 336.00
562.96 335.00
562.96 334.00
563.00 333.96
563.96 333.00

Contour 13:
561.96 595.00
561.96 594.00
561.96 593.00
561.96 592.00
561.96 591.00
561.96 590.00
561.00 589.04
560.96 589.00
560.96 588.00
560.96 587.00
560.96 586.00
560.96 585.00
560.00 584.04
559.96 584.00
559.96 583.00
559.96 582.00
559.96 581.00
559.00 580.04
558.96 580.00
558.96 579.00
558.96 578.00
558.00 577.04
557.96 577.00
557.96 576.00
557.00 575.04
556.96 575.00
556.96 574.00
556.00 573.04
555.96 573.00
555.00 572.04
554.96 572.00
554.96 571.00
554.00 570.04
553.96 570.00
553.00 569.04
552.96 569.00
552.96 568.00
552.00 567.04
551.96 567.00
551.00 566.04
550.96 566.00
550.00 565.04
549.96 565.00
549.00 564.04
548.96 564.00
548.00 563.04
547.96 563.00
547.00 562.04
546.00 562.04
545.96 562.00
545.00 561.04
544.00 561.04
543.96 561.00
543.00 560.04
542.00 560.04
541.00 560.04
540.96 560.00
540.00 559.04
539.00 559.04
538.96 559.00
538.00 558.04
537.00 558.04
536.00 558.04
535.00 558.04
534.00 558.04
533.00 558.04
532.00 558.04
531.00 558.04
530.00 558.04
529.00 558.04
528.00 558.04
527.00 558.04
526.00 558.04
525.04 559.00
525.00 559.04
524.00 559.04
523.00 559.04
522.04 560.00
522.00 560.04
521.00 560.04
520.04 561.00
520.00 561.04
519.00 561.04
518.04 562.00
518.00 562.04
517.00 562.04
516.04 563.00
516.00 563.04
515.04 564.00
515.00 564.04
514.00 564.04
513.04 565.00
513.00 565.04
512.04 566.00
512.00 566.04
511.04 567.00
511.04 568.00
511.00 568.04
510.04 569.00
510.00 569.04
509.04 570.00
509.00 570.04
508.04 571.00
508.04 572.00
508.00 572.04
507.04 573.00
507.00 573.04
506.04 574.00
506.04 575.00
506.00 575.04
505.04 576.00
505.00 576.04
504.04 577.00
504.04 578.00
504.00 578.04
503.04 579.00
503.04 580.00
503.00 580.04
502.04 581.00
502.04 582.00
502.04 583.00
502.00 583.04
501.04 584.00
501.04 585.00
501.04 586.00
501.04 587.00
501.04 588.00
501.04 589.00
501.04 590.00
501.04 591.00
501.04 592.00
501.04 593.00
501.04 594.00
501.04 595.00
501.04 596.00
502.00 596.96
502.04 597.00
502.04 598.00
502.04 599.00
502.04 600.00
502.04 601.00
503.00 601.96
503.04 602.00
503.04 603.00
504.00 603.96
504.04 604.00
504.04 605.00
505.00 605.96
505.04 606.00
505.04 607.00
506.00 607.96
506.04 608.00
507.00 608.96
507.04 609.00
507.04 610.00
508.00 610.96
508.04 611.00
509.00 611.96
509.04 612.00
510.00 612.96
510.04 613.00
510.04 614.00
511.00 614.96
511.04 615.00
512.00 615.96
512.04 616.00
513.00 616.96
513.04 617.00
514.00 617.96
515.00 617.96
515.04 618.00
516.00 618.96
516.04 619.00
517.00 619.96
517.04 620.00
518.00 620.96
519.00 620.96
519.04 621.00
520.00 621.96
521.00 621.96
521.04 622.00
522.00 622.96
523.00 622.96
524.00 622.96
524.04 623.00
525.00 623.96
526.00 623.96
526.04 624.00
527.00 624.96
528.00 624.96
529.00 624.96
529.04 625.00
530.00 625.96
531.00 625.96
531.04 626.00
532.00 626.96
533.00 626.96
534.00 626.96
535.00 626.96
536.00 626.96
537.00 626.96
538.00 626.96
539.00 626.96
540.00 626.96
540.96 626.00
541.00 625.96
542.00 625.96
543.00 625.96
543.96 625.00
544.00 624.96
545.00 624.96
545.96 624.00
546.00 623.96
546.96 623.00
547.00 622.96
548.00 622.96
548.96 622.00
549.00 621.96
549.96 621.00
550.00 620.96
550.96 620.00
551.00 619.96
551.96 619.00
552.00 618.96
552.96 618.00
553.00 617.96
553.96 617.00
554.00 616.96
554.96 616.00
555.00 615.96
555.96 615.00
555.96 614.00
556.00 613.96
556.96 613.00
557.00 612.96
557.96 612.00
557.96 611.00
558.00 610.96
558.96 610.00
558.96 609.00
559.00 608.96
559.96 608.00
559.96 607.00
559.96 606.00
560.00 605.96
560.96 605.00
560.96 604.00
560.96 603.00
560.96 602.00
560.96 601.00
560.96 600.00
560.96 599.00
560.96 598.00
560.96 597.00
560.96 596.00
561.00 595.96
561.96 595.00

Contour 14:
565.97 473.00
565.97 472.00
565.97 471.00
565.97 470.00
565.97 469.00
565.97 468.00
565.97 467.00
565.97 466.00
565.97 465.00
565.97 464.00
565.97 463.00
565.97 462.00
565.97 461.00
565.97 460.00
565.97 459.00
565.00 458.03
564.97 458.00
564.97 457.00
564.97 456.00
564.97 455.00
564.00 454.03
563.97 454.00
563.97 453.00
563.00 452.03
562.97 452.00
562.97 451.00
562.00 450.03
561.97 450.00
561.00 449.03
560.97 449.00
560.97 448.00
560.00 447.03
559.97 447.00
559.00 446.03
558.97 446.00
558.00 445.03
557.97 445.00
557.00 444.03
556.97 444.00
556.00 443.03
555.00 443.03
554.97 443.00
554.00 442.03
553.97 442.00
553.00 441.03
552.97 441.00
552.00 440.03
551.97 440.00
551.00 439.03
550.00 439.03
549.97 439.00
549.00 438.03
548.00 438.03
547.97 438.00
547.00 437.03
546.00 437.03
545.97 437.00
545.00 436.03
544.00 436.03
543.00 436.03
542.97 436.00
542.00 435.03
541.00 435.03
540.00 435.03
539.00 435.03
538.97 435.00
538.00 434.03
537.00 434.03
536.00 434.03
535.00 434.03
534.00 434.03
533.00 434.03
532.00 434.03
531.00 434.03
530.00 434.03
529.00 434.03
528.03 435.00
528.00 435.03
527.00 435.03
526.00 435.03
525.03 436.00
525.00 436.03
524.00 436.03
523.00 436.03
522.03 437.00
522.00 437.03
521.00 437.03
520.03 438.00
520.00 438.03
519.00 438.03
518.03 439.00
518.00 439.03
517.00 439.03
516.03 440.00
516.00 440.03
515.03 441.00
515.00 441.03
514.03 442.00
514.00 442.03
513.00 442.03
512.03 443.00
512.00 443.03
511.03 444.00
511.03 445.00
511.00 445.03
510.03 446.00
510.00 446.03
509.03 447.00
509.00 447.03
508.03 448.00
508.03 449.00
508.00 449.03
507.03 450.00
507.03 451.00
507.03 452.00
507.00 452.03
506.03 453.00
506.03 454.00
506.03 455.00
506.00 455.03
505.03 456.00
505.03 457.00
505.03 458.00
505.03 459.00
505.03 460.00
505.03 461.00
505.03 462.00
505.03 463.00
505.00 463.03
504.03 464.00
504.03 465.00
504.03 466.00
504.03 467.00
504.03 468.00
504.03 469.00
505.00 469.97
505.03 470.00
505.03 471.00
505.03 472.00
505.03 473.00
505.03 474.00
506.00 474.97
506.03 475.00
506.03 476.00
506.03 477.00
507.00 477.97
507.03 478.00
507.03 479.00
507.03 480.00
508.00 480.97
508.03 481.00
509.00 481.97
509.03 482.00
509.03 483.00
510.00 483.97
510.03 484.00
510.03 485.00
511.00 485.97
511.03 486.00
512.00 486.97
512.03 487.00
513.00 487.97
513.03 488.00
513.03 489.00
514.00 489.97
514.03 490.00
515.00 490.97
516.00 490.97
516.03 491.00
517.00 491.97
517.03 492.00
518.00 492.97
518.03 493.00
519.00 493.97
520.00 493.97
520.03 494.00
521.00 494.97
521.03 495.00
522.00 495.97
523.00 495.97
523.03 496.00
524.00 496.97
525.00 496.97
525.03 497.00
526.00 497.97
527.00 497.97
528.00 497.97
528.03 498.00
529.00 498.97
530.00 498.97
531.00 498.97
532.00 498.97
533.00 498.97
534.00 498.97
535.00 498.97
536.00 498.97
537.00 498.97
538.00 498.97
539.00 498.97
540.00 498.97
541.00 498.97
542.00 498.97
543.00 498.97
544.00 498.97
544.97 498.00
545.00 497.97
546.00 497.97
547.00 497.97
547.97 497.00
548.00 496.97
549.00 496.97
549.97 496.00
550.00 495.97
551.00 495.97
551.97 495.00
552.00 494.97
552.97 494.00
553.00 493.97
553.97 493.00
554.00 492.97
555.00 492.97
555.97 492.00
556.00 491.97
556.97 491.00
557.00 490.97
557.97 490.00
558.00 489.97
558.97 489.00
559.00 488.97
559.97 488.00
559.97 487.00
560.00 486.97
560.97 486.00
561.00 485.97
561.97 485.00
561.97 484.00
562.00 483.97
562.97 483.00
562.97 482.00
563.00 481.97
563.97 481.00
563.97 480.00
563.97 479.00
564.00 478.97
564.97 478.00
564.97 477.00
564.97 476.00
564.97 475.00
564.97 474.00
565.00 473.97
565.97 473.00

Contour 15:
654.97 474.00
654.97 473.00
654.97 472.00
654.00 471.03
653.97 471.00
653.97 470.00
653.97 469.00
653.97 468.00
653.97 467.00
653.97 466.00
653.00 465.03
652.97 465.00
652.97 464.00
652.97 463.00
652.97 462.00
652.00 461.03
651.97 461.00
651.97 460.00
651.97 459.00
651.97 458.00
651.00 457.03
650.97 457.00
650.97 456.00
650.97 455.00
650.00 454.03
649.97 454.00
649.97 453.00
649.00 452.03
648.97 452.00
648.97 451.00
648.00 450.03
647.97 450.00
647.97 449.00
647.00 448.03
646.97 448.00
646.00 447.03
645.97 447.00
645.00 446.03
644.97 446.00
644.00 445.03
643.97 445.00
643.97 444.00
643.00 443.03
642.97 443.00
642.00 442.03
641.97 442.00
641.00 441.03
640.97 441.00
640.97 440.00
640.00 439.03
639.97 439.00
639.00 438.03
638.97 438.00
638.97 437.00
638.00 436.03
637.97 436.00
637.00 435.03
636.97 435.00
636.00 434.03
635.97 434.00
635.00 433.03
634.97 433.00
634.00 432.03
633.00 432.03
632.97 432.00
632.00 431.03
631.97 431.00
631.00 430.03
630.00 430.03
629.97 430.00
629.00 429.03
628.00 429.03
627.00 429.03
626.97 429.00
626.00 428.03
625.00 428.03
624.00 428.03
623.00 428.03
622.00 428.03
621.00 428.03
620.00 428.03
619.00 428.03
618.00 428.03
617.00 428.03
616.00 428.03
615.00 428.03
614.00 428.03
613.03 429.00
613.00 429.03
612.00 429.03
611.00 429.03
610.00 429.03
609.03 430.00
609.00 430.03
608.00 430.03
607.00 430.03
606.03 431.00
606.00 431.03
605.00 431.03
604.03 432.00
604.00 432.03
603.00 432.03
602.03 433.00
602.00 433.03
601.00 433.03
600.03 434.00
600.00 434.03
599.03 435.00
599.00 435.03
598.03 436.00
598.00 436.03
597.03 437.00
597.00 437.03
596.00 437.03
595.03 438.00
595.00 438.03
594.03 439.00
594.00 439.03
593.03 440.00
593.03 441.00
593.00 441.03
592.03 442.00
592.00 442.03
591.03 443.00
591.03 444.00
591.00 444.03
590.03 445.00
590.00 445.03
589.03 446.00
589.03 447.00
589.00 447.03
588.03 448.00
588.03 449.00
588.00 449.03
587.03 450.00
587.03 451.00
587.00 451.03
586.03 452.00
586.03 453.00
586.03 454.00
586.00 454.03
585.03 455.00
585.03 456.00
585.03 457.00
585.03 458.00
585.03 459.00
585.03 460.00
585.03 461.00
585.03 462.00
585.03 463.00
585.03 464.00
585.03 465.00
585.03 466.00
586.00 466.97
586.03 467.00
586.03 468.00
586.03 469.00
586.03 470.00
587.00 470.97
587.03 471.00
587.03 472.00
587.03 473.00
588.00 473.97
588.03 474.00
588.03 475.00
588.03 476.00
589.00 476.97
589.03 477.00
589.03 478.00
590.00 478.97
590.03 479.00
590.03 480.00
591.00 480.97
591.03 481.00
591.03 482.00
592.00 482.97
592.03 483.00
592.03 484.00
593.00 484.97
593.03 485.00
594.00 485.97
594.03 486.00
595.00 486.97
595.03 487.00
596.00 487.97
596.03 488.00
596.03 489.00
597.00 489.97
597.03 490.00
598.00 490.97
598.03 491.00
599.00 491.97
600.00 491.97
600.03 492.00
601.00 492.97
601.03 493.00
602.00 493.97
602.03 494.00
603.00 494.97
604.00 494.97
605.00 494.97
605.03 495.00
606.00 495.97
607.00 495.97
607.03 496.00
608.00 496.97
609.00 496.97
610.00 496.97
611.00 496.97
611.03 497.00
612.00 497.97
613.00 497.97
614.00 497.97
615.00 497.97
616.00 497.97
616.03 498.00
617.00 498.97
618.00 498.97
619.00 498.97
620.00 498.97
621.00 498.97
621.97 498.00
622.00 497.97
623.00 497.97
624.00 497.97
625.00 497.97
626.00 497.97
627.00 497.97
628.00 497.97
629.00 497.97
629.97 497.00
630.00 496.97
631.00 496.97
632.00 496.97
633.00 496.97
633.97 496.00
634.00 495.97
635.00 495.97
635.97 495.00
636.00 494.97
637.00 494.97
637.97 494.00
638.00 493.97
639.00 493.97
639.97 493.00
640.00 492.97
641.00 492.97
641.97 492.00
642.00 491.97
642.97 491.00
643.00 490.97
644.00 490.97
644.97 490.00
645.00 489.97
645.97 489.00
646.00 488.97
646.97 488.00
647.00 487.97
647.97 487.00
648.00 486.97
648.97 486.00
649.00 485.97
649.97 485.00
650.00 484.97
650.97 484.00
651.00 483.97
651.97 483.00
651.97 482.00
652.00 481.97
652.97 481.00
652.97 480.00
653.00 479.97
653.97 479.00
653.97 478.00
653.97 477.00
653.97 476.00
653.97 475.00
654.00 474.97
654.97 474.00

Contour 16:
662.97 639.00
662.97 638.00
662.97 637.00
662.97 636.00
662.97 635.00
662.97 634.00
662.97 633.00
662.97 632.00
662.97 631.00
662.97 630.00
662.97 629.00
662.97 628.00
662.97 627.00
662.00 626.03
661.97 626.00
661.97 625.00
661.97 624.00
661.00 623.03
660.97 623.00
660.97 622.00
660.00 621.03
659.97 621.00
659.97 620.00
659.00 619.03
658.97 619.00
658.97 618.00
658.00 617.03
657.97 617.00
657.00 616.03
656.97 616.00
656.00 615.03
655.97 615.00
655.00 614.03
654.97 614.00
654.00 613.03
653.97 613.00
653.00 612.03
652.97 612.00
652.00 611.03
651.97 611.00
651.00 610.03
650.00 610.03
649.97 610.00
649.00 609.03
648.97 609.00
648.00 608.03
647.00 608.03
646.97 608.00
646.00 607.03
645.00 607.03
644.97 607.00
644.00 606.03
643.00 606.03
642.00 606.03
641.97 606.00
641.00 605.03
640.00 605.03
639.00 605.03
638.00 605.03
637.00 605.03
636.00 605.03
635.97 605.00
635.00 604.03
634.00 604.03
633.00 604.03
632.00 604.03
631.00 604.03
630.00 604.03
629.00 604.03
628.00 604.03
627.00 604.03
626.00 604.03
625.03 605.00
625.00 605.03
624.00 605.03
623.00 605.03
622.00 605.03
621.03 606.00
621.00 606.03
620.00 606.03
619.00 606.03
618.03 607.00
618.00 607.03
617.00 607.03
616.03 608.00
616.00 608.03
615.00 608.03
614.03 609.00
614.00 609.03
613.00 609.03
612.03 610.00
612.00 610.03
611.03 611.00
611.00 611.03
610.03 612.00
610.00 612.03
609.03 613.00
609.00 613.03
608.03 614.00
608.00 614.03
607.03 615.00
607.00 615.03
606.00 615.03
605.03 616.00
605.00 616.03
604.03 617.00
604.00 617.03
603.03 618.00
603.03 619.00
603.00 619.03
602.03 620.00
602.00 620.03
601.03 621.00
601.03 622.00
601.00 622.03
600.03 623.00
600.03 624.00
600.00 624.03
599.03 625.00
599.03 626.00
599.00 626.03
598.03 627.00
598.03 628.00
598.00 628.03
597.03 629.00
597.03 630.00
597.00 630.03
596.03 631.00
596.03 632.00
596.00 632.03
595.03 633.00
595.03 634.00
595.03 635.00
595.03 636.00
595.03 637.00
595.03 638.00
595.03 639.00
595.03 640.00
595.03 641.00
595.03 642.00
595.03 643.00
595.03 644.00
595.03 645.00
596.00 645.97
596.03 646.00
596.03 647.00
596.03 648.00
596.03 649.00
596.03 650.00
597.00 650.97
597.03 651.00
597.03 652.00
598.00 652.97
598.03 653.00
598.03 654.00
599.00 654.97
599.03 655.00
599.03 656.00
600.00 656.97
600.03 657.00
601.00 657.97
601.03 658.00
601.03 659.00
602.00 659.97
602.03 660.00
603.00 660.97
603.03 661.00
604.00 661.97
604.03 662.00
605.00 662.97
606.00 662.97
606.03 663.00
607.00 663.97
607.03 664.00
608.00 664.97
608.03 665.00
609.00 665.97
610.00 665.97
610.03 666.00
611.00 666.97
612.00 666.97
612.03 667.00
613.00 667.97
614.00 667.97
614.03 668.00
615.00 668.97
616.00 668.97
617.00 668.97
617.03 669.00
618.00 669.97
619.00 669.97
620.00 669.97
620.03 670.00
621.00 670.97
622.00 670.97
623.00 670.97
624.00 670.97
625.00 670.97
626.00 670.97
627.00 670.97
628.00 670.97
629.00 670.97
630.00 670.97
631.00 670.97
632.00 670.97
633.00 670.97
633.97 670.00
634.00 669.97
635.00 669.97
636.00 669.97
637.00 669.97
637.97 669.00
638.00 668.97
639.00 668.97
639.97 668.00
640.00 667.97
641.00 667.97
641.97 667.00
642.00 666.97
643.00 666.97
643.97 666.00
644.00 665.97
644.97 665.00
645.00 664.97
646.00 664.97
646.97 664.00
647.00 663.97
647.97 663.00
648.00 662.97
648.97 662.00
649.00 661.97
649.97 661.00
650.00 660.97
650.97 660.00
651.00 659.97
651.97 659.00
652.00 658.97
652.97 658.00
653.00 657.97
653.97 657.00
654.00 656.97
654.97 656.00
655.00 655.97
655.97 655.00
655.97 654.00
656.00 653.97
656.97 653.00
656.97 652.00
657.00 651.97
657.97 651.00
658.00 650.97
658.97 650.00
658.97 649.00
659.00 648.97
659.97 648.00
659.97 647.00
659.97 646.00
660.00 645.97
660.97 645.00
660.97 644.00
661.00 643.97
661.97 643.00
661.97 642.00
661.97 641.00
661.97 640.00
662.00 639.97
662.97 639.00

Contour 17:
710.97 297.00
710.97 296.00
710.97 295.00
710.97 294.00
710.97 293.00
710.97 292.00
710.97 291.00
710.97 290.00
710.97 289.00
710.97 288.00
710.97 287.00
710.97 286.00
710.97 285.00
710.97 284.00
710.97 283.00
710.97 282.00
710.00 281.03
709.97 281.00
709.97 280.00
709.97 279.00
709.00 278.03
708.97 278.00
708.97 277.00
708.97 276.00
708.00 275.03
707.97 275.00
707.97 274.00
707.00 273.03
706.97 273.00
706.00 272.03
705.97 272.00
705.00 271.03
704.97 271.00
704.00 270.03
703.97 270.00
703.00 269.03
702.97 269.00
702.00 268.03
701.97 268.00
701.00 267.03
700.97 267.00
700.00 266.03
699.97 266.00
699.00 265.03
698.97 265.00
698.00 264.03
697.00 264.03
696.97 264.00
696.00 263.03
695.97 263.00
695.00 262.03
694.00 262.03
693.97 262.00
693.00 261.03
692.00 261.03
691.97 261.00
691.00 260.03
690.00 260.03
689.97 260.00
689.00 259.03
688.00 259.03
687.97 259.00
687.00 258.03
686.00 258.03
685.00 258.03
684.97 258.00
684.00 257.03
683.00 257.03
682.00 257.03
681.97 257.00
681.00 256.03
680.00 256.03
679.00 256.03
678.00 256.03
677.00 256.03
676.00 256.03
675.00 256.03
674.00 256.03
673.00 256.03
672.00 256.03
671.00 256.03
670.00 256.03
669.00 256.03
668.00 256.03
667.00 256.03
666.03 257.00
666.00 257.03
665.00 257.03
664.00 257.03
663.03 258.00
663.00 258.03
662.00 258.03
661.03 259.00
661.00 259.03
660.00 259.03
659.03 260.00
659.00 260.03
658.03 261.00
658.00 261.03
657.03 262.00
657.00 262.03
656.00 262.03
655.03 263.00
655.00 263.03
654.03 264.00
654.03 265.00
654.00 265.03
653.03 266.00
653.00 266.03
652.03 267.00
652.00 267.03
651.03 268.00
651.03 269.00
651.00 269.03
650.03 270.00
650.00 270.03
649.03 271.00
649.03 272.00
649.00 272.03
648.03 273.00
648.03 274.00
648.03 275.00
648.03 276.00
648.03 277.00
648.00 277.03
647.03 278.00
647.03 279.00
647.03 280.00
647.03 281.00
647.03 282.00
647.03 283.00
648.00 283.97
648.03 284.00
648.03 285.00
648.03 286.00
648.03 287.00
648.03 288.00
648.03 289.00
649.00 289.97
649.03 290.00
649.03 291.00
649.03 292.00
650.00 292.97
650.03 293.00
650.03 294.00
650.03 295.00
651.00 295.97
651.03 296.00
651.03 297.00
651.03 298.00
652.00 298.97
652.03 299.00
652.03 300.00
653.00 300.97
653.03 301.00
653.03 302.00
654.00 302.97
654.03 303.00
655.00 303.97
655.03 304.00
655.03 305.00
656.00 305.97
656.03 306.00
657.00 306.97
657.03 307.00
658.00 307.97
658.03 308.00
659.00 308.97
659.03 309.00
659.03 310.00
660.00 310.97
661.00 310.97
661.03 311.00
662.00 311.97
662.03 312.00
663.00 312.97
663.03 313.00
664.00 313.97
665.00 313.97
665.03 314.00
666.00 314.97
666.03 315.00
667.00 315.97
668.00 315.97
669.00 315.97
669.03 316.00
670.00 316.97
671.00 316.97
671.03 317.00
672.00 317.97
673.00 317.97
674.00 317.97
674.03 318.00
675.00 318.97
676.00 318.97
677.00 318.97
677.03 319.00
678.00 319.97
679.00 319.97
680.00 319.97
680.03 320.00
681.00 320.97
682.00 320.97
683.00 320.97
684.00 320.97
685.00 320.97
686.00 320.97
687.00 320.97
688.00 320.97
689.00 320.97
690.00 320.97
690.97 320.00
691.00 319.97
692.00 319.97
693.00 319.97
693.97 319.00
694.00 318.97
695.00 318.97
695.97 318.00
696.00 317.97
697.00 317.97
697.97 317.00
698.00 316.97
698.97 316.00
699.00 315.97
700.00 315.97
700.97 315.00
701.00 314.97
701.97 314.00
702.00 313.97
702.97 313.00
703.00 312.97
703.97 312.00
704.00 311.97
704.97 311.00
705.00 310.97
705.97 310.00
705.97 309.00
706.00 308.97
706.97 308.00
706.97 307.00
707.00 306.97
707.97 306.00
707.97 305.00
708.00 304.97
708.97 304.00
708.97 303.00
708.97 302.00
709.00 301.97
709.97 301.00
709.97 300.00
709.97 299.00
709.97 298.00
710.00 297.97
710.97 297.00

Contour 18:
739.97 404.00
739.97 403.00
739.97 402.00
739.97 401.00
739.97 400.00
739.97 399.00
739.97 398.00
739.00 397.03
738.97 397.00
738.97 396.00
738.97 395.00
738.00 394.03
737.97 394.00
737.97 393.00
737.00 392.03
736.97 392.00
736.00 391.03
735.97 391.00
735.00 390.03
734.97 390.00
734.97 389.00
734.00 388.03
733.97 388.00
733.00 387.03
732.97 387.00
732.00 386.03
731.97 386.00
731.00 385.03
730.97 385.00
730.00 384.03
729.97 384.00
729.00 383.03
728.00 383.03
727.97 383.00
727.00 382.03
726.97 382.00
726.00 381.03
725.00 381.03
724.97 381.00
724.00 380.03
723.00 380.03
722.97 380.00
722.00 379.03
721.00 379.03
720.00 379.03
719.97 379.00
719.00 378.03
718.00 378.03
717.97 378.00
717.00 377.03
716.00 377.03
715.97 377.00
715.00 376.03
714.00 376.03
713.00 376.03
712.97 376.00
712.00 375.03
711.00 375.03
710.00 375.03
709.00 375.03
708.97 375.00
708.00 374.03
707.00 374.03
706.00 374.03
705.00 374.03
704.00 374.03
703.00 374.03
702.00 374.03
701.00 374.03
700.00 374.03
699.00 374.03
698.00 374.03
697.00 374.03
696.00 374.03
695.00 374.03
694.00 374.03
693.00 374.03
692.00 374.03
691.00 374.03
690.03 375.00
690.00 375.03
689.00 375.03
688.03 376.00
688.00 376.03
687.00 376.03
686.03 377.00
686.00 377.03
685.00 377.03
684.03 378.00
684.00 378.03
683.03 379.00
683.00 379.03
682.03 380.00
682.00 380.03
681.00 380.03
680.03 381.00
680.00 381.03
679.03 382.00
679.00 382.03
678.03 383.00
678.00 383.03
677.03 384.00
677.03 385.00
677.00 385.03
676.03 386.00
676.00 386.03
675.03 387.00
675.03 388.00
675.00 388.03
674.03 389.00
674.03 390.00
674.00 390.03
673.03 391.00
673.03 392.00
673.03 393.00
673.00 393.03
672.03 394.00
672.03 395.00
672.03 396.00
672.03 397.00
672.03 398.00
672.03 399.00
672.03 400.00
672.03 401.00
672.03 402.00
673.00 402.97
673.03 403.00
673.03 404.00
673.03 405.00
674.00 405.97
674.03 406.00
674.03 407.00
675.00 407.97
675.03 408.00
675.03 409.00
676.00 409.97
676.03 410.00
676.03 411.00
677.00 411.97
677.03 412.00
677.03 413.00
678.00 413.97
678.03 414.00
679.00 414.97
679.03 415.00
679.03 416.00
680.00 416.97
680.03 417.00
681.00 417.97
681.03 418.00
682.00 418.97
682.03 419.00
683.00 419.97
683.03 420.00
684.00 420.97
684.03 421.00
685.00 421.97
686.00 421.97
686.03 422.00
687.00 422.97
688.00 422.97
688.03 423.00
689.00 423.97
689.03 424.00
690.00 424.97
691.00 424.97
692.00 424.97
692.03 425.00
693.00 425.97
694.00 425.97
694.03 426.00
695.00 426.97
696.00 426.97
697.00 426.97
697.03 427.00
698.00 427.97
699.00 427.97
700.00 427.97
700.03 428.00
701.00 428.97
702.00 428.97
703.00 428.97
704.00 428.97
705.00 428.97
706.00 428.97
707.00 428.97
708.00 428.97
709.00 428.97
710.00 428.97
711.00 428.97
712.00 428.97
713.00 428.97
714.00 428.97
714.97 428.00
715.00 427.97
716.00 427.97
717.00 427.97
718.00 427.97
719.00 427.97
720.00 427.97
721.00 427.97
721.97 427.00
722.00 426.97
723.00 426.97
724.00 426.97
724.97 426.00
725.00 425.97
726.00 425.97
726.97 425.00
727.00 424.97
727.97 424.00
728.00 423.97
729.00 423.97
729.97 423.00
730.00 422.97
730.97 422.00
731.00 421.97
731.97 421.00
732.00 420.97
732.97 420.00
732.97 419.00
733.00 418.97
733.97 418.00
734.00 417.97
734.97 417.00
734.97 416.00
735.00 415.97
735.97 415.00
735.97 414.00
736.00 413.97
736.97 413.00
736.97 412.00
736.97 411.00
737.00 410.97
737.97 410.00
737.97 409.00
738.00 408.97
738.97 408.00
738.97 407.00
738.97 406.00
738.97 405.00
739.00 404.97
739.97 404.00

Contour 19:
747.98 688.00
747.98 687.00
747.98 686.00
747.98 685.00
747.98 684.00
747.98 683.00
747.98 682.00
747.00 681.02
746.98 681.00
746.98 680.00
746.98 679.00
746.98 678.00
746.98 677.00
746.98 676.00
746.00 675.02
745.98 675.00
745.98 674.00
745.98 673.00
745.00 672.02
744.98 672.00
744.98 671.00
744.00 670.02
743.98 670.00
743.98 669.00
743.00 668.02
742.98 668.00
742.98 667.00
742.00 666.02
741.98 666.00
741.00 665.02
740.98 665.00
740.00 664.02
739.98 664.00
739.00 663.02
738.98 663.00
738.00 662.02
737.98 662.00
737.00 661.02
736.98 661.00
736.00 660.02
735.00 660.02
734.98 660.00
734.00 659.02
733.00 659.02
732.98 659.00
732.00 658.02
731.00 658.02
730.98 658.00
730.00 657.02
729.00 657.02
728.00 657.02
727.00 657.02
726.00 657.02
725.00 657.02
724.98 657.00
724.00 656.02
723.00 656.02
722.00 656.02
721.00 656.02
720.02 657.00
720.00 657.02
719.00 657.02
718.00 657.02
717.00 657.02
716.00 657.02
715.00 657.02
714.02 658.00
714.00 658.02
713.00 658.02
712.02 659.00
712.00 659.02
711.00 659.02
710.02 660.00
710.00 660.02
709.00 660.02
708.02 661.00
708.00 661.02
707.00 661.02
706.02 662.00
706.00 662.02
705.02 663.00
705.00 663.02
704.02 664.00
704.00 664.02
703.02 665.00
703.00 665.02
702.02 666.00
702.00 666.02
701.02 667.00
701.02 668.00
701.00 668.02
700.02 669.00
700.00 669.02
699.02 670.00
699.02 671.00
699.00 671.02
698.02 672.00
698.00 672.02
697.02 673.00
697.02 674.00
697.00 674.02
696.02 675.00
696.02 676.00
696.00 676.02
695.02 677.00
695.02 678.00
695.00 678.02
694.02 679.00
694.02 680.00
694.02 681.00
694.00 681.02
693.02 682.00
693.02 683.00
693.00 683.02
692.02 684.00
692.02 685.00
692.00 685.02
691.02 686.00
691.02 687.00
691.00 687.02
690.02 688.00
690.02 689.00
690.00 689.02
689.02 690.00
689.02 691.00
689.02 692.00
689.00 692.02
688.02 693.00
688.02 694.00
688.02 695.00
688.02 696.00
688.00 696.02
687.02 697.00
687.02 698.00
687.02 699.00
687.02 700.00
687.02 701.00
687.02 702.00
687.02 703.00
687.02 704.00
687.02 705.00
687.02 706.00
688.00 706.98
688.02 707.00
688.02 708.00
688.02 709.00
688.02 710.00
688.02 711.00
689.00 711.98
689.02 712.00
689.02 713.00
689.02 714.00
690.00 714.98
690.02 715.00
690.02 716.00
691.00 716.98
691.02 717.00
691.02 718.00
692.00 718.98
692.02 719.00
693.00 719.98
693.02 720.00
694.00 720.98
694.02 721.00
694.02 722.00
695.00 722.98
696.00 722.98
696.02 723.00
697.00 723.98
697.02 724.00
698.00 724.98
699.00 724.98
699.02 725.00
700.00 725.98
701.00 725.98
701.02 726.00
702.00 726.98
703.00 726.98
703.02 727.00
704.00 727.98
705.00 727.98
706.00 727.98
707.00 727.98
707.02 728.00
708.00 728.98
709.00 728.98
710.00 728.98
711.00 728.98
712.00 728.98
713.00 728.98
714.00 728.98
715.00 728.98
716.00 728.98
717.00 728.98
718.00 728.98
718.98 728.00
719.00 727.98
720.00 727.98
721.00 727.98
721.98 727.00
722.00 726.98
723.00 726.98
723.98 726.00
724.00 725.98
725.00 725.98
725.98 725.00
726.00 724.98
727.00 724.98
727.98 724.00
728.00 723.98
728.98 723.00
729.00 722.98
729.98 722.00
730.00 721.98
730.98 721.00
731.00 720.98
732.00 720.98
732.98 720.00
733.00 719.98
733.98 719.00
734.00 718.98
734.98 718.00
735.00 717.98
735.98 717.00
736.00 716.98
736.98 716.00
737.00 715.98
737.98 715.00
738.00 714.98
738.98 714.00
739.00 713.98
739.98 713.00
739.98 712.00
740.00 711.98
740.98 711.00
741.00 710.98
741.98 710.00
741.98 709.00
742.00 708.98
742.98 708.00
743.00 707.98
743.98 707.00
743.98 706.00
743.98 705.00
744.00 704.98
744.98 704.00
744.98 703.00
744.98 702.00
745.00 701.98
745.98 701.00
745.98 700.00
745.98 699.00
745.98 698.00
745.98 697.00
746.00 696.98
746.98 696.00
746.98 695.00
746.98 694.00
746.98 693.00
746.98 692.00
746.98 691.00
746.98 690.00
746.98 689.00
747.00 688.98
747.98 688.00

Contour 20:
819.98 441.00
819.98 440.00
819.98 439.00
819.98 438.00
819.98 437.00
819.98 436.00
819.98 435.00
819.98 434.00
819.98 433.00
819.98 432.00
819.98 431.00
819.98 430.00
819.00 429.02
818.98 429.00
818.98 428.00
818.98 427.00
818.98 426.00
818.98 425.00
818.00 424.02
817.98 424.00
817.00 423.02
816.98 423.00
816.00 422.02
815.98 422.00
815.00 421.02
814.98 421.00
814.00 420.02
813.00 420.02
812.98 420.00
812.00 419.02
811.98 419.00
811.00 418.02
810.00 418.02
809.98 418.00
809.00 417.02
808.00 417.02
807.98 417.00
807.00 416.02
806.00 416.02
805.98 416.00
805.00 415.02
804.00 415.02
803.00 415.02
802.00 415.02
801.00 415.02
800.00 415.02
799.00 415.02
798.00 415.02
797.00 415.02
796.00 415.02
795.02 416.00
795.00 416.02
794.00 416.02
793.00 416.02
792.02 417.00
792.00 417.02
791.00 417.02
790.00 417.02
789.02 418.00
789.00 418.02
788.00 418.02
787.02 419.00
787.00 419.02
786.02 420.00
786.00 420.02
785.00 420.02
784.02 421.00
784.00 421.02
783.00 421.02
782.02 422.00
782.00 422.02
781.00 422.02
780.02 423.00
780.00 423.02
779.00 423.02
778.02 424.00
778.00 424.02
777.00 424.02
776.00 424.02
775.02 425.00
775.00 425.02
774.00 425.02
773.02 426.00
773.00 426.02
772.02 427.00
772.00 427.02
771.00 427.02
770.02 428.00
770.00 428.02
769.00 428.02
768.02 429.00
768.00 429.02
767.02 430.00
767.00 430.02
766.00 430.02
765.02 431.00
765.00 431.02
764.02 432.00
764.00 432.02
763.02 433.00
763.00 433.02
762.02 434.00
762.00 434.02
761.02 435.00
761.00 435.02
760.02 436.00
760.02 437.00
760.00 437.02
759.02 438.00
759.02 439.00
759.00 439.02
758.02 440.00
758.02 441.00
758.00 441.02
757.02 442.00
757.02 443.00
757.00 443.02
756.02 444.00
756.02 445.00
756.02 446.00
756.00 446.02
755.02 447.00
755.02 448.00
755.02 449.00
755.02 450.00
755.02 451.00
755.02 452.00
755.02 453.00
755.02 454.00
755.00 454.02
754.02 455.00
755.00 455.98
755.02 456.00
755.02 457.00
755.02 458.00
755.02 459.00
755.02 460.00
755.02 461.00
755.02 462.00
756.00 462.98
756.02 463.00
756.02 464.00
757.00 464.98
757.02 465.00
758.00 465.98
758.02 466.00
759.00 466.98
759.02 467.00
760.00 467.98
760.02 468.00
761.00 468.98
761.02 469.00
762.00 469.98
762.02 470.00
763.00 470.98
763.02 471.00
764.00 471.98
764.02 472.00
765.00 472.98
766.00 472.98
766.02 473.00
767.00 473.98
767.02 474.00
768.00 474.98
768.02 475.00
769.00 475.98
770.00 475.98
770.02 476.00
771.00 476.98
771.02 477.00
772.00 477.98
773.00 477.98
773.02 478.00
774.00 478.98
775.00 478.98
775.02 479.00
776.00 479.98
777.00 479.98
778.00 479.98
778.02 480.00
779.00 480.98
780.00 480.98
781.00 480.98
782.00 480.98
783.00 480.98
784.00 480.98
784.02 481.00
785.00 481.98
786.00 481.98
787.00 481.98
788.00 481.98
788.98 481.00
789.00 480.98
790.00 480.98
791.00 480.98
792.00 480.98
793.00 480.98
794.00 480.98
794.98 480.00
795.00 479.98
796.00 479.98
797.00 479.98
797.98 479.00
798.00 478.98
799.00 478.98
799.98 478.00
800.00 477.98
800.98 477.00
801.00 476.98
802.00 476.98
802.98 476.00
803.00 475.98
803.98 475.00
804.00 474.98
804.98 474.00
804.98 473.00
805.00 472.98
805.98 472.00
806.00 471.98
806.98 471.00
806.98 470.00
807.00 469.98
807.98 469.00
808.00 468.98
808.98 468.00
809.00 467.98
809.98 467.00
809.98 466.00
810.00 465.98
810.98 465.00
810.98 464.00
811.00 463.98
811.98 463.00
811.98 462.00
811.98 461.00
812.00 460.98
812.98 460.00
812.98 459.00
813.00 458.98
813.98 458.00
813.98 457.00
813.98 456.00
814.00 455.98
814.98 455.00
814.98 454.00
815.00 453.98
815.98 453.00
815.98 452.00
816.00 451.98
816.98 451.00
816.98 450.00
816.98 449.00
816.98 448.00
817.00 447.98
817.98 447.00
817.98 446.00
817.98 445.00
818.00 444.98
818.98 444.00
818.98 443.00
818.98 442.00
819.00 441.98
819.98 441.00

Contour 21:
992.98 738.00
992.98 737.00
992.98 736.00
992.98 735.00
992.00 734.02
991.98 734.00
991.98 733.00
991.98 732.00
991.98 731.00
991.98 730.00
991.98 729.00
991.00 728.02
990.98 728.00
990.98 727.00
990.00 726.02
989.98 726.00
989.98 725.00
989.00 724.02
988.98 724.00
988.00 723.02
987.98 723.00
987.00 722.02
986.98 722.00
986.00 721.02
985.98 721.00
985.00 720.02
984.98 720.00
984.00 719.02
983.98 719.00
983.00 718.02
982.98 718.00
982.00 717.02
981.00 717.02
980.98 717.00
980.00 716.02
979.98 716.00
979.00 715.02
978.00 715.02
977.98 715.00
977.00 714.02
976.00 714.02
975.98 714.00
975.00 713.02
974.00 713.02
973.00 713.02
972.98 713.00
972.00 712.02
971.00 712.02
970.00 712.02
969.00 712.02
968.00 712.02
967.00 712.02
966.00 712.02
965.98 712.00
965.00 711.02
964.00 711.02
963.00 711.02
962.00 711.02
961.00 711.02
960.00 711.02
959.00 711.02
958.00 711.02
957.00 711.02
956.00 711.02
955.00 711.02
954.00 711.02
953.00 711.02
952.00 711.02
951.00 711.02
950.00 711.02
949.00 711.02
948.00 711.02
947.00 711.02
946.00 711.02
945.02 712.00
945.00 712.02
944.00 712.02
943.00 712.02
942.00 712.02
941.02 713.00
941.00 713.02
940.00 713.02
939.00 713.02
938.02 714.00
938.00 714.02
937.00 714.02
936.02 715.00
936.00 715.02
935.02 716.00
935.00 716.02
934.00 716.02
933.02 717.00
933.00 717.02
932.02 718.00
932.00 718.02
931.02 719.00
931.00 719.02
930.02 720.00
930.02 721.00
930.00 721.02
929.02 722.00
929.00 722.02
928.02 723.00
928.02 724.00
928.00 724.02
927.02 725.00
927.02 726.00
927.00 726.02
926.02 727.00
926.00 727.02
925.02 728.00
925.02 729.00
925.00 729.02
924.02 730.00
924.02 731.00
924.02 732.00
924.00 732.02
923.02 733.00
923.02 734.00
923.02 735.00
923.00 735.02
922.02 736.00
922.02 737.00
922.02 738.00
922.02 739.00
922.00 739.02
921.02 740.00
921.02 741.00
921.02 742.00
921.02 743.00
921.02 744.00
921.02 745.00
921.02 746.00
921.02 747.00
921.02 748.00
921.02 749.00
921.02 750.00
921.02 751.00
921.02 752.00
922.00 752.98
922.02 753.00
922.02 754.00
922.02 755.00
923.00 755.98
923.02 756.00
923.02 757.00
924.00 757.98
924.02 758.00
924.02 759.00
925.00 759.98
925.02 760.00
926.00 760.98
926.02 761.00
927.00 761.98
927.02 762.00
927.02 763.00
928.00 763.98
928.02 764.00
929.00 764.98
930.00 764.98
930.02 765.00
931.00 765.98
931.02 766.00
932.00 766.98
933.00 766.98
933.02 767.00
934.00 767.98
935.00 767.98
935.02 768.00
936.00 768.98
937.00 768.98
937.02 769.00
938.00 769.98
939.00 769.98
939.02 770.00
940.00 770.98
941.00 770.98
942.00 770.98
942.02 771.00
943.00 771.98
944.00 771.98
945.00 771.98
946.00 771.98
947.00 771.98
948.00 771.98
948.02 772.00
949.00 772.98
950.00 772.98
951.00 772.98
952.00 772.98
953.00 772.98
954.00 772.98
955.00 772.98
956.00 772.98
956.98 772.00
957.00 771.98
958.00 771.98
959.00 771.98
960.00 771.98
961.00 771.98
961.98 771.00
962.00 770.98
963.00 770.98
963.98 770.00
964.00 769.98
965.00 769.98
965.98 769.00
966.00 768.98
967.00 768.98
967.98 768.00
968.00 767.98
969.00 767.98
969.98 767.00
970.00 766.98
970.98 766.00
971.00 765.98
972.00 765.98
972.98 765.00
973.00 764.98
973.98 764.00
974.00 763.98
974.98 763.00
975.00 762.98
975.98 762.00
976.00 761.98
976.98 761.00
977.00 760.98
977.98 760.00
978.00 759.98
978.98 759.00
979.00 758.98
979.98 758.00
980.00 757.98
980.98 757.00
981.00 756.98
981.98 756.00
982.00 755.98
982.98 755.00
983.00 754.98
983.98 754.00
984.00 753.98
984.98 753.00
985.00 752.98
985.98 752.00
986.00 751.98
986.98 751.00
987.00 750.98
987.98 750.00
988.00 749.98
988.98 749.00
988.98 748.00
989.00 747.98
989.98 747.00
989.98 746.00
990.00 745.98
990.98 745.00
990.98 744.00
991.00 743.98
991.98 743.00
991.98 742.00
991.98 741.00
991.98 740.00
991.98 739.00
992.00 738.98
992.98 738.00

