Contour 0:
0.00 564.50
0.50 565.00
0.50 566.00
1.00 566.50
1.50 567.00
1.50 568.00
1.50 569.00
2.00 569.50
2.50 570.00
2.50 571.00
3.00 571.50
3.50 572.00
4.00 572.50
4.50 573.00
5.00 573.50
5.50 574.00
6.00 574.50
6.50 575.00
7.00 575.50
7.50 576.00
8.00 576.50
8.50 577.00
9.00 577.50
9.50 578.00
10.00 578.50
10.50 579.00
11.00 579.50
11.50 580.00
12.00 580.50
13.00 580.50
13.50 581.00
14.00 581.50
15.00 581.50
16.00 581.50
16.50 582.00
17.00 582.50
18.00 582.50
18.50 583.00
19.00 583.50
20.00 583.50
21.00 583.50
22.00 583.50
23.00 583.50
24.00 583.50
25.00 583.50
26.00 583.50
27.00 583.50
28.00 583.50
29.00 583.50
30.00 583.50
31.00 583.50
32.00 583.50
33.00 583.50
33.50 583.00
34.00 582.50
35.00 582.50
36.00 582.50
36.50 582.00
37.00 581.50
38.00 581.50
38.50 581.00
39.00 580.50
40.00 580.50
40.50 580.00
41.00 579.50
42.00 579.50
42.50 579.00
43.00 578.50
44.00 578.50
44.50 578.00
45.00 577.50
46.00 577.50
46.50 577.00
47.00 576.50
47.50 576.00
48.00 575.50
48.50 575.00
49.00 574.50
49.50 574.00
50.00 573.50
50.50 573.00
50.50 572.00
51.00 571.50
51.50 571.00
51.50 570.00
52.00 569.50
52.50 569.00
53.00 568.50
53.50 568.00
53.50 567.00
54.00 566.50
54.50 566.00
54.50 565.00
55.00 564.50
55.50 564.00
55.50 563.00
55.50 562.00
56.00 561.50
56.50 561.00
56.50 560.00
56.50 559.00
56.50 558.00
57.00 557.50
57.50 557.00
57.50 556.00
57.50 555.00
57.50 554.00
57.50 553.00
57.50 552.00
57.50 551.00
57.50 550.00
57.50 549.00
57.50 548.00
57.50 547.00
57.50 546.00
57.00 545.50
56.50 545.00
56.50 544.00
56.50 543.00
56.50 542.00
56.00 541.50
55.50 541.00
55.50 540.00
55.50 539.00
55.00 538.50
54.50 538.00
54.50 537.00
54.00 536.50
53.50 536.00
53.50 535.00
53.00 534.50
52.50 534.00
52.50 533.00
52.00 532.50
51.50 532.00
51.50 531.00
51.00 530.50
50.50 530.00
50.00 529.50
49.50 529.00
49.50 528.00
49.00 527.50
48.50 527.00
48.00 526.50
47.50 526.00
47.00 525.50
46.50 525.00
46.00 524.50
45.50 524.00
45.00 523.50
44.00 523.50
43.50 523.00
43.00 522.50
42.00 522.50
41.50 522.00
41.00 521.50
40.50 521.00
40.00 520.50
39.00 520.50
38.00 520.50
37.50 520.00
37.00 519.50
36.00 519.50
35.00 519.50
34.50 519.00
34.00 518.50
33.00 518.50
32.00 518.50
31.00 518.50
30.50 518.00
30.00 517.50
29.00 517.50
28.00 517.50
27.00 517.50
26.00 517.50
25.50 517.00
25.00 516.50
24.50 517.00
24.00 517.50
23.00 517.50
22.00 517.50
21.00 517.50
20.00 517.50
19.50 518.00
19.00 518.50
18.00 518.50
17.00 518.50
16.50 519.00
16.00 519.50
15.00 519.50
14.50 520.00
14.00 520.50
13.00 520.50
12.50 521.00
12.00 521.50
11.50 522.00
11.00 522.50
10.00 522.50
9.50 523.00
9.00 523.50
8.50 524.00
8.00 524.50
7.50 525.00
7.00 525.50
6.00 525.50
5.50 526.00
5.00 526.50
4.50 527.00
4.00 527.50
3.50 528.00
3.00 528.50
2.50 529.00
2.00 529.50
1.50 530.00
1.50 531.00
1.00 531.50
0.50 532.00
0.50 533.00
0.00 533.50

Contour 1:
74.75 294.00
74.75 293.00
74.75 292.00
74.75 291.00
74.75 290.00
74.75 289.00
74.75 288.00
74.75 287.00
74.75 286.00
74.75 285.00
74.75 284.00
74.75 283.00
74.75 282.00
74.75 281.00
74.75 280.00
74.75 279.00
74.00 278.25
73.75 278.00
73.75 277.00
73.75 276.00
73.75 275.00
73.75 274.00
73.75 273.00
73.75 272.00
73.75 271.00
73.75 270.00
73.00 269.25
72.75 269.00
72.75 268.00
72.75 267.00
72.75 266.00
72.75 265.00
72.00 264.25
71.75 264.00
71.75 263.00
71.00 262.25
70.75 262.00
70.75 261.00
70.00 260.25
69.75 260.00
69.75 259.00
69.00 258.25
68.75 258.00
68.75 257.00
68.00 256.25
67.75 256.00
67.00 255.25
66.75 255.00
66.00 254.25
65.75 254.00
65.00 253.25
64.75 253.00
64.00 252.25
63.75 252.00
63.00 251.25
62.00 251.25
61.75 251.00
61.00 250.25
60.75 250.00
60.00 249.25
59.00 249.25
58.75 249.00
58.00 248.25
57.00 248.25
56.75 248.00
56.00 247.25
55.00 247.25
54.00 247.25
53.00 247.25
52.75 247.00
52.00 246.25
51.00 246.25
50.00 246.25
49.00 246.25
48.00 246.25
47.00 246.25
46.00 246.25
45.00 246.25
44.00 246.25
43.00 246.25
42.00 246.25
41.00 246.25
40.00 246.25
39.25 247.00
39.00 247.25
38.00 247.25
37.00 247.25
36.25 248.00
36.00 248.25
35.00 248.25
34.25 249.00
34.00 249.25
33.00 249.25
32.25 250.00
32.00 250.25
31.25 251.00
31.00 251.25
30.00 251.25
29.25 252.00
29.00 252.25
28.00 252.25
27.25 253.00
27.00 253.25
26.00 253.25
25.25 254.00
25.00 254.25
24.25 255.00
24.00 255.25
23.25 256.00
23.00 256.25
22.00 256.25
21.25 257.00
21.00 257.25
20.25 258.00
20.25 259.00
20.00 259.25
19.25 260.00
19.00 260.25
18.25 261.00
18.00 261.25
17.25 262.00
17.00 262.25
16.25 263.00
16.00 263.25
15.25 264.00
15.25 265.00
15.00 265.25
14.25 266.00
14.25 267.00
14.00 267.25
13.25 268.00
13.25 269.00
13.00 269.25
12.25 270.00
12.25 271.00
12.00 271.25
11.25 272.00
11.25 273.00
11.25 274.00
11.25 275.00
11.00 275.25
10.25 276.00
10.25 277.00
10.25 278.00
10.25 279.00
10.25 280.00
10.00 280.25
9.25 281.00
9.25 282.00
9.25 283.00
9.25 284.00
9.25 285.00
9.25 286.00
9.25 287.00
9.25 288.00
9.25 289.00
9.25 290.00
9.25 291.00
9.25 292.00
9.25 293.00
9.25 294.00
9.25 295.00
9.25 296.00
9.25 297.00
10.00 297.75
10.25 298.00
10.25 299.00
11.00 299.75
11.25 300.00
11.25 301.00
12.00 301.75
12.25 302.00
13.00 302.75
13.25 303.00
13.25 304.00
14.00 304.75
14.25 305.00
14.25 306.00
15.00 306.75
15.25 307.00
16.00 307.75
16.25 308.00
16.25 309.00
17.00 309.75
17.25 310.00
18.00 310.75
18.25 311.00
19.00 311.75
19.25 312.00
20.00 312.75
20.25 313.00
21.00 313.75
22.00 313.75
22.25 314.00
23.00 314.75
23.25 315.00
24.00 315.75
25.00 315.75
25.25 316.00
26.00 316.75
27.00 316.75
27.25 317.00
28.00 317.75
29.00 317.75
29.25 318.00
30.00 318.75
31.00 318.75
32.00 318.75
32.25 319.00
33.00 319.75
34.00 319.75
35.00 319.75
36.00 319.75
36.25 320.00
37.00 320.75
38.00 320.75
39.00 320.75
40.00 320.75
40.25 321.00
41.00 321.75
42.00 321.75
43.00 321.75
44.00 321.75
45.00 321.75
45.25 322.00
46.00 322.75
47.00 322.75
48.00 322.75
48.75 322.00
49.00 321.75
50.00 321.75
51.00 321.75
52.00 321.75
52.75 321.00
53.00 320.75
54.00 320.75
55.00 320.75
56.00 320.75
56.75 320.00
57.00 319.75
58.00 319.75
59.00 319.75
59.75 319.00
60.00 318.75
61.00 318.75
61.75 318.00
62.00 317.75
62.75 317.00
63.00 316.75
63.75 316.00
64.00 315.75
64.75 315.00
65.00 314.75
66.00 314.75
66.75 314.00
66.75 313.00
67.00 312.75
67.75 312.00
68.00 311.75
68.75 311.00
69.00 310.75
69.75 310.00
69.75 309.00
70.00 308.75
70.75 308.00
71.00 307.75
71.75 307.00
71.75 306.00
72.00 305.75
72.75 305.00
72.75 304.00
72.75 303.00
73.00 302.75
73.75 302.00
73.75 301.00
73.75 300.00
73.75 299.00
73.75 298.00
73.75 297.00
73.75 296.00
73.75 295.00
74.00 294.75
74.75 294.00

Contour 2:
143.83 194.00
143.83 193.00
143.83 192.00
143.83 191.00
143.83 190.00
143.83 189.00
143.83 188.00
143.83 187.00
143.83 186.00
143.83 185.00
143.83 184.00
143.83 183.00
143.83 182.00
143.83 181.00
143.00 180.17
142.83 180.00
142.83 179.00
142.83 178.00
142.00 177.17
141.83 177.00
141.83 176.00
141.83 175.00
141.83 174.00
141.83 173.00
141.83 172.00
141.00 171.17
140.83 171.00
140.83 170.00
140.83 169.00
140.00 168.17
139.83 168.00
139.83 167.00
139.00 166.17
138.83 166.00
138.83 165.00
138.00 164.17
137.83 164.00
137.00 163.17
136.83 163.00
136.00 162.17
135.83 162.00
135.83 161.00
135.00 160.17
134.00 160.17
133.83 160.00
133.83 159.00
133.00 158.17
132.00 158.17
131.83 158.00
131.00 157.17
130.83 157.00
130.00 156.17
129.83 156.00
129.00 155.17
128.83 155.00
128.00 154.17
127.00 154.17
126.83 154.00
126.00 153.17
125.83 153.00
125.00 152.17
124.00 152.17
123.83 152.00
123.00 151.17
122.00 151.17
121.83 151.00
121.00 150.17
120.00 150.17
119.83 150.00
119.00 149.17
118.00 149.17
117.83 149.00
117.00 148.17
116.00 148.17
115.00 148.17
114.83 148.00
114.00 147.17
113.00 147.17
112.00 147.17
111.00 147.17
110.00 147.17
109.00 147.17
108.00 147.17
107.00 147.17
106.00 147.17
105.00 147.17
104.00 147.17
103.00 147.17
102.00 147.17
101.00 147.17
100.00 147.17
99.17 148.00
99.00 148.17
98.00 148.17
97.00 148.17
96.00 148.17
95.00 148.17
94.00 148.17
93.00 148.17
92.17 149.00
92.00 149.17
91.00 149.17
90.00 149.17
89.00 149.17
88.17 150.00
88.00 150.17
87.00 150.17
86.00 150.17
85.00 150.17
84.17 151.00
84.00 151.17
83.00 151.17
82.17 152.00
82.00 152.17
81.00 152.17
80.00 152.17
79.17 153.00
79.00 153.17
78.17 154.00
78.00 154.17
77.00 154.17
76.17 155.00
76.00 155.17
75.17 156.00
75.00 156.17
74.17 157.00
74.00 157.17
73.17 158.00
73.00 158.17
72.17 159.00
72.00 159.17
71.17 160.00
71.00 160.17
70.17 161.00
70.00 161.17
69.17 162.00
69.17 163.00
69.00 163.17
68.17 164.00
68.00 164.17
67.17 165.00
67.00 165.17
66.17 166.00
66.00 166.17
65.17 167.00
65.00 167.17
64.17 168.00
64.17 169.00
64.00 169.17
63.17 170.00
63.17 171.00
63.00 171.17
62.17 172.00
62.17 173.00
62.00 173.17
61.17 174.00
61.17 175.00
61.17 176.00
61.17 177.00
61.17 178.00
61.17 179.00
61.00 179.17
60.17 180.00
60.17 181.00
61.00 181.83
61.17 182.00
61.17 183.00
61.17 184.00
61.17 185.00
61.17 186.00
61.17 187.00
62.00 187.83
62.17 188.00
62.17 189.00
62.17 190.00
63.00 190.83
63.17 191.00
63.17 192.00
64.00 192.83
64.17 193.00
64.17 194.00
65.00 194.83
65.17 195.00
66.00 195.83
66.17 196.00
66.17 197.00
67.00 197.83
67.17 198.00
68.00 198.83
68.17 199.00
69.00 199.83
69.17 200.00
69.17 201.00
70.00 201.83
70.17 202.00
70.17 203.00
71.00 203.83
71.17 204.00
71.17 205.00
72.00 205.83
72.17 206.00
72.17 207.00
73.00 207.83
73.17 208.00
74.00 208.83
74.17 209.00
75.00 209.83
75.17 210.00
76.00 210.83
77.00 210.83
77.17 211.00
78.00 211.83
78.17 212.00
79.00 212.83
79.17 213.00
80.00 213.83
81.00 213.83
81.17 214.00
82.00 214.83
82.17 215.00
83.00 215.83
84.00 215.83
84.17 216.00
85.00 216.83
85.17 217.00
86.00 217.83
87.00 217.83
87.17 218.00
88.00 218.83
89.00 218.83
89.17 219.00
90.00 219.83
90.17 220.00
91.00 220.83
92.00 220.83
92.17 221.00
93.00 221.83
94.00 221.83
94.17 222.00
95.00 222.83
96.00 222.83
97.00 222.83
98.00 222.83
98.17 223.00
99.00 223.83
100.00 223.83
101.00 223.83
102.00 223.83
103.00 223.83
104.00 223.83
105.00 223.83
106.00 223.83
107.00 223.83
108.00 223.83
108.83 223.00
109.00 222.83
110.00 222.83
111.00 222.83
112.00 222.83
113.00 222.83
113.83 222.00
114.00 221.83
115.00 221.83
116.00 221.83
116.83 221.00
117.00 220.83
118.00 220.83
119.00 220.83
119.83 220.00
120.00 219.83
121.00 219.83
121.83 219.00
122.00 218.83
123.00 218.83
123.83 218.00
124.00 217.83
125.00 217.83
125.83 217.00
126.00 216.83
127.00 216.83
127.83 216.00
128.00 215.83
129.00 215.83
129.83 215.00
130.00 214.83
130.83 214.00
131.00 213.83
132.00 213.83
132.83 213.00
133.00 212.83
133.83 212.00
134.00 211.83
134.83 211.00
135.00 210.83
135.83 210.00
136.00 209.83
136.83 209.00
137.00 208.83
137.83 208.00
138.00 207.83
138.83 207.00
138.83 206.00
139.00 205.83
139.83 205.00
140.00 204.83
140.83 204.00
140.83 203.00
141.00 202.83
141.83 202.00
141.83 201.00
141.83 200.00
142.00 199.83
142.83 199.00
142.83 198.00
142.83 197.00
142.83 196.00
142.83 195.00
143.00 194.83
143.83 194.00

Contour 3:
74.12 0.00
74.00 0.12
73.00 0.12
72.00 0.12
71.00 0.12
70.12 1.00
70.00 1.12
69.00 1.12
68.12 2.00
68.12 3.00
69.00 3.88
69.12 4.00
69.12 5.00
70.00 5.88
70.12 6.00
71.00 6.88
71.12 7.00
72.00 7.88
73.00 7.88
73.12 8.00
74.00 8.88
75.00 8.88
75.12 9.00
76.00 9.88
77.00 9.88
77.12 10.00
78.00 10.88
79.00 10.88
79.12 11.00
80.00 11.88
81.00 11.88
82.00 11.88
82.12 12.00
83.00 12.88
84.00 12.88
85.00 12.88
86.00 12.88
87.00 12.88
88.00 12.88
89.00 12.88
90.00 12.88
91.00 12.88
91.88 12.00
92.00 11.88
93.00 11.88
94.00 11.88
94.88 11.00
95.00 10.88
96.00 10.88
97.00 10.88
97.88 10.00
98.00 9.88
99.00 9.88
99.88 9.00
100.00 8.88
100.88 8.00
101.00 7.88
101.88 7.00
102.00 6.88
102.88 6.00
103.00 5.88
103.88 5.00
103.88 4.00
103.88 3.00
104.00 2.88
104.88 2.00
104.00 1.12
103.88 1.00
103.00 0.12
102.00 0.12
101.00 0.12
100.00 0.12
99.00 0.12
98.00 0.12
97.00 0.12
96.00 0.12
95.88 0.00

Contour 4:
210.90 829.00
210.90 828.00
210.90 827.00
210.90 826.00
210.90 825.00
210.90 824.00
210.90 823.00
210.90 822.00
210.90 821.00
210.90 820.00
210.90 819.00
210.90 818.00
210.90 817.00
210.90 816.00
210.90 815.00
210.00 814.10
209.90 814.00
209.90 813.00
209.90 812.00
209.90 811.00
209.90 810.00
209.00 809.10
208.90 809.00
208.90 808.00
208.90 807.00
208.00 806.10
207.90 806.00
207.90 805.00
207.00 804.10
206.90 804.00
206.00 803.10
205.90 803.00
205.90 802.00
205.00 801.10
204.90 801.00
204.00 800.10
203.90 800.00
203.90 799.00
203.00 798.10
202.90 798.00
202.00 797.10
201.90 797.00
201.00 796.10
200.90 796.00
200.90 795.00
200.00 794.10
199.90 794.00
199.00 793.10
198.90 793.00
198.00 792.10
197.90 792.00
197.00 791.10
196.00 791.10
195.90 791.00
195.00 790.10
194.90 790.00
194.00 789.10
193.90 789.00
193.00 788.10
192.00 788.10
191.90 788.00
191.00 787.10
190.90 787.00
190.00 786.10
189.00 786.10
188.90 786.00
188.00 785.10
187.00 785.10
186.00 785.10
185.90 785.00
185.00 784.10
184.00 784.10
183.00 784.10
182.90 784.00
182.00 783.10
181.00 783.10
180.00 783.10
179.00 783.10
178.00 783.10
177.00 783.10
176.00 783.10
175.00 783.10
174.00 783.10
173.00 783.10
172.00 783.10
171.00 783.10
170.10 784.00
170.00 784.10
169.00 784.10
168.00 784.10
167.00 784.10
166.10 785.00
166.00 785.10
165.00 785.10
164.00 785.10
163.10 786.00
163.00 786.10
162.00 786.10
161.10 787.00
161.00 787.10
160.10 788.00
160.00 788.10
159.00 788.10
158.10 789.00
158.00 789.10
157.10 790.00
157.00 790.10
156.10 791.00
156.00 791.10
155.10 792.00
155.00 792.10
154.10 793.00
154.00 793.10
153.10 794.00
153.10 795.00
153.00 795.10
152.10 796.00
152.00 796.10
151.10 797.00
151.10 798.00
151.10 799.00
151.00 799.10
150.10 800.00
150.10 801.00
150.00 801.10
149.10 802.00
149.10 803.00
149.10 804.00
149.00 804.10
148.10 805.00
148.10 806.00
148.10 807.00
148.10 808.00
148.00 808.10
147.10 809.00
147.10 810.00
147.10 811.00
147.10 812.00
147.10 813.00
147.10 814.00
147.10 815.00
147.10 816.00
147.10 817.00
147.10 818.00
147.10 819.00
147.10 820.00
147.10 821.00
147.10 822.00
148.00 822.90
148.10 823.00
148.10 824.00
148.10 825.00
148.10 826.00
149.00 826.90
149.10 827.00
149.10 828.00
150.00 828.90
150.10 829.00
150.10 830.00
150.10 831.00
151.00 831.90
151.10 832.00
151.10 833.00
152.00 833.90
152.10 834.00
152.10 835.00
153.00 835.90
153.10 836.00
154.00 836.90
154.10 837.00
154.10 838.00
155.00 838.90
155.10 839.00
156.00 839.90
156.10 840.00
157.00 840.90
157.10 841.00
158.00 841.90
158.10 842.00
159.00 842.90
159.10 843.00
160.00 843.90
160.10 844.00
161.00 844.90
161.10 845.00
162.00 845.90
163.00 845.90
163.10 846.00
164.00 846.90
164.10 847.00
165.00 847.90
166.00 847.90
166.10 848.00
167.00 848.90
167.10 849.00
168.00 849.90
169.00 849.90
169.10 850.00
170.00 850.90
171.00 850.90
171.10 851.00
172.00 851.90
173.00 851.90
173.10 852.00
174.00 852.90
175.00 852.90
176.00 852.90
177.00 852.90
177.10 853.00
178.00 853.90
179.00 853.90
180.00 853.90
181.00 853.90
182.00 853.90
183.00 853.90
184.00 853.90
185.00 853.90
186.00 853.90
186.90 853.00
187.00 852.90
188.00 852.90
189.00 852.90
190.00 852.90
191.00 852.90
192.00 852.90
192.90 852.00
193.00 851.90
194.00 851.90
194.90 851.00
195.00 850.90
196.00 850.90
196.90 850.00
197.00 849.90
197.90 849.00
198.00 848.90
199.00 848.90
199.90 848.00
200.00 847.90
201.00 847.90
201.90 847.00
202.00 846.90
202.90 846.00
203.00 845.90
203.90 845.00
204.00 844.90
204.90 844.00
205.00 843.90
205.90 843.00
205.90 842.00
206.00 841.90
206.90 841.00
207.00 840.90
207.90 840.00
207.90 839.00
207.90 838.00
208.00 837.90
208.90 837.00
208.90 836.00
208.90 835.00
209.00 834.90
209.90 834.00
209.90 833.00
209.90 832.00
209.90 831.00
209.90 830.00
210.00 829.90
210.90 829.00

Contour 5:
291.92 391.00
291.92 390.00
291.92 389.00
291.92 388.00
291.92 387.00
291.92 386.00
291.92 385.00
291.92 384.00
291.00 383.08
290.92 383.00
290.92 382.00
290.92 381.00
290.92 380.00
290.92 379.00
290.00 378.08
289.92 378.00
289.92 377.00
289.92 376.00
289.00 375.08
288.92 375.00
288.92 374.00
288.92 373.00
288.00 372.08
287.92 372.00
287.92 371.00
287.00 370.08
286.92 370.00
286.00 369.08
285.92 369.00
285.00 368.08
284.92 368.00
284.00 367.08
283.92 367.00
283.00 366.08
282.92 366.00
282.00 365.08
281.92 365.00
281.00 364.08
280.92 364.00
280.00 363.08
279.00 363.08
278.92 363.00
278.00 362.08
277.92 362.00
277.00 361.08
276.00 361.08
275.92 361.00
275.00 360.08
274.00 360.08
273.00 360.08
272.92 360.00
272.00 359.08
271.00 359.08
270.00 359.08
269.92 359.00
269.00 358.08
268.00 358.08
267.00 358.08
266.92 358.00
266.00 357.08
265.00 357.08
264.00 357.08
263.00 357.08
262.00 357.08
261.00 357.08
260.00 357.08
259.00 357.08
258.00 357.08
257.00 357.08
256.00 357.08
255.00 357.08
254.00 357.08
253.00 357.08
252.00 357.08
251.00 357.08
250.00 357.08
249.00 357.08
248.00 357.08
247.08 358.00
247.00 358.08
246.00 358.08
245.00 358.08
244.00 358.08
243.08 359.00
243.00 359.08
242.00 359.08
241.08 360.00
241.00 360.08
240.00 360.08
239.08 361.00
239.00 361.08
238.08 362.00
238.00 362.08
237.00 362.08
236.08 363.00
236.00 363.08
235.08 364.00
235.00 364.08
234.08 365.00
234.00 365.08
233.08 366.00
233.00 366.08
232.08 367.00
232.00 367.08
231.08 368.00
231.00 368.08
230.08 369.00
230.00 369.08
229.08 370.00
229.00 370.08
228.08 371.00
228.00 371.08
227.08 372.00
227.00 372.08
226.08 373.00
226.08 374.00
226.00 374.08
225.08 375.00
225.08 376.00
225.00 376.08
224.08 377.00
224.08 378.00
224.00 378.08
223.08 379.00
223.08 380.00
223.08 381.00
223.08 382.00
223.08 383.00
223.08 384.00
223.08 385.00
223.08 386.00
223.08 387.00
223.08 388.00
223.08 389.00
223.08 390.00
223.08 391.00
223.08 392.00
223.08 393.00
223.08 394.00
223.08 395.00
224.00 395.92
224.08 396.00
224.08 397.00
224.08 398.00
224.08 399.00
224.08 400.00
224.08 401.00
224.08 402.00
225.00 402.92
225.08 403.00
225.08 404.00
225.08 405.00
226.00 405.92
226.08 406.00
226.08 407.00
226.08 408.00
227.00 408.92
227.08 409.00
227.08 410.00
228.00 410.92
228.08 411.00
228.08 412.00
229.00 412.92
229.08 413.00
230.00 413.92
230.08 414.00
230.08 415.00
231.00 415.92
231.08 416.00
232.00 416.92
232.08 417.00
233.00 417.92
233.08 418.00
234.00 418.92
234.08 419.00
235.00 419.92
235.08 420.00
236.00 420.92
236.08 421.00
237.00 421.92
237.08 422.00
238.00 422.92
239.00 422.92
239.08 423.00
240.00 423.92
241.00 423.92
241.08 424.00
242.00 424.92
243.00 424.92
243.08 425.00
244.00 425.92
245.00 425.92
246.00 425.92
247.00 425.92
248.00 425.92
249.00 425.92
249.08 426.00
250.00 426.92
250.92 426.00
251.00 425.92
252.00 425.92
253.00 425.92
254.00 425.92
255.00 425.92
255.92 425.00
256.00 424.92
257.00 424.92
258.00 424.92
258.92 424.00
259.00 423.92
260.00 423.92
261.00 423.92
261.92 423.00
262.00 422.92
263.00 422.92
263.92 422.00
264.00 421.92
265.00 421.92
265.92 421.00
266.00 420.92
267.00 420.92
268.00 420.92
268.92 420.00
269.00 419.92
270.00 419.92
270.92 419.00
271.00 418.92
272.00 418.92
272.92 418.00
273.00 417.92
274.00 417.92
274.92 417.00
275.00 416.92
275.92 416.00
276.00 415.92
277.00 415.92
277.92 415.00
278.00 414.92
278.92 414.00
279.00 413.92
279.92 413.00
280.00 412.92
280.92 412.00
281.00 411.92
281.92 411.00
282.00 410.92
282.92 410.00
283.00 409.92
283.92 409.00
284.00 408.92
284.92 408.00
284.92 407.00
285.00 406.92
285.92 406.00
286.00 405.92
286.92 405.00
286.92 404.00
287.00 403.92
287.92 403.00
287.92 402.00
288.00 401.92
288.92 401.00
288.92 400.00
289.00 399.92
289.92 399.00
289.92 398.00
289.92 397.00
289.92 396.00
290.00 395.92
290.92 395.00
290.92 394.00
290.92 393.00
290.92 392.00
291.00 391.92
291.92 391.00

Contour 6:
347.93 524.00
347.93 523.00
347.93 522.00
347.93 521.00
347.93 520.00
347.93 519.00
347.93 518.00
347.93 517.00
347.93 516.00
347.93 515.00
347.93 514.00
347.93 513.00
347.93 512.00
347.00 511.07
346.93 511.00
346.93 510.00
346.93 509.00
346.00 508.07
345.93 508.00
345.93 507.00
345.00 506.07
344.93 506.00
344.93 505.00
344.00 504.07
343.93 504.00
343.93 503.00
343.00 502.07
342.93 502.00
342.00 501.07
341.93 501.00
341.00 500.07
340.93 500.00
340.00 499.07
339.93 499.00
339.00 498.07
338.93 498.00
338.00 497.07
337.93 497.00
337.00 496.07
336.93 496.00
336.00 495.07
335.00 495.07
334.93 495.00
334.00 494.07
333.00 494.07
332.93 494.00
332.00 493.07
331.00 493.07
330.00 493.07
329.93 493.00
329.00 492.07
328.00 492.07
327.00 492.07
326.00 492.07
325.93 492.00
325.00 491.07
324.00 491.07
323.00 491.07
322.00 491.07
321.00 491.07
320.00 491.07
319.00 491.07
318.00 491.07
317.00 491.07
316.07 492.00
316.00 492.07
315.00 492.07
314.00 492.07
313.00 492.07
312.00 492.07
311.00 492.07
310.00 492.07
309.07 493.00
309.00 493.07
308.00 493.07
307.00 493.07
306.00 493.07
305.07 494.00
305.00 494.07
304.00 494.07
303.00 494.07
302.07 495.00
302.00 495.07
301.00 495.07
300.00 495.07
299.07 496.00
299.00 496.07
298.00 496.07
297.00 496.07
296.07 497.00
296.00 497.07
295.00 497.07
294.07 498.00
294.00 498.07
293.00 498.07
292.00 498.07
291.07 499.00
291.00 499.07
290.07 500.00
290.00 500.07
289.00 500.07
288.07 501.00
288.00 501.07
287.07 502.00
287.00 502.07
286.07 503.00
286.00 503.07
285.07 504.00
285.07 505.00
285.00 505.07
284.07 506.00
284.00 506.07
283.07 507.00
283.00 507.07
282.07 508.00
282.07 509.00
282.00 509.07
281.07 510.00
281.07 511.00
281.07 512.00
281.00 512.07
280.07 513.00
280.07 514.00
280.07 515.00
280.07 516.00
280.07 517.00
280.07 518.00
280.07 519.00
280.07 520.00
280.07 521.00
280.07 522.00
280.07 523.00
281.00 523.93
281.07 524.00
281.07 525.00
281.07 526.00
282.00 526.93
282.07 527.00
282.07 528.00
283.00 528.93
283.07 529.00
284.00 529.93
284.07 530.00
284.07 531.00
285.00 531.93
285.07 532.00
286.00 532.93
286.07 533.00
286.07 534.00
287.00 534.93
287.07 535.00
288.00 535.93
288.07 536.00
289.00 536.93
289.07 537.00
290.00 537.93
290.07 538.00
291.00 538.93
291.07 539.00
292.00 539.93
292.07 540.00
293.00 540.93
294.00 540.93
294.07 541.00
295.00 541.93
296.00 541.93
296.07 542.00
297.00 542.93
297.07 543.00
298.00 543.93
299.00 543.93
299.07 544.00
300.00 544.93
301.00 544.93
302.00 544.93
302.07 545.00
303.00 545.93
304.00 545.93
305.00 545.93
305.07 546.00
306.00 546.93
307.00 546.93
308.00 546.93
309.00 546.93
310.00 546.93
311.00 546.93
312.00 546.93
313.00 546.93
314.00 546.93
315.00 546.93
316.00 546.93
317.00 546.93
318.00 546.93
319.00 546.93
320.00 546.93
321.00 546.93
322.00 546.93
323.00 546.93
324.00 546.93
324.93 546.00
325.00 545.93
326.00 545.93
327.00 545.93
328.00 545.93
328.93 545.00
329.00 544.93
330.00 544.93
331.00 544.93
331.93 544.00
332.00 543.93
333.00 543.93
333.93 543.00
334.00 542.93
335.00 542.93
335.93 542.00
336.00 541.93
336.93 541.00
337.00 540.93
338.00 540.93
338.93 540.00
339.00 539.93
339.93 539.00
340.00 538.93
340.93 538.00
341.00 537.93
341.93 537.00
342.00 536.93
342.93 536.00
342.93 535.00
343.00 534.93
343.93 534.00
343.93 533.00
344.00 532.93
344.93 532.00
344.93 531.00
345.00 530.93
345.93 530.00
345.93 529.00
345.93 528.00
346.00 527.93
346.93 527.00
346.93 526.00
346.93 525.00
347.00 524.93
347.93 524.00

Contour 7:
421.94 375.00
421.94 374.00
421.94 373.00
421.94 372.00
421.94 371.00
421.94 370.00
421.94 369.00
421.00 368.06
420.94 368.00
420.94 367.00
420.00 366.06
419.94 366.00
419.94 365.00
419.94 364.00
419.00 363.06
418.94 363.00
418.94 362.00
418.00 361.06
417.94 361.00
417.94 360.00
417.00 359.06
416.94 359.00
416.00 358.06
415.94 358.00
415.94 357.00
415.00 356.06
414.94 356.00
414.00 355.06
413.94 355.00
413.00 354.06
412.94 354.00
412.00 353.06
411.94 353.00
411.00 352.06
410.94 352.00
410.00 351.06
409.94 351.00
409.00 350.06
408.94 350.00
408.00 349.06
407.94 349.00
407.00 348.06
406.94 348.00
406.00 347.06
405.00 347.06
404.94 347.00
404.00 346.06
403.94 346.00
403.00 345.06
402.00 345.06
401.00 345.06
400.94 345.00
400.00 344.06
399.00 344.06
398.00 344.06
397.00 344.06
396.00 344.06
395.00 344.06
394.94 344.00
394.00 343.06
393.00 343.06
392.00 343.06
391.00 343.06
390.00 343.06
389.94 343.00
389.00 342.06
388.00 342.06
387.00 342.06
386.00 342.06
385.00 342.06
384.00 342.06
383.00 342.06
382.00 342.06
381.00 342.06
380.06 343.00
380.00 343.06
379.00 343.06
378.00 343.06
377.06 344.00
377.00 344.06
376.00 344.06
375.06 345.00
375.00 345.06
374.00 345.06
373.06 346.00
373.00 346.06
372.00 346.06
371.06 347.00
371.00 347.06
370.00 347.06
369.06 348.00
369.00 348.06
368.06 349.00
368.00 349.06
367.06 350.00
367.00 350.06
366.06 351.00
366.00 351.06
365.06 352.00
365.00 352.06
364.06 353.00
364.00 353.06
363.06 354.00
363.00 354.06
362.06 355.00
362.06 356.00
362.00 356.06
361.06 357.00
361.06 358.00
361.00 358.06
360.06 359.00
360.06 360.00
360.00 360.06
359.06 361.00
359.06 362.00
359.00 362.06
358.06 363.00
358.06 364.00
358.06 365.00
358.00 365.06
357.06 366.00
357.06 367.00
357.06 368.00
357.06 369.00
357.06 370.00
357.06 371.00
357.06 372.00
357.06 373.00
358.00 373.94
358.06 374.00
358.06 375.00
358.06 376.00
359.00 376.94
359.06 377.00
359.06 378.00
359.06 379.00
360.00 379.94
360.06 380.00
360.06 381.00
361.00 381.94
361.06 382.00
362.00 382.94
362.06 383.00
362.06 384.00
363.00 384.94
363.06 385.00
364.00 385.94
364.06 386.00
365.00 386.94
365.06 387.00
366.00 387.94
366.06 388.00
367.00 388.94
367.06 389.00
368.00 389.94
369.00 389.94
369.06 390.00
370.00 390.94
370.06 391.00
371.00 391.94
371.06 392.00
372.00 392.94
373.00 392.94
373.06 393.00
374.00 393.94
374.06 394.00
375.00 394.94
376.00 394.94
376.06 395.00
377.00 395.94
378.00 395.94
378.06 396.00
379.00 396.94
380.00 396.94
381.00 396.94
381.06 397.00
382.00 397.94
383.00 397.94
383.06 398.00
384.00 398.94
385.00 398.94
385.06 399.00
386.00 399.94
387.00 399.94
387.06 400.00
388.00 400.94
389.00 400.94
389.06 401.00
390.00 401.94
391.00 401.94
392.00 401.94
393.00 401.94
393.06 402.00
394.00 402.94
395.00 402.94
396.00 402.94
397.00 402.94
398.00 402.94
399.00 402.94
400.00 402.94
400.94 402.00
401.00 401.94
402.00 401.94
403.00 401.94
404.00 401.94
405.00 401.94
405.94 401.00
406.00 400.94
407.00 400.94
407.94 400.00
408.00 399.94
409.00 399.94
409.94 399.00
410.00 398.94
411.00 398.94
411.94 398.00
412.00 397.94
412.94 397.00
413.00 396.94
414.00 396.94
414.94 396.00
415.00 395.94
415.94 395.00
416.00 394.94
416.94 394.00
417.00 393.94
417.94 393.00
417.94 392.00
417.94 391.00
418.00 390.94
418.94 390.00
418.94 389.00
418.94 388.00
419.00 387.94
419.94 387.00
419.94 386.00
419.94 385.00
419.94 384.00
420.00 383.94
420.94 383.00
420.94 382.00
420.94 381.00
420.94 380.00
420.94 379.00
420.94 378.00
420.94 377.00
420.94 376.00
421.00 375.94
421.94 375.00

Contour 8:
449.94 476.00
449.94 475.00
449.94 474.00
449.94 473.00
449.94 472.00
449.94 471.00
449.00 470.06
448.94 470.00
448.94 469.00
448.94 468.00
448.94 467.00
448.00 466.06
447.94 466.00
447.94 465.00
447.00 464.06
446.94 464.00
446.94 463.00
446.00 462.06
445.94 462.00
445.00 461.06
444.94 461.00
444.00 460.06
443.94 460.00
443.00 459.06
442.94 459.00
442.00 458.06
441.94 458.00
441.00 457.06
440.94 457.00
440.00 456.06
439.94 456.00
439.00 455.06
438.00 455.06
437.94 455.00
437.00 454.06
436.94 454.00
436.00 453.06
435.00 453.06
434.94 453.00
434.00 452.06
433.00 452.06
432.94 452.00
432.00 451.06
431.00 451.06
430.94 451.00
430.00 450.06
429.00 450.06
428.00 450.06
427.94 450.00
427.00 449.06
426.00 449.06
425.00 449.06
424.00 449.06
423.00 449.06
422.00 449.06
421.00 449.06
420.00 449.06
419.00 449.06
418.00 449.06
417.00 449.06
416.00 449.06
415.06 450.00
415.00 450.06
414.00 450.06
413.00 450.06
412.00 450.06
411.00 450.06
410.94 450.00
410.00 449.06
409.00 449.06
408.00 449.06
407.00 449.06
406.06 450.00
406.00 450.06
405.00 450.06
404.00 450.06
403.00 450.06
402.00 450.06
401.06 451.00
401.00 451.06
400.00 451.06
399.00 451.06
398.06 452.00
398.00 452.06
397.00 452.06
396.06 453.00
396.00 453.06
395.00 453.06
394.00 453.06
393.06 454.00
393.00 454.06
392.00 454.06
391.00 454.06
390.06 455.00
390.00 455.06
389.06 456.00
389.00 456.06
388.00 456.06
387.06 457.00
387.00 457.06
386.06 458.00
386.00 458.06
385.06 459.00
385.06 460.00
385.00 460.06
384.06 461.00
384.00 461.06
383.06 462.00
383.00 462.06
382.06 463.00
382.00 463.06
381.06 464.00
381.06 465.00
381.00 465.06
380.06 466.00
380.06 467.00
380.06 468.00
380.00 468.06
379.06 469.00
379.06 470.00
379.06 471.00
379.06 472.00
379.06 473.00
379.06 474.00
379.06 475.00
379.06 476.00
379.06 477.00
379.06 478.00
379.06 479.00
379.06 480.00
379.06 481.00
379.06 482.00
380.00 482.94
380.06 483.00
380.06 484.00
380.06 485.00
380.06 486.00
380.06 487.00
381.00 487.94
381.06 488.00
381.06 489.00
382.00 489.94
382.06 490.00
382.06 491.00
383.00 491.94
383.06 492.00
384.00 492.94
384.06 493.00
385.00 493.94
385.06 494.00
385.06 495.00
386.00 495.94
386.06 496.00
387.00 496.94
387.06 497.00
388.00 497.94
388.06 498.00
389.00 498.94
389.06 499.00
390.00 499.94
391.00 499.94
391.06 500.00
392.00 500.94
393.00 500.94
394.00 500.94
394.06 501.00
395.00 501.94
396.00 501.94
397.00 501.94
398.00 501.94
399.00 501.94
400.00 501.94
401.00 501.94
402.00 501.94
403.00 501.94
404.00 501.94
405.00 501.94
406.00 501.94
406.06 502.00
407.00 502.94
408.00 502.94
409.00 502.94
410.00 502.94
411.00 502.94
411.06 503.00
412.00 503.94
413.00 503.94
414.00 503.94
415.00 503.94
415.94 503.00
416.00 502.94
417.00 502.94
418.00 502.94
419.00 502.94
420.00 502.94
421.00 502.94
422.00 502.94
423.00 502.94
423.94 502.00
424.00 501.94
425.00 501.94
426.00 501.94
427.00 501.94
428.00 501.94
428.94 501.00
429.00 500.94
430.00 500.94
431.00 500.94
431.94 500.00
432.00 499.94
433.00 499.94
433.94 499.00
434.00 498.94
435.00 498.94
435.94 498.00
436.00 497.94
437.00 497.94
437.94 497.00
438.00 496.94
439.00 496.94
439.94 496.00
440.00 495.94
440.94 495.00
441.00 494.94
441.94 494.00
442.00 493.94
442.94 493.00
443.00 492.94
443.94 492.00
444.00 491.94
444.94 491.00
445.00 490.94
445.94 490.00
445.94 489.00
446.00 488.94
446.94 488.00
446.94 487.00
447.00 486.94
447.94 486.00
447.94 485.00
447.94 484.00
447.94 483.00
448.00 482.94
448.94 482.00
448.94 481.00
448.94 480.00
448.94 479.00
448.94 478.00
448.94 477.00
449.00 476.94
449.94 476.00

Contour 9:
477.95 231.00
477.95 230.00
477.95 229.00
477.00 228.05
476.95 228.00
476.95 227.00
476.95 226.00
476.95 225.00
476.00 224.05
475.95 224.00
475.95 223.00
475.95 222.00
475.00 221.05
474.95 221.00
474.95 220.00
474.00 219.05
473.95 219.00
473.95 218.00
473.00 217.05
472.95 217.00
472.95 216.00
472.00 215.05
471.95 215.00
471.00 214.05
470.95 214.00
470.00 213.05
469.95 213.00
469.95 212.00
469.00 211.05
468.95 211.00
468.00 210.05
467.00 210.05
466.95 210.00
466.00 209.05
465.95 209.00
465.00 208.05
464.95 208.00
464.00 207.05
463.00 207.05
462.95 207.00
462.00 206.05
461.95 206.00
461.00 205.05
460.00 205.05
459.00 205.05
458.95 205.00
458.00 204.05
457.00 204.05
456.95 204.00
456.00 203.05
455.00 203.05
454.00 203.05
453.00 203.05
452.95 203.00
452.00 202.05
451.00 202.05
450.00 202.05
449.00 202.05
448.95 202.00
448.00 201.05
447.00 201.05
446.00 201.05
445.00 201.05
444.00 201.05
443.00 201.05
442.00 201.05
441.95 201.00
441.00 200.05
440.00 200.05
439.00 200.05
438.00 200.05
437.00 200.05
436.00 200.05
435.05 201.00
435.00 201.05
434.00 201.05
433.00 201.05
432.00 201.05
431.00 201.05
430.00 201.05
429.00 201.05
428.05 202.00
428.00 202.05
427.00 202.05
426.00 202.05
425.05 203.00
425.00 203.05
424.00 203.05
423.00 203.05
422.05 204.00
422.00 204.05
421.00 204.05
420.00 204.05
419.05 205.00
419.00 205.05
418.00 205.05
417.05 206.00
417.00 206.05
416.00 206.05
415.05 207.00
415.00 207.05
414.00 207.05
413.05 208.00
413.00 208.05
412.00 208.05
411.05 209.00
411.00 209.05
410.05 210.00
410.00 210.05
409.05 211.00
409.00 211.05
408.05 212.00
408.00 212.05
407.05 213.00
407.00 213.05
406.00 213.05
405.05 214.00
405.00 214.05
404.05 215.00
404.00 215.05
403.00 215.05
402.05 216.00
402.00 216.05
401.05 217.00
401.00 217.05
400.00 217.05
399.05 218.00
399.00 218.05
398.05 219.00
398.00 219.05
397.05 220.00
397.00 220.05
396.05 221.00
396.00 221.05
395.05 222.00
395.00 222.05
394.05 223.00
394.00 223.05
393.05 224.00
393.00 224.05
392.05 225.00
392.05 226.00
392.00 226.05
391.05 227.00
391.00 227.05
390.05 228.00
390.00 228.05
389.05 229.00
389.05 230.00
389.00 230.05
388.05 231.00
388.05 232.00
388.00 232.05
387.05 233.00
387.00 233.05
386.05 234.00
386.05 235.00
386.00 235.05
385.05 236.00
385.05 237.00
385.05 238.00
385.00 238.05
384.05 239.00
384.05 240.00
384.00 240.05
383.05 241.00
383.05 242.00
383.05 243.00
383.05 244.00
383.05 245.00
383.05 246.00
383.05 247.00
383.05 248.00
383.05 249.00
383.05 250.00
383.05 251.00
383.05 252.00
384.00 252.95
384.05 253.00
384.05 254.00
384.05 255.00
385.00 255.95
385.05 256.00
385.05 257.00
386.00 257.95
386.05 258.00
386.05 259.00
387.00 259.95
387.05 260.00
388.00 260.95
388.05 261.00
388.05 262.00
389.00 262.95
389.05 263.00
390.00 263.95
390.05 264.00
391.00 264.95
391.05 265.00
392.00 265.95
392.05 266.00
393.00 266.95
393.05 267.00
394.00 267.95
394.05 268.00
395.00 268.95
395.05 269.00
396.00 269.95
396.05 270.00
397.00 270.95
398.00 270.95
398.05 271.00
399.00 271.95
400.00 271.95
400.05 272.00
401.00 272.95
402.00 272.95
402.05 273.00
403.00 273.95
404.00 273.95
405.00 273.95
405.05 274.00
406.00 274.95
407.00 274.95
408.00 274.95
408.05 275.00
409.00 275.95
410.00 275.95
411.00 275.95
412.00 275.95
413.00 275.95
414.00 275.95
414.05 276.00
415.00 276.95
416.00 276.95
417.00 276.95
418.00 276.95
419.00 276.95
420.00 276.95
421.00 276.95
422.00 276.95
423.00 276.95
424.00 276.95
425.00 276.95
426.00 276.95
427.00 276.95
427.95 276.00
428.00 275.95
429.00 275.95
430.00 275.95
431.00 275.95
432.00 275.95
432.95 275.00
433.00 274.95
434.00 274.95
435.00 274.95
436.00 274.95
436.95 274.00
437.00 273.95
438.00 273.95
439.00 273.95
440.00 273.95
440.95 273.00
441.00 272.95
442.00 272.95
443.00 272.95
443.95 272.00
444.00 271.95
445.00 271.95
445.95 271.00
446.00 270.95
447.00 270.95
447.95 270.00
448.00 269.95
449.00 269.95
450.00 269.95
450.95 269.00
451.00 268.95
452.00 268.95
452.95 268.00
453.00 267.95
453.95 267.00
454.00 266.95
455.00 266.95
455.95 266.00
456.00 265.95
457.00 265.95
457.95 265.00
458.00 264.95
458.95 264.00
459.00 263.95
460.00 263.95
460.95 263.00
461.00 262.95
461.95 262.00
462.00 261.95
462.95 261.00
463.00 260.95
463.95 260.00
464.00 259.95
465.00 259.95
465.95 259.00
466.00 258.95
466.95 258.00
467.00 257.95
467.95 257.00
468.00 256.95
468.95 256.00
468.95 255.00
469.00 254.95
469.95 254.00
470.00 253.95
470.95 253.00
471.00 252.95
471.95 252.00
471.95 251.00
472.00 250.95
472.95 250.00
473.00 249.95
473.95 249.00
473.95 248.00
473.95 247.00
474.00 246.95
474.95 246.00
474.95 245.00
474.95 244.00
475.00 243.95
475.95 243.00
475.95 242.00
475.95 241.00
475.95 240.00
476.00 239.95
476.95 239.00
476.95 238.00
476.95 237.00
476.95 236.00
476.95 235.00
476.95 234.00
476.95 233.00
476.95 232.00
477.00 231.95
477.95 231.00

Contour 10:
527.95 715.00
527.95 714.00
527.95 713.00
527.95 712.00
527.95 711.00
527.95 710.00
527.95 709.00
527.00 708.05
526.95 708.00
526.95 707.00
526.95 706.00
526.95 705.00
526.95 704.00
526.00 703.05
525.95 703.00
525.95 702.00
525.00 701.05
524.95 701.00
524.00 700.05
523.95 700.00
523.95 699.00
523.00 698.05
522.95 698.00
522.95 697.00
522.00 696.05
521.95 696.00
521.95 695.00
521.00 694.05
520.95 694.00
520.00 693.05
519.95 693.00
519.95 692.00
519.00 691.05
518.95 691.00
518.00 690.05
517.95 690.00
517.00 689.05
516.95 689.00
516.00 688.05
515.95 688.00
515.00 687.05
514.95 687.00
514.00 686.05
513.95 686.00
513.00 685.05
512.95 685.00
512.00 684.05
511.95 684.00
511.00 683.05
510.95 683.00
510.00 682.05
509.95 682.00
509.00 681.05
508.95 681.00
508.00 680.05
507.00 680.05
506.95 680.00
506.00 679.05
505.00 679.05
504.95 679.00
504.00 678.05
503.00 678.05
502.95 678.00
502.00 677.05
501.00 677.05
500.00 677.05
499.00 677.05
498.95 677.00
498.00 676.05
497.00 676.05
496.00 676.05
495.95 676.00
495.00 675.05
494.00 675.05
493.00 675.05
492.00 675.05
491.00 675.05
490.00 675.05
489.00 675.05
488.00 675.05
487.00 675.05
486.05 676.00
486.00 676.05
485.00 676.05
484.00 676.05
483.05 677.00
483.00 677.05
482.00 677.05
481.00 677.05
480.00 677.05
479.05 678.00
479.00 678.05
478.00 678.05
477.00 678.05
476.00 678.05
475.05 679.00
475.00 679.05
474.00 679.05
473.05 680.00
473.00 680.05
472.05 681.00
472.00 681.05
471.05 682.00
471.00 682.05
470.05 683.00
470.00 683.05
469.05 684.00
469.00 684.05
468.05 685.00
468.00 685.05
467.05 686.00
467.00 686.05
466.05 687.00
466.05 688.00
466.00 688.05
465.05 689.00
465.00 689.05
464.05 690.00
464.05 691.00
464.00 691.05
463.05 692.00
463.05 693.00
463.05 694.00
463.00 694.05
462.05 695.00
462.05 696.00
462.05 697.00
462.00 697.05
461.05 698.00
461.05 699.00
461.05 700.00
461.05 701.00
461.05 702.00
461.05 703.00
461.05 704.00
461.05 705.00
461.05 706.00
461.05 707.00
461.05 708.00
462.00 708.95
462.05 709.00
462.05 710.00
462.05 711.00
462.05 712.00
462.05 713.00
463.00 713.95
463.05 714.00
463.05 715.00
463.05 716.00
464.00 716.95
464.05 717.00
464.05 718.00
465.00 718.95
465.05 719.00
465.05 720.00
465.05 721.00
466.00 721.95
466.05 722.00
467.00 722.95
467.05 723.00
467.05 724.00
468.00 724.95
468.05 725.00
469.00 725.95
469.05 726.00
470.00 726.95
470.05 727.00
471.00 727.95
471.05 728.00
472.00 728.95
472.05 729.00
473.00 729.95
473.05 730.00
474.00 730.95
475.00 730.95
475.05 731.00
476.00 731.95
476.05 732.00
477.00 732.95
478.00 732.95
478.05 733.00
479.00 733.95
480.00 733.95
480.05 734.00
481.00 734.95
482.00 734.95
483.00 734.95
483.05 735.00
484.00 735.95
485.00 735.95
486.00 735.95
486.05 736.00
487.00 736.95
488.00 736.95
489.00 736.95
490.00 736.95
491.00 736.95
492.00 736.95
493.00 736.95
494.00 736.95
495.00 736.95
496.00 736.95
497.00 736.95
497.05 737.00
498.00 737.95
499.00 737.95
499.95 737.00
500.00 736.95
501.00 736.95
502.00 736.95
503.00 736.95
504.00 736.95
504.95 736.00
505.00 735.95
506.00 735.95
507.00 735.95
507.95 735.00
508.00 734.95
509.00 734.95
510.00 734.95
511.00 734.95
511.95 734.00
512.00 733.95
513.00 733.95
514.00 733.95
514.95 733.00
515.00 732.95
515.95 732.00
516.00 731.95
517.00 731.95
517.95 731.00
518.00 730.95
518.95 730.00
519.00 729.95
519.95 729.00
520.00 728.95
520.95 728.00
521.00 727.95
521.95 727.00
521.95 726.00
522.00 725.95
522.95 725.00
523.00 724.95
523.95 724.00
524.00 723.95
524.95 723.00
524.95 722.00
525.00 721.95
525.95 721.00
525.95 720.00
526.00 719.95
526.95 719.00
526.95 718.00
526.95 717.00
526.95 716.00
527.00 715.95
527.95 715.00

Contour 11:
561.96 329.00
561.96 328.00
561.96 327.00
561.96 326.00
561.96 325.00
561.96 324.00
561.00 323.04
560.96 323.00
560.96 322.00
560.96 321.00
560.96 320.00
560.96 319.00
560.00 318.04
559.96 318.00
559.96 317.00
559.96 316.00
559.00 315.04
558.96 315.00
558.96 314.00
558.96 313.00
558.00 312.04
557.96 312.00
557.96 311.00
557.96 310.00
557.00 309.04
556.96 309.00
556.96 308.00
556.00 307.04
555.96 307.00
555.96 306.00
555.00 305.04
554.96 305.00
554.00 304.04
553.96 304.00
553.00 303.04
552.96 303.00
552.00 302.04
551.96 302.00
551.00 301.04
550.96 301.00
550.00 300.04
549.96 300.00
549.00 299.04
548.96 299.00
548.00 298.04
547.96 298.00
547.00 297.04
546.00 297.04
545.96 297.00
545.00 296.04
544.96 296.00
544.00 295.04
543.00 295.04
542.00 295.04
541.96 295.00
541.00 294.04
540.00 294.04
539.00 294.04
538.96 294.00
538.00 293.04
537.00 293.04
536.00 293.04
535.96 293.00
535.00 292.04
534.00 292.04
533.00 292.04
532.00 292.04
531.00 292.04
530.00 292.04
529.00 292.04
528.04 293.00
528.00 293.04
527.00 293.04
526.00 293.04
525.00 293.04
524.00 293.04
523.04 294.00
523.00 294.04
522.00 294.04
521.00 294.04
520.00 294.04
519.00 294.04
518.04 295.00
518.00 295.04
517.00 295.04
516.04 296.00
516.00 296.04
515.00 296.04
514.00 296.04
513.04 297.00
513.00 297.04
512.00 297.04
511.04 298.00
511.00 298.04
510.00 298.04
509.00 298.04
508.04 299.00
508.00 299.04
507.04 300.00
507.00 300.04
506.00 300.04
505.04 301.00
505.00 301.04
504.04 302.00
504.00 302.04
503.04 303.00
503.00 303.04
502.04 304.00
502.00 304.04
501.04 305.00
501.00 305.04
500.04 306.00
500.00 306.04
499.04 307.00
499.00 307.04
498.04 308.00
498.04 309.00
498.00 309.04
497.04 310.00
497.00 310.04
496.04 311.00
496.04 312.00
496.04 313.00
496.00 313.04
495.04 314.00
495.04 315.00
495.04 316.00
495.04 317.00
495.04 318.00
495.04 319.00
495.00 319.04
494.04 320.00
494.04 321.00
494.04 322.00
494.04 323.00
494.04 324.00
495.00 324.96
495.04 325.00
495.04 326.00
495.04 327.00
495.04 328.00
495.04 329.00
495.04 330.00
496.00 330.96
496.04 331.00
496.04 332.00
496.04 333.00
496.04 334.00
497.00 334.96
497.04 335.00
497.04 336.00
498.00 336.96
498.04 337.00
498.04 338.00
499.00 338.96
499.04 339.00
500.00 339.96
500.04 340.00
500.04 341.00
501.00 341.96
501.04 342.00
502.00 342.96
502.04 343.00
503.00 343.96
503.04 344.00
504.00 344.96
504.04 345.00
505.00 345.96
505.04 346.00
506.00 346.96
507.00 346.96
507.04 347.00
508.00 347.96
508.04 348.00
509.00 348.96
510.00 348.96
510.04 349.00
511.00 349.96
511.04 350.00
512.00 350.96
513.00 350.96
513.04 351.00
514.00 351.96
515.00 351.96
516.00 351.96
516.04 352.00
517.00 352.96
518.00 352.96
519.00 352.96
519.04 353.00
520.00 353.96
521.00 353.96
522.00 353.96
523.00 353.96
524.00 353.96
525.00 353.96
526.00 353.96
527.00 353.96
528.00 353.96
529.00 353.96
530.00 353.96
531.00 353.96
532.00 353.96
533.00 353.96
534.00 353.96
535.00 353.96
536.00 353.96
537.00 353.96
538.00 353.96
539.00 353.96
540.00 353.96
541.00 353.96
541.96 353.00
542.00 352.96
543.00 352.96
544.00 352.96
544.96 352.00
545.00 351.96
546.00 351.96
546.96 351.00
547.00 350.96
548.00 350.96
548.96 350.00
549.00 349.96
550.00 349.96
550.96 349.00
551.00 348.96
552.00 348.96
552.96 348.00
553.00 347.96
553.96 347.00
554.00 346.96
554.96 346.00
555.00 345.96
555.96 345.00
556.00 344.96
556.96 344.00
557.00 343.96
557.96 343.00
558.00 342.96
558.96 342.00
558.96 341.00
559.00 340.96
559.96 340.00
559.96 339.00
559.96 338.00
559.96 337.00
560.00 336.96
560.96 336.00
560.96 335.00
560.96 334.00
560.96 333.00
560.96 332.00
560.96 331.00
560.96 330.00
561.00 329.96
561.96 329.00

Contour 12:
563.96 595.00
563.96 594.00
563.96 593.00
563.96 592.00
563.96 591.00
563.96 590.00
563.96 589.00
563.96 588.00
563.96 587.00
563.96 586.00
563.96 585.00
563.00 584.04
562.96 584.00
562.96 583.00
562.96 582.00
562.96 581.00
562.96 580.00
562.96 579.00
562.96 578.00
562.00 577.04
561.96 577.00
561.96 576.00
561.96 575.00
561.96 574.00
561.00 573.04
560.96 573.00
560.00 572.04
559.96 572.00
559.96 571.00
559.00 570.04
558.96 570.00
558.00 569.04
557.96 569.00
557.00 568.04
556.96 568.00
556.96 567.00
556.00 566.04
555.96 566.00
555.00 565.04
554.96 565.00
554.00 564.04
553.96 564.00
553.00 563.04
552.96 563.00
552.00 562.04
551.96 562.00
551.00 561.04
550.00 561.04
549.96 561.00
549.00 560.04
548.96 560.00
548.00 559.04
547.00 559.04
546.96 559.00
546.00 558.04
545.00 558.04
544.00 558.04
543.00 558.04
542.96 558.00
542.00 557.04
541.00 557.04
540.00 557.04
539.00 557.04
538.00 557.04
537.00 557.04
536.00 557.04
535.00 557.04
534.00 557.04
533.00 557.04
532.00 557.04
531.00 557.04
530.04 558.00
530.00 558.04
529.00 558.04
528.00 558.04
527.00 558.04
526.04 559.00
526.00 559.04
525.00 559.04
524.04 560.00
524.00 560.04
523.00 560.04
522.04 561.00
522.00 561.04
521.00 561.04
520.04 562.00
520.00 562.04
519.04 563.00
519.00 563.04
518.04 564.00
518.00 564.04
517.00 564.04
516.04 565.00
516.00 565.04
515.04 566.00
515.00 566.04
514.04 567.00
514.00 567.04
513.04 568.00
513.00 568.04
512.04 569.00
512.00 569.04
511.04 570.00
511.00 570.04
510.04 571.00
510.00 571.04
509.04 572.00
509.04 573.00
509.00 573.04
508.04 574.00
508.04 575.00
508.00 575.04
507.04 576.00
507.00 576.04
506.04 577.00
506.04 578.00
506.04 579.00
506.00 579.04
505.04 580.00
505.04 581.00
505.04 582.00
505.00 582.04
504.04 583.00
504.04 584.00
504.04 585.00
504.04 586.00
504.04 587.00
504.04 588.00
504.04 589.00
504.04 590.00
504.04 591.00
504.04 592.00
504.04 593.00
505.00 593.96
505.04 594.00
505.04 595.00
505.04 596.00
505.04 597.00
505.04 598.00
506.00 598.96
506.04 599.00
506.04 600.00
506.04 601.00
507.00 601.96
507.04 602.00
507.04 603.00
507.04 604.00
508.00 604.96
508.04 605.00
508.04 606.00
509.00 606.96
509.04 607.00
509.04 608.00
510.00 608.96
510.04 609.00
511.00 609.96
511.04 610.00
511.04 611.00
512.00 611.96
512.04 612.00
513.00 612.96
513.04 613.00
514.00 613.96
514.04 614.00
515.00 614.96
515.04 615.00
516.00 615.96
516.04 616.00
517.00 616.96
517.04 617.00
518.00 617.96
518.04 618.00
519.00 618.96
520.00 618.96
520.04 619.00
521.00 619.96
521.04 620.00
522.00 620.96
523.00 620.96
523.04 621.00
524.00 621.96
525.00 621.96
525.04 622.00
526.00 622.96
527.00 622.96
527.04 623.00
528.00 623.96
529.00 623.96
530.00 623.96
531.00 623.96
532.00 623.96
532.04 624.00
533.00 624.96
534.00 624.96
535.00 624.96
536.00 624.96
537.00 624.96
538.00 624.96
539.00 624.96
539.96 624.00
540.00 623.96
541.00 623.96
542.00 623.96
543.00 623.96
544.00 623.96
544.96 623.00
545.00 622.96
546.00 622.96
546.96 622.00
547.00 621.96
548.00 621.96
548.96 621.00
549.00 620.96
550.00 620.96
550.96 620.00
551.00 619.96
551.96 619.00
552.00 618.96
552.96 618.00
553.00 617.96
553.96 617.00
554.00 616.96
555.00 616.96
555.96 616.00
556.00 615.96
556.96 615.00
557.00 614.96
557.96 614.00
557.96 613.00
558.00 612.96
558.96 612.00
558.96 611.00
559.00 610.96
559.96 610.00
559.96 609.00
559.96 608.00
560.00 607.96
560.96 607.00
560.96 606.00
560.96 605.00
561.00 604.96
561.96 604.00
561.96 603.00
561.96 602.00
561.96 601.00
562.00 600.96
562.96 600.00
562.96 599.00
562.96 598.00
562.96 597.00
562.96 596.00
563.00 595.96
563.96 595.00

Contour 13:
566.96 475.00
566.96 474.00
566.96 473.00
566.96 472.00
566.96 471.00
566.96 470.00
566.00 469.04
565.96 469.00
565.96 468.00
565.96 467.00
565.96 466.00
565.96 465.00
565.96 464.00
565.00 463.04
564.96 463.00
564.96 462.00
564.00 461.04
563.96 461.00
563.96 460.00
563.00 459.04
562.96 459.00
562.96 458.00
562.96 457.00
562.00 456.04
561.96 456.00
561.96 455.00
561.00 454.04
560.96 454.00
560.96 453.00
560.00 452.04
559.96 452.00
559.96 451.00
559.00 450.04
558.96 450.00
558.96 449.00
558.00 448.04
557.96 448.00
557.00 447.04
556.96 447.00
556.00 446.04
555.96 446.00
555.00 445.04
554.96 445.00
554.00 444.04
553.96 444.00
553.00 443.04
552.00 443.04
551.96 443.00
551.00 442.04
550.96 442.00
550.00 441.04
549.00 441.04
548.96 441.00
548.00 440.04
547.00 440.04
546.96 440.00
546.00 439.04
545.00 439.04
544.96 439.00
544.00 438.04
543.00 438.04
542.00 438.04
541.00 438.04
540.96 438.00
540.00 437.04
539.00 437.04
538.00 437.04
537.00 437.04
536.00 437.04
535.00 437.04
534.00 437.04
533.00 437.04
532.00 437.04
531.00 437.04
530.00 437.04
529.00 437.04
528.00 437.04
527.00 437.04
526.00 437.04
525.04 438.00
525.00 438.04
524.00 438.04
523.04 439.00
523.00 439.04
522.00 439.04
521.04 440.00
521.00 440.04
520.00 440.04
519.04 441.00
519.00 441.04
518.04 442.00
518.00 442.04
517.00 442.04
516.04 443.00
516.00 443.04
515.04 444.00
515.00 444.04
514.04 445.00
514.00 445.04
513.04 446.00
513.00 446.04
512.04 447.00
512.00 447.04
511.04 448.00
511.04 449.00
511.00 449.04
510.04 450.00
510.00 450.04
509.04 451.00
509.04 452.00
509.00 452.04
508.04 453.00
508.04 454.00
508.00 454.04
507.04 455.00
507.04 456.00
507.00 456.04
506.04 457.00
506.04 458.00
506.04 459.00
506.00 459.04
505.04 460.00
505.04 461.00
505.04 462.00
505.04 463.00
505.04 464.00
505.04 465.00
505.04 466.00
505.04 467.00
505.04 468.00
505.04 469.00
505.04 470.00
505.04 471.00
505.04 472.00
506.00 472.96
506.04 473.00
506.04 474.00
506.04 475.00
506.04 476.00
507.00 476.96
507.04 477.00
507.04 478.00
507.04 479.00
508.00 479.96
508.04 480.00
508.04 481.00
509.00 481.96
509.04 482.00
509.04 483.00
510.00 483.96
510.04 484.00
510.04 485.00
511.00 485.96
511.04 486.00
511.04 487.00
512.00 487.96
512.04 488.00
513.00 488.96
513.04 489.00
513.04 490.00
514.00 490.96
514.04 491.00
515.00 491.96
515.04 492.00
516.00 492.96
516.04 493.00
517.00 493.96
518.00 493.96
518.04 494.00
519.00 494.96
519.04 495.00
520.00 495.96
521.00 495.96
521.04 496.00
522.00 496.96
523.00 496.96
523.04 497.00
524.00 497.96
525.00 497.96
525.04 498.00
526.00 498.96
527.00 498.96
527.04 499.00
528.00 499.96
529.00 499.96
530.00 499.96
531.00 499.96
531.04 500.00
532.00 500.96
533.00 500.96
534.00 500.96
535.00 500.96
536.00 500.96
537.00 500.96
538.00 500.96
539.00 500.96
540.00 500.96
540.96 500.00
541.00 499.96
542.00 499.96
543.00 499.96
544.00 499.96
544.96 499.00
545.00 498.96
546.00 498.96
547.00 498.96
547.96 498.00
548.00 497.96
549.00 497.96
549.96 497.00
550.00 496.96
550.96 496.00
551.00 495.96
552.00 495.96
552.96 495.00
553.00 494.96
554.00 494.96
554.96 494.00
555.00 493.96
555.96 493.00
556.00 492.96
557.00 492.96
557.96 492.00
558.00 491.96
558.96 491.00
559.00 490.96
559.96 490.00
560.00 489.96
560.96 489.00
560.96 488.00
561.00 487.96
561.96 487.00
562.00 486.96
562.96 486.00
562.96 485.00
563.00 484.96
563.96 484.00
563.96 483.00
564.00 482.96
564.96 482.00
564.96 481.00
564.96 480.00
565.00 479.96
565.96 479.00
565.96 478.00
565.96 477.00
565.96 476.00
566.00 475.96
566.96 475.00

Contour 14:
655.97 468.00
655.97 467.00
655.97 466.00
655.97 465.00
655.97 464.00
655.97 463.00
655.97 462.00
655.97 461.00
655.97 460.00
655.97 459.00
655.97 458.00
655.97 457.00
655.00 456.03
654.97 456.00
654.97 455.00
654.97 454.00
654.97 453.00
654.00 452.03
653.97 452.00
653.97 451.00
653.00 450.03
652.97 450.00
652.97 449.00
652.00 448.03
651.97 448.00
651.97 447.00
651.00 446.03
650.97 446.00
650.00 445.03
649.97 445.00
649.97 444.00
649.00 443.03
648.97 443.00
648.00 442.03
647.97 442.00
647.00 441.03
646.97 441.00
646.00 440.03
645.97 440.00
645.00 439.03
644.00 439.03
643.97 439.00
643.00 438.03
642.97 438.00
642.00 437.03
641.97 437.00
641.00 436.03
640.00 436.03
639.97 436.00
639.00 435.03
638.97 435.00
638.00 434.03
637.00 434.03
636.97 434.00
636.00 433.03
635.97 433.00
635.00 432.03
634.00 432.03
633.97 432.00
633.00 431.03
632.97 431.00
632.00 430.03
631.00 430.03
630.00 430.03
629.97 430.00
629.00 429.03
628.00 429.03
627.97 429.00
627.00 428.03
626.00 428.03
625.00 428.03
624.00 428.03
623.00 428.03
622.00 428.03
621.00 428.03
620.00 428.03
619.00 428.03
618.00 428.03
617.00 428.03
616.00 428.03
615.00 428.03
614.00 428.03
613.03 429.00
613.00 429.03
612.00 429.03
611.00 429.03
610.00 429.03
609.03 430.00
609.00 430.03
608.00 430.03
607.00 430.03
606.00 430.03
605.03 431.00
605.00 431.03
604.00 431.03
603.03 432.00
603.00 432.03
602.00 432.03
601.03 433.00
601.00 433.03
600.00 433.03
599.03 434.00
599.00 434.03
598.03 435.00
598.00 435.03
597.03 436.00
597.00 436.03
596.00 436.03
595.03 437.00
595.00 437.03
594.03 438.00
594.03 439.00
594.00 439.03
593.03 440.00
593.00 440.03
592.03 441.00
592.00 441.03
591.03 442.00
591.03 443.00
591.00 443.03
590.03 444.00
590.03 445.00
590.00 445.03
589.03 446.00
589.03 447.00
589.03 448.00
589.03 449.00
589.03 450.00
589.00 450.03
588.03 451.00
588.03 452.00
588.03 453.00
588.03 454.00
588.03 455.00
588.00 455.03
587.03 456.00
587.03 457.00
587.03 458.00
587.03 459.00
587.03 460.00
587.03 461.00
587.03 462.00
587.03 463.00
587.03 464.00
587.03 465.00
588.00 465.97
588.03 466.00
588.03 467.00
588.03 468.00
588.03 469.00
589.00 469.97
589.03 470.00
589.03 471.00
589.03 472.00
590.00 472.97
590.03 473.00
590.03 474.00
590.03 475.00
591.00 475.97
591.03 476.00
591.03 477.00
592.00 477.97
592.03 478.00
592.03 479.00
593.00 479.97
593.03 480.00
593.03 481.00
594.00 481.97
594.03 482.00
595.00 482.97
595.03 483.00
596.00 483.97
597.00 483.97
597.03 484.00
598.00 484.97
598.03 485.00
599.00 485.97
599.03 486.00
600.00 486.97
601.00 486.97
601.03 487.00
602.00 487.97
602.03 488.00
603.00 488.97
603.03 489.00
604.00 489.97
604.03 490.00
605.00 490.97
606.00 490.97
606.03 491.00
607.00 491.97
608.00 491.97
608.03 492.00
609.00 492.97
610.00 492.97
610.03 493.00
611.00 493.97
612.00 493.97
613.00 493.97
614.00 493.97
614.03 494.00
615.00 494.97
616.00 494.97
617.00 494.97
618.00 494.97
619.00 494.97
620.00 494.97
621.00 494.97
622.00 494.97
623.00 494.97
624.00 494.97
625.00 494.97
626.00 494.97
627.00 494.97
627.97 494.00
628.00 493.97
629.00 493.97
630.00 493.97
631.00 493.97
631.97 493.00
632.00 492.97
633.00 492.97
634.00 492.97
634.97 492.00
635.00 491.97
636.00 491.97
636.97 491.00
637.00 490.97
638.00 490.97
638.97 490.00
639.00 489.97
639.97 489.00
640.00 488.97
640.97 488.00
641.00 487.97
641.97 487.00
642.00 486.97
642.97 486.00
643.00 485.97
643.97 485.00
644.00 484.97
644.97 484.00
645.00 483.97
645.97 483.00
646.00 482.97
646.97 482.00
647.00 481.97
647.97 481.00
648.00 480.97
648.97 480.00
649.00 479.97
649.97 479.00
650.00 478.97
650.97 478.00
650.97 477.00
651.00 476.97
651.97 476.00
652.00 475.97
652.97 475.00
652.97 474.00
653.00 473.97
653.97 473.00
653.97 472.00
654.00 471.97
654.97 471.00
654.97 470.00
654.97 469.00
655.00 468.97
655.97 468.00

Contour 15:
663.97 646.00
663.97 645.00
663.97 644.00
663.97 643.00
663.97 642.00
663.97 641.00
663.97 640.00
663.97 639.00
663.97 638.00
663.97 637.00
663.97 636.00
663.97 635.00
663.97 634.00
663.97 633.00
663.97 632.00
663.97 631.00
663.97 630.00
663.97 629.00
663.97 628.00
663.00 627.03
662.97 627.00
662.97 626.00
662.97 625.00
662.97 624.00
662.00 623.03
661.97 623.00
661.97 622.00
661.00 621.03
660.97 621.00
660.97 620.00
660.00 619.03
659.97 619.00
659.00 618.03
658.97 618.00
658.00 617.03
657.97 617.00
657.00 616.03
656.97 616.00
656.00 615.03
655.00 615.03
654.97 615.00
654.00 614.03
653.97 614.00
653.00 613.03
652.97 613.00
652.00 612.03
651.97 612.00
651.00 611.03
650.00 611.03
649.97 611.00
649.00 610.03
648.97 610.00
648.00 609.03
647.00 609.03
646.00 609.03
645.97 609.00
645.00 608.03
644.00 608.03
643.00 608.03
642.97 608.00
642.00 607.03
641.00 607.03
640.00 607.03
639.00 607.03
638.00 607.03
637.97 607.00
637.00 606.03
636.00 606.03
635.00 606.03
634.00 606.03
633.00 606.03
632.00 606.03
631.00 606.03
630.03 607.00
630.00 607.03
629.00 607.03
628.00 607.03
627.00 607.03
626.00 607.03
625.00 607.03
624.00 607.03
623.03 608.00
623.00 608.03
622.00 608.03
621.03 609.00
621.00 609.03
620.00 609.03
619.03 610.00
619.00 610.03
618.00 610.03
617.03 611.00
617.00 611.03
616.03 612.00
616.00 612.03
615.03 613.00
615.00 613.03
614.03 614.00
614.00 614.03
613.03 615.00
613.00 615.03
612.03 616.00
612.03 617.00
612.00 617.03
611.03 618.00
611.00 618.03
610.03 619.00
610.00 619.03
609.03 620.00
609.03 621.00
609.00 621.03
608.03 622.00
608.00 622.03
607.03 623.00
607.03 624.00
607.00 624.03
606.03 625.00
606.00 625.03
605.03 626.00
605.03 627.00
605.00 627.03
604.03 628.00
604.00 628.03
603.03 629.00
603.00 629.03
602.03 630.00
602.03 631.00
602.00 631.03
601.03 632.00
601.03 633.00
601.00 633.03
600.03 634.00
600.03 635.00
600.00 635.03
599.03 636.00
599.03 637.00
599.03 638.00
599.03 639.00
599.00 639.03
598.03 640.00
598.03 641.00
598.03 642.00
598.03 643.00
598.03 644.00
598.03 645.00
598.03 646.00
598.03 647.00
599.00 647.97
599.03 648.00
599.03 649.00
599.03 650.00
599.03 651.00
600.00 651.97
600.03 652.00
600.03 653.00
601.00 653.97
601.03 654.00
601.03 655.00
601.03 656.00
602.00 656.97
602.03 657.00
602.03 658.00
603.00 658.97
603.03 659.00
603.03 660.00
604.00 660.97
604.03 661.00
604.03 662.00
605.00 662.97
605.03 663.00
606.00 663.97
606.03 664.00
607.00 664.97
607.03 665.00
608.00 665.97
608.03 666.00
609.00 666.97
610.00 666.97
610.03 667.00
611.00 667.97
611.03 668.00
612.00 668.97
613.00 668.97
613.03 669.00
614.00 669.97
615.00 669.97
615.03 670.00
616.00 670.97
616.03 671.00
617.00 671.97
618.00 671.97
619.00 671.97
619.03 672.00
620.00 672.97
621.00 672.97
622.00 672.97
623.00 672.97
623.03 673.00
624.00 673.97
625.00 673.97
626.00 673.97
627.00 673.97
628.00 673.97
629.00 673.97
630.00 673.97
631.00 673.97
631.97 673.00
632.00 672.97
633.00 672.97
634.00 672.97
635.00 672.97
636.00 672.97
636.97 672.00
637.00 671.97
638.00 671.97
639.00 671.97
640.00 671.97
641.00 671.97
641.97 671.00
642.00 670.97
643.00 670.97
644.00 670.97
644.97 670.00
645.00 669.97
646.00 669.97
646.97 669.00
647.00 668.97
647.97 668.00
648.00 667.97
648.97 667.00
649.00 666.97
649.97 666.00
650.00 665.97
650.97 665.00
651.00 664.97
651.97 664.00
652.00 663.97
652.97 663.00
653.00 662.97
653.97 662.00
654.00 661.97
654.97 661.00
655.00 660.97
655.97 660.00
656.00 659.97
656.97 659.00
657.00 658.97
657.97 658.00
658.00 657.97
658.97 657.00
658.97 656.00
659.00 655.97
659.97 655.00
659.97 654.00
660.00 653.97
660.97 653.00
660.97 652.00
661.00 651.97
661.97 651.00
661.97 650.00
662.00 649.97
662.97 649.00
662.97 648.00
662.97 647.00
663.00 646.97
663.97 646.00

Contour 16:
709.97 295.00
709.97 294.00
709.97 293.00
709.97 292.00
709.97 291.00
709.97 290.00
709.97 289.00
709.97 288.00
709.97 287.00
709.97 286.00
709.97 285.00
709.00 284.03
708.97 284.00
708.97 283.00
708.97 282.00
708.97 281.00
708.97 280.00
708.00 279.03
707.97 279.00
707.97 278.00
707.97 277.00
707.00 276.03
706.97 276.00
706.97 275.00
706.00 274.03
705.97 274.00
705.97 273.00
705.00 272.03
704.97 272.00
704.97 271.00
704.00 270.03
703.97 270.00
703.00 269.03
702.97 269.00
702.97 268.00
702.00 267.03
701.97 267.00
701.00 266.03
700.97 266.00
700.00 265.03
699.97 265.00
699.00 264.03
698.97 264.00
698.00 263.03
697.97 263.00
697.00 262.03
696.00 262.03
695.97 262.00
695.00 261.03
694.00 261.03
693.97 261.00
693.00 260.03
692.00 260.03
691.97 260.00
691.00 259.03
690.00 259.03
689.97 259.00
689.00 258.03
688.00 258.03
687.00 258.03
686.97 258.00
686.00 257.03
685.00 257.03
684.00 257.03
683.00 257.03
682.00 257.03
681.00 257.03
680.00 257.03
679.00 257.03
678.00 257.03
677.00 257.03
676.00 257.03
675.00 257.03
674.00 257.03
673.00 257.03
672.97 257.00
672.00 256.03
671.00 256.03
670.00 256.03
669.00 256.03
668.00 256.03
667.00 256.03
666.00 256.03
665.00 256.03
664.00 256.03
663.03 257.00
663.00 257.03
662.00 257.03
661.00 257.03
660.00 257.03
659.03 258.00
659.00 258.03
658.00 258.03
657.03 259.00
657.00 259.03
656.00 259.03
655.03 260.00
655.00 260.03
654.00 260.03
653.03 261.00
653.00 261.03
652.03 262.00
652.00 262.03
651.03 263.00
651.00 263.03
650.03 264.00
650.00 264.03
649.03 265.00
649.00 265.03
648.03 266.00
648.00 266.03
647.03 267.00
647.00 267.03
646.03 268.00
646.00 268.03
645.03 269.00
645.03 270.00
645.00 270.03
644.03 271.00
644.00 271.03
643.03 272.00
643.03 273.00
643.00 273.03
642.03 274.00
642.03 275.00
642.03 276.00
642.00 276.03
641.03 277.00
641.03 278.00
641.03 279.00
641.03 280.00
641.03 281.00
641.03 282.00
641.03 283.00
641.03 284.00
641.03 285.00
641.03 286.00
641.03 287.00
641.03 288.00
641.03 289.00
641.03 290.00
642.00 290.97
642.03 291.00
642.03 292.00
642.03 293.00
643.00 293.97
643.03 294.00
644.00 294.97
644.03 295.00
644.03 296.00
645.00 296.97
645.03 297.00
646.00 297.97
646.03 298.00
647.00 298.97
647.03 299.00
648.00 299.97
648.03 300.00
648.03 301.00
649.00 301.97
649.03 302.00
650.00 302.97
650.03 303.00
651.00 303.97
651.03 304.00
652.00 304.97
652.03 305.00
653.00 305.97
653.03 306.00
654.00 306.97
654.03 307.00
655.00 307.97
656.00 307.97
656.03 308.00
657.00 308.97
657.03 309.00
658.00 309.97
659.00 309.97
659.03 310.00
660.00 310.97
661.00 310.97
662.00 310.97
662.03 311.00
663.00 311.97
664.00 311.97
664.03 312.00
665.00 312.97
666.00 312.97
666.03 313.00
667.00 313.97
668.00 313.97
669.00 313.97
670.00 313.97
670.03 314.00
671.00 314.97
672.00 314.97
673.00 314.97
674.00 314.97
674.03 315.00
675.00 315.97
676.00 315.97
677.00 315.97
677.03 316.00
678.00 316.97
679.00 316.97
680.00 316.97
681.00 316.97
682.00 316.97
683.00 316.97
684.00 316.97
685.00 316.97
686.00 316.97
687.00 316.97
687.97 316.00
688.00 315.97
689.00 315.97
690.00 315.97
691.00 315.97
692.00 315.97
692.97 315.00
693.00 314.97
694.00 314.97
694.97 314.00
695.00 313.97
696.00 313.97
696.97 313.00
697.00 312.97
697.97 312.00
698.00 311.97
698.97 311.00
699.00 310.97
700.00 310.97
700.97 310.00
701.00 309.97
701.97 309.00
702.00 308.97
702.97 308.00
703.00 307.97
703.97 307.00
703.97 306.00
704.00 305.97
704.97 305.00
705.00 304.97
705.97 304.00
706.00 303.97
706.97 303.00
706.97 302.00
707.00 301.97
707.97 301.00
707.97 300.00
708.00 299.97
708.97 299.00
708.97 298.00
708.97 297.00
708.97 296.00
709.00 295.97
709.97 295.00

Contour 17:
742.97 411.00
742.97 410.00
742.97 409.00
742.97 408.00
742.97 407.00
742.97 406.00
742.97 405.00
742.97 404.00
742.97 403.00
742.97 402.00
742.97 401.00
742.97 400.00
742.00 399.03
741.97 399.00
741.97 398.00
741.97 397.00
741.97 396.00
741.00 395.03
740.97 395.00
740.97 394.00
740.00 393.03
739.97 393.00
739.97 392.00
739.00 391.03
738.97 391.00
738.97 390.00
738.00 389.03
737.97 389.00
737.00 388.03
736.97 388.00
736.00 387.03
735.97 387.00
735.00 386.03
734.97 386.00
734.00 385.03
733.97 385.00
733.00 384.03
732.00 384.03
731.97 384.00
731.00 383.03
730.97 383.00
730.00 382.03
729.97 382.00
729.00 381.03
728.00 381.03
727.97 381.00
727.00 380.03
726.97 380.00
726.00 379.03
725.00 379.03
724.97 379.00
724.00 378.03
723.97 378.00
723.00 377.03
722.00 377.03
721.97 377.00
721.00 376.03
720.00 376.03
719.00 376.03
718.97 376.00
718.00 375.03
717.00 375.03
716.00 375.03
715.97 375.00
715.00 374.03
714.00 374.03
713.00 374.03
712.00 374.03
711.00 374.03
710.00 374.03
709.00 374.03
708.00 374.03
707.00 374.03
706.00 374.03
705.00 374.03
704.00 374.03
703.00 374.03
702.00 374.03
701.00 374.03
700.00 374.03
699.00 374.03
698.00 374.03
697.00 374.03
696.03 375.00
696.00 375.03
695.00 375.03
694.00 375.03
693.00 375.03
692.03 376.00
692.00 376.03
691.00 376.03
690.03 377.00
690.00 377.03
689.03 378.00
689.00 378.03
688.00 378.03
687.03 379.00
687.00 379.03
686.03 380.00
686.00 380.03
685.03 381.00
685.00 381.03
684.03 382.00
684.00 382.03
683.03 383.00
683.00 383.03
682.03 384.00
682.00 384.03
681.03 385.00
681.00 385.03
680.03 386.00
680.03 387.00
680.00 387.03
679.03 388.00
679.03 389.00
679.00 389.03
678.03 390.00
678.03 391.00
678.03 392.00
678.03 393.00
678.03 394.00
678.00 394.03
677.03 395.00
677.03 396.00
677.03 397.00
677.03 398.00
677.03 399.00
677.03 400.00
677.03 401.00
677.03 402.00
677.03 403.00
677.03 404.00
678.00 404.97
678.03 405.00
678.03 406.00
678.03 407.00
678.03 408.00
679.00 408.97
679.03 409.00
679.03 410.00
679.03 411.00
680.00 411.97
680.03 412.00
680.03 413.00
681.00 413.97
681.03 414.00
682.00 414.97
682.03 415.00
682.03 416.00
683.00 416.97
683.03 417.00
684.00 417.97
684.03 418.00
685.00 418.97
685.03 419.00
686.00 419.97
686.03 420.00
687.00 420.97
687.03 421.00
688.00 421.97
689.00 421.97
689.03 422.00
690.00 422.97
691.00 422.97
691.03 423.00
692.00 423.97
693.00 423.97
693.03 424.00
694.00 424.97
695.00 424.97
695.03 425.00
696.00 425.97
697.00 425.97
697.03 426.00
698.00 426.97
699.00 426.97
700.00 426.97
700.03 427.00
701.00 427.97
702.00 427.97
703.00 427.97
703.03 428.00
704.00 428.97
705.00 428.97
706.00 428.97
707.00 428.97
708.00 428.97
708.03 429.00
709.00 429.97
710.00 429.97
711.00 429.97
712.00 429.97
713.00 429.97
714.00 429.97
715.00 429.97
716.00 429.97
717.00 429.97
718.00 429.97
719.00 429.97
719.97 429.00
720.00 428.97
721.00 428.97
722.00 428.97
723.00 428.97
724.00 428.97
724.97 428.00
725.00 427.97
726.00 427.97
727.00 427.97
727.97 427.00
728.00 426.97
729.00 426.97
729.97 426.00
730.00 425.97
731.00 425.97
731.97 425.00
732.00 424.97
733.00 424.97
733.97 424.00
734.00 423.97
734.97 423.00
735.00 422.97
735.97 422.00
736.00 421.97
736.97 421.00
737.00 420.97
737.97 420.00
738.00 419.97
738.97 419.00
739.00 418.97
739.97 418.00
740.00 417.97
740.97 417.00
740.97 416.00
740.97 415.00
741.00 414.97
741.97 414.00
741.97 413.00
741.97 412.00
742.00 411.97
742.97 411.00

Contour 18:
752.97 690.00
752.97 689.00
752.97 688.00
752.97 687.00
752.97 686.00
752.97 685.00
752.97 684.00
752.97 683.00
752.97 682.00
752.97 681.00
752.97 680.00
752.00 679.03
751.97 679.00
751.97 678.00
751.97 677.00
751.97 676.00
751.00 675.03
750.97 675.00
750.97 674.00
750.97 673.00
750.00 672.03
749.97 672.00
749.97 671.00
749.00 670.03
748.97 670.00
748.97 669.00
748.00 668.03
747.97 668.00
747.00 667.03
746.97 667.00
746.00 666.03
745.97 666.00
745.00 665.03
744.97 665.00
744.00 664.03
743.97 664.00
743.00 663.03
742.97 663.00
742.00 662.03
741.00 662.03
740.97 662.00
740.00 661.03
739.00 661.03
738.97 661.00
738.00 660.03
737.00 660.03
736.97 660.00
736.00 659.03
735.00 659.03
734.00 659.03
733.00 659.03
732.00 659.03
731.97 659.00
731.00 658.03
730.00 658.03
729.00 658.03
728.00 658.03
727.00 658.03
726.00 658.03
725.00 658.03
724.00 658.03
723.03 659.00
723.00 659.03
722.00 659.03
721.00 659.03
720.03 660.00
720.00 660.03
719.00 660.03
718.03 661.00
718.00 661.03
717.00 661.03
716.03 662.00
716.00 662.03
715.03 663.00
715.00 663.03
714.00 663.03
713.03 664.00
713.00 664.03
712.03 665.00
712.00 665.03
711.03 666.00
711.00 666.03
710.03 667.00
710.00 667.03
709.03 668.00
709.00 668.03
708.03 669.00
708.00 669.03
707.03 670.00
707.00 670.03
706.03 671.00
706.00 671.03
705.03 672.00
705.00 672.03
704.03 673.00
704.00 673.03
703.03 674.00
703.00 674.03
702.03 675.00
702.00 675.03
701.03 676.00
701.00 676.03
700.03 677.00
700.00 677.03
699.03 678.00
699.00 678.03
698.03 679.00
698.00 679.03
697.03 680.00
697.00 680.03
696.03 681.00
696.03 682.00
696.00 682.03
695.03 683.00
695.00 683.03
694.03 684.00
694.03 685.00
694.00 685.03
693.03 686.00
693.03 687.00
693.00 687.03
692.03 688.00
692.03 689.00
692.00 689.03
691.03 690.00
691.03 691.00
691.03 692.00
691.03 693.00
691.00 693.03
690.03 694.00
690.03 695.00
690.03 696.00
690.03 697.00
690.03 698.00
690.03 699.00
690.00 699.03
689.03 700.00
689.03 701.00
689.03 702.00
690.00 702.97
690.03 703.00
690.03 704.00
690.03 705.00
690.03 706.00
690.03 707.00
690.03 708.00
691.00 708.97
691.03 709.00
691.03 710.00
691.03 711.00
692.00 711.97
692.03 712.00
692.03 713.00
692.03 714.00
693.00 714.97
693.03 715.00
694.00 715.97
694.03 716.00
694.03 717.00
695.00 717.97
695.03 718.00
696.00 718.97
696.03 719.00
697.00 719.97
697.03 720.00
698.00 720.97
698.03 721.00
699.00 721.97
699.03 722.00
700.00 722.97
700.03 723.00
701.00 723.97
702.00 723.97
702.03 724.00
703.00 724.97
703.03 725.00
704.00 725.97
705.00 725.97
705.03 726.00
706.00 726.97
707.00 726.97
708.00 726.97
708.03 727.00
709.00 727.97
710.00 727.97
711.00 727.97
712.00 727.97
713.00 727.97
714.00 727.97
715.00 727.97
716.00 727.97
717.00 727.97
718.00 727.97
719.00 727.97
720.00 727.97
720.97 727.00
721.00 726.97
722.00 726.97
723.00 726.97
723.97 726.00
724.00 725.97
725.00 725.97
726.00 725.97
726.97 725.00
727.00 724.97
727.97 724.00
728.00 723.97
729.00 723.97
729.97 723.00
730.00 722.97
731.00 722.97
731.97 722.00
732.00 721.97
732.97 721.00
733.00 720.97
733.97 720.00
734.00 719.97
735.00 719.97
735.97 719.00
736.00 718.97
736.97 718.00
737.00 717.97
737.97 717.00
738.00 716.97
738.97 716.00
739.00 715.97
739.97 715.00
740.00 714.97
740.97 714.00
741.00 713.97
741.97 713.00
742.00 712.97
742.97 712.00
742.97 711.00
743.00 710.97
743.97 710.00
744.00 709.97
744.97 709.00
744.97 708.00
745.00 707.97
745.97 707.00
745.97 706.00
746.00 705.97
746.97 705.00
747.00 704.97
747.97 704.00
748.00 703.97
748.97 703.00
748.97 702.00
749.00 701.97
749.97 701.00
749.97 700.00
749.97 699.00
750.00 698.97
750.97 698.00
750.97 697.00
750.97 696.00
750.97 695.00
751.00 694.97
751.97 694.00
751.97 693.00
751.97 692.00
751.97 691.00
752.00 690.97
752.97 690.00

Contour 19:
817.98 437.00
817.98 436.00
817.00 435.02
816.98 435.00
816.98 434.00
816.98 433.00
816.00 432.02
815.98 432.00
815.98 431.00
815.00 430.02
814.98 430.00
814.98 429.00
814.00 428.02
813.98 428.00
813.98 427.00
813.00 426.02
812.98 426.00
812.98 425.00
812.00 424.02
811.98 424.00
811.00 423.02
810.98 423.00
810.00 422.02
809.98 422.00
809.00 421.02
808.98 421.00
808.00 420.02
807.98 420.00
807.00 419.02
806.98 419.00
806.00 418.02
805.00 418.02
804.00 418.02
803.98 418.00
803.00 417.02
802.00 417.02
801.98 417.00
801.00 416.02
800.00 416.02
799.00 416.02
798.00 416.02
797.00 416.02
796.00 416.02
795.00 416.02
794.00 416.02
793.00 416.02
792.00 416.02
791.02 417.00
791.00 417.02
790.00 417.02
789.00 417.02
788.02 418.00
788.00 418.02
787.00 418.02
786.02 419.00
786.00 419.02
785.00 419.02
784.02 420.00
784.00 420.02
783.00 420.02
782.02 421.00
782.00 421.02
781.02 422.00
781.00 422.02
780.00 422.02
779.02 423.00
779.00 423.02
778.00 423.02
777.02 424.00
777.00 424.02
776.00 424.02
775.02 425.00
775.00 425.02
774.00 425.02
773.02 426.00
773.00 426.02
772.02 427.00
772.00 427.02
771.00 427.02
770.02 428.00
770.00 428.02
769.00 428.02
768.02 429.00
768.00 429.02
767.00 429.02
766.02 430.00
766.00 430.02
765.00 430.02
764.02 431.00
764.00 431.02
763.02 432.00
763.00 432.02
762.00 432.02
761.02 433.00
761.00 433.02
760.02 434.00
760.00 434.02
759.02 435.00
759.02 436.00
759.00 436.02
758.02 437.00
758.02 438.00
758.00 438.02
757.02 439.00
757.02 440.00
757.00 440.02
756.02 441.00
756.02 442.00
756.00 442.02
755.02 443.00
755.02 444.00
755.02 445.00
755.02 446.00
755.00 446.02
754.02 447.00
754.02 448.00
754.02 449.00
754.02 450.00
754.02 451.00
754.00 451.02
753.02 452.00
753.02 453.00
753.02 454.00
753.02 455.00
753.02 456.00
753.02 457.00
753.02 458.00
753.02 459.00
754.00 459.98
754.02 460.00
754.02 461.00
754.02 462.00
755.00 462.98
755.02 463.00
755.02 464.00
756.00 464.98
756.02 465.00
756.02 466.00
757.00 466.98
757.02 467.00
757.02 468.00
758.00 468.98
758.02 469.00
759.00 469.98
759.02 470.00
760.00 470.98
760.02 471.00
761.00 471.98
761.02 472.00
762.00 472.98
762.02 473.00
763.00 473.98
763.02 474.00
764.00 474.98
764.02 475.00
765.00 475.98
766.00 475.98
766.02 476.00
767.00 476.98
767.02 477.00
768.00 477.98
769.00 477.98
769.02 478.00
770.00 478.98
770.02 479.00
771.00 479.98
772.00 479.98
772.02 480.00
773.00 480.98
774.00 480.98
774.02 481.00
775.00 481.98
776.00 481.98
777.00 481.98
778.00 481.98
778.02 482.00
779.00 482.98
780.00 482.98
781.00 482.98
782.00 482.98
783.00 482.98
784.00 482.98
785.00 482.98
786.00 482.98
786.98 482.00
787.00 481.98
788.00 481.98
789.00 481.98
790.00 481.98
790.98 481.00
791.00 480.98
792.00 480.98
793.00 480.98
793.98 480.00
794.00 479.98
795.00 479.98
795.98 479.00
796.00 478.98
797.00 478.98
797.98 478.00
798.00 477.98
798.98 477.00
799.00 476.98
800.00 476.98
800.98 476.00
801.00 475.98
801.98 475.00
802.00 474.98
802.98 474.00
803.00 473.98
803.98 473.00
804.00 472.98
804.98 472.00
804.98 471.00
805.00 470.98
805.98 470.00
805.98 469.00
806.00 468.98
806.98 468.00
806.98 467.00
807.00 466.98
807.98 466.00
807.98 465.00
807.98 464.00
808.00 463.98
808.98 463.00
808.98 462.00
808.98 461.00
808.98 460.00
809.00 459.98
809.98 459.00
809.98 458.00
810.00 457.98
810.98 457.00
811.00 456.98
811.98 456.00
811.98 455.00
812.00 454.98
812.98 454.00
813.00 453.98
813.98 453.00
813.98 452.00
813.98 451.00
814.00 450.98
814.98 450.00
814.98 449.00
814.98 448.00
815.00 447.98
815.98 447.00
815.98 446.00
815.98 445.00
815.98 444.00
815.98 443.00
816.00 442.98
816.98 442.00
816.98 441.00
816.98 440.00
816.98 439.00
816.98 438.00
817.00 437.98
817.98 437.00

Contour 20:
991.98 742.00
991.98 741.00
991.98 740.00
991.98 739.00
991.98 738.00
991.98 737.00
991.98 736.00
991.98 735.00
991.98 734.00
991.98 733.00
991.98 732.00
991.98 731.00
991.00 730.02
990.98 730.00
990.98 729.00
990.00 728.02
989.98 728.00
989.00 727.02
988.98 727.00
988.98 726.00
988.00 725.02
987.98 725.00
987.00 724.02
986.98 724.00
986.00 723.02
985.98 723.00
985.00 722.02
984.98 722.00
984.00 721.02
983.98 721.00
983.00 720.02
982.98 720.00
982.00 719.02
981.98 719.00
981.00 718.02
980.00 718.02
979.98 718.00
979.00 717.02
978.98 717.00
978.00 716.02
977.00 716.02
976.98 716.00
976.00 715.02
975.00 715.02
974.98 715.00
974.00 714.02
973.00 714.02
972.00 714.02
971.98 714.00
971.00 713.02
970.00 713.02
969.00 713.02
968.98 713.00
968.00 712.02
967.00 712.02
966.00 712.02
965.00 712.02
964.00 712.02
963.00 712.02
962.00 712.02
961.00 712.02
960.00 712.02
959.00 712.02
958.00 712.02
957.02 713.00
957.00 713.02
956.00 713.02
955.00 713.02
954.00 713.02
953.00 713.02
952.00 713.02
951.00 713.02
950.00 713.02
949.00 713.02
948.02 714.00
948.00 714.02
947.00 714.02
946.00 714.02
945.00 714.02
944.00 714.02
943.02 715.00
943.00 715.02
942.00 715.02
941.02 716.00
941.00 716.02
940.00 716.02
939.02 717.00
939.00 717.02
938.00 717.02
937.02 718.00
937.00 718.02
936.02 719.00
936.00 719.02
935.00 719.02
934.02 720.00
934.00 720.02
933.02 721.00
933.00 721.02
932.02 722.00
932.00 722.02
931.02 723.00
931.00 723.02
930.02 724.00
930.00 724.02
929.02 725.00
929.02 726.00
929.00 726.02
928.02 727.00
928.00 727.02
927.02 728.00
927.00 728.02
926.02 729.00
926.02 730.00
926.00 730.02
925.02 731.00
925.02 732.00
925.00 732.02
924.02 733.00
924.02 734.00
924.00 734.02
923.02 735.00
923.02 736.00
923.02 737.00
923.02 738.00
923.00 738.02
922.02 739.00
922.02 740.00
922.02 741.00
922.02 742.00
922.02 743.00
922.02 744.00
922.02 745.00
922.02 746.00
922.02 747.00
922.02 748.00
922.02 749.00
922.02 750.00
923.00 750.98
923.02 751.00
923.02 752.00
923.02 753.00
923.02 754.00
924.00 754.98
924.02 755.00
924.02 756.00
924.02 757.00
924.02 758.00
925.00 758.98
925.02 759.00
925.02 760.00
926.00 760.98
926.02 761.00
926.02 762.00
927.00 762.98
927.02 763.00
927.02 764.00
928.00 764.98
928.02 765.00
929.00 765.98
929.02 766.00
930.00 766.98
930.02 767.00
931.00 767.98
931.02 768.00
932.00 768.98
933.00 768.98
933.02 769.00
934.00 769.98
934.02 770.00
935.00 770.98
936.00 770.98
936.02 771.00
937.00 771.98
938.00 771.98
938.02 772.00
939.00 772.98
940.00 772.98
940.02 773.00
941.00 773.98
942.00 773.98
943.00 773.98
943.02 774.00
944.00 774.98
945.00 774.98
946.00 774.98
947.00 774.98
948.00 774.98
949.00 774.98
950.00 774.98
951.00 774.98
952.00 774.98
953.00 774.98
954.00 774.98
955.00 774.98
956.00 774.98
957.00 774.98
957.98 774.00
958.00 773.98
959.00 773.98
960.00 773.98
961.00 773.98
962.00 773.98
962.98 773.00
963.00 772.98
964.00 772.98
965.00 772.98
965.98 772.00
966.00 771.98
967.00 771.98
967.98 771.00
968.00 770.98
969.00 770.98
969.98 770.00
970.00 769.98
971.00 769.98
971.98 769.00
972.00 768.98
972.98 768.00
973.00 767.98
974.00 767.98
974.98 767.00
975.00 766.98
975.98 766.00
976.00 765.98
976.98 765.00
977.00 764.98
977.98 764.00
978.00 763.98
978.98 763.00
979.00 762.98
979.98 762.00
980.00 761.98
980.98 761.00
981.00 760.98
981.98 760.00
982.00 759.98
982.98 759.00
983.00 758.98
983.98 758.00
983.98 757.00
984.00 756.98
984.98 756.00
985.00 755.98
985.98 755.00
985.98 754.00
986.00 753.98
986.98 753.00
987.00 752.98
987.98 752.00
987.98 751.00
988.00 750.98
988.98 750.00
988.98 749.00
989.00 748.98
989.98 748.00
989.98 747.00
990.00 746.98
990.98 746.00
990.98 745.00
990.98 744.00
990.98 743.00
991.00 742.98
991.98 742.00

