Contour 0:
0.00 570.50
0.50 571.00
1.00 571.50
1.50 572.00
1.50 573.00
2.00 573.50
2.50 574.00
2.50 575.00
3.00 575.50
3.50 576.00
4.00 576.50
5.00 576.50
5.50 577.00
6.00 577.50
6.50 578.00
7.00 578.50
8.00 578.50
8.50 579.00
9.00 579.50
9.50 580.00
10.00 580.50
11.00 580.50
11.50 581.00
12.00 581.50
13.00 581.50
13.50 582.00
14.00 582.50
15.00 582.50
16.00 582.50
16.50 583.00
17.00 583.50
18.00 583.50
19.00 583.50
20.00 583.50
21.00 583.50
21.50 584.00
22.00 584.50
23.00 584.50
24.00 584.50
25.00 584.50
25.50 584.00
26.00 583.50
27.00 583.50
28.00 583.50
29.00 583.50
30.00 583.50
31.00 583.50
31.50 583.00
32.00 582.50
33.00 582.50
34.00 582.50
35.00 582.50
35.50 582.00
36.00 581.50
37.00 581.50
37.50 581.00
38.00 580.50
39.00 580.50
39.50 580.00
40.00 579.50
40.50 579.00
41.00 578.50
41.50 578.00
42.00 577.50
43.00 577.50
44.00 577.50
44.50 577.00
45.00 576.50
45.50 576.00
46.00 575.50
47.00 575.50
47.50 575.00
48.00 574.50
48.50 574.00
49.00 573.50
49.50 573.00
49.50 572.00
50.00 571.50
50.50 571.00
51.00 570.50
51.50 570.00
51.50 569.00
52.00 568.50
52.50 568.00
52.50 567.00
53.00 566.50
53.50 566.00
53.50 565.00
53.50 564.00
54.00 563.50
54.50 563.00
54.50 562.00
54.50 561.00
54.50 560.00
55.00 559.50
55.50 559.00
55.50 558.00
55.50 557.00
55.50 556.00
55.50 555.00
55.50 554.00
55.50 553.00
56.00 552.50
56.50 552.00
56.50 551.00
56.50 550.00
56.50 549.00
56.00 548.50
55.50 548.00
55.50 547.00
55.50 546.00
55.50 545.00
55.50 544.00
55.50 543.00
55.50 542.00
55.00 541.50
54.50 541.00
54.50 540.00
54.50 539.00
54.50 538.00
54.00 537.50
53.50 537.00
53.50 536.00
53.50 535.00
53.00 534.50
52.50 534.00
52.50 533.00
52.00 532.50
51.50 532.00
51.00 531.50
50.50 531.00
50.50 530.00
50.00 529.50
49.50 529.00
49.00 528.50
48.50 528.00
48.00 527.50
47.50 527.00
47.00 526.50
46.50 526.00
46.00 525.50
45.00 525.50
44.50 525.00
44.00 524.50
43.50 524.00
43.00 523.50
42.00 523.50
41.50 523.00
41.00 522.50
40.00 522.50
39.50 522.00
39.00 521.50
38.00 521.50
37.00 521.50
36.50 521.00
36.00 520.50
35.00 520.50
34.50 520.00
34.00 519.50
33.00 519.50
32.00 519.50
31.00 519.50
30.00 519.50
29.50 519.00
29.00 518.50
28.00 518.50
27.00 518.50
26.00 518.50
25.50 519.00
25.00 519.50
24.00 519.50
23.00 519.50
22.00 519.50
21.00 519.50
20.00 519.50
19.50 520.00
19.00 520.50
18.00 520.50
17.00 520.50
16.50 521.00
16.00 521.50
15.00 521.50
14.00 521.50
13.50 522.00
13.00 522.50
12.50 523.00
12.00 523.50
11.00 523.50
10.50 524.00
10.00 524.50
9.50 525.00
9.00 525.50
8.50 526.00
8.00 526.50
7.50 527.00
7.00 527.50
6.50 528.00
6.00 528.50
5.50 529.00
5.50 530.00
5.00 530.50
4.50 531.00
4.00 531.50
3.50 532.00
3.50 533.00
3.00 533.50
2.50 534.00
2.00 534.50
1.50 535.00
1.50 536.00
1.00 536.50
0.50 537.00
0.00 537.50

Contour 1:
75.75 294.00
75.75 293.00
75.75 292.00
75.75 291.00
75.75 290.00
75.75 289.00
75.75 288.00
75.75 287.00
75.75 286.00
75.00 285.25
74.75 285.00
74.75 284.00
74.75 283.00
74.75 282.00
74.75 281.00
74.75 280.00
74.00 279.25
73.75 279.00
73.75 278.00
73.75 277.00
73.75 276.00
73.75 275.00
73.00 274.25
72.75 274.00
72.75 273.00
72.75 272.00
72.75 271.00
72.00 270.25
71.75 270.00
71.75 269.00
71.75 268.00
71.00 267.25
70.75 267.00
70.75 266.00
70.00 265.25
69.75 265.00
69.75 264.00
69.75 263.00
69.00 262.25
68.75 262.00
68.75 261.00
68.75 260.00
68.00 259.25
67.75 259.00
67.75 258.00
67.00 257.25
66.75 257.00
66.75 256.00
66.00 255.25
65.75 255.00
65.00 254.25
64.75 254.00
64.75 253.00
64.00 252.25
63.75 252.00
63.00 251.25
62.00 251.25
61.75 251.00
61.00 250.25
60.75 250.00
60.00 249.25
59.00 249.25
58.75 249.00
58.00 248.25
57.00 248.25
56.00 248.25
55.75 248.00
55.00 247.25
54.00 247.25
53.00 247.25
52.75 247.00
52.00 246.25
51.00 246.25
50.00 246.25
49.00 246.25
48.00 246.25
47.00 246.25
46.00 246.25
45.00 246.25
44.00 246.25
43.00 246.25
42.00 246.25
41.00 246.25
40.00 246.25
39.25 247.00
39.00 247.25
38.00 247.25
37.00 247.25
36.00 247.25
35.25 248.00
35.00 248.25
34.00 248.25
33.25 249.00
33.00 249.25
32.00 249.25
31.25 250.00
31.00 250.25
30.25 251.00
30.00 251.25
29.00 251.25
28.25 252.00
28.00 252.25
27.25 253.00
27.00 253.25
26.00 253.25
25.25 254.00
25.00 254.25
24.25 255.00
24.00 255.25
23.00 255.25
22.25 256.00
22.00 256.25
21.25 257.00
21.00 257.25
20.25 258.00
20.00 258.25
19.25 259.00
19.25 260.00
19.00 260.25
18.25 261.00
18.00 261.25
17.25 262.00
17.00 262.25
16.25 263.00
16.00 263.25
15.25 264.00
15.00 264.25
14.25 265.00
14.00 265.25
13.25 266.00
13.25 267.00
13.00 267.25
12.25 268.00
12.25 269.00
12.00 269.25
11.25 270.00
11.25 271.00
11.25 272.00
11.00 272.25
10.25 273.00
10.25 274.00
10.25 275.00
10.25 276.00
10.00 276.25
9.25 277.00
9.25 278.00
9.25 279.00
9.25 280.00
9.25 281.00
9.25 282.00
9.00 282.25
8.25 283.00
8.25 284.00
8.25 285.00
8.25 286.00
8.25 287.00
8.25 288.00
8.25 289.00
8.25 290.00
9.00 290.75
9.25 291.00
9.25 292.00
9.25 293.00
9.25 294.00
9.25 295.00
10.00 295.75
10.25 296.00
10.25 297.00
10.25 298.00
10.25 299.00
11.00 299.75
11.25 300.00
11.25 301.00
12.00 301.75
12.25 302.00
13.00 302.75
13.25 303.00
13.25 304.00
14.00 304.75
14.25 305.00
15.00 305.75
15.25 306.00
15.25 307.00
16.00 307.75
16.25 308.00
17.00 308.75
17.25 309.00
17.25 310.00
18.00 310.75
18.25 311.00
19.00 311.75
20.00 311.75
20.25 312.00
21.00 312.75
21.25 313.00
22.00 313.75
22.25 314.00
23.00 314.75
24.00 314.75
24.25 315.00
25.00 315.75
26.00 315.75
26.25 316.00
27.00 316.75
27.25 317.00
28.00 317.75
29.00 317.75
30.00 317.75
30.25 318.00
31.00 318.75
32.00 318.75
32.25 319.00
33.00 319.75
34.00 319.75
35.00 319.75
36.00 319.75
37.00 319.75
37.25 320.00
38.00 320.75
39.00 320.75
40.00 320.75
41.00 320.75
42.00 320.75
42.25 321.00
43.00 321.75
44.00 321.75
45.00 321.75
46.00 321.75
47.00 321.75
48.00 321.75
49.00 321.75
49.75 321.00
50.00 320.75
51.00 320.75
52.00 320.75
53.00 320.75
54.00 320.75
55.00 320.75
56.00 320.75
56.75 320.00
57.00 319.75
58.00 319.75
59.00 319.75
59.75 319.00
60.00 318.75
61.00 318.75
61.75 318.00
62.00 317.75
63.00 317.75
63.75 317.00
64.00 316.75
65.00 316.75
65.75 316.00
66.00 315.75
66.75 315.00
67.00 314.75
67.75 314.00
68.00 313.75
68.75 313.00
69.00 312.75
69.75 312.00
69.75 311.00
70.00 310.75
70.75 310.00
70.75 309.00
71.00 308.75
71.75 308.00
72.00 307.75
72.75 307.00
72.75 306.00
72.75 305.00
73.00 304.75
73.75 304.00
73.75 303.00
73.75 302.00
73.75 301.00
74.00 300.75
74.75 300.00
74.75 299.00
74.75 298.00
74.75 297.00
74.75 296.00
74.75 295.00
75.00 294.75
75.75 294.00

Contour 2:
144.83 197.00
144.83 196.00
144.83 195.00
144.83 194.00
144.83 193.00
144.83 192.00
144.83 191.00
144.83 190.00
144.83 189.00
144.83 188.00
144.83 187.00
144.83 186.00
144.83 185.00
144.00 184.17
143.83 184.00
143.83 183.00
143.83 182.00
143.83 181.00
143.00 180.17
142.83 180.00
142.83 179.00
142.83 178.00
142.00 177.17
141.83 177.00
141.83 176.00
141.00 175.17
140.83 175.00
140.83 174.00
140.00 173.17
139.83 173.00
139.83 172.00
139.00 171.17
138.83 171.00
138.83 170.00
138.00 169.17
137.83 169.00
137.83 168.00
137.83 167.00
137.00 166.17
136.83 166.00
136.83 165.00
136.00 164.17
135.83 164.00
135.83 163.00
135.00 162.17
134.83 162.00
134.00 161.17
133.83 161.00
133.00 160.17
132.83 160.00
132.00 159.17
131.83 159.00
131.00 158.17
130.83 158.00
130.00 157.17
129.00 157.17
128.83 157.00
128.00 156.17
127.83 156.00
127.00 155.17
126.83 155.00
126.00 154.17
125.00 154.17
124.83 154.00
124.00 153.17
123.00 153.17
122.00 153.17
121.83 153.00
121.00 152.17
120.00 152.17
119.83 152.00
119.00 151.17
118.00 151.17
117.00 151.17
116.83 151.00
116.00 150.17
115.00 150.17
114.00 150.17
113.83 150.00
113.00 149.17
112.00 149.17
111.00 149.17
110.00 149.17
109.83 149.00
109.00 148.17
108.00 148.17
107.00 148.17
106.00 148.17
105.00 148.17
104.00 148.17
103.00 148.17
102.00 148.17
101.00 148.17
100.00 148.17
99.00 148.17
98.17 149.00
98.00 149.17
97.00 149.17
96.00 149.17
95.00 149.17
94.00 149.17
93.17 150.00
93.00 150.17
92.00 150.17
91.00 150.17
90.17 151.00
90.00 151.17
89.00 151.17
88.00 151.17
87.17 152.00
87.00 152.17
86.00 152.17
85.00 152.17
84.17 153.00
84.00 153.17
83.00 153.17
82.17 154.00
82.00 154.17
81.00 154.17
80.17 155.00
80.00 155.17
79.00 155.17
78.17 156.00
78.00 156.17
77.00 156.17
76.17 157.00
76.00 157.17
75.17 158.00
75.00 158.17
74.17 159.00
74.00 159.17
73.17 160.00
73.00 160.17
72.17 161.00
72.00 161.17
71.17 162.00
71.00 162.17
70.17 163.00
70.00 163.17
69.17 164.00
69.00 164.17
68.17 165.00
68.00 165.17
67.17 166.00
67.17 167.00
67.00 167.17
66.17 168.00
66.00 168.17
65.17 169.00
65.17 170.00
65.00 170.17
64.17 171.00
64.17 172.00
64.00 172.17
63.17 173.00
63.17 174.00
63.00 174.17
62.17 175.00
62.17 176.00
62.00 176.17
61.17 177.00
61.17 178.00
61.17 179.00
61.00 179.17
60.17 180.00
60.17 181.00
60.17 182.00
60.17 183.00
60.17 184.00
60.17 185.00
60.17 186.00
61.00 186.83
61.17 187.00
61.17 188.00
61.17 189.00
61.17 190.00
61.17 191.00
61.17 192.00
61.17 193.00
61.17 194.00
61.17 195.00
62.00 195.83
62.17 196.00
62.17 197.00
62.17 198.00
63.00 198.83
63.17 199.00
63.17 200.00
64.00 200.83
64.17 201.00
64.17 202.00
65.00 202.83
65.17 203.00
65.17 204.00
66.00 204.83
66.17 205.00
67.00 205.83
67.17 206.00
67.17 207.00
68.00 207.83
68.17 208.00
69.00 208.83
69.17 209.00
70.00 209.83
70.17 210.00
71.00 210.83
71.17 211.00
72.00 211.83
72.17 212.00
73.00 212.83
74.00 212.83
74.17 213.00
75.00 213.83
75.17 214.00
76.00 214.83
76.17 215.00
77.00 215.83
78.00 215.83
78.17 216.00
79.00 216.83
79.17 217.00
80.00 217.83
80.17 218.00
81.00 218.83
82.00 218.83
82.17 219.00
83.00 219.83
83.17 220.00
84.00 220.83
85.00 220.83
85.17 221.00
86.00 221.83
87.00 221.83
87.17 222.00
88.00 222.83
88.17 223.00
89.00 223.83
90.00 223.83
91.00 223.83
91.17 224.00
92.00 224.83
93.00 224.83
94.00 224.83
94.17 225.00
95.00 225.83
96.00 225.83
97.00 225.83
98.00 225.83
99.00 225.83
100.00 225.83
101.00 225.83
102.00 225.83
103.00 225.83
103.17 226.00
104.00 226.83
105.00 226.83
106.00 226.83
107.00 226.83
107.83 226.00
108.00 225.83
109.00 225.83
110.00 225.83
111.00 225.83
112.00 225.83
113.00 225.83
113.83 225.00
114.00 224.83
115.00 224.83
116.00 224.83
116.83 224.00
117.00 223.83
118.00 223.83
119.00 223.83
119.83 223.00
120.00 222.83
121.00 222.83
121.83 222.00
122.00 221.83
123.00 221.83
123.83 221.00
124.00 220.83
125.00 220.83
125.83 220.00
126.00 219.83
126.83 219.00
127.00 218.83
128.00 218.83
128.83 218.00
129.00 217.83
129.83 217.00
130.00 216.83
131.00 216.83
131.83 216.00
132.00 215.83
132.83 215.00
133.00 214.83
133.83 214.00
134.00 213.83
134.83 213.00
135.00 212.83
135.83 212.00
136.00 211.83
136.83 211.00
137.00 210.83
137.83 210.00
138.00 209.83
138.83 209.00
138.83 208.00
139.00 207.83
139.83 207.00
140.00 206.83
140.83 206.00
141.00 205.83
141.83 205.00
141.83 204.00
142.00 203.83
142.83 203.00
142.83 202.00
142.83 201.00
143.00 200.83
143.83 200.00
143.83 199.00
143.83 198.00
144.00 197.83
144.83 197.00

Contour 3:
82.12 0.00
82.00 0.12
81.00 0.12
80.00 0.12
79.00 0.12
78.00 0.12
77.12 1.00
77.00 1.12
76.00 1.12
75.00 1.12
74.00 1.12
73.00 1.12
72.00 1.12
71.12 2.00
72.00 2.88
72.12 3.00
72.12 4.00
73.00 4.88
73.12 5.00
74.00 5.88
74.12 6.00
75.00 6.88
75.12 7.00
76.00 7.88
77.00 7.88
77.12 8.00
78.00 8.88
79.00 8.88
80.00 8.88
81.00 8.88
81.12 9.00
82.00 9.88
83.00 9.88
84.00 9.88
84.12 10.00
85.00 10.88
86.00 10.88
87.00 10.88
88.00 10.88
89.00 10.88
90.00 10.88
91.00 10.88
92.00 10.88
93.00 10.88
94.00 10.88
95.00 10.88
96.00 10.88
96.88 10.00
97.00 9.88
98.00 9.88
99.00 9.88
99.88 9.00
100.00 8.88
100.88 8.00
101.00 7.88
101.88 7.00
102.00 6.88
103.00 6.88
103.88 6.00
104.00 5.88
104.88 5.00
105.00 4.88
105.88 4.00
106.00 3.88
106.88 3.00
106.88 2.00
106.88 1.00
106.00 0.12
105.00 0.12
104.00 0.12
103.00 0.12
102.00 0.12
101.00 0.12
100.00 0.12
99.00 0.12
98.88 0.00

Contour 4:
212.90 822.00
212.90 821.00
212.90 820.00
212.90 819.00
212.90 818.00
212.90 817.00
212.90 816.00
212.90 815.00
212.90 814.00
212.00 813.10
211.90 813.00
211.90 812.00
211.90 811.00
211.90 810.00
211.90 809.00
211.00 808.10
210.90 808.00
210.90 807.00
210.90 806.00
210.00 805.10
209.90 805.00
209.90 804.00
209.00 803.10
208.90 803.00
208.90 802.00
208.00 801.10
207.90 801.00
207.00 800.10
206.90 800.00
206.00 799.10
205.90 799.00
205.00 798.10
204.90 798.00
204.00 797.10
203.90 797.00
203.00 796.10
202.90 796.00
202.00 795.10
201.00 795.10
200.90 795.00
200.00 794.10
199.90 794.00
199.00 793.10
198.00 793.10
197.90 793.00
197.00 792.10
196.00 792.10
195.90 792.00
195.00 791.10
194.00 791.10
193.90 791.00
193.00 790.10
192.00 790.10
191.00 790.10
190.00 790.10
189.90 790.00
189.00 789.10
188.00 789.10
187.00 789.10
186.00 789.10
185.00 789.10
184.10 790.00
184.00 790.10
183.00 790.10
182.00 790.10
181.00 790.10
180.00 790.10
179.00 790.10
178.00 790.10
177.10 791.00
177.00 791.10
176.00 791.10
175.00 791.10
174.10 792.00
174.00 792.10
173.00 792.10
172.00 792.10
171.10 793.00
171.00 793.10
170.00 793.10
169.00 793.10
168.10 794.00
168.00 794.10
167.00 794.10
166.10 795.00
166.00 795.10
165.10 796.00
165.00 796.10
164.10 797.00
164.00 797.10
163.10 798.00
163.00 798.10
162.10 799.00
162.00 799.10
161.00 799.10
160.10 800.00
160.10 801.00
160.00 801.10
159.10 802.00
159.00 802.10
158.00 802.10
157.10 803.00
157.00 803.10
156.10 804.00
156.00 804.10
155.10 805.00
155.10 806.00
155.00 806.10
154.10 807.00
154.00 807.10
153.10 808.00
153.00 808.10
152.10 809.00
152.10 810.00
152.00 810.10
151.10 811.00
151.00 811.10
150.10 812.00
150.10 813.00
150.10 814.00
150.00 814.10
149.10 815.00
149.10 816.00
149.00 816.10
148.10 817.00
148.10 818.00
148.10 819.00
148.00 819.10
147.10 820.00
147.10 821.00
147.10 822.00
147.00 822.10
146.10 823.00
146.10 824.00
146.10 825.00
146.10 826.00
146.00 826.10
145.10 827.00
145.10 828.00
145.10 829.00
145.10 830.00
145.10 831.00
146.00 831.90
146.10 832.00
146.10 833.00
146.10 834.00
146.10 835.00
146.10 836.00
147.00 836.90
147.10 837.00
147.10 838.00
147.10 839.00
148.00 839.90
148.10 840.00
148.10 841.00
149.00 841.90
149.10 842.00
149.10 843.00
150.00 843.90
150.10 844.00
150.10 845.00
151.00 845.90
151.10 846.00
151.10 847.00
152.00 847.90
152.10 848.00
153.00 848.90
153.10 849.00
154.00 849.90
154.10 850.00
155.00 850.90
156.00 850.90
156.10 851.00
157.00 851.90
157.10 852.00
158.00 852.90
159.00 852.90
159.10 853.00
160.00 853.90
161.00 853.90
162.00 853.90
162.10 854.00
163.00 854.90
164.00 854.90
164.10 855.00
165.00 855.90
166.00 855.90
167.00 855.90
167.10 856.00
168.00 856.90
169.00 856.90
170.00 856.90
171.00 856.90
172.00 856.90
173.00 856.90
174.00 856.90
175.00 856.90
176.00 856.90
177.00 856.90
178.00 856.90
178.90 856.00
179.00 855.90
180.00 855.90
181.00 855.90
182.00 855.90
183.00 855.90
183.90 855.00
184.00 854.90
185.00 854.90
186.00 854.90
186.90 854.00
187.00 853.90
188.00 853.90
188.90 853.00
189.00 852.90
190.00 852.90
190.90 852.00
191.00 851.90
192.00 851.90
192.90 851.00
193.00 850.90
193.90 850.00
194.00 849.90
195.00 849.90
195.90 849.00
196.00 848.90
196.90 848.00
197.00 847.90
198.00 847.90
198.90 847.00
199.00 846.90
199.90 846.00
200.00 845.90
201.00 845.90
201.90 845.00
202.00 844.90
202.90 844.00
203.00 843.90
203.90 843.00
204.00 842.90
204.90 842.00
204.90 841.00
205.00 840.90
205.90 840.00
205.90 839.00
206.00 838.90
206.90 838.00
206.90 837.00
207.00 836.90
207.90 836.00
207.90 835.00
208.00 834.90
208.90 834.00
208.90 833.00
209.00 832.90
209.90 832.00
209.90 831.00
210.00 830.90
210.90 830.00
210.90 829.00
210.90 828.00
211.00 827.90
211.90 827.00
211.90 826.00
211.90 825.00
211.90 824.00
211.90 823.00
212.00 822.90
212.90 822.00

Contour 5:
287.92 384.00
287.92 383.00
287.00 382.08
286.92 382.00
286.92 381.00
286.92 380.00
286.92 379.00
286.92 378.00
286.00 377.08
285.92 377.00
285.92 376.00
285.92 375.00
285.00 374.08
284.92 374.00
284.00 373.08
283.92 373.00
283.92 372.00
283.00 371.08
282.92 371.00
282.00 370.08
281.92 370.00
281.92 369.00
281.00 368.08
280.92 368.00
280.00 367.08
279.92 367.00
279.00 366.08
278.92 366.00
278.92 365.00
278.00 364.08
277.92 364.00
277.00 363.08
276.92 363.00
276.00 362.08
275.92 362.00
275.00 361.08
274.00 361.08
273.92 361.00
273.00 360.08
272.92 360.00
272.00 359.08
271.00 359.08
270.92 359.00
270.00 358.08
269.00 358.08
268.92 358.00
268.00 357.08
267.00 357.08
266.92 357.00
266.00 356.08
265.00 356.08
264.00 356.08
263.92 356.00
263.00 355.08
262.00 355.08
261.00 355.08
260.00 355.08
259.00 355.08
258.00 355.08
257.00 355.08
256.00 355.08
255.00 355.08
254.08 356.00
254.00 356.08
253.00 356.08
252.00 356.08
251.00 356.08
250.00 356.08
249.08 357.00
249.00 357.08
248.00 357.08
247.00 357.08
246.08 358.00
246.00 358.08
245.00 358.08
244.00 358.08
243.08 359.00
243.00 359.08
242.00 359.08
241.08 360.00
241.00 360.08
240.00 360.08
239.08 361.00
239.00 361.08
238.00 361.08
237.08 362.00
237.00 362.08
236.08 363.00
236.00 363.08
235.00 363.08
234.08 364.00
234.00 364.08
233.08 365.00
233.00 365.08
232.08 366.00
232.00 366.08
231.08 367.00
231.00 367.08
230.08 368.00
230.00 368.08
229.08 369.00
229.00 369.08
228.08 370.00
228.00 370.08
227.08 371.00
227.00 371.08
226.08 372.00
226.00 372.08
225.08 373.00
225.08 374.00
225.00 374.08
224.08 375.00
224.08 376.00
224.00 376.08
223.08 377.00
223.08 378.00
223.00 378.08
222.08 379.00
222.08 380.00
222.00 380.08
221.08 381.00
221.08 382.00
221.08 383.00
221.08 384.00
221.00 384.08
220.08 385.00
220.08 386.00
220.08 387.00
220.08 388.00
220.08 389.00
220.08 390.00
220.08 391.00
220.08 392.00
220.08 393.00
220.08 394.00
220.08 395.00
220.08 396.00
220.08 397.00
220.08 398.00
220.08 399.00
221.00 399.92
221.08 400.00
221.08 401.00
221.08 402.00
222.00 402.92
222.08 403.00
222.08 404.00
222.08 405.00
223.00 405.92
223.08 406.00
223.08 407.00
224.00 407.92
224.08 408.00
224.08 409.00
225.00 409.92
225.08 410.00
226.00 410.92
226.08 411.00
227.00 411.92
227.08 412.00
228.00 412.92
228.08 413.00
229.00 413.92
229.08 414.00
229.08 415.00
230.00 415.92
230.08 416.00
231.00 416.92
231.08 417.00
232.00 417.92
232.08 418.00
233.00 418.92
234.00 418.92
234.08 419.00
235.00 419.92
235.08 420.00
236.00 420.92
236.08 421.00
237.00 421.92
238.00 421.92
238.08 422.00
239.00 422.92
239.08 423.00
240.00 423.92
241.00 423.92
241.08 424.00
242.00 424.92
243.00 424.92
243.08 425.00
244.00 425.92
245.00 425.92
245.08 426.00
246.00 426.92
247.00 426.92
248.00 426.92
248.08 427.00
249.00 427.92
250.00 427.92
251.00 427.92
252.00 427.92
252.08 428.00
253.00 428.92
254.00 428.92
255.00 428.92
256.00 428.92
257.00 428.92
258.00 428.92
259.00 428.92
260.00 428.92
260.92 428.00
261.00 427.92
262.00 427.92
263.00 427.92
264.00 427.92
265.00 427.92
265.92 427.00
266.00 426.92
267.00 426.92
267.92 426.00
268.00 425.92
269.00 425.92
269.92 425.00
270.00 424.92
270.92 424.00
271.00 423.92
271.92 423.00
272.00 422.92
272.92 422.00
273.00 421.92
273.92 421.00
274.00 420.92
274.92 420.00
274.92 419.00
275.00 418.92
275.92 418.00
276.00 417.92
276.92 417.00
276.92 416.00
277.00 415.92
277.92 415.00
278.00 414.92
278.92 414.00
278.92 413.00
279.00 412.92
279.92 412.00
279.92 411.00
280.00 410.92
280.92 410.00
280.92 409.00
281.00 408.92
281.92 408.00
281.92 407.00
282.00 406.92
282.92 406.00
282.92 405.00
283.00 404.92
283.92 404.00
283.92 403.00
284.00 402.92
284.92 402.00
284.92 401.00
284.92 400.00
285.00 399.92
285.92 399.00
285.92 398.00
285.92 397.00
285.92 396.00
286.00 395.92
286.92 395.00
286.92 394.00
286.92 393.00
286.92 392.00
286.92 391.00
286.92 390.00
286.92 389.00
286.92 388.00
286.92 387.00
286.92 386.00
286.92 385.00
287.00 384.92
287.92 384.00

Contour 6:
347.93 522.00
347.93 521.00
347.93 520.00
347.93 519.00
347.93 518.00
347.93 517.00
347.00 516.07
346.93 516.00
346.93 515.00
346.93 514.00
346.93 513.00
346.00 512.07
345.93 512.00
345.93 511.00
345.93 510.00
345.93 509.00
345.00 508.07
344.93 508.00
344.93 507.00
344.00 506.07
343.93 506.00
343.93 505.00
343.00 504.07
342.93 504.00
342.93 503.00
342.00 502.07
341.93 502.00
341.00 501.07
340.93 501.00
340.00 500.07
339.93 500.00
339.00 499.07
338.93 499.00
338.00 498.07
337.93 498.00
337.00 497.07
336.00 497.07
335.93 497.00
335.00 496.07
334.00 496.07
333.93 496.00
333.00 495.07
332.00 495.07
331.00 495.07
330.93 495.00
330.00 494.07
329.00 494.07
328.00 494.07
327.93 494.00
327.00 493.07
326.00 493.07
325.00 493.07
324.00 493.07
323.00 493.07
322.00 493.07
321.93 493.00
321.00 492.07
320.00 492.07
319.00 492.07
318.07 493.00
318.00 493.07
317.00 493.07
316.00 493.07
315.00 493.07
314.00 493.07
313.00 493.07
312.00 493.07
311.00 493.07
310.07 494.00
310.00 494.07
309.00 494.07
308.00 494.07
307.00 494.07
306.00 494.07
305.07 495.00
305.00 495.07
304.00 495.07
303.00 495.07
302.00 495.07
301.00 495.07
300.07 496.00
300.00 496.07
299.00 496.07
298.00 496.07
297.07 497.00
297.00 497.07
296.00 497.07
295.07 498.00
295.00 498.07
294.00 498.07
293.00 498.07
292.07 499.00
292.00 499.07
291.00 499.07
290.07 500.00
290.00 500.07
289.07 501.00
289.00 501.07
288.07 502.00
288.00 502.07
287.07 503.00
287.00 503.07
286.07 504.00
286.00 504.07
285.07 505.00
285.00 505.07
284.07 506.00
284.00 506.07
283.07 507.00
283.07 508.00
283.00 508.07
282.07 509.00
282.07 510.00
282.07 511.00
282.00 511.07
281.07 512.00
281.07 513.00
281.07 514.00
281.07 515.00
281.07 516.00
281.00 516.07
280.07 517.00
280.07 518.00
280.07 519.00
280.07 520.00
281.00 520.93
281.07 521.00
281.07 522.00
281.07 523.00
281.07 524.00
281.07 525.00
282.00 525.93
282.07 526.00
282.07 527.00
283.00 527.93
283.07 528.00
283.07 529.00
284.00 529.93
284.07 530.00
284.07 531.00
285.00 531.93
285.07 532.00
286.00 532.93
286.07 533.00
286.07 534.00
287.00 534.93
287.07 535.00
288.00 535.93
288.07 536.00
289.00 536.93
289.07 537.00
289.07 538.00
290.00 538.93
290.07 539.00
291.00 539.93
292.00 539.93
292.07 540.00
293.00 540.93
293.07 541.00
294.00 541.93
295.00 541.93
295.07 542.00
296.00 542.93
297.00 542.93
297.07 543.00
298.00 543.93
299.00 543.93
300.00 543.93
301.00 543.93
301.07 544.00
302.00 544.93
303.00 544.93
303.07 545.00
304.00 545.93
305.00 545.93
306.00 545.93
306.07 546.00
307.00 546.93
308.00 546.93
309.00 546.93
310.00 546.93
311.00 546.93
312.00 546.93
313.00 546.93
314.00 546.93
315.00 546.93
316.00 546.93
317.00 546.93
317.07 547.00
318.00 547.93
319.00 547.93
320.00 547.93
320.93 547.00
321.00 546.93
322.00 546.93
323.00 546.93
324.00 546.93
325.00 546.93
326.00 546.93
327.00 546.93
328.00 546.93
328.93 546.00
329.00 545.93
330.00 545.93
331.00 545.93
331.93 545.00
332.00 544.93
333.00 544.93
333.93 544.00
334.00 543.93
335.00 543.93
335.93 543.00
336.00 542.93
336.93 542.00
337.00 541.93
337.93 541.00
338.00 540.93
339.00 540.93
339.93 540.00
339.93 539.00
340.00 538.93
341.00 538.93
341.93 538.00
341.93 537.00
342.00 536.93
342.93 536.00
343.00 535.93
343.93 535.00
343.93 534.00
344.00 533.93
344.93 533.00
344.93 532.00
345.00 531.93
345.93 531.00
345.93 530.00
346.00 529.93
346.93 529.00
346.93 528.00
346.93 527.00
346.93 526.00
346.93 525.00
346.93 524.00
346.93 523.00
347.00 522.93
347.93 522.00

Contour 7:
356.94 18.00
356.94 17.00
356.00 16.06
355.94 16.00
355.94 15.00
355.94 14.00
355.94 13.00
355.94 12.00
355.94 11.00
355.00 10.06
354.94 10.00
354.94 9.00
354.94 8.00
354.00 7.06
353.94 7.00
353.94 6.00
353.00 5.06
352.94 5.00
352.00 4.06
351.00 4.06
350.00 4.06
349.94 4.00
349.00 3.06
348.00 3.06
347.00 3.06
346.00 3.06
345.94 3.00
345.00 2.06
344.00 2.06
343.00 2.06
342.00 2.06
341.00 2.06
340.00 2.06
339.00 2.06
338.00 2.06
337.00 2.06
336.00 2.06
335.00 2.06
334.00 2.06
333.00 2.06
332.00 2.06
331.00 2.06
330.00 2.06
329.00 2.06
328.94 2.00
328.00 1.06
327.00 1.06
326.06 2.00
326.00 2.06
325.00 2.06
324.00 2.06
323.00 2.06
322.00 2.06
321.94 2.00
321.00 1.06
320.00 1.06
319.00 1.06
318.00 1.06
317.00 1.06
316.00 1.06
315.06 2.00
315.00 2.06
314.94 2.00
314.00 1.06
313.00 1.06
312.00 1.06
311.00 1.06
310.00 1.06
309.00 1.06
308.06 2.00
308.00 2.06
307.00 2.06
306.06 3.00
306.00 3.06
305.06 4.00
305.00 4.06
304.06 5.00
304.00 5.06
303.00 5.06
302.06 6.00
302.00 6.06
301.00 6.06
300.06 7.00
300.00 7.06
299.00 7.06
298.06 8.00
298.00 8.06
297.06 9.00
297.00 9.06
296.06 10.00
296.00 10.06
295.06 11.00
295.00 11.06
294.06 12.00
294.00 12.06
293.06 13.00
293.06 14.00
293.00 14.06
292.06 15.00
292.00 15.06
291.06 16.00
291.06 17.00
291.00 17.06
290.06 18.00
290.06 19.00
290.06 20.00
290.06 21.00
290.06 22.00
290.06 23.00
290.06 24.00
290.06 25.00
290.06 26.00
290.06 27.00
290.06 28.00
290.06 29.00
291.00 29.94
291.06 30.00
291.06 31.00
291.06 32.00
292.00 32.94
292.06 33.00
293.00 33.94
293.06 34.00
293.06 35.00
294.00 35.94
294.06 36.00
295.00 36.94
295.06 37.00
296.00 37.94
296.06 38.00
297.00 38.94
298.00 38.94
298.06 39.00
299.00 39.94
300.00 39.94
300.06 40.00
301.00 40.94
302.00 40.94
302.06 41.00
303.00 41.94
304.00 41.94
305.00 41.94
305.06 42.00
306.00 42.94
307.00 42.94
308.00 42.94
309.00 42.94
310.00 42.94
311.00 42.94
312.00 42.94
313.00 42.94
314.00 42.94
315.00 42.94
316.00 42.94
317.00 42.94
318.00 42.94
319.00 42.94
320.00 42.94
321.00 42.94
322.00 42.94
323.00 42.94
323.94 42.00
324.00 41.94
325.00 41.94
326.00 41.94
327.00 41.94
328.00 41.94
329.00 41.94
330.00 41.94
331.00 41.94
331.94 41.00
332.00 40.94
333.00 40.94
334.00 40.94
334.94 40.00
335.00 39.94
336.00 39.94
336.94 39.00
337.00 38.94
338.00 38.94
338.94 38.00
339.00 37.94
340.00 37.94
340.94 37.00
341.00 36.94
341.94 36.00
342.00 35.94
343.00 35.94
343.94 35.00
344.00 34.94
345.00 34.94
345.94 34.00
346.00 33.94
346.94 33.00
347.00 32.94
347.94 32.00
348.00 31.94
349.00 31.94
349.94 31.00
349.94 30.00
350.00 29.94
350.94 29.00
351.00 28.94
351.94 28.00
352.00 27.94
352.94 27.00
353.00 26.94
353.94 26.00
354.00 25.94
354.94 25.00
354.94 24.00
354.94 23.00
355.00 22.94
355.94 22.00
355.94 21.00
355.94 20.00
355.94 19.00
356.00 18.94
356.94 18.00

Contour 8:
421.94 379.00
421.94 378.00
421.94 377.00
421.94 376.00
421.94 375.00
421.94 374.00
421.94 373.00
421.94 372.00
421.94 371.00
421.94 370.00
421.94 369.00
421.94 368.00
421.94 367.00
421.94 366.00
421.00 365.06
420.94 365.00
420.94 364.00
420.00 363.06
419.94 363.00
419.94 362.00
419.00 361.06
418.94 361.00
418.94 360.00
418.00 359.06
417.94 359.00
417.00 358.06
416.94 358.00
416.94 357.00
416.00 356.06
415.94 356.00
415.00 355.06
414.94 355.00
414.00 354.06
413.94 354.00
413.94 353.00
413.00 352.06
412.94 352.00
412.00 351.06
411.00 351.06
410.94 351.00
410.00 350.06
409.94 350.00
409.00 349.06
408.94 349.00
408.00 348.06
407.94 348.00
407.00 347.06
406.94 347.00
406.00 346.06
405.00 346.06
404.94 346.00
404.00 345.06
403.00 345.06
402.94 345.00
402.00 344.06
401.00 344.06
400.94 344.00
400.00 343.06
399.00 343.06
398.00 343.06
397.00 343.06
396.94 343.00
396.00 342.06
395.00 342.06
394.00 342.06
393.00 342.06
392.00 342.06
391.00 342.06
390.00 342.06
389.00 342.06
388.00 342.06
387.00 342.06
386.00 342.06
385.00 342.06
384.00 342.06
383.00 342.06
382.00 342.06
381.00 342.06
380.06 343.00
380.00 343.06
379.00 343.06
378.00 343.06
377.00 343.06
376.06 344.00
376.00 344.06
375.00 344.06
374.00 344.06
373.06 345.00
373.00 345.06
372.00 345.06
371.06 346.00
371.00 346.06
370.06 347.00
370.00 347.06
369.00 347.06
368.06 348.00
368.00 348.06
367.06 349.00
367.00 349.06
366.06 350.00
366.00 350.06
365.06 351.00
365.00 351.06
364.06 352.00
364.06 353.00
364.00 353.06
363.06 354.00
363.00 354.06
362.06 355.00
362.00 355.06
361.06 356.00
361.06 357.00
361.00 357.06
360.06 358.00
360.06 359.00
360.00 359.06
359.06 360.00
359.06 361.00
359.06 362.00
359.06 363.00
359.00 363.06
358.06 364.00
358.06 365.00
358.06 366.00
358.06 367.00
358.06 368.00
358.06 369.00
358.06 370.00
358.06 371.00
358.06 372.00
358.06 373.00
358.06 374.00
358.06 375.00
358.06 376.00
358.06 377.00
359.00 377.94
359.06 378.00
359.06 379.00
359.06 380.00
360.00 380.94
360.06 381.00
361.00 381.94
361.06 382.00
361.06 383.00
362.00 383.94
362.06 384.00
363.00 384.94
363.06 385.00
363.06 386.00
364.00 386.94
364.06 387.00
365.00 387.94
365.06 388.00
366.00 388.94
366.06 389.00
367.00 389.94
367.06 390.00
368.00 390.94
369.00 390.94
369.06 391.00
370.00 391.94
370.06 392.00
371.00 392.94
372.00 392.94
372.06 393.00
373.00 393.94
373.06 394.00
374.00 394.94
375.00 394.94
375.06 395.00
376.00 395.94
377.00 395.94
377.06 396.00
378.00 396.94
379.00 396.94
379.06 397.00
380.00 397.94
381.00 397.94
381.06 398.00
382.00 398.94
383.00 398.94
384.00 398.94
384.06 399.00
385.00 399.94
386.00 399.94
386.06 400.00
387.00 400.94
388.00 400.94
388.06 401.00
389.00 401.94
390.00 401.94
391.00 401.94
391.06 402.00
392.00 402.94
393.00 402.94
394.00 402.94
395.00 402.94
396.00 402.94
397.00 402.94
398.00 402.94
399.00 402.94
400.00 402.94
401.00 402.94
401.94 402.00
402.00 401.94
403.00 401.94
404.00 401.94
404.94 401.00
405.00 400.94
406.00 400.94
407.00 400.94
407.94 400.00
408.00 399.94
409.00 399.94
410.00 399.94
411.00 399.94
411.94 399.00
412.00 398.94
413.00 398.94
413.94 398.00
414.00 397.94
414.94 397.00
415.00 396.94
415.94 396.00
416.00 395.94
416.94 395.00
417.00 394.94
417.94 394.00
417.94 393.00
418.00 392.94
418.94 392.00
418.94 391.00
419.00 390.94
419.94 390.00
419.94 389.00
419.94 388.00
419.94 387.00
420.00 386.94
420.94 386.00
420.94 385.00
420.94 384.00
420.94 383.00
420.94 382.00
420.94 381.00
420.94 380.00
421.00 379.94
421.94 379.00

Contour 9:
448.95 475.00
448.95 474.00
448.95 473.00
448.95 472.00
448.95 471.00
448.95 470.00
448.95 469.00
448.95 468.00
448.00 467.05
447.95 467.00
447.95 466.00
447.95 465.00
447.95 464.00
447.95 463.00
447.00 462.05
446.95 462.00
446.95 461.00
446.00 460.05
445.95 460.00
445.00 459.05
444.95 459.00
444.00 458.05
443.95 458.00
443.00 457.05
442.95 457.00
442.00 456.05
441.95 456.00
441.00 455.05
440.00 455.05
439.95 455.00
439.00 454.05
438.95 454.00
438.00 453.05
437.00 453.05
436.95 453.00
436.00 452.05
435.00 452.05
434.00 452.05
433.95 452.00
433.00 451.05
432.00 451.05
431.00 451.05
430.95 451.00
430.00 450.05
429.00 450.05
428.00 450.05
427.00 450.05
426.95 450.00
426.00 449.05
425.00 449.05
424.00 449.05
423.00 449.05
422.00 449.05
421.00 449.05
420.00 449.05
419.00 449.05
418.00 449.05
417.00 449.05
416.00 449.05
415.00 449.05
414.00 449.05
413.00 449.05
412.00 449.05
411.00 449.05
410.00 449.05
409.00 449.05
408.05 450.00
408.00 450.05
407.00 450.05
406.00 450.05
405.00 450.05
404.00 450.05
403.00 450.05
402.00 450.05
401.05 451.00
401.00 451.05
400.00 451.05
399.00 451.05
398.00 451.05
397.05 452.00
397.00 452.05
396.00 452.05
395.05 453.00
395.00 453.05
394.00 453.05
393.00 453.05
392.05 454.00
392.00 454.05
391.00 454.05
390.05 455.00
390.00 455.05
389.05 456.00
389.00 456.05
388.00 456.05
387.05 457.00
387.00 457.05
386.05 458.00
386.00 458.05
385.05 459.00
385.00 459.05
384.05 460.00
384.05 461.00
384.00 461.05
383.05 462.00
383.00 462.05
382.05 463.00
382.05 464.00
382.00 464.05
381.05 465.00
381.05 466.00
381.00 466.05
380.05 467.00
380.05 468.00
380.05 469.00
380.05 470.00
380.00 470.05
379.05 471.00
379.05 472.00
379.05 473.00
379.05 474.00
379.05 475.00
379.05 476.00
379.05 477.00
379.00 477.05
378.05 478.00
378.05 479.00
378.05 480.00
378.05 481.00
378.05 482.00
378.05 483.00
378.05 484.00
378.05 485.00
379.00 485.95
379.05 486.00
379.05 487.00
379.05 488.00
380.00 488.95
380.05 489.00
380.05 490.00
381.00 490.95
381.05 491.00
382.00 491.95
382.05 492.00
382.05 493.00
383.00 493.95
383.05 494.00
384.00 494.95
384.05 495.00
385.00 495.95
385.05 496.00
385.05 497.00
386.00 497.95
386.05 498.00
387.00 498.95
387.05 499.00
388.00 499.95
389.00 499.95
389.05 500.00
390.00 500.95
390.05 501.00
391.00 501.95
392.00 501.95
392.05 502.00
393.00 502.95
394.00 502.95
395.00 502.95
396.00 502.95
397.00 502.95
398.00 502.95
399.00 502.95
400.00 502.95
401.00 502.95
401.05 503.00
402.00 503.95
403.00 503.95
404.00 503.95
405.00 503.95
406.00 503.95
407.00 503.95
408.00 503.95
409.00 503.95
410.00 503.95
411.00 503.95
412.00 503.95
413.00 503.95
414.00 503.95
415.00 503.95
416.00 503.95
417.00 503.95
418.00 503.95
419.00 503.95
420.00 503.95
421.00 503.95
422.00 503.95
423.00 503.95
424.00 503.95
424.95 503.00
425.00 502.95
426.00 502.95
427.00 502.95
427.95 502.00
428.00 501.95
429.00 501.95
430.00 501.95
430.95 501.00
431.00 500.95
432.00 500.95
432.95 500.00
433.00 499.95
434.00 499.95
434.95 499.00
435.00 498.95
435.95 498.00
436.00 497.95
437.00 497.95
437.95 497.00
438.00 496.95
438.95 496.00
439.00 495.95
439.95 495.00
440.00 494.95
440.95 494.00
441.00 493.95
441.95 493.00
442.00 492.95
442.95 492.00
443.00 491.95
443.95 491.00
444.00 490.95
444.95 490.00
444.95 489.00
445.00 488.95
445.95 488.00
445.95 487.00
446.00 486.95
446.95 486.00
446.95 485.00
447.00 484.95
447.95 484.00
447.95 483.00
447.95 482.00
447.95 481.00
447.95 480.00
447.95 479.00
447.95 478.00
447.95 477.00
447.95 476.00
448.00 475.95
448.95 475.00

Contour 10:
474.95 236.00
474.95 235.00
474.95 234.00
474.95 233.00
474.95 232.00
474.95 231.00
474.95 230.00
474.95 229.00
474.95 228.00
474.95 227.00
474.95 226.00
474.95 225.00
474.95 224.00
474.95 223.00
474.00 222.05
473.95 222.00
473.95 221.00
473.95 220.00
473.95 219.00
473.00 218.05
472.95 218.00
472.95 217.00
472.00 216.05
471.95 216.00
471.95 215.00
471.00 214.05
470.95 214.00
470.95 213.00
470.00 212.05
469.95 212.00
469.00 211.05
468.95 211.00
468.95 210.00
468.00 209.05
467.95 209.00
467.00 208.05
466.95 208.00
466.00 207.05
465.95 207.00
465.00 206.05
464.95 206.00
464.00 205.05
463.00 205.05
462.95 205.00
462.00 204.05
461.95 204.00
461.00 203.05
460.00 203.05
459.95 203.00
459.00 202.05
458.00 202.05
457.95 202.00
457.00 201.05
456.00 201.05
455.00 201.05
454.95 201.00
454.00 200.05
453.00 200.05
452.00 200.05
451.00 200.05
450.95 200.00
450.00 199.05
449.00 199.05
448.00 199.05
447.00 199.05
446.00 199.05
445.00 199.05
444.00 199.05
443.00 199.05
442.00 199.05
441.00 199.05
440.00 199.05
439.00 199.05
438.00 199.05
437.05 200.00
437.00 200.05
436.00 200.05
435.00 200.05
434.00 200.05
433.00 200.05
432.00 200.05
431.00 200.05
430.00 200.05
429.05 201.00
429.00 201.05
428.00 201.05
427.00 201.05
426.05 202.00
426.00 202.05
425.00 202.05
424.00 202.05
423.00 202.05
422.05 203.00
422.00 203.05
421.00 203.05
420.00 203.05
419.05 204.00
419.00 204.05
418.00 204.05
417.05 205.00
417.00 205.05
416.00 205.05
415.05 206.00
415.00 206.05
414.00 206.05
413.05 207.00
413.00 207.05
412.05 208.00
412.00 208.05
411.00 208.05
410.05 209.00
410.00 209.05
409.05 210.00
409.00 210.05
408.05 211.00
408.00 211.05
407.05 212.00
407.00 212.05
406.00 212.05
405.05 213.00
405.00 213.05
404.05 214.00
404.00 214.05
403.05 215.00
403.00 215.05
402.05 216.00
402.00 216.05
401.05 217.00
401.05 218.00
401.00 218.05
400.05 219.00
400.00 219.05
399.05 220.00
399.00 220.05
398.05 221.00
398.00 221.05
397.05 222.00
397.00 222.05
396.05 223.00
396.00 223.05
395.05 224.00
395.00 224.05
394.05 225.00
394.00 225.05
393.05 226.00
393.05 227.00
393.00 227.05
392.05 228.00
392.05 229.00
392.00 229.05
391.05 230.00
391.05 231.00
391.00 231.05
390.05 232.00
390.05 233.00
390.00 233.05
389.05 234.00
389.05 235.00
389.00 235.05
388.05 236.00
388.05 237.00
388.00 237.05
387.05 238.00
387.05 239.00
387.00 239.05
386.05 240.00
386.05 241.00
386.05 242.00
386.05 243.00
386.00 243.05
385.05 244.00
385.05 245.00
385.05 246.00
385.05 247.00
385.05 248.00
385.05 249.00
385.05 250.00
385.05 251.00
385.05 252.00
385.05 253.00
385.05 254.00
385.05 255.00
385.05 256.00
386.00 256.95
386.05 257.00
386.05 258.00
386.05 259.00
387.00 259.95
387.05 260.00
387.05 261.00
387.05 262.00
388.00 262.95
388.05 263.00
388.05 264.00
389.00 264.95
389.05 265.00
390.00 265.95
390.05 266.00
390.05 267.00
391.00 267.95
391.05 268.00
392.00 268.95
392.05 269.00
393.00 269.95
393.05 270.00
394.00 270.95
394.05 271.00
395.00 271.95
395.05 272.00
396.00 272.95
397.00 272.95
397.05 273.00
398.00 273.95
399.00 273.95
399.05 274.00
400.00 274.95
401.00 274.95
401.05 275.00
402.00 275.95
403.00 275.95
404.00 275.95
405.00 275.95
405.05 276.00
406.00 276.95
407.00 276.95
408.00 276.95
409.00 276.95
410.00 276.95
410.05 277.00
411.00 277.95
412.00 277.95
413.00 277.95
414.00 277.95
415.00 277.95
416.00 277.95
417.00 277.95
418.00 277.95
419.00 277.95
420.00 277.95
421.00 277.95
422.00 277.95
423.00 277.95
424.00 277.95
425.00 277.95
426.00 277.95
427.00 277.95
427.95 277.00
428.00 276.95
429.00 276.95
430.00 276.95
431.00 276.95
432.00 276.95
432.95 276.00
433.00 275.95
434.00 275.95
435.00 275.95
435.95 275.00
436.00 274.95
437.00 274.95
438.00 274.95
438.95 274.00
439.00 273.95
440.00 273.95
441.00 273.95
441.95 273.00
442.00 272.95
443.00 272.95
443.95 272.00
444.00 271.95
444.95 271.00
445.00 270.95
446.00 270.95
446.95 270.00
447.00 269.95
447.95 269.00
448.00 268.95
449.00 268.95
449.95 268.00
450.00 267.95
451.00 267.95
451.95 267.00
452.00 266.95
452.95 266.00
453.00 265.95
453.95 265.00
454.00 264.95
455.00 264.95
455.95 264.00
456.00 263.95
456.95 263.00
457.00 262.95
457.95 262.00
458.00 261.95
458.95 261.00
459.00 260.95
459.95 260.00
460.00 259.95
461.00 259.95
461.95 259.00
462.00 258.95
462.95 258.00
462.95 257.00
463.00 256.95
463.95 256.00
464.00 255.95
464.95 255.00
465.00 254.95
465.95 254.00
466.00 253.95
466.95 253.00
467.00 252.95
467.95 252.00
467.95 251.00
468.00 250.95
468.95 250.00
469.00 249.95
469.95 249.00
469.95 248.00
470.00 247.95
470.95 247.00
471.00 246.95
471.95 246.00
471.95 245.00
472.00 244.95
472.95 244.00
472.95 243.00
472.95 242.00
473.00 241.95
473.95 241.00
473.95 240.00
473.95 239.00
473.95 238.00
473.95 237.00
474.00 236.95
474.95 236.00

Contour 11:
524.96 717.00
524.96 716.00
524.96 715.00
524.96 714.00
524.00 713.04
523.96 713.00
523.96 712.00
523.96 711.00
523.96 710.00
523.96 709.00
523.00 708.04
522.96 708.00
522.96 707.00
522.96 706.00
522.00 705.04
521.96 705.00
521.96 704.00
521.96 703.00
521.00 702.04
520.96 702.00
520.96 701.00
520.96 700.00
520.00 699.04
519.96 699.00
519.96 698.00
519.00 697.04
518.96 697.00
518.96 696.00
518.00 695.04
517.96 695.00
517.00 694.04
516.96 694.00
516.96 693.00
516.00 692.04
515.96 692.00
515.00 691.04
514.96 691.00
514.00 690.04
513.96 690.00
513.00 689.04
512.96 689.00
512.00 688.04
511.96 688.00
511.00 687.04
510.96 687.00
510.00 686.04
509.96 686.00
509.00 685.04
508.96 685.00
508.00 684.04
507.00 684.04
506.96 684.00
506.00 683.04
505.96 683.00
505.00 682.04
504.00 682.04
503.96 682.00
503.00 681.04
502.96 681.00
502.00 680.04
501.00 680.04
500.96 680.00
500.00 679.04
499.00 679.04
498.00 679.04
497.00 679.04
496.00 679.04
495.96 679.00
495.00 678.04
494.00 678.04
493.00 678.04
492.00 678.04
491.00 678.04
490.00 678.04
489.00 678.04
488.00 678.04
487.00 678.04
486.00 678.04
485.00 678.04
484.00 678.04
483.04 679.00
483.00 679.04
482.00 679.04
481.00 679.04
480.00 679.04
479.00 679.04
478.04 680.00
478.00 680.04
477.00 680.04
476.00 680.04
475.00 680.04
474.04 681.00
474.00 681.04
473.00 681.04
472.04 682.00
472.00 682.04
471.00 682.04
470.04 683.00
470.00 683.04
469.04 684.00
469.00 684.04
468.04 685.00
468.00 685.04
467.04 686.00
467.00 686.04
466.04 687.00
466.00 687.04
465.04 688.00
465.00 688.04
464.04 689.00
464.00 689.04
463.04 690.00
463.00 690.04
462.04 691.00
462.04 692.00
462.04 693.00
462.00 693.04
461.04 694.00
461.04 695.00
461.04 696.00
461.00 696.04
460.04 697.00
460.04 698.00
460.04 699.00
460.04 700.00
460.04 701.00
460.04 702.00
460.00 702.04
459.04 703.00
459.04 704.00
459.04 705.00
459.04 706.00
459.04 707.00
459.04 708.00
459.04 709.00
459.04 710.00
459.04 711.00
460.00 711.96
460.04 712.00
460.04 713.00
460.04 714.00
461.00 714.96
461.04 715.00
461.04 716.00
461.04 717.00
462.00 717.96
462.04 718.00
462.04 719.00
462.04 720.00
463.00 720.96
463.04 721.00
463.04 722.00
463.04 723.00
464.00 723.96
464.04 724.00
465.00 724.96
465.04 725.00
465.04 726.00
466.00 726.96
466.04 727.00
467.00 727.96
467.04 728.00
468.00 728.96
468.04 729.00
469.00 729.96
469.04 730.00
470.00 730.96
470.04 731.00
471.00 731.96
472.00 731.96
472.04 732.00
473.00 732.96
473.04 733.00
474.00 733.96
474.04 734.00
475.00 734.96
476.00 734.96
476.04 735.00
477.00 735.96
478.00 735.96
478.04 736.00
479.00 736.96
480.00 736.96
480.04 737.00
481.00 737.96
482.00 737.96
482.04 738.00
483.00 738.96
484.00 738.96
485.00 738.96
485.04 739.00
486.00 739.96
487.00 739.96
488.00 739.96
489.00 739.96
490.00 739.96
491.00 739.96
492.00 739.96
493.00 739.96
494.00 739.96
495.00 739.96
496.00 739.96
497.00 739.96
497.96 739.00
498.00 738.96
499.00 738.96
500.00 738.96
501.00 738.96
502.00 738.96
503.00 738.96
503.96 738.00
504.00 737.96
505.00 737.96
506.00 737.96
506.96 737.00
507.00 736.96
508.00 736.96
508.96 736.00
509.00 735.96
510.00 735.96
511.00 735.96
511.96 735.00
512.00 734.96
513.00 734.96
513.96 734.00
514.00 733.96
514.96 733.00
515.00 732.96
516.00 732.96
516.96 732.00
517.00 731.96
517.96 731.00
518.00 730.96
518.96 730.00
519.00 729.96
519.96 729.00
520.00 728.96
520.96 728.00
520.96 727.00
521.00 726.96
521.96 726.00
522.00 725.96
522.96 725.00
522.96 724.00
522.96 723.00
523.00 722.96
523.96 722.00
523.96 721.00
523.96 720.00
523.96 719.00
523.96 718.00
524.00 717.96
524.96 717.00

Contour 12:
561.96 329.00
561.96 328.00
561.96 327.00
561.96 326.00
561.96 325.00
561.00 324.04
560.96 324.00
560.96 323.00
560.96 322.00
560.96 321.00
560.96 320.00
560.96 319.00
560.96 318.00
560.96 317.00
560.00 316.04
559.96 316.00
559.96 315.00
559.00 314.04
558.96 314.00
558.96 313.00
558.00 312.04
557.96 312.00
557.96 311.00
557.00 310.04
556.96 310.00
556.00 309.04
555.96 309.00
555.00 308.04
554.96 308.00
554.00 307.04
553.96 307.00
553.00 306.04
552.96 306.00
552.00 305.04
551.96 305.00
551.96 304.00
551.00 303.04
550.96 303.00
550.00 302.04
549.96 302.00
549.00 301.04
548.96 301.00
548.00 300.04
547.00 300.04
546.96 300.00
546.00 299.04
545.96 299.00
545.00 298.04
544.96 298.00
544.00 297.04
543.00 297.04
542.96 297.00
542.00 296.04
541.96 296.00
541.00 295.04
540.00 295.04
539.96 295.00
539.00 294.04
538.00 294.04
537.00 294.04
536.96 294.00
536.00 293.04
535.00 293.04
534.00 293.04
533.96 293.00
533.00 292.04
532.00 292.04
531.00 292.04
530.00 292.04
529.00 292.04
528.00 292.04
527.00 292.04
526.00 292.04
525.00 292.04
524.00 292.04
523.00 292.04
522.04 293.00
522.00 293.04
521.00 293.04
520.00 293.04
519.00 293.04
518.04 294.00
518.00 294.04
517.00 294.04
516.04 295.00
516.00 295.04
515.00 295.04
514.04 296.00
514.00 296.04
513.00 296.04
512.04 297.00
512.00 297.04
511.00 297.04
510.04 298.00
510.00 298.04
509.00 298.04
508.04 299.00
508.00 299.04
507.04 300.00
507.00 300.04
506.04 301.00
506.00 301.04
505.00 301.04
504.04 302.00
504.00 302.04
503.04 303.00
503.00 303.04
502.04 304.00
502.04 305.00
502.00 305.04
501.04 306.00
501.00 306.04
500.04 307.00
500.00 307.04
499.04 308.00
499.04 309.00
499.00 309.04
498.04 310.00
498.00 310.04
497.04 311.00
497.04 312.00
497.00 312.04
496.04 313.00
496.00 313.04
495.04 314.00
495.04 315.00
495.00 315.04
494.04 316.00
494.04 317.00
494.04 318.00
494.00 318.04
493.04 319.00
493.04 320.00
493.04 321.00
493.00 321.04
492.04 322.00
492.04 323.00
492.04 324.00
492.04 325.00
492.04 326.00
492.04 327.00
492.04 328.00
492.04 329.00
492.04 330.00
493.00 330.96
493.04 331.00
493.04 332.00
493.04 333.00
494.00 333.96
494.04 334.00
494.04 335.00
495.00 335.96
495.04 336.00
495.04 337.00
496.00 337.96
496.04 338.00
496.04 339.00
496.04 340.00
497.00 340.96
497.04 341.00
498.00 341.96
498.04 342.00
498.04 343.00
499.00 343.96
499.04 344.00
500.00 344.96
500.04 345.00
501.00 345.96
501.04 346.00
502.00 346.96
502.04 347.00
503.00 347.96
503.04 348.00
504.00 348.96
504.04 349.00
505.00 349.96
505.04 350.00
506.00 350.96
507.00 350.96
507.04 351.00
508.00 351.96
509.00 351.96
509.04 352.00
510.00 352.96
511.00 352.96
511.04 353.00
512.00 353.96
513.00 353.96
513.04 354.00
514.00 354.96
515.00 354.96
515.04 355.00
516.00 355.96
517.00 355.96
518.00 355.96
519.00 355.96
519.04 356.00
520.00 356.96
521.00 356.96
522.00 356.96
523.00 356.96
524.00 356.96
525.00 356.96
526.00 356.96
527.00 356.96
528.00 356.96
528.96 356.00
529.00 355.96
530.00 355.96
531.00 355.96
532.00 355.96
533.00 355.96
534.00 355.96
534.96 355.00
535.00 354.96
536.00 354.96
536.96 354.00
537.00 353.96
538.00 353.96
539.00 353.96
539.96 353.00
540.00 352.96
541.00 352.96
541.96 352.00
542.00 351.96
543.00 351.96
543.96 351.00
544.00 350.96
544.96 350.00
545.00 349.96
546.00 349.96
546.96 349.00
547.00 348.96
547.96 348.00
548.00 347.96
548.96 347.00
549.00 346.96
550.00 346.96
550.96 346.00
551.00 345.96
551.96 345.00
552.00 344.96
552.96 344.00
553.00 343.96
553.96 343.00
554.00 342.96
554.96 342.00
555.00 341.96
555.96 341.00
556.00 340.96
556.96 340.00
556.96 339.00
557.00 338.96
557.96 338.00
558.00 337.96
558.96 337.00
558.96 336.00
559.00 335.96
559.96 335.00
559.96 334.00
559.96 333.00
560.00 332.96
560.96 332.00
560.96 331.00
560.96 330.00
561.00 329.96
561.96 329.00

Contour 13:
566.96 477.00
566.96 476.00
566.96 475.00
566.96 474.00
566.96 473.00
566.96 472.00
566.96 471.00
566.96 470.00
566.96 469.00
566.96 468.00
566.96 467.00
566.00 466.04
565.96 466.00
565.96 465.00
565.96 464.00
565.96 463.00
565.96 462.00
565.96 461.00
565.00 460.04
564.96 460.00
564.96 459.00
564.96 458.00
564.00 457.04
563.96 457.00
563.96 456.00
563.00 455.04
562.96 455.00
562.96 454.00
562.00 453.04
561.96 453.00
561.00 452.04
560.96 452.00
560.96 451.00
560.00 450.04
559.96 450.00
559.00 449.04
558.96 449.00
558.00 448.04
557.96 448.00
557.00 447.04
556.96 447.00
556.00 446.04
555.96 446.00
555.00 445.04
554.96 445.00
554.00 444.04
553.00 444.04
552.96 444.00
552.00 443.04
551.96 443.00
551.00 442.04
550.96 442.00
550.00 441.04
549.00 441.04
548.96 441.00
548.00 440.04
547.00 440.04
546.96 440.00
546.00 439.04
545.00 439.04
544.00 439.04
543.96 439.00
543.00 438.04
542.00 438.04
541.00 438.04
540.00 438.04
539.00 438.04
538.00 438.04
537.96 438.00
537.00 437.04
536.00 437.04
535.00 437.04
534.04 438.00
534.00 438.04
533.00 438.04
532.00 438.04
531.00 438.04
530.00 438.04
529.00 438.04
528.04 439.00
528.00 439.04
527.00 439.04
526.00 439.04
525.04 440.00
525.00 440.04
524.00 440.04
523.00 440.04
522.04 441.00
522.00 441.04
521.00 441.04
520.00 441.04
519.04 442.00
519.00 442.04
518.00 442.04
517.04 443.00
517.00 443.04
516.04 444.00
516.00 444.04
515.00 444.04
514.04 445.00
514.00 445.04
513.04 446.00
513.00 446.04
512.04 447.00
512.04 448.00
512.00 448.04
511.04 449.00
511.00 449.04
510.04 450.00
510.04 451.00
510.00 451.04
509.04 452.00
509.00 452.04
508.04 453.00
508.04 454.00
508.04 455.00
508.00 455.04
507.04 456.00
507.04 457.00
507.04 458.00
507.00 458.04
506.04 459.00
506.04 460.00
506.04 461.00
506.04 462.00
506.00 462.04
505.04 463.00
505.04 464.00
505.04 465.00
505.04 466.00
505.04 467.00
505.04 468.00
505.04 469.00
505.04 470.00
505.04 471.00
505.04 472.00
505.04 473.00
505.04 474.00
505.04 475.00
506.00 475.96
506.04 476.00
506.04 477.00
507.00 477.96
507.04 478.00
507.04 479.00
507.04 480.00
508.00 480.96
508.04 481.00
508.04 482.00
509.00 482.96
509.04 483.00
509.04 484.00
509.04 485.00
510.00 485.96
510.04 486.00
510.04 487.00
511.00 487.96
511.04 488.00
511.04 489.00
512.00 489.96
512.04 490.00
513.00 490.96
513.04 491.00
513.04 492.00
514.00 492.96
515.00 492.96
515.04 493.00
516.00 493.96
516.04 494.00
517.00 494.96
517.04 495.00
518.00 495.96
518.04 496.00
519.00 496.96
520.00 496.96
520.04 497.00
521.00 497.96
522.00 497.96
522.04 498.00
523.00 498.96
524.00 498.96
524.04 499.00
525.00 499.96
525.04 500.00
526.00 500.96
527.00 500.96
527.04 501.00
528.00 501.96
529.00 501.96
530.00 501.96
530.04 502.00
531.00 502.96
532.00 502.96
533.00 502.96
534.00 502.96
534.04 503.00
535.00 503.96
536.00 503.96
537.00 503.96
538.00 503.96
539.00 503.96
540.00 503.96
540.96 503.00
541.00 502.96
542.00 502.96
543.00 502.96
544.00 502.96
545.00 502.96
545.96 502.00
546.00 501.96
547.00 501.96
548.00 501.96
548.96 501.00
549.00 500.96
550.00 500.96
550.96 500.00
551.00 499.96
552.00 499.96
552.96 499.00
553.00 498.96
553.96 498.00
554.00 497.96
555.00 497.96
555.96 497.00
556.00 496.96
556.96 496.00
557.00 495.96
557.96 495.00
558.00 494.96
558.96 494.00
559.00 493.96
559.96 493.00
560.00 492.96
560.96 492.00
560.96 491.00
561.00 490.96
561.96 490.00
561.96 489.00
562.00 488.96
562.96 488.00
563.00 487.96
563.96 487.00
563.96 486.00
563.96 485.00
564.00 484.96
564.96 484.00
564.96 483.00
564.96 482.00
565.00 481.96
565.96 481.00
565.96 480.00
565.96 479.00
565.96 478.00
566.00 477.96
566.96 477.00

Contour 14:
566.97 592.00
566.97 591.00
566.97 590.00
566.97 589.00
566.97 588.00
566.97 587.00
566.97 586.00
566.97 585.00
566.97 584.00
566.97 583.00
566.97 582.00
566.97 581.00
566.97 580.00
566.97 579.00
566.97 578.00
566.97 577.00
566.00 576.03
565.97 576.00
565.97 575.00
565.97 574.00
565.00 573.03
564.97 573.00
564.97 572.00
564.00 571.03
563.97 571.00
563.00 570.03
562.97 570.00
562.97 569.00
562.00 568.03
561.97 568.00
561.00 567.03
560.97 567.00
560.97 566.00
560.00 565.03
559.97 565.00
559.00 564.03
558.00 564.03
557.97 564.00
557.00 563.03
556.97 563.00
556.00 562.03
555.97 562.00
555.00 561.03
554.00 561.03
553.97 561.00
553.00 560.03
552.97 560.00
552.00 559.03
551.00 559.03
550.97 559.00
550.00 558.03
549.00 558.03
548.97 558.00
548.00 557.03
547.00 557.03
546.00 557.03
545.00 557.03
544.97 557.00
544.00 556.03
543.00 556.03
542.00 556.03
541.00 556.03
540.00 556.03
539.00 556.03
538.00 556.03
537.00 556.03
536.00 556.03
535.03 557.00
535.00 557.03
534.00 557.03
533.00 557.03
532.03 558.00
532.00 558.03
531.00 558.03
530.00 558.03
529.03 559.00
529.00 559.03
528.00 559.03
527.03 560.00
527.00 560.03
526.00 560.03
525.03 561.00
525.00 561.03
524.00 561.03
523.03 562.00
523.00 562.03
522.00 562.03
521.03 563.00
521.00 563.03
520.03 564.00
520.00 564.03
519.00 564.03
518.03 565.00
518.00 565.03
517.00 565.03
516.03 566.00
516.00 566.03
515.03 567.00
515.00 567.03
514.03 568.00
514.00 568.03
513.03 569.00
513.00 569.03
512.03 570.00
512.03 571.00
512.00 571.03
511.03 572.00
511.00 572.03
510.03 573.00
510.03 574.00
510.00 574.03
509.03 575.00
509.03 576.00
509.00 576.03
508.03 577.00
508.03 578.00
508.00 578.03
507.03 579.00
507.03 580.00
507.03 581.00
507.00 581.03
506.03 582.00
506.03 583.00
506.03 584.00
506.03 585.00
506.00 585.03
505.03 586.00
505.03 587.00
505.03 588.00
505.03 589.00
505.03 590.00
505.03 591.00
505.03 592.00
505.03 593.00
506.00 593.97
506.03 594.00
506.03 595.00
506.03 596.00
506.03 597.00
507.00 597.97
507.03 598.00
507.03 599.00
507.03 600.00
507.03 601.00
508.00 601.97
508.03 602.00
508.03 603.00
508.03 604.00
509.00 604.97
509.03 605.00
510.00 605.97
510.03 606.00
510.03 607.00
511.00 607.97
511.03 608.00
511.03 609.00
512.00 609.97
512.03 610.00
513.00 610.97
513.03 611.00
513.03 612.00
514.00 612.97
514.03 613.00
515.00 613.97
515.03 614.00
516.00 614.97
516.03 615.00
517.00 615.97
517.03 616.00
518.00 616.97
518.03 617.00
519.00 617.97
519.03 618.00
520.00 618.97
520.03 619.00
521.00 619.97
521.03 620.00
522.00 620.97
523.00 620.97
523.03 621.00
524.00 621.97
525.00 621.97
525.03 622.00
526.00 622.97
527.00 622.97
528.00 622.97
528.03 623.00
529.00 623.97
530.00 623.97
531.00 623.97
532.00 623.97
533.00 623.97
534.00 623.97
535.00 623.97
536.00 623.97
537.00 623.97
538.00 623.97
539.00 623.97
540.00 623.97
541.00 623.97
541.97 623.00
542.00 622.97
543.00 622.97
544.00 622.97
544.97 622.00
545.00 621.97
546.00 621.97
546.97 621.00
547.00 620.97
548.00 620.97
549.00 620.97
549.97 620.00
550.00 619.97
551.00 619.97
551.97 619.00
552.00 618.97
552.97 618.00
553.00 617.97
554.00 617.97
554.97 617.00
555.00 616.97
555.97 616.00
556.00 615.97
556.97 615.00
557.00 614.97
557.97 614.00
557.97 613.00
558.00 612.97
558.97 612.00
559.00 611.97
559.97 611.00
559.97 610.00
560.00 609.97
560.97 609.00
560.97 608.00
560.97 607.00
561.00 606.97
561.97 606.00
561.97 605.00
562.00 604.97
562.97 604.00
562.97 603.00
563.00 602.97
563.97 602.00
563.97 601.00
564.00 600.97
564.97 600.00
564.97 599.00
564.97 598.00
564.97 597.00
565.00 596.97
565.97 596.00
565.97 595.00
565.97 594.00
565.97 593.00
566.00 592.97
566.97 592.00

Contour 15:
658.97 468.00
658.97 467.00
658.97 466.00
658.97 465.00
658.97 464.00
658.97 463.00
658.97 462.00
658.97 461.00
658.97 460.00
658.97 459.00
658.97 458.00
658.97 457.00
658.97 456.00
658.00 455.03
657.97 455.00
657.97 454.00
657.97 453.00
657.00 452.03
656.97 452.00
656.97 451.00
656.00 450.03
655.97 450.00
655.97 449.00
655.00 448.03
654.97 448.00
654.97 447.00
654.00 446.03
653.97 446.00
653.00 445.03
652.97 445.00
652.00 444.03
651.97 444.00
651.00 443.03
650.97 443.00
650.00 442.03
649.97 442.00
649.00 441.03
648.97 441.00
648.00 440.03
647.97 440.00
647.00 439.03
646.97 439.00
646.00 438.03
645.97 438.00
645.00 437.03
644.97 437.00
644.00 436.03
643.00 436.03
642.97 436.00
642.00 435.03
641.97 435.00
641.00 434.03
640.97 434.00
640.00 433.03
639.00 433.03
638.97 433.00
638.00 432.03
637.97 432.00
637.00 431.03
636.00 431.03
635.97 431.00
635.00 430.03
634.00 430.03
633.97 430.00
633.00 429.03
632.00 429.03
631.97 429.00
631.00 428.03
630.00 428.03
629.00 428.03
628.97 428.00
628.00 427.03
627.00 427.03
626.00 427.03
625.00 427.03
624.00 427.03
623.97 427.00
623.00 426.03
622.00 426.03
621.00 426.03
620.00 426.03
619.00 426.03
618.00 426.03
617.00 426.03
616.00 426.03
615.00 426.03
614.00 426.03
613.00 426.03
612.00 426.03
611.00 426.03
610.00 426.03
609.00 426.03
608.03 427.00
608.00 427.03
607.00 427.03
606.03 428.00
606.00 428.03
605.00 428.03
604.03 429.00
604.00 429.03
603.00 429.03
602.03 430.00
602.00 430.03
601.03 431.00
601.00 431.03
600.00 431.03
599.03 432.00
599.00 432.03
598.03 433.00
598.00 433.03
597.03 434.00
597.00 434.03
596.03 435.00
596.00 435.03
595.03 436.00
595.00 436.03
594.03 437.00
594.00 437.03
593.03 438.00
593.00 438.03
592.03 439.00
592.00 439.03
591.03 440.00
591.00 440.03
590.03 441.00
590.03 442.00
590.00 442.03
589.03 443.00
589.00 443.03
588.03 444.00
588.03 445.00
588.00 445.03
587.03 446.00
587.03 447.00
587.00 447.03
586.03 448.00
586.03 449.00
586.03 450.00
586.03 451.00
586.03 452.00
586.00 452.03
585.03 453.00
585.03 454.00
585.03 455.00
585.03 456.00
585.03 457.00
585.03 458.00
586.00 458.97
586.03 459.00
586.03 460.00
586.03 461.00
586.03 462.00
586.03 463.00
586.03 464.00
586.03 465.00
586.03 466.00
586.03 467.00
587.00 467.97
587.03 468.00
587.03 469.00
587.03 470.00
587.03 471.00
587.03 472.00
588.00 472.97
588.03 473.00
588.03 474.00
589.00 474.97
589.03 475.00
589.03 476.00
589.03 477.00
590.00 477.97
590.03 478.00
591.00 478.97
591.03 479.00
591.03 480.00
592.00 480.97
592.03 481.00
593.00 481.97
593.03 482.00
594.00 482.97
594.03 483.00
594.03 484.00
595.00 484.97
595.03 485.00
596.00 485.97
596.03 486.00
597.00 486.97
597.03 487.00
598.00 487.97
598.03 488.00
599.00 488.97
599.03 489.00
600.00 489.97
601.00 489.97
601.03 490.00
602.00 490.97
602.03 491.00
603.00 491.97
604.00 491.97
604.03 492.00
605.00 492.97
606.00 492.97
606.03 493.00
607.00 493.97
608.00 493.97
608.03 494.00
609.00 494.97
610.00 494.97
611.00 494.97
611.03 495.00
612.00 495.97
613.00 495.97
614.00 495.97
615.00 495.97
616.00 495.97
617.00 495.97
617.03 496.00
618.00 496.97
619.00 496.97
620.00 496.97
620.97 496.00
621.00 495.97
622.00 495.97
623.00 495.97
624.00 495.97
625.00 495.97
626.00 495.97
627.00 495.97
627.97 495.00
628.00 494.97
629.00 494.97
630.00 494.97
631.00 494.97
631.97 494.00
632.00 493.97
633.00 493.97
633.97 493.00
634.00 492.97
635.00 492.97
636.00 492.97
636.97 492.00
637.00 491.97
638.00 491.97
638.97 491.00
639.00 490.97
640.00 490.97
640.97 490.00
641.00 489.97
641.97 489.00
642.00 488.97
643.00 488.97
643.97 488.00
644.00 487.97
644.97 487.00
645.00 486.97
646.00 486.97
646.97 486.00
647.00 485.97
647.97 485.00
648.00 484.97
648.97 484.00
649.00 483.97
649.97 483.00
650.00 482.97
650.97 482.00
651.00 481.97
651.97 481.00
652.00 480.97
652.97 480.00
653.00 479.97
653.97 479.00
653.97 478.00
654.00 477.97
654.97 477.00
654.97 476.00
655.00 475.97
655.97 475.00
655.97 474.00
656.00 473.97
656.97 473.00
656.97 472.00
657.00 471.97
657.97 471.00
657.97 470.00
657.97 469.00
658.00 468.97
658.97 468.00

Contour 16:
665.97 644.00
665.97 643.00
665.97 642.00
665.97 641.00
665.97 640.00
665.97 639.00
665.97 638.00
665.97 637.00
665.97 636.00
665.97 635.00
665.97 634.00
665.97 633.00
665.97 632.00
665.97 631.00
665.00 630.03
664.97 630.00
664.97 629.00
664.97 628.00
664.97 627.00
664.97 626.00
664.00 625.03
663.97 625.00
663.97 624.00
663.00 623.03
662.97 623.00
662.97 622.00
662.00 621.03
661.97 621.00
661.97 620.00
661.00 619.03
660.97 619.00
660.00 618.03
659.97 618.00
659.97 617.00
659.00 616.03
658.97 616.00
658.00 615.03
657.00 615.03
656.97 615.00
656.00 614.03
655.97 614.00
655.00 613.03
654.00 613.03
653.97 613.00
653.00 612.03
652.97 612.00
652.00 611.03
651.00 611.03
650.97 611.00
650.00 610.03
649.00 610.03
648.97 610.00
648.00 609.03
647.00 609.03
646.00 609.03
645.00 609.03
644.97 609.00
644.00 608.03
643.00 608.03
642.97 608.00
642.00 607.03
641.00 607.03
640.00 607.03
639.00 607.03
638.00 607.03
637.00 607.03
636.00 607.03
635.00 607.03
634.00 607.03
633.03 608.00
633.00 608.03
632.00 608.03
631.00 608.03
630.00 608.03
629.00 608.03
628.00 608.03
627.03 609.00
627.00 609.03
626.00 609.03
625.00 609.03
624.03 610.00
624.00 610.03
623.00 610.03
622.03 611.00
622.00 611.03
621.00 611.03
620.03 612.00
620.00 612.03
619.03 613.00
619.00 613.03
618.03 614.00
618.00 614.03
617.03 615.00
617.00 615.03
616.03 616.00
616.00 616.03
615.03 617.00
615.00 617.03
614.03 618.00
614.00 618.03
613.03 619.00
613.00 619.03
612.03 620.00
612.00 620.03
611.03 621.00
611.03 622.00
611.00 622.03
610.03 623.00
610.00 623.03
609.03 624.00
609.03 625.00
609.00 625.03
608.03 626.00
608.00 626.03
607.03 627.00
607.03 628.00
607.00 628.03
606.03 629.00
606.00 629.03
605.03 630.00
605.03 631.00
605.00 631.03
604.03 632.00
604.03 633.00
604.00 633.03
603.03 634.00
603.03 635.00
603.03 636.00
603.00 636.03
602.03 637.00
602.03 638.00
602.03 639.00
602.03 640.00
602.00 640.03
601.03 641.00
601.03 642.00
601.03 643.00
601.03 644.00
601.00 644.03
600.03 645.00
600.03 646.00
600.03 647.00
600.03 648.00
600.03 649.00
600.03 650.00
600.03 651.00
600.03 652.00
601.00 652.97
601.03 653.00
601.03 654.00
602.00 654.97
602.03 655.00
602.03 656.00
602.03 657.00
603.00 657.97
603.03 658.00
604.00 658.97
604.03 659.00
604.03 660.00
604.03 661.00
605.00 661.97
605.03 662.00
606.00 662.97
606.03 663.00
606.03 664.00
607.00 664.97
607.03 665.00
608.00 665.97
608.03 666.00
609.00 666.97
609.03 667.00
610.00 667.97
610.03 668.00
611.00 668.97
611.03 669.00
612.00 669.97
612.03 670.00
613.00 670.97
613.03 671.00
614.00 671.97
615.00 671.97
615.03 672.00
616.00 672.97
617.00 672.97
618.00 672.97
618.03 673.00
619.00 673.97
620.00 673.97
621.00 673.97
621.03 674.00
622.00 674.97
623.00 674.97
624.00 674.97
625.00 674.97
626.00 674.97
627.00 674.97
628.00 674.97
629.00 674.97
630.00 674.97
631.00 674.97
632.00 674.97
633.00 674.97
634.00 674.97
635.00 674.97
635.97 674.00
636.00 673.97
637.00 673.97
638.00 673.97
639.00 673.97
640.00 673.97
640.97 673.00
641.00 672.97
642.00 672.97
643.00 672.97
643.97 672.00
644.00 671.97
645.00 671.97
645.97 671.00
646.00 670.97
647.00 670.97
647.97 670.00
648.00 669.97
649.00 669.97
649.97 669.00
650.00 668.97
651.00 668.97
651.97 668.00
652.00 667.97
652.97 667.00
653.00 666.97
653.97 666.00
654.00 665.97
654.97 665.00
655.00 664.97
655.97 664.00
656.00 663.97
656.97 663.00
656.97 662.00
657.00 661.97
657.97 661.00
658.00 660.97
658.97 660.00
659.00 659.97
659.97 659.00
659.97 658.00
660.00 657.97
660.97 657.00
660.97 656.00
661.00 655.97
661.97 655.00
661.97 654.00
662.00 653.97
662.97 653.00
662.97 652.00
663.00 651.97
663.97 651.00
663.97 650.00
663.97 649.00
664.00 648.97
664.97 648.00
664.97 647.00
664.97 646.00
664.97 645.00
665.00 644.97
665.97 644.00

Contour 17:
707.97 293.00
707.97 292.00
707.97 291.00
707.97 290.00
707.97 289.00
707.97 288.00
707.97 287.00
707.97 286.00
707.97 285.00
707.97 284.00
707.00 283.03
706.97 283.00
706.97 282.00
706.97 281.00
706.97 280.00
706.00 279.03
705.97 279.00
705.97 278.00
705.00 277.03
704.97 277.00
704.97 276.00
704.00 275.03
703.97 275.00
703.97 274.00
703.00 273.03
702.97 273.00
702.00 272.03
701.97 272.00
701.97 271.00
701.00 270.03
700.97 270.00
700.00 269.03
699.97 269.00
699.00 268.03
698.97 268.00
698.00 267.03
697.97 267.00
697.00 266.03
696.97 266.00
696.00 265.03
695.00 265.03
694.97 265.00
694.00 264.03
693.97 264.00
693.00 263.03
692.00 263.03
691.97 263.00
691.00 262.03
690.97 262.00
690.00 261.03
689.00 261.03
688.97 261.00
688.00 260.03
687.97 260.00
687.00 259.03
686.00 259.03
685.97 259.00
685.00 258.03
684.00 258.03
683.00 258.03
682.00 258.03
681.97 258.00
681.00 257.03
680.00 257.03
679.00 257.03
678.00 257.03
677.00 257.03
676.00 257.03
675.00 257.03
674.00 257.03
673.00 257.03
672.00 257.03
671.00 257.03
670.00 257.03
669.00 257.03
668.00 257.03
667.00 257.03
666.00 257.03
665.00 257.03
664.00 257.03
663.00 257.03
662.00 257.03
661.03 258.00
661.00 258.03
660.00 258.03
659.00 258.03
658.00 258.03
657.00 258.03
656.03 259.00
656.00 259.03
655.00 259.03
654.00 259.03
653.03 260.00
653.00 260.03
652.00 260.03
651.00 260.03
650.03 261.00
650.00 261.03
649.00 261.03
648.03 262.00
648.00 262.03
647.03 263.00
647.00 263.03
646.00 263.03
645.03 264.00
645.00 264.03
644.03 265.00
644.00 265.03
643.03 266.00
643.00 266.03
642.03 267.00
642.03 268.00
642.00 268.03
641.03 269.00
641.00 269.03
640.03 270.00
640.03 271.00
640.00 271.03
639.03 272.00
639.03 273.00
639.03 274.00
639.03 275.00
639.00 275.03
638.03 276.00
638.03 277.00
638.03 278.00
638.03 279.00
638.03 280.00
638.03 281.00
638.03 282.00
638.03 283.00
638.03 284.00
638.03 285.00
638.03 286.00
638.03 287.00
638.03 288.00
638.03 289.00
639.00 289.97
639.03 290.00
639.03 291.00
639.03 292.00
639.03 293.00
640.00 293.97
640.03 294.00
640.03 295.00
640.03 296.00
641.00 296.97
641.03 297.00
641.03 298.00
641.03 299.00
642.00 299.97
642.03 300.00
643.00 300.97
643.03 301.00
643.03 302.00
644.00 302.97
644.03 303.00
645.00 303.97
645.03 304.00
645.03 305.00
646.00 305.97
646.03 306.00
647.00 306.97
647.03 307.00
648.00 307.97
648.03 308.00
649.00 308.97
649.03 309.00
650.00 309.97
651.00 309.97
651.03 310.00
652.00 310.97
653.00 310.97
653.03 311.00
654.00 311.97
654.03 312.00
655.00 312.97
656.00 312.97
656.03 313.00
657.00 313.97
658.00 313.97
659.00 313.97
659.03 314.00
660.00 314.97
661.00 314.97
661.03 315.00
662.00 315.97
663.00 315.97
664.00 315.97
665.00 315.97
665.03 316.00
666.00 316.97
667.00 316.97
668.00 316.97
669.00 316.97
670.00 316.97
671.00 316.97
672.00 316.97
673.00 316.97
674.00 316.97
675.00 316.97
676.00 316.97
677.00 316.97
677.97 316.00
678.00 315.97
679.00 315.97
680.00 315.97
681.00 315.97
682.00 315.97
683.00 315.97
684.00 315.97
685.00 315.97
685.97 315.00
686.00 314.97
687.00 314.97
688.00 314.97
689.00 314.97
689.97 314.00
690.00 313.97
691.00 313.97
691.97 313.00
692.00 312.97
693.00 312.97
693.97 312.00
694.00 311.97
694.97 311.00
695.00 310.97
696.00 310.97
696.97 310.00
697.00 309.97
697.97 309.00
698.00 308.97
698.97 308.00
699.00 307.97
699.97 307.00
700.00 306.97
700.97 306.00
700.97 305.00
701.00 304.97
701.97 304.00
702.00 303.97
702.97 303.00
703.00 302.97
703.97 302.00
704.00 301.97
704.97 301.00
704.97 300.00
705.00 299.97
705.97 299.00
705.97 298.00
706.00 297.97
706.97 297.00
706.97 296.00
706.97 295.00
706.97 294.00
707.00 293.97
707.97 293.00

Contour 18:
746.97 403.00
746.97 402.00
746.97 401.00
746.97 400.00
746.97 399.00
746.97 398.00
746.00 397.03
745.97 397.00
745.97 396.00
745.97 395.00
745.97 394.00
745.00 393.03
744.97 393.00
744.00 392.03
743.97 392.00
743.97 391.00
743.00 390.03
742.97 390.00
742.00 389.03
741.97 389.00
741.00 388.03
740.97 388.00
740.00 387.03
739.97 387.00
739.00 386.03
738.97 386.00
738.00 385.03
737.97 385.00
737.00 384.03
736.97 384.00
736.00 383.03
735.00 383.03
734.97 383.00
734.00 382.03
733.97 382.00
733.00 381.03
732.00 381.03
731.97 381.00
731.00 380.03
730.97 380.00
730.00 379.03
729.00 379.03
728.97 379.00
728.00 378.03
727.97 378.00
727.00 377.03
726.00 377.03
725.97 377.00
725.00 376.03
724.00 376.03
723.97 376.00
723.00 375.03
722.00 375.03
721.97 375.00
721.00 374.03
720.00 374.03
719.00 374.03
718.97 374.00
718.00 373.03
717.00 373.03
716.97 373.00
716.00 372.03
715.00 372.03
714.00 372.03
713.00 372.03
712.00 372.03
711.97 372.00
711.00 371.03
710.00 371.03
709.00 371.03
708.00 371.03
707.00 371.03
706.00 371.03
705.00 371.03
704.03 372.00
704.00 372.03
703.00 372.03
702.00 372.03
701.03 373.00
701.00 373.03
700.00 373.03
699.00 373.03
698.03 374.00
698.00 374.03
697.00 374.03
696.00 374.03
695.03 375.00
695.00 375.03
694.00 375.03
693.03 376.00
693.00 376.03
692.03 377.00
692.00 377.03
691.03 378.00
691.00 378.03
690.00 378.03
689.03 379.00
689.00 379.03
688.03 380.00
688.00 380.03
687.03 381.00
687.03 382.00
687.00 382.03
686.03 383.00
686.00 383.03
685.03 384.00
685.00 384.03
684.03 385.00
684.03 386.00
684.00 386.03
683.03 387.00
683.03 388.00
683.00 388.03
682.03 389.00
682.03 390.00
682.00 390.03
681.03 391.00
681.03 392.00
681.00 392.03
680.03 393.00
680.03 394.00
680.03 395.00
680.03 396.00
680.03 397.00
680.03 398.00
680.03 399.00
680.03 400.00
680.03 401.00
680.03 402.00
680.03 403.00
680.03 404.00
681.00 404.97
681.03 405.00
681.03 406.00
681.03 407.00
681.03 408.00
682.00 408.97
682.03 409.00
682.03 410.00
683.00 410.97
683.03 411.00
683.03 412.00
684.00 412.97
684.03 413.00
684.03 414.00
685.00 414.97
685.03 415.00
686.00 415.97
686.03 416.00
686.03 417.00
687.00 417.97
687.03 418.00
688.00 418.97
688.03 419.00
689.00 419.97
689.03 420.00
690.00 420.97
690.03 421.00
691.00 421.97
691.03 422.00
692.00 422.97
693.00 422.97
693.03 423.00
694.00 423.97
695.00 423.97
695.03 424.00
696.00 424.97
697.00 424.97
697.03 425.00
698.00 425.97
699.00 425.97
700.00 425.97
700.03 426.00
701.00 426.97
702.00 426.97
703.00 426.97
703.03 427.00
704.00 427.97
705.00 427.97
706.00 427.97
707.00 427.97
707.03 428.00
708.00 428.97
709.00 428.97
710.00 428.97
711.00 428.97
712.00 428.97
713.00 428.97
714.00 428.97
715.00 428.97
716.00 428.97
717.00 428.97
718.00 428.97
719.00 428.97
720.00 428.97
721.00 428.97
722.00 428.97
723.00 428.97
724.00 428.97
724.97 428.00
725.00 427.97
726.00 427.97
727.00 427.97
728.00 427.97
729.00 427.97
729.97 427.00
730.00 426.97
731.00 426.97
731.97 426.00
732.00 425.97
733.00 425.97
733.97 425.00
734.00 424.97
735.00 424.97
735.97 424.00
736.00 423.97
736.97 423.00
737.00 422.97
737.97 422.00
738.00 421.97
738.97 421.00
739.00 420.97
739.97 420.00
740.00 419.97
740.97 419.00
740.97 418.00
741.00 417.97
741.97 417.00
741.97 416.00
742.00 415.97
742.97 415.00
743.00 414.97
743.97 414.00
743.97 413.00
743.97 412.00
744.00 411.97
744.97 411.00
744.97 410.00
744.97 409.00
745.00 408.97
745.97 408.00
745.97 407.00
745.97 406.00
745.97 405.00
745.97 404.00
746.00 403.97
746.97 403.00

Contour 19:
751.98 696.00
751.98 695.00
751.98 694.00
751.98 693.00
751.98 692.00
751.98 691.00
751.98 690.00
751.98 689.00
751.98 688.00
751.98 687.00
751.98 686.00
751.98 685.00
751.98 684.00
751.98 683.00
751.98 682.00
751.98 681.00
751.98 680.00
751.00 679.02
750.98 679.00
750.98 678.00
750.98 677.00
750.00 676.02
749.98 676.00
749.98 675.00
749.98 674.00
749.00 673.02
748.98 673.00
748.00 672.02
747.98 672.00
747.98 671.00
747.00 670.02
746.98 670.00
746.00 669.02
745.98 669.00
745.00 668.02
744.98 668.00
744.00 667.02
743.98 667.00
743.00 666.02
742.98 666.00
742.00 665.02
741.98 665.00
741.00 664.02
740.00 664.02
739.98 664.00
739.00 663.02
738.00 663.02
737.98 663.00
737.00 662.02
736.00 662.02
735.98 662.00
735.00 661.02
734.00 661.02
733.00 661.02
732.00 661.02
731.00 661.02
730.98 661.00
730.00 660.02
729.00 660.02
728.00 660.02
727.02 661.00
727.00 661.02
726.00 661.02
725.00 661.02
724.00 661.02
723.00 661.02
722.00 661.02
721.02 662.00
721.00 662.02
720.00 662.02
719.00 662.02
718.02 663.00
718.00 663.02
717.00 663.02
716.00 663.02
715.02 664.00
715.00 664.02
714.02 665.00
714.00 665.02
713.02 666.00
713.00 666.02
712.02 667.00
712.00 667.02
711.02 668.00
711.00 668.02
710.02 669.00
710.00 669.02
709.02 670.00
709.00 670.02
708.02 671.00
708.00 671.02
707.02 672.00
707.02 673.00
707.00 673.02
706.02 674.00
706.00 674.02
705.02 675.00
705.00 675.02
704.02 676.00
704.00 676.02
703.02 677.00
703.00 677.02
702.02 678.00
702.00 678.02
701.02 679.00
701.00 679.02
700.02 680.00
700.02 681.00
700.00 681.02
699.02 682.00
699.00 682.02
698.02 683.00
698.00 683.02
697.02 684.00
697.02 685.00
697.00 685.02
696.02 686.00
696.00 686.02
695.02 687.00
695.02 688.00
695.00 688.02
694.02 689.00
694.02 690.00
694.00 690.02
693.02 691.00
693.02 692.00
693.00 692.02
692.02 693.00
692.02 694.00
692.00 694.02
691.02 695.00
691.02 696.00
691.02 697.00
691.02 698.00
691.00 698.02
690.02 699.00
690.02 700.00
690.02 701.00
690.02 702.00
690.02 703.00
690.02 704.00
690.02 705.00
690.02 706.00
690.02 707.00
690.02 708.00
690.02 709.00
690.02 710.00
690.02 711.00
690.02 712.00
690.02 713.00
691.00 713.98
691.02 714.00
691.02 715.00
691.02 716.00
692.00 716.98
692.02 717.00
692.02 718.00
693.00 718.98
693.02 719.00
694.00 719.98
694.02 720.00
694.02 721.00
695.00 721.98
695.02 722.00
696.00 722.98
696.02 723.00
697.00 723.98
697.02 724.00
698.00 724.98
699.00 724.98
699.02 725.00
700.00 725.98
700.02 726.00
701.00 726.98
702.00 726.98
702.02 727.00
703.00 727.98
704.00 727.98
704.02 728.00
705.00 728.98
706.00 728.98
706.02 729.00
707.00 729.98
708.00 729.98
709.00 729.98
710.00 729.98
711.00 729.98
712.00 729.98
712.02 730.00
713.00 730.98
714.00 730.98
715.00 730.98
715.98 730.00
716.00 729.98
717.00 729.98
718.00 729.98
719.00 729.98
720.00 729.98
720.98 729.00
721.00 728.98
722.00 728.98
723.00 728.98
723.98 728.00
724.00 727.98
725.00 727.98
725.98 727.00
726.00 726.98
727.00 726.98
727.98 726.00
728.00 725.98
728.98 725.00
729.00 724.98
729.98 724.00
730.00 723.98
730.98 723.00
731.00 722.98
732.00 722.98
732.98 722.00
733.00 721.98
733.98 721.00
734.00 720.98
734.98 720.00
735.00 719.98
735.98 719.00
736.00 718.98
736.98 718.00
737.00 717.98
737.98 717.00
738.00 716.98
738.98 716.00
739.00 715.98
739.98 715.00
740.00 714.98
740.98 714.00
741.00 713.98
741.98 713.00
742.00 712.98
742.98 712.00
743.00 711.98
743.98 711.00
744.00 710.98
744.98 710.00
744.98 709.00
745.00 708.98
745.98 708.00
746.00 707.98
746.98 707.00
747.00 706.98
747.98 706.00
747.98 705.00
748.00 704.98
748.98 704.00
749.00 703.98
749.98 703.00
749.98 702.00
749.98 701.00
750.00 700.98
750.98 700.00
750.98 699.00
750.98 698.00
750.98 697.00
751.00 696.98
751.98 696.00

Contour 20:
817.98 447.00
817.98 446.00
817.98 445.00
817.98 444.00
817.98 443.00
817.98 442.00
817.98 441.00
817.98 440.00
817.98 439.00
817.98 438.00
817.98 437.00
817.98 436.00
817.98 435.00
817.00 434.02
816.98 434.00
816.98 433.00
816.00 432.02
815.98 432.00
815.98 431.00
815.00 430.02
814.98 430.00
814.98 429.00
814.00 428.02
813.98 428.00
813.00 427.02
812.98 427.00
812.00 426.02
811.98 426.00
811.00 425.02
810.98 425.00
810.00 424.02
809.98 424.00
809.00 423.02
808.98 423.00
808.00 422.02
807.98 422.00
807.00 421.02
806.98 421.00
806.00 420.02
805.00 420.02
804.98 420.00
804.00 419.02
803.98 419.00
803.00 418.02
802.00 418.02
801.98 418.00
801.00 417.02
800.00 417.02
799.00 417.02
798.00 417.02
797.00 417.02
796.98 417.00
796.00 416.02
795.00 416.02
794.02 417.00
794.00 417.02
793.00 417.02
792.00 417.02
791.00 417.02
790.00 417.02
789.02 418.00
789.00 418.02
788.00 418.02
787.00 418.02
786.02 419.00
786.00 419.02
785.00 419.02
784.02 420.00
784.00 420.02
783.00 420.02
782.02 421.00
782.00 421.02
781.00 421.02
780.02 422.00
780.00 422.02
779.00 422.02
778.02 423.00
778.00 423.02
777.00 423.02
776.02 424.00
776.00 424.02
775.00 424.02
774.02 425.00
774.00 425.02
773.02 426.00
773.00 426.02
772.00 426.02
771.02 427.00
771.00 427.02
770.00 427.02
769.02 428.00
769.00 428.02
768.02 429.00
768.00 429.02
767.02 430.00
767.00 430.02
766.00 430.02
765.02 431.00
765.00 431.02
764.02 432.00
764.00 432.02
763.02 433.00
763.00 433.02
762.02 434.00
762.00 434.02
761.02 435.00
761.00 435.02
760.02 436.00
760.02 437.00
760.00 437.02
759.02 438.00
759.00 438.02
758.02 439.00
758.02 440.00
758.00 440.02
757.02 441.00
757.02 442.00
757.02 443.00
757.00 443.02
756.02 444.00
756.02 445.00
756.00 445.02
755.02 446.00
755.02 447.00
755.02 448.00
755.00 448.02
754.02 449.00
754.02 450.00
754.02 451.00
754.02 452.00
754.02 453.00
754.02 454.00
754.02 455.00
754.02 456.00
754.02 457.00
754.02 458.00
755.00 458.98
755.02 459.00
755.02 460.00
755.02 461.00
756.00 461.98
756.02 462.00
756.02 463.00
757.00 463.98
757.02 464.00
757.02 465.00
758.00 465.98
758.02 466.00
758.02 467.00
759.00 467.98
759.02 468.00
760.00 468.98
760.02 469.00
761.00 469.98
761.02 470.00
762.00 470.98
762.02 471.00
763.00 471.98
763.02 472.00
764.00 472.98
764.02 473.00
765.00 473.98
765.02 474.00
766.00 474.98
766.02 475.00
767.00 475.98
767.02 476.00
768.00 476.98
768.02 477.00
769.00 477.98
770.00 477.98
770.02 478.00
771.00 478.98
771.02 479.00
772.00 479.98
772.02 480.00
773.00 480.98
774.00 480.98
774.02 481.00
775.00 481.98
776.00 481.98
777.00 481.98
777.02 482.00
778.00 482.98
779.00 482.98
780.00 482.98
781.00 482.98
781.02 483.00
782.00 483.98
783.00 483.98
784.00 483.98
785.00 483.98
786.00 483.98
787.00 483.98
788.00 483.98
788.98 483.00
789.00 482.98
790.00 482.98
791.00 482.98
792.00 482.98
792.98 482.00
793.00 481.98
794.00 481.98
794.98 481.00
795.00 480.98
796.00 480.98
796.98 480.00
797.00 479.98
798.00 479.98
798.98 479.00
799.00 478.98
799.98 478.00
800.00 477.98
800.98 477.00
801.00 476.98
801.98 476.00
802.00 475.98
802.98 475.00
803.00 474.98
803.98 474.00
804.00 473.98
804.98 473.00
805.00 472.98
805.98 472.00
806.00 471.98
806.98 471.00
807.00 470.98
807.98 470.00
808.00 469.98
808.98 469.00
808.98 468.00
809.00 467.98
809.98 467.00
809.98 466.00
810.00 465.98
810.98 465.00
810.98 464.00
811.00 463.98
811.98 463.00
811.98 462.00
812.00 461.98
812.98 461.00
812.98 460.00
812.98 459.00
813.00 458.98
813.98 458.00
813.98 457.00
814.00 456.98
814.98 456.00
814.98 455.00
815.00 454.98
815.98 454.00
815.98 453.00
815.98 452.00
816.00 451.98
816.98 451.00
816.98 450.00
816.98 449.00
816.98 448.00
817.00 447.98
817.98 447.00

Contour 21:
995.98 744.00
995.98 743.00
995.98 742.00
995.98 741.00
995.98 740.00
995.98 739.00
995.98 738.00
995.98 737.00
995.98 736.00
995.00 735.02
994.98 735.00
994.98 734.00
994.98 733.00
994.98 732.00
994.00 731.02
993.98 731.00
993.98 730.00
993.98 729.00
993.00 728.02
992.98 728.00
992.98 727.00
992.00 726.02
991.98 726.00
991.00 725.02
990.98 725.00
990.00 724.02
989.98 724.00
989.00 723.02
988.98 723.00
988.00 722.02
987.98 722.00
987.00 721.02
986.98 721.00
986.00 720.02
985.98 720.00
985.00 719.02
984.98 719.00
984.00 718.02
983.98 718.00
983.00 717.02
982.00 717.02
981.98 717.00
981.00 716.02
980.98 716.00
980.00 715.02
979.00 715.02
978.00 715.02
977.98 715.00
977.00 714.02
976.00 714.02
975.98 714.00
975.00 713.02
974.00 713.02
973.00 713.02
972.00 713.02
971.00 713.02
970.98 713.00
970.00 712.02
969.00 712.02
968.00 712.02
967.00 712.02
966.00 712.02
965.00 712.02
964.00 712.02
963.00 712.02
962.00 712.02
961.02 713.00
961.00 713.02
960.00 713.02
959.00 713.02
958.00 713.02
957.00 713.02
956.00 713.02
955.02 714.00
955.00 714.02
954.00 714.02
953.00 714.02
952.00 714.02
951.00 714.02
950.02 715.00
950.00 715.02
949.00 715.02
948.00 715.02
947.02 716.00
947.00 716.02
946.00 716.02
945.02 717.00
945.00 717.02
944.00 717.02
943.00 717.02
942.02 718.00
942.00 718.02
941.00 718.02
940.02 719.00
940.00 719.02
939.02 720.00
939.00 720.02
938.00 720.02
937.02 721.00
937.00 721.02
936.02 722.00
936.00 722.02
935.02 723.00
935.00 723.02
934.02 724.00
934.00 724.02
933.02 725.00
933.00 725.02
932.02 726.00
932.00 726.02
931.02 727.00
931.00 727.02
930.02 728.00
930.00 728.02
929.02 729.00
929.02 730.00
929.00 730.02
928.02 731.00
928.02 732.00
928.00 732.02
927.02 733.00
927.02 734.00
927.02 735.00
927.00 735.02
926.02 736.00
926.02 737.00
926.02 738.00
926.02 739.00
926.00 739.02
925.02 740.00
925.02 741.00
925.02 742.00
925.02 743.00
925.02 744.00
925.00 744.02
924.02 745.00
924.02 746.00
924.02 747.00
925.00 747.98
925.02 748.00
925.02 749.00
925.02 750.00
925.02 751.00
925.02 752.00
926.00 752.98
926.02 753.00
926.02 754.00
926.02 755.00
927.00 755.98
927.02 756.00
927.02 757.00
927.02 758.00
928.00 758.98
928.02 759.00
928.02 760.00
929.00 760.98
929.02 761.00
930.00 761.98
930.02 762.00
930.02 763.00
931.00 763.98
931.02 764.00
932.00 764.98
932.02 765.00
933.00 765.98
933.02 766.00
934.00 766.98
934.02 767.00
934.02 768.00
935.00 768.98
935.02 769.00
936.00 769.98
936.02 770.00
937.00 770.98
937.02 771.00
938.00 771.98
939.00 771.98
939.02 772.00
940.00 772.98
940.02 773.00
941.00 773.98
942.00 773.98
943.00 773.98
943.02 774.00
944.00 774.98
945.00 774.98
946.00 774.98
946.02 775.00
947.00 775.98
948.00 775.98
949.00 775.98
950.00 775.98
951.00 775.98
952.00 775.98
953.00 775.98
954.00 775.98
955.00 775.98
956.00 775.98
957.00 775.98
958.00 775.98
959.00 775.98
960.00 775.98
960.98 775.00
961.00 774.98
962.00 774.98
963.00 774.98
963.98 774.00
964.00 773.98
965.00 773.98
966.00 773.98
966.98 773.00
967.00 772.98
968.00 772.98
968.98 772.00
969.00 771.98
970.00 771.98
970.98 771.00
971.00 770.98
972.00 770.98
972.98 770.00
973.00 769.98
974.00 769.98
974.98 769.00
975.00 768.98
975.98 768.00
976.00 767.98
977.00 767.98
977.98 767.00
978.00 766.98
979.00 766.98
979.98 766.00
980.00 765.98
980.98 765.00
981.00 764.98
981.98 764.00
982.00 763.98
982.98 763.00
983.00 762.98
983.98 762.00
984.00 761.98
984.98 761.00
984.98 760.00
985.00 759.98
985.98 759.00
986.00 758.98
986.98 758.00
986.98 757.00
987.00 756.98
987.98 756.00
988.00 755.98
988.98 755.00
989.00 754.98
989.98 754.00
990.00 753.98
990.98 753.00
991.00 752.98
991.98 752.00
992.00 751.98
992.98 751.00
992.98 750.00
993.00 749.98
993.98 749.00
993.98 748.00
994.00 747.98
994.98 747.00
994.98 746.00
994.98 745.00
995.00 744.98
995.98 744.00

