Contour 0:
60.50 559.00
60.50 558.00
60.50 557.00
60.50 556.00
60.50 555.00
60.50 554.00
60.50 553.00
60.50 552.00
60.00 551.50
59.50 551.00
59.50 550.00
59.50 549.00
59.50 548.00
59.00 547.50
58.50 547.00
58.50 546.00
58.00 545.50
57.50 545.00
57.50 544.00
57.00 543.50
56.50 543.00
56.50 542.00
56.00 541.50
55.50 541.00
55.00 540.50
54.50 540.00
54.50 539.00
54.00 538.50
53.50 538.00
53.00 537.50
52.50 537.00
52.50 536.00
52.00 535.50
51.50 535.00
51.00 534.50
50.50 534.00
50.00 533.50
49.50 533.00
49.00 532.50
48.50 532.00
48.00 531.50
47.50 531.00
47.00 530.50
46.50 530.00
46.00 529.50
45.00 529.50
44.50 529.00
44.00 528.50
43.00 528.50
42.00 528.50
41.50 528.00
41.00 527.50
40.00 527.50
39.00 527.50
38.00 527.50
37.50 527.00
37.00 526.50
36.00 526.50
35.00 526.50
34.00 526.50
33.50 526.00
33.00 525.50
32.00 525.50
31.00 525.50
30.00 525.50
29.00 525.50
28.00 525.50
27.00 525.50
26.00 525.50
25.00 525.50
24.00 525.50
23.00 525.50
22.00 525.50
21.50 526.00
21.00 526.50
20.00 526.50
19.00 526.50
18.50 527.00
18.00 527.50
17.00 527.50
16.50 528.00
16.00 528.50
15.00 528.50
14.50 529.00
14.00 529.50
13.00 529.50
12.50 530.00
12.00 530.50
11.50 531.00
11.00 531.50
10.50 532.00
10.00 532.50
9.50 533.00
9.00 533.50
8.00 533.50
7.50 534.00
7.00 534.50
6.50 535.00
6.50 536.00
6.00 536.50
5.50 537.00
5.00 537.50
4.50 538.00
4.50 539.00
4.00 539.50
3.50 540.00
3.50 541.00
3.00 541.50
2.50 542.00
2.50 543.00
2.50 544.00
2.50 545.00
2.00 545.50
1.50 546.00
1.50 547.00
1.50 548.00
1.50 549.00
1.50 550.00
1.50 551.00
1.50 552.00
1.50 553.00
1.50 554.00
1.50 555.00
1.00 555.50
0.50 556.00
0.50 557.00
0.50 558.00
0.50 559.00
0.50 560.00
1.00 560.50
1.50 561.00
1.50 562.00
1.50 563.00
1.50 564.00
1.50 565.00
2.00 565.50
2.50 566.00
2.50 567.00
3.00 567.50
3.50 568.00
3.50 569.00
3.50 570.00
4.00 570.50
4.50 571.00
4.50 572.00
5.00 572.50
5.50 573.00
5.50 574.00
6.00 574.50
6.50 575.00
7.00 575.50
7.50 576.00
7.50 577.00
8.00 577.50
8.50 578.00
9.00 578.50
9.50 579.00
10.00 579.50
10.50 580.00
11.00 580.50
11.50 581.00
12.00 581.50
13.00 581.50
13.50 582.00
14.00 582.50
14.50 583.00
15.00 583.50
16.00 583.50
16.50 584.00
17.00 584.50
18.00 584.50
19.00 584.50
19.50 585.00
20.00 585.50
21.00 585.50
22.00 585.50
22.50 586.00
23.00 586.50
24.00 586.50
25.00 586.50
26.00 586.50
26.50 587.00
27.00 587.50
28.00 587.50
29.00 587.50
30.00 587.50
31.00 587.50
32.00 587.50
33.00 587.50
34.00 587.50
35.00 587.50
36.00 587.50
37.00 587.50
38.00 587.50
39.00 587.50
39.50 587.00
40.00 586.50
41.00 586.50
42.00 586.50
42.50 586.00
43.00 585.50
44.00 585.50
44.50 585.00
45.00 584.50
46.00 584.50
46.50 584.00
47.00 583.50
47.50 583.00
48.00 582.50
49.00 582.50
49.50 582.00
50.00 581.50
50.50 581.00
51.00 580.50
51.50 580.00
51.50 579.00
52.00 578.50
52.50 578.00
53.00 577.50
53.50 577.00
53.50 576.00
54.00 575.50
54.50 575.00
55.00 574.50
55.50 574.00
55.50 573.00
56.00 572.50
56.50 572.00
56.50 571.00
57.00 570.50
57.50 570.00
57.50 569.00
57.50 568.00
58.00 567.50
58.50 567.00
58.50 566.00
58.50 565.00
58.50 564.00
59.00 563.50
59.50 563.00
59.50 562.00
59.50 561.00
59.50 560.00
60.00 559.50
60.50 559.00

Contour 1:
72.75 302.00
72.75 301.00
72.75 300.00
72.75 299.00
72.75 298.00
72.75 297.00
72.75 296.00
72.75 295.00
72.75 294.00
72.00 293.25
71.75 293.00
71.75 292.00
71.75 291.00
71.75 290.00
71.75 289.00
71.75 288.00
71.75 287.00
71.00 286.25
70.75 286.00
70.75 285.00
70.75 284.00
70.75 283.00
70.75 282.00
70.75 281.00
70.00 280.25
69.75 280.00
69.75 279.00
69.00 278.25
68.75 278.00
68.75 277.00
68.75 276.00
68.00 275.25
67.75 275.00
67.75 274.00
67.00 273.25
66.75 273.00
66.75 272.00
66.75 271.00
66.00 270.25
65.75 270.00
65.75 269.00
65.00 268.25
64.75 268.00
64.00 267.25
63.75 267.00
63.75 266.00
63.00 265.25
62.75 265.00
62.00 264.25
61.75 264.00
61.00 263.25
60.75 263.00
60.00 262.25
59.75 262.00
59.00 261.25
58.75 261.00
58.00 260.25
57.00 260.25
56.75 260.00
56.00 259.25
55.00 259.25
54.75 259.00
54.00 258.25
53.00 258.25
52.00 258.25
51.75 258.00
51.00 257.25
50.00 257.25
49.00 257.25
48.00 257.25
47.75 257.00
47.00 256.25
46.00 256.25
45.00 256.25
44.00 256.25
43.00 256.25
42.00 256.25
41.00 256.25
40.00 256.25
39.25 257.00
39.00 257.25
38.00 257.25
37.00 257.25
36.00 257.25
35.25 258.00
35.00 258.25
34.00 258.25
33.00 258.25
32.00 258.25
31.00 258.25
30.00 258.25
29.25 259.00
29.00 259.25
28.00 259.25
27.00 259.25
26.00 259.25
25.25 260.00
25.00 260.25
24.00 260.25
23.25 261.00
23.00 261.25
22.25 262.00
22.00 262.25
21.00 262.25
20.25 263.00
20.00 263.25
19.25 264.00
19.00 264.25
18.00 264.25
17.25 265.00
17.00 265.25
16.25 266.00
16.00 266.25
15.25 267.00
15.00 267.25
14.25 268.00
14.25 269.00
14.00 269.25
13.25 270.00
13.00 270.25
12.25 271.00
12.00 271.25
11.25 272.00
11.25 273.00
11.00 273.25
10.25 274.00
10.00 274.25
9.25 275.00
9.25 276.00
9.25 277.00
9.00 277.25
8.25 278.00
8.25 279.00
8.00 279.25
7.25 280.00
7.25 281.00
7.25 282.00
7.25 283.00
7.25 284.00
7.25 285.00
7.00 285.25
6.25 286.00
6.25 287.00
6.25 288.00
6.25 289.00
6.25 290.00
6.25 291.00
6.25 292.00
6.25 293.00
6.25 294.00
6.25 295.00
6.25 296.00
7.00 296.75
7.25 297.00
7.25 298.00
7.25 299.00
7.25 300.00
7.25 301.00
8.00 301.75
8.25 302.00
8.25 303.00
8.25 304.00
8.25 305.00
8.25 306.00
9.00 306.75
9.25 307.00
9.25 308.00
9.25 309.00
10.00 309.75
10.25 310.00
10.25 311.00
11.00 311.75
11.25 312.00
11.25 313.00
12.00 313.75
12.25 314.00
13.00 314.75
13.25 315.00
13.25 316.00
14.00 316.75
14.25 317.00
15.00 317.75
15.25 318.00
16.00 318.75
16.25 319.00
17.00 319.75
17.25 320.00
18.00 320.75
18.25 321.00
19.00 321.75
19.25 322.00
20.00 322.75
20.25 323.00
21.00 323.75
22.00 323.75
22.25 324.00
23.00 324.75
23.25 325.00
24.00 325.75
25.00 325.75
25.25 326.00
26.00 326.75
27.00 326.75
27.25 327.00
28.00 327.75
29.00 327.75
30.00 327.75
30.25 328.00
31.00 328.75
32.00 328.75
33.00 328.75
34.00 328.75
35.00 328.75
35.25 329.00
36.00 329.75
37.00 329.75
38.00 329.75
39.00 329.75
40.00 329.75
41.00 329.75
42.00 329.75
43.00 329.75
44.00 329.75
45.00 329.75
46.00 329.75
47.00 329.75
48.00 329.75
49.00 329.75
49.75 329.00
50.00 328.75
51.00 328.75
52.00 328.75
53.00 328.75
53.75 328.00
54.00 327.75
55.00 327.75
55.75 327.00
56.00 326.75
57.00 326.75
57.75 326.00
58.00 325.75
58.75 325.00
59.00 324.75
59.75 324.00
60.00 323.75
60.75 323.00
61.00 322.75
61.75 322.00
62.00 321.75
62.75 321.00
63.00 320.75
63.75 320.00
64.00 319.75
64.75 319.00
64.75 318.00
65.00 317.75
65.75 317.00
66.00 316.75
66.75 316.00
67.00 315.75
67.75 315.00
68.00 314.75
68.75 314.00
69.00 313.75
69.75 313.00
69.75 312.00
70.00 311.75
70.75 311.00
70.75 310.00
70.75 309.00
71.00 308.75
71.75 308.00
71.75 307.00
71.75 306.00
71.75 305.00
71.75 304.00
71.75 303.00
72.00 302.75
72.75 302.00

Contour 2:
144.83 190.00
144.83 189.00
144.83 188.00
144.83 187.00
144.83 186.00
144.83 185.00
144.00 184.17
143.83 184.00
143.83 183.00
143.83 182.00
143.83 181.00
143.83 180.00
143.00 179.17
142.83 179.00
142.83 178.00
142.00 177.17
141.83 177.00
141.83 176.00
141.00 175.17
140.83 175.00
140.83 174.00
140.00 173.17
139.83 173.00
139.00 172.17
138.83 172.00
138.00 171.17
137.83 171.00
137.00 170.17
136.83 170.00
136.00 169.17
135.83 169.00
135.00 168.17
134.83 168.00
134.00 167.17
133.83 167.00
133.00 166.17
132.00 166.17
131.83 166.00
131.00 165.17
130.83 165.00
130.00 164.17
129.00 164.17
128.83 164.00
128.00 163.17
127.83 163.00
127.00 162.17
126.00 162.17
125.83 162.00
125.00 161.17
124.00 161.17
123.83 161.00
123.00 160.17
122.00 160.17
121.83 160.00
121.00 159.17
120.00 159.17
119.83 159.00
119.00 158.17
118.00 158.17
117.83 158.00
117.00 157.17
116.00 157.17
115.00 157.17
114.83 157.00
114.00 156.17
113.00 156.17
112.00 156.17
111.00 156.17
110.00 156.17
109.00 156.17
108.00 156.17
107.83 156.00
107.00 155.17
106.17 156.00
106.00 156.17
105.00 156.17
104.00 156.17
103.00 156.17
102.00 156.17
101.00 156.17
100.17 157.00
100.00 157.17
99.00 157.17
98.00 157.17
97.00 157.17
96.00 157.17
95.00 157.17
94.17 158.00
94.00 158.17
93.00 158.17
92.00 158.17
91.17 159.00
91.00 159.17
90.00 159.17
89.17 160.00
89.00 160.17
88.00 160.17
87.17 161.00
87.00 161.17
86.00 161.17
85.17 162.00
85.00 162.17
84.17 163.00
84.00 163.17
83.00 163.17
82.17 164.00
82.00 164.17
81.17 165.00
81.00 165.17
80.17 166.00
80.00 166.17
79.00 166.17
78.17 167.00
78.00 167.17
77.17 168.00
77.00 168.17
76.17 169.00
76.00 169.17
75.17 170.00
75.00 170.17
74.17 171.00
74.00 171.17
73.17 172.00
73.17 173.00
73.00 173.17
72.17 174.00
72.00 174.17
71.17 175.00
71.00 175.17
70.17 176.00
70.00 176.17
69.17 177.00
69.17 178.00
69.00 178.17
68.17 179.00
68.00 179.17
67.17 180.00
67.00 180.17
66.17 181.00
66.00 181.17
65.17 182.00
65.17 183.00
65.00 183.17
64.17 184.00
64.00 184.17
63.17 185.00
63.17 186.00
63.00 186.17
62.17 187.00
62.17 188.00
62.00 188.17
61.17 189.00
61.17 190.00
61.17 191.00
61.00 191.17
60.17 192.00
60.17 193.00
60.17 194.00
60.17 195.00
60.17 196.00
60.17 197.00
60.17 198.00
60.17 199.00
60.17 200.00
60.17 201.00
60.17 202.00
60.17 203.00
60.17 204.00
60.17 205.00
61.00 205.83
61.17 206.00
61.17 207.00
61.17 208.00
61.17 209.00
61.17 210.00
61.17 211.00
62.00 211.83
62.17 212.00
62.17 213.00
62.17 214.00
62.17 215.00
63.00 215.83
63.17 216.00
63.17 217.00
64.00 217.83
64.17 218.00
64.17 219.00
65.00 219.83
65.17 220.00
65.17 221.00
66.00 221.83
66.17 222.00
67.00 222.83
67.17 223.00
68.00 223.83
68.17 224.00
69.00 224.83
69.17 225.00
70.00 225.83
70.17 226.00
71.00 226.83
72.00 226.83
72.17 227.00
73.00 227.83
73.17 228.00
74.00 228.83
75.00 228.83
75.17 229.00
76.00 229.83
77.00 229.83
77.17 230.00
78.00 230.83
79.00 230.83
80.00 230.83
80.17 231.00
81.00 231.83
82.00 231.83
82.17 232.00
83.00 232.83
84.00 232.83
85.00 232.83
85.17 233.00
86.00 233.83
87.00 233.83
88.00 233.83
88.17 234.00
89.00 234.83
90.00 234.83
91.00 234.83
92.00 234.83
93.00 234.83
94.00 234.83
94.17 235.00
95.00 235.83
96.00 235.83
97.00 235.83
98.00 235.83
99.00 235.83
100.00 235.83
101.00 235.83
102.00 235.83
103.00 235.83
104.00 235.83
105.00 235.83
106.00 235.83
107.00 235.83
108.00 235.83
108.83 235.00
109.00 234.83
110.00 234.83
111.00 234.83
112.00 234.83
113.00 234.83
113.83 234.00
114.00 233.83
115.00 233.83
116.00 233.83
116.83 233.00
117.00 232.83
118.00 232.83
118.83 232.00
119.00 231.83
120.00 231.83
120.83 231.00
121.00 230.83
122.00 230.83
122.83 230.00
123.00 229.83
124.00 229.83
124.83 229.00
125.00 228.83
126.00 228.83
126.83 228.00
127.00 227.83
127.83 227.00
128.00 226.83
129.00 226.83
129.83 226.00
130.00 225.83
130.83 225.00
131.00 224.83
131.83 224.00
131.83 223.00
132.00 222.83
132.83 222.00
133.00 221.83
133.83 221.00
134.00 220.83
134.83 220.00
134.83 219.00
135.00 218.83
135.83 218.00
135.83 217.00
136.00 216.83
136.83 216.00
137.00 215.83
137.83 215.00
137.83 214.00
138.00 213.83
138.83 213.00
138.83 212.00
138.83 211.00
139.00 210.83
139.83 210.00
139.83 209.00
140.00 208.83
140.83 208.00
140.83 207.00
140.83 206.00
141.00 205.83
141.83 205.00
141.83 204.00
141.83 203.00
142.00 202.83
142.83 202.00
142.83 201.00
142.83 200.00
142.83 199.00
142.83 198.00
143.00 197.83
143.83 197.00
143.83 196.00
143.83 195.00
143.83 194.00
143.83 193.00
143.83 192.00
143.83 191.00
144.00 190.83
144.83 190.00

Contour 3:
108.88 3.00
108.88 2.00
108.00 1.12
107.00 1.12
106.00 1.12
105.00 1.12
104.00 1.12
103.00 1.12
102.12 2.00
102.00 2.12
101.88 2.00
101.00 1.12
100.00 1.12
99.00 1.12
98.88 1.00
98.00 0.12
97.00 0.12
96.00 0.12
95.00 0.12
94.00 0.12
93.00 0.12
92.00 0.12
91.00 0.12
90.00 0.12
89.00 0.12
88.12 1.00
88.00 1.12
87.00 1.12
86.00 1.12
85.00 1.12
84.00 1.12
83.00 1.12
82.00 1.12
81.00 1.12
80.00 1.12
79.00 1.12
78.12 2.00
78.00 2.12
77.00 2.12
76.00 2.12
75.00 2.12
74.00 2.12
73.12 3.00
73.12 4.00
74.00 4.88
74.12 5.00
75.00 5.88
75.12 6.00
76.00 6.88
76.12 7.00
77.00 7.88
78.00 7.88
78.12 8.00
79.00 8.88
80.00 8.88
81.00 8.88
82.00 8.88
83.00 8.88
84.00 8.88
85.00 8.88
86.00 8.88
86.12 9.00
87.00 9.88
88.00 9.88
89.00 9.88
90.00 9.88
91.00 9.88
92.00 9.88
93.00 9.88
94.00 9.88
95.00 9.88
96.00 9.88
97.00 9.88
97.88 9.00
98.00 8.88
99.00 8.88
100.00 8.88
101.00 8.88
102.00 8.88
102.88 8.00
103.00 7.88
104.00 7.88
104.88 7.00
105.00 6.88
105.88 6.00
106.00 5.88
107.00 5.88
107.88 5.00
107.88 4.00
108.00 3.88
108.88 3.00

Contour 4:
212.90 825.00
212.90 824.00
212.00 823.10
211.90 823.00
211.90 822.00
211.90 821.00
211.90 820.00
211.90 819.00
211.90 818.00
211.90 817.00
211.00 816.10
210.90 816.00
210.90 815.00
210.90 814.00
210.00 813.10
209.90 813.00
209.90 812.00
209.00 811.10
208.90 811.00
208.90 810.00
208.00 809.10
207.90 809.00
207.00 808.10
206.90 808.00
206.90 807.00
206.00 806.10
205.90 806.00
205.00 805.10
204.90 805.00
204.90 804.00
204.00 803.10
203.90 803.00
203.90 802.00
203.00 801.10
202.90 801.00
202.00 800.10
201.90 800.00
201.00 799.10
200.90 799.00
200.00 798.10
199.90 798.00
199.00 797.10
198.90 797.00
198.00 796.10
197.00 796.10
196.90 796.00
196.00 795.10
195.90 795.00
195.00 794.10
194.00 794.10
193.90 794.00
193.00 793.10
192.00 793.10
191.90 793.00
191.00 792.10
190.90 792.00
190.00 791.10
189.00 791.10
188.90 791.00
188.00 790.10
187.00 790.10
186.90 790.00
186.00 789.10
185.00 789.10
184.90 789.00
184.00 788.10
183.00 788.10
182.00 788.10
181.00 788.10
180.00 788.10
179.90 788.00
179.00 787.10
178.00 787.10
177.00 787.10
176.00 787.10
175.00 787.10
174.00 787.10
173.00 787.10
172.00 787.10
171.00 787.10
170.00 787.10
169.00 787.10
168.10 788.00
168.00 788.10
167.00 788.10
166.00 788.10
165.00 788.10
164.10 789.00
164.00 789.10
163.00 789.10
162.10 790.00
162.00 790.10
161.00 790.10
160.10 791.00
160.00 791.10
159.10 792.00
159.00 792.10
158.00 792.10
157.10 793.00
157.00 793.10
156.10 794.00
156.00 794.10
155.10 795.00
155.00 795.10
154.00 795.10
153.10 796.00
153.10 797.00
153.00 797.10
152.10 798.00
152.00 798.10
151.10 799.00
151.10 800.00
151.00 800.10
150.10 801.00
150.10 802.00
150.00 802.10
149.10 803.00
149.10 804.00
149.10 805.00
149.00 805.10
148.10 806.00
148.10 807.00
148.10 808.00
148.10 809.00
148.00 809.10
147.10 810.00
147.10 811.00
147.10 812.00
147.10 813.00
147.10 814.00
147.10 815.00
147.10 816.00
147.10 817.00
147.10 818.00
148.00 818.90
148.10 819.00
148.10 820.00
148.10 821.00
148.10 822.00
149.00 822.90
149.10 823.00
149.10 824.00
149.10 825.00
150.00 825.90
150.10 826.00
150.10 827.00
150.10 828.00
150.10 829.00
151.00 829.90
151.10 830.00
151.10 831.00
151.10 832.00
151.10 833.00
152.00 833.90
152.10 834.00
152.10 835.00
153.00 835.90
153.10 836.00
154.00 836.90
154.10 837.00
154.10 838.00
155.00 838.90
155.10 839.00
156.00 839.90
156.10 840.00
157.00 840.90
157.10 841.00
158.00 841.90
158.10 842.00
158.10 843.00
159.00 843.90
159.10 844.00
160.00 844.90
160.10 845.00
161.00 845.90
161.10 846.00
162.00 846.90
162.10 847.00
163.00 847.90
164.00 847.90
164.10 848.00
165.00 848.90
165.10 849.00
166.00 849.90
167.00 849.90
167.10 850.00
168.00 850.90
169.00 850.90
169.10 851.00
170.00 851.90
171.00 851.90
171.10 852.00
172.00 852.90
173.00 852.90
173.10 853.00
174.00 853.90
175.00 853.90
175.10 854.00
176.00 854.90
177.00 854.90
178.00 854.90
179.00 854.90
179.10 855.00
180.00 855.90
181.00 855.90
182.00 855.90
183.00 855.90
184.00 855.90
185.00 855.90
186.00 855.90
187.00 855.90
188.00 855.90
189.00 855.90
189.90 855.00
190.00 854.90
191.00 854.90
192.00 854.90
192.90 854.00
193.00 853.90
194.00 853.90
194.90 853.00
195.00 852.90
196.00 852.90
196.90 852.00
197.00 851.90
197.90 851.00
198.00 850.90
199.00 850.90
199.90 850.00
200.00 849.90
200.90 849.00
201.00 848.90
201.90 848.00
202.00 847.90
202.90 847.00
203.00 846.90
203.90 846.00
204.00 845.90
204.90 845.00
205.00 844.90
205.90 844.00
206.00 843.90
206.90 843.00
207.00 842.90
207.90 842.00
207.90 841.00
208.00 840.90
208.90 840.00
208.90 839.00
209.00 838.90
209.90 838.00
209.90 837.00
210.00 836.90
210.90 836.00
210.90 835.00
210.90 834.00
211.00 833.90
211.90 833.00
211.90 832.00
211.90 831.00
211.90 830.00
211.90 829.00
211.90 828.00
211.90 827.00
211.90 826.00
212.00 825.90
212.90 825.00

Contour 5:
288.92 388.00
288.92 387.00
288.92 386.00
288.00 385.08
287.92 385.00
287.92 384.00
287.92 383.00
287.92 382.00
287.92 381.00
287.92 380.00
287.00 379.08
286.92 379.00
286.92 378.00
286.92 377.00
286.92 376.00
286.92 375.00
286.00 374.08
285.92 374.00
285.92 373.00
285.00 372.08
284.92 372.00
284.92 371.00
284.00 370.08
283.92 370.00
283.92 369.00
283.00 368.08
282.92 368.00
282.00 367.08
281.92 367.00
281.00 366.08
280.92 366.00
280.00 365.08
279.92 365.00
279.00 364.08
278.92 364.00
278.92 363.00
278.00 362.08
277.00 362.08
276.92 362.00
276.00 361.08
275.92 361.00
275.00 360.08
274.92 360.00
274.00 359.08
273.00 359.08
272.92 359.00
272.00 358.08
271.92 358.00
271.00 357.08
270.00 357.08
269.92 357.00
269.00 356.08
268.00 356.08
267.00 356.08
266.00 356.08
265.92 356.00
265.00 355.08
264.00 355.08
263.00 355.08
262.00 355.08
261.00 355.08
260.92 355.00
260.00 354.08
259.00 354.08
258.00 354.08
257.00 354.08
256.00 354.08
255.08 355.00
255.00 355.08
254.00 355.08
253.00 355.08
252.00 355.08
251.08 356.00
251.00 356.08
250.00 356.08
249.00 356.08
248.08 357.00
248.00 357.08
247.00 357.08
246.00 357.08
245.08 358.00
245.00 358.08
244.00 358.08
243.08 359.00
243.00 359.08
242.00 359.08
241.00 359.08
240.08 360.00
240.00 360.08
239.00 360.08
238.08 361.00
238.00 361.08
237.00 361.08
236.08 362.00
236.00 362.08
235.00 362.08
234.08 363.00
234.00 363.08
233.00 363.08
232.08 364.00
232.00 364.08
231.08 365.00
231.00 365.08
230.08 366.00
230.00 366.08
229.08 367.00
229.00 367.08
228.08 368.00
228.00 368.08
227.08 369.00
227.00 369.08
226.08 370.00
226.00 370.08
225.08 371.00
225.08 372.00
225.00 372.08
224.08 373.00
224.08 374.00
224.00 374.08
223.08 375.00
223.08 376.00
223.00 376.08
222.08 377.00
222.08 378.00
222.00 378.08
221.08 379.00
221.08 380.00
221.08 381.00
221.00 381.08
220.08 382.00
220.08 383.00
220.08 384.00
220.08 385.00
220.08 386.00
220.08 387.00
220.08 388.00
220.08 389.00
220.08 390.00
220.08 391.00
220.08 392.00
220.08 393.00
220.08 394.00
221.00 394.92
221.08 395.00
221.08 396.00
221.08 397.00
221.08 398.00
221.08 399.00
222.00 399.92
222.08 400.00
222.08 401.00
222.08 402.00
223.00 402.92
223.08 403.00
223.08 404.00
224.00 404.92
224.08 405.00
224.08 406.00
225.00 406.92
225.08 407.00
225.08 408.00
226.00 408.92
226.08 409.00
227.00 409.92
227.08 410.00
227.08 411.00
228.00 411.92
228.08 412.00
229.00 412.92
229.08 413.00
230.00 413.92
230.08 414.00
231.00 414.92
231.08 415.00
232.00 415.92
232.08 416.00
233.00 416.92
233.08 417.00
234.00 417.92
234.08 418.00
235.00 418.92
235.08 419.00
236.00 419.92
236.08 420.00
237.00 420.92
237.08 421.00
238.00 421.92
239.00 421.92
239.08 422.00
240.00 422.92
240.08 423.00
241.00 423.92
242.00 423.92
242.08 424.00
243.00 424.92
244.00 424.92
245.00 424.92
245.08 425.00
246.00 425.92
247.00 425.92
248.00 425.92
249.00 425.92
249.08 426.00
250.00 426.92
251.00 426.92
252.00 426.92
252.08 427.00
253.00 427.92
254.00 427.92
255.00 427.92
256.00 427.92
257.00 427.92
258.00 427.92
259.00 427.92
259.92 427.00
260.00 426.92
261.00 426.92
262.00 426.92
262.92 426.00
263.00 425.92
264.00 425.92
265.00 425.92
265.92 425.00
266.00 424.92
266.92 424.00
267.00 423.92
268.00 423.92
268.92 423.00
269.00 422.92
269.92 422.00
270.00 421.92
270.92 421.00
271.00 420.92
271.92 420.00
272.00 419.92
272.92 419.00
273.00 418.92
273.92 418.00
273.92 417.00
274.00 416.92
274.92 416.00
275.00 415.92
275.92 415.00
276.00 414.92
276.92 414.00
277.00 413.92
277.92 413.00
277.92 412.00
278.00 411.92
278.92 411.00
279.00 410.92
279.92 410.00
280.00 409.92
280.92 409.00
280.92 408.00
281.00 407.92
281.92 407.00
282.00 406.92
282.92 406.00
282.92 405.00
283.00 404.92
283.92 404.00
283.92 403.00
284.00 402.92
284.92 402.00
284.92 401.00
285.00 400.92
285.92 400.00
285.92 399.00
285.92 398.00
286.00 397.92
286.92 397.00
286.92 396.00
286.92 395.00
286.92 394.00
287.00 393.92
287.92 393.00
287.92 392.00
287.92 391.00
287.92 390.00
287.92 389.00
288.00 388.92
288.92 388.00

Contour 6:
344.93 525.00
344.93 524.00
344.93 523.00
344.93 522.00
344.93 521.00
344.93 520.00
344.93 519.00
344.93 518.00
344.93 517.00
344.93 516.00
344.93 515.00
344.93 514.00
344.00 513.07
343.93 513.00
343.93 512.00
343.93 511.00
343.00 510.07
342.93 510.00
342.93 509.00
342.00 508.07
341.93 508.00
341.00 507.07
340.93 507.00
340.93 506.00
340.00 505.07
339.93 505.00
339.00 504.07
338.93 504.00
338.93 503.00
338.00 502.07
337.93 502.00
337.00 501.07
336.93 501.00
336.00 500.07
335.93 500.00
335.00 499.07
334.93 499.00
334.00 498.07
333.93 498.00
333.00 497.07
332.00 497.07
331.93 497.00
331.00 496.07
330.00 496.07
329.93 496.00
329.00 495.07
328.00 495.07
327.00 495.07
326.00 495.07
325.93 495.00
325.00 494.07
324.00 494.07
323.00 494.07
322.00 494.07
321.00 494.07
320.00 494.07
319.00 494.07
318.00 494.07
317.00 494.07
316.00 494.07
315.07 495.00
315.00 495.07
314.00 495.07
313.00 495.07
312.00 495.07
311.00 495.07
310.07 496.00
310.00 496.07
309.00 496.07
308.00 496.07
307.00 496.07
306.07 497.00
306.00 497.07
305.00 497.07
304.07 498.00
304.00 498.07
303.00 498.07
302.00 498.07
301.07 499.00
301.00 499.07
300.00 499.07
299.07 500.00
299.00 500.07
298.00 500.07
297.07 501.00
297.00 501.07
296.00 501.07
295.00 501.07
294.07 502.00
294.00 502.07
293.00 502.07
292.07 503.00
292.00 503.07
291.00 503.07
290.07 504.00
290.00 504.07
289.00 504.07
288.07 505.00
288.00 505.07
287.00 505.07
286.07 506.00
286.00 506.07
285.07 507.00
285.00 507.07
284.07 508.00
284.00 508.07
283.07 509.00
283.00 509.07
282.07 510.00
282.07 511.00
282.00 511.07
281.07 512.00
281.07 513.00
281.00 513.07
280.07 514.00
280.07 515.00
280.00 515.07
279.07 516.00
279.07 517.00
279.07 518.00
279.07 519.00
279.07 520.00
279.07 521.00
279.07 522.00
279.07 523.00
279.07 524.00
279.07 525.00
279.07 526.00
279.07 527.00
280.00 527.93
280.07 528.00
280.07 529.00
280.07 530.00
281.00 530.93
281.07 531.00
281.07 532.00
282.00 532.93
282.07 533.00
282.07 534.00
283.00 534.93
283.07 535.00
284.00 535.93
284.07 536.00
284.07 537.00
285.00 537.93
285.07 538.00
286.00 538.93
286.07 539.00
287.00 539.93
287.07 540.00
288.00 540.93
288.07 541.00
289.00 541.93
289.07 542.00
290.00 542.93
291.00 542.93
291.07 543.00
292.00 543.93
292.07 544.00
293.00 544.93
294.00 544.93
294.07 545.00
295.00 545.93
296.00 545.93
296.07 546.00
297.00 546.93
298.00 546.93
298.07 547.00
299.00 547.93
300.00 547.93
301.00 547.93
301.07 548.00
302.00 548.93
303.00 548.93
304.00 548.93
305.00 548.93
305.07 549.00
306.00 549.93
307.00 549.93
308.00 549.93
309.00 549.93
310.00 549.93
311.00 549.93
312.00 549.93
313.00 549.93
314.00 549.93
315.00 549.93
316.00 549.93
317.00 549.93
317.93 549.00
318.00 548.93
319.00 548.93
320.00 548.93
321.00 548.93
322.00 548.93
322.93 548.00
323.00 547.93
324.00 547.93
325.00 547.93
326.00 547.93
326.93 547.00
327.00 546.93
328.00 546.93
328.93 546.00
329.00 545.93
330.00 545.93
330.93 545.00
331.00 544.93
332.00 544.93
332.93 544.00
333.00 543.93
333.93 543.00
334.00 542.93
334.93 542.00
335.00 541.93
336.00 541.93
336.93 541.00
337.00 540.93
337.93 540.00
338.00 539.93
338.93 539.00
339.00 538.93
339.93 538.00
339.93 537.00
340.00 536.93
340.93 536.00
341.00 535.93
341.93 535.00
341.93 534.00
342.00 533.93
342.93 533.00
342.93 532.00
343.00 531.93
343.93 531.00
343.93 530.00
343.93 529.00
343.93 528.00
343.93 527.00
343.93 526.00
344.00 525.93
344.93 525.00

Contour 7:
327.06 0.00
327.00 0.06
326.06 1.00
326.00 1.06
325.00 1.06
324.00 1.06
323.00 1.06
322.00 1.06
321.00 1.06
320.00 1.06
319.00 1.06
318.00 1.06
317.00 1.06
316.00 1.06
315.00 1.06
314.00 1.06
313.00 1.06
312.00 1.06
311.00 1.06
310.00 1.06
309.00 1.06
308.00 1.06
307.00 1.06
306.06 2.00
306.00 2.06
305.00 2.06
304.00 2.06
303.06 3.00
303.00 3.06
302.00 3.06
301.00 3.06
300.06 4.00
300.00 4.06
299.00 4.06
298.00 4.06
297.00 4.06
296.06 5.00
296.00 5.06
295.00 5.06
294.06 6.00
294.00 6.06
293.06 7.00
293.00 7.06
292.06 8.00
292.00 8.06
291.06 9.00
291.00 9.06
290.06 10.00
290.06 11.00
290.00 11.06
289.06 12.00
289.00 12.06
288.06 13.00
288.06 14.00
288.00 14.06
287.06 15.00
287.06 16.00
287.06 17.00
287.00 17.06
286.06 18.00
286.06 19.00
286.00 19.06
285.06 20.00
285.06 21.00
285.06 22.00
285.06 23.00
285.06 24.00
285.06 25.00
286.00 25.94
286.06 26.00
286.06 27.00
286.06 28.00
286.06 29.00
286.06 30.00
287.00 30.94
287.06 31.00
287.06 32.00
287.06 33.00
288.00 33.94
288.06 34.00
288.06 35.00
289.00 35.94
289.06 36.00
290.00 36.94
290.06 37.00
291.00 37.94
291.06 38.00
292.00 38.94
292.06 39.00
293.00 39.94
293.06 40.00
294.00 40.94
295.00 40.94
295.06 41.00
296.00 41.94
297.00 41.94
298.00 41.94
298.06 42.00
299.00 42.94
300.00 42.94
301.00 42.94
302.00 42.94
302.06 43.00
303.00 43.94
304.00 43.94
305.00 43.94
306.00 43.94
307.00 43.94
307.06 44.00
308.00 44.94
309.00 44.94
310.00 44.94
311.00 44.94
312.00 44.94
313.00 44.94
314.00 44.94
315.00 44.94
316.00 44.94
317.00 44.94
318.00 44.94
319.00 44.94
320.00 44.94
321.00 44.94
322.00 44.94
323.00 44.94
323.94 44.00
324.00 43.94
325.00 43.94
325.94 43.00
326.00 42.94
327.00 42.94
328.00 42.94
329.00 42.94
329.94 42.00
330.00 41.94
331.00 41.94
332.00 41.94
332.94 41.00
333.00 40.94
334.00 40.94
334.94 40.00
335.00 39.94
336.00 39.94
337.00 39.94
337.94 39.00
338.00 38.94
339.00 38.94
340.00 38.94
340.94 38.00
341.00 37.94
342.00 37.94
342.94 37.00
343.00 36.94
344.00 36.94
344.94 36.00
345.00 35.94
345.94 35.00
346.00 34.94
346.94 34.00
347.00 33.94
347.94 33.00
348.00 32.94
348.94 32.00
349.00 31.94
349.94 31.00
350.00 30.94
350.94 30.00
351.00 29.94
351.94 29.00
352.00 28.94
352.94 28.00
353.00 27.94
353.94 27.00
353.94 26.00
354.00 25.94
354.94 25.00
355.00 24.94
355.94 24.00
355.94 23.00
356.00 22.94
356.94 22.00
356.94 21.00
357.00 20.94
357.94 20.00
357.94 19.00
357.94 18.00
357.94 17.00
357.94 16.00
357.94 15.00
357.94 14.00
357.94 13.00
357.94 12.00
357.94 11.00
357.94 10.00
357.00 9.06
356.94 9.00
356.94 8.00
356.00 7.06
355.94 7.00
355.94 6.00
355.00 5.06
354.94 5.00
354.00 4.06
353.94 4.00
353.00 3.06
352.94 3.00
352.00 2.06
351.94 2.00
351.00 1.06
350.94 1.00
350.00 0.06
349.00 0.06
348.94 0.00

Contour 8:
340.06 0.00
340.00 0.06
339.00 0.06
338.00 0.06
337.94 0.00

Contour 9:
421.94 370.00
421.00 369.06
420.94 369.00
420.94 368.00
420.94 367.00
420.94 366.00
420.94 365.00
420.94 364.00
420.00 363.06
419.94 363.00
419.94 362.00
419.94 361.00
419.00 360.06
418.94 360.00
418.94 359.00
418.94 358.00
418.00 357.06
417.94 357.00
417.94 356.00
417.00 355.06
416.94 355.00
416.00 354.06
415.94 354.00
415.94 353.00
415.00 352.06
414.94 352.00
414.00 351.06
413.94 351.00
413.00 350.06
412.94 350.00
412.00 349.06
411.94 349.00
411.00 348.06
410.94 348.00
410.00 347.06
409.94 347.00
409.00 346.06
408.00 346.06
407.94 346.00
407.00 345.06
406.94 345.00
406.00 344.06
405.00 344.06
404.94 344.00
404.00 343.06
403.94 343.00
403.00 342.06
402.00 342.06
401.94 342.00
401.00 341.06
400.00 341.06
399.00 341.06
398.00 341.06
397.94 341.00
397.00 340.06
396.00 340.06
395.00 340.06
394.00 340.06
393.94 340.00
393.00 339.06
392.00 339.06
391.00 339.06
390.00 339.06
389.00 339.06
388.00 339.06
387.00 339.06
386.00 339.06
385.00 339.06
384.00 339.06
383.00 339.06
382.00 339.06
381.06 340.00
381.00 340.06
380.00 340.06
379.00 340.06
378.00 340.06
377.06 341.00
377.00 341.06
376.00 341.06
375.00 341.06
374.06 342.00
374.00 342.06
373.00 342.06
372.06 343.00
372.00 343.06
371.00 343.06
370.06 344.00
370.00 344.06
369.06 345.00
369.00 345.06
368.00 345.06
367.06 346.00
367.00 346.06
366.06 347.00
366.00 347.06
365.06 348.00
365.00 348.06
364.06 349.00
364.00 349.06
363.06 350.00
363.00 350.06
362.06 351.00
362.00 351.06
361.06 352.00
361.06 353.00
361.00 353.06
360.06 354.00
360.00 354.06
359.06 355.00
359.06 356.00
359.06 357.00
359.00 357.06
358.06 358.00
358.06 359.00
358.00 359.06
357.06 360.00
357.06 361.00
357.06 362.00
357.00 362.06
356.06 363.00
356.06 364.00
356.06 365.00
356.06 366.00
356.06 367.00
356.06 368.00
356.06 369.00
356.06 370.00
356.06 371.00
356.06 372.00
356.06 373.00
356.06 374.00
357.00 374.94
357.06 375.00
357.06 376.00
357.06 377.00
358.00 377.94
358.06 378.00
358.06 379.00
359.00 379.94
359.06 380.00
359.06 381.00
360.00 381.94
360.06 382.00
361.00 382.94
361.06 383.00
362.00 383.94
362.06 384.00
363.00 384.94
363.06 385.00
364.00 385.94
364.06 386.00
365.00 386.94
365.06 387.00
366.00 387.94
366.06 388.00
367.00 388.94
367.06 389.00
368.00 389.94
368.06 390.00
369.00 390.94
370.00 390.94
370.06 391.00
371.00 391.94
371.06 392.00
372.00 392.94
372.06 393.00
373.00 393.94
374.00 393.94
374.06 394.00
375.00 394.94
376.00 394.94
376.06 395.00
377.00 395.94
378.00 395.94
378.06 396.00
379.00 396.94
380.00 396.94
381.00 396.94
382.00 396.94
382.06 397.00
383.00 397.94
384.00 397.94
385.00 397.94
385.06 398.00
386.00 398.94
387.00 398.94
388.00 398.94
388.06 399.00
389.00 399.94
390.00 399.94
391.00 399.94
391.06 400.00
392.00 400.94
393.00 400.94
394.00 400.94
394.06 401.00
395.00 401.94
396.00 401.94
397.00 401.94
398.00 401.94
399.00 401.94
399.94 401.00
400.00 400.94
401.00 400.94
402.00 400.94
402.94 400.00
403.00 399.94
404.00 399.94
404.94 399.00
405.00 398.94
406.00 398.94
406.94 398.00
407.00 397.94
408.00 397.94
408.94 397.00
409.00 396.94
410.00 396.94
410.94 396.00
411.00 395.94
412.00 395.94
412.94 395.00
413.00 394.94
413.94 394.00
414.00 393.94
414.94 393.00
415.00 392.94
415.94 392.00
416.00 391.94
416.94 391.00
417.00 390.94
417.94 390.00
417.94 389.00
418.00 388.94
418.94 388.00
418.94 387.00
418.94 386.00
419.00 385.94
419.94 385.00
419.94 384.00
419.94 383.00
419.94 382.00
419.94 381.00
420.00 380.94
420.94 380.00
420.94 379.00
420.94 378.00
420.94 377.00
420.94 376.00
420.94 375.00
420.94 374.00
420.94 373.00
420.94 372.00
420.94 371.00
421.00 370.94
421.94 370.00

Contour 10:
448.95 479.00
448.95 478.00
448.95 477.00
448.95 476.00
448.95 475.00
448.95 474.00
448.95 473.00
448.95 472.00
448.95 471.00
448.95 470.00
448.00 469.05
447.95 469.00
447.95 468.00
447.95 467.00
447.95 466.00
447.95 465.00
447.00 464.05
446.95 464.00
446.95 463.00
446.00 462.05
445.95 462.00
445.95 461.00
445.00 460.05
444.95 460.00
444.00 459.05
443.95 459.00
443.00 458.05
442.95 458.00
442.00 457.05
441.95 457.00
441.00 456.05
440.00 456.05
439.95 456.00
439.00 455.05
438.95 455.00
438.00 454.05
437.00 454.05
436.95 454.00
436.00 453.05
435.00 453.05
434.95 453.00
434.00 452.05
433.00 452.05
432.95 452.00
432.00 451.05
431.00 451.05
430.00 451.05
429.95 451.00
429.00 450.05
428.00 450.05
427.00 450.05
426.00 450.05
425.00 450.05
424.00 450.05
423.00 450.05
422.00 450.05
421.00 450.05
420.00 450.05
419.00 450.05
418.00 450.05
417.00 450.05
416.00 450.05
415.00 450.05
414.00 450.05
413.00 450.05
412.00 450.05
411.05 451.00
411.00 451.05
410.00 451.05
409.00 451.05
408.00 451.05
407.00 451.05
406.05 452.00
406.00 452.05
405.00 452.05
404.00 452.05
403.00 452.05
402.00 452.05
401.00 452.05
400.05 453.00
400.00 453.05
399.00 453.05
398.00 453.05
397.05 454.00
397.00 454.05
396.00 454.05
395.00 454.05
394.05 455.00
394.00 455.05
393.00 455.05
392.05 456.00
392.00 456.05
391.00 456.05
390.05 457.00
390.00 457.05
389.00 457.05
388.05 458.00
388.00 458.05
387.05 459.00
387.00 459.05
386.00 459.05
385.05 460.00
385.00 460.05
384.05 461.00
384.00 461.05
383.05 462.00
383.00 462.05
382.05 463.00
382.05 464.00
382.00 464.05
381.05 465.00
381.00 465.05
380.05 466.00
380.05 467.00
380.00 467.05
379.05 468.00
379.05 469.00
379.05 470.00
379.00 470.05
378.05 471.00
378.05 472.00
378.05 473.00
378.05 474.00
378.05 475.00
378.00 475.05
377.05 476.00
377.05 477.00
377.05 478.00
377.05 479.00
377.05 480.00
377.05 481.00
377.05 482.00
377.05 483.00
377.05 484.00
378.00 484.95
378.05 485.00
378.05 486.00
378.05 487.00
378.05 488.00
379.00 488.95
379.05 489.00
379.05 490.00
380.00 490.95
380.05 491.00
380.05 492.00
381.00 492.95
381.05 493.00
381.05 494.00
382.00 494.95
382.05 495.00
383.00 495.95
383.05 496.00
384.00 496.95
384.05 497.00
385.00 497.95
385.05 498.00
386.00 498.95
386.05 499.00
387.00 499.95
387.05 500.00
388.00 500.95
388.05 501.00
389.00 501.95
389.05 502.00
390.00 502.95
390.05 503.00
391.00 503.95
391.05 504.00
392.00 504.95
393.00 504.95
394.00 504.95
394.05 505.00
395.00 505.95
396.00 505.95
397.00 505.95
398.00 505.95
399.00 505.95
400.00 505.95
401.00 505.95
401.95 505.00
402.00 504.95
403.00 504.95
404.00 504.95
405.00 504.95
406.00 504.95
407.00 504.95
408.00 504.95
409.00 504.95
410.00 504.95
411.00 504.95
412.00 504.95
413.00 504.95
414.00 504.95
415.00 504.95
416.00 504.95
417.00 504.95
418.00 504.95
419.00 504.95
420.00 504.95
421.00 504.95
421.95 504.00
422.00 503.95
423.00 503.95
424.00 503.95
425.00 503.95
425.95 503.00
426.00 502.95
427.00 502.95
427.95 502.00
428.00 501.95
429.00 501.95
430.00 501.95
430.95 501.00
431.00 500.95
431.95 500.00
432.00 499.95
433.00 499.95
433.95 499.00
434.00 498.95
435.00 498.95
435.95 498.00
436.00 497.95
437.00 497.95
437.95 497.00
438.00 496.95
438.95 496.00
439.00 495.95
440.00 495.95
440.95 495.00
441.00 494.95
441.95 494.00
442.00 493.95
442.95 493.00
443.00 492.95
443.95 492.00
444.00 491.95
444.95 491.00
444.95 490.00
445.00 489.95
445.95 489.00
445.95 488.00
446.00 487.95
446.95 487.00
446.95 486.00
447.00 485.95
447.95 485.00
447.95 484.00
447.95 483.00
447.95 482.00
447.95 481.00
447.95 480.00
448.00 479.95
448.95 479.00

Contour 11:
475.95 230.00
475.95 229.00
475.95 228.00
475.95 227.00
475.95 226.00
475.95 225.00
475.95 224.00
475.00 223.05
474.95 223.00
474.95 222.00
474.95 221.00
474.95 220.00
474.95 219.00
474.00 218.05
473.95 218.00
473.95 217.00
473.95 216.00
473.00 215.05
472.95 215.00
472.95 214.00
472.00 213.05
471.95 213.00
471.95 212.00
471.00 211.05
470.95 211.00
470.00 210.05
469.95 210.00
469.00 209.05
468.95 209.00
468.00 208.05
467.95 208.00
467.00 207.05
466.95 207.00
466.00 206.05
465.95 206.00
465.00 205.05
464.00 205.05
463.95 205.00
463.00 204.05
462.95 204.00
462.00 203.05
461.00 203.05
460.95 203.00
460.00 202.05
459.00 202.05
458.95 202.00
458.00 201.05
457.00 201.05
456.95 201.00
456.00 200.05
455.00 200.05
454.00 200.05
453.00 200.05
452.95 200.00
452.00 199.05
451.00 199.05
450.00 199.05
449.00 199.05
448.00 199.05
447.95 199.00
447.00 198.05
446.00 198.05
445.00 198.05
444.00 198.05
443.00 198.05
442.00 198.05
441.00 198.05
440.00 198.05
439.00 198.05
438.00 198.05
437.00 198.05
436.00 198.05
435.00 198.05
434.00 198.05
433.00 198.05
432.00 198.05
431.00 198.05
430.05 199.00
430.00 199.05
429.00 199.05
428.00 199.05
427.05 200.00
427.00 200.05
426.00 200.05
425.00 200.05
424.05 201.00
424.00 201.05
423.00 201.05
422.00 201.05
421.05 202.00
421.00 202.05
420.00 202.05
419.05 203.00
419.00 203.05
418.00 203.05
417.00 203.05
416.05 204.00
416.00 204.05
415.05 205.00
415.00 205.05
414.00 205.05
413.05 206.00
413.00 206.05
412.00 206.05
411.05 207.00
411.00 207.05
410.05 208.00
410.00 208.05
409.00 208.05
408.05 209.00
408.00 209.05
407.05 210.00
407.00 210.05
406.05 211.00
406.00 211.05
405.00 211.05
404.05 212.00
404.00 212.05
403.05 213.00
403.00 213.05
402.05 214.00
402.00 214.05
401.05 215.00
401.00 215.05
400.05 216.00
400.00 216.05
399.05 217.00
399.00 217.05
398.05 218.00
398.00 218.05
397.05 219.00
397.00 219.05
396.05 220.00
396.00 220.05
395.05 221.00
395.00 221.05
394.05 222.00
394.00 222.05
393.05 223.00
393.00 223.05
392.05 224.00
392.05 225.00
392.00 225.05
391.05 226.00
391.05 227.00
391.00 227.05
390.05 228.00
390.00 228.05
389.05 229.00
389.05 230.00
389.00 230.05
388.05 231.00
388.05 232.00
388.00 232.05
387.05 233.00
387.05 234.00
387.00 234.05
386.05 235.00
386.05 236.00
386.00 236.05
385.05 237.00
385.05 238.00
385.05 239.00
385.05 240.00
385.00 240.05
384.05 241.00
384.05 242.00
384.05 243.00
384.05 244.00
384.05 245.00
384.05 246.00
384.05 247.00
384.05 248.00
384.05 249.00
384.05 250.00
385.00 250.95
385.05 251.00
385.05 252.00
385.05 253.00
385.05 254.00
385.05 255.00
386.00 255.95
386.05 256.00
386.05 257.00
387.00 257.95
387.05 258.00
387.05 259.00
388.00 259.95
388.05 260.00
388.05 261.00
389.00 261.95
389.05 262.00
390.00 262.95
390.05 263.00
391.00 263.95
391.05 264.00
391.05 265.00
392.00 265.95
392.05 266.00
393.00 266.95
394.00 266.95
394.05 267.00
395.00 267.95
395.05 268.00
396.00 268.95
396.05 269.00
397.00 269.95
398.00 269.95
398.05 270.00
399.00 270.95
399.05 271.00
400.00 271.95
401.00 271.95
401.05 272.00
402.00 272.95
403.00 272.95
404.00 272.95
404.05 273.00
405.00 273.95
406.00 273.95
407.00 273.95
407.05 274.00
408.00 274.95
409.00 274.95
410.00 274.95
411.00 274.95
412.00 274.95
413.00 274.95
414.00 274.95
414.05 275.00
415.00 275.95
416.00 275.95
417.00 275.95
418.00 275.95
419.00 275.95
420.00 275.95
421.00 275.95
422.00 275.95
422.95 275.00
423.00 274.95
424.00 274.95
425.00 274.95
426.00 274.95
427.00 274.95
428.00 274.95
429.00 274.95
430.00 274.95
430.95 274.00
431.00 273.95
432.00 273.95
433.00 273.95
434.00 273.95
435.00 273.95
435.95 273.00
436.00 272.95
437.00 272.95
438.00 272.95
438.95 272.00
439.00 271.95
440.00 271.95
441.00 271.95
441.95 271.00
442.00 270.95
443.00 270.95
443.95 270.00
444.00 269.95
445.00 269.95
445.95 269.00
446.00 268.95
447.00 268.95
447.95 268.00
448.00 267.95
449.00 267.95
449.95 267.00
450.00 266.95
450.95 266.00
451.00 265.95
451.95 265.00
452.00 264.95
453.00 264.95
453.95 264.00
454.00 263.95
454.95 263.00
455.00 262.95
455.95 262.00
456.00 261.95
457.00 261.95
457.95 261.00
458.00 260.95
458.95 260.00
459.00 259.95
459.95 259.00
460.00 258.95
460.95 258.00
461.00 257.95
461.95 257.00
462.00 256.95
462.95 256.00
463.00 255.95
463.95 255.00
464.00 254.95
464.95 254.00
464.95 253.00
465.00 252.95
465.95 252.00
466.00 251.95
466.95 251.00
467.00 250.95
467.95 250.00
468.00 249.95
468.95 249.00
469.00 248.95
469.95 248.00
470.00 247.95
470.95 247.00
470.95 246.00
471.00 245.95
471.95 245.00
471.95 244.00
472.00 243.95
472.95 243.00
472.95 242.00
473.00 241.95
473.95 241.00
473.95 240.00
473.95 239.00
473.95 238.00
474.00 237.95
474.95 237.00
474.95 236.00
474.95 235.00
474.95 234.00
474.95 233.00
474.95 232.00
474.95 231.00
475.00 230.95
475.95 230.00

Contour 12:
518.96 716.00
518.96 715.00
518.96 714.00
518.00 713.04
517.96 713.00
517.96 712.00
517.96 711.00
517.96 710.00
517.96 709.00
517.96 708.00
517.96 707.00
517.00 706.04
516.96 706.00
516.96 705.00
516.96 704.00
516.00 703.04
515.96 703.00
515.96 702.00
515.96 701.00
515.00 700.04
514.96 700.00
514.96 699.00
514.96 698.00
514.00 697.04
513.96 697.00
513.96 696.00
513.00 695.04
512.96 695.00
512.96 694.00
512.00 693.04
511.96 693.00
511.00 692.04
510.96 692.00
510.96 691.00
510.00 690.04
509.96 690.00
509.00 689.04
508.96 689.00
508.00 688.04
507.96 688.00
507.00 687.04
506.96 687.00
506.00 686.04
505.96 686.00
505.00 685.04
504.96 685.00
504.00 684.04
503.00 684.04
502.96 684.00
502.00 683.04
501.96 683.00
501.00 682.04
500.96 682.00
500.00 681.04
499.00 681.04
498.96 681.00
498.00 680.04
497.00 680.04
496.00 680.04
495.96 680.00
495.00 679.04
494.00 679.04
493.00 679.04
492.00 679.04
491.96 679.00
491.00 678.04
490.00 678.04
489.00 678.04
488.00 678.04
487.00 678.04
486.00 678.04
485.00 678.04
484.00 678.04
483.00 678.04
482.00 678.04
481.00 678.04
480.00 678.04
479.00 678.04
478.04 679.00
478.00 679.04
477.00 679.04
476.00 679.04
475.04 680.00
475.00 680.04
474.00 680.04
473.00 680.04
472.04 681.00
472.00 681.04
471.04 682.00
471.00 682.04
470.00 682.04
469.04 683.00
469.00 683.04
468.04 684.00
468.00 684.04
467.04 685.00
467.00 685.04
466.04 686.00
466.00 686.04
465.04 687.00
465.00 687.04
464.04 688.00
464.00 688.04
463.04 689.00
463.00 689.04
462.04 690.00
462.00 690.04
461.04 691.00
461.04 692.00
461.00 692.04
460.04 693.00
460.00 693.04
459.04 694.00
459.04 695.00
459.00 695.04
458.04 696.00
458.04 697.00
458.04 698.00
458.00 698.04
457.04 699.00
457.04 700.00
457.04 701.00
457.04 702.00
457.04 703.00
457.04 704.00
457.04 705.00
457.04 706.00
457.04 707.00
457.04 708.00
457.04 709.00
457.04 710.00
457.04 711.00
458.00 711.96
458.04 712.00
458.04 713.00
458.04 714.00
458.04 715.00
458.04 716.00
459.00 716.96
459.04 717.00
459.04 718.00
460.00 718.96
460.04 719.00
460.04 720.00
461.00 720.96
461.04 721.00
461.04 722.00
462.00 722.96
462.04 723.00
462.04 724.00
463.00 724.96
463.04 725.00
463.04 726.00
464.00 726.96
464.04 727.00
465.00 727.96
465.04 728.00
466.00 728.96
466.04 729.00
467.00 729.96
467.04 730.00
467.04 731.00
468.00 731.96
468.04 732.00
469.00 732.96
469.04 733.00
470.00 733.96
470.04 734.00
471.00 734.96
471.04 735.00
472.00 735.96
472.04 736.00
473.00 736.96
474.00 736.96
474.04 737.00
475.00 737.96
475.04 738.00
476.00 738.96
477.00 738.96
477.04 739.00
478.00 739.96
479.00 739.96
480.00 739.96
480.04 740.00
481.00 740.96
482.00 740.96
483.00 740.96
484.00 740.96
485.00 740.96
485.04 741.00
486.00 741.96
487.00 741.96
488.00 741.96
489.00 741.96
490.00 741.96
491.00 741.96
492.00 741.96
493.00 741.96
494.00 741.96
495.00 741.96
496.00 741.96
497.00 741.96
498.00 741.96
499.00 741.96
499.96 741.00
500.00 740.96
501.00 740.96
502.00 740.96
503.00 740.96
503.96 740.00
504.00 739.96
505.00 739.96
506.00 739.96
506.96 739.00
507.00 738.96
507.96 738.00
508.00 737.96
508.96 737.00
509.00 736.96
509.96 736.00
510.00 735.96
510.96 735.00
511.00 734.96
511.96 734.00
512.00 733.96
512.96 733.00
513.00 732.96
513.96 732.00
513.96 731.00
514.00 730.96
514.96 730.00
515.00 729.96
515.96 729.00
515.96 728.00
516.00 727.96
516.96 727.00
516.96 726.00
516.96 725.00
517.00 724.96
517.96 724.00
517.96 723.00
517.96 722.00
517.96 721.00
517.96 720.00
517.96 719.00
517.96 718.00
517.96 717.00
518.00 716.96
518.96 716.00

Contour 13:
563.96 325.00
563.96 324.00
563.96 323.00
563.96 322.00
563.96 321.00
563.96 320.00
563.96 319.00
563.96 318.00
563.00 317.04
562.96 317.00
562.96 316.00
562.00 315.04
561.96 315.00
561.96 314.00
561.00 313.04
560.96 313.00
560.96 312.00
560.00 311.04
559.96 311.00
559.96 310.00
559.00 309.04
558.96 309.00
558.96 308.00
558.00 307.04
557.96 307.00
557.00 306.04
556.96 306.00
556.00 305.04
555.96 305.00
555.00 304.04
554.96 304.00
554.00 303.04
553.96 303.00
553.00 302.04
552.96 302.00
552.00 301.04
551.00 301.04
550.96 301.00
550.00 300.04
549.96 300.00
549.00 299.04
548.96 299.00
548.00 298.04
547.00 298.04
546.96 298.00
546.00 297.04
545.00 297.04
544.96 297.00
544.00 296.04
543.00 296.04
542.96 296.00
542.00 295.04
541.00 295.04
540.96 295.00
540.00 294.04
539.00 294.04
538.96 294.00
538.00 293.04
537.00 293.04
536.96 293.00
536.00 292.04
535.00 292.04
534.00 292.04
533.00 292.04
532.00 292.04
531.00 292.04
530.00 292.04
529.00 292.04
528.00 292.04
527.00 292.04
526.00 292.04
525.00 292.04
524.00 292.04
523.00 292.04
522.04 293.00
522.00 293.04
521.00 293.04
520.00 293.04
519.04 294.00
519.00 294.04
518.00 294.04
517.04 295.00
517.00 295.04
516.00 295.04
515.04 296.00
515.00 296.04
514.04 297.00
514.00 297.04
513.00 297.04
512.04 298.00
512.00 298.04
511.04 299.00
511.00 299.04
510.04 300.00
510.00 300.04
509.04 301.00
509.00 301.04
508.04 302.00
508.00 302.04
507.04 303.00
507.04 304.00
507.00 304.04
506.04 305.00
506.00 305.04
505.04 306.00
505.00 306.04
504.04 307.00
504.00 307.04
503.04 308.00
503.04 309.00
503.00 309.04
502.04 310.00
502.00 310.04
501.04 311.00
501.04 312.00
501.00 312.04
500.04 313.00
500.04 314.00
500.00 314.04
499.04 315.00
499.04 316.00
499.00 316.04
498.04 317.00
498.04 318.00
498.04 319.00
498.00 319.04
497.04 320.00
497.04 321.00
497.04 322.00
497.00 322.04
496.04 323.00
496.04 324.00
496.04 325.00
496.04 326.00
496.04 327.00
496.04 328.00
496.04 329.00
496.04 330.00
496.04 331.00
496.04 332.00
496.04 333.00
497.00 333.96
497.04 334.00
497.04 335.00
497.04 336.00
498.00 336.96
498.04 337.00
498.04 338.00
499.00 338.96
499.04 339.00
499.04 340.00
499.04 341.00
500.00 341.96
500.04 342.00
501.00 342.96
501.04 343.00
502.00 343.96
502.04 344.00
502.04 345.00
503.00 345.96
503.04 346.00
504.00 346.96
505.00 346.96
505.04 347.00
506.00 347.96
506.04 348.00
507.00 348.96
507.04 349.00
508.00 349.96
508.04 350.00
509.00 350.96
510.00 350.96
510.04 351.00
511.00 351.96
511.04 352.00
512.00 352.96
513.00 352.96
513.04 353.00
514.00 353.96
515.00 353.96
516.00 353.96
516.04 354.00
517.00 354.96
518.00 354.96
519.00 354.96
519.04 355.00
520.00 355.96
521.00 355.96
522.00 355.96
523.00 355.96
524.00 355.96
525.00 355.96
525.04 356.00
526.00 356.96
527.00 356.96
528.00 356.96
529.00 356.96
529.96 356.00
530.00 355.96
531.00 355.96
532.00 355.96
533.00 355.96
534.00 355.96
534.96 355.00
535.00 354.96
536.00 354.96
537.00 354.96
537.96 354.00
538.00 353.96
539.00 353.96
540.00 353.96
540.96 353.00
541.00 352.96
542.00 352.96
542.96 352.00
543.00 351.96
544.00 351.96
544.96 351.00
545.00 350.96
545.96 350.00
546.00 349.96
547.00 349.96
547.96 349.00
548.00 348.96
548.96 348.00
549.00 347.96
549.96 347.00
550.00 346.96
550.96 346.00
551.00 345.96
551.96 345.00
552.00 344.96
552.96 344.00
553.00 343.96
553.96 343.00
554.00 342.96
554.96 342.00
555.00 341.96
555.96 341.00
556.00 340.96
556.96 340.00
557.00 339.96
557.96 339.00
558.00 338.96
558.96 338.00
558.96 337.00
559.00 336.96
559.96 336.00
559.96 335.00
560.00 334.96
560.96 334.00
560.96 333.00
561.00 332.96
561.96 332.00
561.96 331.00
561.96 330.00
562.00 329.96
562.96 329.00
562.96 328.00
562.96 327.00
562.96 326.00
563.00 325.96
563.96 325.00

Contour 14:
565.96 475.00
565.96 474.00
565.96 473.00
565.96 472.00
565.96 471.00
565.96 470.00
565.96 469.00
565.96 468.00
565.96 467.00
565.96 466.00
565.96 465.00
565.96 464.00
565.96 463.00
565.00 462.04
564.96 462.00
564.96 461.00
564.96 460.00
564.00 459.04
563.96 459.00
563.96 458.00
563.00 457.04
562.96 457.00
562.96 456.00
562.00 455.04
561.96 455.00
561.96 454.00
561.00 453.04
560.96 453.00
560.00 452.04
559.96 452.00
559.96 451.00
559.00 450.04
558.96 450.00
558.00 449.04
557.96 449.00
557.00 448.04
556.96 448.00
556.00 447.04
555.00 447.04
554.96 447.00
554.00 446.04
553.96 446.00
553.00 445.04
552.96 445.00
552.00 444.04
551.96 444.00
551.00 443.04
550.96 443.00
550.00 442.04
549.00 442.04
548.96 442.00
548.00 441.04
547.96 441.00
547.00 440.04
546.00 440.04
545.00 440.04
544.96 440.00
544.00 439.04
543.00 439.04
542.00 439.04
541.00 439.04
540.00 439.04
539.96 439.00
539.00 438.04
538.00 438.04
537.00 438.04
536.00 438.04
535.00 438.04
534.00 438.04
533.00 438.04
532.00 438.04
531.00 438.04
530.00 438.04
529.00 438.04
528.00 438.04
527.00 438.04
526.00 438.04
525.00 438.04
524.04 439.00
524.00 439.04
523.00 439.04
522.00 439.04
521.04 440.00
521.00 440.04
520.04 441.00
520.00 441.04
519.04 442.00
519.00 442.04
518.04 443.00
518.00 443.04
517.04 444.00
517.00 444.04
516.04 445.00
516.00 445.04
515.04 446.00
515.00 446.04
514.04 447.00
514.00 447.04
513.04 448.00
513.00 448.04
512.04 449.00
512.00 449.04
511.04 450.00
511.00 450.04
510.04 451.00
510.00 451.04
509.04 452.00
509.04 453.00
509.00 453.04
508.04 454.00
508.00 454.04
507.04 455.00
507.04 456.00
507.00 456.04
506.04 457.00
506.04 458.00
506.00 458.04
505.04 459.00
505.04 460.00
505.04 461.00
505.04 462.00
505.00 462.04
504.04 463.00
504.04 464.00
504.04 465.00
504.04 466.00
504.04 467.00
504.04 468.00
504.04 469.00
504.04 470.00
504.04 471.00
504.04 472.00
504.04 473.00
504.04 474.00
505.00 474.96
505.04 475.00
505.04 476.00
505.04 477.00
505.04 478.00
505.04 479.00
506.00 479.96
506.04 480.00
506.04 481.00
507.00 481.96
507.04 482.00
507.04 483.00
508.00 483.96
508.04 484.00
508.04 485.00
509.00 485.96
509.04 486.00
509.04 487.00
510.00 487.96
510.04 488.00
510.04 489.00
511.00 489.96
511.04 490.00
512.00 490.96
512.04 491.00
513.00 491.96
513.04 492.00
514.00 492.96
514.04 493.00
515.00 493.96
515.04 494.00
516.00 494.96
516.04 495.00
517.00 495.96
518.00 495.96
518.04 496.00
519.00 496.96
519.04 497.00
520.00 497.96
521.00 497.96
521.04 498.00
522.00 498.96
523.00 498.96
524.00 498.96
524.04 499.00
525.00 499.96
526.00 499.96
526.04 500.00
527.00 500.96
528.00 500.96
529.00 500.96
529.04 501.00
530.00 501.96
531.00 501.96
532.00 501.96
533.00 501.96
534.00 501.96
535.00 501.96
536.00 501.96
537.00 501.96
538.00 501.96
539.00 501.96
540.00 501.96
541.00 501.96
541.96 501.00
542.00 500.96
543.00 500.96
544.00 500.96
545.00 500.96
545.96 500.00
546.00 499.96
547.00 499.96
547.96 499.00
548.00 498.96
549.00 498.96
549.96 498.00
550.00 497.96
551.00 497.96
551.96 497.00
552.00 496.96
552.96 496.00
553.00 495.96
553.96 495.00
554.00 494.96
555.00 494.96
555.96 494.00
556.00 493.96
556.96 493.00
557.00 492.96
557.96 492.00
557.96 491.00
558.00 490.96
558.96 490.00
559.00 489.96
559.96 489.00
559.96 488.00
560.00 487.96
560.96 487.00
560.96 486.00
561.00 485.96
561.96 485.00
561.96 484.00
562.00 483.96
562.96 483.00
562.96 482.00
563.00 481.96
563.96 481.00
563.96 480.00
563.96 479.00
564.00 478.96
564.96 478.00
564.96 477.00
564.96 476.00
565.00 475.96
565.96 475.00

Contour 15:
572.97 588.00
572.97 587.00
572.97 586.00
572.97 585.00
572.97 584.00
572.97 583.00
572.97 582.00
572.97 581.00
572.97 580.00
572.97 579.00
572.97 578.00
572.00 577.03
571.97 577.00
571.97 576.00
571.00 575.03
570.97 575.00
570.97 574.00
570.97 573.00
570.00 572.03
569.97 572.00
569.97 571.00
569.00 570.03
568.97 570.00
568.97 569.00
568.00 568.03
567.97 568.00
567.97 567.00
567.00 566.03
566.97 566.00
566.00 565.03
565.97 565.00
565.00 564.03
564.97 564.00
564.00 563.03
563.97 563.00
563.00 562.03
562.97 562.00
562.00 561.03
561.00 561.03
560.97 561.00
560.00 560.03
559.00 560.03
558.97 560.00
558.00 559.03
557.00 559.03
556.97 559.00
556.00 558.03
555.00 558.03
554.00 558.03
553.00 558.03
552.97 558.00
552.00 557.03
551.00 557.03
550.00 557.03
549.00 557.03
548.97 557.00
548.00 556.03
547.00 556.03
546.00 556.03
545.00 556.03
544.00 556.03
543.00 556.03
542.00 556.03
541.00 556.03
540.00 556.03
539.03 557.00
539.00 557.03
538.00 557.03
537.00 557.03
536.00 557.03
535.03 558.00
535.00 558.03
534.00 558.03
533.00 558.03
532.03 559.00
532.00 559.03
531.00 559.03
530.00 559.03
529.03 560.00
529.00 560.03
528.00 560.03
527.03 561.00
527.00 561.03
526.00 561.03
525.03 562.00
525.00 562.03
524.03 563.00
524.00 563.03
523.00 563.03
522.03 564.00
522.00 564.03
521.03 565.00
521.00 565.03
520.03 566.00
520.00 566.03
519.03 567.00
519.00 567.03
518.03 568.00
518.00 568.03
517.03 569.00
517.00 569.03
516.03 570.00
516.03 571.00
516.00 571.03
515.03 572.00
515.00 572.03
514.03 573.00
514.03 574.00
514.00 574.03
513.03 575.00
513.00 575.03
512.03 576.00
512.03 577.00
512.00 577.03
511.03 578.00
511.03 579.00
511.03 580.00
511.00 580.03
510.03 581.00
510.03 582.00
510.03 583.00
510.03 584.00
510.03 585.00
510.03 586.00
510.03 587.00
510.03 588.00
510.03 589.00
510.03 590.00
510.03 591.00
510.03 592.00
510.03 593.00
510.03 594.00
511.00 594.97
511.03 595.00
511.03 596.00
511.03 597.00
512.00 597.97
512.03 598.00
512.03 599.00
512.03 600.00
513.00 600.97
513.03 601.00
513.03 602.00
513.03 603.00
514.00 603.97
514.03 604.00
514.03 605.00
515.00 605.97
515.03 606.00
515.03 607.00
516.00 607.97
516.03 608.00
516.03 609.00
517.00 609.97
517.03 610.00
517.03 611.00
518.00 611.97
518.03 612.00
519.00 612.97
519.03 613.00
520.00 613.97
520.03 614.00
521.00 614.97
521.03 615.00
522.00 615.97
522.03 616.00
523.00 616.97
523.03 617.00
524.00 617.97
525.00 617.97
525.03 618.00
526.00 618.97
526.03 619.00
527.00 619.97
528.00 619.97
528.03 620.00
529.00 620.97
530.00 620.97
530.03 621.00
531.00 621.97
532.00 621.97
532.03 622.00
533.00 622.97
534.00 622.97
535.00 622.97
536.00 622.97
537.00 622.97
538.00 622.97
539.00 622.97
540.00 622.97
541.00 622.97
542.00 622.97
543.00 622.97
544.00 622.97
544.97 622.00
545.00 621.97
546.00 621.97
546.97 621.00
547.00 620.97
548.00 620.97
549.00 620.97
549.97 620.00
550.00 619.97
550.97 619.00
551.00 618.97
552.00 618.97
552.97 618.00
553.00 617.97
554.00 617.97
554.97 617.00
555.00 616.97
555.97 616.00
556.00 615.97
556.97 615.00
557.00 614.97
557.97 614.00
558.00 613.97
558.97 613.00
559.00 612.97
559.97 612.00
560.00 611.97
560.97 611.00
561.00 610.97
561.97 610.00
562.00 609.97
562.97 609.00
563.00 608.97
563.97 608.00
564.00 607.97
564.97 607.00
564.97 606.00
565.00 605.97
565.97 605.00
565.97 604.00
566.00 603.97
566.97 603.00
566.97 602.00
567.00 601.97
567.97 601.00
568.00 600.97
568.97 600.00
568.97 599.00
569.00 598.97
569.97 598.00
569.97 597.00
569.97 596.00
570.00 595.97
570.97 595.00
570.97 594.00
570.97 593.00
571.00 592.97
571.97 592.00
571.97 591.00
571.97 590.00
571.97 589.00
572.00 588.97
572.97 588.00

Contour 16:
658.97 463.00
658.97 462.00
658.97 461.00
658.97 460.00
658.97 459.00
658.00 458.03
657.97 458.00
657.97 457.00
657.97 456.00
657.97 455.00
657.00 454.03
656.97 454.00
656.97 453.00
656.97 452.00
656.00 451.03
655.97 451.00
655.97 450.00
655.00 449.03
654.97 449.00
654.97 448.00
654.00 447.03
653.97 447.00
653.97 446.00
653.00 445.03
652.97 445.00
652.00 444.03
651.97 444.00
651.00 443.03
650.97 443.00
650.97 442.00
650.00 441.03
649.97 441.00
649.00 440.03
648.97 440.00
648.00 439.03
647.97 439.00
647.97 438.00
647.00 437.03
646.97 437.00
646.00 436.03
645.97 436.00
645.00 435.03
644.97 435.00
644.00 434.03
643.97 434.00
643.00 433.03
642.97 433.00
642.00 432.03
641.00 432.03
640.97 432.00
640.00 431.03
639.97 431.00
639.00 430.03
638.00 430.03
637.97 430.00
637.00 429.03
636.97 429.00
636.00 428.03
635.00 428.03
634.97 428.00
634.00 427.03
633.00 427.03
632.97 427.00
632.00 426.03
631.00 426.03
630.97 426.00
630.00 425.03
629.00 425.03
628.00 425.03
627.97 425.00
627.00 424.03
626.00 424.03
625.00 424.03
624.00 424.03
623.00 424.03
622.97 424.00
622.00 423.03
621.00 423.03
620.00 423.03
619.00 423.03
618.00 423.03
617.00 423.03
616.03 424.00
616.00 424.03
615.00 424.03
614.00 424.03
613.00 424.03
612.00 424.03
611.03 425.00
611.00 425.03
610.00 425.03
609.00 425.03
608.03 426.00
608.00 426.03
607.00 426.03
606.03 427.00
606.00 427.03
605.00 427.03
604.03 428.00
604.00 428.03
603.00 428.03
602.03 429.00
602.00 429.03
601.03 430.00
601.00 430.03
600.03 431.00
600.00 431.03
599.03 432.00
599.00 432.03
598.03 433.00
598.00 433.03
597.03 434.00
597.00 434.03
596.03 435.00
596.00 435.03
595.03 436.00
595.00 436.03
594.03 437.00
594.00 437.03
593.03 438.00
593.03 439.00
593.00 439.03
592.03 440.00
592.03 441.00
592.00 441.03
591.03 442.00
591.03 443.00
591.00 443.03
590.03 444.00
590.03 445.00
590.03 446.00
590.03 447.00
590.00 447.03
589.03 448.00
589.03 449.00
589.03 450.00
589.03 451.00
589.03 452.00
589.00 452.03
588.03 453.00
588.03 454.00
588.03 455.00
588.03 456.00
588.03 457.00
588.03 458.00
588.03 459.00
589.00 459.97
589.03 460.00
589.03 461.00
589.03 462.00
589.03 463.00
589.03 464.00
589.03 465.00
589.03 466.00
589.03 467.00
590.00 467.97
590.03 468.00
590.03 469.00
590.03 470.00
591.00 470.97
591.03 471.00
591.03 472.00
591.03 473.00
592.00 473.97
592.03 474.00
592.03 475.00
593.00 475.97
593.03 476.00
593.03 477.00
594.00 477.97
594.03 478.00
594.03 479.00
595.00 479.97
595.03 480.00
596.00 480.97
596.03 481.00
597.00 481.97
597.03 482.00
598.00 482.97
598.03 483.00
599.00 483.97
600.00 483.97
600.03 484.00
601.00 484.97
602.00 484.97
602.03 485.00
603.00 485.97
604.00 485.97
604.03 486.00
605.00 486.97
606.00 486.97
606.03 487.00
607.00 487.97
608.00 487.97
609.00 487.97
609.03 488.00
610.00 488.97
611.00 488.97
612.00 488.97
613.00 488.97
613.03 489.00
614.00 489.97
615.00 489.97
616.00 489.97
617.00 489.97
617.03 490.00
618.00 490.97
619.00 490.97
620.00 490.97
621.00 490.97
622.00 490.97
622.03 491.00
623.00 491.97
624.00 491.97
625.00 491.97
626.00 491.97
627.00 491.97
628.00 491.97
628.97 491.00
629.00 490.97
630.00 490.97
631.00 490.97
632.00 490.97
633.00 490.97
634.00 490.97
635.00 490.97
636.00 490.97
637.00 490.97
637.97 490.00
638.00 489.97
639.00 489.97
640.00 489.97
640.97 489.00
641.00 488.97
642.00 488.97
642.97 488.00
643.00 487.97
643.97 487.00
644.00 486.97
645.00 486.97
645.97 486.00
646.00 485.97
646.97 485.00
647.00 484.97
647.97 484.00
648.00 483.97
648.97 483.00
649.00 482.97
649.97 482.00
650.00 481.97
650.97 481.00
650.97 480.00
651.00 479.97
651.97 479.00
652.00 478.97
652.97 478.00
652.97 477.00
653.00 476.97
653.97 476.00
653.97 475.00
654.00 474.97
654.97 474.00
654.97 473.00
655.00 472.97
655.97 472.00
655.97 471.00
656.00 470.97
656.97 470.00
656.97 469.00
656.97 468.00
657.00 467.97
657.97 467.00
657.97 466.00
657.97 465.00
657.97 464.00
658.00 463.97
658.97 463.00

Contour 17:
668.97 643.00
668.97 642.00
668.97 641.00
668.97 640.00
668.97 639.00
668.97 638.00
668.00 637.03
667.97 637.00
667.97 636.00
667.97 635.00
667.97 634.00
667.97 633.00
667.97 632.00
667.97 631.00
667.97 630.00
667.97 629.00
667.00 628.03
666.97 628.00
666.97 627.00
666.97 626.00
666.97 625.00
666.00 624.03
665.97 624.00
665.97 623.00
665.00 622.03
664.97 622.00
664.97 621.00
664.00 620.03
663.97 620.00
663.97 619.00
663.00 618.03
662.97 618.00
662.97 617.00
662.00 616.03
661.97 616.00
661.00 615.03
660.97 615.00
660.00 614.03
659.97 614.00
659.00 613.03
658.97 613.00
658.00 612.03
657.97 612.00
657.00 611.03
656.97 611.00
656.00 610.03
655.97 610.00
655.00 609.03
654.00 609.03
653.97 609.00
653.00 608.03
652.00 608.03
651.97 608.00
651.00 607.03
650.00 607.03
649.00 607.03
648.97 607.00
648.00 606.03
647.00 606.03
646.00 606.03
645.00 606.03
644.00 606.03
643.00 606.03
642.97 606.00
642.00 605.03
641.00 605.03
640.00 605.03
639.00 605.03
638.00 605.03
637.00 605.03
636.00 605.03
635.00 605.03
634.00 605.03
633.00 605.03
632.00 605.03
631.03 606.00
631.00 606.03
630.00 606.03
629.00 606.03
628.00 606.03
627.03 607.00
627.00 607.03
626.00 607.03
625.00 607.03
624.03 608.00
624.00 608.03
623.00 608.03
622.03 609.00
622.00 609.03
621.03 610.00
621.00 610.03
620.00 610.03
619.03 611.00
619.00 611.03
618.03 612.00
618.00 612.03
617.03 613.00
617.00 613.03
616.03 614.00
616.00 614.03
615.03 615.00
615.00 615.03
614.03 616.00
614.00 616.03
613.03 617.00
613.00 617.03
612.03 618.00
612.00 618.03
611.03 619.00
611.00 619.03
610.03 620.00
610.03 621.00
610.00 621.03
609.03 622.00
609.03 623.00
609.00 623.03
608.03 624.00
608.03 625.00
608.03 626.00
608.00 626.03
607.03 627.00
607.03 628.00
607.03 629.00
607.00 629.03
606.03 630.00
606.03 631.00
606.03 632.00
606.03 633.00
606.00 633.03
605.03 634.00
605.03 635.00
605.03 636.00
605.00 636.03
604.03 637.00
604.03 638.00
604.03 639.00
604.00 639.03
603.03 640.00
603.03 641.00
603.03 642.00
603.03 643.00
603.00 643.03
602.03 644.00
602.03 645.00
602.03 646.00
602.03 647.00
602.03 648.00
602.03 649.00
603.00 649.97
603.03 650.00
603.03 651.00
603.03 652.00
604.00 652.97
604.03 653.00
604.03 654.00
605.00 654.97
605.03 655.00
605.03 656.00
606.00 656.97
606.03 657.00
606.03 658.00
607.00 658.97
607.03 659.00
607.03 660.00
608.00 660.97
608.03 661.00
609.00 661.97
609.03 662.00
610.00 662.97
610.03 663.00
610.03 664.00
611.00 664.97
611.03 665.00
612.00 665.97
612.03 666.00
613.00 666.97
614.00 666.97
614.03 667.00
615.00 667.97
615.03 668.00
616.00 668.97
616.03 669.00
617.00 669.97
617.03 670.00
618.00 670.97
619.00 670.97
619.03 671.00
620.00 671.97
620.03 672.00
621.00 672.97
622.00 672.97
622.03 673.00
623.00 673.97
624.00 673.97
624.03 674.00
625.00 674.97
626.00 674.97
627.00 674.97
628.00 674.97
629.00 674.97
629.03 675.00
630.00 675.97
631.00 675.97
632.00 675.97
633.00 675.97
634.00 675.97
634.97 675.00
635.00 674.97
636.00 674.97
637.00 674.97
638.00 674.97
639.00 674.97
640.00 674.97
641.00 674.97
642.00 674.97
643.00 674.97
643.97 674.00
644.00 673.97
645.00 673.97
646.00 673.97
646.97 673.00
647.00 672.97
648.00 672.97
648.97 672.00
649.00 671.97
650.00 671.97
650.97 671.00
651.00 670.97
652.00 670.97
652.97 670.00
653.00 669.97
653.97 669.00
654.00 668.97
655.00 668.97
655.97 668.00
656.00 667.97
656.97 667.00
657.00 666.97
657.97 666.00
658.00 665.97
658.97 665.00
659.00 664.97
659.97 664.00
660.00 663.97
660.97 663.00
661.00 662.97
661.97 662.00
662.00 661.97
662.97 661.00
662.97 660.00
663.00 659.97
663.97 659.00
663.97 658.00
664.00 657.97
664.97 657.00
664.97 656.00
665.00 655.97
665.97 655.00
665.97 654.00
665.97 653.00
666.00 652.97
666.97 652.00
666.97 651.00
666.97 650.00
666.97 649.00
667.00 648.97
667.97 648.00
667.97 647.00
667.97 646.00
667.97 645.00
667.97 644.00
668.00 643.97
668.97 643.00

Contour 18:
711.97 292.00
711.97 291.00
711.97 290.00
711.97 289.00
711.00 288.03
710.97 288.00
710.97 287.00
710.97 286.00
710.97 285.00
710.97 284.00
710.97 283.00
710.00 282.03
709.97 282.00
709.97 281.00
709.00 280.03
708.97 280.00
708.97 279.00
708.00 278.03
707.97 278.00
707.00 277.03
706.97 277.00
706.00 276.03
705.97 276.00
705.00 275.03
704.97 275.00
704.00 274.03
703.97 274.00
703.00 273.03
702.97 273.00
702.00 272.03
701.97 272.00
701.00 271.03
700.97 271.00
700.00 270.03
699.97 270.00
699.00 269.03
698.00 269.03
697.97 269.00
697.00 268.03
696.97 268.00
696.00 267.03
695.97 267.00
695.00 266.03
694.00 266.03
693.00 266.03
692.97 266.00
692.00 265.03
691.00 265.03
690.97 265.00
690.00 264.03
689.00 264.03
688.00 264.03
687.00 264.03
686.97 264.00
686.00 263.03
685.00 263.03
684.00 263.03
683.00 263.03
682.00 263.03
681.00 263.03
680.00 263.03
679.00 263.03
678.00 263.03
677.00 263.03
676.00 263.03
675.00 263.03
674.00 263.03
673.00 263.03
672.00 263.03
671.00 263.03
670.03 264.00
670.00 264.03
669.00 264.03
668.00 264.03
667.00 264.03
666.03 265.00
666.00 265.03
665.00 265.03
664.03 266.00
664.00 266.03
663.00 266.03
662.03 267.00
662.00 267.03
661.00 267.03
660.00 267.03
659.03 268.00
659.00 268.03
658.00 268.03
657.03 269.00
657.00 269.03
656.00 269.03
655.03 270.00
655.00 270.03
654.03 271.00
654.00 271.03
653.03 272.00
653.00 272.03
652.00 272.03
651.03 273.00
651.00 273.03
650.03 274.00
650.00 274.03
649.03 275.00
649.00 275.03
648.03 276.00
648.00 276.03
647.03 277.00
647.00 277.03
646.03 278.00
646.00 278.03
645.03 279.00
645.03 280.00
645.00 280.03
644.03 281.00
644.00 281.03
643.03 282.00
643.03 283.00
643.00 283.03
642.03 284.00
642.03 285.00
642.03 286.00
642.00 286.03
641.03 287.00
641.03 288.00
641.03 289.00
641.03 290.00
641.03 291.00
641.03 292.00
641.03 293.00
641.03 294.00
641.03 295.00
641.03 296.00
641.03 297.00
641.03 298.00
642.00 298.97
642.03 299.00
642.03 300.00
642.03 301.00
643.00 301.97
643.03 302.00
643.03 303.00
643.03 304.00
644.00 304.97
644.03 305.00
644.03 306.00
645.00 306.97
645.03 307.00
645.03 308.00
646.00 308.97
646.03 309.00
646.03 310.00
647.00 310.97
647.03 311.00
648.00 311.97
648.03 312.00
649.00 312.97
649.03 313.00
650.00 313.97
650.03 314.00
651.00 314.97
651.03 315.00
652.00 315.97
652.03 316.00
653.00 316.97
654.00 316.97
654.03 317.00
655.00 317.97
656.00 317.97
656.03 318.00
657.00 318.97
658.00 318.97
658.03 319.00
659.00 319.97
660.00 319.97
660.03 320.00
661.00 320.97
662.00 320.97
662.03 321.00
663.00 321.97
664.00 321.97
665.00 321.97
666.00 321.97
666.03 322.00
667.00 322.97
668.00 322.97
669.00 322.97
669.03 323.00
670.00 323.97
671.00 323.97
672.00 323.97
673.00 323.97
674.00 323.97
675.00 323.97
675.03 324.00
676.00 324.97
677.00 324.97
678.00 324.97
678.97 324.00
679.00 323.97
680.00 323.97
681.00 323.97
682.00 323.97
683.00 323.97
684.00 323.97
684.97 323.00
685.00 322.97
686.00 322.97
687.00 322.97
687.97 322.00
688.00 321.97
689.00 321.97
689.97 321.00
690.00 320.97
691.00 320.97
691.97 320.00
692.00 319.97
693.00 319.97
693.97 319.00
694.00 318.97
695.00 318.97
695.97 318.00
696.00 317.97
696.97 317.00
697.00 316.97
697.97 316.00
698.00 315.97
698.97 315.00
699.00 314.97
699.97 314.00
700.00 313.97
700.97 313.00
701.00 312.97
701.97 312.00
702.00 311.97
702.97 311.00
703.00 310.97
703.97 310.00
704.00 309.97
704.97 309.00
704.97 308.00
705.00 307.97
705.97 307.00
706.00 306.97
706.97 306.00
706.97 305.00
707.00 304.97
707.97 304.00
708.00 303.97
708.97 303.00
708.97 302.00
708.97 301.00
709.00 300.97
709.97 300.00
709.97 299.00
709.97 298.00
710.00 297.97
710.97 297.00
710.97 296.00
710.97 295.00
710.97 294.00
710.97 293.00
711.00 292.97
711.97 292.00

Contour 19:
747.97 406.00
747.97 405.00
747.97 404.00
747.97 403.00
747.97 402.00
747.97 401.00
747.97 400.00
747.97 399.00
747.00 398.03
746.97 398.00
746.97 397.00
746.97 396.00
746.97 395.00
746.00 394.03
745.97 394.00
745.97 393.00
745.97 392.00
745.00 391.03
744.97 391.00
744.97 390.00
744.97 389.00
744.00 388.03
743.97 388.00
743.97 387.00
743.00 386.03
742.97 386.00
742.00 385.03
741.97 385.00
741.97 384.00
741.00 383.03
740.97 383.00
740.00 382.03
739.97 382.00
739.00 381.03
738.97 381.00
738.00 380.03
737.97 380.00
737.00 379.03
736.97 379.00
736.00 378.03
735.00 378.03
734.97 378.00
734.00 377.03
733.97 377.00
733.00 376.03
732.00 376.03
731.97 376.00
731.00 375.03
730.00 375.03
729.97 375.00
729.00 374.03
728.00 374.03
727.97 374.00
727.00 373.03
726.97 373.00
726.00 372.03
725.00 372.03
724.00 372.03
723.97 372.00
723.00 371.03
722.00 371.03
721.97 371.00
721.00 370.03
720.00 370.03
719.00 370.03
718.97 370.00
718.00 369.03
717.00 369.03
716.00 369.03
715.00 369.03
714.00 369.03
713.00 369.03
712.00 369.03
711.00 369.03
710.00 369.03
709.00 369.03
708.00 369.03
707.00 369.03
706.00 369.03
705.00 369.03
704.00 369.03
703.03 370.00
703.00 370.03
702.00 370.03
701.00 370.03
700.03 371.00
700.00 371.03
699.00 371.03
698.00 371.03
697.03 372.00
697.00 372.03
696.00 372.03
695.03 373.00
695.00 373.03
694.03 374.00
694.00 374.03
693.00 374.03
692.03 375.00
692.00 375.03
691.03 376.00
691.00 376.03
690.03 377.00
690.00 377.03
689.03 378.00
689.00 378.03
688.03 379.00
688.00 379.03
687.03 380.00
687.03 381.00
687.00 381.03
686.03 382.00
686.00 382.03
685.03 383.00
685.03 384.00
685.00 384.03
684.03 385.00
684.03 386.00
684.03 387.00
684.00 387.03
683.03 388.00
683.03 389.00
683.03 390.00
683.03 391.00
683.03 392.00
683.00 392.03
682.03 393.00
682.03 394.00
682.03 395.00
682.03 396.00
682.03 397.00
682.03 398.00
682.03 399.00
683.00 399.97
683.03 400.00
683.03 401.00
683.03 402.00
683.03 403.00
684.00 403.97
684.03 404.00
684.03 405.00
684.03 406.00
685.00 406.97
685.03 407.00
685.03 408.00
686.00 408.97
686.03 409.00
687.00 409.97
687.03 410.00
687.03 411.00
688.00 411.97
688.03 412.00
689.00 412.97
689.03 413.00
690.00 413.97
690.03 414.00
691.00 414.97
691.03 415.00
692.00 415.97
692.03 416.00
693.00 416.97
693.03 417.00
694.00 417.97
695.00 417.97
695.03 418.00
696.00 418.97
696.03 419.00
697.00 419.97
698.00 419.97
698.03 420.00
699.00 420.97
700.00 420.97
700.03 421.00
701.00 421.97
702.00 421.97
703.00 421.97
703.03 422.00
704.00 422.97
705.00 422.97
706.00 422.97
706.03 423.00
707.00 423.97
708.00 423.97
709.00 423.97
710.00 423.97
710.03 424.00
711.00 424.97
712.00 424.97
713.00 424.97
714.00 424.97
715.00 424.97
716.00 424.97
717.00 424.97
718.00 424.97
719.00 424.97
719.03 425.00
720.00 425.97
721.00 425.97
722.00 425.97
723.00 425.97
724.00 425.97
725.00 425.97
726.00 425.97
726.97 425.00
727.00 424.97
728.00 424.97
729.00 424.97
730.00 424.97
731.00 424.97
731.97 424.00
732.00 423.97
733.00 423.97
733.97 423.00
734.00 422.97
735.00 422.97
736.00 422.97
736.97 422.00
737.00 421.97
737.97 421.00
738.00 420.97
739.00 420.97
739.97 420.00
740.00 419.97
740.97 419.00
741.00 418.97
741.97 418.00
742.00 417.97
742.97 417.00
743.00 416.97
743.97 416.00
743.97 415.00
744.00 414.97
744.97 414.00
744.97 413.00
745.00 412.97
745.97 412.00
745.97 411.00
746.00 410.97
746.97 410.00
746.97 409.00
746.97 408.00
746.97 407.00
747.00 406.97
747.97 406.00

Contour 20:
751.98 700.00
751.98 699.00
751.98 698.00
751.98 697.00
751.98 696.00
751.98 695.00
751.98 694.00
751.98 693.00
751.98 692.00
751.98 691.00
751.98 690.00
751.98 689.00
751.98 688.00
751.98 687.00
751.98 686.00
751.98 685.00
751.00 684.02
750.98 684.00
750.98 683.00
750.98 682.00
750.00 681.02
749.98 681.00
749.98 680.00
749.00 679.02
748.98 679.00
748.98 678.00
748.00 677.02
747.98 677.00
747.00 676.02
746.98 676.00
746.00 675.02
745.98 675.00
745.98 674.00
745.00 673.02
744.98 673.00
744.00 672.02
743.98 672.00
743.00 671.02
742.98 671.00
742.00 670.02
741.00 670.02
740.98 670.00
740.00 669.02
739.98 669.00
739.00 668.02
738.98 668.00
738.00 667.02
737.00 667.02
736.98 667.00
736.00 666.02
735.00 666.02
734.98 666.00
734.00 665.02
733.00 665.02
732.00 665.02
731.98 665.00
731.00 664.02
730.00 664.02
729.00 664.02
728.00 664.02
727.00 664.02
726.00 664.02
725.00 664.02
724.02 665.00
724.00 665.02
723.00 665.02
722.00 665.02
721.00 665.02
720.02 666.00
720.00 666.02
719.00 666.02
718.00 666.02
717.02 667.00
717.00 667.02
716.02 668.00
716.00 668.02
715.00 668.02
714.02 669.00
714.00 669.02
713.02 670.00
713.00 670.02
712.02 671.00
712.00 671.02
711.02 672.00
711.00 672.02
710.02 673.00
710.00 673.02
709.02 674.00
709.00 674.02
708.02 675.00
708.00 675.02
707.02 676.00
707.00 676.02
706.02 677.00
706.02 678.00
706.00 678.02
705.02 679.00
705.00 679.02
704.02 680.00
704.02 681.00
704.00 681.02
703.02 682.00
703.02 683.00
703.00 683.02
702.02 684.00
702.02 685.00
702.00 685.02
701.02 686.00
701.02 687.00
701.02 688.00
701.00 688.02
700.02 689.00
700.02 690.00
700.00 690.02
699.02 691.00
699.00 691.02
698.02 692.00
698.02 693.00
698.00 693.02
697.02 694.00
697.02 695.00
697.00 695.02
696.02 696.00
696.02 697.00
696.00 697.02
695.02 698.00
695.02 699.00
695.02 700.00
695.00 700.02
694.02 701.00
694.02 702.00
694.02 703.00
694.02 704.00
694.02 705.00
694.00 705.02
693.02 706.00
693.02 707.00
693.02 708.00
693.02 709.00
693.02 710.00
693.02 711.00
693.02 712.00
693.02 713.00
693.02 714.00
693.02 715.00
694.00 715.98
694.02 716.00
694.02 717.00
694.02 718.00
694.02 719.00
694.02 720.00
695.00 720.98
695.02 721.00
695.02 722.00
696.00 722.98
696.02 723.00
696.02 724.00
697.00 724.98
697.02 725.00
697.02 726.00
698.00 726.98
698.02 727.00
699.00 727.98
699.02 728.00
700.00 728.98
700.02 729.00
701.00 729.98
701.02 730.00
702.00 730.98
702.02 731.00
703.00 731.98
703.02 732.00
704.00 732.98
705.00 732.98
705.02 733.00
706.00 733.98
707.00 733.98
708.00 733.98
708.02 734.00
709.00 734.98
710.00 734.98
711.00 734.98
712.00 734.98
713.00 734.98
713.02 735.00
714.00 735.98
715.00 735.98
716.00 735.98
717.00 735.98
718.00 735.98
719.00 735.98
720.00 735.98
721.00 735.98
721.98 735.00
722.00 734.98
723.00 734.98
724.00 734.98
725.00 734.98
725.98 734.00
726.00 733.98
727.00 733.98
727.98 733.00
728.00 732.98
729.00 732.98
729.98 732.00
730.00 731.98
731.00 731.98
731.98 731.00
732.00 730.98
732.98 730.00
733.00 729.98
733.98 729.00
734.00 728.98
734.98 728.00
735.00 727.98
735.98 727.00
736.00 726.98
736.98 726.00
737.00 725.98
737.98 725.00
738.00 724.98
738.98 724.00
739.00 723.98
739.98 723.00
740.00 722.98
740.98 722.00
741.00 721.98
741.98 721.00
742.00 720.98
742.98 720.00
742.98 719.00
743.00 718.98
743.98 718.00
744.00 717.98
744.98 717.00
744.98 716.00
745.00 715.98
745.98 715.00
746.00 714.98
746.98 714.00
746.98 713.00
747.00 712.98
747.98 712.00
747.98 711.00
748.00 710.98
748.98 710.00
748.98 709.00
748.98 708.00
749.00 707.98
749.98 707.00
749.98 706.00
749.98 705.00
750.00 704.98
750.98 704.00
750.98 703.00
750.98 702.00
750.98 701.00
751.00 700.98
751.98 700.00

Contour 21:
818.98 444.00
818.98 443.00
818.98 442.00
818.98 441.00
818.98 440.00
818.98 439.00
818.98 438.00
818.98 437.00
818.98 436.00
818.98 435.00
818.98 434.00
818.98 433.00
818.00 432.02
817.98 432.00
817.98 431.00
817.98 430.00
817.98 429.00
817.00 428.02
816.98 428.00
816.98 427.00
816.98 426.00
816.00 425.02
815.98 425.00
815.98 424.00
815.00 423.02
814.98 423.00
814.00 422.02
813.98 422.00
813.00 421.02
812.98 421.00
812.00 420.02
811.00 420.02
810.98 420.00
810.00 419.02
809.98 419.00
809.00 418.02
808.00 418.02
807.98 418.00
807.00 417.02
806.00 417.02
805.98 417.00
805.00 416.02
804.00 416.02
803.00 416.02
802.00 416.02
801.00 416.02
800.00 416.02
799.00 416.02
798.00 416.02
797.00 416.02
796.00 416.02
795.00 416.02
794.00 416.02
793.02 417.00
793.00 417.02
792.00 417.02
791.00 417.02
790.02 418.00
790.00 418.02
789.00 418.02
788.00 418.02
787.02 419.00
787.00 419.02
786.02 420.00
786.00 420.02
785.00 420.02
784.02 421.00
784.00 421.02
783.00 421.02
782.02 422.00
782.00 422.02
781.00 422.02
780.02 423.00
780.00 423.02
779.00 423.02
778.02 424.00
778.00 424.02
777.02 425.00
777.00 425.02
776.00 425.02
775.02 426.00
775.00 426.02
774.02 427.00
774.00 427.02
773.00 427.02
772.02 428.00
772.00 428.02
771.02 429.00
771.00 429.02
770.00 429.02
769.02 430.00
769.00 430.02
768.00 430.02
767.02 431.00
767.00 431.02
766.02 432.00
766.00 432.02
765.02 433.00
765.00 433.02
764.00 433.02
763.02 434.00
763.00 434.02
762.02 435.00
762.00 435.02
761.02 436.00
761.00 436.02
760.02 437.00
760.00 437.02
759.02 438.00
759.02 439.00
759.00 439.02
758.02 440.00
758.02 441.00
758.00 441.02
757.02 442.00
757.02 443.00
757.00 443.02
756.02 444.00
756.02 445.00
756.02 446.00
756.00 446.02
755.02 447.00
755.02 448.00
755.02 449.00
755.02 450.00
755.00 450.02
754.02 451.00
754.02 452.00
754.02 453.00
754.02 454.00
754.02 455.00
755.00 455.98
755.02 456.00
755.02 457.00
755.02 458.00
755.02 459.00
755.02 460.00
756.00 460.98
756.02 461.00
756.02 462.00
757.00 462.98
757.02 463.00
757.02 464.00
757.02 465.00
758.00 465.98
758.02 466.00
759.00 466.98
759.02 467.00
759.02 468.00
760.00 468.98
760.02 469.00
761.00 469.98
761.02 470.00
762.00 470.98
762.02 471.00
763.00 471.98
764.00 471.98
764.02 472.00
765.00 472.98
765.02 473.00
766.00 473.98
766.02 474.00
767.00 474.98
767.02 475.00
768.00 475.98
769.00 475.98
769.02 476.00
770.00 476.98
770.02 477.00
771.00 477.98
772.00 477.98
772.02 478.00
773.00 478.98
774.00 478.98
774.02 479.00
775.00 479.98
776.00 479.98
777.00 479.98
777.02 480.00
778.00 480.98
779.00 480.98
780.00 480.98
781.00 480.98
781.02 481.00
782.00 481.98
783.00 481.98
784.00 481.98
785.00 481.98
786.00 481.98
787.00 481.98
788.00 481.98
789.00 481.98
789.98 481.00
790.00 480.98
791.00 480.98
792.00 480.98
793.00 480.98
793.98 480.00
794.00 479.98
795.00 479.98
795.98 479.00
796.00 478.98
797.00 478.98
797.98 478.00
798.00 477.98
798.98 477.00
799.00 476.98
799.98 476.00
800.00 475.98
800.98 475.00
801.00 474.98
801.98 474.00
802.00 473.98
802.98 473.00
802.98 472.00
803.00 471.98
803.98 471.00
804.00 470.98
804.98 470.00
804.98 469.00
805.00 468.98
805.98 468.00
806.00 467.98
806.98 467.00
807.00 466.98
807.98 466.00
807.98 465.00
808.00 464.98
808.98 464.00
808.98 463.00
809.00 462.98
809.98 462.00
810.00 461.98
810.98 461.00
810.98 460.00
811.00 459.98
811.98 459.00
812.00 458.98
812.98 458.00
812.98 457.00
813.00 456.98
813.98 456.00
813.98 455.00
814.00 454.98
814.98 454.00
814.98 453.00
815.00 452.98
815.98 452.00
815.98 451.00
816.00 450.98
816.98 450.00
816.98 449.00
817.00 448.98
817.98 448.00
817.98 447.00
817.98 446.00
817.98 445.00
818.00 444.98
818.98 444.00

Contour 22:
998.98 740.00
998.98 739.00
998.98 738.00
998.98 737.00
998.98 736.00
998.98 735.00
998.98 734.00
998.98 733.00
998.98 732.00
998.00 731.02
997.98 731.00
997.98 730.00
997.98 729.00
997.98 728.00
997.00 727.02
996.98 727.00
996.98 726.00
996.98 725.00
996.00 724.02
995.98 724.00
995.98 723.00
995.00 722.02
994.98 722.00
994.98 721.00
994.00 720.02
993.98 720.00
993.00 719.02
992.98 719.00
992.00 718.02
991.98 718.00
991.00 717.02
990.98 717.00
990.00 716.02
989.98 716.00
989.00 715.02
988.00 715.02
987.98 715.00
987.00 714.02
986.00 714.02
985.98 714.00
985.00 713.02
984.00 713.02
983.98 713.00
983.00 712.02
982.00 712.02
981.98 712.00
981.00 711.02
980.00 711.02
979.00 711.02
978.00 711.02
977.00 711.02
976.00 711.02
975.00 711.02
974.00 711.02
973.98 711.00
973.00 710.02
972.00 710.02
971.00 710.02
970.00 710.02
969.02 711.00
969.00 711.02
968.00 711.02
967.00 711.02
966.00 711.02
965.00 711.02
964.00 711.02
963.00 711.02
962.00 711.02
961.00 711.02
960.00 711.02
959.00 711.02
958.00 711.02
957.00 711.02
956.02 712.00
956.00 712.02
955.00 712.02
954.00 712.02
953.00 712.02
952.02 713.00
952.00 713.02
951.00 713.02
950.00 713.02
949.02 714.00
949.00 714.02
948.00 714.02
947.00 714.02
946.02 715.00
946.00 715.02
945.02 716.00
945.00 716.02
944.00 716.02
943.02 717.00
943.00 717.02
942.02 718.00
942.00 718.02
941.02 719.00
941.00 719.02
940.02 720.00
940.00 720.02
939.02 721.00
939.00 721.02
938.02 722.00
938.00 722.02
937.02 723.00
937.00 723.02
936.02 724.00
936.00 724.02
935.02 725.00
935.02 726.00
935.00 726.02
934.02 727.00
934.02 728.00
934.00 728.02
933.02 729.00
933.02 730.00
933.00 730.02
932.02 731.00
932.02 732.00
932.00 732.02
931.02 733.00
931.02 734.00
931.00 734.02
930.02 735.00
930.02 736.00
930.02 737.00
930.02 738.00
930.00 738.02
929.02 739.00
929.02 740.00
929.02 741.00
929.02 742.00
929.02 743.00
929.02 744.00
929.02 745.00
929.02 746.00
929.02 747.00
929.02 748.00
929.02 749.00
930.00 749.98
930.02 750.00
930.02 751.00
930.02 752.00
930.02 753.00
930.02 754.00
931.00 754.98
931.02 755.00
931.02 756.00
932.00 756.98
932.02 757.00
932.02 758.00
933.00 758.98
933.02 759.00
934.00 759.98
934.02 760.00
934.02 761.00
935.00 761.98
935.02 762.00
936.00 762.98
936.02 763.00
937.00 763.98
937.02 764.00
938.00 764.98
938.02 765.00
939.00 765.98
940.00 765.98
940.02 766.00
941.00 766.98
941.02 767.00
942.00 767.98
942.02 768.00
943.00 768.98
944.00 768.98
944.02 769.00
945.00 769.98
945.02 770.00
946.00 770.98
947.00 770.98
948.00 770.98
948.02 771.00
949.00 771.98
950.00 771.98
950.02 772.00
951.00 772.98
952.00 772.98
953.00 772.98
954.00 772.98
955.00 772.98
956.00 772.98
957.00 772.98
957.02 773.00
958.00 773.98
959.00 773.98
960.00 773.98
961.00 773.98
962.00 773.98
963.00 773.98
964.00 773.98
965.00 773.98
965.98 773.00
966.00 772.98
967.00 772.98
968.00 772.98
969.00 772.98
970.00 772.98
970.98 772.00
971.00 771.98
972.00 771.98
973.00 771.98
973.98 771.00
974.00 770.98
975.00 770.98
975.98 770.00
976.00 769.98
977.00 769.98
977.98 769.00
978.00 768.98
979.00 768.98
979.98 768.00
980.00 767.98
980.98 767.00
981.00 766.98
981.98 766.00
982.00 765.98
982.98 765.00
983.00 764.98
983.98 764.00
984.00 763.98
984.98 763.00
985.00 762.98
985.98 762.00
986.00 761.98
986.98 761.00
987.00 760.98
987.98 760.00
987.98 759.00
988.00 758.98
988.98 758.00
989.00 757.98
989.98 757.00
990.00 756.98
990.98 756.00
990.98 755.00
991.00 754.98
991.98 754.00
992.00 753.98
992.98 753.00
993.00 752.98
993.98 752.00
993.98 751.00
994.00 750.98
994.98 750.00
995.00 749.98
995.98 749.00
995.98 748.00
996.00 747.98
996.98 747.00
996.98 746.00
996.98 745.00
997.00 744.98
997.98 744.00
997.98 743.00
997.98 742.00
997.98 741.00
998.00 740.98
998.98 740.00

