0 0.55908203125 0.03759765625 0.0478515625 0.0478515625
0 0.18994140625 0.10302734375 0.0556640625 0.0556640625
0 0.81005859375 0.18115234375 0.0458984375 0.0458984375
0 0.078125 0.19921875 0.068359375 0.07421875
0 0.38720703125 0.30419921875 0.0439453125 0.0439453125
0 0.48876953125 0.32470703125 0.0439453125 0.0439453125
0 0.14501953125 0.40771484375 0.0537109375 0.0537109375
0 0.23388671875 0.45703125 0.0615234375 0.080078125
0 0.42578125 0.44189453125 0.046875 0.0458984375
0 0.66064453125 0.49072265625 0.0458984375 0.0458984375
0 0.31591796875 0.51904296875 0.0419921875 0.0419921875
0 0.50537109375 0.52587890625 0.0400390625 0.0400390625
0 0.42431640625 0.52978515625 0.0439453125 0.0439453125
0 0.62451171875 0.57080078125 0.0478515625 0.0478515625
0 0.337890625 0.5810546875 0.037109375 0.048828125
0 0.498046875 0.59423828125 0.0390625 0.0400390625
0 0.42724609375 0.6318359375 0.0361328125 0.04296875
0 0.62158203125 0.66943359375 0.0498046875 0.0498046875
0 0.87158203125 0.6953125 0.0478515625 0.0546875
0 0.5166015625 0.74169921875 0.041015625 0.0400390625
0 0.84228515625 0.74755859375 0.0537109375 0.0517578125
0 0.69091796875 0.79736328125 0.0361328125 0.0361328125
0 0.70654296875 0.89306640625 0.0478515625 0.0478515625
