0 0.55810546875 0.04052734375 0.0478515625 0.0478515625
0 0.19091796875 0.10205078125 0.0556640625 0.0556640625
0 0.80810546875 0.1806640625 0.0478515625 0.046875
0 0.08056640625 0.19921875 0.0693359375 0.0703125
0 0.38916015625 0.30419921875 0.0439453125 0.0439453125
0 0.48876953125 0.32470703125 0.0439453125 0.0439453125
0 0.14501953125 0.40771484375 0.0537109375 0.0537109375
0 0.42529296875 0.44189453125 0.0458984375 0.0458984375
0 0.23876953125 0.45751953125 0.0595703125 0.0654296875
0 0.66259765625 0.48974609375 0.0458984375 0.0458984375
0 0.31591796875 0.51904296875 0.0419921875 0.0419921875
0 0.50537109375 0.52587890625 0.0400390625 0.0400390625
0 0.42529296875 0.52978515625 0.0400390625 0.0400390625
0 0.62451171875 0.57080078125 0.0478515625 0.0478515625
0 0.33740234375 0.58154296875 0.0361328125 0.0419921875
0 0.49853515625 0.59423828125 0.0380859375 0.0380859375
0 0.42529296875 0.63720703125 0.0380859375 0.0400390625
0 0.61669921875 0.6708984375 0.0498046875 0.048828125
0 0.86962890625 0.68798828125 0.0419921875 0.0419921875
0 0.84521484375 0.744140625 0.0537109375 0.046875
0 0.51318359375 0.744140625 0.0419921875 0.033203125
0 0.6923828125 0.79736328125 0.044921875 0.0439453125
0 0.70751953125 0.89892578125 0.0478515625 0.0478515625
