0 0.55712890625 0.03955078125 0.0478515625 0.0478515625
0 0.19189453125 0.1005859375 0.0556640625 0.056640625
0 0.80712890625 0.17919921875 0.0458984375 0.0458984375
0 0.076171875 0.19677734375 0.064453125 0.0712890625
0 0.38916015625 0.30322265625 0.0439453125 0.0439453125
0 0.48876953125 0.32470703125 0.0439453125 0.0439453125
0 0.14501953125 0.40771484375 0.0537109375 0.0537109375
0 0.42333984375 0.44091796875 0.0458984375 0.0458984375
0 0.23876953125 0.4541015625 0.0556640625 0.060546875
0 0.66259765625 0.4892578125 0.0458984375 0.046875
0 0.31591796875 0.51904296875 0.0419921875 0.0419921875
0 0.43115234375 0.52587890625 0.0400390625 0.0400390625
0 0.50537109375 0.52587890625 0.0400390625 0.0400390625
0 0.62646484375 0.5703125 0.0478515625 0.048828125
0 0.33935546875 0.57861328125 0.0361328125 0.0439453125
0 0.49853515625 0.59326171875 0.0380859375 0.0380859375
0 0.42333984375 0.63720703125 0.0361328125 0.0361328125
0 0.6201171875 0.66845703125 0.046875 0.0458984375
0 0.86962890625 0.68896484375 0.0419921875 0.0419921875
0 0.84521484375 0.74658203125 0.0498046875 0.0556640625
0 0.515625 0.7412109375 0.033203125 0.033203125
0 0.69287109375 0.79736328125 0.0439453125 0.0439453125
0 0.70751953125 0.89599609375 0.0478515625 0.0478515625
