0 0.56005859375 0.03955078125 0.0478515625 0.0478515625
0 0.20263671875 0.09912109375 0.0537109375 0.0537109375
0 0.80908203125 0.17724609375 0.0458984375 0.0458984375
0 0.08154296875 0.19287109375 0.0654296875 0.0751953125
0 0.38720703125 0.29833984375 0.0439453125 0.0439453125
0 0.48779296875 0.3203125 0.0458984375 0.044921875
0 0.14111328125 0.40576171875 0.0576171875 0.0576171875
0 0.23779296875 0.447265625 0.0517578125 0.060546875
0 0.43212890625 0.43603515625 0.0146484375 0.0146484375
0 0.67236328125 0.47998046875 0.0458984375 0.0458984375
0 0.31591796875 0.51806640625 0.0439453125 0.0439453125
0 0.51806640625 0.51904296875 0.0400390625 0.0400390625
0 0.4404296875 0.52197265625 0.041015625 0.0400390625
0 0.63037109375 0.56689453125 0.0458984375 0.0458984375
0 0.330078125 0.58740234375 0.037109375 0.0478515625
0 0.49951171875 0.5947265625 0.0361328125 0.0390625
0 0.42529296875 0.64208984375 0.0361328125 0.0400390625
0 0.61865234375 0.6748046875 0.0498046875 0.046875
0 0.86962890625 0.69140625 0.0537109375 0.056640625
0 0.84228515625 0.74462890625 0.0419921875 0.0419921875
0 0.51708984375 0.74609375 0.0439453125 0.033203125
0 0.69287109375 0.79638671875 0.0439453125 0.0439453125
0 0.7080078125 0.89208984375 0.048828125 0.0478515625
