0 0.56005859375 0.03955078125 0.0478515625 0.0478515625
0 0.21044921875 0.09326171875 0.0556640625 0.0556640625
0 0.0810546875 0.18603515625 0.06640625 0.0712890625
0 0.80908203125 0.17822265625 0.0439453125 0.0439453125
0 0.38720703125 0.29833984375 0.0439453125 0.0439453125
0 0.4873046875 0.32080078125 0.044921875 0.0478515625
0 0.14599609375 0.4052734375 0.0595703125 0.060546875
0 0.23876953125 0.4482421875 0.0556640625 0.064453125
0 0.43310546875 0.44189453125 0.0146484375 0.0166015625
0 0.67138671875 0.48193359375 0.0439453125 0.0439453125
0 0.31298828125 0.51416015625 0.0439453125 0.0439453125
0 0.52099609375 0.51806640625 0.0400390625 0.0400390625
0 0.44287109375 0.52001953125 0.0380859375 0.0380859375
0 0.626953125 0.56982421875 0.046875 0.0458984375
0 0.33154296875 0.58642578125 0.0361328125 0.0419921875
0 0.50048828125 0.59765625 0.0341796875 0.037109375
0 0.421875 0.6396484375 0.037109375 0.041015625
0 0.62548828125 0.67431640625 0.0400390625 0.0400390625
0 0.875 0.6982421875 0.05859375 0.060546875
0 0.8427734375 0.73876953125 0.04296875 0.0419921875
0 0.51318359375 0.74609375 0.0341796875 0.03515625
0 0.68994140625 0.80224609375 0.0439453125 0.0439453125
0 0.71142578125 0.90087890625 0.0478515625 0.0478515625
