0 0.56005859375 0.03955078125 0.0478515625 0.0478515625
0 0.21240234375 0.091796875 0.0556640625 0.0546875
0 0.0859375 0.1826171875 0.068359375 0.0703125
0 0.8095703125 0.17724609375 0.044921875 0.0458984375
0 0.38720703125 0.29833984375 0.0439453125 0.0439453125
0 0.484375 0.32373046875 0.044921875 0.0478515625
0 0.14794921875 0.40283203125 0.0576171875 0.0576171875
0 0.24169921875 0.4404296875 0.0556640625 0.060546875
0 0.43603515625 0.44091796875 0.0263671875 0.0244140625
0 0.67529296875 0.48583984375 0.0458984375 0.0458984375
0 0.31298828125 0.51416015625 0.0419921875 0.0419921875
0 0.52099609375 0.51708984375 0.0400390625 0.0400390625
0 0.44287109375 0.51904296875 0.0380859375 0.0400390625
0 0.62548828125 0.56982421875 0.0458984375 0.0458984375
0 0.33056640625 0.5927734375 0.0380859375 0.046875
0 0.49951171875 0.5986328125 0.0361328125 0.0390625
0 0.41552734375 0.6435546875 0.0361328125 0.046875
0 0.62548828125 0.67431640625 0.0400390625 0.0400390625
0 0.869140625 0.6923828125 0.052734375 0.052734375
0 0.84716796875 0.74267578125 0.0419921875 0.0419921875
0 0.5166015625 0.74609375 0.03515625 0.033203125
0 0.68798828125 0.80224609375 0.0439453125 0.0439453125
0 0.71142578125 0.90283203125 0.0478515625 0.0478515625
