0 0.56005859375 0.03955078125 0.0478515625 0.0478515625
0 0.21435546875 0.09130859375 0.0537109375 0.0576171875
0 0.08935546875 0.18115234375 0.0654296875 0.0751953125
0 0.8125 0.17822265625 0.044921875 0.0458984375
0 0.38720703125 0.29833984375 0.0439453125 0.0439453125
0 0.48388671875 0.3251953125 0.0439453125 0.046875
0 0.14794921875 0.40283203125 0.0576171875 0.0576171875
0 0.2412109375 0.44140625 0.060546875 0.0703125
0 0.43505859375 0.43994140625 0.0224609375 0.0224609375
0 0.6787109375 0.4853515625 0.044921875 0.044921875
0 0.31396484375 0.51513671875 0.0419921875 0.0419921875
0 0.44287109375 0.51416015625 0.0380859375 0.0380859375
0 0.52099609375 0.51708984375 0.0400390625 0.0400390625
0 0.62451171875 0.56787109375 0.0458984375 0.0458984375
0 0.3291015625 0.59375 0.037109375 0.041015625
0 0.4931640625 0.599609375 0.03515625 0.0390625
0 0.41552734375 0.63671875 0.0361328125 0.041015625
0 0.62548828125 0.67822265625 0.0400390625 0.0400390625
0 0.87255859375 0.69580078125 0.0478515625 0.0537109375
0 0.8466796875 0.74267578125 0.04296875 0.0419921875
0 0.5146484375 0.7490234375 0.03515625 0.033203125
0 0.69189453125 0.80224609375 0.0439453125 0.0439453125
0 0.71142578125 0.90185546875 0.0478515625 0.0478515625
