0 0.56005859375 0.03955078125 0.0478515625 0.0478515625
0 0.21435546875 0.091796875 0.0537109375 0.05859375
0 0.09130859375 0.17431640625 0.0634765625 0.0673828125
0 0.8134765625 0.1796875 0.044921875 0.044921875
0 0.38720703125 0.29638671875 0.0439453125 0.0458984375
0 0.48486328125 0.32275390625 0.0439453125 0.0458984375
0 0.14794921875 0.40283203125 0.0576171875 0.0576171875
0 0.24169921875 0.43701171875 0.0556640625 0.0654296875
0 0.42822265625 0.42431640625 0.0126953125 0.0126953125
0 0.68017578125 0.48486328125 0.0439453125 0.0458984375
0 0.31396484375 0.5166015625 0.0419921875 0.046875
0 0.44287109375 0.51220703125 0.0380859375 0.0380859375
0 0.52099609375 0.51708984375 0.0400390625 0.0400390625
0 0.62353515625 0.56689453125 0.0458984375 0.0458984375
0 0.3271484375 0.5986328125 0.0390625 0.048828125
0 0.48876953125 0.6015625 0.0361328125 0.037109375
0 0.41259765625 0.63623046875 0.0361328125 0.0419921875
0 0.62548828125 0.67822265625 0.0419921875 0.0419921875
0 0.86962890625 0.69580078125 0.0537109375 0.0576171875
0 0.84619140625 0.74267578125 0.0419921875 0.0419921875
0 0.5166015625 0.74853515625 0.037109375 0.0302734375
0 0.68994140625 0.80224609375 0.0439453125 0.0439453125
0 0.71142578125 0.90185546875 0.0478515625 0.0478515625
