0 0.56005859375 0.03955078125 0.0478515625 0.0478515625
0 0.21435546875 0.095703125 0.0537109375 0.056640625
0 0.09765625 0.17529296875 0.064453125 0.0732421875
0 0.81396484375 0.17822265625 0.0439453125 0.0458984375
0 0.38720703125 0.29443359375 0.0439453125 0.0439453125
0 0.48486328125 0.32666015625 0.0439453125 0.0439453125
0 0.14599609375 0.40283203125 0.0576171875 0.0576171875
0 0.40771484375 0.41064453125 0.0244140625 0.0244140625
0 0.24267578125 0.4404296875 0.0615234375 0.0703125
0 0.68115234375 0.482421875 0.0439453125 0.044921875
0 0.31591796875 0.51318359375 0.0439453125 0.0439453125
0 0.44189453125 0.51220703125 0.0380859375 0.0380859375
0 0.52099609375 0.51611328125 0.0400390625 0.0400390625
0 0.62841796875 0.56103515625 0.0458984375 0.0458984375
0 0.3212890625 0.59619140625 0.037109375 0.0419921875
0 0.49072265625 0.60400390625 0.0341796875 0.0400390625
0 0.41015625 0.6376953125 0.037109375 0.041015625
0 0.61474609375 0.68017578125 0.0419921875 0.0439453125
0 0.87060546875 0.69775390625 0.0556640625 0.0634765625
0 0.84814453125 0.74853515625 0.0419921875 0.0419921875
0 0.51318359375 0.7470703125 0.0361328125 0.03125
0 0.68701171875 0.79736328125 0.0439453125 0.0439453125
0 0.71044921875 0.90380859375 0.0478515625 0.0478515625
