0 0.56005859375 0.03955078125 0.0478515625 0.0478515625
0 0.2216796875 0.087890625 0.0546875 0.05859375
0 0.10302734375 0.171875 0.0634765625 0.068359375
0 0.814453125 0.17626953125 0.044921875 0.0458984375
0 0.38671875 0.29443359375 0.044921875 0.0439453125
0 0.484375 0.32861328125 0.044921875 0.0439453125
0 0.14599609375 0.40283203125 0.0576171875 0.0576171875
0 0.39599609375 0.40966796875 0.0166015625 0.0166015625
0 0.2431640625 0.43603515625 0.0546875 0.0654296875
0 0.45263671875 0.44091796875 0.0185546875 0.0185546875
0 0.68212890625 0.4814453125 0.0439453125 0.044921875
0 0.31591796875 0.51318359375 0.0439453125 0.0439453125
0 0.43994140625 0.51025390625 0.0380859375 0.0380859375
0 0.521484375 0.51513671875 0.041015625 0.0400390625
0 0.62841796875 0.55908203125 0.0458984375 0.0458984375
0 0.31689453125 0.5986328125 0.0380859375 0.04296875
0 0.48193359375 0.60302734375 0.0341796875 0.0380859375
0 0.4052734375 0.64306640625 0.037109375 0.0419921875
0 0.61767578125 0.67138671875 0.0419921875 0.0419921875
0 0.86669921875 0.69384765625 0.0458984375 0.0458984375
0 0.84375 0.74853515625 0.04296875 0.0419921875
0 0.5166015625 0.75146484375 0.03125 0.0302734375
0 0.68603515625 0.79345703125 0.0439453125 0.0439453125
0 0.71142578125 0.90380859375 0.0478515625 0.0478515625
