0 0.56005859375 0.03955078125 0.0478515625 0.0478515625
0 0.220703125 0.09033203125 0.056640625 0.0576171875
0 0.09912109375 0.166015625 0.0634765625 0.064453125
0 0.8134765625 0.1787109375 0.044921875 0.048828125
0 0.3857421875 0.29345703125 0.044921875 0.0439453125
0 0.48193359375 0.32861328125 0.0439453125 0.0439453125
0 0.14599609375 0.40283203125 0.0576171875 0.0576171875
0 0.39990234375 0.41455078125 0.0185546875 0.0185546875
0 0.248046875 0.43701171875 0.052734375 0.0615234375
0 0.46044921875 0.44482421875 0.0205078125 0.0205078125
0 0.68505859375 0.47705078125 0.0439453125 0.0458984375
0 0.43896484375 0.50634765625 0.0380859375 0.0380859375
0 0.31591796875 0.51318359375 0.0439453125 0.0439453125
0 0.5234375 0.51513671875 0.041015625 0.0400390625
0 0.62841796875 0.55908203125 0.0458984375 0.0458984375
0 0.31396484375 0.6064453125 0.0400390625 0.044921875
0 0.47998046875 0.60498046875 0.0341796875 0.0380859375
0 0.40576171875 0.6416015625 0.0361328125 0.041015625
0 0.61767578125 0.6748046875 0.0380859375 0.041015625
0 0.86767578125 0.69384765625 0.0458984375 0.0458984375
0 0.84326171875 0.74658203125 0.0419921875 0.0419921875
0 0.51904296875 0.74462890625 0.0302734375 0.0302734375
0 0.68798828125 0.80322265625 0.0439453125 0.0439453125
0 0.7197265625 0.90673828125 0.048828125 0.0478515625
