0 0.5595703125 0.03662109375 0.048828125 0.0478515625
0 0.22314453125 0.087890625 0.0576171875 0.056640625
0 0.10107421875 0.16064453125 0.0634765625 0.0654296875
0 0.8154296875 0.17138671875 0.044921875 0.0478515625
0 0.38427734375 0.2919921875 0.0439453125 0.044921875
0 0.48193359375 0.32861328125 0.0439453125 0.0439453125
0 0.14599609375 0.40283203125 0.0576171875 0.0576171875
0 0.2529296875 0.42919921875 0.056640625 0.0673828125
0 0.40087890625 0.41455078125 0.0205078125 0.0205078125
0 0.4599609375 0.44482421875 0.021484375 0.0205078125
0 0.68603515625 0.47998046875 0.0439453125 0.0478515625
0 0.43896484375 0.50634765625 0.0380859375 0.0380859375
0 0.31591796875 0.51318359375 0.0458984375 0.0458984375
0 0.52392578125 0.51513671875 0.0400390625 0.0400390625
0 0.62841796875 0.55908203125 0.0458984375 0.0458984375
0 0.31494140625 0.60400390625 0.0419921875 0.0517578125
0 0.47900390625 0.6083984375 0.0341796875 0.041015625
0 0.40576171875 0.64453125 0.0361328125 0.044921875
0 0.619140625 0.6806640625 0.04296875 0.044921875
0 0.86767578125 0.69384765625 0.0458984375 0.0458984375
0 0.84423828125 0.74658203125 0.0419921875 0.0419921875
0 0.5224609375 0.74462890625 0.03125 0.0302734375
0 0.68994140625 0.80224609375 0.0439453125 0.0439453125
0 0.72119140625 0.90673828125 0.0478515625 0.0478515625
