0 0.55517578125 0.03857421875 0.0478515625 0.0498046875
0 0.232421875 0.0888671875 0.0546875 0.05859375
0 0.10498046875 0.1533203125 0.0595703125 0.06640625
0 0.8037109375 0.1708984375 0.046875 0.048828125
0 0.38623046875 0.28759765625 0.0439453125 0.0439453125
0 0.484375 0.3203125 0.04296875 0.048828125
0 0.146484375 0.40673828125 0.05859375 0.0615234375
0 0.37646484375 0.40771484375 0.0361328125 0.0361328125
0 0.2431640625 0.4365234375 0.052734375 0.064453125
0 0.4716796875 0.44677734375 0.03515625 0.0341796875
0 0.68115234375 0.48291015625 0.0439453125 0.0478515625
0 0.44189453125 0.50634765625 0.0380859375 0.0380859375
0 0.31591796875 0.51708984375 0.0458984375 0.0458984375
0 0.5263671875 0.5205078125 0.041015625 0.041015625
0 0.6259765625 0.56201171875 0.046875 0.0458984375
0 0.30908203125 0.60791015625 0.0400390625 0.0400390625
0 0.47314453125 0.61328125 0.0361328125 0.037109375
0 0.40966796875 0.65185546875 0.0302734375 0.0380859375
0 0.61865234375 0.6787109375 0.0400390625 0.041015625
0 0.87109375 0.69482421875 0.05078125 0.0478515625
0 0.8515625 0.7470703125 0.044921875 0.04296875
0 0.49951171875 0.75244140625 0.0341796875 0.0341796875
0 0.69677734375 0.80419921875 0.0439453125 0.0439453125
0 0.71923828125 0.91650390625 0.0439453125 0.0439453125
