0 0.55615234375 0.03955078125 0.0478515625 0.0478515625
0 0.234375 0.087890625 0.0546875 0.056640625
0 0.1064453125 0.15283203125 0.068359375 0.0654296875
0 0.80224609375 0.1728515625 0.0439453125 0.046875
0 0.38525390625 0.287109375 0.0439453125 0.044921875
0 0.484375 0.3212890625 0.04296875 0.046875
0 0.146484375 0.40625 0.05859375 0.0625
0 0.37646484375 0.40771484375 0.0361328125 0.0361328125
0 0.240234375 0.4375 0.052734375 0.0625
0 0.47119140625 0.44677734375 0.0341796875 0.0341796875
0 0.68115234375 0.484375 0.0439453125 0.046875
0 0.44189453125 0.50634765625 0.0380859375 0.0380859375
0 0.31591796875 0.51708984375 0.0458984375 0.0458984375
0 0.52490234375 0.52392578125 0.0400390625 0.0419921875
0 0.62451171875 0.56787109375 0.0458984375 0.0458984375
0 0.31201171875 0.60888671875 0.0400390625 0.0400390625
0 0.47021484375 0.6142578125 0.0341796875 0.037109375
0 0.40576171875 0.6455078125 0.0302734375 0.033203125
0 0.61474609375 0.67919921875 0.0478515625 0.0439453125
0 0.8740234375 0.69384765625 0.05078125 0.0458984375
0 0.8525390625 0.74755859375 0.04296875 0.0419921875
0 0.4970703125 0.7509765625 0.037109375 0.029296875
0 0.69873046875 0.80517578125 0.0439453125 0.0439453125
0 0.72021484375 0.91650390625 0.0439453125 0.0439453125
