0 0.55615234375 0.02978515625 0.0458984375 0.0458984375
0 0.25341796875 0.07861328125 0.0537109375 0.0595703125
0 0.10986328125 0.14599609375 0.0537109375 0.0537109375
0 0.80908203125 0.17333984375 0.0439453125 0.0458984375
0 0.3876953125 0.28466796875 0.044921875 0.0439453125
0 0.4814453125 0.31787109375 0.04296875 0.0439453125
0 0.14892578125 0.40478515625 0.0556640625 0.0556640625
0 0.36572265625 0.39990234375 0.0361328125 0.0361328125
0 0.24658203125 0.427734375 0.0537109375 0.064453125
0 0.48974609375 0.45751953125 0.0419921875 0.0400390625
0 0.69140625 0.47900390625 0.046875 0.0478515625
0 0.44287109375 0.50830078125 0.0380859375 0.0380859375
0 0.31689453125 0.52001953125 0.0458984375 0.0458984375
0 0.55224609375 0.53955078125 0.0400390625 0.0400390625
0 0.63037109375 0.58056640625 0.0458984375 0.0458984375
0 0.466796875 0.6123046875 0.041015625 0.0390625
0 0.30615234375 0.61767578125 0.0400390625 0.0400390625
0 0.41064453125 0.66015625 0.0302734375 0.037109375
0 0.59912109375 0.689453125 0.0517578125 0.048828125
0 0.87451171875 0.6962890625 0.0439453125 0.044921875
0 0.8544921875 0.74365234375 0.04296875 0.0419921875
0 0.47900390625 0.76171875 0.0302734375 0.029296875
0 0.72314453125 0.80908203125 0.0439453125 0.0439453125
0 0.72314453125 0.92138671875 0.0439453125 0.0439453125
