0 0.55322265625 0.02783203125 0.0458984375 0.0458984375
0 0.25 0.07080078125 0.0546875 0.0615234375
0 0.11376953125 0.1416015625 0.0673828125 0.064453125
0 0.80810546875 0.1728515625 0.0439453125 0.044921875
0 0.38720703125 0.28076171875 0.0458984375 0.0439453125
0 0.48974609375 0.31884765625 0.0419921875 0.0419921875
0 0.14990234375 0.40380859375 0.0556640625 0.0556640625
0 0.35791015625 0.40185546875 0.0400390625 0.0400390625
0 0.24560546875 0.43408203125 0.0478515625 0.0673828125
0 0.490234375 0.46142578125 0.041015625 0.0400390625
0 0.69287109375 0.4775390625 0.0439453125 0.046875
0 0.44921875 0.5146484375 0.04296875 0.04296875
0 0.31640625 0.52197265625 0.046875 0.0458984375
0 0.56396484375 0.53955078125 0.0400390625 0.0400390625
0 0.64306640625 0.59033203125 0.0439453125 0.0439453125
0 0.46142578125 0.61083984375 0.0361328125 0.0361328125
0 0.30908203125 0.6279296875 0.0380859375 0.0390625
0 0.40185546875 0.67138671875 0.0361328125 0.0478515625
0 0.8603515625 0.68701171875 0.046875 0.0439453125
0 0.599609375 0.69970703125 0.046875 0.0439453125
0 0.84228515625 0.74072265625 0.0478515625 0.0400390625
0 0.4677734375 0.763671875 0.029296875 0.029296875
0 0.76416015625 0.77001953125 0.0185546875 0.0185546875
0 0.72509765625 0.91943359375 0.0439453125 0.0439453125
