0 0.55126953125 0.02880859375 0.0458984375 0.0458984375
0 0.24560546875 0.07275390625 0.0556640625 0.0576171875
0 0.111328125 0.13720703125 0.076171875 0.0634765625
0 0.80810546875 0.171875 0.0439453125 0.044921875
0 0.39306640625 0.28076171875 0.0439453125 0.0439453125
0 0.48974609375 0.31884765625 0.0419921875 0.0419921875
0 0.14990234375 0.40380859375 0.0556640625 0.0556640625
0 0.35595703125 0.40087890625 0.0439453125 0.0439453125
0 0.2431640625 0.4287109375 0.0546875 0.06640625
0 0.48974609375 0.45849609375 0.0419921875 0.0400390625
0 0.6923828125 0.4794921875 0.044921875 0.046875
0 0.44970703125 0.51513671875 0.0419921875 0.0419921875
0 0.31591796875 0.5224609375 0.0458984375 0.046875
0 0.56591796875 0.5400390625 0.0400390625 0.041015625
0 0.638671875 0.5927734375 0.044921875 0.044921875
0 0.46142578125 0.61083984375 0.0361328125 0.0361328125
0 0.30810546875 0.625 0.0380859375 0.04296875
0 0.39990234375 0.66748046875 0.0361328125 0.0478515625
0 0.59814453125 0.70166015625 0.0458984375 0.0419921875
0 0.82666015625 0.73193359375 0.0361328125 0.0400390625
0 0.78466796875 0.74072265625 0.0263671875 0.0263671875
0 0.46826171875 0.75634765625 0.0283203125 0.0283203125
0 0.73876953125 0.75341796875 0.0185546875 0.0185546875
0 0.72509765625 0.91943359375 0.0439453125 0.0439453125
