0 0.55126953125 0.02880859375 0.0458984375 0.0458984375
0 0.2529296875 0.0751953125 0.0546875 0.05859375
0 0.11328125 0.1357421875 0.060546875 0.064453125
0 0.80419921875 0.17333984375 0.0439453125 0.0458984375
0 0.39306640625 0.27978515625 0.0439453125 0.0439453125
0 0.49365234375 0.31787109375 0.0419921875 0.0419921875
0 0.14990234375 0.40478515625 0.0556640625 0.0556640625
0 0.35693359375 0.40185546875 0.0439453125 0.0439453125
0 0.23779296875 0.427734375 0.0517578125 0.0703125
0 0.48876953125 0.45654296875 0.0419921875 0.0400390625
0 0.69189453125 0.478515625 0.0439453125 0.046875
0 0.44970703125 0.51513671875 0.0419921875 0.0419921875
0 0.31494140625 0.52294921875 0.0458984375 0.0458984375
0 0.56787109375 0.53857421875 0.0400390625 0.0400390625
0 0.63818359375 0.59326171875 0.0439453125 0.0439453125
0 0.46337890625 0.61181640625 0.0361328125 0.0361328125
0 0.30712890625 0.62451171875 0.0380859375 0.0419921875
0 0.3974609375 0.66650390625 0.03125 0.0419921875
0 0.6064453125 0.7041015625 0.044921875 0.041015625
0 0.7763671875 0.71240234375 0.017578125 0.0263671875
0 0.7998046875 0.73779296875 0.021484375 0.0205078125
0 0.4580078125 0.7626953125 0.037109375 0.037109375
0 0.72705078125 0.91943359375 0.0439453125 0.0439453125
