0 0.55126953125 0.02880859375 0.0458984375 0.0458984375
0 0.25146484375 0.07470703125 0.0556640625 0.0595703125
0 0.10986328125 0.142578125 0.0634765625 0.068359375
0 0.80419921875 0.1748046875 0.0439453125 0.044921875
0 0.39306640625 0.27978515625 0.0439453125 0.0439453125
0 0.49462890625 0.31201171875 0.0400390625 0.0419921875
0 0.1513671875 0.40185546875 0.056640625 0.0556640625
0 0.35791015625 0.39990234375 0.0458984375 0.0439453125
0 0.2421875 0.43017578125 0.052734375 0.0634765625
0 0.4873046875 0.45654296875 0.04296875 0.0400390625
0 0.68896484375 0.482421875 0.0458984375 0.046875
0 0.44970703125 0.51806640625 0.0419921875 0.0419921875
0 0.3154296875 0.52197265625 0.046875 0.0458984375
0 0.56494140625 0.53466796875 0.0419921875 0.0400390625
0 0.63232421875 0.60302734375 0.0419921875 0.0419921875
0 0.46337890625 0.6123046875 0.0361328125 0.037109375
0 0.30712890625 0.626953125 0.0380859375 0.041015625
0 0.39599609375 0.6650390625 0.0361328125 0.04296875
0 0.61572265625 0.701171875 0.0400390625 0.041015625
0 0.45361328125 0.7646484375 0.0341796875 0.0390625
0 0.72900390625 0.92333984375 0.0439453125 0.0439453125
