0 0.55126953125 0.02880859375 0.0458984375 0.0458984375
0 0.2529296875 0.07470703125 0.0546875 0.0576171875
0 0.10986328125 0.146484375 0.0576171875 0.064453125
0 0.8037109375 0.1748046875 0.044921875 0.046875
0 0.39306640625 0.27978515625 0.0439453125 0.0439453125
0 0.49658203125 0.3125 0.0380859375 0.0390625
0 0.15185546875 0.39990234375 0.0556640625 0.0556640625
0 0.357421875 0.39990234375 0.044921875 0.0439453125
0 0.23681640625 0.43408203125 0.0556640625 0.0673828125
0 0.478515625 0.4521484375 0.041015625 0.041015625
0 0.68798828125 0.484375 0.0439453125 0.044921875
0 0.31640625 0.5224609375 0.046875 0.046875
0 0.44970703125 0.52294921875 0.0419921875 0.0419921875
0 0.5673828125 0.53271484375 0.041015625 0.0400390625
0 0.63232421875 0.60302734375 0.0419921875 0.0419921875
0 0.466796875 0.615234375 0.037109375 0.037109375
0 0.30712890625 0.62744140625 0.0380859375 0.0400390625
0 0.4013671875 0.66552734375 0.033203125 0.0458984375
0 0.61474609375 0.70166015625 0.0400390625 0.0400390625
0 0.4521484375 0.767578125 0.0390625 0.0390625
0 0.72900390625 0.93017578125 0.0439453125 0.0439453125
