0 0.55126953125 0.02880859375 0.0458984375 0.0458984375
0 0.25537109375 0.07470703125 0.0556640625 0.0576171875
0 0.115234375 0.14501953125 0.056640625 0.0673828125
0 0.80322265625 0.1748046875 0.0439453125 0.044921875
0 0.39306640625 0.27978515625 0.0439453125 0.0439453125
0 0.49658203125 0.30908203125 0.0380859375 0.0439453125
0 0.1533203125 0.39404296875 0.056640625 0.0556640625
0 0.36328125 0.39892578125 0.046875 0.0439453125
0 0.2353515625 0.4365234375 0.052734375 0.06640625
0 0.478515625 0.44384765625 0.044921875 0.0439453125
0 0.68896484375 0.4853515625 0.0439453125 0.046875
0 0.31689453125 0.5234375 0.0458984375 0.046875
0 0.44970703125 0.52294921875 0.0419921875 0.0419921875
0 0.56787109375 0.53271484375 0.0400390625 0.0400390625
0 0.62939453125 0.60986328125 0.0419921875 0.0419921875
0 0.46728515625 0.61669921875 0.0361328125 0.0361328125
0 0.30810546875 0.62841796875 0.0380859375 0.0400390625
0 0.396484375 0.66845703125 0.041015625 0.0439453125
0 0.61279296875 0.70361328125 0.0380859375 0.0380859375
0 0.45361328125 0.76708984375 0.0341796875 0.0341796875
0 0.72900390625 0.93017578125 0.0439453125 0.0439453125
