0 0.54931640625 0.0302734375 0.0458984375 0.046875
0 0.2646484375 0.07177734375 0.0546875 0.0537109375
0 0.1259765625 0.142578125 0.0546875 0.06640625
0 0.80712890625 0.17529296875 0.0439453125 0.0439453125
0 0.39404296875 0.2705078125 0.0458984375 0.048828125
0 0.49755859375 0.30615234375 0.0380859375 0.0458984375
0 0.1572265625 0.39306640625 0.056640625 0.0595703125
0 0.35791015625 0.39892578125 0.0439453125 0.0439453125
0 0.23974609375 0.42578125 0.0595703125 0.072265625
0 0.4765625 0.4453125 0.04296875 0.046875
0 0.68408203125 0.4833984375 0.0439453125 0.044921875
0 0.44970703125 0.52392578125 0.0419921875 0.0419921875
0 0.31396484375 0.52685546875 0.0458984375 0.0458984375
0 0.56982421875 0.53076171875 0.0400390625 0.0400390625
0 0.61962890625 0.61376953125 0.0419921875 0.0419921875
0 0.470703125 0.61767578125 0.037109375 0.0361328125
0 0.29541015625 0.642578125 0.0439453125 0.04296875
0 0.3994140625 0.6796875 0.037109375 0.0390625
0 0.6396484375 0.70849609375 0.044921875 0.0439453125
0 0.44775390625 0.77099609375 0.0341796875 0.0341796875
0 0.72998046875 0.93603515625 0.0439453125 0.0439453125
