0 0.54931640625 0.02978515625 0.0458984375 0.0458984375
0 0.27099609375 0.06640625 0.0537109375 0.05859375
0 0.13525390625 0.14111328125 0.0537109375 0.0654296875
0 0.80517578125 0.17333984375 0.0439453125 0.0458984375
0 0.39208984375 0.27197265625 0.0439453125 0.0478515625
0 0.4990234375 0.302734375 0.041015625 0.05078125
0 0.15771484375 0.3857421875 0.0556640625 0.056640625
0 0.35400390625 0.39990234375 0.0458984375 0.0439453125
0 0.23974609375 0.423828125 0.0634765625 0.072265625
0 0.47216796875 0.43701171875 0.0322265625 0.0322265625
0 0.68505859375 0.4755859375 0.0439453125 0.044921875
0 0.45166015625 0.52490234375 0.0439453125 0.0419921875
0 0.31298828125 0.52978515625 0.0478515625 0.0478515625
0 0.57470703125 0.52880859375 0.0400390625 0.0400390625
0 0.61962890625 0.61376953125 0.0419921875 0.0419921875
0 0.47119140625 0.61865234375 0.0361328125 0.0361328125
0 0.294921875 0.64501953125 0.04296875 0.0419921875
0 0.396484375 0.68310546875 0.037109375 0.0419921875
0 0.64013671875 0.71484375 0.0537109375 0.044921875
0 0.4501953125 0.76513671875 0.03515625 0.0341796875
0 0.73046875 0.93505859375 0.044921875 0.0439453125
