0 0.54931640625 0.02978515625 0.0458984375 0.0458984375
0 0.2666015625 0.05859375 0.056640625 0.0546875
0 0.14013671875 0.13671875 0.0556640625 0.064453125
0 0.80615234375 0.17333984375 0.0439453125 0.0439453125
0 0.39208984375 0.271484375 0.0439453125 0.048828125
0 0.49951171875 0.302734375 0.0400390625 0.05078125
0 0.15771484375 0.38623046875 0.0556640625 0.0556640625
0 0.353515625 0.39990234375 0.044921875 0.0439453125
0 0.24072265625 0.42236328125 0.0595703125 0.0712890625
0 0.46826171875 0.431640625 0.0517578125 0.05859375
0 0.6845703125 0.47412109375 0.044921875 0.0439453125
0 0.453125 0.52490234375 0.04296875 0.0419921875
0 0.31298828125 0.52978515625 0.0478515625 0.0478515625
0 0.57470703125 0.52880859375 0.0400390625 0.0400390625
0 0.62158203125 0.6142578125 0.0439453125 0.04296875
0 0.47119140625 0.61865234375 0.0361328125 0.0361328125
0 0.29052734375 0.64697265625 0.0439453125 0.0439453125
0 0.396484375 0.685546875 0.03515625 0.041015625
0 0.6533203125 0.71484375 0.048828125 0.041015625
0 0.44384765625 0.76513671875 0.0341796875 0.0341796875
0 0.72705078125 0.93408203125 0.0439453125 0.0439453125
