0 0.54931640625 0.02978515625 0.0458984375 0.0458984375
0 0.27099609375 0.04541015625 0.0517578125 0.0517578125
0 0.1591796875 0.12939453125 0.0546875 0.0654296875
0 0.80126953125 0.16943359375 0.0439453125 0.0439453125
0 0.38916015625 0.27099609375 0.0439453125 0.0439453125
0 0.50146484375 0.306640625 0.0400390625 0.0546875
0 0.15673828125 0.38720703125 0.0556640625 0.0556640625
0 0.35888671875 0.39013671875 0.0439453125 0.0439453125
0 0.2392578125 0.42578125 0.05859375 0.06640625
0 0.47216796875 0.42333984375 0.0322265625 0.0322265625
0 0.68212890625 0.48193359375 0.0439453125 0.0458984375
0 0.4521484375 0.52197265625 0.044921875 0.0458984375
0 0.31298828125 0.53076171875 0.0478515625 0.0478515625
0 0.57275390625 0.52880859375 0.0400390625 0.0400390625
0 0.61669921875 0.61474609375 0.0419921875 0.0419921875
0 0.4580078125 0.6181640625 0.037109375 0.037109375
0 0.28662109375 0.65478515625 0.0419921875 0.0439453125
0 0.392578125 0.68408203125 0.03515625 0.0380859375
0 0.6630859375 0.716796875 0.04296875 0.04296875
0 0.4443359375 0.7685546875 0.0390625 0.0390625
0 0.72607421875 0.93310546875 0.0439453125 0.0439453125
