0 0.5478515625 0.0283203125 0.048828125 0.046875
0 0.27490234375 0.04833984375 0.0517578125 0.0517578125
0 0.16748046875 0.1240234375 0.0576171875 0.0625
0 0.80126953125 0.16943359375 0.0439453125 0.0439453125
0 0.39111328125 0.2646484375 0.0458984375 0.046875
0 0.49951171875 0.30322265625 0.0400390625 0.0498046875
0 0.15869140625 0.38427734375 0.0517578125 0.0517578125
0 0.361328125 0.38818359375 0.046875 0.0439453125
0 0.24169921875 0.4248046875 0.0615234375 0.07421875
0 0.46630859375 0.42236328125 0.0439453125 0.0439453125
0 0.68798828125 0.48193359375 0.0439453125 0.0458984375
0 0.45263671875 0.52197265625 0.0439453125 0.0439453125
0 0.30615234375 0.52783203125 0.0478515625 0.0478515625
0 0.572265625 0.52587890625 0.041015625 0.0400390625
0 0.61572265625 0.61474609375 0.0419921875 0.0419921875
0 0.45263671875 0.61865234375 0.0361328125 0.0380859375
0 0.28857421875 0.65576171875 0.0419921875 0.0439453125
0 0.38916015625 0.68505859375 0.0341796875 0.0380859375
0 0.662109375 0.7138671875 0.041015625 0.044921875
0 0.44140625 0.76904296875 0.0390625 0.0380859375
0 0.72607421875 0.93310546875 0.0439453125 0.0439453125
