0 0.54638671875 0.02783203125 0.0458984375 0.0458984375
0 0.27490234375 0.04833984375 0.0517578125 0.0517578125
0 0.16796875 0.12255859375 0.056640625 0.0673828125
0 0.80126953125 0.17041015625 0.0439453125 0.0439453125
0 0.38037109375 0.26123046875 0.0458984375 0.0458984375
0 0.49951171875 0.3056640625 0.0400390625 0.048828125
0 0.1572265625 0.3896484375 0.0546875 0.060546875
0 0.3603515625 0.38623046875 0.044921875 0.0439453125
0 0.2412109375 0.42236328125 0.0625 0.0732421875
0 0.46728515625 0.42138671875 0.0322265625 0.0322265625
0 0.68994140625 0.48193359375 0.0439453125 0.0458984375
0 0.44775390625 0.51904296875 0.0439453125 0.0439453125
0 0.31201171875 0.52392578125 0.0478515625 0.0478515625
0 0.57470703125 0.52294921875 0.0400390625 0.0400390625
0 0.60986328125 0.61083984375 0.0419921875 0.0419921875
0 0.45263671875 0.61669921875 0.0361328125 0.0361328125
0 0.2890625 0.65478515625 0.041015625 0.0439453125
0 0.39111328125 0.68505859375 0.0380859375 0.0439453125
0 0.666015625 0.7109375 0.041015625 0.04296875
0 0.43603515625 0.77099609375 0.0380859375 0.0380859375
0 0.72509765625 0.93310546875 0.0439453125 0.0439453125
