0 0.54638671875 0.02783203125 0.0458984375 0.0458984375
0 0.27392578125 0.04833984375 0.0517578125 0.0517578125
0 0.1708984375 0.11474609375 0.0546875 0.0693359375
0 0.8017578125 0.1748046875 0.044921875 0.044921875
0 0.38427734375 0.26123046875 0.0458984375 0.0458984375
0 0.49951171875 0.30224609375 0.0380859375 0.0478515625
0 0.158203125 0.38330078125 0.052734375 0.0517578125
0 0.3603515625 0.38525390625 0.044921875 0.0439453125
0 0.23681640625 0.419921875 0.0615234375 0.0703125
0 0.46533203125 0.41748046875 0.0322265625 0.0322265625
0 0.68994140625 0.482421875 0.0439453125 0.044921875
0 0.31494140625 0.51708984375 0.0478515625 0.0478515625
0 0.44775390625 0.51904296875 0.0439453125 0.0439453125
0 0.57470703125 0.5224609375 0.0400390625 0.041015625
0 0.60986328125 0.61083984375 0.0419921875 0.0419921875
0 0.45263671875 0.61279296875 0.0380859375 0.0380859375
0 0.28662109375 0.6533203125 0.0419921875 0.044921875
0 0.39111328125 0.68310546875 0.0341796875 0.0400390625
0 0.66650390625 0.7109375 0.0478515625 0.044921875
0 0.4384765625 0.77001953125 0.0390625 0.0380859375
0 0.72509765625 0.93212890625 0.0439453125 0.0439453125
