0 0.54443359375 0.02685546875 0.0458984375 0.0458984375
0 0.27392578125 0.05029296875 0.0537109375 0.0517578125
0 0.1748046875 0.111328125 0.056640625 0.0703125
0 0.80517578125 0.1708984375 0.0439453125 0.046875
0 0.38134765625 0.25341796875 0.0458984375 0.0458984375
0 0.50146484375 0.31103515625 0.0419921875 0.0498046875
0 0.361328125 0.38037109375 0.044921875 0.0439453125
0 0.15673828125 0.38525390625 0.0458984375 0.0458984375
0 0.236328125 0.4130859375 0.05859375 0.0703125
0 0.46533203125 0.4111328125 0.0439453125 0.044921875
0 0.69091796875 0.4814453125 0.0439453125 0.044921875
0 0.31591796875 0.51611328125 0.0478515625 0.0478515625
0 0.4501953125 0.52197265625 0.044921875 0.0439453125
0 0.58251953125 0.52001953125 0.0400390625 0.0400390625
0 0.45361328125 0.609375 0.0361328125 0.041015625
0 0.61083984375 0.61328125 0.0439453125 0.044921875
0 0.291015625 0.6630859375 0.041015625 0.04296875
0 0.3916015625 0.68798828125 0.0390625 0.0439453125
0 0.67333984375 0.7080078125 0.0439453125 0.044921875
0 0.44189453125 0.76611328125 0.0380859375 0.0380859375
0 0.724609375 0.93212890625 0.044921875 0.0439453125
