0 0.544921875 0.02978515625 0.046875 0.0458984375
0 0.27587890625 0.0458984375 0.0517578125 0.0546875
0 0.18359375 0.11181640625 0.05859375 0.0693359375
0 0.80419921875 0.17529296875 0.0439453125 0.0439453125
0 0.38330078125 0.25732421875 0.0458984375 0.0478515625
0 0.50537109375 0.30810546875 0.0400390625 0.0517578125
0 0.35791015625 0.37744140625 0.0439453125 0.0439453125
0 0.23583984375 0.42333984375 0.0615234375 0.0751953125
0 0.46533203125 0.40966796875 0.0439453125 0.0439453125
0 0.68798828125 0.4775390625 0.0419921875 0.04296875
0 0.31591796875 0.51904296875 0.0478515625 0.0478515625
0 0.58251953125 0.51904296875 0.0400390625 0.0400390625
0 0.45166015625 0.5234375 0.0439453125 0.044921875
0 0.45458984375 0.61376953125 0.0400390625 0.0400390625
0 0.61865234375 0.61669921875 0.0458984375 0.0458984375
0 0.28662109375 0.6650390625 0.0458984375 0.044921875
0 0.39306640625 0.69091796875 0.0341796875 0.0439453125
0 0.67529296875 0.7080078125 0.0439453125 0.044921875
0 0.43994140625 0.76611328125 0.0380859375 0.0380859375
0 0.72705078125 0.92919921875 0.0439453125 0.0439453125
