0 0.544921875 0.02978515625 0.046875 0.0458984375
0 0.28857421875 0.03759765625 0.0517578125 0.0517578125
0 0.19482421875 0.1005859375 0.0556640625 0.068359375
0 0.80419921875 0.1767578125 0.0439453125 0.044921875
0 0.37744140625 0.25146484375 0.0458984375 0.0458984375
0 0.51318359375 0.30810546875 0.0380859375 0.0478515625
0 0.1455078125 0.36865234375 0.017578125 0.0205078125
0 0.36083984375 0.38232421875 0.0458984375 0.0439453125
0 0.23291015625 0.4169921875 0.0595703125 0.0625
0 0.46630859375 0.40869140625 0.0439453125 0.0439453125
0 0.693359375 0.4755859375 0.04296875 0.044921875
0 0.31591796875 0.52099609375 0.0478515625 0.0478515625
0 0.45947265625 0.52294921875 0.0439453125 0.0439453125
0 0.5732421875 0.52978515625 0.041015625 0.0419921875
0 0.44580078125 0.603515625 0.0419921875 0.044921875
0 0.62451171875 0.62255859375 0.0439453125 0.0439453125
0 0.28076171875 0.6650390625 0.0400390625 0.044921875
0 0.39111328125 0.6982421875 0.0341796875 0.041015625
0 0.68994140625 0.7060546875 0.0498046875 0.044921875
0 0.44677734375 0.76806640625 0.0400390625 0.0400390625
0 0.72900390625 0.9345703125 0.0458984375 0.046875
